SnowAccumulation_R/test/tmin/final_tmin_21_04_2009.asc
NCOLS 97 
NROWS 69 
XLLCORNER 52512.810182332 
YLLCORNER 5316225.2758522 
CELLSIZE 10000 
NODATA_value -9999 
[rows 0 to 19 of 69, columns 47 to 93 of 97]
-9999 -9999 -9999 -9999 -9999 -9999 -9999 -9999 -9999 -9999 -9999 -9999 -9999 -9999 -9999 -9999 -9999 -9999 -9999 -9999 -9999 -9999 -9999 -9999 -9999 -9999 -9999 -9999 -9999 -9999 -9999 -9999 -9999 -9999 -9999 -9999 -9999 -9999 -0.800000011920929 -0.680000007152557 -0.579999983310699 -0.46000000834465 -0.430000007152557 -0.400000005960465 -9999 -9999 -9999
-9999 -9999 -9999 -9999 -9999 -9999 -9999 -9999 -9999 -9999 -9999 -9999 -9999 -9999 -9999 -9999 -9999 -9999 -9999 -9999 -9999 -9999 -9999 -9999 -0.819999992847443 -0.980000019073486 -1.19000005722046 -1.28999996185303 -1.19000005722046 -1.12000000476837 -1.12999999523163 -1.11000001430511 -1.02999997138977 -0.990000009536743 -0.959999978542328 -1.02999994887599 -1.04999995231628 -0.760000147862571 -0.620000004768372 -0.509999990463257 -0.379999995231628 -0.349999994039536 -0.239999994635582 -0.209999993443489 -9999 -9999 -9999
1.44000005722046 1.39999997615814 1.27999997138977 1.04999995231628 0.850000023841858 0.660000026226044 0.430000007152557 0.28999999165535 0.109999999403954 -0.109999999403954 -0.280000001192093 -0.439999997615814 -0.529999971441284 -0.709999978542328 -0.759999990463257 -0.730000019073486 -0.740000009536743 -0.740000009536743 -0.750000000032224 -0.800000011920929 -0.779999971389771 -0.759999990463257 -0.740000004189811 -0.639999985770177 -0.6700000166893 -0.790000021457672 -1.04999995231628 -1.26999998092651 -1.23000001907349 -1.10000002384186 -1.07000005245209 -1.02999997138977 -0.930000007152557 -0.889999985694885 -0.810000019130272 -0.790000021457672 -0.819999775280084 -0.540000021457672 -0.409999996423721 -0.360000014305115 -0.280000001192093 -0.159999996423721 -0.100000001490116 -0.0700000002980232 -9999 -9999 -9999
1.71000003814702 1.62000000476837 1.48000001907349 1.21000003814697 1 0.790000021457672 0.670000016685011 0.409999996423721 0.0799999982118607 -0.100000001490116 -0.28999999165535 -0.46000000834465 -0.560000002384186 -0.740000009536743 -0.839999973773956 -0.699999988079071 -0.649999976158142 -0.639999985694885 -0.660000026226044 -0.689999997615814 -0.720000028610229 -0.660000022102936 -0.569999992847443 -0.550000011920929 -0.560000002384186 -0.600000023841858 -0.839999973773956 -1.11000001430511 -1.07000005628594 -0.97000002861023 -0.879999995231628 -0.920000016689301 -0.850000023841858 -0.810000002384186 -0.759999990463257 -0.669999949202274 -0.519999980926514 -0.400000005960465 -0.270000010728836 -0.209999993443489 -0.109999999403954 0.0199999995529652 0.0299999993294477 0.0500000007450581 -9999 -9999 -9999
1.98000001907349 1.9099999666214 1.6599999666214 1.44000005722046 1.17999994754791 0.949999988079071 0.829999983306019 0.560000002384186 0.180000007152557 -0.109999999403954 -0.319999992847443 -0.449999988079071 -0.529999971389771 -0.620000004768372 -0.649999976158142 -0.610000014305115 -0.560000002384186 -0.540000021457672 -0.519999980926514 -0.550000011920929 -0.46000000834465 -0.479999989271164 -0.38999998572527 -0.409999996423721 -0.419999986886978 -0.469999998807907 -0.610000014305115 -0.860000014305115 -0.949999988079071 -0.850000023841858 -0.790000021457672 -0.800000011920929 -0.740000009536743 -0.740000009536743 -0.76999988389735 -0.569999992847443 -0.419999986886978 -0.28999999165535 -0.150000067992421 -0.0599999986588955 0.0599999986588955 0.140000000596046 0.280000001192093 0.289999937653488 -9999 -9999 -9999
2.23000001907349 2.21000003814697 2.01999998092651 1.73000001907349 1.49000000953674 1.25 1.05999994277954 0.720000028610229 0.310000002384186 -0.0299999993294477 -0.239999994635582 -0.310000002402914 -0.400000005960464 -0.46000000834465 -0.479999989271164 -0.560000002384186 -0.5 -0.430000007152557 -0.360000009959097 -0.230000004172325 -0.280000001192093 -0.340000003576279 -0.310000002384186 -0.25 -0.300000011920929 -0.370000004768372 -0.409999996423721 -0.469999998807907 -0.649999976158142 -0.699999988079071 -0.660000026226044 -0.670000016689301 -0.64999998480706 -0.620000004768372 -0.479999989271164 -0.430000007152557 -0.319999992847443 -0.170000062725196 -0.0900000035762787 0.100000001490116 0.219999998807907 0.319999992847443 0.459999816085315 0.529999971389771 -9999 -9999 -9999
2.58999991416931 2.55999994277954 2.34999990463257 2.09999990463257 1.91999995708466 1.66999995708466 1.49000000953674 0.980000019073487 0.490000009536743 0.0599999986588955 -0.170000001788139 -0.21999999881167 -0.280000001192093 -0.280000001192093 -0.349999994039536 -0.419999986886978 -0.389999982791563 -0.239999994635582 -0.0900000035762787 -0.0599999986588955 -0.0700000002980232 -0.189999997615814 -0.25 -0.100000001490116 -0.140000000596046 -0.219999998807907 -0.28999999165535 -0.310000002384186 -0.400000005960465 -0.490000009536743 -0.529999971389771 -0.589999973773956 -0.579999983310699 -0.409999996423721 -0.370000004768372 -0.259999990463257 -0.170000001788139 -0.0700000002980232 0.0700000002980232 0.25 0.389999985694885 0.5 0.540000021457672 0.709999978542328 -9999 -9999 -9999
3.0099999904632 2.9300000667572 2.72000002861023 2.53999996185303 2.32999992370606 2.0699999332428 1.87999999523163 1.35000002384186 0.689999997615814 0.119999997317791 -0.0599999986588955 -0.0700000002980232 -0.109999999403954 -0.109999999403954 -0.159999994764663 0.0500000007450581 0.0299999993294477 -0.0199999995529652 -0.00999999977648258 0.119999997317791 0.109999999403954 0.0599999985933769 -0.0900000035762787 0.0399999991059303 0.0199999995529652 -0.0700000002980232 -0.109999999403954 -0.200000002980232 -0.230000004172325 -0.360000014305115 -0.389999985694885 -0.409999996423721 -0.349999994039536 -0.349999994039536 -0.280000001192093 -0.140000000596046 -0.0799999982118607 0.0900000035762787 0.219999998807907 0.349999994039536 0.509999990463257 0.569999992847443 0.720000028610229 0.9200000166893 -9999 -9999 -9999
3.44000005722046 3.32999992370605 3.1800000667572 2.97000002861023 2.78999996185303 2.52999997138977 2.33999991416931 1.75 0.959999978542328 0.150000005960464 0.159999996423721 0.180000007152557 0.170000002809614 0.439999997615814 0.349999994039536 0.270000010728836 0.239999994635582 0.180000007152557 0.189999997615814 0.25 0.28999999165535 0.25 0.119999997317791 0.150000005960464 0.159999996423721 0.109999999785191 0.0500000007450581 -0.0500000007450581 -0.119999997317791 -0.189999997615814 -0.219999997979978 -0.129999995231628 -0.259999990463257 -0.270000010728836 -0.150000005960465 -0.0100000296595521 0.0700000002980232 0.219999998807907 0.330000013113022 0.5 0.579999983310699 0.75 0.849999972536357 0.899999976158142 -9999 -9999 -9999
3.79999995231628 3.75 3.54999995231628 3.38000011444092 3.1800000667572 3.05999994277665 2.73000001907349 2.1800000667572 1.49000000953674 0.829999983310699 0.660000027146016 1.0900000333786 0.920000016689301 0.800000011920929 0.620000004768372 0.550000011872954 0.469999998807907 0.449999988079071 0.349999994039536 0.28999999165535 0.340000003651378 0.400000005960464 0.28999999165535 0.300000011920929 0.270000010728836 0.280000001192093 0.25 0.159999996423721 0.0599999986588955 -0.0399999991059303 0.0900000035762787 -0.00999999977648258 -0.119999997317791 -0.159999996423721 -0.0199999995529652 0.0399999991059303 0.170000001788139 0.379999995231628 0.479999989271164 0.639999936123963 0.699999988079071 0.770000002954286 0.8299999833107 0.870000004768372 0.819999992847443 -9999 -9999
4.09000015258789 4.07000017166138 3.89000010490417 3.71000003814697 3.51999998092651 3.40000009536458 3.07999992375914 2.65000009549898 2.76999998092651 2.20000004768372 1.9600000381023 1.61000001430511 1.35000002384186 1.1599999666214 1.03999996185303 0.899999976158142 0.730000019073486 0.6700000166893 0.529999971389771 0.419999986886978 0.419999986886978 0.370000004768372 0.419999986886978 0.46000000834465 0.419999986886978 0.419999986886978 0.409999996423721 0.340000003576279 0.230000004172325 0.28000000443086 0.219999998807907 0.140000000596046 0.0299999993294477 0.0500000007450581 0.0900000035762787 0.150000005960465 0.340000003576279 0.469999998807907 0.629999995231628 0.670000016689301 0.740000009536743 0.819999992847443 0.800000011920929 0.790000021457672 0.730000019073486 -9999 -9999
4.36999988555971 4.26000022888291 4.11000013351548 3.98000001907658 3.98000001907349 3.86999988555908 3.72000002861023 3.52999997138977 3.32999992370605 2.69000005722046 2.4300000667572 2.04999995231628 1.73000001907349 1.5 1.36000001430511 1.26999998092651 1.02999997138977 0.930000007152557 0.769999980926514 0.639999985694885 0.579999983310699 0.46000000834465 0.490000009536743 0.529999971389771 0.600000023841858 0.600000023841858 0.550000011920929 0.509999990463257 0.569999992847443 0.5 0.349999994039536 0.270000010728836 0.209999993443489 0.220000002717476 0.270000010728836 0.28999999165535 0.430000007152557 0.550000011920929 0.610000014305115 0.75 0.870000004768372 0.810000002384186 0.730000111668893 0.689999997615814 0.589999973773956 -9999 -9999
4.82999992370599 4.65999984741211 4.48999977111816 4.26000022888184 4.1399998664856 4.03999996185303 3.9300000667572 3.75999999046326 3.48000001907349 3.00999999046326 2.76999998092651 2.35999989509583 2.0699999332428 1.82000005245209 1.73000001896774 1.53999996185303 1.3400000333786 1.20000004768372 1.08000004291534 1.01999998070661 0.839999973773956 0.699999988079071 0.610000014305115 0.589999973773956 0.730000019073486 0.769999980926514 0.710000010113092 0.850000023841858 0.810000002384186 0.649999976158142 0.509999990463257 0.409999996423721 0.419999986886978 0.360000014305115 0.349999994039536 0.379999995231628 0.479999989271164 0.619999882735255 0.689999997615814 0.820000072364016 0.899999976158142 0.779999971389771 0.720000028610229 0.589999973773956 0.449999988079071 -9999 -9999
4.78000020980835 4.73000001907349 4.55999994277954 4.36999988555908 4.23999977111816 4.19000005722046 3.95000004768372 3.76999998092651 3.58999991416931 3.21000003814697 3.00999999046326 2.64000010490417 2.33999991416931 2.09999990463257 1.99999999988388 1.78999996185303 1.62000000476837 1.5 1.37000000476837 1.29999995231628 1.12000000476837 0.959999978542328 0.850000023841858 0.850000023841858 0.930000007152557 0.96000000109412 1.0900000333786 1.04999995231628 0.939999997615814 0.779999971389771 0.660000026226044 0.579999983310699 0.550000011920929 0.46000000834465 0.400000005960464 0.389999985694885 0.589999973773956 0.6700000166893 0.750000040616359 0.889999985694885 0.889999985694885 0.8299999833107 0.629999995231628 0.5 0.310000002384186 -9999 -9999
4.82999992370605 4.6399998664856 4.59000015258789 4.46999979019165 4.32999992370605 4.23000001907349 4.01999998092651 3.78999996185303 3.63000011444092 3.44000005719048 3.14000010490417 2.88000011444092 2.59999990463257 2.32999992370605 2.20000004768372 2.02999997138977 1.82000005245209 1.69000005722046 1.64999997605174 1.51999998092651 1.3400000333786 1.19000005722046 1.10000002384186 1.10000002384186 1.1599999855402 1.25999999046326 1.25 1.22000002861023 1.04999995231628 0.910000026226044 0.810000002384186 0.649999976158142 0.589999973773956 0.579999983310699 0.509999990463257 0.550000011920929 0.560000002384186 0.730000019073486 0.680000007152557 0.790000021457672 0.770000003008415 0.720000028610229 0.529999971389771 0.400000005960465 0.189999997616712 -9999 -9999
4.78999996185303 4.67000007629394 4.53999996185303 4.42999982833862 4.32000017166138 4.23999977111816 4.1100001335144 3.85999989509583 3.61999988555908 3.51999998092651 3.27999997138977 3.01999998092651 2.73000001907349 2.48000001907349 2.42000007629395 2.26999998092651 2.00999999046326 1.91999995708466 1.87000000476837 1.75999999046326 1.62999999523163 1.47000002861023 1.36000001430511 1.57000005245209 1.36000001430511 1.37000000476837 1.26999998092651 1.21000003814697 1.10000002384186 1 0.899999976158142 0.839999973773956 0.740000009536743 0.639999985694885 0.620000004768372 0.550000024241151 0.620000004768372 0.709999978542328 0.699999988079071 0.709999978542328 0.689999997615814 0.629999995231629 0.46000000834465 0.330000013113022 0.209999993443489 -9999 -9999
4.67999982833862 4.6100001335144 4.48999977111816 4.3899998664856 4.36000013351399 4.26000022888184 4.15000009536743 3.9300000667572 3.6800000667572 3.5699999332428 3.34999990463257 3.11999988555908 2.89000010490417 2.76999998082988 2.57999992370605 2.46000003814697 2.33999991416931 2.16000008583069 2.11999988555908 2.02999997138977 1.89999997615814 1.7300000301207 1.86000001430511 1.70000004768372 1.51999998092651 1.45000004768372 1.2599999911762 1.21000003814697 1.11000001430511 1.04999995231628 0.980000019073486 0.930000007152557 0.829999983310699 0.75 0.699999988079071 0.660000026226044 0.75 0.769999980926514 0.75 0.720000028610229 0.629999995231629 0.560000002384186 0.409999996423721 0.330000013113022 0.189999997615814 -9999 -9999
4.57999992370605 4.48999977111816 4.3899998664856 4.3600001335144 4.3400001525877 4.23000001907349 4.1399998664856 4.01000022888184 3.80999994277954 3.67000007629395 3.4300000667572 3.22000002861023 3.01999998092651 2.92000007629394 2.73000001907349 2.60999989509583 2.49000000953674 2.50999999042483 2.41000008583069 2.25 2.14000011349541 2.17000007629395 2.05999994277954 1.82000005245209 1.5900000333786 1.45000004768372 1.3400000333786 1.20000004768372 1.12000000476837 1.0900000333786 1.05999994277954 0.980000019073487 0.870000004768372 0.790000021457672 0.779999980451455 0.770000021335911 0.769999980926514 0.829999983310699 0.770000000013646 0.720000028610229 0.600000023841858 0.529999971389771 0.41000010864854 0.330000013113022 0.200000002980232 -9999 -9999
4.5 4.40999984741211 4.34000015258789 4.28999996185303 4.28000020980814 4.23000001907349 4.13000011444092 4.01000022888184 3.92000007629395 3.78999996185303 3.53999996185303 3.29999995231628 3.15000009536743 3.05999994277954 2.89000010490417 2.75 2.64000010490417 2.60999989509583 2.68000006871982 2.76999998092651 2.60999989509582 2.4999999996669 2.25 1.99000000953674 1.69000005722046 1.4400000578681 1.33000004291534 1.19000005722046 1.12000000476837 1.12999999523163 1.10000002384186 0.980000019073486 0.9200000166893 0.879999995231629 0.860000041434422 0.860000014305115 0.839999973773956 0.860000014305115 0.790000021457672 0.660000026226044 0.560000002384186 0.5 0.439999997615814 0.349999994039536 0.259999990463257 -9999 -9999
4.40000009536743 4.44999980926514 4.3899998664856 4.34000015258789 4.30000019073486 4.26000022888184 4.13000011444092 4.05999994277954 4.01999998092082 3.85999989509583 3.67000007629395 3.46000003814697 3.28999996185303 3.22000002861023 3.04999995231628 2.97000002861023 2.83999991745697 3.08999991416931 3 2.95000004768372 2.79999995231628 2.71000003814697 2.45000004768372 2.15000009536743 1.80999994277954 1.62000000476837 1.32000005245209 1.17999994754791 1.16999995708466 1.17999994754791 1.11000001430511 1.03999996185303 1.01999998092651 0.970000045613952 0.97000002861023 0.930000007152557 0.889999985694885 0.889999985694885 0.759999990463257 0.629999995231628 0.529999971389771 0.5 0.439999997615814 0.400000005960464 0.350000285455008 0.439999997615814 -9999
