SnowAccumulation_R/test/tmin/final_tmin_10_04_2009.asc
NCOLS 97 
NROWS 69 
XLLCORNER 52512.810182332 
YLLCORNER 5316225.2758522 
CELLSIZE 10000 
NODATA_value -9999 
[rows 0 to 19 of 69, columns 0 to 44 of 97]
-9999.000000000000000 -9999 -9999 -9999 -9999 -9999 -9999 -9999 -9999 -9999 -9999 -9999 -9999 -9999 -9999 -9999 -9999 -9999 -9999 -9999 -9999 -9999 -9999 -9999 -9999 -9999 -9999 -9999 -9999 -9999 -9999 -9999 -9999 -9999 -9999 -9999 -9999 -9999 -9999 -9999 -9999 -9999 -9999 -9999 -9999
-9999 -9999 -9999 -9999 -9999 -0.720000028610229 -1.32000005245209 -1.49000000953674 -1.6599999666214 -1.04999995231628 -1.10000002384186 -0.819999992847443 -0.439999930892682 0.200000002980232 -0.180000007152557 -0.25 -0.0599999986588955 -0.0500000007450581 -0.0799999982711947 -9999 -9999 -9999 -9999 -9999 -9999 -9999 -9999 -9999 -9999 -9999 -9999 -9999 -9999 -9999 -9999 -9999 -9999 -9999 -9999 -9999 -9999 -9999 -9999 -9999 -9999
-9999 -9999 -9999 -9999 -9999 -2.03999996185303 -1.98000001907349 -1.71000003814697 -1.49000000953674 -0.839999973773956 -0.689999997615814 -0.0500000007450581 0.219999998807907 0.109999986855411 -0.230000004172325 -0.00999999977648258 0.0399999991059303 0.00999999977648258 0.0399999991059303 -0.119999985266617 -0.180000007152557 -0.180000007152557 -0.25 -0.349999994039536 -0.439999997615814 -0.649999976158142 -0.870000004768372 -1.11000001430511 -1.41999995708466 -1.85000002384186 -2.02999997138977 -2.17000007629395 -2.03999996185303 -1.63999998569489 -1.20000004768372 -0.740000009536743 -0.579999983310699 -0.25 -0.0399999991059303 0.180000007152557 0.310000002384186 0.40000000596046 0.439999997615814 0.419999986886978 0.529999971389771
-9999 -9999 -9999 -9999 -9999 -1.6599999666214 -1.32000005245209 -1.24000000953674 -1.15999987877233 -0.509999990463257 -0.330000013113022 -0.300000011920929 0.0599999986588955 -0.150000005960465 -0.25 -0.170000001788139 -0.119999997317791 -0.100000001490116 0.0799999982118607 0.0500000007862211 0.100000001490116 0.0399999991059303 -0.0299999993294477 -0.159999996423721 -0.370000004573894 -0.490000009536743 -0.790000021457672 -1.13999998569489 -1.60000002384186 -2.05999994277954 -2.25 -2.32999992370605 -2.13000011444092 -1.74000000953674 -1.27999997138977 -0.779999971389771 -0.540000021457672 -0.209999993443489 -0.0299999993294477 0.180000007152557 0.319999992847443 0.379999995231637 0.340000003576279 0.389999985694885 0.509999990463257
-9999 -9999 -9999 -9999 -9999 -1.39999997615814 -1.23000001907349 -0.970000081256634 -0.779999971389771 -0.649999934836439 -0.300000011920929 -0.159999996423721 -0.0900000035762787 -0.0500000007450581 -0.039999999864705 -0.0500000007450581 -0.159999996423721 -0.150000005960464 0.109999999403954 0.170000001788139 0.230000004172325 0.370000004768372 0.130000004665181 0.0399999991059303 -0.159999996423721 -0.300000011920929 -0.680000007152557 -1.11000001430511 -1.6599999666214 -2.28999996185303 -2.58999991414281 -2.54999995231628 -2.29999995231628 -1.79999995231628 -1.30999994277954 -0.769999980926514 -0.540000021457672 -0.140000000596046 0.0199999995529652 0.25 0.419999986886978 0.379999995231628 0.370000004768372 0.469999998807907 0.490000009536743
-9999 -9999 -9999 -9999 -9999 -1.24000000953674 -1.12000000476837 -1.01999998092651 -0.860000006961061 -0.469999998807907 -0.540000021457672 -0.389999985694885 -0.259999990463257 -0.159999996423721 -0.0900000035762787 -0.0500000007450581 -0.0500000007450581 -0.0199999995529652 0.140000000596046 0.340000003576279 0.389999985694885 0.439999997615814 0.46000000834465 0.46000000834465 0.0500000007450581 -0.310000002096972 -0.529999971389771 -1 -1.61000001430511 -2.33999991416931 -2.75 -2.63000011444092 -2.38000011444092 -1.80999994277954 -1.24000000953674 -0.720000028610229 -0.270000010734917 -0.0900000035762787 0.119999997317791 0.280000001192093 0.310000002384186 0.25 0.259999990463257 0.370000004768372 0.389999985694885
-9999 -9999 -9999 -9999 -9999 -1.26999998092651 -1.24000000953674 -1.05999994277954 -1.12000000476837 -0.780000106045156 -0.709999978542328 -0.639999985694885 -0.490000009536743 -0.360000014305115 -0.270000010728836 -0.209999993443489 -0.189999997615814 -0.150000005960464 0.219999998807907 0.379999995231628 0.560000002367544 0.579999983310699 0.579999983310699 0.579999983310699 0.310000002384186 -0.230000004494144 -0.449999988079071 -0.860000014305115 -1.37999999523163 -2.01999998092651 -2.39000010490418 -2.38000011444092 -2.19000005722046 -1.72000002861023 -1.11000001430511 -0.569999992847443 -0.159999996428986 -0.0199999995529652 0.159999996423721 0.239999994635582 0.230000004172325 0.330000013113022 0.280000001192093 0.25 0.259999990463257
-9999 -9999 -9999 -9999 -9999 -1.25999999046326 -1.17999993878931 -1.12999999523163 -1.25 -1.25999999046326 -0.840000009319586 -0.810000002384186 -0.769999980926514 -0.670000016689301 -0.419999986886978 -0.259999990463257 -0.140000000462512 -0.0299999993294477 0.189999997615814 0.469999998807907 0.560000002384186 0.569999992847443 0.569999992847443 0.430000007152557 0.119999997317791 -0.419999986886978 -0.699999988079071 -0.83999997517434 -1.16999995708466 -1.75 -1.99000000953674 -1.97000002862285 -1.87999999523163 -1.53999996185303 -0.97000002861023 -0.439999997615814 -0.0799999982155685 0.0399999991059303 0.119999997317791 0.119999997317791 0.150000005960464 0.200000002980232 0.270000010728836 0.129999995231628 0.140000000596046
-9999 -9999 -9999 -9999 -9999 -1.28999996185303 -1.24000000953674 -1.0900000333786 -1.25 -1.19000005722046 -1.02999997138977 -0.810000040115522 -0.75 -0.629999995231628 -0.490000009536743 -0.25 -0.0700000002980232 0.0700000002980232 0.200000002980232 0.490000009536743 0.540000021457672 0.479999989302535 0.46000000834465 0.209999993443489 -0.109999999403954 -0.620000004768372 -1.12000000446497 -1.29999995231628 -1.38999998569489 -1.5499999515377 -1.63999998569489 -1.60000002384186 -1.53999996185303 -1.24000000953674 -0.800000011920929 -0.400000005960465 -0.0799999982118607 0.0399999991059303 0.0700000002980232 0.0199999995529652 0.0500000007450581 0.0700000002980232 0.119999997317791 0.119999997317791 0.159999996423721
-9999 -9999 -9999 -9999 -9999 -1.4099999666214 -1.29999995231628 -1.16999995708466 -1.22000002861023 -1.25 -1.12999999523163 -1.00999999046326 -0.800000022427152 -0.579999983310699 -0.46000000834465 -0.319999992847443 0.00999999977648258 0.0599999987232353 0.209999993443489 0.360000014305115 0.409999996423721 0.259999990463257 0.170000001788139 -0.00999999977648258 -0.310000002384186 -0.779999971389771 -1.27999997138977 -1.49000000953674 -1.37000000476837 -1.12999999523163 -0.930000007152557 -1.2499999994861 -1.20000004739296 -0.959999978542328 -0.649999976158142 -0.340000003576279 -0.0700000002980232 0.0299999993294477 0.0900000035762787 0.0700000002980232 0.0799999982118607 0.119999997317791 0.119999997317864 0.239999994635582 0.25
-9999 -9999 -9999 -9999 -9999 -1.91999995708466 -1.33000004291534 -1.28999996185303 -1.28999996417987 -1.26999998092651 -1.21000003814697 -1.07000005245209 -0.759999990463257 -0.619999999143608 -0.439999997615814 -0.319999992847443 0 0.0500000007450581 0.180000007152557 0.170000001788139 0.140000000596046 0.0199999995529652 -0.119999997112056 -0.25 -0.540000021457672 -0.889999985694885 -1.20000004768372 -1.28999996185303 -1.23000001907349 -0.959999978542328 -0.740000009536743 -0.699999988079071 -0.680000007152557 -0.540000021457672 -0.499999999961071 -0.259999990449729 -0.0299999993294477 0.0500000007450581 0.129999995231628 0.219999998807907 0.170000001788139 0.150000005960464 0.129999995231628 0.159999996423721 0.129999995231628
-9999 -9999 -9999 -9999 -2.26999998092651 -2.20000004768372 -1.73000001907349 -1.37999999523163 -1.35000002384186 -1.33000004291534 -1.25 -1.17999994754791 -0.939999997615814 -0.589999973773956 -0.449999997213022 -0.259999990463257 -0.0799999982118606 0.0199999995529652 0.109999999114743 -0.0199999995529652 -0.0599999986588955 -0.189999997615814 -0.46000000834465 -0.560000002384186 -0.740000009536743 -0.970000028610229 -1.11000001430511 -1.10000002387432 -1.02999997138977 -0.800000011920929 -0.600000023841858 -0.479999989271164 -0.400000005964763 -0.389999985694885 -0.340000003576279 -0.170000001788139 -0.0299999993294477 0.0299999993294477 0.129999995230092 0.150000005959906 0.159999996423349 0.109999999403721 0.0599999986588693 0.0700000002980931 -0.00999999977648258
-9999 -9999 -9999 -9999 -2.60999989509583 -2.24000000953674 -1.73000001907349 -1.37999999523163 -1.37999999523163 -1.26999990783011 -1.07000005245209 -1.01999998092651 -0.889999985694885 -0.519999980926514 -0.5 -0.509999973883223 -0.0700000002980232 -0.0199999995529652 -0.209999993443489 -0.230000004172325 -0.360000014305115 -0.419999986886978 -0.689999997615814 -0.790000021457672 -0.939999997615814 -1.05999994277954 -1.02999997138977 -0.930000007152557 -0.8299999833107 -0.579999983310699 -0.439999997615814 -0.360000014305115 -0.219999998818668 -0.330000013113022 -0.270000010728836 -0.189999997615814 -0.0799999982118607 -0.0299999993295991 0.00999999977648258 0.0299999993294477 0.0700000002980232 0.100000001490116 0.109999999403954 0.119999997317791 0.100000001490116
-9999 -9999 -9999 -9999 -2.65000009536743 -2.15000009536743 -1.75 -1.36000001430511 -1.01999998092651 -0.879999995231628 -0.889999985694885 -0.810000002384186 -0.660000026226044 -0.550000011920929 -0.419999986886978 -0.340000003576279 -0.300000011920929 -0.25 -0.379999995231628 -0.419999986886978 -0.540000038567462 -0.709999978542328 -0.569999992847443 -0.870000004768372 -1.07000005245209 -1.12999999523163 -0.959999978542328 -0.759999990463257 -0.639999985694885 -0.400000005960464 -0.239999994635582 -0.230000004172325 -0.5 -0.370000004768372 -0.230000004172325 -0.170000001788139 -0.109999999403954 -0.0799999982120164 -0.0299999993294477 0 0.0500000007450581 0.170000001788139 0.159999996423721 0.170000001788139 0.0799999982118607
-9999 -9999 -9999 -9999 -2.99000181892028 -1.87000000476837 -2.03999992923297 -1.78999996185303 -1.0900000333786 -0.649999976158142 -0.620000004768372 -0.600000023841858 -0.550000011920929 -0.509999990463257 -0.449999988079071 -0.5 -0.479999989271164 -0.639999985694885 -0.600000029469188 -0.790000021457672 -0.829999983310699 -0.649999976158142 -0.769999980926514 -1.0900000333786 -1.16999995708466 -1.11000001430511 -0.870000004768371 -0.629999995231628 -0.289999991774061 -0.170000001788139 -0.00999999977648258 0.0299999993294477 -0.0799999982118607 -0.0900000035762787 -0.119999997317791 -0.140000000596046 -0.0799999982118607 -0.0700000002980232 -0.0500000007450581 0.0399999991059303 0.129999995231628 0.300000011920929 0.330000013113025 0.330000013113022 0.270000010728836
-9999 -9999 -9999 -9999 -4.15999984741211 -2.03000021284665 -2.10999989509583 -1.72000002861023 -1.11000001430511 -0.629999995231629 -0.449999988079071 -0.460000008344649 -0.409999996423721 -0.439999997615814 -0.449999988079071 -0.5 -0.529999971389771 -0.629999995231629 -0.75 -0.649999976158142 -1.14999997615814 -1.0599999468039 -1.1599999666214 -1.51999997989888 -1.51999998092651 -1.0900000333786 -0.75 -0.370000004768372 -0.0299999993294477 0.119999997317791 0.280000001192093 0.449999988079071 0.389999985694885 0.25 0.0500000007450581 -0.0599999986588955 0.00999999977648258 0.0500000007450581 0.0799999982118607 0.189999997615814 0.349999994039535 0.490000009536743 0.439999997615814 0.439999997615814 0.280000001192093
-9999 -9999 -9999 -9999 -3.76999998092651 -4.65999984741211 -2.95999983434131 -2.23999983771762 -1.21000003814697 -0.810000002384186 -0.419999986886978 -0.349999994039535 -0.330000013113022 -0.340000003576279 -0.360000014305115 -0.46000000834465 -0.479999989271164 -0.579999983310699 -0.819999992847443 -1.21000003814697 -1.13999998569489 -1.14999997615814 -0.879999995879931 -1.19000005722046 -1.09000003358409 -0.939999997615814 -0.46000000834465 -0.129999995231628 0.319999992847443 0.379999995231628 0.600000023841858 0.769999980926514 0.720000028610229 0.370000004792392 0.259999990463257 0.119999997317791 0.150000005960464 0.25 0.300000011920929 0.379999995231628 0.490000009536743 0.660000026226044 0.649999976158177 0.560000002384186 0.280000001192093
-9999 -9999 -9999 -9999 -4.42000007629395 -4.03000020980835 -4.19999980926514 -2.66999965904576 -1.21000003814697 -0.850000023841858 -0.680000007152557 -0.310000002384186 -0.270000006741878 -0.180000007152557 -0.259999990463257 -0.389999985694885 -0.479999989879507 -0.629999995231628 -0.949999988079071 -1.33000004291534 -1.05999994277954 -0.750000000332342 -0.469999991099234 -0.589999973773956 -0.660000026226044 -0.5 -0.0500000007450581 0.449999988079071 0.610000014305115 0.759999990463257 1.41999995708466 1.50999999046326 1.64999997615814 1.23000001907349 0.449999988079071 0.330000013113022 0.349999994039535 0.509999990463257 0.540000021457672 0.629999995231628 0.759999990463257 0.810000002384186 0.740000009536743 0.5 0.239999994635582
-9999 -9999 -9999 -9999 -4.52000053327415 -4.82000017166138 -4.46999979019165 -1.98000001907349 -1.63999998569489 -0.379999995231628 -0.579999983310699 -0.0500000007450581 -0.0299999993294477 -0.0399999991059303 -0.180000007152557 -0.259999990463257 -0.5 -0.639999988766373 -1.42999994763537 -1.10000002384186 -0.569999994106704 -0.469999998807907 -0.239999994635582 -0.150000005960464 -0.0199999995529652 0.259999990463257 0.620000004768372 0.699999988079071 0.879999995231628 1.36000001430511 1.46000003814697 1.78999996185303 1.78999996185303 1.44000005722046 0.649999976158142 0.449999988079071 0.6700000166893 0.819999992847443 0.819999992847443 0.839999973773956 0.800000011920929 0.819999992847443 0.730000019073486 0.419999986886978 0.200000002980232
-9999 -9999 -9999 -9999 -4.92000007629395 -5.21000003814697 -4.51000022888184 -3.53999996185303 -0.340000003576279 -0.230000004172325 -0.370000004768372 -0.219999998807907 -0.200000002980232 0 0.0399999991059303 -0.129999995231628 -0.349999994039536 -1.38999998569489 -1.01999998092651 -0.400000005960465 -0.180000007152557 -0.319999992847443 0.259999990463257 0.449999990065395 0.379999995231628 0.75 1.19000005722046 1.46000003814697 1.17999994754791 1.54999995231628 1.79999995231628 1.76999998092651 1.60000002384186 1.41999995708466 0.860000014305115 0.689999997615814 0.889999985694885 1.04999995231628 1.02999997138977 0.939999997615814 0.759999990463257 0.660000026226044 0.560000002384186 0.340000003576279 0.100000001490116
