SnowAccumulation_R/test/tmin/final_tmin_17_04_2009.asc
NCOLS 97 
NROWS 69 
XLLCORNER 52512.810182332 
YLLCORNER 5316225.2758522 
CELLSIZE 10000 
NODATA_value -9999 
[rows 40 to 59 of 69, columns 0 to 44 of 97]
-9999 -9999 -1.26999998092651 -5.16999944432331 -5.45999996470964 -5.11000013351441 -5.3600001335144 -4.5 -4.5 -3.29999995231628 -5.09999990463257 -4.76000022888184 -5.26000022888184 -5.30999994277954 -5.26999998092651 -5.32000017166138 -5.61999988555908 -5.61999988555908 -5.6399998664856 -5.80000019073486 -5.92999982833862 -6.55999994277954 -4.61000013530736 -4.36999988631307 -4.48999977111816 -4.15000009602806 -4.15000009204955 -3.34999990463257 -3.41000008583069 -3.49000000953674 -3.52999997138977 -3.63000011444092 -4.07000017166138 -4.55999994277954 -5.07999992370605 -5.26999998092651 -5.3899998664856 -5.25 -4.92999982833862 -5.17000007629394 -5.05000019073486 -4.80999994277954 -4.69999980926514 -4.44999980926514 -4.30999994277954
-9999 -9999 -1.12000000476837 -4.44000005722046 -4.73999973585357 -4.98999977111816 -4.53999996185303 -5.11999988555908 -4.8600001335144 -3.66000008583069 -5.03000020980835 -5.03999996185303 -5.09999990463257 -5.26999998092651 -5.28999996185303 -5.32000017166138 -5.46999979019165 -5.5 -5.53000020980835 -5.3600001335144 -5.48999977116728 -4.9499998116275 -4.59999990463257 -4.46000003814697 -4.40000009536743 -4.01000022888184 -3.83999991444507 -3.5699999332428 -3.74000000953674 -3.72000002861023 -3.64000010490417 -3.65000009536743 -3.8199999332428 -4.55000019073486 -4.76000022888184 -4.8600001335144 -5.26000022888184 -5.23000001907349 -5.17000007629395 -4.94999980926514 -4.57999992370605 -4.48999977111816 -4.51999998092651 -4.07999992370605 -4.34000015258789
-9999 -9999 -1.17999994754791 -4 -4.78999996185303 -4.79000017866324 -5.07999992370605 -4.80000019073486 -4.72999999606127 -4.15999984741211 -4.86999988555908 -4.34000016489543 -4.76000022888184 -5.19000005722046 -5.26999998092651 -5.32000017166138 -5.30000019073486 -5.44000005689948 -5.30000019146161 -5.15999984817102 -5.17000007629395 -4.90000009536743 -4.69999980926514 -4.40999984779508 -4.21999979068722 -4.01999998092651 -3.82999992370606 -4 -3.88000011444092 -4.1100001335144 -3.77999997138977 -3.6800000667572 -3.97000002861023 -4.23000001907349 -4.53000020980835 -4.61999988555908 -4.46999979019165 -4.53000020980835 -4.55999994277954 -4.67000007629395 -4.6399998664856 -4.25 -4.1399998664856 -4.07999992370605 -4.34000015258789
-9999 -9999 -2.75999999046326 -4.19000005722046 -4.26000022888184 -4.90000009536743 -4.63000013339077 -4.82999992370605 -4.15000009536743 -4.6399998664856 -4.30000019073486 -4.8600001335144 -5.07000017166138 -5.19000005722046 -5.11000013351441 -5.23999977111816 -5 -5.32999992370605 -5.09999990463257 -5.13999986648559 -5.76999998092651 -5.05000019073486 -4.57000017166138 -3.69000005722046 -3.71000003814697 -3.80999994277954 -3.91000008583069 -4.3899998664856 -4 -4.17999982833862 -3.80999994277954 -3.65000009536743 -4.05999994277954 -4.17999982833862 -4.51999998092651 -4.32000017166138 -4.13000011444092 -4.19999980926514 -4.30999994277954 -5.05000019073486 -4.44000005722046 -4.28999996185303 -4.1100001335144 -4.05999994277954 -4.01000022888184
-9999 -9999 -0.879999995231629 -3.73000001907349 -4.1100001335144 -4.98999977111816 -4.34999990463257 -4.75000022328039 -3.72000002861023 -4 -3.17000007629395 -4.42000007629395 -4.76999998092651 -4.94000005722046 -5.19999980926514 -5.15999984741211 -4.90000009536743 -5.21999979019165 -4.80999994277954 -5.07999992370605 -5.26999998092651 -4.90000009536743 -4.15000009536743 -3.29999995231628 -0.819999992847443 -3.41000008583069 -4.05999994277954 -4.17999982818843 -4.17999982833862 -4.44999980926514 -4.05999994277954 -4.09999990463257 -4.28999996185303 -4.32999992370605 -4.55000019073486 -4.19999980926514 -4.26999998092651 -4.05999994277954 -4.13000011444092 -4.25 -4.1100001335144 -4.07999992370605 -4.01000022888184 -4.01999998092651 -4.01999998092651
-9999 -9999 -0.46000000834465 -3.5600001740439 -4.46000003814697 -4.65999984741211 -4.76000023718236 -4.59999990463257 -4.6399997550936 -4.48000001060871 -3.13000011444092 -4.44999980926514 -4.75000000087157 -5.11999988555908 -5.28999996185303 -5.03000020980835 -4.90999984741211 -5.07000017166138 -4.92000007629395 -5.11999988555908 -5.19999980926514 -4.88000011444092 -4.57000017166138 -3.9300000667572 -3.60999989509583 -4.21000003814697 -4.55000019073486 -4.15000009561822 -4.32000017150231 -4.42000007629395 -4.34000015258789 -4.42999982833862 -4.40999984741211 -4.36999988555908 -4.34000015258789 -4.32999992370605 -4.30000019073486 -3.96000003814697 -3.8199999332428 -3.86999988555908 -3.79999995231628 -3.86999988555908 -3.86999988555908 -3.86999988555908 -4.01000022888184
-9999 -9999 0.0500000007450581 -4.21999979019165 -4.03000020980835 -3.90000009536743 -4.26000022888184 -4.59999990463257 -4.78999996185303 -3.93999990478041 -3.07999992370605 -4.42000007629395 -4.80000019073486 -5.05999994277954 -5.05999994277954 -5.11000013351441 -4.98000001907349 -5.1100001335144 -5.17999982833862 -5.23999977111816 -5.28000020980835 -5.15000009536743 -5.09999990463257 -4.76000022888184 -4.98000001814037 -4.98000001907349 -4.73999977374312 -4.32000017166138 -4.09000015258789 -4.23000001907349 -4.55999994277954 -4.76999998092651 -4.80000019073486 -4.67999982833862 -4.5 -4.21999979019165 -4.19999980926514 -3.75 -3.60999989509583 -3.52999997138977 -3.48000001907349 -3.5 -3.60999989509583 -3.78999996185303 -3.90000009536743
-9999 -9999 0.46000000834465 -3.99000000953674 -3.45000004768372 -3.74000000953674 -3.9300000667572 -4.67000007629395 -4.3899998664856 -3.22000002861023 -2.6600000302444 -4.21000003814697 -4.80000019073486 -4.98000001907349 -4.92999982833862 -5.03000020980835 -4.96000003814697 -5.03999996185303 -5.28999994747136 -5.30999994277954 -5.71000003814697 -5.6100001335144 -5.3899998664856 -5.07999992370606 -4.96000003849507 -4.98000001903094 -4.59999990463257 -4.69000005722046 -4.55000019073486 -4.71000003814697 -4.98999977111816 -5.17999982833862 -5.17999982833862 -5.01999998092651 -4.42000007629395 -3.98000001907349 -3.74000000953674 -3.5 -3.26999998092651 -3.3199999332428 -3.46000003814697 -3.1800000667572 -3.29999995231628 -3.72000002861023 -3.95000004768372
-9999 -2.15000009536743 0.560000002384186 -2.85999989509583 -3.74000007326179 -3.48000001907349 -4.28000020980835 -4.38999982424334 -3.71000003814697 -2.53999996185303 -2.21000003444398 -4.13999976184749 -4.84999990463257 -4.73999977111816 -4.78000020980835 -4.92000007629395 -4.92999982833862 -5 -5 -5.65999984741211 -5.92000007629394 -5.36999988555908 -5.19000005722046 -4.86999988555908 -4.88000011444092 -4.75 -4.63000011444092 -4.42999982833862 -4.51000022888184 -4.30000019073486 -5.1500000951776 -5.28000020980835 -4.8699998856509 -4.80999994277954 -4.30000019073486 -3.71000003814697 -3.30999994277954 -3.0699999332428 -3.21000003814697 -3.17000007629395 -3.34999990463257 -3.1800000667572 -3.35999989509583 -3.70000004768372 -3.9300000667572
-9999 -0.589999973773956 0.540000021457672 -3.38000011444092 -3.34999990463257 -3.80999994277954 -3 -3.1800000667572 -2.90000009536743 -2.02999997138977 -1.78999996185303 -2.04999995231628 -4.71999976711255 -4.51999998095641 -4.63999986648559 -4.80999994277954 -4.84999993305981 -5.1399998664856 -4.92999982833862 -5.7199998104936 -5.6399998664856 -5.5 -5.59000015258789 -5.44999980926514 -5.42999982833862 -4.76999998092651 -4.65999984741211 -4.46000003814697 -4.61999988555908 -5.01000022862808 -4.94999980926514 -5.01000022888184 -4.90000009536743 -4.44000005722046 -4.28000020980835 -3.66000008583069 -3.34999990463257 -3.1800000667572 -3.27999997138977 -3.34999990463257 -3.44000005722046 -3.5699999332428 -3.64000010490417 -3.74000000953674 -3.8199999332428
-9999 -3.42000007629395 -1.79999922436881 -2.95000004768372 -4.19000005722046 -3.80999994277954 -3.88000011444092 -3.85999989509582 -3.50999999046326 -2.71000003814697 -2.22000002861023 -1.97000002861023 -3.51999998092651 -4.09000015258789 -4.48999977111816 -4.69999980926514 -4.84000015258789 -5.05000019073486 -4.96999979019165 -6.13999984452324 -5.57000017166138 -5.40000009536743 -5.42999982833862 -5.25 -4.88000011444092 -4.71999979019165 -4.53999996185303 -4.09999990481036 -4.09999990463257 -4.7300000190049 -5.05000019073486 -5.51000022888184 -4.86999988555908 -4.30000019073486 -3.76999998092651 -3.39000010490417 -3.04999995231628 -3.27999997138977 -3.38000011444092 -3.42000007629394 -3.60999989509583 -3.64000010490418 -3.75 -3.69000005722046 -3.73000001907349
-9999 -2.64000039331653 1.03999996185303 -2.59999990463257 -3.94000005722046 -3.28999996185303 -3.29999995231628 -3.69000005722046 -3.86999984064289 -2.20000004768372 -2.64000010490417 -3.29999995231628 -1.73000001907349 -3.67000007629395 -4.19999980926514 -4.42000001592778 -4.63000011444092 -4.73999977111816 -4.67000007629395 -5.34000015258789 -5.36000012241961 -5.05000019073486 -5.05000019073486 -4.88000011444092 -4.46000003874714 -4.46000003814697 -3.68000006705843 -3.80999994277954 -4.2399997707115 -4.90000009536743 -4.46999979019165 -4.32000017166138 -3.82999992370606 -3.51999998092651 -3.25999999046326 -3.13000011444092 -2.88000011444092 -3.51999998092651 -3.39000010490417 -3.60999989509583 -3.89000010490417 -4.07999992370605 -3.9300000667572 -3.70000004768372 -3.53999996185303
-9999 -2.86999988555908 0.560000002384186 -0.910000026226044 -3.4300000667572 -2.5 -3.15000009536743 -3.41000008583069 -3.26999998092651 -2.32999992370606 -3.66000008583069 -3.28999996185303 -2.51999998092651 -0.579999983310699 -2.05999994277954 -3.83999991416931 -4.46000001805739 -4.48000001907349 -4.5 -4.65999984741211 -5.09999991596804 -3.71000003814697 -4.51999998092651 -4.40000009536743 -4.05999994277954 -3.8199999332428 -3.24000000953674 -3.17000007629395 -3.09999990463257 -3.15000009536743 -3.5299999714239 -2.73000001934182 -1.8400000333786 -2.76999998092651 -3.0099999904534 -3.25999999046326 -2.91000008583069 -3.75999999046326 -4.03000020980835 -4.26999998092651 -4.67000007629395 -4.59000015258789 -3.98000001907349 -3.82999992370606 -3.64000010490417
-9999 -2.64000010490417 -2.99000000953674 0.879999350301076 -3.10999989509583 -1.85000002384186 -2.44000005722046 -3.21000003814697 -2.8199999332428 -2.3199999332428 -3.26999998092651 -2.76999998092651 -2.29999995231628 0.180000007152557 -1.86000000370052 -3.16000008583069 -3.90000009536743 -3.97000002861023 -4.26000022888184 -4.19999980926514 -4.61999988555908 -4.38000011444092 -4.28999995883364 -3.84999990463257 -3.74000000953674 -3.15000009536743 -2.69000005722046 -2.57999992370605 -2.74000000953674 -2.27999997138977 -2.86999988531054 -2.76999998092651 -2.64000010490417 -2.74000000953674 -3.02999997137704 -3.16000008583069 -3.46000003814697 -3.70000004768205 -3.77999997138977 -4.05999994277954 -4.19000005722046 -4.19999980926514 -4.26000022888184 -3.82999992370605 -3.83999991416931
-9999 -2.47000002861023 -1.76999998092651 0.579999983310699 -0.899999976158142 -1.75999999046326 -2.0699999332428 -2.53999996185303 -2.24000000953674 -2.07999992370605 -3.1800000667572 -2.5699999332428 -1.87000000476837 0.100000001490116 -0.400000005960464 -3.39000010490417 -3.67000007629395 -3.90000009536743 -3.75 -4.01999996047362 -3.79999995272544 -4.38000009836284 -4.15000009536743 -3.63000011444092 -2.92000007629395 -2.78999996185303 -2.13000011444092 -1.89999997615814 -2.09999990463257 -2.07999992380262 -2.64000010490417 -2.59999990463257 -2.74000000953674 -2.88000011444092 -3.16000008583069 -3.29999995231628 -3.65000009536743 -3.81999993324165 -3.89000010490417 -4.05000019073486 -4.17000007629395 -4.26999998092651 -4.23000001907349 -4.17000007629393 -3.90000009536743
-9999 -2.20999998881424 -1.88999998569489 -0.949999988079071 1.0900000333786 -1.63999998569489 -0.889999985694885 -1.82000005245209 -2.35999989509583 -2.70000004768372 -2.64000010490417 -2.42000007629395 -2.27999997138977 -0.109999999403954 0.660000026226044 -3.11999988555908 -3.24000000953674 -3.57999992370605 -3.35999989509583 -2.97000002861023 -3.25 -3.51999997161622 -3.60999989509583 -2.90000009564363 -2.26999998092651 -2.50999999046326 -2.47000002861023 -2.0699999332428 -1.91999995674278 -1.80999994277954 -2.33999991416931 -2.32999992370605 -2.71000003814697 -2.90000009536743 -3.25999999046326 -3.47000002861023 -3.86999988555908 -3.9900000095366 -3.94000005722046 -3.98000001907349 -4.03000020980835 -4.17999982833862 -4.09999990463257 -4.07000017166138 -3.85999989509583
-9999 -5.08750009536743 -5.82499980926514 -3.37750005722046 -1.60999995377094 -2.23250007629395 -0.870000004768372 -1.52999997138977 -1.62000000476837 -1.89999997615814 -1.63999998569489 -2.58999991416931 -2.88000011402011 -0.819999992847443 0.819999992847443 -1.61000001430511 -3.10999989509583 -3.40000009536743 -3.04999995231628 -2.23000001907349 -3.02999997138977 -3.21000003814697 -3.31999992970939 -2.52999997138977 -2.53999996185303 -2.58999991416931 -3.41000008583069 -2.05999994277954 -1.98000001907349 -2.04999995231628 -2.09999990463257 -2.22000002861023 -2.67000007629395 -2.91000008583069 -3.25 -3.49000000953674 -3.99000000953674 -4.15999984741211 -4 -3.86999988555908 -3.90000009536741 -3.89000010490417 -3.91000008583069 -3.91000008583066 -3.76999998092651
-9999 -4.35500001907349 -5.36250019073486 -4.43249988555908 -1.63999998569489 -1.04250001907349 -2.9925000667572 -3.62250000547335 -6.09499979019165 -5.55499982833862 -4.90250015258789 -5.0475001335144 -6.09499979019165 -4.46999979019165 -3.52999997138977 -6.16499994104353 -7.71500015258789 -6.09749984741211 -5.63749980926514 -4.98250007629394 -4.74749994277954 -7.09250020980835 -7.07250022888184 -5.54500007629395 -2.4100001552457 -1.80999994277954 -1.44000005722046 -1.76999998092651 -2 -2.11999988555908 -2.55999994277954 -2.82999992370606 -2.82999992370605 -2.9300000667572 -3.26999998092651 -3.46000003814697 -3.80999994277954 -3.97000002861023 -3.98000001907349 -3.86999988555908 -3.97000002861017 -3.91000008583069 -3.94000005722046 -3.91000008583069 -3.80999994277954
-9999 -3.78749990463257 -3.78750021362758 -5.12249994277954 -1.49249994754791 -0.912500023841858 -1.25750005245209 -3.53749990463257 -5.8899998664856 -4.7649998664856 -4.75250005979554 -4.86999988555908 -5.64249992370605 -4.78249979019165 -3.8050000667572 -4.43249988555908 -6.07499980926514 -6.07000017166138 -5.86999989140005 -5.3600001335144 -4.90000009536743 -6.32250022888184 -6.88749980926514 -6.73750019073486 -7.19000005722046 -8.75749969482422 -4.14249992257663 -4.70749997925917 -4.49749994277954 -4.65999984726353 -4.55499982833862 -4.62249994277954 -4.82499980926514 -4.71999979019165 -4.17500019073486 -4.23750019073486 -4.17749977111816 -3.94250011444092 -3.90000009536743 -3.61500000953674 -3.83249998092574 -3.71499991416931 -4.13500022888184 -4.01000022888143 -3.71749997138977
-9999 -3.875 -3.91750001907349 -4.30000019073486 -0.46000000834465 -0.810000061597391 -1.19249999523163 -3.12249994277954 -3.99000000953674 -4.30749988555908 -5.03249979019165 -4.85249996185303 -4.50750017166138 -4.17749977111816 -3.99499988555908 -4.23000001907349 -4.33249998092651 -7.45749998092651 -7.40749979019165 -5.82499980926514 -5.87249994277954 -5.21750019768686 -6.59250020980835 -7.57499980926514 -7.73000001907349 -6.37750005722046 -4.93499994277954 -4.72249984741211 -5.14750003814697 -4.53999996245707 -4.7649998664856 -4.89499998092651 -4.96000003814697 -4.67999982833862 -4.64750003814697 -4.6875 -4.23999977111816 -4.12249994277954 -4.45499992370605 -4.25750017166138 -4.92250013351413 -4.80249977111816 -4.40749979019165 -4.13500022888184 -3.73000001907349
