SnowAccumulation_R/test/tmin/final_tmin_07_04_2009.asc
NCOLS 97 
NROWS 69 
XLLCORNER 52512.810182332 
YLLCORNER 5316225.2758522 
CELLSIZE 10000 
NODATA_value -9999 
[rows 20 to 39 of 69, columns 45 to 89 of 97]
-0.0199999995529652 0.150000005960465 0.0599999986588955 -0.519999980926514 -1.41999995708466 -2.35999989509583 -2.78999996185303 -3.20000004768372 -2.97000002861023 -2.83999991416931 -2.76999998091861 -2.6800000667572 -2.70000004768372 -2.64000010490417 -2.63000011447944 -2.77999997138977 -2.92000007552695 -2.8199999332428 -2.83999991416931 -2.78999996185303 -2.65000009536743 -2.52999997138977 -3.00999999046326 -3.15000009536743 -3.41000008583069 -3.69000005722046 -3.98000001907349 -4.1100001335144 -4.44999980926514 -4.8600001335144 -5.26999998092651 -5.42999982833862 -5.80999994277954 -6.19999980926514 -6.63999982404587 -6.78000020980835 -7.26000022888184 -7.75 -8.21000003814697 -8.39999961853027 -8.67000007629395 -8.78999996185303 -8.78999996185303 -8.73999977111816 -8.55000019073487
-0.439999997615814 -0.189999997615814 -0.170000001788139 -0.579999983310699 -1.45000004768372 -2.28999996185303 -2.73000001907349 -3.24000000953674 -2.98000001907349 -2.88000011444092 -2.83999991416931 -2.75999999046326 -2.82999992370606 -2.64000010490418 -2.63000011457747 -2.66000008583069 -2.71000003814697 -2.71000003814697 -2.72000002857738 -2.65000009536743 -2.52999997138977 -2.50999999046326 -2.66000008632328 -2.94000005722046 -3.22000002861023 -3.5 -3.66000008584425 -4 -4.3600001335144 -4.84000015258789 -5.05000019073486 -5.36000013351441 -5.73000001907349 -6.11999983870401 -6.19999980926514 -6.65000009536743 -7.09999990463257 -7.57000017166138 -7.78999996185303 -8.21000003814697 -8.52999973297119 -8.75 -8.81999969482422 -8.82999992370605 -8.64000034332275
-0.730000019073486 -0.430000007152557 -0.46000000834465 -0.8299999833107 -1.38999998569489 -2.16000008583069 -2.57999992370606 -2.88000011444092 -2.97000002861023 -2.92000007629395 -2.91000008583069 -2.82999992368531 -2.76999998092651 -2.6800000667572 -2.6800000667572 -2.64000010490417 -2.63000011444092 -2.64000010490417 -2.61999988555908 -2.54999995231628 -2.42000007629395 -2.45000004768372 -2.57999992370605 -2.77999997138977 -3.01999998092651 -3.27999997138977 -3.46000003814697 -3.84999990463257 -4.3600001335144 -4.92000007629395 -5.01000022888184 -5.26999998092651 -5.61000008847959 -5.84000015258789 -6.05000019073486 -6.46999979019165 -6.90999984741211 -7.34999990463257 -7.57000017166138 -7.98999977111816 -8.35999965667724 -8.65999974762006 -8.77999973297119 -8.92000007629395 -8.68999940907282
-0.939999997615814 -0.490000009536743 -0.560000002384186 -1.03999996185303 -1.54999995231628 -2.04999995231628 -2.3199999332428 -2.84999990461986 -2.98000001906755 -2.96000003814697 -2.95000004768372 -2.86999988555908 -2.79999995231628 -2.6800000667572 -2.6800000667572 -2.59999990463257 -2.54999995231628 -2.5 -2.48000001907349 -2.45000004768372 -2.39000010490417 -2.41000008583069 -2.46000003814697 -2.61999988555908 -2.79999995231628 -3.04999995231628 -3.24000000953674 -3.63000011444092 -4.19999980926514 -4.6700000742421 -4.80999994277954 -5.11999981966393 -5.26000022888184 -5.6599997574433 -5.8600001335144 -6.26999998092651 -6.67999982833862 -6.88999986648559 -7.32999992370605 -7.76000022888184 -8.17000007629395 -8.34000015258789 -8.64999961853027 -8.80999990428699 -8.43000030517578
-0.980000019073486 -0.550000011920836 -0.550000011921651 -1.03999996185394 -1.78999996185303 -2.3199999332428 -2.50999999046326 -2.71000003814697 -2.94000005722046 -2.94000005722046 -2.96000003814697 -2.91000008583069 -2.80999994277954 -2.71000003814697 -2.65000009536743 -2.59999990463257 -2.49000000953674 -2.42000007629395 -2.39000010490417 -2.32999992370605 -2.3199999332428 -2.30999994286447 -2.39000010490417 -2.45000004768372 -2.5699999332428 -2.66000008616293 -2.96000003814697 -3.33999991416931 -3.86999988555908 -4.09999990463257 -4.49999992699084 -4.57999992370605 -5.01999998092651 -5.23000001907349 -5.65999984741211 -6.05999994277954 -6.44000005722046 -6.63000011444092 -7.05999994277954 -7.51999998092651 -7.94999969823649 -8.13000011444092 -8.40999984741211 -8.25 -8.25
-1.33000004291534 -0.889999985695048 -1.03999996185303 -1.82000005245209 -2.24000000953674 -2.65000009536743 -2.8199999332428 -2.96000003814697 -3.04999995231628 -3.01999998092651 -3 -2.90000009536743 -2.78999996185303 -2.77999997137004 -2.6800000667572 -2.64000010490417 -2.51999998092651 -2.4600000380269 -2.3199999332428 -2.27999997138977 -2.22000002861023 -2.26999998092651 -2.22000002861023 -2.26999998092651 -2.32999992370605 -2.39000010490417 -2.64000010490417 -3.00999999046326 -3.49000000953674 -3.34999990463257 -3.8199999332428 -4.26000022888184 -4.73999976066748 -4.98000001907349 -5.44999980926514 -5.8600001335144 -6.03999996185303 -6.38000011444092 -6.78000020980835 -7.28999996185303 -7.53999996185303 -7.92000007629395 -7.90999984741211 -7.98999977111811 -8
-1.80999994277954 -1.5 -1.46000003814697 -2.09999990463257 -2.79999995231628 -3.07999992370606 -3.21000003814697 -3.25999999046326 -3.21000003814697 -3.19000005721771 -3.07999992370606 -2.9300000667572 -2.80999994277954 -2.77999997136999 -2.71000003814697 -2.70000004768372 -2.66000008583069 -2.58999991416931 -2.40000009536743 -2.27999997138977 -2.26999998092651 -2.25 -2.17000007629395 -2.08999991416931 -2.07999992370605 -2.10999989509583 -2.26999998092651 -2.61999983920918 -2.4300000667572 -2.94000005722046 -3.49000000953674 -3.9300000667572 -4.19000005722046 -4.71999979019165 -5.23000001907349 -5.69000005722046 -5.88000011444092 -6.17999982833862 -6.51000022888184 -7.14999997536262 -7.40000009536743 -7.59999999450058 -7.67000007629395 -7.69999980926514 -7.73999977111816
-2.15000009536743 -2.00000000000005 -2 -2.51999998092651 -3.24000000953674 -3.50999999046372 -3.58999991416931 -3.5699999332428 -3.4300000667572 -3.32999992369922 -3.20000004768372 -2.97000002861023 -2.8199999332428 -2.78999996185303 -2.72000002861023 -2.70000004768372 -2.59999990463257 -2.61999988555908 -2.48000001907349 -2.36999988555908 -2.3199999332428 -2.25999999046326 -2.07999992370605 -1.89999997615814 -1.86000001416663 -1.79999995231628 -1.87999995939806 -1.77999997138977 -2.02999997138977 -2.58999991416931 -3.20000004768372 -3.72000002861023 -3.99000000953674 -4.53000020980835 -5.05000019073486 -5.30999994277954 -5.78000020980835 -6.17000007629395 -6.55999994277954 -6.92000007629395 -7.40999998348238 -7.46000003814697 -7.40000011126254 -7.38999986648559 -7.44999980926514
-2.49000000953674 -2.42000007629394 -2.48000001907349 -2.84999990463257 -3.32999992370605 -3.54999995231756 -2.97000002861023 -3.74000000953674 -3.60999989509583 -3.51999998092651 -3.33999991416931 -3.02999997138977 -2.84999990463257 -2.8199999332428 -2.80999994277954 -2.70000004768372 -2.5699999332428 -2.5699999332428 -2.63000011444092 -2.49000000953674 -2.44000005709165 -2.27999997138977 -2 -1.73000001907349 -1.62000000476837 -1.20000004768372 -1.08000004291534 -1.35000002384186 -1.66999995708466 -2.30999994277954 -2.97000002861023 -3.28999996185303 -3.83999991416931 -4.36999988555908 -4.92000007629395 -5.19000005722046 -5.71000003814697 -6.30999994277954 -6.95999994045266 -7.27000038530117 -7.61999988555908 -7.21999979019165 -7.09999990463257 -7.01000022888184 -7.1100001335144
-2.78999996185303 -2.71000003814699 -2.69000005722046 -2.92000007629394 -3.33999991416931 -3.46000003814836 -3.00999999046326 -3.98000001907349 -3.80999994277954 -3.6800000667572 -3.47000002861023 -3.16000008583069 -2.90000009536743 -2.91000008583069 -2.94000005722046 -2.80999994277954 -2.72000002852706 -2.63000011444092 -2.64000010490417 -2.53999996185303 -2.49000000953674 -2.26999998092651 -1.94000005722046 -1.62000000348371 -1.38999998569489 -1.02999997138977 -0.860000014305115 -0.939999997764759 -1.47000002861023 -2.14000010490417 -2.8199999332428 -3.16000008583069 -3.72000002861023 -4.26000022888184 -4.80000016958591 -5.07999992370605 -5.59999990463257 -6.36000013351441 -6.80000010112646 -7.48999977111816 -7.26999998092651 -6.73999991335516 -6.57999992370605 -6.51999998092651 -6.73999977111816
-2.88000011444092 -2.74000000953674 -2.69000005722046 -2.84999990463257 -2.89000010490417 -3.07999992370606 -3.25999999046326 -4.1399998664856 -3.98000001907349 -3.83999991416931 -3.73000001907349 -3.5 -3.23000001907349 -3.16000008583069 -3.07999992370605 -3 -2.89000010490417 -2.77999997138977 -2.60999989509582 -2.51999998092651 -2.48000001907349 -2.25 -1.99000000953674 -1.79999995148174 -1.37999999523163 -1.02999997138977 -0.980000019073486 -1.1599999666214 -1.54999995231628 -2.14000010490417 -2.7699999769263 -3.08999991416931 -3.64000010490417 -4.15999984741211 -4.42000007629395 -4.98000001907349 -5.44999980926514 -6.21999949529192 -6.28000020980835 -6.67999982833862 -6.5 -6.25 -5.86999988555908 -5.94999980926514 -6.33999990803023
-3.04999995231628 -3.04999995231628 -3.01999998092651 -2.84999990463257 -2.58999991416931 -3.17000007629395 -3.34999990463257 -4.25 -4.17000007629395 -4.17000007629394 -3.98000001907349 -3.91000008583069 -3.81999993320478 -3.52999997138977 -3.40000009536743 -3.23000001907349 -3.13000011444092 -3.02999997138977 -2.75 -2.67000007629395 -2.58999991658773 -2.4300000667572 -2.11999988555908 -1.92999994754791 -1.4099999666214 -1.07000005245209 -1.12000000476837 -1.32000005245209 -1.80999994277954 -2.25 -2.52999997138977 -3.08999991416931 -3.58999991416931 -4.07000017166138 -4.30999994277954 -4.82999992370605 -5.30000019073486 -5.26999998092651 -5.76999998092651 -5.96999979019165 -5.73999984530813 -5.55000019073486 -5.09000015258789 -5.44000005722046 -5.71000003814697
-2.66000008583069 -2.75999999046326 -2.8199999332428 -2.86999988555908 -2.77999997138977 -3.21000003814697 -3.38000011444092 -4.32000017166138 -4.46999979019165 -4.46999979019165 -4.32000017166138 -4.34000015258789 -4.28999996182316 -4.01999998092651 -3.77999997138977 -3.51999998092651 -3.40000009536743 -3.17000007629394 -2.95000005018723 -3.10999989485361 -2.89000010490417 -2.66000008583069 -2.30999994277954 -2.08999991416931 -1.49000000953674 -1.05999994277954 -1.07000005300593 -1.5 -2.03999996185303 -2.46000003814697 -2.69000005722046 -3.15000009536743 -3.57999992370605 -3.77999997138977 -4.19000005722046 -4.6399998664856 -4.78999996185303 -4.94999980926514 -5.28999996185303 -5.40000009536743 -5.34000015258789 -5.05999994277954 -4.71000003814697 -5.14999983074726 -5.44000005722046
-2.74000000953674 -2.71000003814697 -2.84999990463257 -2.9300000667572 -2.80999994277954 -3.20000004768372 -3.33999991416931 -4.21000003814697 -4.76000022888184 -4.8600001335144 -4.88000011444092 -4.84999990463257 -4.80999994277954 -4.46000003814697 -4.19000005722046 -3.85999989509583 -3.72000003027062 -3.79999995231628 -3.36999988555908 -3.27999997138977 -3.11999988555908 -2.88000011444092 -2.50999999046326 -2.28999996185303 -1.8400000333786 -1.45000004768372 -1.53999996185303 -1.98000001907349 -2.38000011444092 -2.74000000881674 -2.9300000667572 -3.24000000953674 -3.55999994277954 -3.71000003814697 -4.03999996185303 -4.19000005722046 -4.3600001335144 -4.63000011444092 -4.86999988555908 -4.96999979019165 -4.94999980926514 -4.80000019073486 -4.73000001907349 -4.84999990463257 -5.32000017166138
-2.61999988555859 -2.70000004768372 -2.80999994277954 -3 -2.6600000858299 -2.7599999904647 -3.32999992370605 -4.34999990463257 -4.86999988557156 -5.28000020980835 -5.46000003814697 -5.3899998664856 -5.30999994277954 -4.82999992446974 -4.55999994359282 -4.73000001893225 -4.3899998664856 -4.1100001335144 -3.75999999046326 -3.55999994277954 -3.45000004768372 -3.10999989509583 -2.86999988518644 -2.67000007629395 -2.44000005722046 -2.4300000667572 -2.48000001907349 -2.58999991416931 -2.77999997138977 -2.86999988555908 -3.08999991416931 -3.3199999332428 -3.54999994895193 -3.67000005635697 -3.77999997138977 -3.97000002861023 -4.07999992370606 -4.32000017166138 -4.51000022888184 -4.57999992370605 -4.65999984741211 -4.65999984741211 -4.73999973145476 -4.8600001335144 -5.25
-2.41000008583069 -2.52999997138977 -2.57999992370605 -2.79999995231628 -2.49000000953735 -2.75999999046361 -3.07999992370536 -4.53000020980835 -5.0199999809478 -5.80000019073486 -6.09999990485806 -5.94999980950761 -6.05000019073486 -5.51000022888184 -5.26999998092651 -5.0900001524305 -4.71000003814697 -4.3899998664856 -4.05999994277954 -3.91000008583069 -3.74000000953674 -3.34999990463257 -3.19000005722046 -3.14000010490417 -3.10999989509582 -3.07999992306002 -3.13000011444092 -3.10999989509583 -3.14000010490417 -3.13000011444092 -3.22000002861023 -3.35999989509583 -3.44000004900557 -3.48000001907349 -3.63000011444092 -3.76999997475305 -3.83999991416931 -4.03999996185303 -4.21999979019165 -4.28999996185303 -4.42000007629394 -4.53000020980835 -4.59999990463257 -4.82999992370605 -5.17999982833862
-1.37000000476837 -1.88999998569489 -2.38000011444092 -2.57999992370606 -2.72000002861023 -2.86999988555908 -3.08999991416931 -4.92000007628729 -5.30000019075608 -6.38000011444092 -7.01000022888184 -6.53999996185303 -6.28999996185303 -5.80999994277954 -5.3899998664856 -5.26000022888184 -4.86999988555908 -4.6100001335144 -4.4499998087788 -4.09000015258789 -3.9300000667572 -3.63000011444092 -3.44000005722046 -3.64000010490417 -3.85999989509582 -3.90000009536743 -3.80999994277954 -3.59999990463257 -3.45000004768372 -3.35999989509583 -3.32999992370605 -3.38000011444092 -3.38000011444092 -3.38000011444092 -3.44000005722046 -3.49000000953674 -3.61999988555908 -3.76999998092651 -3.86999988555908 -4.05999994277954 -4.23000001907349 -4.40999984741211 -4.51000022888184 -4.76999998092651 -5.05000024073868
-0.9200000166893 -1.66999995708466 -2.27999997138977 -2.52999997138977 -2.71000003814697 -2.88000011444092 -3.07999992370605 -4.59000015258789 -5.09000015258789 -6.03999996185303 -6.55000019073486 -6.3600001335144 -6.19999980926514 -5.80999994277954 -5.44999980926514 -5.30000019073486 -5.07999992370605 -4.76000022888184 -4.57000017126325 -4.21999979019165 -4.05000019073486 -3.94000005722046 -3.79999995231628 -4.01000022888184 -4.15000009536743 -4.48999977111816 -4.42000007629395 -4 -3.82999992370605 -3.52999997138977 -3.41000009497522 -3.35999989563222 -3.32999992370605 -3.26999998092651 -3.25 -3.26999998092651 -3.34999990463257 -3.50999999046326 -3.60999989509583 -3.84999990463257 -4.07000017166138 -4.17999982833862 -4.40999984741211 -4.68999993404199 -4.94999963382631
-1.58000004291534 -1.6599999666214 -1.83000004291534 -2.40000009536743 -2.5699999332428 -2.70000004768372 -3.02999997138977 -4.36999988555908 -4.78000020980835 -5.53999996185303 -6.1100001335144 -6.1799998283332 -6.01999998092651 -5.73999977111816 -5.46999979019165 -5.32999992370605 -5.01000022888184 -4.78999996185303 -4.67999982833862 -4.36999988555908 -4.17999982833862 -4.17999982847358 -4.17999982833862 -4.21999979019165 -4.57000017166138 -4.69999980926514 -4.53999996185303 -4.05000019073486 -3.76999998092651 -3.60999988917141 -3.47000002861023 -3.39000010490417 -3.25999999046326 -3.15000009536743 -3.11999988555908 -3.04999995231628 -3.0699999332428 -3.22000001494334 -3.33999991416931 -3.65000009536743 -3.91000008583069 -4.03999996185303 -4.32000005280935 -4.55999994277954 -4.71000003814697
-1.88999998569489 -2 -1.6599999666214 -2.44000005722046 -2.57999992370605 -2.70000004768372 -2.83999991416931 -4.1399998664856 -4.55999994277954 -5.21000003814697 -5.69999980926514 -5.88999986649104 -5.86999988555908 -5.67000007629395 -5.44999980926514 -5.30999994277954 -5 -4.80999994277954 -4.67999982833862 -4.3600001335144 -4.15999984741211 -4.15000009536743 -4.1100001335144 -4.19000005722046 -4.32999992390307 -4.23000001907349 -4.03999996185303 -3.86999987785184 -3.73000001907349 -3.50999999046326 -3.39000010490417 -3.30999994277954 -3.16000008583069 -3.03999996185303 -2.97000002861023 -2.83999991416931 -2.76999998092651 -2.77999997138977 -2.99000000953674 -3.42000007629395 -3.55999994277954 -3.89000010490417 -4.17999982833862 -4.53000009238785 -4.65999984741211
