SnowAccumulation_R/test/tmin/final_tmin_19_04_2009.asc
NCOLS 97 
NROWS 69 
XLLCORNER 52512.810182332 
YLLCORNER 5316225.2758522 
CELLSIZE 10000 
NODATA_value -9999 
[rows 20 to 39 of 69, columns 45 to 89 of 97]
-1.66999995708466 -1.83000004291534 -1.97000002861023 -2.21000003814697 -2.39000010490417 -2.89000010490418 -3.25 -3.60999989509583 -3.48000001907349 -3.41000008583069 -3.39000010490305 -3.36999988555908 -3.36999988555908 -3.34999990463257 -3.32999992368954 -3.26999998092651 -3.15000009495443 -2.84999990463257 -2.51999998092651 -2.29999995231628 -1.79999995231628 -1.25 -1.25999999046326 -1.19000005722046 -1.01999998092651 -0.810000002384186 -0.589999973773956 -0.479999989271164 -0.280000001192093 -0.189999997615814 -0.150000005960464 -0.150000005960464 -0.109999999403954 -0.109999999403954 -0.0899999847141081 -0.0700000002980232 -0.0299999993294477 -0.0399999991059303 -0.140000000596046 -0.180000007152557 -0.379999995231628 -0.610000014305115 -0.850000023841858 -0.949999988079071 -1.16999995708466
-1.70000004768372 -1.77999997138977 -1.89999997615814 -2.10999989509582 -2.24000000953674 -2.6800000667572 -3.01999998092651 -3.46000003814697 -3.35999989509583 -3.34999990463257 -3.34999990463257 -3.35999989509583 -3.33999991416931 -3.3199999332428 -3.29999995227249 -3.20000004768372 -3.04999995231628 -2.8199999332428 -2.68000006647801 -2.3199999332428 -1.87999999523163 -1.48000001907349 -1.39999997601326 -1.25999999046326 -1.0900000333786 -0.889999985694885 -0.790000021449698 -0.569999992847443 -0.330000013113022 -0.280000001192093 -0.28999999165535 -0.239999994635582 -0.159999996423721 -0.0900000035762787 -0.0599999986588955 0.0399999991059303 0.0700000002980232 0.0700000002980232 0.0500000007450581 -0.0500000007450581 -0.239999994635582 -0.46000000834465 -0.560000002384186 -0.779999971389771 -1.02999997138977
-1.64999997615814 -1.53999996185303 -1.58000004291534 -1.71000003814697 -1.83000004291534 -2.11999988555908 -2.41000008583069 -2.88000011444092 -3.11999988555908 -3.23000001907349 -3.26999998092651 -3.31999993320131 -3.32999992368356 -3.30999994277954 -3.28999996185303 -3.21000003814697 -3.05999994277954 -2.85999989509582 -2.72000002861023 -2.41000008583069 -2.03999996185303 -1.71000003814697 -1.61000001430511 -1.4099999666214 -1.22000002861023 -1.01999998092651 -0.930000007152557 -0.740000009536743 -0.600000023841858 -0.620000004768372 -0.5 -0.340000003576279 -0.200000009413761 -0.0799999982118607 -0.00999999977648258 0.119999997317791 0.200000002980232 0.209999993443489 0.189999997615814 0.100000001490116 -0.0900000035762787 -0.289999920375009 -0.389999985694885 -0.620000004768372 -0.909999769260072
-1.50999999046326 -1.16999995708466 -1.1599999666214 -1.30999994277954 -1.41999995708466 -1.47000002861023 -1.77999997138977 -2.46000003813063 -2.85999989507208 -2.97000002861023 -3.07999992370605 -3.23000001907349 -3.30999994277954 -3.3199999332428 -3.30999994277954 -3.24000000953674 -3.10999989509583 -2.92000007629395 -2.80999994277954 -2.53999996185303 -2.24000000953674 -1.95000004768372 -1.83000004291534 -1.60000002384186 -1.38999998569489 -1.19000005722046 -1.0900000333786 -0.930000007152557 -0.850000023841858 -0.759999991261194 -0.639999985694885 -0.420000002701814 -0.25 -0.0600000391449032 0.0399999991059303 0.180000007152557 0.28999999165535 0.319999992847443 0.340000003576279 0.270000010728836 0.0900000035762787 -0.0199999995529652 -0.230000004172325 -0.489999807086258 -0.699999988079071
-1.32000005245209 -0.759999990462302 -0.709999978542002 -0.920000016689138 -1.04999995231628 -1.38999998569489 -1.60000002384186 -2.09999990463257 -2.54999995231628 -2.90000009536743 -3.02999997138977 -3.22000002861023 -3.32999992370605 -3.35999989509583 -3.34999990463257 -3.29999995231628 -3.1800000667572 -3.01999998092651 -2.9300000667572 -2.70000004768372 -2.45000004768372 -2.31999993287478 -2.05999994277954 -1.80999994277954 -1.57000005245209 -1.46000003790966 -1.25999999046326 -1.0900000333786 -0.949999988079071 -0.879999995231629 -0.699999996668384 -0.519999980926514 -0.28999999165535 -0.170000001788139 0.0500000007450581 0.259999990463257 0.400000005960464 0.449999988079071 0.509999990463257 0.449999988079071 0.270000063599608 0.159999996423721 -0.0900000035762787 -0.239999994635582 -0.409999996423721
-1.47000002861023 -0.68999999761615 -0.6700000166893 -0.959999978542328 -1.12000000476837 -1.44000005722046 -1.64999997615814 -2.10999989509583 -2.53999996185303 -2.89000010490418 -3.03999996185303 -3.25 -3.36999988555908 -3.40000009537138 -3.41000008583069 -3.36999988555908 -3.27999997138977 -3.2200000285035 -3.05999994277954 -2.88000011444092 -2.67000007629395 -2.55999994277954 -2.29999995231628 -2.01999998092651 -1.75999999046326 -1.63999998569489 -1.41999995708466 -1.22000002861023 -1.02999997138977 -1 -0.800000011920929 -0.600000023841858 -0.360000019530462 -0.239999994635582 0.0399999991059303 0.300000011920929 0.419999986886978 0.600000023841858 0.709999978542328 0.629999995231628 0.550000011920929 0.319999992847443 0.219999998807907 -0.0700000002977395 -0.239999994635582
-1.98000001907349 -1.4099999666214 -1.25999999046326 -1.19000005722046 -1.28999996185303 -1.52999997138977 -1.75 -2.20000004768372 -2.60999989509583 -2.78999996186402 -3.08999991416931 -3.29999995231628 -3.4300000667572 -3.47000002861814 -3.49000000953674 -3.45000004768372 -3.38000011444092 -3.33999991416931 -3.22000002861023 -3.0699999332428 -2.91000008583069 -2.79999995231628 -2.52999997138977 -2.23000001907349 -1.94000005722046 -1.80999994277954 -1.55999994277954 -1.33000005422019 -1.30999994277954 -1.0900000333786 -0.850000023841858 -0.709999978542328 -0.600000023841858 -0.360000014305115 -0.0500000007450581 0.28999999165535 0.439999997615814 0.709999978542328 0.930000007152557 0.800000042889913 0.699999988079071 0.609999918017864 0.379999995231628 0.259999990463257 -0.0500000007450581
-2.47000002861023 -2.05999994277977 -1.8400000333786 -1.55999994277954 -1.47000002861023 -1.50999999046419 -1.9099999666214 -2.35999989509582 -2.73000001907349 -2.89000010491443 -3.1800000667572 -3.39000010490417 -3.51999998092651 -3.55999994277954 -3.5699999332428 -3.52999997138977 -3.48000001907349 -3.45000004768372 -3.36999988555908 -3.27999997138977 -3.15000009536743 -3.03999996185303 -2.74000000953674 -2.41000008583069 -2.24999999948067 -1.95000004768372 -1.69000006617884 -1.51999998092651 -1.38999998569489 -1.1599999666214 -0.920000016689301 -0.740000009536743 -0.639999985694885 -0.430000007152557 -0.159999996423721 0.00999999977648258 0.360000014305115 0.709999978542328 0.959999978542328 0.949999988079071 0.810000070419119 0.709999978542328 0.540000092985722 0.439999997615814 0.129999995231628
-2.84999990463257 -2.6400001049042 -2.30999994277954 -1.87999999523163 -1.76999998092651 -1.83000004291628 -1.41999995708466 -2.58999991416931 -2.89000010490417 -3.01999998092651 -3.28999996185303 -3.5 -3.63000011444092 -3.65000009536743 -3.64000010490418 -3.59999990463257 -3.53999996185303 -3.51999998092651 -3.48000001907349 -3.45000004768372 -3.43000006665415 -3.27999997138977 -2.92000007629395 -2.55999994277954 -2.39000010490418 -2.16000008583069 -1.86000001430511 -1.60000002384186 -1.47000002861023 -1.23000001907349 -0.990000009536743 -0.870000004768372 -0.689999997615814 -0.5 -0.239999994635582 -0.100000001490116 0.180000007152557 0.589999973773956 0.849999993137918 0.909999968458244 0.879999995231628 0.810000002384186 0.75 0.589999973773956 0.340000003576279
-2.84999990463257 -2.65000009536748 -2.30999994277954 -1.98000001907349 -2.17000007629395 -2.33999991417025 -1.5 -2.83999991416931 -3.02999997138977 -3.13000011444092 -3.36999988555908 -3.59999990463257 -3.73000001907349 -3.73000001907349 -3.70000004768372 -3.65000009536743 -3.60999989506464 -3.55999994277954 -3.54999995231628 -3.52999997138977 -3.52999997138977 -3.41000008583069 -3.01999998092651 -2.65000009622388 -2.50999999046326 -2.20000004768372 -1.9099999666214 -1.76999998083431 -1.51999998092651 -1.29999995231628 -1.07000005245209 -0.949999988079071 -0.759999990463257 -0.569999992847443 -0.340000012975815 -0.209999993443489 -0.00999999977648258 0.419999986886978 0.599999885356296 0.720000028610229 0.839999973773956 0.860000014305115 0.850000023841858 0.759999990463257 0.589999973773956
-1.98000001907349 -2.05999994277954 -1.78999996185303 -1.35000002384186 -1.39999997615814 -1.73000001907349 -2.00999999046326 -3 -3.10999989509583 -3.19000005722046 -3.41000008583069 -3.63000011444092 -3.75 -3.75 -3.72000002861023 -3.67000007629395 -3.64000010490417 -3.58999991416931 -3.53999996185303 -3.50999999046326 -3.49000000953674 -3.33999991416931 -2.98000001907349 -2.81999993263586 -2.5 -2.19000005722046 -1.9099999666214 -1.75999999046326 -1.52999997138977 -1.33000004291534 -1.1299999966067 -1.01999998092651 -0.829999983310699 -0.660000026226044 -0.560000002384186 -0.330000013113022 -0.170000001788139 0.209999803805747 0.230000004172325 0.550000011920929 0.75 0.819999992847443 0.939999997615814 0.980000019073486 0.880000088396416
-1.75999999046326 -1.64999997615814 -1.41999995708466 -0.959999978542328 -1.12999999523163 -1.94000005722046 -2.23000001907349 -2.97000002861023 -3.09999990463257 -3.20000004768372 -3.39000010490417 -3.60999989509583 -3.68000006676806 -3.72000002861023 -3.72000002861023 -3.6800000667572 -3.64000010490417 -3.58999991416931 -3.51999998092651 -3.47000002861023 -3.43000006545498 -3.1800000667572 -2.92000007629395 -2.76999998092651 -2.46000003814697 -2.15000009536743 -1.87000000476837 -1.74000000953674 -1.50999999046326 -1.35000002384186 -1.26999998092651 -1.0900000333786 -0.910000026226044 -0.75 -0.670000016689301 -0.469999998807907 -0.300000011920929 -0.389999985694885 0 0.370000004768372 0.659999965128434 0.819999992847443 1.03999996185303 1.21000003814697 1.25
-1.71000003814697 -1.37999999523163 -1.19000005722046 -0.839999973773956 -1.12999999523163 -1.54999995231628 -1.75999999046326 -2.75999999046326 -3.00999999046326 -3.13000011444092 -3.32999992370605 -3.5699999332428 -3.64000010491775 -3.71000003814697 -3.71000003814697 -3.67000007629395 -3.64000010490417 -3.55999994277954 -3.4900000094366 -3.4300000666471 -3.30999994277954 -3.11999988555908 -2.85999989509583 -2.72000002861023 -2.40000009536743 -2.08999991416931 -1.95000004722761 -1.69000005722046 -1.49000000953674 -1.35000002384186 -1.28999996185303 -1.13999998569489 -0.980000019073486 -0.910000026226044 -0.779999971389771 -0.629999995231628 -0.680000007152557 -0.610000014305115 -0.259999990463257 0.209999993443489 0.419999986886978 0.810000002384186 0.990000009536743 1.4399998984484 1.53999996185303
-1.6599999666214 -1.29999995231628 -1.16999995708466 -1.08000004291534 -1.12000000476837 -1.33000004291534 -1.50999999046326 -2.44000005722046 -2.88000011444092 -3.04999995231628 -3.3199999332428 -3.53999996185303 -3.63000011444092 -3.69000005722046 -3.71000003814697 -3.67000007629395 -3.64000010490417 -3.5699999332428 -3.45000004768372 -3.40000009536743 -3.26999998092651 -3.0699999332428 -2.8199999332428 -2.67000007629395 -2.33999991416931 -2 -1.8400000333786 -1.5900000333786 -1.45000004768372 -1.3400000335786 -1.28999996185303 -1.16999995708466 -1.02999997138977 -0.990000009536743 -0.899999976158142 -0.889999985694885 -0.839999973773956 -0.810000002384186 -0.509999990463257 0.100000001490116 0.379999995231628 0.839999973773956 1.22000002861023 1.41999995708466 1.8400000333786
-1.64999997615826 -1.48000001907349 -1.14999997615814 -1.02999997138977 -0.870000004766695 -0.839999973775004 -1.37000000476837 -2.21000003814697 -2.54999995232642 -2.98000001907349 -3.3199999332428 -3.53999996185303 -3.61999988555908 -3.67000007632449 -3.70000004768372 -3.69000005720477 -3.65000009536743 -3.5699999332428 -3.46000003814697 -3.39000010490417 -3.25 -3.03999996185303 -2.91000008534625 -2.64000010490418 -2.29999995231628 -1.9099999666214 -1.72000002861023 -1.5 -1.4099999666214 -1.36000001430511 -1.27999997138977 -1.16999995708466 -1.05999994446172 -1.01999998424933 -0.97000002861023 -0.9200000166893 -0.889999985694885 -0.839999973773956 -0.569999992847443 -0.239999994635582 0.389999985694885 0.920000016689301 1.37999984979898 1.5900000333786 2.08999991416931
-1.70000004768372 -1.51999998092651 -1.17999994754791 -1.12000000476837 -0.5099999904647 -0.839999973776331 -1.25000000000419 -2.08999991416931 -2.43000006677046 -2.98000001907349 -3.34999990466379 -3.56999993326054 -3.63000011444092 -3.67000007629395 -3.72000002861023 -3.71000003813123 -3.66000008583069 -3.5699999332428 -3.46000003814697 -3.39000010490417 -3.24000000953674 -3.01999998092651 -2.89000010490417 -2.64000010490417 -2.3199999332428 -1.89000000055369 -1.61000001430511 -1.42999994754791 -1.38999998569489 -1.36000001430511 -1.27999997138977 -1.17999994754791 -1.12999999796992 -1.04999995231628 -0.939999997615814 -0.870000007414143 -0.8299999833107 -0.680000007152557 -0.360000014305115 -0.129999995231628 0.449999988079071 1 1.24000000953674 1.72000002861023 2.25999999046326
-2.09999990463257 -1.64999997615814 -1.47000002861023 -1.37999999523163 -1.35000002384186 -1.4099999666214 -1.55999994277954 -2.19000005721943 -2.46000003815837 -3.03999996185303 -3.47000002861023 -3.60999989509583 -3.65000009536743 -3.71000003814697 -3.72000002861023 -3.72000002861023 -3.66000008583069 -3.57999992370605 -3.51999998078241 -3.38000011444092 -3.24000000953674 -3.01999998092651 -2.89000010490417 -2.6800000667572 -2.41000008583069 -2.24000000953674 -1.80999994277954 -1.52999997138977 -1.42999994754791 -1.37999999523163 -1.29999995231628 -1.19000005946485 -1.13999998569489 -1.04999995231628 -0.930000007152557 -0.860000014305115 -0.699999988079071 -0.5 -0.349999994039536 0.0599999986588955 0.540000021457672 1.08000004291534 1.33000004291534 1.78999996185303 2.01000030048864
-2.16000008583069 -1.92999994754791 -1.5900000333786 -1.52999997138977 -1.51999998092651 -1.57000005245209 -1.67999994754791 -2.22000002861023 -2.48000001907349 -3 -3.39000010490417 -3.5699999332428 -3.64000010490417 -3.70000004768372 -3.72000002861023 -3.72000002861023 -3.6800000667572 -3.57999992370605 -3.51999998078174 -3.36999988555908 -3.22000002861023 -3.04999995231628 -2.92000007629394 -2.73000001907349 -2.48000001907349 -2.41000008583069 -2.03999996185303 -1.70000004768372 -1.5900000333786 -1.44000005722046 -1.3200000561099 -1.21000003895156 -1.13999998569489 -1.00999999046326 -0.889999985694885 -0.819999992847443 -0.610000014305115 -0.330000013113022 -0.180000007152557 0.209999993443489 0.649999976158142 0.870000004768372 1.30999994277954 1.77999978662188 1.88999989797535
-2.94000005722046 -2.64000010490417 -2.15000009536743 -1.87000000476837 -1.87000000476837 -1.62999999523163 -1.76999998092651 -2.30999994277954 -2.51999998092651 -2.96000003814697 -3.34999990463257 -3.48000001909156 -3.63000011444092 -3.71000003814697 -3.73000001907349 -3.73000001907349 -3.67000007629395 -3.57999992370605 -3.51999998092651 -3.36999988555908 -3.22000002861023 -3.15000009509751 -2.97000002861023 -2.75 -2.54999995231628 -2.44000005722046 -2.13000011444092 -1.79999995231628 -1.67999994754791 -1.49000001546116 -1.36000001430511 -1.27999997138977 -1.12999999523163 -0.990000009536743 -0.910000026226044 -0.759999990463257 -0.529999971389771 -0.21000001925875 -0.0199999995529652 0.360000014305115 0.740000009536743 0.920000016689301 1.29999987308181 1.5 1.62000000476837
-3.41000008583069 -3.34999990463257 -2.9300000667572 -2.82999992370605 -2.80999994277954 -2.79999995231628 -2.80999994277954 -2.41000008583069 -2.61999988555908 -3 -3.34999990463257 -3.50999999048139 -3.6800000667572 -3.75 -3.76999998092651 -3.75 -3.6800000667572 -3.57999992370605 -3.50999999046326 -3.33999991416931 -3.1800000667572 -3.10999989509583 -2.95000004768372 -2.70000004768372 -2.58999991357825 -2.3199999332428 -2.04999995231628 -1.82000005245209 -1.72000002861023 -1.53999996185303 -1.37999999523163 -1.29999995231628 -1.13999998569489 -0.959999978542328 -0.870000004768372 -0.689999997615814 -0.479999989271164 -0.340000003576279 0.0199999995529652 0.46000000834465 0.610000014305115 0.899999976158142 1.1599999666214 1.3999998954317 1.48000001907349
