SnowAccumulation_R/test/tmin/final_tmin_27_04_2009.asc
NCOLS 97 
NROWS 69 
XLLCORNER 52512.810182332 
YLLCORNER 5316225.2758522 
CELLSIZE 10000 
NODATA_value -9999 
[rows 20 to 39 of 69, columns 0 to 45 of 97]
-9999 -9999 -9999 -9999 -17.3999996185303 -16.4899997711182 -16.3500003814697 -12.5100002288818 -15.0900001525879 -15.0200004577637 -14.2700004577637 -13.7200002670288 -12.4799995422363 -10.1400003433228 -10.1999998092651 -9.15999984741211 -7.8600001335144 -7.69999980926514 -7.84999990463257 -7.82999992370605 -7.78000020980835 -7.28999996185303 -7.40999984741211 -7.24999999583051 -7.01999998092651 -6.5 -6.40000009536743 -6.32000017166138 -6.57000017166138 -6.57000017166138 -6.59999990463257 -6.65000009536743 -6.3600001335144 -6.40000009536743 -6.25 -5.98999977111816 -5.51000022888184 -5.05999994277954 -4.84999990463257 -4.46000003814697 -4.17000007629395 -3.9300000667572 -4.01000022888184 -4 -4.1100001335144 -3.97000002861023
-9999 -9999 -9999 -9999 -15.5600004196167 -15.8199996948242 -15.25 -14.3400001525879 -15.9700002670288 -15.3900003433228 -15.2200002670288 -13.9399995803833 -12.539999961853 -12.0100002288818 -11.0699996948242 -9.36999988555908 -8.10999965667724 -7.53999996185303 -7.73999977111816 -7.73000001907349 -7.5 -7.42000007629395 -7.1100001335144 -6.76000022888184 -6.82000017619866 -6.09000015258789 -6.34000015258789 -6.21000003814697 -6.13000011444092 -6.09000015258789 -6.28999996185303 -6.19000005722046 -6.19000005722046 -6.15999984741211 -5.71999979019165 -5.53000020980835 -5.21999979019165 -5.15999984741211 -5.01000022888184 -4.26000022888184 -3.75999999046326 -3.50999999046326 -3.66000008583067 -3.67000007629395 -3.54999995231628 -3.75
-9999 -9999 -9999 -9999 -14.2700004577637 -16.3899993896484 -15.0799999237061 -14.0299997329712 -15.5 -16 -14.5600004196167 -14.5500001907349 -13.0600004196167 -12.5699996948242 -11.9199998414182 -9.4399995803833 -8.39000034332275 -8.21000003814697 -7.42999982833862 -7.40999984741211 -7.19999980926514 -6.82999992370605 -6.44000005722046 -6.63000011444092 -7.07000016126315 -6.75 -6.32000017166138 -6.23000001907349 -6.17999982833862 -6.07999992370606 -5.98999977111816 -5.78999996185303 -5.30999994277954 -5.28999996185303 -5.59000015258789 -5.34999990463257 -5.15000009536743 -5.01999998092651 -5.01000022888184 -4.17999982833862 -3.69000005722046 -3.36999988555908 -3.36999988555908 -3.46000003814697 -3.55999994277954 -3.61999988555908
-9999 -9999 -9999 -15.5 -14.9899997711182 -13.1899995803833 -14.8199996948242 -15.3699998855591 -16.1000003814697 -15.7399997711182 -14.9099998474121 -15.3000001907349 -13.0200004577637 -11.6700001361559 -10.1599998474121 -8.22999954223633 -7.90000009536743 -7.78000020980835 -6.92000007629395 -6.90000009536743 -6.82999992370606 -6.30000019073486 -6.23999977111816 -6.21000003814697 -6.1100001335144 -5.76000022888184 -6.15999984446727 -6.21000003814697 -6.15999984741211 -5.94000005722046 -5.8600001335144 -5.42000007629395 -5.25 -5.28000020980835 -5.07000017166138 -4.86000013351441 -4.69999980926514 -4.51999998092651 -4.59000015258789 -4.28999996185303 -3.63000011444092 -3.41000008583069 -3.28999996185303 -3.38000011444092 -3.5 -3.40000009536743
-9999 -9999 -9999 -16.0599994659424 -15.5799999237061 -14.9799995422363 -16.5300006866455 -15.25 -16.1399993896484 -16.2800006866455 -15.1700000762939 -14.4200000366123 -13.3500003814697 -9.78999996185303 -8.68000030517578 -7.94000005722046 -7.84000015258789 -6.90000009536743 -6.65000009536743 -6.55000019073486 -6.40000009536743 -6.15000009536743 -6.03999996185303 -5.67999982833862 -5.78000020980835 -5.76000022888184 -5.84999990463257 -5.82999992370605 -5.82999992370605 -5.80000019073486 -6.17000007629395 -5.34000015258789 -4.78999996185303 -5.13000011444092 -4.88999986648559 -4.71000003814697 -4.65999984741211 -4.63000011444092 -4.42000007629395 -4.48999977111816 -3.44000005721997 -3.34999990463215 -3.27999997138951 -3.33999991416899 -3.42000007629395 -3.3199999332428
-9999 -9999 -9999 -16.0499992370605 -15.1899991818348 -14.6800003051758 -15.3299999237061 -15.4399995803833 -17.2000007629394 -15.1300001144409 -15.6199998855591 -10.3699998855591 -9.97999954223633 -9.52999973297119 -8.06999969482422 -7.8600001335144 -7.65999984741211 -6.65000009536743 -6.28000020980835 -6.21000003814697 -6.26999998092651 -5.90000009536743 -5.53999996185303 -5.36999988555908 -5.51999998092651 -5.61000013351441 -5.73000001907349 -5.78999996185303 -5.82999992370605 -6.40999984741211 -5.98000001907349 -5.78000020980835 -5.15999984741211 -5.15000009536743 -4.65999984741211 -4.48999977111816 -4.73999977111816 -4.55000019073486 -4.6100001335144 -4.40000009536743 -4.46999979019165 -3.01999998092651 -3.03999996185303 -3.0699999332428 -3.05999994277954 -3.10999989509583
-9999 -9999 -9999 -15.7899946950174 -16.3299999237061 -12.1999998092651 -15.5500001907349 -16.0300006866455 -15.5799999237061 -16.2600002288818 -15.5 -14.5799999237061 -8.52000045776367 -7.86999988555908 -7.40999984741211 -7.21999979019165 -6.84999990463257 -6.26000022888184 -6.05999994277954 -6.07999992370605 -5.84000015258789 -5.55000019073486 -5.38000011444092 -5.21999979019165 -5.46000003814697 -5.51999998092651 -5.7300000176999 -5.78999996394441 -6.32000017166138 -6.42000007629394 -6.09000015258789 -5.75 -5.57000017166138 -5.28000020980835 -5.01999998092651 -4.67000007629395 -4.40999984741211 -4.65000009536743 -4.59999990463257 -4.65000009536743 -4.42999982833862 -2.88000011444092 -2.90000009536743 -2.98000001907349 -2.9300000667572 -2.91000008583069
-9999 -9999 -9999 -11.3500003814697 -12.6999998092651 -12.0700007646584 -16.6200008392334 -13.9499998092651 -15.2399997711182 -14.8199996948242 -14.25 -14.3999996185303 -14.0200004577637 -7.23999977111816 -7.07999992370606 -6.92000007629394 -5.82999992370605 -5.80000019073486 -5.78999996185303 -5.71999979019165 -5.59999990463257 -5.3899998664856 -5.30999994277954 -5.3600001335144 -5.30000019073486 -5.21999979019165 -5.46999979019165 -6.01000022888184 -6.51999998000699 -6.73000001873414 -6.25 -5.96999979019165 -5.76999998092651 -5.46999979019165 -5.07999992370606 -4.46000003814697 -4.57000017166138 -4.42999982833862 -4.48999977111816 -4.65000009536743 -4.48000001907349 -4.40000009536743 -2.77999997138977 -2.8199999332428 -2.90000009536743 -2.91000008583069
-9999 -9999 -9999 -7.96999979019165 -13.460000038147 -14.5600004196167 -14.1700000762939 -15.1800003051758 -14.1099996566772 -14.789999961853 -14.0200004577637 -14.2700004577637 -13.3900003433228 -13.210000038147 -6.82000017166138 -6.59999990463257 -5.78999996185303 -5.69000005722046 -5.65999984741211 -5.57999992370606 -5.34000015258789 -5.32999992370605 -5.23999977111816 -5.13999986648559 -5.30000019073486 -5.17000007629395 -5.57000017166138 -6.07000017166138 -6.34999990329426 -6.61999988555908 -6.46000003814697 -6.1399998664856 -5.76999998092651 -5.78999996185303 -5.15000009536743 -4.67000007629395 -4.59999990463257 -4.30999994277954 -4.28000020980835 -4.30999994277954 -4.23999977111816 -4.28000020980835 -4.13000011444092 -2.69000005722046 -2.76999998092651 -2.8199999332428
-9999 -9999 -9999 -7.86999988555908 -12.2200002670288 -11.1499996185303 -12.3199996242465 -12.8400001525879 -10.8299999237061 -13.7700004577637 -15.25 -14.4300003051758 -14.6800003051758 -13.6499996185303 -6.6100001335144 -6.57000017166138 -6.5 -5.40999984741211 -5.38000011444092 -5.28000020980835 -5.30000019073486 -5.40000009536743 -5.15999984741211 -5.03999996185303 -4.96999979019165 -5.23000001907349 -5.84999990463257 -5.69999980926514 -5.67999982833862 -6.11999988555908 -6.6799998302073 -6.34999990570173 -5.48999977111816 -5.13000011444092 -4.73999977111816 -4.61999988555908 -4.53000020980835 -3.98000001907349 -3.97000002861023 -4.23000001907349 -4.44999980926514 -3.96000003814697 -3.97000002861023 -3.8199999332428 -2.73000001907349 -2.63000011444092
-9999 -9999 -9999 -4.33000218413516 -8.85000038146973 -9.90999984741211 -11.6200001616503 -13.8199996948242 -13.4899997711182 -11.6400003433228 -14.670000060591 -13.3800001144409 -11.7700004577637 -14.1400003433228 -6.59000015258789 -6.55000019073486 -6.19999980926514 -6.07000017166138 -5.25 -5.25 -5.07000017166138 -5.03000020980835 -5.07999992370605 -5.15000009536743 -4.94000005722046 -5.11999988555908 -5.46000003814697 -5.44000005722046 -5.36999988555908 -6.11999988395831 -7.61000013032062 -7.17000007629394 -4.6399998664856 -4.21000003814697 -4.6399998664856 -4.38000011444092 -4.26999998092651 -4.19999980926514 -3.64000010490417 -3.63000011444092 -3.8199999332428 -3.83999991416931 -3.70000004768372 -3.6800000667572 -3.75 -3.70000004768372
-9999 -9999 -9999 -4.94999980926514 -9.81999969482422 -7.38000011444092 -12.3999996185303 -12.2400007146066 -14.1599998474121 -10.2200002670288 -11.1400003433228 -12.6800003051758 -12.6999998092651 -12.0699996948242 -6.46999979019165 -6.34000015258789 -6.23000001907349 -6.03000020980835 -5.59000015258789 -4.98999977111816 -4.8600001335144 -4.8899998664856 -4.94000005722046 -4.96000003814697 -4.80000019073486 -4.65000009536743 -4.96999979019165 -5.32999992370605 -4.98000001907349 -4.8899998664856 -4.59999990463257 -4.46000003814697 -4.42999982822714 -3.9900000094648 -4.13000011444092 -4.19999980926514 -4.1399998664856 -3.30999994277954 -3.5 -3.13000011444092 -3.36999988555908 -3.38000011444092 -3.25 -3.26999998092651 -3.24000000953674 -3.5699999332428
-9999 -9999 -9999 -9.09000015258789 -5.69999969759978 -9.48999977111816 -8.01000022888184 -12.4499998092651 -11.6400005319355 -12.6000003814697 -11.0600004196167 -9.65999984741211 -9.90999984741211 -8.40999984741211 -6.53999996185303 -6.46000003814697 -6.30999994277954 -5.96000003814697 -5.61999988555908 -4.96000003814697 -4.86999988555908 -4.80999994277954 -4.69000005722046 -4.65000009536743 -4.55999994277954 -4.48000001907349 -4.28999996185303 -4.59999990463257 -4.40000009536743 -4.28000020980835 -3.24000000953674 -4.46000003723085 -4.28999996146071 -3.83999991416931 -3.79999995231628 -3.74000000953674 -3.20000004768372 -2.80999994277954 -2.78999996185303 -3 -3.21000003814697 -2.91000008583069 -3.04999995231628 -3.13000011444092 -3.13000011444092 -3.10999989509582
-9999 -9999 -9999 -8.02000045776367 -5.6399998664856 -3.88000011444092 -8.5600004196167 -7.17999982833862 -10.6700000762939 -11.9699990389086 -12.5900001525879 -10.039999961853 -10.4200000762939 -9.9399995803833 -6.69000005722046 -6.51999998092651 -6.17000007629395 -6.19000005722046 -5.80999994277954 -4.86000013351441 -4.73999977111816 -4.67000007629395 -4.57000017166138 -4.38000011444092 -4.3600001335144 -4.34999990463257 -4.01000022888184 -4.21000003814697 -4.09999990463257 -3.8199999332428 -3.65000009536743 -3.66000008583069 -3.41000008583069 -3.34999990463257 -2.80999994277954 -3.25999999036645 -2.82999992368221 -2.73000001907349 -2.71000003814697 -2.63000011444092 -2.76999998092651 -2.8199999332428 -2.88000011444092 -3.04999995231628 -3.05999994277954 -2.85999989509583
-9999 -9999 -9999 -10.5900001525879 -7.8899998664856 -4.82999992370605 -4.09999990463257 -10.3199996948242 -7.40999984741211 -10.3999996185303 -11.6199990980729 -12.3000001907349 -11.6800003051758 -10.5299997329712 -7.28000020980835 -7.05000019073486 -6.09999990463257 -6.38000011444092 -6.11999988555908 -5.61000013351441 -4.73000001907349 -4.51000022888184 -4.51000022888184 -4.36999988555908 -4.26000022888184 -4.30000019073486 -3.67000007629395 -3.50999999046326 -3.23000001907349 -3.70000004768372 -3.67000007629395 -3.29999995231628 -3.27999997138977 -2.66000008583069 -2.58999991416931 -2.5 -2.32999992370605 -2.32999992370605 -2.30999994277954 -2.43000006675657 -2.46000003814688 -2.54999995231598 -2.60999989509517 -2.76999998092642 -2.79999995231617 -2.82999992370594
-9999 -9999 -10.7600002288818 -9.6899995803833 -13.3199996948242 -5.88000011444092 -3.75999999046326 -6.05000019073486 -8.75 -4.94000005722046 -10.6899995803833 -12.3599993538421 -12.7799997329712 -11.0799999237061 -8.22000026702881 -10.2700004577637 -7.3899998664856 -6.76999998092651 -6.36999988555908 -6.03000020980835 -4.65999984741211 -4.55999994277954 -4.55000019073486 -4.51000022888184 -4.07000017166138 -3.99000000953674 -3.78999996185303 -3.5 -3.29999995231628 -3.09999990463257 -2.98000001907349 -2.78999996185303 -2.73000001907349 -2.6800000667572 -2.57999992370605 -2.36999988555908 -2.17000007629395 -2.28999996185303 -2.30999994277982 -2.33999991416917 -2.42000007629369 -2.42000007629395 -2.32999992370605 -2.73000001907349 -2.75 -2.77999997138977
-9999 -9999 -12.3500003814697 -13.039999961853 -10.3199996948242 -11.960000038147 -8.18000030517578 -3.91000008583069 -7.19999980926514 -9.32999963364356 -10.1800003051758 -9.68000030517578 -11.8100004196167 -11.3000001907349 -8.30000019073486 -8.89999961853027 -7.80000019073486 -7.07999992370605 -6.69999980926514 -6.30999994277954 -4.76000022888184 -4.53000020980835 -4.48000001907349 -4.42999982833862 -4.00000000100437 -3.92000007645582 -3.53999996185303 -3.3199999332428 -3.20000004768372 -3.07999992370606 -2.80999994277954 -2.79999995231628 -2.70000004768372 -2.63000011444092 -2.48000001907349 -2.38000011444092 -2.33999991416931 -2.34999990463257 -2.28999996185303 -2.26999998092651 -2.25999999046326 -2.27999997138977 -2.29999995231628 -2.28999996185303 -2.36999988555908 -2.5
-9999 -9999 -10.4899997711182 -8.98999977111816 -10.1199998855591 -11.3599996566772 -10.7499996511472 -4.09000015258789 -3.48000001907349 -8.81999969482422 -6.03000020980835 -7.48000001907349 -10.5200004577637 -10.7200002670288 -7.67999982833862 -7.63999986648559 -7.42000007629394 -7.03999996185303 -6.67999982833862 -6.38000011444092 -5.1100001335144 -4.59000015258789 -4.5 -4.40000009536743 -3.99000000953674 -3.92000007629395 -3.57999992370605 -3.47000002861023 -3.09999990463257 -2.96000003814697 -2.9300000667572 -2.82999992370605 -2.75 -2.53999996185303 -2.46000003814697 -2.39000010490417 -2.36999988555908 -2.34999990463257 -2.24000000953674 -2.20000004768372 -2.20000004768372 -2.23000001907349 -2.26999998092651 -2.28999996185303 -2.25 -2.48000001907349
-9999 -9999 -9.57999992370606 -7.86999988555908 -8.64999961853027 -12.5100002288818 -9.89999961853028 -7.17000007629394 -2.48000001907349 -8.18000030517578 -8.27000045776367 -8.90999984741211 -7.86999988555908 -11.8100004098422 -11.9099998474121 -7.19999980926514 -7.13000011444092 -7.01999998092651 -6.6100001335144 -6.23999977111816 -5.21999979019165 -4.82999992370605 -4.5 -4.3899998664856 -4.26000022888184 -3.77999997138977 -3.46000003814697 -3.35999989509583 -3.24000000953674 -3.0699999332428 -2.96000003814697 -2.8199999332428 -2.75 -2.51999998092651 -2.46000003814697 -2.33999991416931 -2.28999996185303 -2.17000007629395 -2.08999991416931 -2.07999992370605 -2.03999996185303 -2.19000005722046 -2.24000000953674 -2.26999998092651 -2.27999997138977 -2.48000001907349
-9999 -9999 -3.79999815637514 -7.1399998664856 -11.1400003433228 -9.52999973297119 -9.13000011444092 -7.76999998092651 -2.51999998092651 -5.55999994277954 -8.93999949743705 -4.61999988555908 -6.82000017166138 -9 -9.40999984741211 -7.19000005722046 -7.05000019073486 -6.86999988555908 -6.65999984741211 -6.32000017166138 -5.44999980926514 -5.44000005722046 -4.94000005722046 -4.63000011444092 -4.42000007629395 -4.11999988555908 -3.70000004768372 -3.28999996185303 -3.24000000953674 -3.0699999332428 -2.99000000953674 -2.90000009536743 -2.70000004768372 -2.42000007629395 -2.34999990463257 -2.25 -2.16000008583069 -1.92999994754791 -1.71000003814697 -1.83000004291534 -1.98000001907349 -2.04999995231628 -2.03999996185303 -2.20000004768372 -2.23000001907349 -2.47000002861023
