SnowAccumulation_R/test/tmin/final_tmin_05_04_2009.asc
NCOLS 97 
NROWS 69 
XLLCORNER 52512.810182332 
YLLCORNER 5316225.2758522 
CELLSIZE 10000 
NODATA_value -9999 
[rows 20 to 39 of 69, columns 45 to 89 of 97]
-4.98000001907349 -4.76999998092651 -4.67000007629395 -4.55999994277954 -4.67999982833862 -4.8600001335144 -4.98000001907349 -5.30999994277954 -5.80000019073486 -6.21999979019165 -6.44999980929224 -6.90999984741211 -7.32000017166138 -7.86000013351441 -8.14000034337228 -8.21000003814697 -8.22000026673381 -8.27999973297119 -8.40999984741211 -8.53999996185303 -8.85000038146973 -9.13000011444092 -8.60000038146973 -8.47000026702881 -8.28999996185303 -8.14999961853027 -8.06999969482422 -8.06999969482422 -8.06999969482422 -8.14999961853027 -8.35000038146973 -8.52999973297119 -8.78999996185303 -9.10999965667725 -9.34000010543229 -9.40999984741211 -9.57999992370605 -9.75 -9.98999977111816 -10.0900001525879 -10.4099998474121 -10.7299995422363 -10.960000038147 -11.0200004577637 -11.0600004196167
-5.17999982833862 -4.90000009536743 -4.80999994277954 -4.71999979019165 -4.80000019073486 -4.98000001907349 -5.09000015258789 -5.34999990463257 -5.84999990463257 -6.23999977111817 -6.44000005722046 -6.86000013351441 -7.15999984741211 -7.76999998092651 -7.98000001836591 -7.92999982833862 -8.02999973297119 -8.15999984741211 -8.2200002671602 -8.43000030517578 -8.6899995803833 -8.8100004196167 -8.65999984686157 -8.39000034332275 -8.18000030517578 -8.03999996185303 -7.98999977111338 -7.8899998664856 -7.80999994277954 -7.92000007629395 -8.07999992370605 -8.46000003814697 -8.72000026702881 -8.98999974378613 -9.06999969482422 -9.27000045776367 -9.5 -9.72000026702881 -9.82999992370605 -10.0699996948242 -10.3800001144409 -10.6700000762939 -10.7799997329712 -10.9200000762939 -10.9200000762939
-5.48999977111816 -5.17000007629394 -5.05999994277954 -4.96000003814697 -5.05999994277954 -5.13999986648559 -5.17999982833862 -5.53999996185303 -5.88000011444092 -6.23000001907349 -6.38999986648559 -6.76000022884726 -7.13000011429472 -7.34000015258789 -7.46000003814697 -7.69999980926514 -7.86999988555908 -8 -8.07999992370605 -8.27000045776367 -8.52000045776367 -8.55000019073486 -8.42000007629395 -8.22999954223633 -8.0600004196167 -7.96000003814697 -7.88000011444092 -7.80000019073486 -7.71999979019165 -7.88999986648559 -8.03999996185303 -8.35000038146973 -8.64000031437182 -8.84000015258789 -8.97000026702881 -9.19999980926514 -9.43000030517578 -9.67000007629395 -9.78999996185303 -10.0500001907349 -10.3400001525879 -10.5900000741791 -10.710000038147 -10.8599996566772 -10.7700000294854
-5.75 -5.57000017166138 -5.42999982833862 -5.25 -5.26000022888184 -5.32999992370605 -5.44000005722046 -5.61000013353317 -5.90000009538168 -6.21999979019165 -6.32000017166138 -6.55999994277954 -6.80999994277954 -7.11999988555908 -7.21999979019165 -7.48999977111817 -7.69999980926514 -7.90000009536743 -7.98000001907349 -8.11999988555908 -8.27000045776367 -8.27999973297119 -8.22999954223633 -8.0600004196167 -7.96000003814697 -7.84999990463257 -7.78000020980835 -7.75 -7.73000001907349 -7.92000007492606 -8.02999973297119 -8.27999973033558 -8.52000045776367 -8.77999967449136 -8.90999984741211 -9.17000007629395 -9.40999984741211 -9.53999996185303 -9.76000022888184 -10 -10.2799997329712 -10.3999996185303 -10.6000003814697 -10.7099996516506 -10.3599996566772
-6.05000019073486 -5.84999990463327 -5.80999994278005 -5.65999984741272 -6 -5.98000001907349 -6 -6.11999988555908 -6.15000009536743 -6.26000022888184 -6.30000019073486 -6.42999982833862 -6.63000011444092 -6.86999988555908 -7.01000022888184 -7.23999977111816 -7.51999998092651 -7.75 -7.84000015258789 -8.02000045776367 -8.07999992370605 -8.10000038135649 -7.98999977111816 -7.90000009536743 -7.82000017166138 -7.78000020966596 -7.67999982833862 -7.67999982833862 -7.69999980926514 -7.78999996185303 -8.01000022673446 -8.27999973297119 -8.52999973297119 -8.65999984741211 -8.89999961853028 -9.14000034332275 -9.39999961853027 -9.52000045776367 -9.72999954223633 -9.96000003814697 -10.2099999747021 -10.3100004196167 -10.460000038147 -10.3199996948242 -10.25
-6.53999996185303 -6.50000000000001 -6.44999980926514 -6.25 -6.26999998092651 -6.26000022888184 -6.25 -6.26999998092651 -6.25 -6.26999998092651 -6.26999998092651 -6.32999992370605 -6.46999979019165 -6.53000020985176 -6.76000022888184 -6.98000001907349 -7.26000022888184 -7.40999984762557 -7.69000005722046 -7.8600001335144 -7.96000003814697 -7.90000009536743 -7.88999986648559 -7.75 -7.67000007629395 -7.6399998664856 -7.57000017166138 -7.59000015258789 -7.65999984741211 -7.71000003814697 -7.98999977111816 -8.35000038146973 -8.63000010834466 -8.75 -8.94999980926514 -9.14999961853027 -9.26000022888184 -9.48999977111817 -9.68000030517578 -9.9399995803833 -10.0699996948242 -10.2700004577637 -10.2799997329712 -10.1999998092652 -10.1300001144409
-6.76999998092651 -6.84000015258789 -6.86999988555908 -6.65999984741211 -6.51999998092652 -6.53999996185303 -6.5 -6.42999982833862 -6.3600001335144 -6.30000019073143 -6.21999979019165 -6.19000005722046 -6.26000022888184 -6.32000017170093 -6.51999998092651 -6.71999979019165 -6.94999980926514 -7.09999990463257 -7.44000005722046 -7.67000007629395 -7.75 -7.73999977111816 -7.69000005722046 -7.59999990463257 -7.5 -7.46000003814697 -7.44999980926514 -7.48999975755235 -7.46000003814697 -7.71000003814697 -7.98999977111816 -8.5 -8.65999984741211 -8.93000030517578 -9.10000038146972 -9.23999977111817 -9.32999992370606 -9.51000022888183 -9.64000034332275 -9.97000020509089 -10.1000003814697 -10.3000001650583 -10.2600002288818 -10.1999998092651 -10.0799999237061
-7.1100001335144 -7.19000005722045 -7.15000009536743 -6.92999982833862 -6.80000019073486 -6.78999996185297 -6.75 -6.59999990463257 -6.44999980926514 -6.36999988555361 -6.15999984741211 -6.05000019073486 -6.05000019073486 -6.1100001335144 -6.32000017166138 -6.55000019073486 -6.82000017166138 -6.92000007629395 -7.21999979019165 -7.46999979019165 -7.59999990463257 -7.61999988555908 -7.55000019073486 -7.44999980926514 -7.36999988538597 -7.28999996185303 -7.28999994572794 -7.23999977111816 -7.36999988555908 -7.69000005722046 -8.02000045776367 -8.47000026702881 -8.65999984741211 -8.98999977111816 -9.23999977111816 -9.32999992370605 -9.48999977111816 -9.64999961853027 -9.8100004196167 -9.96000003814697 -10.2100002535904 -10.3800001144409 -10.2600002845145 -10.1899995803833 -10.0799999237061
-7.40000009536743 -7.51000022888184 -7.34000015258789 -7.05000019073486 -7.05000019073486 -7.09000015258772 -6.78999996185303 -6.84000015258789 -6.57999992370606 -6.44000005722046 -6.11999988555908 -5.88000011444092 -5.82000017166138 -5.90000009536743 -6.11999988555908 -6.40999984741211 -6.71000003814697 -6.80999994277954 -6.98000001907349 -7.28000020980835 -7.42000007655157 -7.55999994277954 -7.44000005722046 -7.28999996185303 -7.21999979019165 -6.94000005722046 -6.90999984741211 -7.11999988555908 -7.28999996185303 -7.69999980926514 -8.07999992370605 -8.25 -8.67000007629395 -9.05000019073487 -9.31999969482422 -9.4399995803833 -9.69999980926514 -9.85000038146973 -10.1199998492726 -10.2600005369765 -10.5900001525879 -10.4300003051758 -10.3500003814697 -10.210000038147 -10.0799999237061
-7.42000007629395 -7.48000001907349 -7.28999996185303 -6.98999977111816 -7.09000015258789 -7.23999977111856 -6.94000005722046 -7 -6.71000003814697 -6.57000017166138 -6.19000005722046 -5.76999998092651 -5.61999988555908 -5.76999998092651 -6.01000022888184 -6.28999996185303 -6.44000005735561 -6.6399998664856 -6.82000017166138 -7.1100001335144 -7.25 -7.44000005722046 -7.26999998092651 -7.09000014316699 -6.82000017166138 -6.78000020980835 -6.78000020980835 -6.84999990476733 -7.28000020980835 -7.76999998092651 -8.17000007629395 -8.32999992370605 -8.73999977111817 -9.09000015258789 -9.38000010425808 -9.51000022888184 -9.84000015258789 -10.0500001907349 -10.1899996292609 -10.6300001144409 -10.6199998855591 -10.4399996277961 -10.3500003814697 -10.210000038147 -10.0699996948242
-6.92999982833862 -7.17000007629394 -7.01000022888184 -6.73000001907349 -6.73999977111816 -7.03999996185303 -7.07999992370605 -7.13000011444092 -6.8600001335144 -6.73000001907349 -6.32000017166138 -5.8899998664856 -5.73999977111816 -5.84999990463257 -6.05999994277954 -6.21000003814697 -6.32000017166138 -6.44999980926514 -6.67999982833862 -6.92000007629395 -7.01999998092651 -7.13000011444092 -6.80999994277954 -6.7499999997724 -6.63000011444092 -6.59999990463257 -6.73000001907349 -6.86000013351441 -7.30999994277954 -7.84999990463257 -8.2899999593529 -8.46000003814697 -8.8100004196167 -9.14000034332276 -9.27999973297119 -9.53999996185303 -9.89000034332275 -10.1300000583764 -10.1599998474121 -10.3900003433228 -10.460000038147 -10.4200000762939 -10.2799997329712 -10.1499996185303 -10.0600004545532
-6.76000022888184 -6.73999977111816 -6.63999986648559 -6.46000003814697 -6.21999979019165 -7.15999984741211 -7.28000020980835 -7.17000007629394 -6.98999977111816 -6.84999990463257 -6.59000015258789 -6.19999980926514 -6.07999992369791 -6.09999990463257 -6.15000009536743 -6.21999979019165 -6.25 -6.25 -6.48000001907349 -6.69000005722046 -6.7800002072039 -6.71000003814697 -6.65999984741211 -6.59999990463257 -6.46999979019165 -6.42000007629394 -6.65999984741211 -6.86999988555908 -7.3600001335144 -7.96000003814697 -8.22000026702881 -8.60000038146973 -8.89000034332275 -9.18000030517578 -9.3100004196167 -9.53999996185303 -9.85000038146973 -9.89999961853028 -10 -10.1599998474121 -10.2499999869078 -10.2299995422363 -10.1599998474121 -10.0600004196167 -10.0200004577637
-6.51999998092651 -6.59999990463257 -6.53000020980835 -6.34999990463257 -6.40000009536743 -6.84999990463257 -7.07000017166138 -7.15000009536743 -7.07000017166138 -7.01000022888184 -6.86999988555908 -6.55999994277954 -6.42999982831962 -6.34000015258789 -6.30000019073486 -6.30000019073486 -6.26999998092651 -6.19999980926514 -6.36999988605979 -6.4899997712723 -6.6100001335144 -6.65000009536743 -6.6100001335144 -6.55000019073486 -6.36000013351441 -6.21000003814697 -6.34999990538188 -6.86999988555908 -7.48000001907349 -8.10999965667725 -8.40999984741211 -8.75 -8.94999980926513 -9.06999969482422 -9.3100004196167 -9.51000022888184 -9.64999961853027 -9.73999977111816 -9.81999969482422 -9.92000007629395 -9.97999954223633 -10.0299997329712 -10.1499996185303 -9.9499998798304 -9.94999980926514
-6.6399998664856 -6.55000019073486 -6.57000017166138 -6.57000017166138 -6.48999977111816 -6.75 -6.90000009536743 -7.19000005722046 -7.19000005722046 -7.17999982833862 -7.09999990463257 -6.88000011444092 -6.73999977111816 -6.61999988555908 -6.48999977111816 -6.42999982833862 -6.38999986724032 -6.48000001907349 -6.6100001335144 -6.63000011444092 -6.67000007629395 -6.71000003814697 -6.69000005722046 -6.6399998664856 -6.44999980926514 -6.21000003814697 -6.38000011444092 -6.98999977111816 -7.59999990463257 -8.21000003690696 -8.52999973297119 -8.81999969482422 -8.96000003814697 -9.07999992370605 -9.30000019073486 -9.38000011444092 -9.40999984741211 -9.56999969482422 -9.63000011444092 -9.6899995803833 -9.72999954223633 -9.8100004196167 -9.88000011444092 -9.88000011444092 -9.82999992370605
-6.55999994277929 -6.55999994277954 -6.55999994277954 -6.6399998664856 -6.32000017165993 -6.26999998092787 -6.80999994277954 -7.17000007629394 -7.2199997901936 -7.38000011444092 -7.36000013351441 -7.19000005722046 -7.05000019073486 -6.92999982861355 -6.71999979065638 -6.82999992365113 -6.69999980926514 -6.61999988555908 -6.67999982833862 -6.76000022888184 -6.76000022888184 -6.88000011444092 -6.94000005714593 -6.88000011444092 -6.76000022888184 -6.73000001907349 -6.84000015258789 -7.21999979019165 -7.71999979019165 -7.96999979019165 -8.46000003814697 -8.72999954223633 -8.89999961628737 -8.98999972792148 -9.05000019073486 -9.26000022888184 -9.32999992370606 -9.39999961853027 -9.47000026702881 -9.48999977111816 -9.5 -9.5600004196167 -9.61999985911681 -9.67000007629395 -9.69999980926514
-6.44999980926514 -6.46999979019165 -6.42999982833862 -6.46000003814697 -6.01000022888274 -6.26999998092679 -6.57999992370396 -7.17999982833862 -7.32999992370927 -7.57999992370605 -7.6599998474919 -7.46000003830073 -7.59999990463257 -7.3600001335144 -7.03000020980835 -6.9299998282914 -6.80999994277954 -6.76000022888184 -6.80999994277954 -6.84999990463257 -6.90999984741211 -7.09999990463257 -7.17999982833862 -7.19000005722046 -7.21000003814697 -7.21999979019165 -7.23999977111816 -7.5 -7.8600001335144 -8.06999969482422 -8.43000030517578 -8.64999961853027 -8.72000025059891 -8.8100004196167 -8.88000011444092 -9.05000018103364 -9.14999961853027 -9.22000026702881 -9.27999973297119 -9.31999969482422 -9.30000019073486 -9.30000019073486 -9.34000015258789 -9.40999984741211 -9.5
-5.84999990463257 -6.01000022888184 -6.19000005722046 -6.25 -6.30000019073486 -6.38000011444092 -6.51000022888184 -7.09000015258943 -7.36000013352383 -7.84000015258789 -8.13000011444092 -7.82000017166138 -7.67999982833862 -7.42000007629395 -7.21000003814697 -7.07000017166138 -6.98000001907349 -6.88000011444092 -6.90000009554756 -7.01999998092651 -7.09999990463257 -7.32000017166138 -7.42000007629395 -7.51000022888184 -7.67000007629395 -7.75 -7.78999996185303 -7.84000015258789 -8.02000045776367 -8.17000007629394 -8.40999984741211 -8.56999968135797 -8.55000019073487 -8.6899995803833 -8.77999973297119 -8.8100004196167 -8.89000034332275 -9.02999973297119 -9.07999992370605 -9.11999988555908 -9.13000011444092 -9.02999973297119 -9.02000045776367 -9.10000038146973 -9.06000055962758
-5.53999996185303 -5.76000022888184 -6.15000009536743 -6.23000001907349 -6.30000019073486 -6.38000011444092 -6.48999977111816 -7.03000020980835 -7.25 -7.65999984741211 -7.8600001335144 -7.78000020980835 -7.67999982833862 -7.48999977111816 -7.30999994277954 -7.21000003814697 -7.01000022888184 -6.98999977111816 -7.03000020995312 -7.15999984741211 -7.28000020980835 -7.46999979019165 -7.59999990463257 -7.78000020980835 -8.05000019073486 -8.25 -8.18000030517578 -8.07999992370606 -8.07999992370605 -8.25 -8.39999961121465 -8.42000007589165 -8.4399995803833 -8.51000022888184 -8.61999988555908 -8.67000007629395 -8.71000003814697 -8.77999973297119 -8.88000011444092 -8.96000003814697 -8.89999961853027 -8.86999988555908 -8.80000019073486 -8.75999973616649 -8.65999970121332
-5.6399998664856 -5.28000020980835 -5.28999996185303 -5.78999996185303 -5.8600001335144 -5.80000019073486 -6.44000005722046 -6.86000013351441 -7.07000017166138 -7.42000007629395 -7.59999990463257 -7.61999988555727 -7.59000015258789 -7.48000001907349 -7.34000015258789 -7.26999998092651 -7.19000005722046 -7.11000013351441 -7.09999990463257 -7.21999979019165 -7.36999988555908 -7.44000005745664 -7.65000009536743 -7.90999984741211 -8.14999961853027 -8.27999973297119 -8.35000038146973 -8.27999973297119 -8.30000019073486 -8.300000193697 -8.28999996185303 -8.3100004196167 -8.32999992370605 -8.35999965667725 -8.35000038146973 -8.44999980926514 -8.47999954223633 -8.52999972689702 -8.60999965667724 -8.8100004196167 -8.67000007629395 -8.60999965667725 -8.48999938815122 -8.11999988555908 -8.11999988555908
-5.36999988555908 -5.3600001335144 -4.71000003814697 -5.19000005722046 -5.23999977111816 -5.30000019073486 -5.3899998664856 -6.65999984741211 -6.82999992370606 -7.17000007629394 -7.36999988555908 -7.38999986649103 -7.42999982833862 -7.40999984741211 -7.32999992370605 -7.28999996185303 -7.25 -7.17000007629394 -7.17000007629394 -7.26999998092651 -7.42000007629395 -7.51000022888184 -7.76000022888184 -7.88000011444092 -7.94000005786078 -8.19999980926514 -8.27999973297119 -8.30000018110076 -8.21000003814697 -8.27999973297119 -8.27999973297119 -8.30000019073486 -8.30000019073486 -8.19999980926514 -8.18000030517578 -8.17000007629395 -8.21000003814697 -8.21000003814697 -8.35000038146973 -8.60000038146973 -8.51000022888184 -8.39999961853027 -8.01000022888183 -7.81000001616714 -7.71000003814697
