SnowAccumulation_R/test/tmin/final_tmin_03_04_2009.asc
NCOLS 97 
NROWS 69 
XLLCORNER 52512.810182332 
YLLCORNER 5316225.2758522 
CELLSIZE 10000 
NODATA_value -9999 
[rows 20 to 39 of 69, columns 46 to 91 of 97]
-3.63000011444092 -3.73000001907349 -3.89000010490417 -4.01999998092651 -4.05000019073486 -4.07000017166138 -4.21000003814697 -4.59999990463257 -4.88000011444092 -5.03000020982755 -5.32999992370605 -5.51999998092651 -5.82999992370605 -5.98000001917255 -6.40000009536743 -6.92000007464196 -7.17000007629395 -7.63000011444092 -7.90999984741211 -8.47000026702881 -8.94999980926514 -8.65999984741211 -8.64000034332275 -8.64999961853027 -8.69999980926514 -8.78999996185303 -8.88000011444092 -9.02999973297119 -9.15999984741211 -9.35999965667725 -9.56999969482422 -9.85999965667725 -10.1999998092651 -10.4300003334688 -10.6499996185303 -10.7799997329712 -10.8199996948242 -10.8199996948242 -10.7200002670288 -10.5 -10.4399995803833 -10.3400001525879 -10.2200002670288 -9.89999961853028 -9.51000022888184 -9.27000095928646
-3.45000004768372 -3.52999997138977 -3.63000011444092 -3.67000007629395 -3.74000000953674 -3.75999999046326 -3.89000010490417 -4.34999990463257 -4.65000009536743 -4.78000020980835 -5.03999996185303 -5.15999984741211 -5.59000015258789 -5.74999999948898 -5.94999980926514 -6.38000011444092 -6.86999988555908 -7.09000015296563 -7.59000015258789 -8.10999965667725 -8.47000026702881 -8.43000030500192 -8.40999984741211 -8.42000007629395 -8.48999977111817 -8.53999996185622 -8.64000034332275 -8.77999973297119 -8.92000007629395 -9.06999969482422 -9.55000019073486 -9.88000011444092 -10.2100000537653 -10.4300003051758 -10.6700000762939 -10.8800001144409 -10.9700002670288 -10.9799995422363 -10.8900003433228 -10.7299995422363 -10.6899995803833 -10.6599998474121 -10.5 -10.1400003433228 -9.86999988555908 -9.63000011444092
-3.35999989509583 -3.35999989509583 -3.39000010490417 -3.48000001907349 -3.47000002861023 -3.46000003814697 -3.79999995231628 -4.09999990463257 -4.40000009536743 -4.51000022888184 -4.78000020971154 -5.03000020962842 -5.21000003814697 -5.3600001335144 -5.75 -6.17999982833862 -6.57999992370605 -6.80000019073486 -7.26000022888184 -7.78000020980835 -8.0600004196167 -8.03999996185303 -8.10999965667725 -8.18000030517578 -8.31999969482422 -8.35000038146973 -8.46000003814697 -8.52000045776367 -8.6899995803833 -8.96000003814697 -9.4399995803833 -9.85999964059367 -10.2600002288818 -10.4399995803833 -10.75 -10.9899997711182 -11.1400003433228 -11.1700000762939 -11.1400003433228 -11.0600004196167 -10.9899997996303 -10.9700002670288 -10.8400001525879 -10.3700001425248 -9.94000071849648 -9.69999980926514
-3.39000010490417 -3.3199999332428 -3.22000002861023 -3.24000000953674 -3.26999998092651 -3.36999988555908 -3.53999996185847 -3.85999989508514 -4.01999998092651 -4.15000009536743 -4.42000007629395 -4.67999982833862 -5.03999996185303 -5.17999982833862 -5.59000015258789 -6 -6.42000007629395 -6.61999988555908 -6.98000001907349 -7.36999988555908 -7.63000011444092 -7.69999980926514 -7.80000019073486 -7.96999979019165 -8.11999988555908 -8.14999961853027 -8.3100004196167 -8.39000034332275 -8.68999957810348 -8.92000007629395 -9.3800001197124 -9.82999992370605 -10.2700003587978 -10.4799995422363 -10.8599996566772 -11.1700000762939 -11.289999961853 -11.3999996185303 -11.3999996185303 -11.3400001525879 -11.3000001907349 -11.1999998092651 -11.0200005129769 -10.5500001907349 -10.2700004577637 -9.73999977111816
-3.28999996185293 -3.31999993324238 -3.24000000953637 -3.25 -3.26999998092651 -3.33999991416931 -3.58999991416931 -3.72000002861023 -3.96000003814697 -4.03999996185303 -4.25 -4.53999996185303 -4.8600001335144 -5.05000019073486 -5.38000011444092 -5.82000017166138 -6.23000001907349 -6.40999984741211 -6.78000020980835 -7.03999996185303 -7.1799998285651 -7.32000017166138 -7.51000022888184 -7.73000001907349 -7.8200001718275 -7.96999979019165 -8.18000030517578 -8.32999992370605 -8.48999977111816 -8.92000007629395 -9.42000007629395 -9.88000011444092 -10.1099996566772 -10.5500001907349 -10.9700002670288 -11.3500003814697 -11.5 -11.6499996185303 -11.6499996185303 -11.5799999448543 -11.5100002288818 -11.3400001525879 -11.1000003814697 -10.8699998855591 -10.3199996948242 -9.77000045776367
-3.24000000953671 -3.21000003814697 -3.03999996185303 -3.15000009536743 -3.24000000953674 -3.28999996185303 -3.48000001907349 -3.64000010490417 -3.84999990463257 -3.94000005722046 -4.17000007629395 -4.42999982833862 -4.53000020987149 -4.84999990463257 -5.15000009536743 -5.55999994277954 -5.76999998126004 -6.21999979019165 -6.51999998092651 -6.78999996185303 -6.80999994277954 -7.07999992370605 -7.23000001907349 -7.46000003814697 -7.59000015258789 -7.78999996185303 -8.02999973297119 -8.27999973297119 -8.40999984741211 -8.90999984741211 -9.51000022888184 -9.99999998954931 -10.2299995422363 -10.6400003433228 -11.0699996948242 -11.2799997329712 -11.6899995803833 -11.8900003433228 -11.8900003433228 -11.8500003814697 -11.6999998092651 -11.5600004196167 -11.1800003051762 -10.9700002670288 -10.539999961853 -10.1700000762939
-3.20000004768372 -3.28999996185303 -3.11999988555908 -3.04999995231628 -3.22000002861023 -3.24000000953674 -3.39000010490417 -3.57999992370605 -3.65000009537293 -3.83999991416931 -4.05000019073486 -4.28999996185303 -4.40999984747144 -4.67999982833862 -4.92000007629395 -5.19999980926514 -5.40000009536743 -5.86000013351441 -6.21000003814697 -6.38000011444092 -6.46999979019165 -6.69000005722046 -6.94000005722046 -7.19000005722046 -7.32000017166138 -7.61999988555908 -7.90000007841013 -7.94999980926514 -8.40999984741211 -8.88000011444092 -9.63000011444092 -9.88000011444092 -10.3599996566772 -10.7700004577637 -11.1800003051758 -11.3999996185303 -11.8599996566772 -12.1199998855591 -12.1000003969542 -12.039999961853 -11.949999745074 -11.6499996185303 -11.4700002670288 -11.1300001144409 -10.8599996566772 -10.539999961853
-3.1500000953674 -3.20000004768372 -3.07999992370605 -3.03999996185303 -3.07999992370646 -3.21000003814697 -3.30999994277954 -3.49000000953674 -3.59999990464009 -3.73000001907349 -3.96000003814697 -4.17999982833862 -4.28999996185303 -4.57000017166138 -4.80999994277954 -5.11999988555908 -5.19999980926514 -5.53999996185303 -5.84000015258789 -6.01999998092651 -6.13000011444092 -6.38000011444092 -6.65999984741211 -6.76999998141122 -7.07000017166138 -7.40999982680781 -7.57999992370606 -7.80999994277954 -8.32999992370605 -8.85000038146973 -9.51000022888184 -9.78999996185303 -10.3199996948242 -10.8000001907349 -11.0299997329712 -11.4799995422363 -11.9399995803833 -12.2600002288818 -12.2600002288818 -12.1599999154475 -12.0100002288818 -11.699999936426 -11.5500001907349 -11.3000001907349 -11.0699996948242 -10.9300003051758
-3.07999992370606 -3.03999996185303 -2.97000002861023 -3.07999992370606 -3.16000008583063 -4.19000005722046 -3.3199999332428 -3.46000003814697 -3.53999996185303 -3.65000009536743 -3.85999989509583 -4.07000017166138 -4.17999982833862 -4.40999984741211 -4.73000001907349 -5.05999994277954 -5.13000011444092 -5.19000005722046 -5.46999979019165 -5.59000015287128 -5.82999992370605 -6.09999990463257 -6.36999988555908 -6.51999998092651 -6.55999994277954 -6.92999982833862 -7.40999984741211 -7.67000007629395 -8.23999977111816 -8.77999973297119 -9.03999996185303 -9.67000007629395 -10.2299995422363 -10.7200002670288 -10.960000038147 -11.460000038147 -11.8800001144409 -12.220000227951 -12.2899999425976 -12.210000038147 -11.960000038147 -11.8299999237061 -11.6000003814697 -11.3999996185303 -11.2100001904799 -11.1000003814697
-2.91000008583068 -2.91000008583069 -2.85999989509583 -2.97000002861023 -3.10999989509597 -4 -3.24000000953674 -3.44000005722046 -3.54999995231628 -3.67000007629395 -3.76999998092651 -3.97000002861023 -4.09999990463257 -4.30999994277954 -4.6100001335144 -4.78000020995389 -4.96999979019165 -5.03000020980835 -5.21000003814697 -5.30999994277954 -5.55999994277954 -5.78999996185303 -6.03999994643702 -5.84999990463257 -6.28000020980835 -6.65999984741211 -6.88000011466788 -7.51999998092651 -8.15999984741211 -8.69999980926514 -8.9399995803833 -9.52999973297119 -10.0799999237061 -10.5699996760252 -10.8100004196167 -11.3100004196167 -11.7399997711182 -11.9300000689358 -12.0200004577637 -12 -11.8100004788817 -11.710000038147 -11.5600004196167 -11.4300003051758 -11.3699998855591 -11.2399997711182
-2.75999999046326 -2.76999998092651 -3.96000003814697 -4.01000022888184 -3.84999990463257 -3.83999991416931 -3.21000003814697 -3.46000003814697 -3.59999990463257 -3.67000007629395 -3.73000001907349 -3.92000007629394 -4.07999992370605 -4.30999994277954 -4.48000001907349 -4.61999988555908 -4.76000022888184 -4.94000005722046 -5.03999996185303 -5.07000017166138 -5.25 -5.07999992370606 -5.19000005778947 -5.5 -5.92000007629394 -6.38000011444092 -6.59999990463257 -7.28999996185303 -8 -8.59000014908771 -8.82999992370605 -9.35999965667725 -9.86999988555908 -10.1099996566772 -10.5600004196167 -11.0600004196167 -11.4799992349257 -11.210000038147 -11.5 -11.6199998855591 -11.6000003814697 -11.5 -11.4099998474121 -11.3800001144409 -11.3599996566772 -11.3900003433228
-3.94000005722046 -3.77999997138977 -3.54999995231628 -4.69000005722046 -3.75999999046326 -3.66000008583069 -3.20000004768372 -3.5 -3.57999992370605 -3.79999995231628 -3.78999996185303 -3.83999991419918 -4.09999990463257 -4.23999977111816 -4.38000011444092 -4.46000003814697 -4.46999979019165 -4.71000003814697 -4.71999979019165 -4.76000022385897 -4.6100001335144 -4.73000001907349 -4.82999992370605 -5.13999986648559 -5.53999996185303 -6.05000019073486 -6.32999992370606 -6.96999979019165 -7.80000019073486 -8.14999961853027 -8.6899995803833 -9.14999961853027 -9.60999965667724 -9.82999992370605 -10.25 -10.710000038147 -10.4899997711182 -10.7200002670288 -10.9799995422363 -11.1599998168634 -11.1800003051758 -11.210000038147 -11.1899995803833 -11.1999998092651 -11.289999961853 -11.4099998474121
-3.55999994277954 -3.42000007629394 -3.14000010490417 -3.78999996185303 -3.9300000667572 -3.86999988555908 -3.24000000953674 -3.50999999046326 -3.65000009536743 -3.91000008583069 -3.90000009536743 -3.90000009538101 -4.05000019073486 -4.15999984741211 -4.28999996185303 -4.32000017166138 -4.36999988555908 -4.46000003594388 -4.23000001909551 -4.25 -4.28000020980835 -4.40000009536743 -4.48999977111816 -4.78999996185303 -5.13999986648559 -5.40999984835689 -6 -6.69999980926514 -7.57000017166138 -7.98000001907349 -8.5 -8.86999988555908 -9.07999992370605 -9.48999977111816 -9.88000011444092 -9.8100004196167 -9.97999954223633 -10.1999998092651 -10.4399995803833 -10.5600004196167 -10.7299995422363 -10.9499998092651 -10.9200000762939 -10.9799995422363 -11.1199998855591 -11.3100004196167
-3.40000009536743 -3.21000003814697 -3.09999990463257 -3.45000004768372 -3.8199999332428 -3.90000009536743 -3.42000007629395 -3.57999992370605 -3.71000003814697 -3.9300000667572 -3.97000002861023 -3.94000005722046 -4.07000017166138 -4.09999990463257 -4.17000007629395 -4.17999982763422 -3.98000001907349 -4.15000009536743 -4.09999990463257 -4.01999998092651 -4.03000020980835 -4.15000009536743 -4.23000001907349 -4.40999984741211 -4.6399998664856 -4.88999986648559 -5.55999994277954 -6.34000015258789 -7.21000003638696 -7.67000007629395 -8.18000030517578 -8.51000022888184 -8.72000026702881 -9.11999988555908 -9 -9.11999988555908 -9.4399995803833 -9.67000007629394 -9.89000034332276 -10 -10.2399997711182 -10.4700002670288 -10.5500001907349 -10.6800003051758 -10.8900003433228 -11.0199998740998
-3.25999999046326 -3.09999990463257 -2.83999991416931 -3.43000006675846 -3.66000008583126 -3.91000008583069 -3.49000000953674 -3.50999999046677 -3.8199999332428 -4 -4.03999996185303 -4 -4.13000011431873 -4.05999994264012 -3.96000003812343 -3.89000010490417 -3.78999996185303 -3.8199999332428 -3.89000010490417 -3.74000000953674 -3.83999991416931 -3.98000001907349 -3.98000001907349 -4.05999994277954 -4.23999977111816 -4.46000003814697 -5.11000013351441 -5.90000009536743 -6.32000017166138 -7.11999988555908 -7.65000009536743 -8.0399999568065 -8.24999982389052 -8.11999988555908 -8.5 -8.65999984741211 -8.89999961853027 -9.14000034332275 -9.25 -9.46000003814697 -9.71000003814697 -9.97000017448054 -10.1099996566772 -10.3500003814697 -10.6199998855591 -10.539999961853
-3.24000000953674 -3.25 -3.38000011444092 -3.70000004768348 -3.66000008583048 -3.72000002861069 -3.55999994277954 -3.68000006675881 -3.92000007629395 -4.11000013353175 -4.09000015265294 -4.19000005722046 -4.1399998664856 -3.84999990463257 -3.77999997136616 -3.70000004768372 -3.61999988555908 -3.59999990463257 -3.59999990463257 -3.50999999046326 -3.6800000667572 -3.77999997138977 -3.71000003814697 -3.74000000953674 -3.94000005011406 -4.09999990463257 -4.71000003814697 -5.44999980926514 -5.86999988555908 -6.59000015258789 -7.13000011444092 -7.32999979226775 -7.26999998092651 -7.57999992370605 -7.94000003958194 -8.10999965667725 -8.35000038146973 -8.59000015258789 -8.72000026702881 -8.92000007629395 -9.15999984741211 -9.3100004196167 -9.61999988555908 -9.9399995803833 -9.65999984741211 -10.1499996185303
-3.04999995231628 -3.3199999332428 -3.44000005722046 -3.54999995231628 -3.65000009536743 -3.76999998092651 -3.47000002861894 -3.80999994278583 -4.13000011444092 -4.34000015258789 -4.21000003814697 -4.1399998664856 -4.01000022888184 -3.86999988555908 -3.73000001907349 -3.65000009536743 -3.47000002861023 -3.45000004786384 -3.48000001907349 -3.38000011444092 -3.49000000953674 -3.61999988555908 -3.41000008583069 -3.33999991416931 -3.42000007629395 -3.76999998092651 -4.3600001335144 -5.05000019073486 -5.44999980926514 -6.09999990463257 -6.6199997800726 -6.3600001335144 -6.78999996185303 -7.11999988555908 -7.26000022888184 -7.51999998092651 -7.80000019073486 -7.92999982833862 -8.14999961853027 -8.39999961853027 -8.60999965667725 -8.73999977111817 -9.06999969482422 -9.03000014300469 -9.30000019073486 -9.81999969482422
-3.1800000667572 -3.33999991416931 -3.47000002861023 -3.57999992370605 -3.69000005722046 -3.80999994277954 -3.73000001907349 -3.85999989509582 -4.09000015258789 -4.19999980926514 -4.17999982833862 -4.11999988555908 -4 -3.83999991416931 -3.74000000953674 -3.46000003814697 -3.35999989509583 -3.35999989518631 -3.36999988555908 -3.28999996185303 -3.25 -3.33999991416931 -3.1800000667572 -3.24000000953674 -3.14000010490417 -3.40000009536743 -4.01000022888184 -4.34000015258789 -5.05999994277954 -5.65999977608472 -5.7100000351968 -5.90999984741211 -6.28999996185303 -6.63999986648559 -6.78999996185303 -7.01999998092651 -7.23000001907349 -7.38000011444092 -7.61999988555908 -7.86000013351441 -7.98000001907349 -8.23999977111816 -8.50999941282338 -8.43999931722529 -8.77999973297119 -9.46000003814697
-3.25999999046326 -3.47000002861023 -3.70000004768372 -3.79999995231628 -3.82999992370605 -3.82999992370605 -3.75 -3.86999988555908 -4.05000019073486 -4.07000017166138 -4.05999994277593 -4.03000020980835 -3.94000005722046 -3.76999998092651 -3.6800000667572 -3.53999996185303 -3.32999992370605 -3.25 -3.22000002861023 -3.15000009536743 -3.06999993293914 -2.99000000953674 -3 -2.89000010490417 -2.91000008583069 -3.25999999046326 -3.88000011444092 -4.28000020980835 -4.74999996889678 -4.90000009536743 -5.11999988555908 -5.48999977111816 -5.84000015258789 -5.96999979019165 -6.30999994277954 -6.53000020980835 -6.71000002296154 -6.82000017166138 -7.09000015258789 -7.34999990463257 -7.48999977111816 -7.7299994776376 -7.48999977111816 -7.6100001335144 -8.22999954223633 -9.09000015258789
-4.03999996185303 -3.74000000953674 -3.90000009536743 -3.99000000953674 -4.07000017166138 -4.1399998664856 -3.75999999046326 -3.8199999332428 -3.96000003814697 -3.98000001907349 -3.92000007629032 -3.89000010490417 -3.8199999332428 -3.6800000667572 -3.60999989509583 -3.5 -3.27999997138977 -3.21000003814697 -3.17000007629395 -3.09999990463257 -3.02999997138977 -2.97000002861023 -2.91000008583069 -2.8499999049281 -3.10999989509583 -3.49000000953674 -3.86999987014459 -3.89000010490417 -4.34999990463257 -4.67999982833862 -4.86999988555908 -5.21000003814697 -5.42000007629395 -5.55000019073486 -5.80999994277954 -6.07000017166138 -6.15999984741211 -6.36999988555908 -6.61999988555908 -6.78000020980835 -7.11999988555908 -7.1100001335144 -7.15000010270602 -7.09999990463257 -7.88000011444092 -8.86999988555908
