SnowAccumulation_R/test/tmin/final_tmin_24_04_2009.asc
NCOLS 97 
NROWS 69 
XLLCORNER 52512.810182332 
YLLCORNER 5316225.2758522 
CELLSIZE 10000 
NODATA_value -9999 
[rows 20 to 39 of 69, columns 0 to 44 of 97]
-9999 -9999 -9999 -9999 -15.1800003051758 -14.3000001907349 -14.2200002670288 -9.77999973297119 -13.0200004577637 -13.1499996185303 -11.7200002670288 -11.3800001144409 -10.3500003814697 -8.35000038146973 -8.61999988555908 -7.8899998664856 -6.69000005722046 -6.38000011444092 -6.30999994277954 -6.15999984741211 -5.78000020980835 -5.63000011444092 -5.73000001907349 -5.90000008899057 -5.86999988555908 -5.80999994277954 -6 -6.13000011444092 -6.51000022888184 -6.69999980926514 -7.26999998092651 -7.51999998092651 -8.1899995803833 -8.75 -8.8100004196167 -8.90999984741211 -8.6899995803833 -8.52999973297119 -8.48999977111816 -8.47999954223633 -8.75 -9.05000019073487 -9.43000030517578 -9.5 -9.64000034332275
-9999 -9999 -9999 -9999 -13.3800001144409 -13.789999961853 -13.2399997711182 -12.3500003814697 -14.4399995803833 -14.0200004577637 -13.9700002670288 -12.1999998092651 -10.9700002670288 -10.8500003814697 -10.0299997329712 -8.5600004196167 -7.34000015258789 -6.6399998664856 -6.40000009536743 -6.26000022888184 -5.8899998664856 -5.84000015258789 -5.78000020980835 -5.76999998092651 -5.5700001711169 -5.46000003814697 -5.82999992370605 -5.84000015258789 -6.11999988555908 -6.19999980926514 -6.69999980926514 -7.65999984741211 -8.02000045776367 -8.22999954223633 -8.17000007629395 -8.39999961853027 -8.46000003814697 -8.8100004196167 -8.84000015258789 -9.06999969482422 -9.13000011444092 -9.51000022888183 -9.90999984741205 -10.0100002288818 -9.81999969482422
-9999 -9999 -9999 -9999 -12.3400001525879 -14.6400003433228 -13.4700002670288 -12.4499998092651 -14.2200002670288 -14.9700002670288 -13.789999961853 -13.9300003051758 -12.1499996185303 -12.0200004577637 -11.4999997866726 -9.18000030517578 -8.17000007629395 -7.38999986648559 -6.76999998092651 -6.67000007629395 -6.23999977111816 -6.07000017166138 -5.98000001907349 -5.76999998092651 -5.53999996543862 -5.55999994277954 -5.80999994277954 -5.78999996185303 -5.88000011444092 -6.17999982833862 -6.25 -7.05000019073486 -7.78999996185303 -8.02999973297119 -8.11999988555908 -8.52000045776367 -8.8100004196167 -9.1899995803833 -9.15999984741211 -9.72000026702881 -9.69999980926514 -9.82999992370605 -10.0699996948242 -10.2399997711182 -10.2700004577637
-9999 -9999 -9999 -13.7299995422363 -13.3299999237061 -11.7799997329712 -13.5299997329712 -14.1599998474121 -15.0600004196167 -14.960000038147 -14.4799995422363 -14.9399995803833 -13.1999998092651 -11.6099998530245 -10.3800001144409 -8.34000015258789 -8.02000045776367 -7.76000022888184 -6.94999980926514 -6.80000019073486 -6.69000005722046 -6.21000003814697 -6.1399998664856 -6.05999994277954 -5.96999979019165 -5.96999979019165 -5.84000015220791 -5.73999977111816 -5.82000017166138 -6.07000017166138 -6.11999988555908 -6.92999982833862 -7.32000017166138 -7.98999977111816 -8.17000007629395 -8.71000003814697 -9.26000022888184 -9.47999954223633 -9.40999984741211 -9.46000003814697 -10.0699996948242 -10.2200002670288 -10.2700004577637 -10.3800001144409 -10.4200000762939
-9999 -9999 -9999 -14.4700002670288 -14.1099996566772 -13.7600002288818 -15.3299999237061 -14.4200000762939 -15.289999961853 -15.6099996566772 -14.9399995803833 -14.4899997474195 -13.9200000762939 -8.96000003814697 -8.43000030517578 -8.34000015258789 -8.07999992370606 -7.17999982833862 -7.28999996185303 -7.23000001907349 -7.01000022888184 -6.6399998664856 -6.59000015258789 -6.40999984741211 -6.09000015258789 -5.9699997903208 -5.80000019073486 -5.73999977111816 -5.84000015258789 -5.90000009536743 -6.34999990463257 -6.73999977111816 -6.26999998092651 -7.48999977111816 -8.02999973297119 -8.81999969482422 -9.05000019073486 -9.11999988555908 -9.44999980926514 -9.86999988555908 -10.159999847412 -10.3800001144407 -10.4200000762939 -10.4799995422362 -10.4799995422363
-9999 -9999 -9999 -14.6300001144409 -13.9699999771749 -13.7399997711182 -14.4899997711182 -14.789999961853 -16.3400001525879 -14.8900003433228 -15.4499998092651 -9.89999961853027 -9.67000007629395 -9.39000034332276 -9.36999988555908 -8.89000034332275 -8.28999996185303 -7.42999982833862 -7.96999979019165 -7.92000007629395 -7.17999982833862 -6.94999980926514 -6.86999988555908 -7.03999996185303 -6.44999980926514 -6.28000020980835 -6.03000020980835 -5.88000011563115 -5.78999996185303 -6.09000015258789 -6.71000003814697 -6.86999988555908 -7.26000022888184 -7.73000001907349 -8.1899995803833 -8.69999980926514 -9.13000011444092 -9.22999954223633 -9.77000045776367 -9.84000015258789 -9.93000030517578 -10.210000038147 -10.3000001907349 -10.3199996948242 -10.2399997711182
-9999 -9999 -9999 -14.5699957879701 -15.1899995803833 -12 -14.8400001525879 -15.3999996185303 -15.2600002288818 -15.8500003814697 -15.5100002288818 -15.1199998855591 -10.9799995422363 -10.5500001907349 -10.4799995422363 -10.3199996948242 -9.48999977111816 -8.14000034332275 -8.27999973297119 -8.18000030517578 -8.11999988555908 -7.26999998092651 -7.11999988555908 -6.34999990463257 -6.82999992370605 -6.78999996185303 -6.03000021676784 -6.0599999457859 -6.38999986648559 -6.48999977111816 -6.59000015258789 -6.92999982833862 -7.5 -7.78000020980835 -8.32999992370605 -8.8100004196167 -9.02999973297119 -9.19999980926514 -9.61999988555908 -9.77999973297119 -9.80000019073486 -10.1400003433228 -10.1999998092651 -10.2700004577637 -10.1400003433228
-9999 -9999 -9999 -11.5299997329712 -12.5500001907349 -12.2000006355064 -15.8100004196167 -14.1000003814697 -15.1599998474121 -15 -14.8800001144409 -15.1599998474121 -15.1400003433228 -11.7399997711182 -11.5900001525879 -11.4399995803833 -9.80000019073486 -9.36999988555908 -9.14999961853027 -8.77999973297119 -8.38000011444092 -7.98999977111816 -7.75 -7.15000009536743 -7.19999980926514 -7.21999979019165 -7.21999979019165 -7.09999990463257 -6.40999984800709 -6.36999988574418 -6.61999988555908 -7.07000017166138 -7.61999988555908 -7.92999982833862 -8.35999965667725 -8.76000022888183 -9.0600004196167 -9.02000045776367 -9.4399995803833 -9.68000030517578 -9.78999996185303 -10.0100002288818 -10.1300001144409 -10.1499996185303 -10.1400003433228
-9999 -9999 -9999 -9.18000030517578 -13.4899997711182 -14.3199996948242 -14.1700000762939 -15.039999961853 -14.6000003814697 -15.1800003051758 -14.8900003433228 -15.1899995803833 -14.9799995422363 -14.9899997711182 -11.8599996566772 -11.710000038147 -11.0699996948242 -9.71000003814697 -9.53999996185303 -9.07999992370605 -8.78999996185303 -8.55000019073486 -8.14999961853027 -7.69999980926514 -7.3899998664856 -7.34999990463257 -7.32000017166138 -7.19000005722046 -6.51999998275554 -6.42999982833862 -6.78000020980835 -7.48999977111816 -7.84000015258789 -8.13000011444092 -8.17000007629395 -8.60999965667725 -8.72000026702881 -9.25 -9.36999988555908 -9.92000007629395 -10.0500001907349 -10.1400003433228 -10.1999998092651 -10.0699996948242 -10.0299997329712
-9999 -9999 -9999 -9.38000011444092 -12.8199996948242 -12.4300003051758 -13.1599998380017 -13.7700004577637 -12.8999996185303 -14.7600002288818 -15.5799999237061 -15.3299999237061 -15.5799999237061 -15.3100004196167 -12.1199998855591 -12.0900001525879 -12.0200004577637 -11.8100004196167 -11.0100002288818 -9.5 -9.14999961853027 -8.48999977111816 -8.35999965667725 -8.05000019073486 -7.90000009536743 -7.71999979019165 -7.48000001907349 -7.46000003814697 -7.42000007629395 -7.48999977111816 -6.96000003907126 -7.50000000011735 -7.59000015258789 -7.71000003814697 -7.80999994277954 -8.22999954223633 -9 -9.11999988555908 -9.27999973297119 -9.67000007629394 -10.1199998855591 -10.1800003051758 -10.1899995803833 -10.0699996948242 -10.0299997329712
-9999 -9999 -9999 -6.77000185952618 -10.6800003051758 -11.8100004196167 -13.2299996654508 -14.4300003051758 -14.4899997711182 -13.9399995803833 -15.3199996923118 -14.9700002670288 -14.6899995803833 -15.4899997711182 -12.4300003051758 -12.460000038147 -12.710000038147 -12.6300001144409 -11.8699998855591 -11.5100002288818 -9.72000026702881 -9.14999961853027 -9.06999969482422 -8.81999969482422 -8.14000034332275 -7.76999998092651 -7.88000011444092 -8.07999992370606 -8.17000007629395 -7.48999977170027 -7.42000007641297 -7.59000015258789 -7.34999990463257 -7.42000007629395 -7.59999990463257 -8.52999973297119 -8.88000011444092 -9.02999973297119 -9.3100004196167 -9.4399995803833 -10.0200004577637 -10.1099996566772 -10.2600002288818 -9.94999980926514 -9.85000038146973
-9999 -9999 -9999 -7.63999986648559 -11.5500001907349 -10.1700000762939 -13.7399997711182 -13.7200007927615 -14.8699998855591 -13.460000038147 -14.2299995422363 -14.8100004196167 -14.9899997711182 -15.0299997329712 -13.8699998855591 -13.039999961853 -13.0699996948242 -13.039999961853 -12.9899997711182 -12.1499996185303 -10.6499996185303 -9.47999954223633 -9.22999954223633 -9.1899995803833 -8.65999984741211 -8.23999977111816 -7.8899998664856 -8 -7.90999984741211 -7.65999984741211 -7.57000017166138 -7.51999998092651 -7.30999994317768 -7.40000009564082 -8.0600004196167 -8.44999980926514 -8.88000011444092 -9.06999969482422 -9.23999977111816 -9.57999992370605 -9.92000007629395 -9.98999977111816 -10.0699996948242 -9.96000003814697 -9.96000003814697
-9999 -9999 -9999 -11.0299997329712 -8.64000031354533 -11.8699998855591 -11.3199996948242 -14.1000003814697 -13.8599997614626 -14.5 -14.3400001525879 -14.0900001525879 -14.5799999237061 -14.5500001907349 -13.9799995422363 -14.2399997711182 -14.289999961853 -13.3699998855591 -13.1499996185303 -12.2299995422363 -10.7600002288818 -10.2200002670288 -9.63000011444092 -8.97000026702881 -8.57999992370605 -8.52999973297119 -8.11999988555908 -8.07999992370605 -7.71000003814697 -7.59999990463257 -7.46999979019165 -7.519999981303 -7.80999994291293 -7.96999979019165 -8.17000007629395 -8.56999969482422 -8.98999977111816 -9.35999965667725 -9.55000019073486 -10.1099996566772 -10.1899995803833 -10.3800001144409 -10.1400003433228 -10.0100002288818 -9.85000038146973
-9999 -9999 -9999 -10.3999996185303 -8.94999980926514 -7.55999994277954 -11.8400001525879 -11.4200000762939 -13.6099996566772 -14.3399997767217 -14.7399997711182 -14.5900001525879 -14.8199996948242 -15.1199998855591 -14.2399997711182 -14.5900001525879 -14.7600002288818 -14.4700002670288 -12.8800001144409 -11.9499998092651 -11.3400001525879 -10.6099996566772 -9.5600004196167 -8.55000019073486 -8.60000038146972 -8.72999954223633 -8.17000007629395 -8.36999988555908 -8.10000038146973 -8.23999977111817 -8.14999961853027 -8.05000019073486 -8.18000030517578 -8.34000015258789 -8.63000011444092 -8.77000045778421 -9.02999973297939 -9.52000045776367 -9.85999965667725 -10.3500003814697 -10.6099996566772 -10.5 -10.2700004577637 -10.0100002288818 -9.88000011444092
-9999 -9999 -9999 -12.1499996185303 -10.8000001907349 -8.57999992370605 -8.31999969482422 -13.289999961853 -12.3400001525879 -13.960000038147 -14.5600002889736 -14.8599996566772 -14.9200000762939 -15.1999998092651 -14.460000038147 -14.7399997711182 -15.1599998474121 -14.710000038147 -13.8800001144409 -12.1999998092651 -11.2700004577637 -10.5299997329712 -9.56999969482422 -9.06999969482422 -8.98999977111816 -8.75 -8.5600004196167 -8.4399995803833 -8 -8.5 -8.60999965667725 -8.28999996185303 -8.38000011444092 -8.57999992370605 -8.97000026702881 -9.09000015258789 -9.32999992370605 -9.53999996185303 -9.96000003814697 -11.1899995803778 -10.850000381469 -10.3400001525879 -10.199999809265 -10.0100002288819 -10.0100002288817
-9999 -9999 -12.1300001144409 -11.6300001144409 -14.0100002288818 -9.8100004196167 -8.10000038146972 -10.7600002288818 -13.1300001144409 -10.6899995803833 -14.3900003433228 -14.8299998997191 -14.9300003051758 -15.1599998474121 -14.5900001525879 -14.3599996566772 -14.8699998855591 -14.7600002288818 -14.460000038147 -13.960000038147 -11.5799999237061 -10.9200000762939 -10.25 -10.0100002288818 -9.5600004196167 -9.63000011444092 -8.89999961853027 -8.63000011444092 -8.36999988555908 -8.6899995803833 -8.76000022888184 -8.81999969482422 -8.8100004196167 -9.03999996185303 -9.44999980926514 -9.35999965667725 -9.21000003814697 -9.5 -9.96000003814627 -10.3999996185294 -10.5500001907342 -10.3299999237061 -10.1599998474121 -10.039999961853 -9.93000030517578
-9999 -9999 -13.1199998855591 -13.6599998474121 -12.3400001525879 -13.5 -11.7299995422363 -8.77999973297119 -12.2700004577637 -13.5899999965641 -14.2600002288818 -14.6800003051758 -14.9099998474121 -15.1099996566772 -15.3199996948242 -15.2600002288818 -15.5500001907349 -15.3199996948242 -15.0200004577637 -14.5799999237061 -11.6999998092651 -11.0799999237061 -10.9399995803833 -10.7799997329712 -9.85000038347847 -9.81999969488492 -9.60000038146973 -9.01000022888184 -9.19999980926513 -8.97000026702881 -8.90999984741211 -8.94999980926514 -8.9399995803833 -9.3100004196167 -9.67000007629395 -9.55000019073486 -9.56999969482422 -9.77999973297119 -9.96000003814697 -10.0600004196167 -10.1199998855591 -10.2799997329712 -10.210000038147 -10.0500001907349 -10.0699996948242
-9999 -9999 -11.9799995422363 -11.1899995803833 -12.1999998092651 -13.1800003051758 -13.0299995978136 -8.94999980926513 -8.81999969482422 -13.5900001525879 -12.4399995803833 -14.1999998092651 -14.9099998474121 -15.0500001907349 -16.0799999237061 -16.7199993133545 -16.6700000762939 -16.1499996185303 -15.289999961853 -14.9099998474121 -13.6899995803833 -11.6400003433228 -11.6599998474121 -11.3699998855591 -10.1999998092651 -10.1199998855591 -10.2600002288818 -10.2600002288818 -9.85999965667725 -9.60000038146973 -9.23999977111816 -9.10000038146973 -9.38000011444092 -9.27999973297119 -9.32999992370605 -9.59000015258789 -9.65999984741211 -9.84000015258789 -9.90999984741211 -9.96000003814697 -10.0299997329712 -10.210000038147 -10.1599998474121 -10.1899995803833 -10.2399997711182
-9999 -9999 -11.3900003433228 -10.5900001525879 -11.2799997329712 -13.7600002288818 -12.7299995422363 -11.460000038147 -7.61000013351441 -13.1800003051758 -13.5200004577637 -14.2700004577637 -14.8100004196167 -14.8999996198164 -15.1099996566772 -18.1800003051758 -17.6599998474121 -15.960000038147 -15.6800003051758 -14.8100004196167 -14.1400003433228 -12.8699998855591 -12.4300003051758 -11.8800001144409 -11.1499996185303 -10.3100004196167 -10.7700004577637 -11.1700000762939 -10.6700000762939 -10.039999961853 -9.5600004196167 -9.56999969482422 -9.61999988555908 -9.42000007629394 -9.46000003814697 -9.34000015258789 -9.75 -9.75 -9.82999992370605 -9.88000011444092 -9.92000007629395 -10.1499996185303 -10.1300001144409 -10.1599998474121 -10.1499996185303
-9999 -9999 -7.13999825256562 -10.0200004577637 -12.7200002670288 -12.0900001525879 -12.2299995422363 -11.6800003051758 -7.53999996185303 -11.25 -13.4799995204525 -11.3100004196167 -13.960000038147 -14.9399995803833 -15.0900001525879 -16.6900005340576 -16.6599998474121 -16 -15.1499996185303 -14.5299997329712 -14.7399997711182 -14.7399997711182 -13.1099996566772 -12.3800001144409 -12.1199998855591 -11.6099996566772 -10.8500003814697 -10.8900003433228 -10.6300001144409 -10.0200004577637 -9.13000011444092 -9.65999984741211 -9.73999977111817 -9.47000026702881 -9.48999977111816 -9.6899995803833 -9.67000007629394 -9.61999988555908 -9.63000011444092 -9.6899995803833 -9.85000038146973 -9.9399995803833 -9.97000026702881 -10.0699996948242 -9.98999977111816
