SnowAccumulation_R/test/tmin/final_tmin_16_04_2009.asc
NCOLS 97 
NROWS 69 
XLLCORNER 52512.810182332 
YLLCORNER 5316225.2758522 
CELLSIZE 10000 
NODATA_value -9999 
[rows 0 to 19 of 69, columns 0 to 44 of 97]
-9999.000000000000000 -9999 -9999 -9999 -9999 -9999 -9999 -9999 -9999 -9999 -9999 -9999 -9999 -9999 -9999 -9999 -9999 -9999 -9999 -9999 -9999 -9999 -9999 -9999 -9999 -9999 -9999 -9999 -9999 -9999 -9999 -9999 -9999 -9999 -9999 -9999 -9999 -9999 -9999 -9999 -9999 -9999 -9999 -9999 -9999
-9999 -9999 -9999 -9999 -9999 -5.84000015258789 -6.34999990463257 -6.46999979019165 -6.55000019073486 -5.73999977111816 -5.73999977111816 -5.38000011444092 -4.97999995059446 -4.21999979019165 -4.38000011444092 -4.21000003814697 -3.78999996185303 -3.54999995231628 -3.46000003755363 -9999 -9999 -9999 -9999 -9999 -9999 -9999 -9999 -9999 -9999 -9999 -9999 -9999 -9999 -9999 -9999 -9999 -9999 -9999 -9999 -9999 -9999 -9999 -9999 -9999 -9999
-9999 -9999 -9999 -9999 -9999 -7.94000005722046 -7.42999982833862 -6.84999990463257 -6.46999979019165 -5.59999990463257 -5.38000011444092 -4.65000009536743 -4.21999979019165 -4.23999977769122 -4.3600001335144 -3.90000009536743 -3.60999989509583 -3.41000008583069 -3.1800000667572 -3.2799999558954 -3.11999988555908 -2.88000011444092 -2.70000004768372 -2.50999999046326 -2.45000004768372 -2.36999988555908 -2.44000005722046 -2.52999997138977 -2.69000005722046 -2.90000009536743 -3.02999997138977 -3.22000002861023 -3.3199999332428 -3.3199999332428 -3.24000000953674 -3.02999997138977 -2.97000002861023 -2.95000004768372 -3.03999996185303 -3.08999991416931 -3.21000003814697 -3.32999992370605 -3.39000010490417 -3.59999990463257 -3.71000003814697
-9999 -9999 -9999 -9999 -9999 -7.53000020980835 -6.75 -6.32999992370605 -6.13999973896278 -5.26000022888184 -4.98999977111816 -4.8600001335144 -4.32000017166138 -4.34000015258789 -4.32000017166138 -3.98000001907349 -3.67000007629394 -3.44000005722046 -3.08999991416931 -3.02999997118396 -2.80999994277954 -2.67000007629395 -2.5 -2.36999988555908 -2.27999997143839 -2.25 -2.39000010490417 -2.59999990463257 -2.85999989509583 -2.98000001907349 -3.09999990463257 -3.25 -3.38000011444092 -3.40000009536743 -3.29999995231628 -3.00999999046326 -2.86999988555908 -2.83999991416931 -2.96000003814697 -2.99000000953674 -3.08999991416931 -3.2699999809264 -3.4300000667572 -3.60999989509583 -3.6800000667572
-9999 -9999 -9999 -9999 -9999 -7.23999977111816 -6.69999980926514 -6.02000007744513 -5.61999988555908 -5.42000002257568 -4.94000005722046 -4.67000007629395 -4.42999982833862 -4.17000007629395 -4.03000020563508 -3.76999998092651 -3.61999988555908 -3.39000010490417 -3 -2.79999995231628 -2.67000007629395 -2.35999989509582 -2.38000010697269 -2.24000000953674 -2.20000004768372 -2.21000003814697 -2.41000008583069 -2.67000007629395 -2.94000005722046 -3.16000008583069 -3.26999998090443 -3.42000007629395 -3.6800000667572 -3.55999994277954 -3.4300000667572 -3.11999988555908 -2.99000000953674 -2.80999994277954 -2.90000009536743 -2.84999990463257 -2.91000008583069 -3.21000003814697 -3.35999989509583 -3.54999995231628 -3.72000002861023
-9999 -9999 -9999 -9999 -9999 -7.1100001335144 -6.63000011444092 -6.17000007629395 -5.73000004110582 -5.19000005722046 -5.21999979019165 -4.92999982833862 -4.61999988555908 -4.26999998092651 -3.91000008583069 -3.71000003814697 -3.40000009536743 -3.13000011444092 -2.95000004768372 -2.60999989509583 -2.49000000953674 -2.29999995231628 -2.15000009536743 -2.03999996185303 -2.14000010490417 -2.28999996171698 -2.42000007629395 -2.74000000953674 -3.07999992370605 -3.28999996185303 -3.45000004768372 -3.70000004768372 -4.11999988555908 -3.78999996185303 -3.52999997138977 -3.26999998092651 -3.00000000000376 -2.89000010490417 -2.83999991416931 -2.80999994277954 -2.97000002861023 -3.30999994277954 -3.44000005722046 -3.66000008583069 -3.84999990463257
-9999 -9999 -9999 -9999 -9999 -7.15999984741211 -6.96000003814697 -6.36999988555908 -6.23000001907349 -5.61000038446295 -5.42999982833862 -5.28000020980835 -4.92999982833862 -4.51999998092651 -4.13000011444092 -3.73000001907349 -3.52999997138977 -3.16000008583069 -2.79999995231628 -2.54999995231628 -2.22000002866015 -2.13000011444092 -2.00999999046326 -1.94000005722046 -2.07999992370605 -2.35999989670492 -2.5 -2.83999991416931 -3.19000005722046 -3.35999989509582 -3.77999997138977 -3.95000004768372 -4.19999980926514 -4.01000022888184 -3.65000009536743 -3.34999990463257 -3.10999989509875 -3.00999999046326 -2.91000008583069 -2.88000011444092 -3.00999999046326 -3.22000002861023 -3.41000008583069 -3.73000001907349 -3.94000005722046
-9999 -9999 -9999 -9999 -9999 -7.3600001335144 -7.09000007813963 -6.73000001907349 -6.73000001907349 -6.67000007629395 -5.71999993745223 -5.6199998774662 -5.40000009536743 -5.03000020980835 -4.40000009536743 -3.84999990463257 -3.52999996938676 -3.14000010490418 -2.79999995231628 -2.44000005722046 -2.21000003814697 -2.10999989509583 -1.95000004768372 -2.00999999046326 -2.20000004768372 -2.59999990463257 -2.84999990463257 -3.04999995346954 -3.25999999046326 -3.67000007629395 -3.9300000667572 -4.1799998283039 -4.21000003814697 -4.15000009536743 -3.79999995231628 -3.5 -3.27999997139177 -3.21000003814697 -3.13000011444092 -3.09999990463257 -3.1800000667572 -3.38000011444092 -3.44000005722046 -3.83999991416931 -4.07000017166138
-9999 -9999 -9999 -9999 -9999 -7.65999984741211 -7.36999988555908 -7 -7.09000015258789 -6.84999990463257 -6.44999980926514 -5.71000018907242 -5.51999998092651 -5.09999990463257 -4.6100001335144 -3.95000004768372 -3.41000008583069 -3.10999989509583 -2.80999994277954 -2.35999989509583 -2.14000010490417 -2.019999981052 -1.95000004768372 -2.09999990463257 -2.29999995231628 -2.69000005722046 -3.16000008554048 -3.36999988555908 -3.64000010490417 -3.799999952472 -4.01000022888184 -4.19999980926514 -4.26999998092651 -4.17999982833862 -3.97000002861023 -3.75999999046326 -3.55999994277954 -3.45000004768372 -3.39000010490417 -3.3199999332428 -3.40000009536743 -3.61999988555908 -3.6800000667572 -3.9300000667572 -4.1100001335144
-9999 -9999 -9999 -9999 -9999 -8.19999980926514 -7.82999992370605 -7.40000009536743 -7.42999982833862 -7.32000017166138 -6.92000007629394 -6.5 -5.80000027801748 -5.17999982833862 -4.69000005722046 -4.15999984741211 -3.39000010490417 -3.19000005651272 -2.78999996185303 -2.44000005722046 -2.1800000667572 -2.14000010490417 -2.16000008583069 -2.21000003814697 -2.38000011444092 -2.77999997138977 -3.27999997138977 -3.49000000953674 -3.69000005722046 -3.82999992370606 -3.97000002861023 -4.2300000191398 -4.30000019082832 -4.26000022888184 -4.17000007629395 -4.01000022888184 -3.80999994277954 -3.72000002861023 -3.60999989509583 -3.54999995231628 -3.5699999332428 -3.70000004768372 -3.79999995231629 -3.89000010490417 -4.09000015258789
-9999 -9999 -9999 -9999 -9999 -9.39999961853027 -8.27999973297119 -8.05000019073486 -7.9800000051124 -7.76000022888184 -7.42000007629395 -6.88000011444092 -6.01000022888184 -5.42000011566729 -4.80000019073486 -4.26999998092651 -3.47000002861023 -3.13000011444092 -2.8199999332428 -2.60999989509582 -2.40000009536743 -2.26999998092651 -2.30999994267667 -2.40000009536743 -2.57999992370605 -2.88000011444092 -3.3199999332428 -3.5 -3.78999996185303 -3.91000008583069 -4.07000017166138 -4.36999988555908 -4.5 -4.53000020980835 -4.34000015264098 -4.23000001910441 -4.03999996185303 -3.9300000667572 -3.80999994277954 -3.77999997138977 -3.73000001907349 -3.80999994277954 -3.90000009536743 -4.05000019073486 -4.21000003814697
-9999 -9999 -9999 -9999 -10.2299995422363 -10.1400003433228 -9.39999961853027 -8.6899995803833 -8.47999954223633 -8.35000038146973 -7.96000003814697 -7.48000001907349 -6.53999996185303 -5.55000019073486 -4.94999986178533 -4.28000020980835 -3.66000008583069 -3.17000007629395 -2.89000010502812 -2.78999996185303 -2.55999994277954 -2.5 -2.71000003814697 -2.75 -2.85999989509582 -3.13000011444092 -3.45000004768372 -3.73000001892202 -3.84999990463257 -4 -4.21000003814697 -4.46000003814697 -4.63999986646625 -4.65000009536743 -4.61999988555908 -4.48999977111816 -4.32999992370605 -4.19999980926514 -3.94000005722302 -3.86999988555955 -3.82999992370657 -3.95000004768409 -4.05999994277964 -4.17000007629392 -4.28999996185303
-9999 -9999 -9999 -9999 -10.8999996185303 -10.4899997711182 -9.80000019073486 -9.14999961853027 -9.0600004196167 -8.75999998035401 -8.02999973297119 -7.48000001907349 -6.71000003814697 -5.59999990463257 -5.3600001335144 -4.84999989173704 -3.67000007629395 -3.22000002861023 -3.17000007629395 -3.03999996185303 -2.95000004768372 -2.80999994277954 -2.99000000953674 -3.04999995231628 -3.16000008583069 -3.39000010490417 -3.55999994277954 -3.79999995231628 -3.90000009536743 -4.01000022888184 -4.28999996185303 -4.57000017166138 -4.7399997711031 -4.75 -4.61999988555908 -4.51000022888184 -4.34999990463257 -4.170000076295 -4.05999994277954 -3.97000002861023 -3.95000004768372 -3.98000001907349 -4.01999998092651 -4.05999994277954 -4.01999998092651
-9999 -9999 -9999 -9999 -11.1599998474121 -10.6800003051758 -10.1899995803833 -9.59000015258789 -8.82999992370606 -8.30000019073486 -8.17000007629395 -7.48000001907349 -6.59999990463257 -5.92000007629394 -5.13999986648559 -4.73000001907349 -4.11999988555908 -3.5699999332428 -3.40000009536743 -3.26999998092651 -3.16000007167086 -3.16000008583069 -2.69000005722046 -2.94000005722046 -3.35999989509582 -3.58999991416931 -3.6800000667572 -3.84999990463257 -3.95000004768372 -4.07000017166138 -4.28999996185303 -4.51999998092651 -4.69999980926514 -4.71000003814697 -4.57000017166138 -4.46000003814697 -4.30999994277954 -4.1599998474132 -4.03999996185303 -3.95000004768372 -3.95000004768372 -3.89000010490417 -3.93000006675722 -3.94000005722046 -3.96000003814697
-9999 -9999 -9999 -9999 -11.660001173467 -10.6400003433228 -10.8699998565635 -10.6199998855591 -9.59000015258789 -8.35999965667725 -7.8899998664856 -7.57000017166138 -6.8899998664856 -6.19999980926514 -5.42999982833862 -5.23999977111816 -4.53999996185303 -4.26999998092651 -3.720000030486 -3.04999995231628 -2.92000007629395 -2.75999999046326 -2.83999991416931 -3.13000011444092 -3.48000001907349 -3.60999989509583 -3.74000000953674 -3.9300000667572 -3.99000000948587 -4.07999992370605 -4.30000019073486 -4.5 -4.55000019073486 -4.53000020980835 -4.48000001907349 -4.3899998664856 -4.25 -4.09999990463379 -4 -3.83999991416931 -3.84999990463257 -3.74000000953674 -3.74000000953674 -3.74000000953674 -3.73000001907349
-9999 -9999 -9999 -9999 -12.6199998855591 -11.0900005830108 -11.2299995422363 -10.8800001144409 -10.1400003433228 -9.14999961853028 -8.26000022888184 -8.0699996948242 -7.17999982833862 -6.57000017166138 -5.78000020980835 -5.05000019073486 -4.73000001907349 -4.17999982833862 -3.84999990463257 -2.85999989509583 -3.28999996185303 -3.05999993875518 -3.14000010490418 -3.56999993244353 -3.5699999332428 -3.66000008583069 -3.76999998092651 -3.83999991416931 -3.92000007629395 -3.98000001907349 -4.26000022888184 -4.44999980926514 -4.6100001335144 -4.51000022888184 -4.36999988555908 -4.28999996185303 -4.17000007629395 -4.01999998092651 -3.92000007629395 -3.73000001907349 -3.63000011444092 -3.5699999332428 -3.65000009536743 -3.63000011444092 -3.72000002861023
-9999 -9999 -9999 -9999 -12.4499998092651 -12.9300003051758 -12.0100002377432 -11.5699995620551 -10.6800003051758 -10.1000003814697 -9.17000007629395 -8.43000030517578 -7.92999982833862 -6.96000003814697 -5.90999984741211 -5.15999984741211 -4.65999984741211 -4.03999996185303 -3.05999994277954 -3.34999990463257 -3.24000000953674 -2.97000002861023 -3.24000000961155 -3.66000008583069 -3.65000009538798 -3.6800000667572 -3.66000008583069 -3.55999994277954 -3.82999992370605 -3.89000010490417 -4.05999994277954 -4.26000022888184 -4.40000009536743 -4.38999986648983 -4.28000020980835 -4.19999980926514 -4.09999990463257 -3.92000007629395 -3.82999992370606 -3.72000002861023 -3.65000009536743 -3.50999999046326 -3.49000000953672 -3.55999994277954 -3.75
-9999 -9999 -9999 -9999 -12.789999961853 -12.6599998474121 -12.7399997711182 -11.9700001627165 -11.039999961853 -10.5699996948242 -10.1000003814697 -9.0600004196167 -8.59000011271831 -7.13000011444092 -6.13000011444092 -5.25 -4.9000000925285 -4.09999990463257 -3.54999995231628 -3.40000009536743 -3.25 -2.99000000966457 -3.04999994695373 -3.21000003814697 -3.28999996185303 -3.42000007629394 -3.44000005722046 -3.45000004768372 -3.49000000953674 -3.58999991416931 -3.84999990463257 -4.11999988555908 -4.09999990463257 -4.05999994277954 -4.15000009536743 -4.03999996185303 -3.97000002861023 -3.79999995231628 -3.75999999046326 -3.66000008583069 -3.54999995231628 -3.5 -3.49000000953678 -3.69000005722046 -3.84999990463257
-9999 -9999 -9999 -9999 -12.8100006930561 -12.9899997711182 -12.8500003814697 -11.8900003433228 -11.5200004577637 -10.460000038147 -10.3599996566772 -9.02000045776367 -7.96000003814697 -7.38000011444092 -6.75 -5.34999990463257 -4.51999998092651 -4.17999982840791 -3.64000010499649 -3.08999991416931 -2.88000011493987 -2.65000009536743 -2.89000010490417 -2.98000001907349 -2.99000000953674 -3 -3.05999994277954 -2.96000003814697 -3.29999995231628 -3.26999998092651 -3.4300000667572 -3.8199999332428 -3.58999991416931 -3.82999992370605 -3.90000009536743 -3.91000008583069 -3.72000002861023 -3.60999989509583 -3.63000011444092 -3.63000011444092 -3.6800000667572 -3.63000011444092 -3.58999991416931 -3.85999989509583 -3.94000005722046
-9999 -9999 -9999 -9999 -12.9700002670288 -13.1199998855591 -12.8299999237061 -12.4499998092651 -11.0500001907349 -10.6300001144409 -10.4300003051758 -9.73999977111816 -9.01000022888184 -8.02000045776367 -6.46000003814697 -5.67999982833862 -4.67000007629394 -4.26999998092651 -3.5 -2.92000007629395 -2.5 -2.40000009536743 -2.35999989509583 -2.57999992022999 -2.80999994277954 -3.00999999046326 -2.72000002861023 -2.63000011444092 -2.9300000667572 -2.92000007629394 -2.99000000953674 -3.27999997138977 -3.29999995231628 -3.38000011444092 -3.63000011444092 -3.6800000667572 -3.52999997138977 -3.49000000953674 -3.54999995231628 -3.70000004768372 -3.84999990463257 -3.84999990463257 -3.82999992370605 -4 -4.09999990463257
