SnowAccumulation_R/test/tmin/final_tmin_08_04_2009.asc
NCOLS 97 
NROWS 69 
XLLCORNER 52512.810182332 
YLLCORNER 5316225.2758522 
CELLSIZE 10000 
NODATA_value -9999 
[rows 20 to 39 of 69, columns 0 to 45 of 97]
-9999 -9999 -9999 -9999 -5.46000003814697 -5.42999982833862 -5.40999984741211 -4.84000015258789 -5.40999984741211 -5.42000007629395 -5.17999982833862 -5.07000017166138 -4.76000022888184 -4.19999980926514 -4.28000020980835 -4.15000009536743 -4.03999996185303 -4.21000003814697 -3.59999990463257 -3.44000005722046 -3.01999998092651 -2.20000004768372 -1.97000002861023 -1.13000000504218 -0.939999997615814 -0.699999988079071 -0.5 -0.519999980926514 -0.360000014305115 0.159999996423721 -0.0900000035762787 -0.100000001490116 0.209999993443489 0.280000001192093 -0.140000000596046 -0.959999978542328 -0.639999985694885 0.0199999995529652 0.180000007152557 0.280000001192093 0.200000002980232 0.0799999982118607 -0.230000004172325 -0.360000014305115 -0.709999978542328 -0.949999988079071
-9999 -9999 -9999 -9999 -5.40000009536743 -5.38000011444092 -5.3899998664856 -5.38000011444092 -5.28999996185303 -5.3600001335144 -5.38000011444092 -5.38000011444092 -5.05999994277954 -4.96999979019165 -4.78999996185303 -4.53999996185303 -4.46000003814697 -4.46000003814697 -3.61999988555908 -3.47000002861023 -3.00999999046326 -2.29999995231628 -2.02999997138977 -1.74000000953674 -1.320000054267 -1.0900000333786 -0.779999971389771 -0.469999998807907 -0.230000004172325 0.0700000002980232 0.330000013113022 -0.0500000007450581 0.319999992847443 0.379999995231628 0.140000000596046 -0.119999997317791 -0.140000000596046 -0.280000001192093 -0.319999992847443 0.0500000007450581 0.0599999986588955 -0.0900000035762787 -0.400000005960408 -0.509999990463257 -0.680000007152557 -1.01999998092651
-9999 -9999 -9999 -9999 -5.34000015258789 -5.23000001907349 -5.34000015258789 -5.38000011444092 -5.26999998092651 -5.09999990463257 -5.44000005722046 -5.40000009536743 -5.42999982833862 -5.28000020980835 -5.15999981293498 -4.82000017166138 -4.80000019073486 -4.19000005722046 -3.88000011444092 -3.76999998092651 -3.39000010490417 -2.89000010490417 -2.92000007629394 -2.13000011444092 -1.4199999628216 -1.24000000953674 -1.12000000476837 -0.629999995231628 -0.310000002384186 0.589999973773956 0.389999985694885 -0.0500000007450581 0.46000000834465 0.409999996423721 0.239999994635582 0.100000001490116 0.230000004172325 -0.0199999995529652 -0.389999985694885 -0.170000001788139 -0.239999994635582 -0.360000014305115 -0.560000002384186 -0.689999997615814 -0.910000026226044 -1.12000000476837
-9999 -9999 -9999 -5.23000001907349 -5.26000022888184 -5.28999996185303 -5.26999998092651 -5.19000005722046 -4.98999977111816 -5 -5.15999984741211 -4.96999979019165 -5.51000022888184 -5.32000019321159 -5.1100001335144 -4.76999998092651 -4.59999990463257 -4.53999996185303 -4.3899998664856 -4.15000009536743 -3.98000001907349 -3.27999997138977 -3.11999988555908 -2.96000003814697 -2.26999998092651 -2.17000007629395 -1.50999999692291 -0.790000021457672 -0.469999998807907 -0.00999999977648258 0.119999997317791 0.639999985694885 0.959999978542328 0.479999989271164 0.400000005960464 0.28999999165535 0.560000002384186 0.610000014305115 0.209999993443489 0.0299999993294477 -0.490000009536743 -0.709999978542328 -0.790000021457672 -0.889999985694885 -1.08000004291534 -1.17999994754791
-9999 -9999 -9999 -5.05000019073486 -5.07999992370606 -5.13000011444092 -4.8600001335144 -5.03000020980835 -4.80000019073486 -4.67000007629394 -4.8600001335144 -5.05999995269993 -5.26999998092651 -4.92999982833862 -4.76999998092651 -4.78999996185303 -4.69000005722046 -4.57999992370605 -4.73000001907349 -4.67999982833862 -4.13000011444092 -3.73000001907349 -3.55999994277954 -3.19000005722046 -2.66000008583069 -2.17000007900612 -2.19000005722046 -1.50999999046326 -1.0900000333786 -0.730000019073486 -0.0700000002980232 0.629999995231628 1.25 0.910000026226044 1 0.629999995231628 0.600000023841858 0.370000004768372 0.119999997317791 -0.219999998807907 -0.620000004768558 -0.910000026225997 -0.970000028610276 -1.03999996185305 -1.19000005722046 -1.29999995231628
-9999 -9999 -9999 -4.90000009536743 -4.98000006436309 -5.01999998092651 -4.88000011444092 -4.78999996185303 -4.44999980926514 -4.75 -4.5 -4.98000001907349 -4.96999979019165 -4.96000003814697 -5.05999994277954 -5.05000019073486 -4.90999984741211 -4.82999992370605 -5.15999984741211 -5.28000020980835 -4.40999984741211 -3.94000005722046 -3.64000010490417 -3.54999995231628 -3.02999997138977 -2.88000011444092 -2.42000007629394 -2.06999993291218 -1.45000004768372 -0.930000007152557 -0.569999992847443 0.0799999982118607 0.920000016689301 0.810000002384186 0.879999995231628 0.629999995231629 0.280000001192093 0.209999993443489 -0.159999996423721 -0.280000001192093 -0.370000004768372 -0.860000014305115 -0.930000007152557 -0.990000009536743 -1.14999997615814 -1.37000000476837
-9999 -9999 -9999 -4.76000055033157 -4.6399998664856 -5.1100001335144 -4.6399998664856 -4.46000003814697 -4.44999980926514 -4.25 -4.28999996185303 -4.44000005722046 -5.07000017166138 -5.13000011444092 -5.05000019073486 -5.09000015258789 -5.11999988555908 -4.92000007629394 -5.34000015258789 -5.6399998664856 -4.76999998092651 -3.92000007629395 -3.72000002861023 -4.01000022888184 -3.5 -3.20000004768372 -2.420000082704 -2.01999998563211 -1.57000005245209 -1.30999994277954 -0.620000004768372 0.180000007152557 0.300000011920929 0.319999992847443 0.25 0.150000005960464 0.270000010728836 0.150000005960464 -0.0799999982118607 -0.349999994039536 -0.46000000834465 -0.800000011920929 -0.839999973773956 -0.889999985694885 -1.0900000333786 -1.27999997138977
-9999 -9999 -9999 -4.92000007629395 -4.94999980926514 -4.99999984199372 -4.28999996185303 -4.69999980926514 -4.30000019073486 -4.34999990463257 -4.40999984741211 -4.23000001907349 -4.21999979019165 -5.19999980926514 -5.21999979019165 -5.25 -4.98000001907349 -5.07000017166138 -5.21000003814697 -5.09999990463257 -4.80999994277954 -4.40000009536743 -3.98000001907349 -3.80999994277954 -3.70000004768372 -3.33999991416931 -3.49000000953674 -2.83999991416931 -1.59000003575854 -1.340000033502 -1.20000004768372 0.00999999977648258 0.280000001192093 0.389999985694885 0.25 0.0399999991059303 0.0900000035762787 0.270000010728836 0.0599999986588955 -0.219999998807907 -0.46000000834465 -0.550000011920929 -0.800000011920929 -0.870000004768372 -1.08000004291534 -1.26999998092651
-9999 -9999 -9999 -4.76000022888184 -4.5 -4.44999980926514 -4.48999977111816 -4.19000005722046 -4.34999990463257 -4.03999996185303 -4.21000003814697 -3.99000000953674 -4.17999982833862 -4.17999982833862 -5.17999982833862 -4.78000020980835 -4.98999977111816 -5.01000022888184 -5.01999998092651 -4.73999977111816 -4.48000001907349 -4.28999996185303 -4.1399998664856 -3.90000009536743 -3.5 -3.54999995231628 -3.5 -3.01999998092651 -2.02999997130055 -1.37999999523163 -1.39999997615814 -0.600000023841858 0.319999992847443 0.850000023841858 0.189999997615814 0.170000001788139 0.119999997317791 0.189999997615814 0.109999999403954 -0.0900000035762787 -0.370000004768372 -0.600000023841858 -0.629999995231628 -0.839999973773956 -1.03999996185303 -1.24000000953674
-9999 -9999 -9999 -4.67000007629395 -4.5 -4.6100001335144 -4.63000012149865 -4.5 -4.80000019073486 -4.07999992370605 -3.55999994277954 -3.64000010490417 -3.38000011444092 -3.63000011444092 -4.65000009536743 -4.69999980926514 -4.76000022888184 -5.15999984741211 -4.96999979019165 -4.65000009536743 -4.32999992370605 -4.1100001335144 -4.01000022888184 -3.70000004768372 -3.46000003814697 -3.44000005722046 -3.5 -3.15000009536743 -2.30999994277954 -2.16000008583069 -1.66999995889305 -1.10000002506748 -0.129999995231628 0.150000005960464 0.180000007152557 0.0299999993294477 -0.109999999403954 0.28999999165535 0.100000001490116 0.0199999995529652 -0.340000003576279 -0.579999983310699 -0.759999990463257 -1.00999999046326 -1.04999995231628 -1.20000004768372
-9999 -9999 -9999 -4.07000043639628 -4.57999992370605 -4.55000019073486 -4.3400001457426 -4.03999996185303 -4.01999998092651 -4.44000005722046 -3.45000004642749 -3.73000001907349 -4.26000022888184 -3.08999991416931 -4.57999992370605 -4.63000011444092 -4.73000001907349 -4.80999994277954 -4.92000007629395 -4.69999980926514 -4.3899998664856 -3.96000003814697 -3.86999988555908 -3.65000009536743 -3.51999998092651 -3.42000007629395 -3.09999990463257 -3.27999997138977 -2.92000007629395 -2.16000008590345 -2.56999993175501 -2.03999996185303 -0.270000010728836 0.270000010728836 -0.0199999995529652 -0.109999999403954 -0.140000000596046 0.0399999991059303 0.129999995231628 0.0900000035762787 -0.479999989271164 -0.610000014305115 -0.930000007152557 -1.08000004291534 -1.16999995708466 -1.50999999046326
-9999 -9999 -9999 -4.11999988555908 -4.40000009536743 -4.42000007629395 -3.98000001907349 -4.18999968097127 -3.57999992370606 -4.51999998092651 -4.32000017166138 -3.73000001907349 -3.59999990463257 -3.78999996185303 -4.75 -4.57999992370605 -4.67000007629395 -4.78999996185303 -4.86000013351441 -4.65000009536743 -4.30999994277954 -3.95000004768372 -3.86999988555908 -3.77999997138977 -3.65000009536743 -3.55999994277954 -3.05999994277954 -3.15000009536743 -2.71000003814697 -2.22000002861023 -1.60000002384186 -1.21000003814697 -0.330000013630604 -0.0199999999270775 -0.200000002980232 -0.330000013113022 -0.330000013113022 0 -0.0299999993294477 -0.239999994635582 -0.540000021457672 -0.660000026226044 -1.01999998092651 -1.11000001430511 -1.19000005722046 -1.52999997138977
-9999 -9999 -9999 -4.28000020980835 -4.13999985159688 -4.26000022888184 -4.32999992370605 -3.67000007629395 -4.05999978036288 -3.69000005722046 -4.1399998664856 -4.48999977111816 -4.48000001907349 -4.82000017166138 -4.65999984741211 -4.55999994277954 -4.63999986648559 -4.44999980926514 -4.63999986648559 -4.63000011444092 -4.30999994277954 -4.07999992370606 -3.75 -3.60999989509583 -3.47000002861023 -3.17000007629395 -3.07999992370606 -3.02999997138977 -2.50999999046326 -1.71000003814697 -0.730000019073486 -1.21000003838541 -0.980000019520731 -0.800000011920929 -0.779999971389771 -0.800000011920929 -0.409999996423721 -1.11000001430511 -0.779999971389771 -0.930000007152557 -0.990000009536743 -1.25 -1 -1.11000001430511 -1.25 -1.49000000953674
-9999 -9999 -9999 -4.1399998664856 -4.01000022888184 -3.73000001907349 -4.17000007629395 -4.23000001907349 -3.92000007629395 -3.6800003158776 -3.3199999332428 -4.30000019073486 -4.19000005722046 -4.42000007629395 -4.34000015258789 -4.42000007629395 -4.55000019073486 -4.57000017166138 -4.28999996185303 -4.21999979019165 -4.32000017166138 -4.23000001907349 -3.50999999046326 -3.38000011444092 -3.42000007629395 -3.16000008583069 -2.83999991416931 -3.05999994277954 -2.92000007629395 -2.13000011444092 -1.70000004768372 -1.67999994754791 -1.58000004291534 -1.50999999046326 -1.39999997615814 -1.57000005245942 -1.1699999571234 -1.26999998092651 -1.11000001430511 -1.01999998092651 -1.19000005722046 -1.22000002861023 -1.47000002861023 -1.14999997615814 -1.25 -1.4099999666214
-9999 -9999 -9999 -3.8199999332428 -3.99000000953674 -3.77999997138977 -3.69000005722046 -3.82999992370605 -4.21000003814697 -3.82999992370605 -3.53000020001473 -3.07999992370606 -3.36999988555908 -4.01999998092651 -4.15000009536743 -4.23000001907349 -4.67000007629394 -4.53999996185303 -4.3899998664856 -4.09000015258789 -4.26000022888184 -4.09000015258789 -3.1800000667572 -3.42000007629395 -3.44000005722046 -3.60999989509583 -3.15000009536743 -3.04999995231628 -2.94000005722046 -2.6800000667572 -2.53999996185303 -1.82000005245209 -1.82000005245209 -1.97000002861023 -1.86000001430511 -1.95000004768372 -2.01999998092651 -1.94000005722046 -1.62000000476837 -0.389999985700403 -0.910000026227045 -1.25999999046396 -1.539999961853 -1.60000002384193 -1.33000004291609 -1.38999998569486
-9999 -9999 -3.64000010490418 -3.73000001907349 -3.21000003814697 -3.77999997138977 -3.48000001907349 -3.90000009536743 -4.01000022888184 -3.91000008583069 -3.57999992370605 -2.83000004663924 -2.49000000953674 -3.52999997138977 -3.8199999332428 -2.85999989509583 -4.19999980926514 -4.44000005722046 -4.44000005722046 -4.40999984741211 -4.1399998664856 -4.09000015258789 -3.89000010490417 -3.73000001907349 -3.63000011444092 -3.6800000667572 -3.4300000667572 -3.15000009536743 -2.97000002861023 -2.74000000953674 -2.51999998092651 -2.38000011444092 -2.48000001907349 -2.6800000667572 -2.66000008583069 -2.38000011444092 -2.20000004768372 -2.33999991416931 -1.62000000477759 -1.17999994755201 -1.34000003337995 -1.55999994277954 -1.52999997138977 -1.62999999523163 -1.64999997615814 -1.37999999523163
-9999 -9999 -3.29999995231628 -3.19000005722046 -3.49000000953674 -3.20000004768372 -3.72000002861023 -3.39000010490418 -3.97000002861023 -3.819999941044 -3.65000009536743 -3.97000002861023 -2.74000000953674 -3.22000002861023 -4.21999979019165 -3.91000008583069 -4.51000022888184 -4.67999982833862 -4.78000020980835 -4.65000009536743 -4.30999994277954 -4.09000015258789 -4 -3.95000004768372 -3.61999988636258 -3.67000007619277 -3.61999988555908 -3.23000001907349 -3.22000002861023 -2.83999991416931 -2.52999997138977 -2.52999997138977 -2.65000009536743 -2.99000000953674 -3.21000003814697 -2.75999999046326 -2.98000001907349 -3.35999989509583 -2.74000000953674 -2.33999991416931 -2.14000010490417 -2.08999991416931 -1.82000005245209 -1.63999998569489 -1.62000000476837 -1.37999999523163
-9999 -9999 -3.33999991416931 -3.44000005722046 -3.34999990463257 -3.16000008583069 -3.25000005479363 -3.24000000953674 -3.17000007629395 -3.85999989509583 -4.07999992370605 -4.5 -3.5 -3.40000009536743 -4.82999992370605 -5.07999992370605 -5.17999982833862 -5.07000017166138 -4.80000019073486 -4.80000019073486 -4.8899998664856 -4.28000020980835 -4.15999984741211 -4.09000015258789 -3.75 -3.78999996185303 -3.88000011444092 -3.9300000667572 -3.48000001907349 -3.09999990463257 -2.78999996185303 -2.71000003814697 -3.17000007629394 -2.9300000667572 -2.83999991416931 -2.83999991416931 -3.22000002861023 -3.67000007629394 -2.79999995231628 -2.41000008583069 -2.23000001907349 -2.16000008583069 -1.87999999523163 -1.79999995231628 -1.67999994754791 -1.37999999523163
-9999 -9999 -3.24000000953674 -3.28999996185303 -3.29999995231628 -2.83999991416931 -3.25 -3.49000000953674 -2.65000009536743 -3.8199999332428 -3.9300000667572 -4.01000022888184 -4.69000005722046 -2.5699999401021 -2.5 -5.90999984741211 -5.73000001907349 -5.21000003814697 -5.13000011444092 -5.05000019073486 -4.98000001907349 -4.53999996185303 -4.25 -4.15000009536743 -4.17999982833862 -3.92000007629395 -4 -4.46999979019165 -4.05999994277954 -3.51999998092651 -3.05999994277954 -3.26999998092651 -3.29999995231628 -2.76999998092651 -2.82999992370606 -2.88000011444092 -2.90000009536743 -2.76999998092651 -2.45000004768372 -2.26999998092651 -2.27999997138977 -2.20000004768372 -1.92999994754791 -1.86000001430511 -1.67999994754791 -1.33000004291534
-9999 -9999 -2.69999952588993 -3.07999992370606 -2.95000004768372 -3.10999989509582 -3.19000005722046 -3.30999994277954 -2.38000011444092 -3.45000004768372 -3.60999991059589 -3.55999994277954 -4.59000015258789 -4.32000017166138 -4.19000005722046 -5.30000019073486 -5.26999998092651 -5.07999992370606 -4.94000005722046 -4.94000005722046 -5.3600001335144 -5.46000003814697 -4.40999984741211 -4.09000015258789 -4 -3.99000000953674 -3.77999997138977 -4.19000005722046 -3.95000004768372 -3.47000002861023 -3.02999997138977 -3.10999989509583 -3.20000004768372 -2.76999998092651 -2.78999996185303 -2.9300000667572 -2.85999989509582 -2.36999988555908 -1.87000000476837 -2.01999998092651 -2.21000003814697 -2.25999999046326 -1.80999994277954 -1.70000004768372 -1.25 -1.30999994277954
