SnowAccumulation_R/test/tmin/final_tmin_16_04_2009.asc
NCOLS 97 
NROWS 69 
XLLCORNER 52512.810182332 
YLLCORNER 5316225.2758522 
CELLSIZE 10000 
NODATA_value -9999 
[rows 40 to 59 of 69, columns 0 to 44 of 97]
-9999 -9999 -3.24000000953674 -9.22999839225759 -9.70999991183467 -9.05000019073487 -9.52999973297119 -7.21000003814697 -7.03000020980835 -4.51000022888184 -8.27000045776367 -6.55999994277954 -7.65999984741211 -8.27000045776367 -8.75 -9.14000034332275 -7.94999980926514 -7.13000011444092 -6.92000007629395 -6.98000001907349 -6.8600001335144 -7.6100001335144 -5.38000011675682 -5.17999982896695 -5.26000022888184 -5.01999998144263 -5.01999997675987 -4.30999994277954 -4.26000022888184 -3.8199999332428 -3.60999989509583 -3.74000000953674 -3.74000000953674 -3.58999991416931 -3.40000009536743 -3.48000001907349 -3.54999995231628 -3.78999996185303 -3.75 -3.67000007629395 -3.58999991416931 -3.46000003814697 -2.50999999046326 -1.94000005722046 -1.55999994277954
-9999 -9999 -2.95000004768372 -7.8899998664856 -8.35999956851619 -8.8100004196167 -7.65000009536743 -8.94999980926513 -8.14000034332275 -4.96000003814697 -8.06999969482422 -7.69000005722046 -7.19000005722046 -8.22999954223633 -8.36999988555908 -8.64999961853027 -8.07999992370605 -8.10000038146973 -7.03000020980835 -6.48000001907349 -6.50000000029472 -6.01000023102546 -5.44000005722046 -5.32000017166138 -5.26999998092651 -4.8600001335144 -4.69000005749622 -4.46000003814697 -4.57000017166138 -4.17000007629395 -3.79999995231628 -3.6800000667572 -3.49000000953674 -3.46000003814697 -3.27999997138977 -3.34999990463257 -3.41000008583069 -3.30999994277954 -3.28999996185303 -3.19000005722046 -2.94000005722046 -2.78999996185303 -2.05999994277954 -1.46000003814697 -1.49000000953674
-9999 -9999 -3.02999997138977 -7.09000015258789 -8.44999980926514 -8.39000078441886 -8.92000007629394 -8.13000011444092 -7.78999988012001 -5.86999988555908 -7.48999977111816 -5.71000006759717 -6.34000015258789 -7.84999990463257 -7.92000007629394 -8.86999988555908 -7.73000001907349 -8.99999999545274 -6.40999985697171 -6.30000019133115 -6.15000009536743 -5.92000007629394 -5.51999998092651 -5.34000015281129 -5.32999992373214 -5.07000017166138 -4.8899998664856 -5.05999994277954 -4.80000019073486 -4.3899998664856 -3.75999999046326 -3.48000001907349 -3.53999996185303 -3.50999999046326 -3.28999996185303 -3.33999991416931 -2.85999989509582 -2.89000010490417 -2.85999989509583 -2.82999992370605 -2.82999992370605 -2.14000010490417 -1.58000004291534 -1.37999999523163 -1.37999999523163
-9999 -9999 -5.1100001335144 -7.44999980926514 -7.42999982833862 -8.60999965667725 -7.92999990413892 -8.25 -6.1100001335144 -7.28999996185303 -5.84999990463257 -7.26999998092651 -8.19999980926514 -8.59000015258789 -7.73999977111816 -8.43000030517578 -7.55999994277954 -8.47000026702881 -6.46000003814697 -6.21000003814697 -6.09999990463257 -6.05999994277954 -5.59999990463257 -4.92000007629395 -4.98999977111816 -4.94000005722046 -5 -5.69999980926514 -4.98999977111816 -4.46999979019165 -3.75 -3.25999999046326 -3.54999995231628 -3.36999988555908 -3.24000000953674 -3.00999999046326 -2.39000010490417 -2.54999995231628 -2.42000007629395 -2.67000007629395 -2.52999997138977 -1.87999999523163 -1.60000002384186 -1.29999995231628 -0.810000002384186
-9999 -9999 -2.53999996185303 -6.6399998664856 -7.17000007629395 -8.80000019073487 -7.40000009536743 -8.12000040654683 -5.19000005722046 -5.61999988555908 -3.82999992370605 -5.8600001335144 -6.96999979019165 -7.53999996185303 -8.60999965667725 -8.27000045776367 -7.59000015258789 -8.15999984741211 -6.59999990463257 -6.36000013351441 -6.21000003814697 -6.03000020980835 -5.6399998664856 -4.82999992370605 -3.1800000667572 -4.80999994277954 -5.19000005722046 -5.11999988554657 -5.11999988555908 -4.67999982833862 -4.07000017166138 -3.94000005722046 -3.78999996185303 -3.19000005722046 -2.77999997138977 -2.75999999046326 -2.50999999046326 -2.48000001907349 -2.28999996185303 -2.3199999332428 -2.3199999332428 -2.0699999332428 -1.50999999046326 -1.29999995231628 -0.819999992847443
-9999 -9999 -2.08999991416931 -6.38000051089387 -7.88000011444092 -8.18000030517578 -8.35000039115363 -7.8899998664856 -7.70999979308449 -7.09999986983293 -3.73000001907349 -6.15999984741211 -7.219999793155 -8.60000038146972 -9.0600004196167 -8 -7.59000015258789 -7.84999990463257 -6.65999984741211 -6.48999977111816 -6.44999980926514 -6.15999984741211 -5.69000005722046 -5.03999996185303 -4.92000007629394 -5.32000017166138 -5.44000005722046 -5.00000000023825 -4.98999977112752 -4.94000005722046 -4.26999998092651 -4.17000007629395 -3.74000000953674 -3.28999996185303 -3.00999999046326 -2.67000007629395 -2.67000007629395 -2.28999996185303 -2.1800000667572 -1.99000000953674 -1.92999994754791 -1.57000005245209 -1.41999995708466 -1.23000001907349 -0.810000002384186
-9999 -9999 -1.58000004291534 -7.53000020980835 -7.11999988555908 -6.67999982833862 -7.26999998092651 -7.96000003814697 -8.27999973297119 -5.51999969091859 -3.65000009536743 -6.26999998092651 -7.61999988555908 -8.52999973297119 -8.39000034332275 -8.46000003814697 -7.76999998092651 -8.21000003814697 -8.43000030517578 -6.42000007629395 -6.3600001335144 -6.15000009536743 -5.78999996185303 -5.53000020980835 -5.73999977021171 -5.73999977111816 -5.44999981129576 -5.15999984741211 -4.8600001335144 -4.6100001335144 -4.51000022888184 -4.3600001335144 -4.09999990463257 -3.75 -3.13000011444092 -2.80999994277954 -2.58999991416931 -2.17000007629394 -2 -1.95000004768372 -1.82000005245209 -1.73000001907349 -1.48000001907349 -1.32000005245209 -0.970000028610229
-9999 -9999 -1.12999999523163 -7.17000007629394 -6.07999992370606 -6.44000005722046 -6.65000009536743 -8.18000030517578 -7.44999980926514 -4.34000015258789 -3.17000004541264 -5.76000022888184 -7.82999992370605 -8.40999984741211 -8.0600004196167 -8.32999992370605 -7.73000001907349 -7.65999984741211 -6.30000029078125 -6.42999982833862 -6.59999990463257 -6.21000003814697 -5.98000001907349 -5.71000003814697 -5.59999990490034 -5.65999984728448 -5.38000011444092 -5.38000011444092 -5.01000022888184 -4.84999990463257 -4.86999988555908 -4.94000005722046 -4.82000017166138 -3.90000009536743 -3.20000004768372 -2.77999997138977 -2.27999997138977 -1.88999998569489 -1.77999997138977 -1.63999998569489 -1.74000000953674 -1.97000002861023 -1.63999998569489 -1.41999995708466 -1.22000002861023
-9999 -4.40999984741211 -1 -5.21000003814697 -6.69999991395631 -6.03000020980835 -7.5 -7.6799997271332 -5.94999980926514 -3.48000001907349 -2.97000002416664 -5.83999995352015 -8.22000026702881 -7.73999977111816 -7.48000001907349 -8.10000038146972 -7.57000017166138 -7.71999979019165 -8.17000007629395 -6.59999990463257 -6.48999977111816 -6.09999990463257 -5.88000011444092 -5.59000015258789 -5.55999994277954 -5.34999990463257 -5.30999994277954 -5.09999990463257 -5.01000022888184 -4.90999984741211 -4.90999984738777 -4.90000009536743 -4.57000017173528 -4.01999998092651 -3.50999999046326 -2.88000011444092 -1.75 -1.57000005245209 -1.69000005722046 -1.60000002384186 -1.76999998092651 -1.94000005722046 -1.71000003814697 -1.53999996185303 -1.38999998569489
-9999 -2.29999995231628 -0.97000002861023 -6.19999980926514 -5.98000001907349 -6.78000020980835 -5.05000019073486 -5.15999984741211 -4.51999998092651 -3.08999991416931 -2.75999999046326 -3.01999998092651 -7.97999999389623 -6.28000021031657 -6.3899998664856 -7.46000003814697 -7.57999981378747 -7.11000013351441 -7.76999998092651 -6.38999987760333 -6.34999990463257 -6.21000003814697 -6.26000022888184 -5.88000011444092 -5.78000020980835 -5.25 -5.23000001907349 -5.15000009536743 -5.09000015258789 -5.01000022886126 -4.90999984741211 -4.48999977111816 -4.75 -4.38000011444092 -3.40000009536743 -2.5699999332428 -1.83000004291534 -1.67999994754791 -1.77999997138977 -1.86000001430511 -1.97000002861023 -2.20000004768372 -1.78999996185303 -1.66999995708466 -1.58000004291534
-9999 -6.53999996185303 -3.86999891373075 -5.55000019073486 -7.6100001335144 -6.88000011444092 -6.90999984741211 -6.75 -5.94000005722046 -4.26999998092651 -3.54999995231628 -3.22000002861023 -4.96999979019165 -5.86999988555908 -6.28999996185303 -7.42999982833862 -7.28999996185303 -6.96000003814697 -7.34000015258789 -6.61999987553279 -6.28999996185303 -6.09999990463257 -6.1399998664856 -5.82999992370605 -4.92999982833862 -4.8899998664856 -4.92999982833862 -4.75000000043178 -4.75 -5.19000005711758 -5.11000013351441 -5.07000017166138 -4.86999988555908 -4.46000003814697 -3.51999998092651 -3.13000011444092 -2.45000004768372 -1.99000000953674 -1.94000005722046 -1.99000000953674 -2.01999998092651 -2.0699999332428 -2.07999992370605 -2.10999989509582 -1.83000004291534
-9999 -5.35000045742295 -0.360000014305115 -5.05999994277954 -7.25 -5.98000001907349 -5.94000005722046 -6.55999994277954 -6.86999979415985 -3.82999992370605 -4.32999992370605 -5.28999996185303 -3.40000009536743 -5.40999984741211 -6.76000022888184 -5.80999988241341 -7.51000022888184 -7.15999984741211 -7.92999982833862 -6.38999986648559 -6.25000000640084 -5.94000005722046 -5.88000011444092 -5.59000015258789 -4.88000011501381 -4.88000011444092 -4.51999998090978 -4.65999984741211 -4.94999980899088 -5.90000009536743 -5.19999980926514 -5.07000017166138 -4.90999984741211 -4.11999988555908 -3.78999996185303 -2.94000005722046 -2.50999999046326 -2.23000001907349 -2.05999994277954 -1.98000001907349 -2.09999990463257 -2.03999996185303 -2.08999991416931 -2.23000001907349 -2.4300000667572
-9999 -5.88000011444092 -0.790000021457672 -2.51999998092651 -6.44999980926514 -4.75 -5.82000017166138 -6.19999980926514 -5.82999992370605 -4.26000022888184 -6.42999982833862 -5.53000020980835 -4.3899998664856 -2.97000002861023 -3.96000003814697 -5.90000009536743 -7.369999868209 -7.30000019073486 -7.75 -6.88000011444092 -6.40000014363461 -5.28000020980835 -5.59000015258789 -5.46000003814697 -5.03000020980835 -4.01999998092651 -3.83999991416931 -3.83999991416931 -4.3600001335144 -4.86999988555908 -4.92999982835813 -4.98999977109804 -4.92000007629395 -3.95000004768372 -3.41000008585399 -3.02999997138977 -2.74000000953674 -2.39000010490417 -2.03999996185303 -2.01999998092651 -2.24000000953674 -2.22000002861023 -2.01999998092651 -2.13000011444092 -2.05999994277954
-9999 -5.61000013351441 -6.07000017166138 -0.370000846761064 -6.03000020980835 -3.85999989509582 -4.78000020980835 -6.01000022888184 -5.26999998092651 -4.48000001907349 -5.92999982833862 -5.03999996185303 -4.46000003814697 -2.83999991416931 -4.09000014678759 -5.28000020980835 -6.6100001335144 -6.84999990463257 -7.15000009536743 -7.07000017166138 -6.19999980926514 -5.88000011444092 -5.5999998962214 -5.11000013351441 -4.03999996185303 -3.70000004768372 -3.25 -3.44000005722046 -3.63000011444092 -4.19000005722046 -4.59000015253916 -4.69999980926514 -4.09999990463257 -3.77999997138977 -3.3499999046544 -3.09999990463257 -2.63000011444092 -2.130000114445 -1.8400000333786 -1.46000003814697 -1.29999995231628 -2.07999992370605 -0.6700000166893 -1.72000002861023 -1.67999994754791
-9999 -5.42999982833862 -4.21999979019165 -0.589999973773956 -2.60999989509582 -3.89000010490417 -4.34999990463257 -5.07000017166138 -4.59999990463257 -4.36999988555908 -6.01000022888184 -5.03999996185303 -4.28000020980835 -3.13000011444092 -3.42000007629395 -6.1100001335144 -6.65000009536743 -7.25 -6.90999984741211 -7.28000017299312 -6.76999998156947 -5.8800001443794 -5.21000003814697 -4.46999979019165 -3.80999994277954 -3.26999998092651 -3.05999994277954 -3.23000001907349 -3.5 -4.30999994237258 -4.57000017166138 -4.51000022888184 -3.90000009536743 -3.6800000667572 -3.3199999332428 -3.0699999332428 -2.66000008583069 -2.13000011444536 -1.88999998569489 -1.5 -1.39999997615814 -1.11000001430511 -0.740000009536743 -0.550000011920903 -0.209999993443489
-9999 -5.13000001988659 -4.53000020980835 -2.98000001907349 -0.0599999986588955 -3.86999988555908 -2.80999994277954 -4.15999984741211 -4.94999980926514 -5.46999979019165 -5.36999988555908 -5.07000017166138 -4.90999984741211 -3.23000001907349 -2.71000003814697 -5.98999977111816 -6.17000007629395 -6.90000009536743 -6.44999980926514 -5.61999988555908 -6.46999979019165 -6.73999976208171 -6.96999979019165 -4.86000013610374 -3.79999995231628 -3.32999992370605 -3.21000003814697 -3.25 -3.46000003801402 -3.78999996185303 -4.38000011444092 -4.32000017166138 -3.70000004768372 -3.51999998092651 -3.38000011444092 -3.19000005722046 -2.6800000667572 -2.19000005722439 -1.89999997615814 -1.50999999046326 -1.36000001430511 -1.19000005722046 -0.689999997615814 -0.5 -0.219999998807907
-9999 -4.56500005722046 -5.47499990463257 -3.41000008583069 -1.47999994565969 -1.9025000333786 -2.96000003814697 -3.92000007629395 -4.11999988555908 -4.53999996185303 -4.26000022888184 -5.5 -5.90999984680615 -3.72000002861023 -2.44000005722046 -4.3899998664856 -6.28000020980835 -6.82000017166138 -6.21000003814697 -4.78000020980835 -6.36999988555908 -6.67999982833862 -6.69999980739451 -4.73999977111816 -4.26999998092651 -3.44000005722046 -3.20000004768372 -3.38000011444092 -3.39000010490417 -3.63000011444092 -3.61999988555908 -4.15000009536743 -4.15000009536743 -3.29999995231628 -3.0699999332428 -2.99000000953674 -2.69000005722046 -2.30999994277954 -1.98000001907349 -1.50999999046326 -1.15999996662147 -0.959999978542328 -0.660000026226044 -0.569999992847371 -0.370000004768372
-9999 -3.80999994277954 -4.86999988555908 -4.27500009536743 -1.73500001430511 -0.852500021457672 -2.62750005722046 -3.08999996796835 -5.25750017166138 -4.57250022888184 -3.97499990463257 -4.0625 -4.88500022888184 -3.23749995231628 -2.4449999332428 -4.05499981244068 -5.53999996185303 -3.51749992370605 -3.13750004768372 -2.98749995231628 -3.22000002861023 -5.38500022888184 -5.47249984741211 -3.69749999046326 -5.65000010833347 -4.5 -3.61999988555908 -3.59999990463257 -3.66000008583069 -3.6800000667572 -3.66000008583069 -3.63000011444092 -3.5 -3.20000004768372 -3.11999988555908 -3.13000011444092 -2.60999989509582 -2.24000000953674 -2.08999991416931 -1.6599999666214 -1.54999995231645 -1.27999997138977 -1.1599999666214 -1.04999995231628 -0.870000004768372
-9999 -3.36500000953674 -3.2675002813392 -4.97249984741211 -1.74249994754791 -0.792500019073486 -0.84249997138977 -2.85249996185303 -5.0625 -3.88499999046326 -3.87249994603827 -3.86999988555908 -4.40500020980835 -3.52999997138977 -2.50250005722046 -2.6175000667572 -3.96499991416931 -3.51250004768372 -3.63249993719578 -3.42249989509583 -3.39000010490417 -4.60750007629395 -5.18249988555908 -4.85249996185303 -5.4375 -7.05000019073486 -2.49000000894882 -2.96499991337429 -2.61249995231628 -2.98250007609181 -3.02250003814697 -3.08249998092651 -2.88750004768372 -2.84999990463257 -3.02999997138977 -3.04999995231628 -2.40000009536743 -2.08750009536743 -1.66999995708466 -1.5 -3.0399999618507 -1.89499998092651 -1.16750001907349 -1.11249995231639 -0.842499971389771
-9999 -3.12249994277954 -3.60999989509583 -4.04250001907349 -0.815000116825104 -0.862500045520983 -0.9375 -2.51999998092651 -3.28500008583069 -3.54999995231628 -4.21999979019165 -3.85500001907349 -3.27500009536743 -2.95250010490418 -2.26250004768372 -2.55999994277954 -2.51250004768372 -5.27500009536743 -5.40749979019165 -3.92249989509583 -4.39499998092651 -3.83750008194255 -4.8899998664856 -5.35249996185303 -5.5774998664856 -4.61749982833862 -3.48250007629395 -3.23250007629395 -3.51749992370605 -3.09750008603485 -3.12750005722046 -3.11500000953674 -3.01749992370605 -3.10999989509583 -2.90000009536743 -2.96499991416931 -2.89499998092651 -1.91499996185303 -1.19500005245209 -1.4724999666214 -1.82749998569466 -1.6599999666214 -1.92499995231628 -1.86749994754791 -1.99749994277954
