SnowAccumulation_R/test/tmin/final_tmin_11_04_2009.asc
NCOLS 97 
NROWS 69 
XLLCORNER 52512.810182332 
YLLCORNER 5316225.2758522 
CELLSIZE 10000 
NODATA_value -9999 
[rows 0 to 19 of 69, columns 45 to 89 of 97]
-9999 -9999 -9999 -9999 -9999 -9999 -9999 -9999 -9999 -9999 -9999 -9999 -9999 -9999 -9999 -9999 -9999 -9999 -9999 -9999 -9999 -9999 -9999 -9999 -9999 -9999 -9999 -9999 -9999 -9999 -9999 -9999 -9999 -9999 -9999 -9999 -9999 -9999 -9999 -9999 -0.649999976158142 -0.469999998807907 -0.310000002384186 -0.100000001490116 -0.0199999995529652
-9999 -9999 -9999 -9999 -9999 -9999 -9999 -9999 -9999 -9999 -9999 -9999 -9999 -9999 -9999 -9999 -9999 -9999 -9999 -9999 -9999 -9999 -9999 -9999 -9999 -9999 -1.51999998092651 -1.62999999523163 -1.82000005245209 -1.83000004291534 -1.52999997138977 -1.28999996185303 -1.25 -1.17999994754791 -1.01999998092651 -0.939999997615814 -0.889999985694885 -0.979999987554161 -1 -0.830000020786729 -0.639999985694885 -0.479999989271164 -0.280000001192093 -0.219999998807907 0
-1.71000003814697 -1.67999994754791 -1.6599999666214 -1.62999999523163 -1.5900000333786 -1.72000002861023 -1.76999998092651 -1.75999999046326 -1.82000005245209 -1.87999999523163 -1.83000004291534 -1.87000000476837 -1.89999997615814 -1.97000002861023 -2.0499999523678 -2.24000000953674 -2.24000000953674 -2.11999988555908 -2.05999994277954 -2 -1.99000000952063 -1.99000000953674 -1.86000001430511 -1.74000000953674 -1.59000004712785 -1.61000001460628 -1.58000004291534 -1.62000000476837 -1.87000000476837 -2.0699999332428 -1.86000001430511 -1.58000004291534 -1.41999995708466 -1.28999996185303 -1.11000001430511 -1.01999998092651 -0.900000002951888 -0.870000004768372 -0.919999959434718 -0.75 -0.579999983310699 -0.509999990463257 -0.400000005960465 -0.209999993443489 -0.0599999986588955
-1.38999998569489 -1.33000004291534 -1.40999996662138 -1.45000004768372 -1.44000005722046 -1.62999999523163 -1.71000003814697 -1.75999999046326 -1.78999996185342 -1.87000000476837 -2.04999995231628 -1.99000000953674 -2.03999996185303 -2.16000008583069 -2.28999996185303 -2.53999996185303 -2.66000008583069 -2.32999992370605 -2.20000004768372 -2.13000011444092 -2.14000010490417 -2.11999988555908 -2.07999992370605 -1.87000001713768 -1.94000005722046 -1.83000004291534 -1.71000003814697 -1.62000000476837 -1.8400000333786 -2.09999990463257 -1.88000000481627 -1.63999998569489 -1.37999999523163 -1.37000000476837 -1.22000002861023 -1.12000000476837 -1.04999995231628 -0.920000122740309 -0.920000016689301 -0.769999980926514 -0.620000004768372 -0.540000021457672 -0.400000005960464 -0.209999993443489 -0.140000000596046
-1.35000002384186 -1.33000004291534 -1.23000001907349 -1.25 -1.4099999666214 -1.48000001907349 -1.67999994754791 -1.79999995231628 -1.8200000524517 -1.8400000333786 -2.07999992370605 -2.21000003814697 -2.26999998092651 -2.33999991416931 -2.45000004768372 -2.55999994277954 -2.58999991416931 -2.47000002861023 -2.35999989509582 -2.29999995226877 -2.21000003814697 -2.21000003814697 -2.3199999332428 -2.25 -1.96000003825332 -1.91999995708466 -1.79999995231628 -1.71000003814697 -1.75999999046326 -2 -2.04999995231628 -1.73000001907349 -1.50999999046326 -1.42999994754791 -1.26999998092651 -1.25999999046326 -1.27999999564704 -1.19000005722046 -1 -0.829999983310699 -0.670000087582957 -0.560000002384186 -0.409999996423721 -0.28999999165535 -0.0599999986588955
-1.16999995708466 -1.21000003814697 -1.19000005722046 -1.13999998569489 -1.16999995708466 -1.25999999046326 -1.47000002861023 -1.67999994754791 -1.8400000333786 -1.91999995708466 -2.07999992370605 -2.21000003814697 -2.26999998092651 -2.34999990464006 -2.45000004768372 -2.52999997138977 -2.55999994277954 -2.73000001907349 -2.57999992370605 -2.44000005722046 -2.28999996364256 -2.38000011444092 -2.39000010490418 -2.36999988555908 -2.25999999046326 -1.99000000953674 -1.91999995708466 -1.85000002384186 -1.74000000953674 -1.75999999046326 -1.86000001430511 -1.76999998092651 -1.57000005245209 -1.47000002861023 -1.35000004459926 -1.28999996185303 -1.25999999046326 -1.17999994754791 -1.04999995231628 -0.870000079247016 -0.779999971389771 -0.550000011920929 -0.409999996423721 -0.28999999165535 -0.0700003207302329
-0.980000019073486 -1.12000000476837 -1.13999998569487 -1.08000004291534 -1.19000005722046 -1.22000002861023 -1.32000005245209 -1.49000000953674 -1.5900000333786 -1.89999997615814 -1.99000000953674 -2.1800000667572 -2.33999991416931 -2.38000011443339 -2.50999999046326 -2.51999998092651 -2.71000003814697 -2.84999990463257 -2.77999997162248 -2.89000010490417 -2.5699999332428 -2.47000002861023 -2.41000008583069 -2.48000001907349 -2.50999999046326 -2.09999990463257 -1.99000000953674 -1.92999994754791 -1.85000002384186 -1.78999996185303 -1.75 -1.70000004768372 -1.61000001430511 -1.55999994277954 -1.5 -1.36000001430511 -1.26999998092651 -1.12000000476837 -1.01999998092651 -0.899999976158142 -0.740000009536743 -0.540000021457672 -0.389999985694885 -0.270000010728836 -0.209999993443489
-0.839999973773956 -0.990000009536743 -1.01999998092662 -1.11000001430511 -1.32000005245209 -1.3400000333786 -1.46000003814697 -1.57000005245209 -1.64999997615814 -1.78999996185303 -1.94000005722046 -2.11999988555908 -2.30999994277954 -2.35999989509583 -2.57999992370605 -2.60999989509582 -2.76999998092651 -2.80999994277954 -2.84999990463257 -2.91000008583069 -2.83999991416931 -2.54999995231628 -2.49000000953674 -2.52999997140069 -2.61999988555908 -2.21000003814697 -2.04999995231628 -2 -1.97000002861023 -1.89999997615814 -1.75 -1.75999999046326 -1.62000000476837 -1.57000005245209 -1.50999999046326 -1.41999995708466 -1.29999995231628 -1.12000000476837 -1.04999995231628 -0.850000023841858 -0.699999988079071 -0.569999992847443 -0.379999995231628 -0.330000013113022 -0.159999996423721
-0.75 -0.879999995231629 -0.939999997615814 -1.16999995708466 -1.3400000333786 -1.50999999046326 -1.54999995231628 -1.70000004768372 -1.79999995231628 -1.82000005245209 -2.07999992370606 -2.09999990463257 -2.30999994277954 -2.33999991416931 -2.50999999065478 -2.60999989509583 -2.77999997138977 -2.90000009536743 -2.92000007629395 -2.98000001907349 -2.90000009536743 -2.75 -2.59999990463257 -2.57999992370605 -2.63000011444092 -2.36999988555908 -2.15000009536743 -2.0299999716757 -2.01999998092651 -1.97000002861023 -1.86000001430511 -1.75 -1.58000005036669 -1.55999994277954 -1.54999995231628 -1.44000005722046 -1.26999998092651 -1.09000006699702 -1 -0.819999992847443 -0.699999988079071 -0.509999990463257 -0.409999996423721 -0.200000002980232 -0.0900000805343573
-0.600000023841858 -0.860000014305115 -0.990000009536743 -1.21000003814697 -1.52999997138977 -1.69000005722046 -1.75 -1.78999996185427 -1.89999997615814 -1.98000001907349 -2.02999997138977 -2.14000010490417 -2.26999998082098 -2.32999992370605 -2.44000005722046 -2.54999995231628 -2.82999992370605 -2.93000006679318 -2.98000001907349 -2.94000005722046 -3.02999997138977 -3.04999995231628 -2.91000008562416 -2.6800000667572 -2.69000005722046 -2.47000002861023 -2.3199999332428 -2.1800000667572 -2 -1.91999995708466 -1.8400000333786 -1.75999999046326 -1.69000005722046 -1.5900000333786 -1.52999997138977 -1.41999995708466 -1.24000000953674 -1.1599999666214 -1.00999999046326 -0.740000009536743 -0.639999985694885 -0.430000076551824 -0.349999994039535 -0.250000022027772 -0.0900000035762787
-0.620000004768372 -0.899999976158142 -1.12000000476837 -1.30999994277954 -1.62999999523163 -1.87000000476837 -1.91999995708466 -1.91999995708547 -2.05999994278094 -2.17000007632815 -2.35999989509583 -2.25 -2.24999999998686 -2.29999995231628 -2.40000009536743 -2.50999999046326 -2.54999995231628 -2.77999997138977 -2.99000000953674 -2.97000002861023 -3.14000010490418 -3.21000003814697 -3.16000008583069 -3.07999992370605 -2.80999994277954 -2.52999997138977 -2.39000010534341 -2.27999997138977 -2.0699999332428 -1.92999994754791 -1.85000002384186 -1.78999996401221 -1.74000000953674 -1.60000002384186 -1.52999997138977 -1.35000002384186 -1.26999998092651 -1.17999994754791 -0.9200000166893 -0.759999990463257 -0.540000021457672 -0.490000009536743 -0.370000004768372 -0.219999998807907 -0.0799999982118607
-0.699999988079071 -0.980000019073673 -1.19000005722061 -1.51999998092684 -1.79999995231638 -1.92999994754922 -2.16000008583069 -2.25 -2.25999999046326 -2.4300000667572 -2.45000004768372 -2.34999990463257 -2.34999990463257 -2.29999995231628 -2.44000005722046 -2.50999999046326 -2.50999999046326 -2.5699999332428 -2.90000009536743 -2.95000004768372 -3.11999988555908 -3.23000001907349 -3.25999999046326 -3.28999996185303 -3.04999995231628 -2.75999999046326 -2.51999998092651 -2.29999995231628 -2.16000008583069 -1.96000003814697 -1.87999999523163 -1.8400000333786 -1.78999996185303 -1.63999998569489 -1.5 -1.34000003924295 -1.21000003814697 -1.14999997615814 -0.939999997615814 -0.759999990463257 -0.680000007152557 -0.469999998807907 -0.330000013113022 -0.239999994635582 -0.110000129037662
-0.740000009536743 -1.12999999523163 -1.28999996185319 -1.64999997615814 -1.88999998569489 -2.20000004768372 -2.24000000953674 -2.33999991416931 -2.27999997138977 -2.33999991416931 -2.47000002861023 -2.44000005722046 -2.45000004768372 -2.49000000953674 -2.46000003814697 -2.50999999046326 -2.50000000005768 -2.5699999332428 -2.75999999046326 -2.86999988555908 -2.97000002861023 -3.00999999070516 -3.1800000667572 -3.23000001907349 -3.19000005722046 -3 -2.64000010490417 -2.32999992370605 -2.21000003648536 -2.00999999046326 -1.91999995708466 -1.86000001430511 -1.77999997138977 -1.64999997615814 -1.4099999666214 -1.39999997615814 -1.30999994277954 -1.19000005722046 -0.990000009536743 -0.770000172692885 -0.6700000166893 -0.459999992441307 -0.340000003576279 -0.28999999165535 -0.219999998807907
-0.790000021457672 -1.27999997138977 -1.51999998092651 -1.72000002861023 -2 -2.23000001907349 -2.30999994277954 -2.29999995231628 -2.5699999332428 -2.65000009536743 -2.4300000667572 -2.50999999046326 -2.51999998092651 -2.53999996185303 -2.52999997138977 -2.50999999046326 -2.50000000005806 -2.58999991416931 -2.66000008583069 -2.73000001907349 -2.83999991416931 -2.89000010490417 -3.0699999332428 -3.15000009536743 -3.10999989509583 -2.98000001907349 -2.59999990463257 -2.29999995098971 -2.16000008583069 -1.97000002861023 -1.98000001907349 -1.87999999523163 -1.74000000953674 -1.58000004291534 -1.5 -1.46000003814697 -1.39999997615814 -1.32000005245209 -0.949999988079071 -0.810000002384186 -0.66000003976483 -0.46000000834465 -0.379999995231628 -0.340000003576279 -0.280000001192093
-0.959999978542328 -1.32000005245209 -1.54999995231628 -2 -2.05999994277954 -2.17000007629395 -2.28999996185303 -2.4300000667572 -2.64000010490417 -2.77999997138977 -2.66000008583069 -2.7799999713933 -2.72000002861023 -2.53999996185303 -2.52999997138977 -2.5699999332428 -2.64000010490417 -2.57999992370605 -2.72000002861023 -2.80999994277954 -2.79999995235885 -2.91000008583069 -3.04999995231628 -3.09999990463257 -3.00999999046326 -2.85999989509583 -2.48000001066514 -2.28999996185303 -2.08999991416931 -2.03999996185303 -2.01999998092651 -1.86000001430511 -1.66999995708466 -1.64999997615814 -1.62000000476837 -1.42999994754791 -1.38999998569489 -1.20000004768372 -1.13999998569489 -0.800000011920929 -0.829999983310699 -0.550000011920929 -0.440000052820468 -0.400000005960464 -0.340000003576279
-1.07000005245209 -1.5 -1.67999994754791 -2.02999997138977 -2.24000000953674 -2.34999990463257 -2.44000005722046 -2.51999998092651 -2.5699999332428 -2.77999997138977 -2.85999989509583 -2.83999991416931 -2.75999999046326 -2.72000002861023 -2.77999997138977 -2.79999995231628 -2.6800000667572 -2.54999995231628 -2.75 -2.80999994277954 -2.83999991416931 -2.88000011444092 -2.91000008583069 -2.95000004768372 -2.84999990463257 -2.53999996185303 -2.60999989509582 -2.25 -2.16000008583069 -2.15000009536743 -2 -1.80999994277954 -1.6599999666214 -1.61000001430511 -1.52999997138977 -1.48000001907349 -1.33000004291534 -1.29999995539634 -1.13999998569489 -0.9200000166893 -0.790000021457672 -0.620000004768372 -0.550000011920929 -0.419999986886978 -0.349999994039535
-1.23000001907349 -1.64999997615814 -1.88999998569489 -2.10999989509583 -2.30999994277954 -2.45000004768372 -2.46000003814729 -2.53999996185303 -2.54999995231628 -2.75999999046326 -2.91000008583069 -2.94000005722046 -2.9300000667572 -2.89000010490417 -2.90000009536743 -2.92000007632368 -2.86999988555908 -2.6800000667572 -2.60999989509582 -2.84999990463257 -2.85999989509583 -2.80999994277954 -2.8199999332428 -2.82999992119533 -2.73000001907349 -2.5699999332428 -2.48000001907349 -2.20000004768372 -2.22000002901762 -2.16000008583069 -2.00999999046326 -1.79999995231628 -1.61000001430511 -1.57000005245209 -1.49000000953674 -1.41999995708466 -1.30999994277954 -1.28999996185303 -1.05999994277954 -0.850000023841858 -0.689999997615814 -0.639999985694885 -0.560000002384186 -0.430000007152557 -0.360000014305115
-1.50999999046326 -1.82000005245209 -2.03999996185303 -2.26999998092651 -2.44000005722046 -2.5 -2.50999999046326 -2.64000010490417 -2.64000010490417 -2.6800000667572 -2.77999997138977 -2.90000009536743 -3.01999998092651 -3.01999998092651 -3.01999998092651 -3.03999996185303 -3.07999992370606 -2.99000000953674 -2.95000004768372 -2.7699999807728 -2.76999998092651 -2.91000008583069 -2.77999997466262 -2.69000005722046 -2.65000009536743 -2.59999990463257 -2.49000000953674 -2.26999998092651 -2.26999998092651 -2.17000007629395 -2 -1.75999999046326 -1.66999995708466 -1.55999994277954 -1.51999998092651 -1.44000005722046 -1.26000007201804 -1.20000002343801 -1.08000004291534 -0.779999971389771 -0.650000014332369 -0.600000023841858 -0.560000002384186 -0.419999986886978 -0.340000035640533
-1.63999998569489 -1.92999994754791 -2.07999992370605 -2.38000011444092 -2.53999996185303 -2.65000009536743 -2.64000010490407 -2.64000010490417 -2.71000003814697 -2.76999998092651 -2.6800000667572 -2.8199999332428 -3.00999999046326 -3.15000009536743 -3.11999988555908 -3.14000010490418 -3.22000002861023 -3.25999999046326 -3.30999994277954 -3.26999998092651 -2.77999998360164 -2.90000009536743 -2.72000002861023 -2.69000005719484 -2.58999991416931 -2.47000002861023 -2.42000007629395 -2.32999992354414 -2.27999997138977 -2.16000008583069 -1.98000001907349 -1.73000001907349 -1.66999995708466 -1.64999997615814 -1.51999998092651 -1.37999999523163 -1.30999994277954 -1.1599999666214 -0.980000019073486 -0.730000019073486 -0.699999988079071 -0.639999985694885 -0.550000011920929 -0.409999996423721 -0.379999995231628
-1.69000005722046 -1.99000000953674 -2.11999988555908 -2.32999992370605 -2.52999997138977 -2.55999994277954 -2.59999990463257 -2.57999992370606 -2.75999999046326 -2.76999998092651 -2.75999999046098 -2.84999990463257 -2.94000005722046 -3.0699999332428 -3.14000010490418 -3.17000007629394 -3.3199999332428 -3.29999995231628 -3.41000008465652 -3.32999992370605 -3.42000007629395 -3.32999992370605 -2.86999988555908 -2.66000008583069 -2.48000001907349 -2.33999991416931 -2.28999996185303 -2.30999994277954 -2.26999998092651 -2.11999988555908 -1.89999997615814 -1.77999997138977 -1.71000003814697 -1.62999999523163 -1.42999994754791 -1.41999997975635 -1.25999999046326 -1.0900000333786 -0.910000026226044 -0.779999971389771 -0.709999978542328 -0.639999985694885 -0.540000021457672 -0.469999998807907 -0.370000004768372
