SnowAccumulation_R/test/tmin/final_tmin_19_04_2009.asc
NCOLS 97 
NROWS 69 
XLLCORNER 52512.810182332 
YLLCORNER 5316225.2758522 
CELLSIZE 10000 
NODATA_value -9999 
[rows 40 to 59 of 69, columns 45 to 89 of 97]
-4.01000022888184 -3.64000010490417 -3.16000008583069 -3.10999989509583 -2.98000001907349 -2.94000005722046 -2.91000008583069 -2.50999999046326 -2.72000002861023 -3.10999989509583 -3.45000004768372 -3.58999991416931 -3.75 -3.8199999332428 -3.82999992370031 -3.79999995231628 -3.71000003814697 -3.57999992370605 -3.49000000953674 -3.27999997138977 -3.04999995231628 -2.95000004768372 -2.76999998092651 -2.50999999046326 -2.39000010490418 -2.19000005722046 -1.9999999977093 -1.88999998529638 -1.72000002861023 -1.54999995231628 -1.37999999558466 -1.29999995231628 -1.12999999523163 -0.949999988079071 -0.850000023841858 -0.670000016689301 -0.46000000834465 -0.340000003576279 -0.0299999993294477 0.360000014305115 0.550000011920929 0.810000002384186 1.10000002384186 1.22000002861023 1.4099999666214
-4.46999979019165 -3.84999990463257 -3.76999998092651 -3.30999994277954 -3.41000008583069 -3.26999998092651 -3.30999994277954 -2.63000011444092 -2.83999991416931 -3.24000000953674 -3.58999991416931 -3.71000003814697 -3.85999989509582 -3.92000007629395 -3.92000007628248 -3.85999989509583 -3.75999999046326 -3.58999991416931 -3.47000002861023 -3.22000002861023 -2.95000004768372 -2.80999994277954 -2.5 -2.26999998092651 -2.15000009536743 -2 -1.94000005722046 -1.88999998569489 -1.73000001907349 -1.57000005245209 -1.48000001907349 -1.29999995231628 -1.12999999523163 -1.04999995231628 -0.839999973773956 -0.689999997615814 -0.470000010622756 -0.360000014305115 -0.100000001490116 0.309999950298655 0.46000000834465 0.800000011920929 1.08000004291534 1.21000003814697 1.42999994754791
-4.44999980926514 -4.40999984741211 -4.32000017166138 -3.74000000953674 -3.66000008583069 -3.57999992370605 -3.10999989509583 -2.73000001907349 -2.95000004768372 -3.40000009536743 -3.75 -3.88000011444092 -4.01999998092651 -4.05999994277954 -4.03999996185303 -3.97000002861023 -3.8199999332428 -3.73000001893062 -3.5 -3.22000002861023 -2.88000011736746 -2.70000004768372 -2.22000002861023 -2.08999990540576 -1.94000005722046 -2.00999999046326 -1.92999994754791 -1.88999998569488 -1.76999998092651 -1.60000002384186 -1.5 -1.29999995231628 -1.11000001430511 -1.01999998092651 -0.8299999833107 -0.660000026226044 -0.579999983310699 -0.370000004768372 -0.150000005960464 0.100000001490116 0.46000000834465 0.800000011920929 0.949999988079071 1.22000002861023 1.48000001907349
-4.6100001335144 -4.59000015258789 -4.48000001907349 -4.32000017166138 -4.05999994277954 -3.77999997138977 -3.26999998092651 -3.00999999046326 -3.23000001907349 -3.64000010490417 -3.96000003814697 -4.07999992370605 -4.21000003814697 -4.21999979019165 -4.19000005722046 -4.07999992370606 -3.91000008583069 -3.79999995231628 -3.57999992370606 -3.25999999046326 -3.08999991355752 -2.60999989658629 -2.23000001907349 -2.05999994263581 -2.04999995231628 -2.0699999332428 -2.03999996185303 -1.99000000953674 -1.8400000333786 -1.64999997615814 -1.53999996185303 -1.30999994277954 -1.0900000333786 -0.980000019073486 -0.769999980926514 -0.579999983310699 -0.5 -0.330000013113022 0 0.109999999403954 0.46000000834465 0.779999971389771 0.930000007152557 1.22000002861023 1.45000004768372
-4.82999992370606 -4.88000011444092 -4.48000001907349 -4.46000003814697 -4.40000009536743 -3.90000009536743 -3.79999995231628 -3.3199999332428 -3.54999995231628 -3.97000002861023 -4.26999998092651 -4.36999988555908 -4.44000005722046 -4.40000009536743 -4.34000015258789 -4.19999980926514 -4 -3.89000010490417 -3.67000007629394 -3.34999990463257 -3.15000009743019 -2.97000002861023 -2.59999990463257 -2.48000001907349 -2.34999990463257 -2.30999994277954 -2.25999999046326 -2.14000010490418 -1.95000004768372 -1.84000003308502 -1.5900000333786 -1.3400000333786 -1.20000004768372 -0.949999988079071 -0.709999978542328 -0.600000023841858 -0.400000005960465 -0.14000001283449 0.0199999844701495 0.100000001490116 0.430000007152557 0.739999931778531 0.899999976158142 1.17999994754791 1.41999986787236
-4.92000007629395 -5.09999990463257 -4.88000011444092 -4.51000022888184 -4 -3.89000010490417 -3.92000007629395 -3.71000003814697 -3.91000008583069 -4.32000017166138 -4.59999990463257 -4.65999984741211 -4.67999982833862 -4.57000017166138 -4.48999977111816 -4.30999994277954 -4.09999990463257 -3.99000001002885 -3.74000000987835 -3.67000007629395 -3.57999992370605 -3.28999996185303 -3.00999999046326 -2.90000009536743 -2.74000000953674 -2.58999991416931 -2.50999999046326 -2.30999994277954 -2.08999991416931 -1.95000004768372 -1.6599999666214 -1.36000001430511 -1.21000003814697 -0.930000007152557 -0.660000026226044 -0.529999971389771 -0.240000000497004 -0.0700000002980232 -0.00999999977648258 0.140000000596046 0.310000002384186 0.379999995231628 0.810000002384186 1.08000004291534 1.21000003814697
-4.84000015258789 -5.51000022888184 -5.05000019073486 -4.34000015258789 -3.61999988555908 -3.48000001907349 -3.92000007629395 -3.80999994278325 -4.19999980926514 -4.65999984741211 -4.94999980926514 -4.98999977111816 -4.90999984741211 -4.73000001907349 -4.63000011444092 -4.34999990469199 -4.03999996185303 -3.99000000953674 -3.98000001907349 -3.91000008583069 -3.83999991416931 -3.65000009536743 -3.45000004768372 -3.34999990463257 -3.17000007629395 -2.98000001907349 -2.84999990463257 -2.55999994277954 -2.25 -2.08999991416931 -1.74000000953674 -1.39999997615814 -1.23000001907349 -0.910000026226044 -0.600000023841858 -0.389999985694885 -0.159999996423721 -0.00999999977648258 0.0399999991059303 0.119999997317791 0.270000010728836 0.400000005960465 0.649999976158142 0.980000019073486 1.08000004291534
-4.55999994277954 -4.73999977111816 -4.6100001335144 -4.23000001907349 -3.90000009536743 -3.84999990463257 -4 -4.01000022888528 -4.42000007629395 -4.96000003814697 -5.19000005723425 -5.28999996185303 -5.07000017160319 -4.94999980910002 -4.42999982833862 -3.91000008583069 -3.91000008597264 -4.09999990463257 -4.07000017166138 -4.07000017166138 -4.07999992370605 -4.01000022888184 -3.95000004768372 -3.85999989509583 -3.64000010490417 -3.34999990463257 -3.1800000667572 -2.80999994277954 -2.4300000667572 -2.23000001907349 -1.8400000333786 -1.45000004835724 -1.25999999046326 -0.889999985694885 -0.689999997615814 -0.319999992847443 -0.0799999982118607 -0.0399999991059303 0.0199999995529652 0.119999997317791 0.180000007152557 0.319999992847443 0.519999980926514 0.620000004768372 0.930000007152557
-4.26999998092651 -4.34000015258789 -4.30000019073486 -4.09000015258789 -4.03000020980835 -4.1100001335144 -4.09999990463257 -4.05999994278331 -4.51000022888184 -5.07999992368396 -5.32999992365002 -5.03999996185303 -4.5 -4.30999994265404 -3.71000003814697 -3.5699999332428 -3.66000008610434 -4.1399998664856 -4.21000003814697 -4.2500000001684 -4.46999979019165 -4.53000020980835 -4.539999961678 -4.40999984741211 -4.09999990463257 -3.92000007502467 -3.5 -3.05999994277954 -2.82999992370606 -2.38000011444092 -1.94000005722046 -1.72000002861023 -1.29999995231628 -0.9200000166893 -0.720000028610229 -0.340000003576279 -0.100000001490116 -0.0900000035762787 -0.0599999986588955 0 0.0599999986588955 0.200000002980232 0.389999985694885 0.479999989271164 0.610000014305115
-3.6800000667572 -4.01000022888184 -4.03000020980835 -3.94000005722046 -3.8199999332428 -4.19000005722046 -3.96000003814697 -2.89000010490417 -3.9300000667572 -4.65000009536743 -4.88000011444092 -4.84000015258789 -3.67000007629395 -3.46000003814697 -3.08999991416931 -3.08999991416931 -3.28999996185303 -4.1100001335144 -4.26999998092651 -4.46999979019165 -4.82000017166138 -5.05999994277954 -5.03000020980835 -4.90999984741211 -4.55000019073486 -4.32000017166138 -3.82999992370606 -3.29999995231628 -3.03999996185303 -2.52999997138977 -2.03999996185303 -1.79999996569365 -1.39999997615814 -0.980000019073486 -0.790000021457672 -0.46000000834465 -0.280000001192093 -0.239999994635582 -0.230000004172325 -0.220000000709931 -0.180000007152557 0.00999999977648258 0.189999954241942 0.270000010728836 0.469999998807907
-3.25 -3.71000003814697 -3.51999998092651 -3.21000003814697 -3.05999994277954 -4.15999984741211 -3.6800000667572 -1.98000001907349 -2.44000005722046 -3.63000011444092 -2.69000005722046 -4.36999988555908 -3.29999995231628 -2.9300000667572 -2.47000002861023 -2.59999990463257 -3.30999994277954 -3.97000002861023 -4.28000020980835 -4.48000001907349 -5.05999994277954 -5.5 -5.57000017166138 -5.30000019073486 -4.98000001907349 -4.69999980926514 -4.11999988555908 -3.51999998092651 -3.22000002861023 -2.66000008583069 -2.11999989646208 -1.92999994754791 -1.45000004768372 -1.02999997453182 -0.860000014305115 -0.600000023841858 -0.519999980926514 -0.46000000834465 -0.449999988079071 -0.479999989271164 -0.409999996423721 -0.230000004172325 -0.150000005960464 0.0500000007450581 -0.0199999995529652
-2.46000003814697 -2.85999989509582 -2.91000008583069 -2.95000004768372 -2.86999988555908 -1.82000005245209 -1.66999995708466 -1.53999996185303 -2.45000004768372 -3.46000003814697 -3.46000003814697 -3.46000003814697 -2.77999997138977 -2.11999988555908 -1.75 -2.80999994277954 -3.14000010490418 -3.65000009536743 -4.03999996185303 -4.48999977111816 -5.17000007629395 -5.96999979019165 -5.98000001907349 -5.53999996185303 -5.28000020980835 -5.03999996185303 -4.34999990463257 -3.6800000667572 -3.35999989509582 -2.75000000756941 -2.51999997992801 -1.97000002861023 -1.48000001907349 -1.26999998092651 -0.910000026226044 -0.699999988079071 -0.649999976158142 -0.670000016689301 -0.709999978542328 -0.720000028610229 -0.680000007152557 -0.469999998807907 -0.379999995231628 -0.430000007152557 -0.210000073819039
-1.94000005722046 -2.20000004768372 -2.69000005722046 -1.76999998092651 -1.97000002861023 -2.10999989509582 -2.22000002861023 -2.17000007629395 -2.65000009536743 -3.0699999332428 -3.09999990463257 -2.86999988555908 -2.27999997138977 -1.86000001430511 -1 -2.53999996185303 -3.02999997138977 -3.45000004768372 -4.05000019073486 -4.67999982833862 -5.55999994277954 -6.21999979019165 -6.34000015258789 -6.23999977111816 -5.88000011205765 -5.19999980926514 -4.48999977111816 -4.13000011444092 -3.45000004768372 -2.82999992370606 -2.52999997138977 -1.98000001907349 -1.48000001907349 -1.25999999046326 -0.910000026226044 -0.699999988079071 -0.699999988079071 -0.819999992847443 -1.03999994814775 -1.08000004291534 -0.97000002861023 -0.870000004768372 -0.660000313833625 -0.709999978542328 -0.569999992847443
-1.48000001907349 -2 -2.49000000953674 -1.87999999523163 -1.78999996185303 -1.99000000953674 -2.17000007629394 -2.23000001907349 -2.45000004768372 -2.67000007629395 -2.73000001907349 -2.53999996185303 -2.13000011444092 -1.76999998092651 -0.990000009536743 -2.28999996185303 -2.89000010490417 -3.57999992370605 -3.90000009601933 -4.80999994277954 -5.80999994277954 -6.28999996374419 -7.23000001907349 -6.65999984741211 -6.15999984741211 -5.03000020980835 -4.4099998415559 -3.96000003814697 -3.38000011444092 -2.77999997138977 -2.49000000953674 -1.95000004768372 -1.47000002861023 -1.24000000953674 -0.839999973773956 -0.67000001781443 -0.689999997615814 -0.990000009536743 -1.12000000476837 -1.48000001907349 -1.36000001430511 -1.22000039769286 -1.21000003814697 -0.800000011920929 -0.680000007152557
-1.05999994277954 -1.45000004768372 -1.76999998092651 -1.63999998569489 -1.58000004291534 -1.63999998569489 -1.9099999666214 -1.92999994754791 -2.15000009536743 -2.3199999332428 -2.41000008583069 -2.27999997138977 -2.15000009536743 -1.99000000953674 -1.87999999523163 -2.10999989541228 -2.98000001907349 -3.53999996185303 -3.89000010563487 -4.69000005722046 -5.57000017166138 -6.01999998092651 -6.71000003814697 -6.46999979019165 -6.01999998092651 -4.86999988555908 -4.19999980926514 -3.83999991416931 -3.24000000953674 -2.71000003814697 -2.4300000667572 -1.92999994754791 -1.69000005722046 -1.24000000953674 -0.800000011920929 -0.600000023841858 -0.649999976158142 -1.14999997615814 -1.4099999666214 -1.92999994754791 -1.78000008437437 -1.72000002861023 -1.33000004291534 -0.950000089177595 -0.740000009536743
-0.469999998807907 -0.709999978542328 -0.920000016689301 -0.910000026226044 -1.01999998092651 -1.27999997138977 -1.54999995231628 -1.71000003814697 -1.9099999666214 -2.03999996185303 -2.19000005722046 -2.15000009536743 -1.9099999666214 -2.15000009536743 -2.50999999046326 -2.69000005737496 -3.14000010490417 -3.74000000953674 -4.03999996185303 -4.65999984741211 -5.40000009536743 -5.69999980926514 -5.94999980926514 -5.86999986532645 -4.98999977111816 -4.5 -3.96000003814697 -3.64000010490417 -3.14000010490417 -2.88000011256663 -2.39000010490417 -1.9099999666214 -1.69000005722046 -1.25 -0.860000014305115 -0.670000016689301 -0.600000023841858 -1.24000000953674 -1.5900000333786 -2.40999970860204 -1.71000003814697 -1.61000001430511 -1.28999996185303 -1.16999995708466 -0.839999973773956
0.119999997317791 -0.0399999991059303 -0.200000002980232 -0.140000000596046 -0.409999996423721 -0.910000026226044 -1.23000001907349 -1.38999998569489 -1.69000005722046 -1.8400000333786 -1.91999995708466 -2.19000005722046 -2.22000002863791 -2.44000005722046 -2.58999991416931 -2.67000007629395 -3.17000007629395 -3.70000004768372 -4.01999998092651 -4.59999990463257 -5.13999986648559 -5.32000016349216 -4.90000009536743 -4.67999982833862 -4.46999979019165 -4.09999990463257 -3.9100000841588 -3.46000003814697 -3 -2.76999998092651 -2.32999992370605 -1.89999997615814 -1.70000004768372 -1.32000005245209 -0.990000012127231 -0.870000004768371 -0.959999978542328 -1.11000001430511 -1.5700001482838 -1.5349999666214 -1.75250005722046 -1.38999998569489 -1.10749995708466 -1.13499999046326 -1.12249994277954
0.680000007152557 0.509999990463257 0.239999994635582 0.0299999993294477 -0.129999995231628 -0.569999992847443 -0.930000007152557 -1.08000004291534 -1.44000005722046 -1.69000005722046 -1.76999998092651 -2.0699999332428 -2.1800000667572 -2.48000001907349 -2.41000008583069 -2.55999994277954 -3.03999996185303 -3.55999994277954 -3.84999990463257 -4.36000010194193 -1.30999994277954 -1.54499995708466 -1.88250005245209 -1.53999996202016 -2.11999988555908 -2.3824999332428 -2.14000010490417 -1.31749999523163 -3.03999996185303 -2.90499997138977 -2.82500004768372 -2.72000002861023 -2.40750002861023 -2.82249999046326 -2.85500001907349 -2.00500011444092 -1.95249998569489 -1.79999993149355 -1.82000005245209 -1.91250002384186 -1.85500001907349 -1.08249998092651 -0.882499992847443 -0.814999997615814 -1.07000005245209
1.26999998092651 1.36749994754791 1.04250001907349 0.647499978542328 0.344999998807907 0.0100000100210309 -0.292499989271164 -0.400000005960464 -0.524999976158142 -0.462500005961512 -0.495000004768372 -0.639999985694885 -0.897499978542328 -0.917500019073486 -1.08500003814697 -1.13750004768372 -1.57249999046326 -1.48500001414781 -1.13750004768372 -0.740000009536743 -0.929999889530003 -1.73500001430511 -1.63250005245209 -1.92999994754791 -2.08249998092651 -2.12249994277954 -1.26499998569489 -1.84500002861023 -2.95000004768372 -2.76749992370605 -2.67750000953674 -2.71250009541818 -2.21250009536743 -2.66249990463257 -2.62750005722046 -2.44749999046326 -1.64750024911007 -1.88750004768372 -1.74000000953674 -1.95249998569489 -1.85500001907349 -0.689999997615814 -0.654999971389771 -0.692499876022339 -1.29250001907349
1.10249996185303 0.884999990463257 0.925000011920929 0.625 0.237499997019768 0.319999992847443 -0.10249999910593 -0.200000002980232 -0.360000014305115 -0.41249999403538 -0.327499985694885 -0.512499988079071 -0.682500004768372 -0.915000021457672 -0.579999983225018 -0.85500001782474 -1.125 -1.125 -1.13499999046326 -0.660000026226044 -0.730000019073486 -1.7224999666214 -2.10999989509582 -1.79250001907349 -2.32249999046326 -2.02250003814697 -1.80750000476837 -2.09750008583069 -2.34999990770517 -2.46499991416931 -2.56500005722046 -2.49000000953674 -2.15750002861023 -2.63000011444092 -2.60750007629395 -2.38000013940693 -2.03500016528094 -1.99000000953674 -1.47500002384186 -1.69500005245209 -1.73249995708466 -0.644999980926514 -0.490000009536743 -0.582499980926514 -0.482499986886978
