SnowAccumulation_R/test/tmin/final_tmin_17_04_2009.asc
NCOLS 97 
NROWS 69 
XLLCORNER 52512.810182332 
YLLCORNER 5316225.2758522 
CELLSIZE 10000 
NODATA_value -9999 
[rows 0 to 19 of 69, columns 45 to 89 of 97]
-9999 -9999 -9999 -9999 -9999 -9999 -9999 -9999 -9999 -9999 -9999 -9999 -9999 -9999 -9999 -9999 -9999 -9999 -9999 -9999 -9999 -9999 -9999 -9999 -9999 -9999 -9999 -9999 -9999 -9999 -9999 -9999 -9999 -9999 -9999 -9999 -9999 -9999 -9999 -9999 -3.96000003814697 -3.72000002861023 -3.47000002861023 -3.1800000667572 -3.05999994277954
-9999 -9999 -9999 -9999 -9999 -9999 -9999 -9999 -9999 -9999 -9999 -9999 -9999 -9999 -9999 -9999 -9999 -9999 -9999 -9999 -9999 -9999 -9999 -9999 -9999 -9999 -4.76999998092651 -4.94000005722046 -5.19000005722046 -5.26000022888184 -5.05999994277954 -4.90000009536743 -4.88000011444092 -4.80000019073486 -4.6100001335144 -4.5 -4.40999984741211 -4.44000003920943 -4.42999982833862 -4.03000037470268 -3.77999997138977 -3.54999995231628 -3.26999998092651 -3.17000007629395 -2.88000011444092
-3.69000005722046 -3.91000008583069 -4.07000017166138 -4 -3.90000009536743 -4 -4.01000022888184 -3.98000001907349 -4.03000020980835 -4.09999990463257 -4.05999994277954 -4.15000009536743 -4.21000003814697 -4.34999990463257 -4.46000003821909 -4.71999979019165 -4.78999996185303 -4.76000022888184 -4.78999996185303 -4.80999994277954 -4.84000015265234 -4.92000007629395 -4.86999988555908 -4.82000017166138 -4.73999977417359 -4.67000007651982 -4.67000007629395 -4.76999998092651 -5.07000017166138 -5.30999994277954 -5.17999982833862 -4.96000003814697 -4.84999990463257 -4.71000003814697 -4.51000022888184 -4.3899998664856 -4.23999980126116 -4.17999982833862 -4.17999957641876 -3.78999996185303 -3.55999994277954 -3.41000008583069 -3.25999999046326 -2.99000000953674 -2.76999998092651
-3.53999996185303 -3.65000009536743 -3.85999989509578 -3.91000008583069 -3.82999992370605 -3.96000003814697 -3.98000001907349 -3.98000001907349 -3.99000000953674 -4.05999994277954 -4.26000022888184 -4.21000003814697 -4.30999994277954 -4.48000001907349 -4.6399998664856 -4.96000003814697 -5.15000009536743 -4.8899998664856 -4.84000015258789 -4.84999990463257 -4.8899998664856 -4.94999980926514 -4.98000001907349 -4.82999992841817 -4.80000019073486 -4.71999979019165 -4.63000011444092 -4.59000015258789 -4.84999990463257 -5.15000009536743 -4.98999977926512 -4.80000019073486 -4.59000015258789 -4.57999992370605 -4.42000007629394 -4.30000019073486 -4.21000003814697 -4.05000012324767 -3.82999992370605 -3.64000010490417 -3.4300000667572 -3.3199999332428 -3.10999989509582 -2.82999992370605 -2.6800000667572
-3.71000003814697 -3.80999994277954 -3.73000001907349 -3.74000000953674 -3.85999989509582 -3.84999990463257 -3.96000003814697 -4.01000022888184 -3.99999999999883 -3.99000000953674 -4.23000001907349 -4.3899998664856 -4.48999977111816 -4.6100001335144 -4.73999977111816 -4.90999984741211 -5 -4.94999980926514 -4.90999984741211 -4.8899998664856 -4.86999988555908 -4.94000005722046 -4.98000001907349 -4.94000005722046 -4.67999982842978 -4.65000009536743 -4.55000019073486 -4.5 -4.57999992370605 -4.84999990463257 -4.92000007629395 -4.67000007629395 -4.48999977111816 -4.42999982833862 -4.26999998092651 -4.25 -4.24999987062791 -3.96000003814697 -3.73000001907349 -3.52999997138977 -3.32000003072171 -3.17000007629395 -2.95000004768372 -2.75 -2.44000005722046
-3.72000002861023 -3.80999994277954 -3.76999998092651 -3.67000007629394 -3.63000011444092 -3.63000011444092 -3.73000001907349 -3.83999991416931 -3.97000002861023 -4.01000022888184 -4.17999982833862 -4.32999992370605 -4.42999982833862 -4.53000020982708 -4.67999982833862 -4.80999994277954 -4.90000009536743 -5.11999988555908 -5.03999996185303 -4.92999982833862 -4.84999990386563 -4.90000009536743 -4.94000005722046 -4.92999982833862 -4.82000017166138 -4.55999994277954 -4.48999977111816 -4.44000005722046 -4.34999990463257 -4.38000011444092 -4.51999998092651 -4.46999979019165 -4.30999994277954 -4.23999977111816 -4.13999988551323 -4.07999992370605 -3.85999989509582 -3.76999998092651 -3.61999988555908 -3.41000017385081 -3.29999995231628 -3.00999999046326 -2.80999994277954 -2.59999990463257 -2.30000035819721
-3.73000001907349 -3.84999990463257 -3.83999991416928 -3.66000008583069 -3.66000008583069 -3.5699999332428 -3.51999998092651 -3.55999994277954 -3.63000011444092 -3.92000007629395 -4.01000022888184 -4.23999977111816 -4.44000005722046 -4.5 -4.67000007629395 -4.73000001907349 -4.96999979019165 -5.15999984741211 -5.11999988445845 -5.17999982833862 -4.92000007629395 -4.88000011444092 -4.84000015258789 -4.90000009536743 -4.90999984741211 -4.48999977111816 -4.36999988555908 -4.30000019073486 -4.23999977111816 -4.19000005722046 -4.17999982833862 -4.17000007629394 -4.13000011444092 -4.1100001335144 -4.07000017166138 -3.75999999046326 -3.69000005722046 -3.54999995231628 -3.44000005722046 -3.30999994277954 -3.11999988555908 -2.86999988555908 -2.65000009536743 -2.44000005722046 -2.33999991416931
-3.78999996185303 -3.83999991416931 -3.79999995231631 -3.73000001907349 -3.80999994277954 -3.65000009536743 -3.58999991416931 -3.55999994277954 -3.58999991416931 -3.72000002861023 -3.90000009536743 -4.1100001335144 -4.34000015258789 -4.40999984741211 -4.67000007629395 -4.73999977111816 -4.94000005659831 -4.92999982833862 -4.98999977111816 -5.09000015258789 -5.07000017166138 -4.84999990463257 -4.80999994277954 -4.82999992369514 -4.86000013351441 -4.42000007629395 -4.21000003814697 -4.15000009536743 -4.11999988555908 -4.07000017166138 -3.95000004768372 -4 -3.91000008583069 -3.88000011444092 -3.67000007629395 -3.63000011444092 -3.53999996185303 -3.39000010490417 -3.3199999332428 -3.11999988555908 -2.96000003814697 -2.76999998092651 -2.52999997138977 -2.4300000667572 -2.17000007629395
-3.91000008583069 -3.83999991416931 -3.79999995231628 -3.83999991416931 -3.79999995231628 -3.77999997138977 -3.60999989509583 -3.58999991416931 -3.64000010490417 -3.6800000667572 -3.98000001907349 -4.03999996185303 -4.28000020980835 -4.32000017166138 -4.51999998089459 -4.57999992370606 -4.76999998092651 -4.92000007629395 -4.94999980926514 -5.03999996185303 -5 -4.90000009536743 -4.80999994277954 -4.73999977111816 -4.69000005722046 -4.36999988555908 -4.09999990463257 -3.95000004806495 -3.9300000667572 -3.89000010490417 -3.80999994277954 -3.75 -3.65000009950707 -3.44000005722046 -3.50999999046326 -3.47000002861023 -3.34999990463257 -3.21000006803001 -3.13000011444092 -2.97000002861023 -2.83999991416931 -2.60999989509582 -2.49000000953674 -2.21000003814697 -2.00999993915791
-3.92000007629395 -3.92000007629395 -3.92000007629395 -3.90000009536743 -3.99000000953674 -3.91000008583069 -3.77999997138977 -3.72000002861002 -3.72000002861023 -3.79999995231628 -3.88000011444092 -4.01999998092651 -4.17000007611195 -4.17999982833862 -4.30000019073486 -4.42999982833862 -4.71999979019165 -4.82999992375403 -4.90000009536743 -4.86999988555908 -4.98000001907349 -5 -4.88000011423439 -4.63000011444092 -4.53999996185303 -4.25 -4.03000020980835 -3.85999989509583 -3.66000008583069 -3.58999991416931 -3.54999995231628 -3.52999997138977 -3.25999999046326 -3.25999999046326 -3.28999996185303 -3.26999998092651 -3.16000008583069 -3.11999988555908 -3.01999998092651 -2.76999998092651 -2.67000007629395 -2.44000014644801 -2.34999990463257 -2.18999996910937 -1.91999995708466
-4.09000015258789 -4.03000020980835 -4.1100001335144 -4 -4.07000017166138 -4.05999994277954 -3.92000007629395 -3.84999990463216 -3.90000009536743 -3.99000000956831 -4.17000007629395 -4.03999996185303 -4.03999996183726 -4.07999992370605 -4.19000005722046 -4.30000019073486 -4.34999990463257 -4.59000015258789 -4.78999996185303 -4.76999998092651 -4.92000007629395 -4.96000003814697 -4.90000009536743 -4.76999998092651 -4.44000005722046 -4.07000017166138 -3.84999990523153 -3.71000003814697 -3.47000002861023 -3.33999991416931 -3.29999995231628 -3.069999932703 -3.07999992370606 -3.05999994277954 -3.09999990463257 -3.03999996185303 -3.00999999046326 -2.99000000953674 -2.79999995231628 -2.69000005722046 -2.49000000953674 -2.44000005722046 -2.29999995231628 -2.0699999332428 -1.87999999523163
-4.25 -4.11999988555915 -4.15999984741196 -4.19000005722051 -4.21000003814683 -4.09999990463355 -4.15000009536743 -4.17000007629395 -4.07000017166138 -4.21999979019165 -4.23000001907349 -4.07999992370606 -4.07999992370606 -4.01000022888184 -4.15000009536743 -4.21999979019165 -4.21000003814697 -4.26999998092651 -4.57999992370605 -4.59999990463257 -4.73999977111816 -4.78999996185303 -4.78999996185303 -4.76000022888184 -4.42999982833862 -4.05999994277954 -3.76999998092651 -3.48000001907349 -3.27999997138977 -3.08999991416931 -2.79999995231628 -2.8199999332428 -2.89000010490417 -2.89000010490417 -2.89000010490417 -2.86999987969473 -2.79999995231628 -2.83999991416931 -2.71000003814697 -2.58999991416931 -2.53999996185303 -2.34999990463257 -2.16000008583069 -2.05999994277954 -1.89000015236684
-4.17999982833862 -4.11999988555908 -4.07999992370608 -4.1399998664856 -4.15000009536743 -4.32000017166138 -4.17999982833862 -4.21000003814697 -4.05000019073486 -4.05000019073486 -4.17000007629395 -4.1100001335144 -4.1100001335144 -4.13000011444092 -4.09000015258789 -4.13000011444092 -4.11999988559753 -4.17000007629395 -4.32000017166138 -4.38000011444092 -4.42999982833862 -4.42999982849256 -4.51999998092651 -4.48999977111816 -4.3600001335144 -4.05999994277954 -3.64000010490417 -3.24000000953674 -3.05999989293097 -2.57999992370605 -2.51999998092651 -2.59999990463257 -2.67000007629395 -2.71000003814697 -2.64000010490417 -2.71000003814697 -2.75 -2.75999999046326 -2.66000008583069 -2.52000010295953 -2.45000004768372 -2.27999987597 -2.15000009536743 -2.07999992370606 -1.99000000953674
-4.07000017166138 -4.15000009536743 -4.21999979019165 -4.07999992370605 -4.1399998664856 -4.23000001907349 -4.15000009536743 -4.07000017166138 -4.28000020980835 -4.30000019073486 -4.03999996185303 -4.09999990463257 -4.09000015258789 -4.09999990463257 -4.07999992370605 -4.03999996185303 -4.03000020985673 -4.09000015258789 -4.1100001335144 -4.1100001335144 -4.13000011444092 -4.13000011444092 -4.21000003814697 -4.19000005722046 -4.05000019073486 -3.86999988555908 -3.35999989509583 -2.96000000498258 -2.46000003814697 -2.25999999046326 -2.30999994277954 -2.39000010490417 -2.45000004768372 -2.48000001907349 -2.49000000953674 -2.61999988555908 -2.72000002861023 -2.76999998092651 -2.52999997138977 -2.44000005722046 -2.36999980432636 -2.17000007629395 -2.14000010490417 -2.09999990463257 -2
-4.07999992370605 -4.03000020980835 -4.07999992370605 -4.23999977111816 -4.03999996185303 -3.98000001907349 -3.99000000953674 -4.09000015258789 -4.25 -4.3600001335144 -4.19000005722046 -4.30999994277954 -4.23000001907349 -4.03000020980835 -4 -4.01999998092651 -4.07999992370605 -3.98000001907349 -4.05999994277954 -4.05999994277954 -3.99000000945162 -3.98000001907349 -4.01000022888184 -3.95000004768372 -3.74000000953674 -3.52999997138977 -3.01999995254832 -2.50999999046326 -2.19000005722046 -2.08999991416931 -2.14000010490417 -2.19000005722046 -2.22000002861023 -2.39000010490418 -2.46000003814697 -2.47000002861023 -2.59999990463257 -2.55999994277954 -2.5699999332428 -2.35999989509583 -2.40000009536743 -2.19000005722046 -2.10999993925976 -2.05999994277954 -1.98000001907349
-4.01999998092651 -4.05000019073486 -4.03999996185303 -4.05999994277954 -4.03999996185303 -4.01000022888184 -4.01000022888184 -4.05999994277954 -4.05999994277954 -4.26000022888184 -4.32000017166138 -4.28999996185303 -4.19000005722046 -4.13000011444092 -4.17000007629395 -4.15999984741211 -4.03000020980835 -3.85999989509582 -4 -3.92000007629395 -3.89000010490417 -3.78999996185303 -3.69000005722046 -3.60999989509583 -3.39000010490417 -2.85999989509583 -2.80999994277954 -2.32999992370605 -2.14000010490417 -2.10999989509583 -2.02999997138977 -2.02999997138977 -2.07999992370605 -2.13000011444092 -2.25999999046326 -2.40000009536743 -2.44000005722046 -2.57999989906561 -2.5 -2.34999990463257 -2.28999996185303 -2.17000007629394 -2.11999988555908 -1.99000000953674 -1.91999995708466
-4.03999996185303 -4.03999996185303 -4.09000015258789 -3.94000005722046 -3.91000008583069 -3.95000004768372 -3.92000007629395 -3.95000004768372 -3.94000005722046 -4.1399998664856 -4.28999996185303 -4.30999994277954 -4.28999996185303 -4.23999977111816 -4.21999979019165 -4.21999979020652 -4.13000011444092 -3.89000010490417 -3.74000000953674 -3.8199999332428 -3.75999999046326 -3.55999994277954 -3.44000005722046 -3.30999993323877 -3.01999998092651 -2.75 -2.54999995231628 -2.20000004768372 -2.14000010561712 -2.07999992370605 -1.99000000953674 -1.92999994754791 -1.94000005722046 -1.99000000953674 -2.10999989509583 -2.24000000953674 -2.32999992370605 -2.41000008583069 -2.28999996185303 -2.22000002861023 -2.13000011444092 -2.08999991416931 -2.02999997138977 -1.89999997615814 -1.83000004291534
-4.23000001907349 -4.07999992370605 -4.09000015258789 -3.9300000667572 -3.84999990463257 -3.83999991416931 -3.82999992370596 -3.95000004768372 -3.94000005722046 -3.98000001907349 -4.09000015258789 -4.21000003814697 -4.32999992370605 -4.30999994277954 -4.26999998092651 -4.26999998092651 -4.25 -4.07000017166138 -3.92000007629395 -3.6800000664882 -3.53999996185303 -3.5 -3.24000000708211 -2.91000008583069 -2.8199999332428 -2.67000007629395 -2.47000002861023 -2.19000005722046 -2.16000008583069 -2.03999996185303 -1.94000005722046 -1.83000004291534 -1.82000005245209 -1.88999998569489 -2.04999995231628 -2.1800000667572 -2.20000002956045 -2.23999992063617 -2.24000000953674 -2.11999988555908 -2.01000002227508 -1.96000003814697 -1.91999995708466 -1.78999996185303 -1.71000007021118
-4.26000022888184 -4.05999994277954 -3.99000000953674 -3.92000007629395 -3.83999991416931 -3.90000009536743 -3.88000011444071 -3.85999989509582 -3.94000005722046 -4.01999998092651 -3.9300000667572 -4.07999992370605 -4.26999998092651 -4.40000009536743 -4.32000017166138 -4.32000017166138 -4.32000017166138 -4.23999977111816 -4.1399998664856 -4.01999998092651 -3.41000009433538 -3.24000000953674 -2.95000004768372 -2.86999988537972 -2.67000007629395 -2.47000002861023 -2.32999992370605 -2.1800000667572 -2.10999989509583 -1.99000000953674 -1.87000000476837 -1.74000000953674 -1.75 -1.9099999666214 -1.97000002861023 -2.02999997138977 -2.0599998817386 -2.01999998092651 -2.03999996185303 -1.96000003814697 -1.94000005722046 -1.88999998569489 -1.79999995231628 -1.66999995708466 -1.64999997615814
-4.23000001907349 -4.05000019073486 -3.95000004768372 -3.78999996185303 -3.78999996185303 -3.75 -3.77999997138977 -3.74000000953674 -3.95000004768372 -3.98000001907349 -3.97000002860909 -4.07999992370605 -4.17000007629394 -4.28999996185303 -4.32000017166138 -4.30999994277954 -4.36999988555908 -4.21000003814697 -4.15999984576828 -3.9300000667572 -3.78999996185303 -3.48000001907349 -2.99000000953674 -2.76999998092651 -2.50999999046326 -2.29999995231628 -2.16000008583069 -2.15000009536743 -2.05999994277954 -1.9099999666214 -1.75 -1.67999994754791 -1.73000001907349 -1.80999994277954 -1.79999995231628 -1.87999997256 -1.83000004291534 -1.8400000333786 -1.83000004291534 -1.77999997138977 -1.79999995231628 -1.74000000953674 -1.6599999666214 -1.60000002384186 -1.51999998092651
