SnowAccumulation_R/test/tmin/final_tmin_29_04_2009.asc
NCOLS 97 
NROWS 69 
XLLCORNER 52512.810182332 
YLLCORNER 5316225.2758522 
CELLSIZE 10000 
NODATA_value -9999 
[rows 40 to 59 of 69, columns 0 to 44 of 97]
-9999 -9999 -2.16000008583069 -11.2599981672078 -12.1199996534971 -10.9200000762939 -11.8500003814697 -7.17999982833862 -6.78000020980835 -2.88000011444092 -9.5 -5.71000003814697 -8.07999992370605 -9.85000038146973 -11.1899995803833 -12.2399997711182 -9.32999992370605 -8.17000007629395 -8.09000015258789 -7.65999984741211 -7.21999979019165 -7.28999996185303 -6.44999981090868 -6.3000001912061 -6.42000007629395 -6.13999986712559 -6.13999986370784 -5.84000015258789 -5.63000011444092 -5.57999992370605 -5.21000003814697 -5.19999980926514 -5.3899998664856 -5.38000011444092 -4.92000007629395 -4.94000005722046 -4.94000005722046 -5.05000019073486 -4.80000019073486 -5.1100001335144 -4.84999990463257 -4.73999977111816 -4.09000015258789 -3.96000003814697 -3.29999995231628
-9999 -9999 -1.80999994277954 -8.89000034332275 -9.64000020226356 -10.460000038147 -8.18000030517578 -10.7600002288818 -9.09000015258789 -3.40000009536743 -8.97999954223633 -8.10000038146973 -6.92000007629394 -9.59000015258789 -10.0500001907349 -10.9399995803833 -9.52000045776367 -9.68000030517578 -7.78999996185303 -7.28000020980835 -7.23000001931908 -6.94000005848913 -6.61999988555908 -6.55000019073486 -6.53999996185303 -5.76000022888184 -5.38999986708577 -5.30000019073486 -5.05999994277954 -4.82999992370605 -4.98999977111816 -4.92999982833862 -4.94000005722046 -4.73999977111816 -4.71999979019165 -4.78000020980835 -4.84000015258789 -4.6399998664856 -4.59000015258789 -4.48000001907349 -4.44999980926514 -3.90000009536743 -3.46000003814697 -3.28999996185303 -3.15000009536743
-9999 -9999 -1.87000000476837 -7.53000020980835 -9.82999992370605 -9.69000039529088 -10.6700000762939 -9.09000015258789 -8.39000017588904 -4.69000005722046 -7.61999988555908 -4.23999982342523 -5.23000001907349 -8.47000026702881 -8.69999980926514 -11.3100004196167 -8.32999992370605 -12.0600004068309 -7.42000009004635 -7.36000013383965 -7.38000011444092 -7.21000003814697 -6.59999990463257 -6.42999982859393 -6.26000022932524 -5.73999977111816 -5.11000013351441 -4.96000003814697 -4.90000009536743 -4.26000022888184 -4.07999992370606 -3.97000002861023 -3.73000001907349 -3.70000004768372 -4.21999979019165 -4.32000017166138 -3.57999992370605 -3.75999999046326 -3.95000004768372 -4.34999990463257 -4.44000005722046 -3.9300000667572 -3.39000010490417 -3.16000008583069 -3
-9999 -9999 -4.48000001907349 -8.14999961853027 -7.98999977111816 -10.0699996948242 -8.77000060304684 -9.34000015258789 -5.15999984741211 -7.28000020980835 -4.5 -7.05999994277954 -9.25 -10.3000001907349 -8.14000034332275 -10.0799999237061 -7.80000019073486 -10.6199998855591 -7.48000001907349 -7.53999996185303 -8.0600004196167 -7.26000022888184 -6.73000001907349 -6.57999992370605 -6.13000011444092 -5.57000017166138 -5.01999998092651 -4.71000003814697 -4.65000009536743 -4.15000009536743 -3.97000002861023 -3.75 -3.65000009536743 -3.28999996185303 -3.40000009536743 -3.38000011444092 -3.44000005722046 -3.47000002861023 -4 -5.69999980926514 -4.42000007629395 -3.58999991416931 -2.99000000953674 -3 -2.58999991416931
-9999 -9999 -1.05999994277954 -6.76999998092651 -7.55000019073486 -10.4099998474121 -7.78000020980835 -9.07000069958598 -3.70000004768372 -4.26000022888184 -1.48000001907349 -4.32000017166138 -6.36000013351441 -7.57000017166138 -10.3800001144409 -9.56999969482422 -7.80999994277954 -9.64999961853027 -6.98000001907349 -7.11999988555908 -7.42999982833862 -7.1399998664856 -6.76999998092651 -6.55000019073486 -7.17999982833862 -5.86999988555908 -5.13999986648559 -4.269999981302 -4.26999998092651 -3.65000009536743 -3.69000005722046 -3.61999988555908 -3.26999998092651 -2.95000004768372 -2.88000011444092 -3.0699999332428 -3.14000010490417 -3.28999996185303 -3.61999988555908 -3.96000003814697 -3.72000002861023 -3.32999992370605 -2.78999996185303 -2.55999994277954 -2.21000003814697
-9999 -9999 -0.400000005960464 -6.34000080012783 -8.78999996185303 -9.26000022888184 -9.55000020595245 -8.63000011444092 -8.19999931914038 -6.90999977734256 -1.23000001907349 -4.78999996185303 -6.88000012097771 -10.1800003051758 -11.3800001144409 -8.76000022888184 -7.71999979019165 -8.67000007629395 -6.67999982833862 -6.69999980926514 -6.88000011444092 -6.76999998092651 -6.3899998664856 -5.90999984741211 -5.8899998664856 -5.3899998664856 -4.42999982833862 -4.09000015271328 -3.71000003850253 -3.63000011444092 -3.36999988555908 -3.27999997138977 -2.97000002861023 -2.75 -2.71000003814697 -2.85999989509582 -3.10999989509583 -2.88000011444092 -2.89000010490417 -2.95000004768372 -2.83999991416931 -2.71000003814697 -2.52999997138977 -2.29999995231628 -2.13000011444092
-9999 -9999 0.409999996423721 -8.22000026702881 -7.44999980926514 -6.55999994277954 -7.48999977111816 -8.75 -9.34000015258789 -3.92999957969268 -1.00999999046326 -4.96000003814697 -7.75 -9.97000026702881 -9.72000026702881 -10.0500001907349 -8.19999980926514 -9.6899995803833 -10.5900001525879 -6.07999992370606 -6.09000015258789 -6.05000019073486 -5.65999984741211 -5.44000005722046 -4.34000015482738 -4.34000015258789 -3.9800000187433 -3.91000008583069 -3.70000004768372 -3.46000003814697 -3.09999990463257 -2.96000003814697 -2.74000000953674 -2.48000001907349 -2.40000009536743 -2.45000004768372 -2.89000010490417 -2.58999991416931 -2.39000010490417 -2.36999988555908 -2.44000005722046 -2.42000007629395 -2.25999999046326 -2.21000003814697 -1.87000000476837
-9999 -9999 1.25 -7.57999992370605 -5.69000005722046 -6.15000009536743 -6.3600001335144 -9.18000030517578 -7.67999982833862 -1.95000004768372 -0.259999910171985 -3.95000004768372 -8.25 -9.65999984741211 -8.85000038146973 -9.68000030517578 -8.05000019073486 -8.02999973297119 -5.34000038832218 -5.98999977111816 -5.90999984741211 -5.59000015258789 -5.42999982833862 -5.17999982833862 -4.28999996383452 -4.01999998150086 -3.9300000667572 -3.57999992370605 -3.36999988555908 -3.23000001907349 -3.07999992370606 -2.84999990463257 -2.73000001907349 -2.39000010490418 -2.20000004768372 -2.08999991416931 -2.07999992370606 -1.87000000476837 -2.05999994277954 -1.97000002861023 -2.16000008583069 -2.13000011444092 -2.09999990463257 -1.87000000476837 -1.96000003814697
-9999 -3.30999994277954 1.62999999523163 -4.34000015258789 -6.69999997995725 -5.44000005722046 -7.92000007629395 -8.22999934686586 -4.8600001335144 -0.649999976158142 0.290000004245514 -4.05999954974848 -9.19999980926514 -8.02999973297119 -7.34999990463257 -9.06999969482422 -7.6100001335144 -8.21000003814697 -9.88000011444092 -5.6399998664856 -5.42999982833862 -5.17999982833862 -5 -4.73999977111816 -4.6100001335144 -4.09999990463257 -3.91000008583069 -3.72000002861023 -3.4300000667572 -3.32999992370605 -3.02999997147252 -2.8199999332428 -2.5799999237598 -2.23000001907349 -1.87000000476837 -1.76999998092651 -1.62000000476837 -1.66999995708466 -1.75999999046326 -1.6599999666214 -1.78999996185303 -1.77999997138977 -1.8400000333786 -1.87999999523163 -1.92999994754791
-9999 -0.129999995231628 1.82000005245209 -5.90000009536743 -5.42000007629395 -6.71999979019165 -3.65000009536743 -3.60999989509583 -2.45000004768372 -0.0299999993294477 1.04999995231628 1.02999997138977 -8.67000002384128 -4.46999979144726 -4.63999986648559 -7.32999992370605 -7.67999952511491 -6.30000019073486 -8.73999977111816 -4.88999986261856 -4.94000005722046 -4.86999988555908 -4.75 -4.44000005722046 -4.26000022888184 -3.97000002861023 -3.71000003814697 -3.70000004768372 -3.49000000953674 -3.1700000764174 -2.9300000667572 -2.67000007629395 -2.60999989509583 -2.32999992370605 -1.88999998569489 -1.73000001907349 -1.60000002384186 -1.71000003814697 -1.69000005722046 -1.72000002861023 -1.80999994277954 -1.75 -1.86000001430511 -1.9099999666214 -2.02999997138977
-9999 -6.59999990463257 -2.32999850106759 -4.82000017166138 -8.22000026702881 -6.90000009536743 -6.84999990463257 -6.42999982833862 -4.84999990463257 -1.64999997615814 0.180000007152557 0.990000009536743 -1.94000005722046 -3.63000011444092 -4.42999982833862 -7.32999992370605 -6.92000007629394 -5.88000011444092 -7.3600001335144 -4.80999993800512 -4.90000009536743 -4.90000009536743 -4.75 -4.5 -3.84999990463257 -3.95000004768372 -3.83999991416931 -3.80999994266525 -3.80999994277954 -3.21000003826356 -3.0699999332428 -3.00999999046326 -2.6800000667572 -2.40000009536743 -2.21000003814697 -2.11999988555908 -2 -1.94000005722046 -1.79999995231628 -1.79999995231628 -1.87999999523163 -1.82000005245209 -2.10999989509583 -2.22000002861023 -2.11999988555908
-9999 -4.63000096766083 2.96000003814697 -4 -7.59000015258789 -5.26000022888184 -5.13000011444092 -6.1100001335144 -6.64999991935862 -0.899999976158142 -1.30999994277954 -3.01999998092651 1.22000002861023 -2.70000004768372 -5.84999990463257 -3.22999990175811 -7.78000020980835 -6.73000001907349 -9.44999980926514 -4.69000005722046 -4.92999983217913 -5.01999998092651 -4.86999988555908 -4.63999986648559 -4.13000011465916 -4.13000011444092 -3.97000002866043 -3.95000004768372 -3.50999999087938 -3.5699999332428 -3.25999999046326 -3.33999991416931 -3.02999997138977 -2.89000010490417 -2.86999988555908 -2.61999988555908 -2.6800000667572 -2.24000000953674 -1.92999994754791 -1.97000002861023 -1.97000002861023 -2.07999992370605 -2.20000004768372 -2.30999994277954 -2.40000009536743
-9999 -5.42000007629395 2.36999988555908 -0.180000007152557 -6.19999980926514 -3.22000002861023 -4.94000005722046 -5.48000001907349 -4.63000011444092 -1.64999997615814 -5.59000015258789 -3.49000000953674 -0.920000016689301 1.73000001907349 0.259999990463257 -3.78999996185303 -7.5900001233667 -7.46000003814697 -9.10000038146973 -6.55000019073486 -5.01999999153067 -5.26999998092651 -4.92999982833862 -4.78000020980835 -4.67999982833862 -4.6399998664856 -4.36999988555908 -4.26000022888184 -4.25 -4.01999998092651 -3.51999998094114 -3.24000000963066 -3.13000011444092 -3.22000002861023 -3.3499999046254 -3.07999992370606 -3.25 -2.53999996185303 -2.36999988555908 -2.14000010490418 -2.24000000953674 -2.25 -2.29999995231628 -2.4300000667572 -2.32999992370605
-9999 -4.96000003814697 -5.65000009536743 2.99999878691633 -5.48000001907349 -1.8400000333786 -3.1800000667572 -5.17000007629395 -3.66000008583069 -2.10999989509583 -4.67000007629395 -2.60999989509582 -1.27999997138977 1.79999995231628 -0.249999989922705 -2.6800000667572 -5.96999979019165 -6.73000001907349 -7.59000015258789 -7.82999992370605 -5.07000017166138 -5.03000020980835 -4.96999979191703 -4.88000011444092 -4.92999982833862 -4.82000017166138 -4.78000020980835 -4.57999992370605 -4.63000011444092 -4.21999979019165 -3.67000007657173 -3.75 -4.13000011444092 -3.82999992370605 -3.78999996186303 -3.70000004768372 -3.63000011444092 -3.32999992370908 -3.05999994277954 -2.97000002861023 -2.99000000953674 -2.46000003814697 -2.99000000953674 -2.36999988555908 -2.41000008583069
-9999 -4.65000009536743 -2.64000010490417 2.58999991416931 -0.150000005960464 -1.87999999523163 -2.4300000667572 -3.54999995231628 -2.52999997138977 -2.00999999046326 -4.94999980926514 -2.80999994277954 -1.14999997615814 1.19000005722046 0.689999997615814 -4.92000007629395 -6.42000007629395 -8.26000022888184 -7.57999992370605 -8.70999995360835 -7.98999977088436 -5.03000031403861 -5.05000019073486 -5.03999996185303 -4.90999984741211 -5.21000003814697 -5.1100001335144 -4.86999988555908 -4.57000017166138 -4.44000005733772 -4.44000005722046 -4.3899998664856 -5.73000001907349 -5.42999982833862 -4.48999977111816 -4.09000015258789 -3.84999990463257 -3.40000009537121 -3.24000000953674 -3.09999990463257 -3.23000001907349 -3.25999999046326 -3.13000011444092 -3.02999997138975 -2.61999988555908
-9999 -4.14999992681405 -3.13000011444092 -0.689999997615814 3.38000011444092 -1.85000002384186 -0.100000001490116 -2.0699999332428 -3.25 -4.07000017166138 -3.80999994277954 -3.0699999332428 -2.67000007629395 0.689999997615814 1.5 -4.98000001907349 -5.55000019073486 -7.65000009536743 -6.71999979019165 -5.15000009536743 -7.8600001335144 -8.51000021601172 -9.5 -6.3000001941873 -5.40999984741211 -5.44999980926514 -5.42000007629395 -5.19000005722046 -4.96000003822295 -4.82000017166138 -4.76000022888184 -4.75 -5.6399998664856 -5.51999998092651 -5.55000019073486 -5.07000017166138 -4.09000015258789 -3.59999990463635 -3.29999995231628 -3.14000010490417 -3.14000010490418 -3.38000011444092 -3.00999999046326 -2.92000007629394 -2.58999991416931
-9999 -3.86500000953674 -4.3274998664856 -3.03250002861023 -0.154999774081584 -0.927500009536743 -0.349999994039535 -1.75 -1.88999998569489 -2.47000002861023 -1.87000000476837 -4.15000009536743 -4.98000001781107 -0.529999971389771 1.5900000333786 -1.87000000476837 -6.1399998664856 -7.69000005722046 -6.48000001907349 -3.80999994277954 -7.88000011444092 -8.72000026702881 -9.14000034165997 -6.32000017166138 -5.84000015258789 -5.73000001907349 -5.78999996185303 -5.53999996185303 -5.30000019073486 -5.32999992370605 -5.26000022888184 -5 -5.07000017166138 -5.05000019073486 -4.69999980926514 -4.69000005722046 -4.28999996185303 -3.94000005722046 -3.51999998092651 -3.13000011444092 -3.00000000000001 -2.89000010490417 -2.8199999332428 -2.82999992370603 -2.60999989509582
-9999 -3.39499998092651 -4.95499992370605 -4.22749996185303 -0.964999973773956 1.7849999666214 -1.82000005245209 -1.87250006974524 -4.74249982833862 -2.5699999332428 -2.20749998092651 -1.85249996185303 -4.17999982833862 -2.08999991416931 2.73250007629394 -3.36249990821996 -5.55749988555908 -3.19000005722046 -2.41249990463257 -0.852500021457672 -1.72500002384186 -4.63000011444092 -5.13500022888184 -4 -8.31999967666009 -7.17999982833862 -6.26000022888184 -5.82000017166138 -5.61999988555908 -5.48999977111816 -6.03000020980835 -5.92000007629395 -5.69000005722046 -5.07999992370605 -5.21999979019165 -5.40999984741211 -4.34000015258789 -3.91000008583069 -3.83999991416931 -3.44000005722046 -3.67000007629385 -3.38000011444092 -3.45000004768372 -3.36999988555909 -3.14000010490417
-9999 -0.332500010728836 -1.98750064254829 -5.15749979019165 -2.08750009536743 1.83749997615814 0.117499999701977 -2.64499998092651 -5.03999996185303 -2.17750000953674 -1.41499995143877 -1.82000005245209 -3.61500000953674 -2.71250009536743 2.0699999332428 0.5 -3.08999991416931 -3.47250008583069 -2.56500006650307 -1.70749998092651 -1.32500004768372 -3.58999991416931 -4.75500011444092 -4.61250019073486 -5.63500022888184 -7.17500019073486 -3.53749990362692 -4.17000007492474 -3.93249988555908 -4.14499998074338 -4.1399998664856 -4.11250019073486 -3.8199999332428 -3.59750008583069 -3.93499994277954 -3.88750004768372 -3.13750004768372 -2.65499997138977 -2.35999989509583 -2.29999995231628 -3.657500028608 -2.59249997138977 -2.06500005722046 -2.03999996185293 -1.44000005722046
-9999 0.147499993443489 -3.19250011444092 -4.26000022888184 -1.34500002861023 2.39750013509138 2.51749992370605 0.0125000197440386 -2.3824999332428 -1.3125 -0.35249999165535 -2.40249991416931 -2.68499994277954 -1.12750005722046 -0.294999986886978 1.39250004291534 0.270000010728836 -5.17999982833862 -4.53000020980835 -2.5550000667572 -1.55499994754791 -1.53499998421711 -4.4850001335144 -5.03249979019165 -5.45749998092651 -5.43499994277954 -4.3125 -4.30999994277954 -4.80499982833862 -4.26249980962896 -4.25250005722046 -4.13250017166138 -3.94000005722046 -3.89249992370605 -3.66499996185303 -3.74499988555908 -3.6175000667572 -2.7425000667572 -2.16499996185303 -2.37750005722046 -2.4874999523161 -2.52250003814697 -2.63499999046326 -2.39000010490417 -2.17249989509582
