SnowAccumulation_R/test/tmin/final_tmin_29_04_2009.asc
NCOLS 97 
NROWS 69 
XLLCORNER 52512.810182332 
YLLCORNER 5316225.2758522 
CELLSIZE 10000 
NODATA_value -9999 
[rows 0 to 19 of 69, columns 0 to 44 of 97]
-9999.000000000000000 -9999 -9999 -9999 -9999 -9999 -9999 -9999 -9999 -9999 -9999 -9999 -9999 -9999 -9999 -9999 -9999 -9999 -9999 -9999 -9999 -9999 -9999 -9999 -9999 -9999 -9999 -9999 -9999 -9999 -9999 -9999 -9999 -9999 -9999 -9999 -9999 -9999 -9999 -9999 -9999 -9999 -9999 -9999 -9999
-9999 -9999 -9999 -9999 -9999 -8.02999973297119 -8.89999961853027 -9.15999984741211 -9.46000003814697 -8.34000015258789 -8.52000045776367 -8.14000034332275 -7.61999979074201 -6.67999982833862 -7.21999979019165 -7.34000015258789 -7.09000015258789 -7.17000007629394 -7.26000022935651 -9999 -9999 -9999 -9999 -9999 -9999 -9999 -9999 -9999 -9999 -9999 -9999 -9999 -9999 -9999 -9999 -9999 -9999 -9999 -9999 -9999 -9999 -9999 -9999 -9999 -9999
-9999 -9999 -9999 -9999 -9999 -10.9499998092651 -10.4799995422363 -9.71000003814697 -9.19999980926514 -8.06999969482422 -7.86999988555908 -6.96999979019165 -6.55000019073486 -6.67999984507003 -7.15000009536743 -6.84000015258789 -6.80000019073486 -6.88999986648559 -6.96000003814697 -7.44999977483324 -7.65999984741211 -7.63000011444092 -7.46999979019165 -7.1399998664856 -6.98999977111816 -6.69999980926514 -6.80000019073486 -7.15999984741211 -7.53999996185303 -7.59000015258789 -7.65000009536743 -7.73999977111816 -7.82000017166138 -7.80000019073486 -7.76000022888184 -7.61000013351441 -7.57000017166138 -7.23999977111816 -7.05000019073486 -7.01999998092651 -7.28999996185303 -7.67999982833859 -7.88000011444092 -8.35999965667725 -8.59000015258789
-9999 -9999 -9999 -9999 -9999 -10.1300001144409 -9.19999980926513 -8.85000038146972 -8.6599997000525 -7.61999988555908 -7.30999994277954 -7.19000005722046 -6.65000009536743 -6.90999984741211 -7.05000019073486 -6.96000003814697 -6.90999984741211 -6.8899998664856 -6.69999980926514 -6.80999994288245 -6.88000011444092 -7.17000007629394 -6.98000001907349 -6.73000001907349 -6.5500001908321 -6.5 -6.76000022888184 -7.23000001907349 -7.71000003814697 -7.67000007629395 -7.71999979019165 -7.75 -7.86999988555908 -7.94000005722046 -7.92999982833862 -7.71999979019165 -7.57999992370606 -7.26000022888184 -7.09000015258789 -6.98999977111816 -7.19000005722046 -7.65000009536718 -7.98000001907349 -8.5 -8.76000022888184
-9999 -9999 -9999 -9999 -9999 -9.55000019073486 -9.05000019073486 -8.44999990578417 -8.10000038146973 -7.88000004419399 -7.25 -6.92999982833862 -6.75 -6.67999982833862 -6.67999982985617 -6.71999979019165 -6.90000009536743 -6.84999990463257 -6.44999980926514 -6.59000015258789 -6.6100001335144 -6.46000003814697 -6.63000009871833 -6.36000013351441 -6.28000020980835 -6.32000017166138 -6.73999977111816 -7.28999996185303 -7.82000017166138 -7.96000003814697 -7.76999998095743 -7.92000007629394 -8.19999980926514 -8.14000034332275 -8.10999965667725 -7.82000017166138 -7.65999984741211 -7.25 -7.07000017166138 -6.84999990463257 -6.98000001907349 -7.57999992370605 -7.94999980926514 -8.63000011444092 -9.02999973297119
-9999 -9999 -9999 -9999 -9999 -9.19999980926514 -8.85999965667725 -8.56999969482422 -8.32999993839451 -7.59999990463257 -7.57999992370605 -7.17999982833862 -6.90000009536743 -6.78000020980835 -6.76000022888184 -6.73999977111816 -6.76999998092651 -6.61999988555908 -6.23999977111816 -6.40000009536743 -6.46999979019165 -6.46000003814697 -6.19999980926514 -5.80999994277954 -6.05000019073486 -6.42000007599161 -6.69000005722046 -7.34999990463257 -8.13000011444092 -8.27999973297119 -8.05000019073486 -8.34000015258789 -8.69999980926514 -8.47000026702881 -8.30000019073486 -8.01000022888184 -7.59999990463865 -7.38000011444092 -7.03999996185303 -6.73999977111816 -6.86999988555908 -7.59000015258789 -7.98000001907349 -8.78999996185303 -9.27999973297119
-9999 -9999 -9999 -9999 -9999 -9.21000003814697 -9.13000011444092 -8.80000019073486 -8.85000038146973 -8.0800001746546 -7.69000005722046 -7.46000003814697 -7.11999988555908 -7.03000020980835 -7.07000017166138 -7.1399998664856 -7.17000007629394 -7.15999984741211 -6.51999998092651 -6.69999980926514 -6.59000015259205 -6.51999998092651 -6.25 -5.84000015258789 -6.07000017166138 -6.59000016047244 -6.88000011444092 -7.38000011444092 -8.18000030517578 -8.52000045776367 -8.85999965667725 -8.96000003814697 -9.09000015258789 -8.93000030517578 -8.59000015258789 -8.1899995803833 -7.80000019073984 -7.61999988555908 -7.21000003814697 -6.78000020980835 -6.73999977111816 -7.46000003814697 -7.88000011444092 -8.6899995803833 -9.22999954223633
-9999 -9999 -9999 -9999 -9999 -9.22999954223633 -9.07999992370605 -9.0600004196167 -9.25 -9.13000011444092 -7.96999998315379 -7.76000020662636 -7.34999990463257 -7.46999979019165 -7.46999979019165 -7.44999980926514 -7.36000013444914 -7.3600001335144 -7.23000001907349 -7.15999984741211 -7.13000011444092 -7 -6.65000009536743 -6.53999996185303 -6.94000005722046 -8 -8.5600004196167 -7.80000020004329 -8.07999992370605 -9.18000030517578 -9.42000007629395 -9.56000041960407 -9.53999996185303 -9.44999980926514 -9.05000019073487 -8.5600004196167 -8.18000030517863 -8.06999969482422 -7.59000015258789 -7.1399998664856 -7.1100001335144 -7.61000013351441 -7.8899998664856 -8.63000011444092 -9.23999977111816
-9999 -9999 -9999 -9999 -9999 -9.34000015258789 -9.35999965667725 -9.10000038146972 -9.46000003814697 -9.30000019073486 -8.93000030517578 -7.96000033161292 -7.82000017166138 -7.80999994277954 -7.86999988555908 -7.76000022888184 -7.71999979019165 -7.61999988555908 -7.76000022888184 -7.65999984741211 -7.6399998664856 -7.40999984771013 -7.23000001907349 -7.38999986648559 -7.88000011444092 -8.97000026702881 -10.1899995796446 -10.6199998855591 -10.6899995803833 -9.84000015523508 -9.94999980926514 -9.98999977111816 -10.0200004577637 -9.88000011444092 -9.63000011444092 -9.18000030517578 -8.69999980926514 -8.46000003814697 -8 -7.57000017166138 -7.53999996185303 -7.94000005722046 -8.15999984741211 -8.75 -9.27999973297119
-9999 -9999 -9999 -9999 -9999 -9.72999954223633 -9.64000034332275 -9.47999954223633 -9.64999961853028 -9.76000022888184 -9.53999996185303 -9.35000038146973 -8.51000044120103 -8.25 -8.21000003814697 -8.21000003814697 -7.92999982833862 -8.01000022997561 -8.14000034332275 -8.34000015258789 -8.32999992370605 -8.15999984741211 -8.10000038146972 -8.14000034332275 -8.63000011444092 -9.72999954223633 -11.210000038147 -11.9200000762939 -11.539999961853 -10.9700002670288 -10.6000003814697 -10.3599996571083 -10.3800001147421 -10.3199996948242 -10.289999961853 -9.75 -9.13000011444092 -8.82999992370605 -8.31999969482422 -7.92999982833862 -7.84999990463257 -8.11999988555908 -8.35999965667737 -8.77000045776367 -9.30000019073487
-9999 -9999 -9999 -9999 -9999 -11.1700000762939 -9.94999980926514 -10.0500001907349 -10.1400003642642 -10.1899995803833 -10.1099996566772 -9.85000038146973 -9.34000015258789 -8.77999980890571 -8.53999996185303 -8.52000045776367 -8.23999977111816 -8.48999977111816 -8.43000030517578 -8.86999988555908 -9.11999988555908 -8.64999961853027 -8.63000011431748 -8.80000019073486 -9.31999969482422 -10.1800003051758 -11.3299999237061 -11.7299995422363 -11.7799997329712 -11.2700004577637 -10.8800001144409 -10.8299999237061 -10.8400001525879 -10.7299995422363 -10.6099996566808 -10.1199998855861 -9.46000003814697 -9.13000011444092 -8.57999992370605 -8.21000003814697 -8.06999969482422 -8.30000019073486 -8.51000022888184 -8.92000007629394 -9.32999992370606
-9999 -9999 -9999 -9999 -12.0500001907349 -12.0799999237061 -11.2799997329712 -10.6800003051758 -10.8199996948242 -10.8500003814697 -10.75 -10.5600004196167 -9.88000011444092 -9.27000045776367 -8.82999998764362 -8.64000034332275 -8.56999969482422 -8.64000034332275 -8.60000038225473 -9.0600004196167 -9.10000038146972 -8.93000030517578 -9.28999996185303 -9.47000026702881 -9.89999961853028 -10.5900001525879 -11.3199996948242 -11.6999998091245 -11.6899995803833 -11.3800001144409 -11.0799999237061 -10.8800001144409 -10.770000457768 -10.7299995422363 -10.6499996185303 -10.3400001525879 -9.89000034332275 -9.56999969482422 -8.78999996185917 -8.3000001907371 -8.18999958038447 -8.47000026702951 -8.68999958038349 -8.99999999999986 -9.22000026702881
-9999 -9999 -9999 -9999 -13.0100002288818 -12.4099998474121 -11.6400003433228 -11.1099996566772 -11.4700002670288 -11.27999955754 -10.7399997711182 -10.4799995422363 -10.0100002288818 -9.27000045776367 -9.27999973297119 -9.3100003993521 -8.57999992370605 -8.65999984741211 -9.17000007629395 -9.23999977111816 -9.40999984741211 -9.34000015258789 -9.76000022888184 -9.94999980926514 -10.3400001525879 -10.8599996566772 -11.2799997329712 -11.5500001907349 -11.5500001907349 -11.289999961853 -11.1300001144409 -10.9399995803833 -10.6700000763155 -10.710000038147 -10.5799999237061 -10.3900003433228 -10 -9.53999996185636 -9.26000022888184 -8.86999988555908 -8.64999961853027 -8.61999988555908 -8.65999984741211 -8.6899995803833 -8.52999973297119
-9999 -9999 -9999 -9999 -13.2399997711182 -12.6800003051758 -12.0100002288818 -11.539999961853 -10.9399995803833 -10.7200002670288 -10.8299999237061 -10.3999996185303 -9.8100004196167 -9.56999969482422 -9.23999977111816 -9.03999996185303 -8.9399995803833 -9.01000022888184 -9.34000015258789 -9.42000007629395 -9.61999989322899 -9.84000015258789 -9.65999984741211 -10.0699996948242 -10.5900001525879 -11.0100002288818 -11.2299995422363 -11.3900003433228 -11.4200000762939 -11.25 -11.1000003814697 -10.8800001144409 -10.6000003814697 -10.6700000762939 -10.5699996948242 -10.4099998474121 -10.1000003814697 -9.72999954223929 -9.47000026702881 -9.07999992370605 -8.8100004196167 -8.55000019073486 -8.539999961853 -8.4399995803833 -8.26000022888184
-9999 -9999 -9999 -9999 -14.050003214636 -12.289999961853 -12.9799995821055 -13.039999961853 -11.8900003433228 -10.6499996185303 -10.5900001525879 -10.4499998092651 -10.1199998855591 -9.82999992370605 -9.47000026702881 -9.53999996185303 -9.30000019073487 -9.60000038146973 -9.6199998799318 -9.40999984741211 -9.75 -9.8100004196167 -9.90999984741211 -10.3100004196167 -10.6999998092651 -10.9399995803833 -11.1000003814697 -11.2399997711182 -11.1400003433482 -11.1400003433228 -11.1499996185303 -11.0799999237061 -10.8000001907349 -10.7200002670288 -10.6099996566772 -10.4399995803833 -10.1800003051758 -9.85999965667969 -9.64000034332275 -9.14000034332275 -8.77999973297119 -8.38000011444092 -8.27000045776365 -8.10999965667725 -7.8899998664856
-9999 -9999 -9999 -9999 -16.0599994659424 -12.8700005259443 -13.6700000762939 -13.2299995422363 -12.5500001907349 -11.6899995803833 -11.0299997329712 -11.1000003814697 -10.4399995803833 -10.2200002670288 -9.77000045776367 -9.44999980926514 -9.36999988555908 -9.35000038146973 -9.57999992370605 -8.89000034332275 -9.60999965667725 -9.97999953195187 -10.0900001525879 -10.649999617868 -10.6499996185303 -10.8599996566772 -10.8900003433228 -10.8599996566772 -10.8500003814697 -10.8699998855591 -11.1199998855591 -11.3100004196167 -11.3900003433228 -11.0600004196167 -10.6599998474121 -10.4700002670288 -10.2299995422363 -9.89000034332275 -9.64999961853027 -9.0600004196167 -8.5 -8.10999965667725 -8.07999992370605 -7.84000015258789 -7.73000001907349
-9999 -9999 -9999 -9999 -15.4399995803833 -17.0599994659424 -15.2200000455009 -14.3900001298503 -13.1999998092651 -13.0299997329712 -12.4499998092651 -11.9799995422363 -11.5100002288818 -10.6800003051758 -9.77999973297119 -9.39000034332275 -9.06999969482422 -8.98999977111816 -8.86999988555908 -9.47000026702881 -9.63000011444092 -9.75 -9.84000015303672 -10.3299999237061 -10.659999846734 -10.6599998474121 -10.4799995422363 -10.0900001525879 -10.1099996566772 -10.5500001907349 -10.7799997329712 -11.1199998855591 -11.25 -10.9700002670528 -10.710000038147 -10.4899997711182 -10.2799997329712 -9.85999965667725 -9.59000015258789 -9.0600004196167 -8.52000045776367 -7.92000007629395 -7.57999992370615 -7.53999996185303 -7.53000020980835
-9999 -9999 -9999 -9999 -16.3199996948242 -16.2199993133545 -16.8199996948242 -15.3799996226844 -13.5200004577637 -13.5500001907349 -13.6999998092651 -12.9099998474121 -12.4999999521565 -10.8100004196167 -9.90999984741211 -9.26000022888184 -9.11999988447758 -8.88000011444092 -9.22000026702881 -9.43000030517578 -9.64000034332275 -9.80000019147624 -9.52999972492737 -9.65999984741211 -9.81999969482422 -9.89000034332275 -9.89000034332275 -9.5600004196167 -9.67000007629394 -10.2200002670288 -10.2299995422363 -10.6700000762939 -10.7799997329712 -10.4899997711182 -10.5900001525879 -10.3699998855591 -10.2299995422363 -9.77999973297119 -9.55000019073486 -8.97000026702881 -8.31999969482422 -7.76999998092651 -7.38000011444106 -7.5 -7.40999984741211
-9999 -9999 -9999 -9999 -16.3500011580376 -17.1000003814697 -17.0499992370605 -14.5799999237061 -14.6599998474121 -13.0100002288818 -13.8699998855591 -12.6800003051758 -11.6700000762939 -11.0799999237061 -10.789999961853 -9.14999961853027 -8.75 -8.77999973528058 -9.60000038149888 -9.43000030517578 -9.18000030576977 -9.25 -9.28999996185303 -9.23999977111816 -9.26000022888184 -9.10000038146973 -8.85999965667725 -8.64999961853027 -9.19999980926514 -9.23999977111816 -9.68000030517578 -9.90999984741211 -10.1700000762939 -10.0500001907349 -10.1800003051758 -10.1899995803833 -9.8100004196167 -9.46000003814697 -9.32999992370605 -8.92000007629395 -8.47000026702881 -7.80000019073486 -7.28999996185303 -7.48000001907349 -7.28999996185303
-9999 -9999 -9999 -9999 -16.9200000762939 -17.4300003051758 -16.9799995422363 -16.3299999237061 -12.0900001525879 -12.6400003433228 -13.6499996185303 -13.5100002288818 -13.1899995803833 -12.0200004577637 -10.2200002670288 -9.60999965667725 -8.77999973297119 -9.71000003814697 -9.38000011444092 -9.02999973297119 -8.72999954223633 -8.81999969482422 -8.65999984741211 -8.80000018676222 -8.93000030517578 -9 -8.06999969482422 -7.73999977111816 -8.71000003814697 -8.85000038146972 -8.64000034332275 -9.13000011444092 -9.38000011444092 -9.56999969482422 -9.64999961853028 -9.72999954223633 -9.34000015258789 -9.09000015258789 -9.11999988555908 -9.05000019073486 -8.68000030517578 -7.96999979019165 -7.38999986648559 -7.40999984741211 -7.26000022888184
