SnowAccumulation_R/test/tmin/final_tmin_15_04_2009.asc
NCOLS 97 
NROWS 69 
XLLCORNER 52512.810182332 
YLLCORNER 5316225.2758522 
CELLSIZE 10000 
NODATA_value -9999 
[rows 20 to 39 of 69, columns 0 to 44 of 97]
-9999 -9999 -9999 -9999 -15.4300003051758 -14.4200000762939 -14.2700004577637 -9.40999984741211 -12.8400001525879 -12.8800001144409 -11.8900003433228 -11.5200004577637 -10.4300003051758 -8.28999996185303 -8.4399995803833 -7.53000020980835 -6.23000001907349 -5.84999990463257 -5.40999984741211 -4.82000017166138 -3.75999999046326 -3.76999998092651 -4.15000009536743 -4.1599998400542 -4.05000019073486 -3.58999991416931 -3.66000008583069 -3.66000008583069 -4.05000019073486 -3.96000003814697 -4.38000011444092 -4.53000020980835 -5.11999988555908 -5.09000015258789 -5.15999984741211 -5.34999990463257 -5.40000009536743 -5.51000022888184 -5.57000017166138 -5.63999986648559 -5.71999979019165 -5.6399998664856 -5.5 -5.30000019073486 -5
-9999 -9999 -9999 -9999 -13.3999996185303 -13.6800003051758 -13.039999961853 -11.9700002670288 -13.9499998092651 -13.3900003433228 -13.2600002288818 -11.9200000762939 -10.6300001144409 -10.2799997329712 -9.40999984741211 -7.82999992370605 -6.53000020980835 -5.71999979019165 -5.30000019073486 -4.94000005722046 -4.34999990463257 -3.99000000953674 -3.71000003814697 -3.36999988555908 -3.74999999673315 -3.4300000667572 -3.5699999332428 -3.65000009536743 -3.83999991416931 -3.91000008583069 -4.21999979019165 -4.36999988555908 -4.80999994277954 -5.05999994277954 -5.11000013351441 -5.05999994277954 -5.15000009536743 -5.5 -5.69000005722046 -5.90999984741211 -5.80999994277954 -5.78999996185303 -5.67999982833868 -5.5 -4.92999982833862
-9999 -9999 -9999 -9999 -12.0500001907349 -14.3599996566772 -12.9399995803833 -11.7600002288818 -13.4799995422363 -14.0799999237061 -12.6999998092651 -12.7399997711182 -11.3400001525879 -10.960000038147 -10.3500001616777 -8.02000045776367 -6.92999982833862 -6.28000020980835 -5.17000007629394 -4.92999982833862 -4.25 -3.75 -3.27999997138977 -3.25999999046326 -3.56999993019505 -3.45000004768372 -3.39000010490417 -3.38000011444092 -3.61999988555908 -3.65000009536743 -3.69000005722046 -4.01000022888184 -4.73000001907349 -4.84000015258789 -4.90999984741211 -4.98999977111816 -5.01999998092651 -5.44000005722046 -5.69999980926514 -6.13000011444092 -6.1100001335144 -5.96999979019165 -5.78999996185303 -5.71000003814697 -5.40999984741211
-9999 -9999 -9999 -13.4300003051758 -12.8999996185303 -10.9799995422363 -12.7399997711182 -13.3400001525879 -14.1499996185303 -13.8199996948242 -13.0600004196167 -13.4700002670288 -11.4300003051758 -10.1499996879701 -8.77999973297119 -6.84000015258789 -6.17000007629395 -5.82000017166138 -4.73999977111816 -4.36999988555908 -4.15999984741211 -3.3199999332428 -3.25 -3.22000002861023 -3.28999996185303 -3.27999997138977 -3.31999993172288 -3.29999995231628 -3.48000001907349 -3.59999990463257 -3.71000003814697 -4.05000019073486 -4.40000009536743 -4.63000011444092 -4.80999994277954 -4.96999979019165 -4.98999977111816 -5.30000019073486 -5.61999988555908 -5.80999994277954 -6.30999994277954 -6.32000017166138 -6.05000019073486 -5.96999979019165 -5.71000003814697
-9999 -9999 -9999 -14.0600004196167 -13.5600004196167 -12.9499998092651 -14.5699996948242 -13.2700004577637 -14.1999998092651 -14.3800001144409 -13.3100004196167 -12.6300000791684 -11.710000038147 -7.92000007629395 -7.11999988555908 -6.55999994277954 -6.13000011444092 -4.96000003814697 -4.6399998664856 -4.46000003814697 -3.9300000667572 -3.41000008583069 -3.25 -3.21000003814697 -3.11999988555908 -3.27999996971081 -3.16000008583069 -3.17000007629394 -3.44000005722046 -3.54999995231628 -3.94000005722046 -4.01999998092651 -3.42000007629395 -4.44000005722046 -4.80000019073486 -5.1100001335144 -5.17000007629395 -5.30000019073486 -5.65999984741211 -6.05000019073486 -6.34999990463248 -6.49999999999981 -6.28999996185317 -6.19999980926528 -5.90999984741211
-9999 -9999 -9999 -14.0699996948242 -13.1899991863634 -12.6899995803833 -13.3599996566772 -13.4899997711182 -15.3100004196167 -13.2299995422363 -13.7299995422363 -8.63000011444092 -8.31999969482422 -7.96000003814697 -6.78999996185303 -6.51000022888184 -6.07000017166138 -4.78999996185303 -4.55999994277954 -4.53000020980835 -4.03999996185303 -3.49000000953674 -3.19000005722046 -2.99000000953674 -3.08999991416931 -3.20000004768372 -3.25999999046326 -3.13000011569727 -3.5 -3.82999992370605 -4.21999979019165 -4.23000001907349 -4.34000015258789 -4.53999996185303 -4.94000005722046 -5.07999992370605 -5.3899998664856 -5.46999979019165 -5.92000007629395 -6.03000020980835 -6.15000009536743 -6.36999988555908 -6.3600001335144 -6.30000019073486 -5.96000003814697
-9999 -9999 -9999 -13.8299950401383 -14.3800001144409 -10.3699998855591 -13.6000003814697 -14.0900001525879 -13.6499996185303 -14.3400001525879 -13.6000003814697 -12.7399997711182 -7.11999988555908 -6.86999988555908 -6.3600001335144 -6.17000007629395 -5.61999988555908 -4.48999977111816 -4.65000009536743 -4.76000022888184 -4.1399998664856 -3.49000000953674 -3.11999988555908 -2.97000002861023 -3.13000011444092 -3.29999995231628 -3.25999999183684 -3.31999993520346 -3.85999989509582 -4.03999996185303 -4.26000022888184 -4.42999982833862 -4.67999982833862 -4.82000017166138 -4.98999977111816 -5.26999998092651 -5.32999992370605 -5.48000001907349 -5.86999988555908 -5.98999977111816 -6.01999998092651 -6.28999996185303 -6.32999992370605 -6.34999990463257 -5.92000007629394
-9999 -9999 -9999 -9.78999996185303 -10.9099998474121 -10.3400011532943 -14.6899995803833 -12.0900001525879 -13.3199996948242 -12.9200000762939 -12.3999996185303 -12.539999961853 -12.1899995803833 -6.09000015258789 -5.92999982833862 -5.78000020980835 -4.55999994277954 -4.3899998664856 -4.38000011444092 -4.23999977111816 -4.07999992370605 -3.60999989509583 -3.39000010490417 -3.24000000953674 -3.28999996185303 -3.51999998092651 -3.77999997138977 -3.74000000953674 -3.91000008669612 -4.0000000001234 -4.21999979019165 -4.6100001335144 -4.86999988555908 -5.01000022888184 -5.07999992370606 -5.40999984741211 -5.34000015258789 -5.38000011444092 -5.75 -5.96000003814697 -5.98999977111816 -6.03999996185303 -6.15000009536743 -6.1100001335144 -5.86999988555908
-9999 -9999 -9999 -7.11999988555908 -11.6800003051758 -12.6700000762939 -12.3000001907349 -13.25 -12.2399997711182 -12.8699998855591 -12.1599998474121 -12.3699998855591 -11.5600004196167 -11.3900003433228 -5.65000009536743 -5.32000017166138 -4.46999979019165 -4.25 -4.19999980926514 -4.03999996185303 -3.75999999046326 -3.6800000667572 -3.48000001907349 -3.19000005722046 -3.4300000667572 -3.63000011444092 -3.8199999332428 -3.83999991416931 -4.07000017250897 -4.03999996185303 -4.3600001335144 -4.84999990463257 -4.98999977111816 -5.19000005722046 -5.03000020980835 -5.28000020980835 -5.28999996185303 -5.6399998664856 -5.73999977111816 -5.92000007629394 -5.94000005722046 -6.03999996185303 -6.13000011444092 -5.84999990463257 -5.6399998664856
-9999 -9999 -9999 -7.11999988555908 -10.6000003814697 -9.67000007629394 -10.6499995550102 -11.1000003814697 -9.35000038146972 -11.9099998474121 -13.2799997329712 -12.4899997711182 -12.6999998092651 -11.7200002670288 -5.30000019073486 -5.25 -5.19999980926514 -4.05000019073486 -3.90000009536743 -3.58999991416931 -3.55999994277954 -3.74000000953674 -3.3199999332428 -2.9300000667572 -3.14000010490418 -3.44000005722046 -3.80999994277954 -3.99000000953674 -4.32999992370605 -4.5 -4.690000057984 -4.90000009569339 -4.98999977111816 -4.98000001907349 -4.92999982833862 -5.11999988555908 -5.32999992370605 -5.26999998092651 -5.51000022888184 -5.8899998664856 -5.90999984741211 -5.98000001907349 -5.73999977111816 -5.48999977111816 -5.44000005722046
-9999 -9999 -9999 -4.61000177792548 -7.86999988555908 -8.67000007629395 -10.0500004280364 -11.9700002670288 -11.6499996185303 -10.0100002288818 -12.6999997935622 -11.4799995422363 -10.0200004577637 -12.1199998855591 -5.25 -5.19999980926514 -4.78000020980835 -4.69999980926514 -3.75 -3.71000003814697 -3.30999994277954 -3.09999990463257 -3.00999999046326 -2.98000001907349 -3 -3.25999999046326 -3.61999988555908 -3.96000003814697 -4.30000019073486 -4.49999999963619 -5.07000017066952 -5.15000009536743 -4.76999998092651 -4.76999998092651 -4.82999992370605 -5.03000020980835 -5.26000022888184 -5.13000011444092 -5.46000003814697 -5.53999996185303 -5.76999998092651 -5.71000003814697 -5.42000007629395 -4.90999984741211 -4.76000022888184
-9999 -9999 -9999 -5.09000015258789 -8.65999984741211 -6.73999977111816 -10.710000038147 -10.560001240974 -12.2399997711182 -8.78999996185303 -9.5 -10.8100004196167 -10.7799997329712 -10.1700000762939 -4.92999982833862 -4.84999990463257 -4.76000022888184 -4.67000007629395 -4.23999977111816 -3.52999997138977 -3.04999995231628 -2.85999989509582 -2.78999996185303 -2.82999992370605 -2.75999999046326 -2.89000010490417 -3.41000008583069 -3.83999991416931 -4.17999982833862 -4.17000007629395 -4.13000011444092 -4.30999994277954 -4.65999984719711 -4.71000003801268 -4.73000001907349 -4.76000022888184 -5.01000022888184 -5.05000019073486 -5.1100001335144 -5.32999992370605 -5.40999984741211 -5.34999990463257 -4.67000007629395 -4.55000019073486 -4.42000007629395
-9999 -9999 -9999 -8.14000034332275 -5.63999976970896 -8.36999988555908 -7.15999984741211 -10.6999998092651 -9.98999992305634 -10.7700004577637 -9.39000034332276 -8.18000030517578 -8.30000019073487 -6.92000007629394 -4.98000001907349 -4.63000011444092 -4.46999979019165 -4.38000011444092 -4.23999977111816 -3.44000005722046 -2.91000008583069 -2.6800000667572 -2.47000002861023 -2.42000007629395 -2.42000007629395 -2.61999988555908 -2.89000010490417 -3.5699999332428 -3.90000009536743 -3.98000001907349 -3.65000009536743 -4.3099999423905 -4.38999986628159 -4.42999982833862 -4.48999977111816 -4.5 -4.71999979019165 -4.80000019073486 -5.07999992370605 -5.3899998664856 -5.32999992370605 -5.03000020980835 -4.57999992370605 -4.42999982833862 -3.94000005722046
-9999 -9999 -9999 -7.36999988555908 -5.59000015258789 -4.30999994277954 -7.57999992370606 -6.44999980926514 -9.13000011444092 -10.1999987734487 -10.6700000762939 -8.39000034332275 -8.67000007629395 -8.15999984741211 -4.94999980926514 -4.67000007629394 -4.30999994277954 -4.34999990463257 -4.03000020980835 -2.95000004768372 -2.6800000667572 -2.50999999046326 -2.19000005722046 -1.85000002384186 -2 -2.19000005722046 -2.80999994277954 -3.29999995231628 -3.38000011444092 -3.83999991416931 -3.95000004768372 -4.03000020980835 -4.07000017166138 -4.05000019073486 -4.17000007629395 -4.42000007627781 -4.49999999999479 -4.78999996185303 -4.94000005722046 -4.94000005722046 -5.1100001335144 -4.98999977111816 -4.57000017166138 -3.99000000953674 -3.83999991416931
-9999 -9999 -9999 -9.3100004196167 -7.21000003814697 -5.01999998092651 -4.3899998664856 -8.86999988555908 -6.48999977111816 -8.80000019073487 -9.77999905798322 -10.3000001907349 -9.72000026702881 -8.61999988555908 -5.40999984741211 -5.09999990463257 -4.03000020980835 -4.26000022888184 -3.91000008583069 -3.54999995231628 -2.60999989509583 -2.23000001907349 -1.87999999523163 -1.83000004291534 -1.85000002384186 -2.10999989509583 -2.63000011444092 -2.80999994277954 -2.94000005722046 -3.61999988555908 -3.91000008583069 -4.09000015258789 -4.07999992370605 -4.05000019073486 -4.26000022888184 -4.32000017166138 -4.32000017166138 -4.44000005722046 -4.48999977111816 -5.19999980926164 -4.92999982833767 -4.40000009536706 -4.09000015258719 -3.77999997138965 -3.41000008583106
-9999 -9999 -9.47000026702881 -8.60999965667725 -11.5600004196167 -5.71000003814697 -4.21000003814697 -5.61999988555908 -7.5 -4.59000015258789 -8.92000007629395 -10.3299996418594 -10.6700000762939 -9.05000019073486 -6.30999994277954 -8.14000034332275 -5.30999994277954 -4.75 -4.32999992370605 -3.70000004768372 -2.54999995231628 -2.25 -2.02999997138977 -1.95000004768372 -1.82000005245209 -1.89999997615814 -2.42000007629395 -2.76999998092651 -3.05999994277954 -3.5699999332428 -3.96000003814697 -3.97000002861023 -3.98000001907349 -3.97000002861023 -4.15999984741211 -4.17000007629395 -4.1399998664856 -4.42999982833862 -4.48999977111705 -4.69999980926304 -4.5199999809257 -4.23999977111816 -3.78999996185303 -3.73000001907349 -3.5699999332428
-9999 -9999 -10.7700004577637 -11.3500003814697 -9.02999973297119 -10.3100004196167 -7.28000020980835 -4.19000005722046 -6.30000019073486 -7.87999988891554 -8.46000003814697 -7.92999982833862 -9.69999980926514 -9.22000026702881 -6.34000015258789 -6.92000007629395 -5.73000001907349 -4.84000015258789 -4.42999982833862 -4.1100001335144 -2.32999992370605 -2.10999989509583 -2.02999997138977 -1.9099999666214 -1.74000000976273 -1.8600000140623 -2.42000007629395 -2.67000007629395 -3.21000003814697 -3.64000010490417 -3.9300000667572 -3.88000011444092 -3.98000001907349 -3.97000002861023 -3.95000004768372 -4.19000005722046 -4.40000009536743 -4.63000011444092 -4.23000001907349 -4.07000017166138 -3.96000003814697 -3.76999998092651 -3.49000000953674 -3.38000011444092 -3.13000011444092
-9999 -9999 -9.25 -8.07999992370606 -8.85999965667725 -9.80000019073486 -9.25999994578135 -4.34000015258789 -3.75 -7.3899998664856 -5.17000007629395 -6.07999992370606 -8.52000045776367 -8.64999961853028 -5.90000009536743 -5.84999990463257 -5.5 -4.80999994277954 -4.46000003814697 -3.75999999046326 -2.46000003814697 -2.24000000953674 -2.15000009536743 -1.89999997615814 -1.64999997615814 -1.8400000333786 -2.47000002861023 -2.64000010490417 -2.95000004768372 -3.25 -3.51999998092651 -3.67000007629395 -3.88000011444092 -3.88000011444092 -3.96000003814697 -4.19999980926514 -4.44999980926514 -4.61999988555908 -4.09000015258789 -3.88000011444092 -3.77999997138977 -3.63000011444092 -3.40000009536743 -3.24000000953674 -2.94000005722046
-9999 -9999 -8.53999996185303 -7.23000001907349 -7.75 -10.789999961853 -8.52000045776367 -6.40999984741211 -3.16000008583069 -6.86999988555908 -6.86999988555908 -7.23999977111816 -6.21000003814697 -9.64000033389121 -9.65999984741211 -5.51999998092651 -5.19000005722046 -4.82000017166138 -4.05000019073486 -3.64000010490417 -2.80999994277954 -2.5699999332428 -2.35999989509583 -2.00999999046326 -1.78999996185303 -1.97000002861023 -2.45000004768372 -2.65000009536743 -2.71000003814697 -2.9300000667572 -3.17000007629395 -3.54999995231628 -3.67000007629395 -3.77999997138977 -3.82999992370606 -3.80999994277954 -3.97000002861023 -3.8199999332428 -3.69000005722046 -3.58999991416931 -3.38000011444092 -3.5 -3.3199999332428 -3.24000000953674 -2.90000009536743
-9999 -9999 -4.71999878300883 -6.71999979019165 -9.68000030517578 -8.31999969482422 -7.92000007629394 -6.84000015258789 -3.24000000953674 -4.96000003814697 -7.40000002666447 -3.99000000953674 -5.34999990463257 -7.03000020980835 -7.32999992370605 -5.15999984741211 -4.84000015258789 -4.59999990463257 -4.40999984741211 -3.94000005722046 -3.15000009536743 -3.16000008583069 -2.67000007629395 -2.32999992370605 -2.1800000667572 -2.26999998092651 -2.25999999046326 -2.58999991416931 -2.65000009536743 -2.85999989509583 -2.99000000953674 -2.98000001907349 -3.45000004768372 -3.45000004768372 -3.49000000953674 -3.26999998092651 -3.25 -3.16000008583069 -2.92000007629395 -3 -3.15000009536743 -3.21000003814697 -2.84999990463257 -2.71000003814697 -2.36999988555908
