SnowAccumulation_R/test/tmin/final_tmin_02_04_2009.asc
NCOLS 97 
NROWS 69 
XLLCORNER 52512.810182332 
YLLCORNER 5316225.2758522 
CELLSIZE 10000 
NODATA_value -9999 
[rows 40 to 59 of 69, columns 45 to 89 of 97]
-6.3899998664856 -5.90999984741211 -5.69000005722046 -5.69999980926514 -5.92999982833862 -5.98999977111816 -6.03000020980835 -6.38000011444092 -6.32999992370605 -6.25 -6.13000011444092 -6.05999994277954 -5.92000007629394 -5.76000022888184 -5.67000007623652 -5.46999979019165 -5.28000020980835 -5.09999990463257 -5.03000020980835 -4.90000009536743 -4.82000017166138 -4.80000019073486 -4.84999990463257 -4.98999977111816 -5.09999990463257 -5.42000007629395 -5.80999993285315 -5.86999988640037 -6.26999998092651 -6.6399998664856 -6.96000003755858 -7.09000015258789 -7.28000020980835 -7.36999988555908 -7.36999988555908 -7.32999992370605 -7.23000001907349 -7.19000005722046 -7.28999996185303 -7.80000019073486 -8.17000007629395 -8.97999954223633 -9.75 -10.0200004577637 -10.25
-6.44000005722046 -5.86999988555908 -5.86000013351441 -5.71999979019165 -5.90000009536743 -6.03000020980835 -6.21999979019165 -6.53000020980835 -6.46000003814697 -6.34000015258789 -6.17000007629395 -6.09000015258789 -5.94999980926514 -5.78000020980835 -5.67999982828132 -5.48000001907349 -5.26999998092651 -5.07999992370605 -5 -4.84000015258789 -4.71000003814697 -4.67999982833862 -4.67000007629395 -4.80999994277954 -4.92999982833862 -5.1399998664856 -5.53000020980835 -5.71999979019165 -6.07999992370606 -6.40999984741211 -6.55000019073486 -6.78999996185303 -6.98000001907349 -7.05999994277954 -7.03000020980835 -7.05999994277954 -6.84000016637187 -6.73999977111816 -6.80000019073486 -7.59000004097597 -8.14000034332275 -9.19999980926513 -10.2399997711182 -10.7299995422363 -11.4399995803833
-5.84000015258789 -5.82000017166138 -5.84000015258789 -5.57000017166138 -5.8899998664856 -6.36999988555908 -6.51000022888184 -6.69000005722046 -6.61999988555908 -6.42999982833862 -6.25 -6.1399998664856 -5.98999977111816 -5.78999996185303 -5.69000005722046 -5.46999979019165 -5.26999998092651 -5.15999984726924 -4.96999979019165 -4.78999996185303 -4.61999988685977 -4.55000019073486 -4.44999980926514 -4.65000008842961 -4.67000007629395 -5.05999994277954 -5.42000007629395 -5.59999990463257 -5.92999982833862 -6.21999979019165 -6.34999990463257 -6.55999994277954 -6.73999977111816 -6.80999994277954 -6.86999988555908 -6.94999980926514 -7 -6.71999979019165 -6.67999982833862 -7.42000007629395 -8.35999965667724 -9.47000026702881 -10.0699996948242 -11.3699998855591 -12.7299995422363
-5.73000001907349 -5.71999979019165 -5.73999977111816 -6.01000022888184 -6.30000019073486 -6.51000022888184 -6.61999988555908 -6.63000011444092 -6.59000015258789 -6.46999979019165 -6.32000017166138 -6.21000003814697 -6.01000022888184 -5.80000019073486 -5.69000005722046 -5.46999979019165 -5.26999998092651 -5.17000007629394 -4.96000003814697 -4.76999998092651 -4.67999982804729 -4.46000003942451 -4.32999992370605 -4.36000013418515 -4.67999982833862 -5.05000019073486 -5.38000011444092 -5.53999996185303 -5.82999992370605 -6.09000015258789 -6.21000003814697 -6.3899998664856 -6.53999996185303 -6.61999988555908 -6.71000003814697 -6.78999996185303 -6.84000015258789 -7.1399998664856 -7.51000022888184 -7.84999990463257 -8.61999988555908 -9.68000030517578 -10.2700004577637 -11.5 -12.4700002670288
-5.46999979019165 -5.48000001907349 -5.80999994277954 -5.90000009536743 -6.01999998092651 -6.1399998664856 -6.23999977111816 -6.55999994277954 -6.51999998092651 -6.44000005722046 -6.30999994277954 -6.21999979019165 -6.03000020980835 -5.80999994277954 -5.69999980926514 -5.48000001907349 -5.28000020980835 -5.19000005722046 -4.98999977111816 -4.80999994277954 -4.71000004036841 -4.69000005722046 -4.65000009536743 -4.69999980926514 -4.90000009536743 -5.11999988555908 -5.26000022888184 -5.51999998092651 -5.76000022888184 -5.88000011471003 -6.09999990463257 -6.28000020980835 -6.34999990463257 -6.48000001907349 -6.6100001335144 -6.67000007629395 -6.82000017166138 -7.26000021909103 -7.84000010398771 -8.1899995803833 -8.84000015258789 -9.78999977912111 -10.3100004196167 -11.3199996948242 -12.0699994352978
-5.32000017166138 -5.55999994277954 -5.63999986648559 -5.78000020980835 -5.86999988555908 -5.92000007629394 -6.05999994277954 -6.36999988555908 -6.40999984741211 -6.42999982833862 -6.3600001335144 -6.28999996185303 -6.05999994277954 -5.82000017166138 -5.69999980926514 -5.48000001907349 -5.30000019073486 -5.21999979037619 -5.05999994371897 -5.05000019073486 -5 -4.94000005722046 -4.94999980926514 -4.98000001907349 -5.09000015258789 -5.28999996185303 -5.38000011444092 -5.59000015258789 -5.73999977111816 -5.82999992370605 -6.01000022888184 -6.17999982833862 -6.26999998092651 -6.46999979019165 -6.61999988555908 -6.69000005722046 -7.03000019976017 -7.40999984741211 -7.67000007629395 -8.27999973297119 -9.01000022888184 -9.40999984741211 -10.25 -11.1000003814697 -11.460000038147
-5.40000009536743 -5.46999979019165 -5.6100001335144 -5.76999998092651 -5.76999998092651 -5.59000015258789 -5.90999984741211 -6.1599998474156 -6.40000009536743 -6.46999979019165 -6.42999982833862 -6.34999990463257 -6.07000017166138 -5.78999996185303 -5.67000007629395 -5.46000003799843 -5.30000019073486 -5.28000020980835 -5.23999977111816 -5.21000003814697 -5.19999980926514 -5.19999980926514 -5.23000001907349 -5.25 -5.30999994277954 -5.3899998664856 -5.46000003814697 -5.6100001335144 -5.73999977111816 -5.82000017166138 -5.96999979019165 -6.1399998664856 -6.21999979019165 -6.46000003814697 -6.6399998664856 -6.78000020980835 -7.11999988555908 -7.46999979019165 -7.71999979019165 -8.35000038146973 -9.02999973297119 -9.39000034332275 -10.1599998474121 -10.8800001144409 -11.1999998092651
-5.26000022888184 -5.51000022888184 -5.76999998092651 -6.07000017166138 -6.01000022888184 -5.92000007629394 -5.96999979019165 -6.13000011444566 -6.40999984741211 -6.48999977111816 -6.53999996185303 -6.38999986648559 -6.01999998071871 -5.86000013319282 -5.3899998664856 -5.23000001907349 -5.23999977115092 -5.28999996185303 -5.32999992370605 -5.3899998664856 -5.42000007629395 -5.46999979019165 -5.48999977111816 -5.5 -5.51999998092651 -5.53999996185303 -5.57999992370606 -5.67000007629395 -5.78999996185303 -5.84999990463257 -5.94999980926514 -6.09000015233975 -6.17999982833862 -6.40999984741211 -6.5 -6.80999994277954 -7.15000009536743 -7.32000017166138 -7.73999977111816 -8.28999996185303 -8.61999988555908 -9.31999969482422 -10.039999961853 -10.3699998855591 -10.9700002670288
-5.51000022888184 -5.67000007629394 -6.01999998092651 -6.38000011444092 -6.46000003814697 -6.30999994277954 -6.13000011444092 -6.34000015258957 -6.38000011444092 -6.38000011438993 -6.44999980911682 -5.51999998092651 -5.05999994277954 -5.07999992368176 -5 -5.07000017166138 -5.13999986657316 -5.28999996185303 -5.42000007629395 -5.48999977128657 -5.61999988555908 -5.71999979019165 -5.73999977116192 -5.75 -5.73000001907349 -5.71999979019165 -5.73000001907349 -5.76000022888184 -5.80000019073486 -5.8600001335144 -5.94000005722046 -5.98999977111816 -6.15999984741211 -6.32000017166138 -6.44999980926514 -6.76000022888184 -7.09999990463257 -7.25 -7.69000005722046 -8.22000026702881 -8.52000045776367 -9.1899995803833 -9.86999988555908 -10.1800003051758 -10.7600002288818
-5.84000015258789 -6.09999990463257 -6.3600001335144 -6.65999984741211 -6.80999994277954 -6.51000022888184 -6.32999992370606 -7.28000020980835 -6.25 -5.61999988555908 -5.09000015258789 -4.53000020980835 -4.55999994277954 -4.61000013351441 -4.73999977111816 -4.90999984741211 -5.01000022888184 -5.28000020980835 -5.48999977111816 -5.61000013351441 -5.82999992370606 -5.98999977111816 -6.03999996185303 -6.03000020980835 -5.96999979019165 -5.94000005722046 -5.84999990463257 -5.80999994277954 -5.80999994277954 -5.82000017166138 -5.8899998664856 -5.94000004384307 -6.01999998092651 -6.21999979019165 -6.34999990463257 -6.63000011444092 -6.94999980926514 -7.11999988555908 -7.57000017166138 -8.1199998323025 -8.40999984741211 -9 -9.64000020886356 -9.94999980926514 -10.5299997329712
-6 -6.28999996185303 -6.73000001907349 -7.51000022888184 -7.88000011444092 -7.09000015258789 -6.57999992370605 -7.44999980926514 -6.26999998092651 -5.19000005722046 -4.69999980926514 -4.3899998664856 -4.36000013351441 -4.40999984741211 -4.53999996185303 -4.76000022888184 -4.94999980926514 -5.25 -5.53000020980835 -5.69000005722046 -6.01999998092651 -6.28000020980835 -6.34999990463257 -6.3600001335144 -6.21000003814697 -6.13000011444092 -5.94999980926514 -5.82999992370605 -5.78999996185303 -5.80000019073486 -5.82000015920078 -5.78999996185303 -5.90000009536743 -6.09000015117397 -6.21000003814697 -6.46999979019165 -6.63000011444092 -6.98000001907349 -7.40000009536743 -7.67000007629395 -8.21000003814697 -8.77999973297119 -9.10000038146973 -9.71000003814697 -10.0500001907349
-6.17000007629395 -6.57999992370605 -7.05999994277954 -8.03999996185303 -9.60000038146973 -9.01000022888184 -7.96000003814697 -7.44000005722046 -6.19000005722046 -5.25 -4.86999988555908 -4.48999977111816 -4.32999992370605 -4.26000022888184 -4.36999988555908 -4.69000005722046 -4.84000015258789 -5.17000007629395 -5.51000022888184 -5.73000001907349 -6.1399998664856 -6.55999994277954 -6.63999986648559 -6.55000019073486 -6.40000009536743 -6.25 -6.01000022888184 -5.82999992370605 -5.78000020980835 -5.76999996578769 -5.63000011451224 -5.69000005722046 -5.80000019073486 -5.84999990463257 -6.03000020980835 -6.28000020980835 -6.44000005722046 -6.76999998092651 -7.17999982833862 -7.42000007629395 -7.96999979019165 -8.52000045776367 -8.82999992370605 -9.18000030517578 -9.77999953873034
-6.38000011444092 -6.69000005722046 -7.03000020980835 -9.22000026702881 -9.02000045776367 -8.34000015258789 -7.42999982833862 -7.01999998092651 -5.96999979019165 -5.19000005722046 -4.90999984741211 -4.48000001907349 -4.25 -4.19000005722046 -4.19000005722046 -4.55000019073486 -4.73000001907349 -5.07999992370606 -5.48000001907349 -5.75 -6.26000022888184 -6.71999979019165 -6.84000015258789 -6.80999994277954 -6.63999986538563 -6.30000019073486 -6 -5.8899998664856 -5.6399998664856 -5.53000020980835 -5.53000020980835 -5.57999992370605 -5.69999980926514 -5.73000001907349 -5.88000011444092 -6.1100001335144 -6.23000001907349 -6.59999990463257 -6.99999997632723 -7.19999980926514 -7.69999980926514 -7.96999979019165 -8.56999939615534 -8.9399995803833 -9.23999977111816
-6.34000015258789 -6.6100001335144 -7.40000009536743 -8.14999961853027 -8.1899995803833 -7.53000020980835 -6.78999996185303 -6.46000003814697 -5.71000003814697 -5.05999994277954 -4.78999996185303 -4.3899998664856 -4.1399998664856 -4.07000017166138 -4.09000015258789 -4.3899998664856 -4.59000015258789 -4.98999977111816 -5.19999980970613 -5.69999980926514 -6.26999998092651 -6.57999992495422 -7.21999979019165 -6.88000011444092 -6.6100001335144 -6.19999980926514 -5.94999979560061 -5.69999980926514 -5.51999998092651 -5.46999979019165 -5.48000001907349 -5.55999994277954 -5.67000007629395 -5.67000007629394 -5.78000020980835 -5.86000013088909 -5.98000001907349 -6.32000017166138 -6.57999992370605 -6.96999979019165 -7.44000005722046 -7.71999961038255 -8.07999992370606 -8.64000034332275 -8.9399995803833
-6.25 -6.40000009536743 -7.05999994277954 -7.15000009536743 -7.19000005722046 -6.90000009536743 -6.23999977111816 -6.07000017166138 -5.46000003814697 -4.90000009536743 -4.65000009536743 -4.26999998092651 -4.01000022888184 -3.95000004768372 -4.01000022888184 -4.11999988568891 -4.46000003814697 -4.84999990463257 -5.07000017208441 -5.53000020980835 -6.03000020980835 -6.28999996185303 -6.71000003814697 -6.48999977111816 -6.26999998092651 -5.5 -5.3899998664856 -5.44000005722046 -5.42000007629395 -5.34999990463257 -5.40999984741211 -5.46999979019165 -5.46999979019165 -5.55999994277954 -5.57999992370605 -5.61999988555908 -5.73999977111816 -6.07999992370606 -6.28999996185303 -6.71999979019165 -7.24999981438241 -7.28000020980835 -7.84000015258789 -8.39999948854668 -8.64999961853027
-6.23999977111816 -6.38000011444092 -6.6100001335144 -6.61999988555908 -6.42000007629395 -6.15999984741211 -5.80000019073486 -5.55999994277954 -5.15000009536743 -4.73999977111816 -4.48999977111816 -4.15999984741211 -3.92000007629395 -3.80999994277954 -3.90000009536743 -4.01999998104036 -4.32999992370605 -4.69999980926514 -4.90000009536743 -5.30999994277954 -5.71000003814697 -5.8899998664856 -6.05000019073486 -5.84000013422288 -5.09000015258789 -4.92000007629395 -5.05999994277954 -5.21000003814697 -5.09000015258789 -5.11999988563406 -5.1399998664856 -5.23999977111816 -5.25 -5.32999992370605 -5.46999979019165 -5.46000003814697 -5.59000015258789 -5.90000009536743 -6.07000017166138 -6.44999967895009 -6.40000009536743 -7.03000020980835 -7.59000015258789 -7.8899998664856 -8.42000007629395
-6.17999982833862 -6.26999998092651 -6.19000005722046 -5.94000005722046 -5.88000011444092 -5.59000015258789 -5.38000011444092 -5.21999979019165 -4.8600001335144 -4.57000017166138 -4.40000009536743 -4.03999996185303 -3.91000008579471 -3.6800000667572 -3.79999995231628 -3.92000007629395 -4.19999980926514 -4.53000020980835 -4.69999980926514 -5.03000020980835 -5.32000017166138 -5.4200000684878 -4.98000001907349 -4.69999980926514 -4.55000019073486 -4.59000015258789 -4.61999988619599 -4.86999988555908 -4.84999990463257 -4.8600001335144 -4.92000007629395 -5.03000020980835 -5.1100001335144 -5.19000005722046 -5.3699998836594 -5.40000009536743 -5.48000001907349 -5.6100001335144 -5.90000036398673 -6.38000011444092 -6.86999988555908 -7.22249984741211 -7.27500009536743 -7.71000003814697 -8.26500034332275
-6.44999980926514 -6.30999994277954 -5.78999996185303 -5.51999998092651 -5.46000003814697 -5.26999998092651 -5.07999992370605 -4.98000001907349 -4.63000011444092 -4.38000011444092 -4.26000022888184 -3.97000002861023 -3.86999988555908 -3.72000002861023 -3.82999992370606 -3.92000007629395 -4.11999988555908 -4.36999988555908 -4.5 -4.74999998279237 -3.25250005722046 -3.36999988555908 -3.47749996185303 -3.31750011405094 -3.26749992370605 -3.16499996185303 -3.07999992370606 -2.82999992370605 -3.11249995231628 -2.97749996185303 -3.53999996185303 -4.3274998664856 -4.65999984741211 -5.46500015258789 -5.64249992370605 -5.21750020980835 -5.55999994277954 -5.82000002222713 -6.26749992370605 -6.60750007629395 -6.90999984741211 -6.78249979019165 -6.78249979019165 -8.03499984741211 -8.40000057220459
-3.01250004768372 -3.08999991416931 -3.18249988555908 -3.22749996185303 -3.39750003814697 -3.62750005722046 -3.58249998092651 -3.55999994277954 -3.72499990463257 -3.47000002860813 -3.44250011444092 -3.32500004768372 -3.20000004768372 -3.07750010490417 -3.45250010490417 -3.44000005722046 -3.24749994277954 -3.13499999042393 -3.05250000953674 -3.12750005722046 -3.23499989537861 -3.38499999046326 -3.41249990463257 -3.42750000953674 -3.23250007629395 -2.93499994277954 -2.67249989509582 -2.67750000953674 -2.65499997138977 -2.35750007629395 -2.90750002861023 -3.5099999948913 -4.58249998092651 -5.30249977111816 -5.37750005722046 -5.61499977111816 -5.03750012897382 -5.42999982833862 -5.95499992370605 -6.31750011444092 -6.53499984741211 -6.09999990463257 -6.40749979019165 -7.89499998092651 -8.47999954223633
-2.84750008583069 -3.1875 -3.03250002861023 -3.33999991416931 -3.45749998092651 -3.35249996185303 -3.53749990463257 -3.72499990463257 -3.59249997138977 -3.52500009535237 -3.21749997138977 -2.98250007629395 -2.97250008583069 -2.875 -3.41499996148031 -3.50500011490365 -3.2425000667572 -3.29749989509583 -3.30999994277954 -3.34500002861023 -3.32500004768372 -3.4375 -3.42249989509583 -3.40000009536743 -3.24000000953674 -2.97499990463257 -3.01250004768372 -2.62750005722046 -2.60500001714148 -2.03749990463257 -2.82500004768372 -3.61999988555908 -4.63500022888184 -5.38500022888184 -5.44500017166138 -5.47499998900045 -5.57749989334199 -5.64249992370605 -5.33500003814697 -5.80499982833862 -6.13749980926514 -5.91750001907349 -6.36250019073486 -7.38000011444092 -7.3125
