SnowAccumulation_R/test/tmin/final_tmin_01_04_2009.asc
NCOLS 97 
NROWS 69 
XLLCORNER 52512.810182332 
YLLCORNER 5316225.2758522 
CELLSIZE 10000 
NODATA_value -9999 
[rows 20 to 39 of 69, columns 45 to 89 of 97]
-3.79999995231628 -4.34999990463257 -4.63999986648559 -5.3600001335144 -6.30000019073486 -7.09000015258789 -7.46000003814697 -8.02000045776367 -8.52999973297119 -8.90999984741211 -9.13000011446802 -9.57999992370605 -9.94999980926514 -10.5100002288818 -10.7899999618916 -10.8100004196167 -10.7600002277608 -10.539999961853 -10.4499998092651 -10.460000038147 -10.4799995422363 -10.4399995803833 -10 -9.89999961853027 -9.73999977111817 -9.64000034332276 -9.60000038146973 -9.64999961853027 -9.72000026702881 -9.81999969482422 -10.039999961853 -10.289999961853 -10.6700000762939 -11.1000003814697 -11.3999995760908 -11.5 -11.6400003433228 -11.6599998474121 -11.5900001525879 -11.4399995803833 -11.0299997329712 -11.2600002288818 -11.6199998855591 -11.710000038147 -11.75
-3.96000003814697 -4.38000011444092 -4.65999984741211 -5.34000015258789 -6.21000003814697 -7.05999994277954 -7.44000005722046 -7.98999977111816 -8.52000045776367 -8.89999961853028 -9.07999992370605 -9.46000003814697 -9.64999961853027 -10.3299999237061 -10.5299997318602 -10.3000001907349 -10.289999961853 -10.289999961853 -10.2499999999672 -10.25 -10.2700004577637 -10.1899995803833 -10.0100002283603 -9.76000022888184 -9.57999992370606 -9.47000026702881 -9.43000030517259 -9.38000011444092 -9.39000034332275 -9.43000030517578 -9.59000015258789 -10.1700000762939 -10.5900001525879 -10.9899997515951 -11.1400003433228 -11.3800001144409 -11.5799999237061 -11.6099996566772 -11.5799999237061 -11.3800001144409 -11.1000003814697 -11.3199996948242 -11.5299997329712 -11.8000001907349 -11.8000001907349
-4.15999984741211 -4.55999994277954 -4.80999994277954 -5.44000005722046 -6.28000020980835 -6.96000003814697 -7.23999977111816 -7.92999982833862 -8.36999988555908 -8.73999977111817 -8.89000034332275 -9.22999954211186 -9.56999969453183 -9.64000034332275 -9.73999977111816 -9.9399995803833 -10.0200004577637 -10 -10 -10.0100002288818 -10.0900001525879 -9.97000026702881 -9.78999996185303 -9.59000015258789 -9.4399995803833 -9.35999965667725 -9.28999996185303 -9.19999980926513 -9.02000045776367 -9.02999973297119 -9.38000011444092 -10 -10.4999999774827 -10.9099998474121 -11.1000003814697 -11.3800001144409 -11.5799999237061 -11.6599998474121 -11.6499996185303 -11.539999961853 -11.4700002670288 -11.6199998071509 -11.7700004577637 -12.0200004577637 -11.8800001786818
-4.26999998092651 -4.8600001335144 -5.05999994277954 -5.55000019073486 -6.23999977111816 -6.88999986648559 -7.21999979019165 -7.6900000572253 -8.14999961851484 -8.30000019073486 -8.42000007629395 -8.6899995803833 -8.9399995803833 -9.27000045776367 -9.35000038146973 -9.60000038146973 -9.76000022888184 -9.84000015258789 -9.85999965667724 -9.82999992370605 -9.82999992370605 -9.71000003814697 -9.61999988555908 -9.43000030517578 -9.34000015258789 -9.26000022888184 -9.18000030517578 -9.10999965667725 -8.9399995803833 -9.13000011227508 -9.39000034332275 -9.93000033416956 -10.5 -10.9300002062099 -11.1199998855591 -11.4700002670288 -11.6999998092651 -11.789999961853 -11.8299999237061 -11.789999961853 -11.789999961853 -11.8299999237061 -11.9899997711182 -12.1300000592276 -11.8800001144409
-4.42999982833862 -4.98000001907379 -5.30999994277949 -5.8299999237061 -6.6100001335144 -7.07999992370605 -7.28999996185303 -7.71999979019165 -7.8899998664856 -8.10999965667725 -8.15999984741211 -8.31999969482422 -8.56999969482422 -8.85000038146972 -9.02000045776367 -9.22999954223633 -9.5 -9.64999961853027 -9.68000030517578 -9.72000026702881 -9.63000011444092 -9.60000038118663 -9.39999961853027 -9.28999996185303 -9.23999977111816 -9.22000026688642 -9.11999988555908 -9.11999988555908 -9.0600004196167 -9.14999961853027 -9.54000000265215 -10.210000038147 -10.6499996185303 -10.8599996566772 -11.2399997711182 -11.5799999237061 -11.8699998855591 -11.9700002670288 -12.0500001907349 -12.0500001907349 -12.0600004143295 -12.0699996948242 -12.1199998855591 -12.0900001525879 -11.9799995422363
-4.59000015258789 -5.24999999999964 -5.53999996185303 -5.96999979019165 -6.67000007629395 -7.15999984741211 -7.32000017166138 -7.59999990463257 -7.71999979019165 -7.82999992370605 -7.86999988555908 -7.98999977111816 -8.21000003814697 -8.28999996191222 -8.59000015258789 -8.84000015258789 -9.14000034332275 -9.27999973318465 -9.52000045776367 -9.55000019073486 -9.52000045776367 -9.36999988555908 -9.31999969482422 -9.15999984741211 -9.13000011444092 -9.13000011444092 -9.10000038146973 -9.13000011444092 -9.21000003814697 -9.5 -9.93000030517578 -10.4899997711182 -10.9200000671496 -11.1199998855591 -11.4300003051758 -11.7399997711182 -11.8999996185303 -12.1800003051758 -12.3000001907349 -12.3199996948242 -12.3100004196167 -12.2799997329712 -12.3199996948242 -12.1199998855593 -12
-4.57000017166138 -5.30999994277954 -5.75 -6.23000001907349 -6.73000001907349 -7.26999998092651 -7.34999990463257 -7.46000003814697 -7.53000020980835 -7.51000022888115 -7.51999998092651 -7.59000015258789 -7.76999998092651 -7.88000011450816 -8.19999980926514 -8.44999980926513 -8.69999980926514 -8.85999965667724 -9.1899995803833 -9.34000015258789 -9.22999954223633 -9.17000007629395 -9.07999992370605 -9.02999973297119 -9.01000022888184 -9.01000022888184 -9.09000015258789 -9.18999958603575 -9.38000011444092 -9.73999977111816 -10.1400003433228 -10.8599996566772 -11.0799999237061 -11.460000038147 -11.7200002670288 -11.960000038147 -12.1000003814697 -12.3999996185303 -12.5500001907349 -12.5699996948242 -12.5500001907349 -12.6099995603902 -12.4099998474121 -12.2799997329712 -12.0500001907349
-4.65999984741211 -5.3299999237057 -5.73000001907349 -6.30999994277954 -6.90999984741211 -7.19000005722133 -7.36999988555908 -7.30000019073486 -7.26999998092651 -7.26999998092515 -7.13000011444092 -7.15999984741211 -7.32000017166138 -7.46000003814697 -7.86999988555908 -8.22000026702881 -8.60000038146972 -8.65999984741211 -8.93000030517578 -9.0600004196167 -8.98999977111816 -8.97000026702881 -8.92000007629395 -8.89999961853027 -8.86999988559371 -8.92000007629395 -9.06000041424163 -9.27999973297119 -9.46000003814697 -9.90999984741211 -10.3599996566772 -10.9700002670288 -11.210000038147 -11.6300001144409 -11.9499998092651 -12.0799999237061 -12.3400001525879 -12.6099996566772 -12.789999961853 -12.789999961853 -12.7500001814263 -12.7299995422363 -12.4700003782942 -12.3400001525879 -12.1099996566772
-4.69000005722046 -5.28000020980831 -5.61999988555908 -6.25 -6.98999977111816 -7.28000020980863 -6.86999988555908 -7.19999980926514 -7.05999994277954 -6.98000001907349 -6.76999998092651 -6.69000005722046 -6.82999992370605 -7.03000020980835 -7.5 -8.06999969482422 -8.53999996185303 -8.64000034332275 -8.64000034332275 -8.80000019073486 -8.81999969479846 -8.8100004196167 -8.77999973297119 -8.75 -8.76000022888183 -8.71000003814697 -8.90999984741211 -9.3100004196167 -9.55000019073486 -10.0900001525879 -10.5799999237061 -10.8000001907349 -11.3299999237061 -11.7700004577637 -12.0799999237061 -12.2299995422363 -12.5299997329712 -12.7399997711182 -12.9399995580532 -12.9799996962846 -13.0299997329712 -12.7700004577637 -12.6400003433228 -12.3900003433228 -12.1400003433228
-4.73000001907349 -5.30999994277944 -5.67000007629395 -6.19000005722046 -6.71999979019165 -7.00000000000054 -6.65000009536743 -6.94000005722046 -6.84000015258789 -6.78999996185303 -6.53999996185303 -6.25 -6.34999990463257 -6.69000005722046 -7.26999998092651 -7.90999984741211 -8.19999980951464 -8.55000019073486 -8.60999965667725 -8.65999984741211 -8.65999984741211 -8.68000030517578 -8.59000015258789 -8.55000017960108 -8.34000015258789 -8.5600004196167 -8.81999969482422 -9.01000022910171 -9.65999984741211 -10.3100004196167 -10.8199996948242 -11.0100002288818 -11.4799995422363 -11.8599996566772 -12.159999836446 -12.289999961853 -12.6099996566772 -12.8100004196167 -12.9099997903889 -13.0799999237061 -12.9899997711182 -12.7500000711184 -12.6199998855591 -12.3800001144409 -12.1400003433228
-5.92000007629395 -5.59999990463257 -5.90999984741211 -6.25 -6.3600001335144 -6.51999998092651 -6.57000017166138 -6.69999980926514 -6.67999982833862 -6.67999982833862 -6.36999988555908 -6.09000015258789 -6.25 -6.59000015258789 -7.23000001907349 -7.78000020980835 -8.09000015258789 -8.47000026702881 -8.6899995803833 -8.61999988555908 -8.52999973297119 -8.44999980926514 -8.0600004196167 -8.02999973304706 -8.07999992370606 -8.3100004196167 -8.72000026702881 -8.97000026702881 -9.71000003814697 -10.4799995422363 -11.0500001874847 -11.2399997711182 -11.6199998855591 -11.9300003051758 -12.0600004196167 -12.2799997329712 -12.6000003814697 -12.7799996073002 -12.6400003433228 -12.7799997329712 -12.789999961853 -12.7299995422363 -12.5299997329712 -12.3100004196167 -12.1000004979251
-6.09000015258789 -6.1399998664856 -6.26999998092651 -6.40999984741211 -6.05000019073486 -6.51000022888184 -6.59000015258789 -6.48000001907349 -6.53999996185303 -6.46999979019165 -6.42999982833862 -6.17999982833862 -6.1999998093113 -6.67000007629394 -7.17000007629395 -7.71999979019165 -8 -8.31999969482422 -8.60999965667724 -8.39000034332275 -8.3000001868282 -7.94999980926513 -7.80000019073486 -7.76000022888184 -7.78999996185303 -7.98000001907349 -8.52999973297119 -8.89999961853028 -9.69999980926514 -10.6400003433228 -11.0100002288818 -11.460000038147 -11.7200002670288 -11.9399995803833 -12.0299997329712 -12.210000038147 -12.460000038147 -12.3500003814697 -12.3699998855591 -12.4799995422363 -12.539999953125 -12.5 -12.3900003433228 -12.210000038147 -12.1099996566772
-5.67999982833862 -6.19999980926514 -6.32000017166138 -6.51000022888184 -6.30000019073486 -6.38000011444092 -6.42999982833862 -6.30000019073486 -6.32999992370605 -6.36000013351441 -6.46000003814697 -6.30999994277954 -6.30999994281213 -6.65000009536743 -7.09999990463257 -7.6399998664856 -7.8899998664856 -8.35000038146973 -8.44999980606065 -8.06000041941852 -7.88000011444092 -7.67000007629395 -7.55000019073486 -7.51999998092651 -7.48000001907349 -7.55000019073486 -7.84999990600088 -8.75 -9.72999954223633 -10.7799997329712 -11.2399997711182 -11.6400003433228 -11.7299995422363 -11.8000001907349 -11.9399995803833 -12.0600004196167 -11.9799995422363 -12.039999961853 -12.0699996948242 -12.1599998474121 -12.2200002670288 -12.2600002288818 -12.3400001525879 -12.1099997448842 -12.039999961853
-5.71000003814697 -6.23000001907349 -6.36999988555908 -6.46000003814697 -6.32000017166138 -6.32000017166138 -6.32999992370605 -6.34000015258789 -6.21000003814697 -6.23999977111817 -6.32999992370605 -6.32999992370605 -6.32999992370605 -6.67999982833862 -7.03000020980835 -7.48999977111816 -7.69000005596259 -7.63000011444092 -7.92000007629395 -7.8600001335144 -7.65000009536743 -7.48000001907349 -7.40000009536743 -7.3600001335144 -7.26999998092651 -7.26000022888184 -7.61000013351441 -8.64000034332275 -9.65999984741211 -10.7200002649088 -11.2799997329712 -11.6099996566772 -11.6099996566772 -11.6700000762939 -11.789999961853 -11.6000003814697 -11.5900001525879 -11.6999998092651 -11.75 -11.8299999237061 -11.8900003433228 -12.0100002288818 -12.0900001525879 -12.0699996948242 -11.9499998092651
-5.67000007629371 -5.86999988555908 -6.36000013351441 -6.51999998092651 -6.15999984741029 -6.05000019073543 -6.25 -6.17000007629395 -5.99999999999883 -6.1399998664856 -6.23000001907349 -6.30000019073486 -6.32000017166138 -6.719999789932 -6.94999980896306 -6.94000005731461 -7.15999984741211 -7.28999996185303 -7.46000003814697 -7.55999994277954 -7.34000015258789 -7.3600001335144 -7.42000007599583 -7.26000022888184 -7.19999980926514 -7.42999982833862 -7.75 -8.5600004196167 -9.46000003814697 -9.9399995803833 -10.8100004196167 -11.1899995803833 -11.2899999610119 -11.3599995171188 -11.1000003814697 -11.2600002288818 -11.3000001907349 -11.3500003814697 -11.4300003051758 -11.4799995422363 -11.5799999237061 -11.7299995422363 -11.8500003484167 -11.8999996185303 -11.8800001144409
-5.57000017166138 -5.75 -6.17999982833862 -6.05999994277954 -5.76999998092682 -6.05000019073389 -6.19000005721417 -6 -5.98000001906867 -5.98999977111816 -6.11999988549317 -6.21000003813514 -6.34000015258789 -6.59999990463257 -6.57999992370605 -6.65000009546187 -6.8600001335144 -7 -7.1399998664856 -7.17999982833862 -7.11000013351441 -7.26000022888184 -7.30999994277954 -7.17000007629395 -7.15999984741211 -7.46999977791701 -7.78999996185303 -8.47000026702881 -9.19999980926514 -9.63000011444092 -10.3400001525879 -10.7299995422363 -10.8199995798157 -10.6099996566772 -10.6599998474121 -10.8100004099155 -10.8900003433228 -10.9499998092651 -11.0600004196167 -11.1499996185303 -11.289999961853 -11.460000038147 -11.5699996948242 -11.7299995422363 -11.789999961853
-4.98000001907349 -5.46999979019165 -5.80999994277954 -5.8600001335144 -5.86999988555908 -5.88000011444092 -5.88000011444092 -5.61000013351748 -5.75000000000157 -5.84000015258789 -5.98000001907349 -6.13000011444092 -6.21999979019165 -6.40000009536743 -6.55999994277954 -6.53999996185303 -6.73000001907349 -6.75 -6.82999992408431 -7.01000022888183 -6.98000001907349 -7.13000011444092 -7.25 -7.03000020980835 -6.98999977111816 -7.1100001335144 -7.6100001335144 -8.27000045776367 -8.92000007629395 -9.3100004196167 -9.89999961853028 -10.2600001346173 -9.96000003814697 -10.1999998092651 -10.3100004196167 -10.3299999237061 -10.3900003433228 -10.5299997329712 -10.6099996566772 -10.7700004577637 -11.0100002288818 -11.1999998092651 -11.3199996948242 -11.5500001907349 -11.6800002851737
-4.88000011444092 -5.07999992370606 -5.71999979019165 -5.78999996185303 -5.80999994277954 -5.82000017166138 -5.82000017166138 -5.67000007629395 -5.71999979019165 -5.80999994277954 -5.92999982833862 -6.13000011444092 -6.19999980926514 -6.36999988555908 -6.48999977111816 -6.51000022888184 -6.46000003814697 -6.57999992370605 -6.67999982861007 -6.88000011444092 -6.90999984741211 -6.94000005722046 -7.03999996185303 -6.90999984741211 -6.98999977111816 -6.92999982833862 -7.28999996185303 -7.94999980926514 -8.27000045776367 -8.97000026702881 -9.49999993415937 -9.4600000361355 -9.5600004196167 -9.76000022888184 -9.92000007629395 -9.97000026702881 -9.98999977111816 -10.0600004196167 -10.1700000762939 -10.4099998474121 -10.710000038147 -10.8800001144409 -11.1899995803833 -11.4099997858229 -11.6099995494649
-4.71000003814697 -4.92000007629395 -5.21000003814697 -5.44000005722046 -5.46999979019165 -5.40000009536743 -5.75 -5.59000015258789 -5.69000005722046 -5.82999992370605 -5.88000011444092 -5.94999980927959 -6.15000009536743 -6.30999994277954 -6.40000009536743 -6.42999982833862 -6.53000020980835 -6.51000022888184 -6.51999998092651 -6.67000007629395 -6.76000022888184 -6.73000001890479 -6.73999977111816 -6.78999996185303 -6.71000003814697 -6.76000022888184 -7.17000007629394 -7.84000015258789 -8.23999977111816 -8.69999978112419 -8.8100004196167 -8.97999954223633 -9.21000003814697 -9.38000011444092 -9.40999984741211 -9.5600004196167 -9.57999992370605 -9.60999965060307 -9.6899995803833 -10.0200004577637 -10.4200000762939 -10.6599998474121 -11.0600003799985 -11.4200000762939 -11.539999961853
-4.73000001907349 -4.76000022888184 -4.63000011444092 -4.78000020980835 -4.78999996185303 -4.80999994277954 -4.82000017166138 -5.51000022888184 -5.55999994277954 -5.73999977111816 -5.84999990463257 -5.84999990464707 -6.03000020980835 -6.21000003814697 -6.30000019073486 -6.34000015258789 -6.44999980926514 -6.42000007629395 -6.44000005722046 -6.59000015258789 -6.67999982833862 -6.69000005722046 -6.78000020980835 -6.73000001907349 -6.67000007668799 -6.98000001907349 -7.40000009536743 -7.82999991021837 -7.88000011444092 -8.35000038146973 -8.64999961853027 -8.80000019073486 -9.02999973297119 -9.05000019073486 -9.06999969482422 -9.11999988555908 -9.1899995803833 -9.1899995803833 -9.31999969482422 -9.64999961853027 -9.93000030517578 -10.5699996948242 -11.1499996185303 -11.5500000586368 -11.6499996185303
