SnowAccumulation_R/test/tmin/final_tmin_24_04_2009.asc
NCOLS 97 
NROWS 69 
XLLCORNER 52512.810182332 
YLLCORNER 5316225.2758522 
CELLSIZE 10000 
NODATA_value -9999 
[rows 20 to 39 of 69, columns 45 to 89 of 97]
-9.26000022888184 -9.10000038146973 -9.05000019073487 -9.07999992370606 -9.36999988555908 -9.52000045776367 -9.60999965667725 -9.71000003814697 -10.0100002288818 -10.0699996948242 -10.1499996185438 -10.3100004196167 -10.25 -10.460000038147 -10.539999961875 -10.6700000762939 -10.8900003433818 -11.039999961853 -10.9799995422363 -11.0200004577637 -11.039999961853 -10.8699998855591 -9.86999988555908 -9.5600004196167 -9.02999973297119 -8.57999992370605 -8.22999954223633 -8.14999961853027 -7.8899998664856 -7.55999994277954 -7.25 -7.26000022888184 -7.05999994277954 -6.98999977111816 -6.78000009191979 -6.51000022888184 -6.1100001335144 -5.65999984741211 -5.25 -4.92000007629395 -4.28000020980835 -4.92000007629395 -5.8899998664856 -6.26000022888184 -6.84000015258789
-9.73999977111817 -9.31999969482422 -9.27000045776367 -9.23999977111816 -9.4399995803833 -9.73999977111816 -9.84000015258789 -9.89999961853027 -10.2600002288818 -10.3400001525879 -10.3599996566772 -10.4099998474121 -10.1099996566772 -10.5799999237061 -10.6400003434862 -10.8599996566772 -10.9200000762939 -11 -10.970000266996 -10.9899997711182 -10.9799995422363 -10.7200002670288 -10.3100004183707 -9.64000034332275 -9.0600004196167 -8.60999965667725 -8.420000076278 -8.07999992370605 -7.75 -7.40999984741211 -7.28999996185303 -7.26999998092651 -7 -6.78000015123941 -6.53999996185303 -6.13000011444092 -5.82000017166138 -5.40999984741211 -5.19000005722046 -4.67999982833862 -4.28000020980835 -4.90000009536743 -5.40000009536743 -6.30000019073486 -6.86999988555908
-10.0699996948242 -9.61999988555908 -9.47999954223633 -9.39999961853027 -9.69999980926514 -9.81999969482422 -9.78999996185303 -10.1899995803833 -10.3299999237061 -10.4300003051758 -10.4099998474121 -10.4600000383268 -10.4899997713431 -10.8299999237061 -10.8299999237061 -10.960000038147 -11.039999961853 -11 -10.9799995422363 -10.9700002670288 -11.039999961853 -10.6700000762939 -10.25 -9.64999961853027 -9.10999965667725 -8.71000003814697 -8.46000003814697 -8.09000015258789 -7.67999982833862 -7.40000009536743 -7.30000019073486 -7.11000013351441 -6.86999982122385 -6.44999980926514 -6.30000019073486 -5.94000005722046 -5.6100001335144 -5.26999998092651 -5.09000015258789 -4.78000020980835 -4.76000022888184 -5.26000000791247 -5.69999980926514 -6.57999992370605 -7.01000042160561
-10.1199998855591 -10.0200004577637 -9.78999996185303 -9.48999977111816 -9.63000011444092 -9.89000034332275 -10.0200004577637 -10.0399999618766 -10.2700004577791 -10.5299997329712 -10.5799999237061 -10.6999998092651 -10.75 -10.9700002670288 -10.9399995803833 -11.1300001144409 -11.2299995422363 -11.2700004577637 -11.2399997711182 -11.0799999237061 -10.9499998092651 -10.5600004196167 -10.2799997329712 -9.65999984741211 -9.21000003814697 -8.76000022888184 -8.47000026702881 -8.10999965667725 -7.6399998664856 -7.40000009639335 -7.26000022888184 -6.9699997822843 -6.59000015258789 -6.2900000248312 -6.1399998664856 -5.8600001335144 -5.57000017166138 -5.44999980926514 -5.15000009536743 -4.98000001907349 -5.13000011444092 -5.34000015258789 -5.98999977111816 -6.76000026569098 -7.17999982833862
-10.2200002670288 -10.0200004577637 -10.0200004577631 -9.81000041961626 -9.97000026702881 -10.039999961853 -10.1400003433228 -10.5 -10.5200004577637 -10.6999998092651 -10.6899995803833 -10.7399997711182 -10.8900003433228 -11.0299997329712 -11.1499996185303 -11.1999998092651 -11.4300003051758 -11.5 -11.460000038147 -11.3699998855591 -11.0200004577637 -10.8500003806204 -10.2200002670288 -9.71000003814697 -9.26000022888184 -9.02999973228299 -8.47000026702881 -8.09000015258789 -7.57000017166138 -7.44000005722046 -7.19999979852856 -6.92000007629395 -6.59999990463257 -6.44000005722046 -6.09999990463257 -5.80000019073486 -5.57999992370606 -5.46999979019165 -5.23999977111816 -5.19000005722046 -5.42999974903266 -5.63000011444092 -6.19000005722046 -6.82999992370605 -7.03999996185303
-10.1599998474121 -10.0699996948242 -9.96000003814697 -9.5600004196167 -9.77000045776367 -9.97000026702881 -10.0600004196167 -10.3800001144409 -10.5500001907349 -10.75 -10.789999961853 -10.9200000762939 -11.0699996948242 -11.0399999618807 -11.1899995803833 -11.2200002670288 -11.4200000762939 -11.5200004579771 -11.710000038147 -11.539999961853 -11.2600002288818 -10.8500003814697 -10.4499998092651 -9.77999973297119 -9.27000045776367 -9.03999996185303 -8.47000026702881 -8 -7.51000022888184 -7.30999994277954 -7.13000011444092 -7.09999990463257 -6.80999994931123 -6.6399998664856 -6.19000005722046 -5.82999992370605 -5.69000005722046 -5.51000022888184 -5.30999994277954 -5.3899998664856 -5.51999998092651 -5.90000009536743 -6.51999998092651 -6.92000007629357 -7.11999988555908
-9.98999977111816 -10.0299997329712 -10.1800003051758 -9.73999977111816 -9.52999973297119 -9.88000011444092 -9.94999980926514 -10.2600002288818 -10.5799999237061 -10.6400003433289 -10.8299999237061 -11.0100002288818 -11.1499996185303 -11.1700000763295 -11.2700004577637 -11.210000038147 -11.1899995803833 -11.3000001907349 -11.6000003814697 -11.6099996566772 -11.1700000762939 -10.8999996185303 -10.3699998855591 -9.85000038146973 -9.26000022888184 -8.97000026702881 -8.47999954223633 -7.94999980248223 -7.69000005722046 -7.40999984741211 -7.1399998664856 -7.48999977111816 -7.3899998664856 -7.07000017166138 -6.53000020980835 -6.03000020980835 -5.84999990463257 -5.61000013351441 -5.3600001335144 -5.61000007931854 -5.76999998092651 -6.36999973791863 -6.69000005722046 -6.84999990463257 -7.26000022888184
-10.0100002288818 -9.94999980926515 -10 -9.68000030517578 -9.47000026702881 -9.51000022888288 -9.89000034332275 -10.1800003051758 -10.5200004577637 -10.7100000381579 -10.8400001525879 -11.1000003814697 -11.25 -11.289999961853 -11.4399995803833 -11.4300003051758 -11.5600004196167 -11.4300003051758 -11.5699996948242 -11.539999961853 -11.1599998474121 -10.960000038147 -10.4799995422363 -9.94999980926514 -9.57999992256353 -8.96000003814697 -8.43000029711322 -7.82000017166138 -7.6399998664856 -7.44000005722046 -7.23000001907349 -7.36999988555908 -7.34000015258789 -7.19000005722046 -6.86999988555908 -6.63000011444092 -6.21000003814697 -5.8899998664856 -5.71000003814697 -5.76999998092651 -6.06000033964986 -6.65000009536743 -6.8600000460911 -7 -7.44999980926514
-9.92000007629395 -9.78999996185304 -9.72000026702881 -9.55000019073486 -9.6899995803833 -9.81999969482433 -9.40999984741211 -10.3299999237061 -10.5900001525879 -10.7200002670288 -10.8599996566772 -11.1599998474121 -11.3500003814697 -11.3999996185303 -11.4499998092651 -11.6999998092651 -11.9099998474121 -11.8199996948242 -11.3900003433228 -11.4399995803833 -11.3900003430394 -11.1300001144409 -10.6599998474121 -10.0600004196167 -9.72999954223633 -9.11999988555908 -8.26000022888184 -7.82000017166138 -7.69000005722046 -7.57000017166138 -7.34000015258789 -7.21999979019165 -7.28999996185303 -7.30000019073486 -7.03999996185303 -6.90000009536743 -6.71000003814697 -6.26999998092651 -6.19000006559418 -6.24000022363283 -6.76999998092651 -6.86000013351441 -6.92999982833862 -7.19999980926514 -7.57999992370605
-9.75 -9.64999961853027 -9.65999984741211 -9.53999996185303 -9.72999954223633 -10.0399999618535 -9.57999992370605 -10.3100004196167 -10.6499996185303 -10.8500003814697 -11.0200004577637 -11.1800003051758 -11.4200000762939 -11.5100002288818 -11.5500001907349 -11.8100004196167 -11.9499998093691 -11.9399995803833 -11.6199998855591 -11.5100002288818 -11.4499998092651 -11.3299999237061 -10.7600002288818 -10.1000003810415 -9.85000038146973 -9.38000011444092 -8.35999965667725 -7.92000007627976 -7.90000009536743 -7.84000015258789 -7.53000020980835 -7.34999990463257 -7.3600001335144 -7.34999990463257 -7.19999981709811 -7.07999992370605 -7.11999988555908 -6.69000005722046 -6.59000037253551 -6.98999977111816 -7.01999998092651 -7.05999992500009 -7.09999990463257 -7.34999990463257 -7.67999982833862
-9.63000011444092 -9.80000019073486 -9.78999996185303 -9.4399995803833 -9.52000045776367 -9.84000015258789 -10.039999961853 -10.3400001525879 -10.7600002288818 -11.0100002288818 -11.0699996948242 -11.1400003433228 -11.4200000762939 -11.6099996566772 -11.7799997329712 -11.8299999237061 -11.9700002670288 -11.9099998474121 -11.9499998092651 -11.7200002670288 -11.5200004577637 -11.25 -10.6800003051758 -10.4399995796626 -10.0100002288818 -9.60000038146973 -8.80000019073486 -8.23999977111816 -8.07999992370605 -8.01000022888184 -7.71999979231677 -7.53000020980835 -7.44000005722046 -7.42000007629395 -7.38000011444092 -7.19999980926514 -7.38000011444092 -7.02000016567307 -7.03000020980835 -7.07999992370605 -7.17000007629395 -7.19000005722046 -7.23000001907349 -7.40999984741211 -7.73999953820637
-9.53999996185303 -9.5 -9.4399995803833 -9.31999969482422 -9.14999961853027 -10.0699996948242 -10.3000001907349 -10.3400001525879 -10.8199996948242 -10.9300003051758 -11.289999961853 -11.210000038147 -11.2500000000489 -11.6800003051758 -11.7700004577637 -11.8599996566772 -11.9099998474121 -11.6499996185303 -11.8900003433228 -11.5299997329712 -11.369999884815 -11.1199998855591 -10.6800003051758 -10.4799995422363 -10.3299999237061 -9.97999954223633 -9.32999992370605 -8.77999973297119 -8.10999965667725 -8.13000011444092 -8.01000022888184 -7.69999980926514 -7.55000019073486 -7.53000020980835 -7.48999977111816 -7.32999992370605 -7.40999984741211 -7.51999998092651 -7.17000007629394 -7.17999982833862 -7.30000016455 -7.28000020980835 -7.32999992370605 -7.48000001907349 -7.59000015258789
-9.69999980926514 -9.51000022888184 -9.46000003814697 -9.31999969482422 -9.38000011444092 -9.72000026702881 -9.89999961853028 -10.3400001525879 -10.710000038147 -10.9399995803833 -11.3900003433228 -11.3199996948242 -11.2799997329929 -11.5500001907349 -11.6899995803833 -11.8400001525879 -11.8400001525879 -11.7799997329712 -11.7700004567623 -11.5799999234859 -11.3699998855591 -11.0299997329712 -10.7700004577637 -10.6899995803833 -10.7600002288818 -10.5500001907349 -10.3699998842234 -9.39000034332275 -8.4399995803833 -8.18000030517578 -8.07999992370605 -7.78999996185303 -7.63000011444092 -7.63000011444092 -7.63000011444092 -7.5 -7.61000013351441 -7.57999992370605 -7.32000017166138 -7.28999996185303 -7.3600001335144 -7.42999982833862 -7.82999992370606 -7.63999987530647 -7.75
-9.86999988555908 -9.56999969482422 -9.59000015258789 -9.60999965667725 -9.55000019073487 -9.67000007629395 -9.77000045776367 -10.6099996566772 -10.6800003051758 -10.8599996566772 -11.2299995422363 -11.289999961853 -11.2299995422363 -11.539999961853 -11.5900001525879 -11.7399997711182 -11.7499999992453 -11.4799995422363 -11.8599996566772 -11.7299995422363 -11.3999996185303 -11.1599998474121 -11.1199998855591 -11.1000003814697 -10.9399995803833 -10.5200004577637 -10.1700000762939 -9.35999965667725 -8.63000011444092 -8.18000030597578 -8.02999973297119 -7.88000011444092 -7.76000022888184 -7.82000017166138 -7.86999988555908 -7.92999982833862 -7.73999977111816 -7.67999982833862 -7.48000001907349 -7.42000007629395 -7.44999980926514 -7.6100001335144 -7.84999990463257 -7.90999984741211 -7.92999982833862
-9.92000007629406 -9.85000038146973 -9.65999984741211 -9.73999977111816 -9.55000019073477 -9.64999961853019 -9.72999954223633 -10.5299997329712 -10.3900003433247 -10.8199996948242 -11.1099996566772 -11.2200002670288 -11.1700000762939 -11.6000003810268 -11.5399999615742 -11.4200000763018 -11.4099998474121 -11.2799997329712 -11.4499998092651 -11.6400003433228 -11.210000038147 -11.4200000762939 -11.6599998469277 -11.3599996566772 -11.0100002288818 -10.25 -9.88000011444092 -9.32999992370606 -8.75 -8.5600004196167 -8.23999977111816 -7.98999977111816 -7.86999988752163 -7.88999989306812 -8.01000022888184 -8.10000038146973 -8.05000019073486 -7.82999992370605 -7.69000005722046 -7.63999986648559 -7.59000015258789 -7.75 -7.96999971086484 -8.10999965667724 -8.1899995803833
-9.97000026702881 -9.89000034332275 -9.64000034332275 -9.73999977111816 -9.52999973297168 -9.64999961853076 -9.80000019073533 -10.4200000762939 -10.4899997711141 -10.6899995803833 -10.9899997710314 -11.0799999237061 -11.2399997711182 -11.460000038147 -11.0900001525879 -11.0500001907663 -11.1000003814697 -11.1000003814697 -11.2299995422363 -11.3000001907349 -11.1400003433228 -11.6300001144409 -11.7799997329712 -11.4700002670288 -11.1000003814697 -10.630000133822 -10.2299995422363 -9.60999965667725 -8.98999977111816 -8.90999984741211 -8.59000015258789 -8.27000045776367 -8.11999997592289 -8.35000038146973 -8.09000015258789 -8.10999964962186 -8.14999961853027 -7.94999980926514 -7.84000015258789 -7.84999990463257 -7.78999996185303 -7.8899998664856 -8.03999996185303 -8.27999973297119 -8.42000007629395
-9.94999980926514 -9.92000007629395 -9.78999996185303 -9.76000022888184 -9.73999977111816 -9.77000045776367 -9.84000015258789 -9.93000030518449 -10.2799997329771 -10.5799999237061 -10.8699998855591 -10.9799995422363 -11.0299997329712 -11.1300001144409 -11.1700000762939 -10.9899997711182 -11.1000003814697 -10.9099998474121 -10.9899997718387 -11.3199996948242 -11.25 -11.6599998474121 -11.8999996185303 -11.4300003051758 -11 -10.8900003433228 -10.460000038147 -9.88000011444092 -9.28999996185303 -9.27999973297119 -8.93000030517578 -8.52999979581439 -8.64000034332275 -8.57999992370605 -8.42000007629394 -8.28999996185303 -8.10999965667724 -8.06999969482422 -8.02999973297119 -7.94000005722046 -8.02000045776367 -8.02999973297119 -8.11999988555908 -8.42000007629395 -9.03999947181304
-9.94999980926514 -9.76000022888184 -9.80000019073486 -9.77000045776367 -9.76000022888184 -9.77000045776367 -9.81999969482422 -10.1099996566772 -10.2399997711182 -10.4799995422363 -10.6999998092651 -10.9300003051758 -10.9799995422363 -11.1000003814697 -11.1199998855591 -11.0600004196167 -10.75 -10.8299999237061 -10.9700002675355 -11.3199996948242 -11.3800001144409 -11.4700002670288 -11.6999998092651 -11.3900003433228 -11.3400001525879 -11.0699996948242 -10.3000001907349 -9.81999969482422 -9.57999992370605 -9.51000022888184 -9.18999961147475 -9.02000045964105 -8.84000015258789 -8.67000007629395 -8.63000011444092 -8.56999969482422 -8.31999969482422 -8.09000015258789 -8.10999965667725 -8.06999969482422 -8.11999988555908 -8.21000003814697 -8.42000007629395 -8.56000083534366 -9.14999946258465
-9.98999977111816 -9.47000026702881 -9.34000015258789 -9.51000022888184 -9.48999977111817 -9.39000034332275 -9.77000045776367 -9.98999977111816 -10.1700000762939 -10.4300003051758 -10.5100002288818 -10.6000003814878 -10.8400001525879 -11 -11.0100002288818 -10.9899997711182 -11.0299997329712 -10.8800001144409 -10.8299999237061 -11.1000003814697 -11.25 -11.1800003047372 -11.1800003051758 -11.25 -10.8299999237061 -10.6700000762939 -10.4499998092651 -10.2799997329712 -10.3400001525879 -9.73999981110808 -9.43000030517578 -9.30000019073487 -8.98999977111816 -8.81999969482422 -8.6899995803833 -8.71000003814697 -8.5 -8.1899996001244 -8.10999965667725 -8.11999988555908 -8.21000003814697 -8.34000015258789 -8.59000042990887 -9.14000034332275 -9.23999977111816
-9.61999988555908 -9.55000019073486 -9.1899995803833 -9.31999969482422 -9.28999996185303 -9.27999973297119 -9.30000019073487 -9.84000015258789 -9.92000007629395 -10.210000038147 -10.3800001144409 -10.340000152606 -10.5699996948242 -10.7799997329712 -10.8400001525879 -10.8800001144409 -10.9700002670288 -10.8199996948242 -10.8299999237061 -11.0699996948242 -11.2200002670288 -11.1999998092651 -11.3100004196167 -11.1000003814697 -10.8199996948735 -11.039999961853 -10.9399995803833 -10.5699996832634 -10.2700004577637 -10.1400003433228 -9.73999977111816 -9.61999988555908 -9.38000011444092 -8.9399995803833 -8.81999969482422 -8.71000003814697 -8.68000030517578 -8.5600004196167 -8.34000015258789 -8.17000007629395 -8.26000022888183 -8.61999988555908 -9.03999996185303 -9.28999985911005 -9.42000007629395
