SnowAccumulation_R/test/tmin/final_tmin_13_04_2009.asc
NCOLS 97 
NROWS 69 
XLLCORNER 52512.810182332 
YLLCORNER 5316225.2758522 
CELLSIZE 10000 
NODATA_value -9999 
[rows 0 to 19 of 69, columns 45 to 89 of 97]
-9999 -9999 -9999 -9999 -9999 -9999 -9999 -9999 -9999 -9999 -9999 -9999 -9999 -9999 -9999 -9999 -9999 -9999 -9999 -9999 -9999 -9999 -9999 -9999 -9999 -9999 -9999 -9999 -9999 -9999 -9999 -9999 -9999 -9999 -9999 -9999 -9999 -9999 -9999 -9999 -1.14999997615814 -1.0900000333786 -1 -0.839999973773956 -0.779999971389771
-9999 -9999 -9999 -9999 -9999 -9999 -9999 -9999 -9999 -9999 -9999 -9999 -9999 -9999 -9999 -9999 -9999 -9999 -9999 -9999 -9999 -9999 -9999 -9999 -9999 -9999 -1.54999995231628 -1.48000001907349 -1.52999997138977 -1.37999999523163 -0.870000004768372 -0.469999998807907 -0.430000007152557 -0.540000021457672 -0.589999973773956 -0.709999978542328 -0.850000023841858 -1.11999993272418 -1.22000002861023 -1.22000005109582 -1.17999994754791 -1.14999997615814 -1.03999996185303 -1.01999998092651 -0.850000023841858
-1 -1.97000002861023 -2.67000007629395 -2.59999990463257 -2.51999998092651 -2.69000005722046 -2.83999991416931 -3 -3.27999997138977 -3.47000002861023 -3.65000009536743 -3.86999988555908 -3.98000001907349 -4.03999996185303 -4.07999992373181 -4.15999984741211 -3.99000000953674 -3.6800000667572 -3.44000005722046 -3.20000004768372 -3.08999991400819 -2.90000009536743 -2.5699999332428 -2.24000000953674 -1.89999998608816 -1.66999995779993 -1.54999995231628 -1.41999995708466 -1.51999998092651 -1.61000001430511 -1.22000002861023 -0.800000011920929 -0.550000011920929 -0.610000014305115 -0.660000026226044 -0.790000021457672 -0.869999994720712 -0.920000016689301 -1.14999995325634 -1.17999994754791 -1.16999995708466 -1.23000001907349 -1.17999994754791 -1.0900000333786 -1.00999999046326
-0.720000028610229 -1.42999994754791 -2.0599999427794 -2.1800000667572 -2.17000007629394 -2.39000010490417 -2.5699999332428 -2.79999995231628 -2.96000003815282 -3.33999991416931 -3.83999991416931 -4.03999996185303 -4.21999979019165 -4.34000015258789 -4.42999982833862 -4.53999996185303 -4.5 -3.95000004768372 -3.60999989509583 -3.32999992370605 -3.23000001907349 -3.00999999046326 -2.76999998092651 -2.32999993430833 -2.15000009536743 -1.95000004768372 -1.62999999523163 -1.37000000476837 -1.44000005722046 -1.60000002384186 -1.22000004346643 -0.910000026226044 -0.639999985694885 -0.75 -0.800000011920929 -0.910000026226044 -0.930000007152557 -1.00000014461505 -1.22000002861023 -1.24000000953674 -1.25 -1.24000000953674 -1.25 -1.17999994754791 -1.19000005722046
-0.629999995231629 -1.21000003814697 -1.48000001907349 -1.58000004291534 -1.80999994277954 -1.95000004768372 -2.24000000953674 -2.5699999332428 -2.7300000190809 -3.16000008583069 -3.82999992370605 -4.30000019073486 -4.55000019073486 -4.63000011444092 -4.67999982833862 -4.63000011444092 -4.46000003814697 -4.11999988555908 -3.76999998092651 -3.59999990439499 -3.27999997138977 -3.0699999332428 -2.91000008583069 -2.63000011444092 -2.13000011462322 -1.99000000953674 -1.67999994754791 -1.42999994754791 -1.3400000333786 -1.47000002861023 -1.49000000953674 -1.08000004291534 -0.870000004768371 -0.910000026226044 -0.9200000166893 -1 -1.21000011091877 -1.35000002384186 -1.33000004291534 -1.33000004291534 -1.3400000333786 -1.30999994277954 -1.32000005245209 -1.3400000333786 -1.23000001907349
-0.439999997615814 -0.839999973773956 -1.04999995231628 -1.04999995231628 -1.16999995708466 -1.37999999523163 -1.6599999666214 -2.05999994277954 -2.41000008583069 -3.02999997138977 -3.79999995231628 -4.40000009536743 -4.69000005722046 -4.78000020980835 -4.78000020980835 -4.67000007629395 -4.46999979019165 -4.38000011444092 -3.99000000953674 -3.73000001907349 -3.32999992421735 -3.14000010490418 -2.9300000667572 -2.70000004768372 -2.48000001907349 -2.00999999046326 -1.75999999046326 -1.54999995231628 -1.30999994277954 -1.26999998092651 -1.29999995231628 -1.17999994754791 -1.01999998092651 -1.03999996185303 -1.08000004810469 -1.10000002384186 -1.30999994277954 -1.38999998569489 -1.41999995708466 -1.39999999647048 -1.38999998569489 -1.33000004291534 -1.37999999523163 -1.41999995708466 -1.35000019473888
-0.259999990463257 -0.529999971389771 -0.579999983310694 -0.550000011920929 -0.680000007152557 -0.819999992847443 -0.990000009536743 -1.37000000476837 -1.71000003814697 -2.74000000953674 -3.71000003814697 -4.53999996185303 -4.90999984741211 -4.94000005719788 -4.90000009536743 -4.69000005722046 -4.59999990463257 -4.46999979019165 -4.28999996093872 -4.07999992370605 -3.5 -3.16000008583069 -2.88000011444092 -2.75 -2.69000005722046 -2.0699999332428 -1.79999995231628 -1.60000002384186 -1.4099999666214 -1.30999994277954 -1.22000002861023 -1.17999994754791 -1.1599999666214 -1.22000002861023 -1.24000000953674 -1.3400000333786 -1.38999998569489 -1.38999998569489 -1.41999995708466 -1.37999999523163 -1.37000000476837 -1.35000002384186 -1.37999999523163 -1.46000003814697 -1.5
-0.170000001788139 -0.230000004172325 -0.180000007152534 -0.100000001490116 -0.219999998807907 -0.310000002384186 -0.490000009536743 -0.800000011920929 -1.14999997615814 -2.28999996185303 -3.67000007629394 -4.78999996185303 -5.07999992370605 -5.05000019073486 -4.96999979019165 -4.73999977111816 -4.59999990401042 -4.28999996185303 -4.19000005722046 -4.01000022888184 -3.70000004768372 -3.17000007629395 -2.89000010490417 -2.8299999236187 -2.74000000953674 -2.13000011444092 -1.79999995231628 -1.63999998569489 -1.55999994277954 -1.41999995708466 -1.25 -1.28999996185303 -1.24000000953674 -1.25 -1.42999994754791 -1.48000001907349 -1.49000000953674 -1.42999994754791 -1.4099999666214 -1.3400000333786 -1.3400000333786 -1.36000001430511 -1.37000000476837 -1.41999995708466 -1.48000001907349
-0.230000004172325 -0.00999999977648258 0.159999996423721 0.379999995231628 0.330000013113022 0.100000001490116 -0.0199999995529652 -0.219999998807907 -0.509999990463257 -1.95000004768372 -3.67000007629394 -5.17999982833862 -5.13000011444092 -5.03000020980835 -4.84999990412183 -4.48000001907349 -4.36999988555908 -4.23000001907349 -4.13000011444092 -3.96000003814697 -3.65000009536743 -3.27999997138977 -2.91000008583069 -2.79999995231628 -2.67000007629395 -2.23000001907349 -1.86000001430511 -1.62000000562615 -1.57000005245209 -1.47000002861023 -1.37000000476837 -1.30999994277954 -1.26999998258237 -1.37000000476837 -1.53999996185303 -1.60000002384186 -1.51999998092651 -1.42999996622486 -1.38999998569489 -1.32000005245209 -1.32000005245209 -1.26999998092651 -1.25999999046326 -1.25 -1.369999773894
-0.349999994039535 0.150000005960464 0.409999996423721 0.870000004768372 0.680000007152557 0.370000004768372 0.129999995231628 0.00999999977296975 -0.490000009536743 -1.82000005245209 -3.28999996185303 -4.51000022888184 -4.78999996085932 -4.28000020980835 -4.26000022888184 -4.17000007629395 -4.19999980926514 -4.19000005712451 -4.03000020980835 -3.77999997138977 -3.67000007629394 -3.5 -3.25999999005021 -2.82999992370605 -2.66000008583069 -2.26999998092651 -1.97000002861023 -1.76999998092651 -1.50999999046326 -1.38999998569489 -1.35000002384186 -1.35000002384186 -1.35000002384186 -1.42999994754791 -1.57000005245209 -1.64999997615814 -1.52999997138977 -1.49000000953674 -1.4099999666214 -1.22000002861023 -1.21000003814697 -1.12000001468254 -1.12000000476837 -1.19999978335018 -1.08000004291534
-0.239999994635582 0.370000004768372 0.629999995231629 1.03999996185303 0.810000002384186 0.400000005960464 0.0799999982118606 -0.100000001495413 -0.779999971396756 -1.83000004290482 -2.6800000667572 -3.26999998092651 -3.49000000955251 -3.73000001907349 -3.8199999332428 -3.80999994277954 -3.70000004768372 -3.82999992370605 -3.84999990463257 -3.65000009536743 -3.65000009536743 -3.54999995231628 -3.41000008583069 -3.17000007629394 -2.72000002861023 -2.25999999046326 -1.98000001979223 -1.80999994277954 -1.51999998092651 -1.36000001430511 -1.33000004291534 -1.35000002222248 -1.38999998569489 -1.44000005722046 -1.57000005245209 -1.57000005245209 -1.52999997138977 -1.50999999046326 -1.30999994277954 -1.21000003814697 -1.05999994277954 -1.03999996185303 -1.02999997138977 -0.870000004768372 -0.889999985694885
0.129999995231628 0.720000028611207 0.910000026227054 0.980000019073905 0.680000007152324 0.319999992844346 -0.300000011920929 -0.540000021457672 -0.97000002861023 -1.71000003814697 -2.38000011444092 -2.84999990463257 -3.04999995231628 -3.23000001907349 -3.45000004768372 -3.47000002861023 -3.35999989509583 -3.36999988555908 -3.55999994277954 -3.46000003814697 -3.49000000953674 -3.45000004768372 -3.41000008583069 -3.30999994277954 -2.90000009536743 -2.45000004768372 -2.11999988555908 -1.76999998092651 -1.53999996185303 -1.33000004291534 -1.25 -1.28999996185303 -1.41999995708466 -1.47000002861023 -1.52999997138977 -1.52999996357064 -1.46000003814697 -1.49000000953674 -1.32000005245209 -1.16999995708466 -1.11000001430511 -0.920000016689301 -0.699999988079071 -0.720000028610229 -0.759999953425094
1.17999994754791 1.46000003814697 1.54999995231614 1.10000002384186 0.529999971389771 -0.230000004172325 -0.430000007152557 -0.629999995231629 -0.889999985694885 -1.4099999666214 -2.04999995231628 -2.48000001907349 -2.67000007629395 -2.96000003814697 -3.04999995231628 -3.11999988555908 -3.08999991419815 -3.08999991416931 -3.19000005722046 -3.20000004768372 -3.19000005722046 -3.18000006686716 -3.23000001907349 -3.16000008583069 -2.99000000953674 -2.65000009536743 -2.1800000667572 -1.73000001907349 -1.50999997384706 -1.20000004768372 -1.1599999666214 -1.26999998092651 -1.38999998569489 -1.48000001907349 -1.44000005722046 -1.51999998092651 -1.55999994277954 -1.52999997138977 -1.37999999523163 -1.16000015838777 -1.04999995231628 -0.809999875157726 -0.540000021457672 -0.610000014305115 -0.639999985694885
1.55999994277954 1.41999995708466 1.27999997138977 0.980000019073486 0.439999997615814 -0.140000000596046 -0.379999995231628 -0.46000000834465 -0.990000009536743 -1.42999994754791 -1.6599999666214 -2.13000011444092 -2.30999994277954 -2.58999991416931 -2.74000000953674 -2.76999998092651 -2.77999997143816 -2.83999991416931 -2.85999989509583 -2.86999988555908 -2.91000008583069 -2.92000007629394 -3.00999999046326 -3 -2.83999991416931 -2.64000010490417 -2.08999991416931 -1.62999998992533 -1.29999995231628 -1.07000005245209 -1.13999998569489 -1.25999999046326 -1.37000000476837 -1.42999994754791 -1.46000003814697 -1.5900000333786 -1.67999994754791 -1.69000005722046 -1.36000001430511 -1.21000003814697 -1.02000004862061 -0.730000019073486 -0.490000009536743 -0.490000009536743 -0.629999995231628
1.47000002861023 1.29999995231628 1.14999997615814 0.680000007152557 0.449999988079071 0.170000001788139 -0.119999997317791 -0.360000014305115 -0.800000011920929 -1.26999998092651 -1.52999997138977 -1.8200000524856 -2.10999989509583 -2.21000003814697 -2.38000011444092 -2.51999998092651 -2.60999989509582 -2.55999994277954 -2.69000005722046 -2.77999997138977 -2.75999999046326 -2.82999992370605 -2.92000007629395 -2.89000010490418 -2.69000005722046 -2.48000001907349 -1.92999994124165 -1.61000001430511 -1.24000000953674 -1.11000001430511 -1.16999995708466 -1.27999997138977 -1.3400000333786 -1.52999997138977 -1.61000001430511 -1.61000001430511 -1.72000002861023 -1.62999999523163 -1.5900000333786 -1.25999999046326 -1.33000004291534 -0.930000007152557 -0.720000127978553 -0.680000007152557 -0.720000028610229
1.25999999046326 1.08000004291534 0.949999988079071 0.589999973773956 0.430000007152557 0.25 0.00999999977648258 -0.150000005960464 -0.439999997615814 -0.949999988079071 -1.37000000476837 -1.52999997138977 -1.78999996185303 -2.02999997138977 -2.29999995231628 -2.45000004768372 -2.36999988555908 -2.28999996185303 -2.50999999046326 -2.61999988555908 -2.66000008583069 -2.70000004768372 -2.70000004768372 -2.69000005722046 -2.50999999046326 -2.17000007629395 -2.15000009536743 -1.6599999666214 -1.45000004768372 -1.39999997615814 -1.32000005245209 -1.3400000333786 -1.4099999666214 -1.47000002861023 -1.5900000333786 -1.72000002861023 -1.73000001907349 -1.82000003705177 -1.69000005722046 -1.62999999523163 -1.42999994754791 -1.13999998569489 -1.01999998092651 -0.839999973773956 -0.800000011920929
1.07000005245209 0.899999976158142 0.779999971389771 0.699999988079071 0.610000014305115 0.449999988079071 0.389999985693942 0.159999996423721 -0.0900000035762787 -0.589999973773956 -1.08000004291534 -1.27999997138977 -1.61000001430511 -1.87999999523163 -2.11999988555908 -2.24000000961851 -2.32999992370606 -2.22000002861023 -2.22000002861023 -2.51999998092651 -2.5699999332428 -2.54999995231628 -2.55999994277954 -2.53999995984445 -2.45000004768372 -2.25 -2.10999989509583 -1.76999998092651 -1.72000002932317 -1.64999997615814 -1.54999995231628 -1.48000001907349 -1.47000002861023 -1.52999997138977 -1.62999999523163 -1.74000000953674 -1.79999995231628 -1.86000001430511 -1.87999999523163 -1.73000001907349 -1.48000001907349 -1.37000000476837 -1.17999994754791 -0.970000028610229 -0.889999985694885
0.819999992847443 0.740000009536743 0.699999988079071 0.779999971389771 0.800000011920929 0.740000009536743 0.689999997615142 0.419999986886978 0.170000001788139 -0.180000007152557 -0.620000004768372 -0.910000026226044 -1.38999998569489 -1.71000003814697 -1.97000002861023 -2.09999990463257 -2.3199999332428 -2.34999990463257 -2.42000007629395 -2.28999996179538 -2.39000010490417 -2.57999992370605 -2.49000001199138 -2.4300000667572 -2.40000009536743 -2.35999989509583 -2.24000000953674 -2.00999999046326 -2 -1.87999999523163 -1.75 -1.61000001430511 -1.5900000333786 -1.62999999523163 -1.75 -1.85000002384186 -1.8400000333786 -1.86000006279633 -2.00999999046326 -1.85000002384186 -1.57000014152527 -1.44000005722046 -1.26999998092651 -1.04999995231628 -0.94000004571222
0.769999980926514 0.730000019073486 0.779999971389771 0.860000014305115 0.980000019073486 0.930000007152557 0.910000026225625 0.779999971389771 0.469999998807907 0.0900000035762787 -0.209999993443489 -0.519999980926514 -1.0900000333786 -1.57000005245209 -1.8400000333786 -1.99000000953674 -2.25999999046326 -2.46000003814697 -2.66000008583069 -2.6800000667572 -2.309999953683 -2.5 -2.41000008583069 -2.42000007637081 -2.39000010490418 -2.3199999332428 -2.30999994277954 -2.24999999979761 -2.21000003814697 -2.08999991416931 -1.92999994754791 -1.74000000953674 -1.73000001907349 -1.83000004291534 -1.8400000333786 -1.85000002384186 -1.87000003189768 -1.94000005722046 -1.95000004768372 -1.8400000333786 -1.75 -1.53999996185303 -1.33000004291534 -1.11000001430511 -1.05999994277954
0.870000004768371 0.819999992847443 0.870000004768371 1.05999994277954 1.19000005722046 1.33000004291534 1.29999995231628 1.22000002861023 0.790000021457672 0.419999986886978 0.239999994615099 -0.25 -0.740000009536743 -1.26999998092651 -1.66999995708466 -1.82000005245209 -2.1800000667572 -2.34999990463257 -2.64000010243843 -2.53999996185303 -2.80999994277954 -2.89000010490418 -2.55999994277954 -2.41000008583069 -2.32999992370606 -2.27999997138977 -2.3199999332428 -2.38000011444092 -2.41000008583069 -2.26999998092651 -2.03999996185303 -1.92999994754791 -1.88999998569489 -1.88999998569489 -1.80999994277954 -1.86000005964844 -1.87000000476837 -1.85000002384186 -1.82000005245209 -1.75 -1.69000005722046 -1.52999997138977 -1.35000002384186 -1.25 -1.10000002384186
