SnowAccumulation_R/test/tmin/final_tmin_05_04_2009.asc
NCOLS 97 
NROWS 69 
XLLCORNER 52512.810182332 
YLLCORNER 5316225.2758522 
CELLSIZE 10000 
NODATA_value -9999 
[rows 40 to 59 of 69, columns 0 to 44 of 97]
-9999 -9999 -4.57000017166138 -9.59999975985901 -9.73999972705588 -9.52000045776367 -9.63000011444092 -8.77999973297119 -8.73999977111816 -6.1100001335144 -9.96000003814697 -9.14000034332275 -10.6599998474121 -10.6099996566772 -10.1400003433228 -9.85000038146973 -11.6499996185303 -11.6800003051758 -11.6000003814697 -11.5500001907349 -11.8199996948242 -12.8299999237061 -9.38000011802684 -9.02000045889465 -9.10000038146973 -8.03999996356655 -8.03999995560306 -6.71999979019165 -6.71000003814697 -6.71999979019165 -6.78999996185303 -6.96999979019165 -7.11999988555908 -7.30000019073486 -7.17000007629394 -7.36999988555908 -7.15000009536743 -6.92999982833862 -6.38999986648559 -6.61999988555908 -6.61999988555908 -6.36000013351441 -5.84000015258789 -5.28999996185303 -4.90000009536743
-9999 -9999 -4.3600001335144 -8.77000045776367 -9.11999974450073 -9.31999969482422 -8.78999996185303 -9.40999984741211 -9.26000022888184 -6.44999980926514 -9.64999961853027 -9.72000026702881 -9.77999973297119 -10.2200002670288 -10.2299995422363 -10.1400003433228 -10.8299999237061 -10.8999996185303 -11.0600004196167 -10.8500003814697 -11.090000152637 -9.96000004309043 -9.35999965667725 -9.11999988555908 -8.96000003814697 -7.44999980926514 -7.09000015317185 -6.90999984741211 -6.98999977111816 -7.05000019073486 -7.1100001335144 -7.19999980926514 -6.94000005722046 -7.01000022888184 -7 -6.94000005722046 -7.05000019073486 -6.96000003814697 -6.65000009536743 -6.40999984741211 -6.05000019073486 -5.71999979019165 -5.40000009536743 -4.90999984741211 -4.84000015258789
-9999 -9999 -4.30999994277954 -8.10999965667724 -8.9399995803833 -9.02000056243023 -9.23999977111816 -8.98999977111816 -8.88000005651358 -7.28000020980835 -9.05000019073486 -7.36999991940483 -8.30000019073486 -9.6899995803833 -9.84000015258789 -9.76000022888184 -9.6899995803833 -9.85000038355612 -10.6899995790416 -10.3800001161214 -10.4799995422363 -10.0799999237061 -9.39999961853027 -8.85999965744318 -8.18999958213085 -7.53999996185303 -6.98000001907349 -6.98000001907349 -7.07000017166138 -7.34999990463257 -7.40000009536743 -7.55999994277954 -7.17000007629394 -6.78000020980835 -6.78000020980835 -6.71000003814697 -6.21999979019165 -6.23999977111816 -6.01999998092651 -6.21999979019165 -6.17999982833862 -5.36999988555908 -5.03999996185303 -4.84999990463257 -4.76000022888184
-9999 -9999 -6.21000003814697 -8.28999996185303 -8.21000003814697 -8.88000011444092 -8.6599998031956 -8.86999988555908 -7.25 -8.42000007629395 -7.13000011444092 -8.59000015258789 -9.22999954223633 -9.40999984741211 -8.93000030517578 -9.56999969482422 -8.03999996185303 -9.85999965667725 -10.25 -10.3500003814697 -11.5 -10.1099996566772 -9.27000045776367 -7.90999984741211 -7.71000003814697 -7.3600001335144 -7.01000022888184 -6.86999988555908 -7.15000009536743 -7.46000003814697 -7.51000022888184 -7.65999984741211 -7.17000007629395 -6.78000020980835 -6.57000017166138 -6.21999979019165 -5.86999988555908 -5.92000007629394 -5.82999992370605 -6.88000011444092 -6 -5.23999977111816 -4.90999984741211 -4.75 -4.28999996185303
-9999 -9999 -3.71000003814697 -7.55999994277954 -7.92000007629395 -8.85999965667725 -8.02999973297119 -8.64000050812463 -6.09000015258789 -6.55000019073486 -4.96000003814697 -6.94000005722046 -7.90000009536743 -8.32999992370605 -9.26000022888184 -9.14999961853027 -7.46000003814697 -9.38000011444092 -9.1899995803833 -9.93000030517578 -10.4300003051758 -9.8100004196167 -8.48999977111816 -7.5 -4.51999998092651 -7.19000005722046 -7.65999984741211 -7.48000001917362 -7.48000001907349 -7.84999990463257 -7.59999990463257 -7.55999994277954 -6.96999979019165 -6.51999998092651 -6.3600001335144 -5.96999979019165 -5.6399998664856 -5.38000011444092 -5.57000017166138 -5.71999979019165 -5.34999990463257 -5.05999994277954 -4.73999977111816 -4.57000017166138 -4.15999984741211
-9999 -9999 -3.21000003814697 -7.25000029733964 -8.3100004196167 -8.4399995803833 -8.52000046053045 -8.23999977111816 -8.259999974908 -7.7899999294047 -4.61999988555908 -6.92000007629395 -7.82999992632077 -8.94999980926514 -9.14999961853027 -8.55000019073487 -7.57999992370605 -8.60000038146973 -9.14999961853027 -9.69999980926514 -9.98999977111816 -9.52000045776367 -8.97999954223633 -7.71000003814697 -7.5 -7.90000009536743 -7.71999979019165 -7.75000000001254 -8.03999996158168 -8.02999973297119 -7.69999980926514 -7.63999986648559 -7.01000022888184 -6.48000001907349 -6.25 -5.6399998664856 -5.32000017166138 -5.15999984741211 -5.11999988555908 -5.19999980926514 -4.92999982833862 -4.63000011444092 -4.48000001907349 -4.3600001335144 -4.09000015258789
-9999 -9999 -2.66000008583069 -8.02999973297119 -7.69000005722046 -7.26000022888184 -7.69999980926514 -8.17000007629395 -8.35999965667724 -6.09999956257201 -4.28999996185303 -6.84999990463257 -8.02999973297119 -8.76000022888184 -8.77000045776367 -8.93000030517578 -8.22000026702881 -9.05000019073486 -9.3100004196167 -9.52000045776367 -9.67000007629394 -9.22999954223633 -8.89000034332275 -8.36999988555908 -8.18000030552237 -8.18000030517578 -7.88000011648805 -7.86999988555908 -8.06999969482422 -7.92000007629395 -8.02000045776367 -7.78999996185303 -7.15999984741211 -6.92999982833862 -6.21999979019165 -5.53999996185303 -5.26000022888184 -4.90000009536743 -4.88000011444092 -4.84999990463257 -4.59999990463257 -4.3899998664856 -4.32000017166138 -4.26999998092651 -3.86999988555908
-9999 -9999 -2.1800000667572 -7.67999982833862 -6.73999977111816 -6.98000001907349 -7.1100001335144 -8.21000003814697 -7.71999979019165 -4.71000003814697 -3.80999988410513 -6.32000017166138 -8.14999961853028 -8.59000015258789 -8.43000030517578 -8.76000022888183 -8.38000011444092 -8.76000022888184 -9.44999979425819 -10.0100002288818 -10.5600004196167 -9.72000026702881 -9.09000015258789 -8.57999992370605 -8.34000015288244 -7.96999979097871 -7.88000011444092 -8.1899995803833 -8.22000026702881 -8.22999954223633 -8.0600004196167 -7.69000005722046 -7.65999984741211 -7.1100001335144 -6.21000003814697 -5.53999996185303 -5.13000011444092 -4.71999979019165 -4.63000011444092 -4.6100001335144 -4.46999979019165 -4.19999980926514 -4.1100001335144 -4.09000015258789 -3.88000011444092
-9999 -5.26999998092651 -1.97000002861023 -5.90999984741211 -7.19999988436976 -6.55999994277954 -7.71000003814697 -7.82999984538184 -6.40999984741211 -3.8199999332428 -3.53999996802468 -6.40999967641805 -8.36999988555908 -8.09000015258789 -8.02999973297119 -8.60999965667725 -8.51000022888184 -8.96000003814697 -9.13000011444092 -10.1199998855591 -10.5 -9.1899995803833 -8.60000038146973 -8.06999969482422 -7.94999980926514 -7.71999979019165 -7.73999977111816 -7.88000011444092 -8.14000034332275 -8.5 -8.02999973312209 -7.67000007629395 -7.63999986649231 -6.90000009536743 -6.21000003814697 -5.3899998664856 -4.67999982833862 -4.32000017166138 -4.46000003814697 -4.46999979019165 -4.26999998092651 -4.17000007629395 -4.05999994277954 -4.15000009536743 -4.13000011444092
-9999 -3.03999996185303 -1.87000000476837 -6.76999998092651 -6.51000022888184 -7.15000009536743 -5.57000017166138 -5.67000007629395 -5.03000020980835 -3.53999996185303 -3.92000007629395 -4.26999998092651 -8.19999979038215 -7.40999984762636 -7.71000003814697 -8.47000026702881 -8.68000034402631 -9.52000045776367 -9.30000019073486 -9.77000048048249 -9.64999961853027 -9.28999996185303 -9.06999969482422 -8.47000026702881 -8.26000022888184 -7.69000005722046 -7.80999994277954 -7.96000003814697 -8.22999954223633 -8.2600002289367 -8.03999996185303 -8.03999996185303 -7.71999979019165 -7.09000015258789 -6.42999982833862 -5.51999998092651 -4.92000007629395 -4.3899998664856 -4.48999977111816 -4.51000022888184 -4.40999984741211 -4.42999982833862 -4.28000020980835 -4.26999998092651 -4.25
-9999 -7.13999986648559 -4.59999896236553 -6.15999984741211 -7.71000003814697 -7.19000005722046 -7.17999982833862 -7.07000017166138 -6.44000005722046 -4.94999980926514 -4.32000017166138 -4.59000015258789 -6.44000005722046 -7.57000017166138 -7.86999988555908 -8.57999992370605 -9.13000011444092 -9.72999954223633 -9.86999988555908 -10.2399997510656 -9.43000030517578 -9.02000045776367 -8.76000022888184 -8.27999973297119 -7.28000020980835 -7.28999996185303 -7.69000005722046 -7.80000019056977 -7.80000019073486 -7.96000003820184 -8.14000034332276 -8.48999977111816 -7.84999990463257 -7.28999996185303 -6.55000019073486 -5.92000007629395 -5.07000017166138 -4.59999990463257 -4.59999990463257 -4.59999990463257 -4.51999998092651 -4.51000022888184 -4.53999996185303 -4.55000019073486 -4.40000009536743
-9999 -6.0700005922626 -1.30999994277954 -5.67999982833862 -7.42000007629395 -6.42999982833862 -6.40000009536743 -6.92000007629395 -7.17000000683053 -4.73000001907349 -5.46999979019165 -6.46000003814697 -5.84999990463257 -7.48999977111816 -8.21000003814697 -8.46000002447918 -8.94999980926514 -9.48999977111816 -8.94999980926514 -9.6899995803833 -9.28999996825385 -8.81999969482422 -8.27999973297119 -7.94999980926514 -7.48999977109089 -7.48999977111816 -7.26000022871449 -7.55000019073486 -7.86999988525645 -7.3600001335144 -7.84999990463257 -7.76999998092651 -7.32000017166138 -6.94999980926514 -6.34999990463257 -6.01999998092651 -5.32999992370605 -5.13000011444092 -4.82000017166138 -4.80999994277954 -4.8899998664856 -4.88000011444092 -4.67999982833862 -4.65999984741211 -4.69000005722046
-9999 -6.42999982833862 -1.55999994277954 -3.22000002861023 -6.80000019073486 -5.36999988555908 -6.30999994277954 -6.65000009536743 -6.48000001907349 -5.32000017166138 -7.1399998664856 -6.92999982833862 -6.53000020980835 -6.46999979019165 -7.36999988555908 -8.64000034332275 -8.90999984102 -9.14000034332275 -8.89000034332275 -10.4300003051758 -9.43999964985882 -7.90000009536743 -7.80000019073486 -7.59999990463257 -7.65000009536743 -7.3600001335144 -7.44000005722046 -7.46000003814697 -7.40999984741211 -7.42000007629395 -7.44000005725459 -6.9699997903493 -6.53999996185303 -5.94999980926514 -5.86999988556356 -5.94999980926514 -5.40000009536743 -5.32999992370605 -5.34000015258789 -5.32000017166138 -5.26999998092651 -5.21999979019165 -4.96000003814697 -4.82000017166138 -4.73999977111816
-9999 -6.15999984741211 -6.46999979019165 -1.21000084431019 -6.44999980926514 -4.63000011444092 -5.46999979019165 -6.51999998092651 -6.11999988555908 -5.65000009536743 -6.8899998664856 -6.73000001907349 -6.69999980926514 -6.67999982833862 -7.71000003474882 -8.36999988555908 -8.90999984741211 -8.92000007629395 -9.21000003814697 -9.28999996185303 -9.10000038146973 -8.89000034332275 -8.01000023168556 -7.88000011444092 -7.80999994277954 -7.01999998092651 -7.05000019073486 -7.05999994277954 -7.26999998092651 -7.32000017166138 -7.07000017162239 -6.96000003814697 -6.17999982833862 -6.01000022888184 -6.01999998092742 -6.01999998092651 -6.03000020980835 -5.96999979019226 -5.8899998664856 -5.84000015258789 -5.82000017166138 -5.17000007629395 -5.5 -5.01000022888184 -4.98999977111816
-9999 -5.96999979019165 -4.90000009536743 -1.37000000476837 -3.45000004768372 -4.71000003814697 -5.21999979019165 -5.84999990463257 -5.69000005722046 -5.67000007629394 -6.92999982833862 -6.76999998092651 -6.67999982833862 -6.94000005722046 -7.42000007629395 -8.32999992370605 -8.52999973297119 -8.36999988555908 -8.56999969482422 -8.60999966803996 -8.8100004199674 -8.89000033112558 -8.14000034332275 -7.57000017166138 -7.46999979019165 -7.1100001335144 -6.92999982833862 -6.82999992370606 -6.67000007629395 -6.84999990460498 -6.96000003814697 -6.82999992370606 -6.30999994277954 -6.21000003814697 -6.30000019073486 -6.34000015258789 -6.44000005722046 -6.34000015258904 -6.26000022888184 -6.11999988555908 -6.07999992370605 -5.8899998664856 -5.61999988555908 -5.46999979019163 -5.21000003814697
-9999 -5.68999997088824 -5.17000007629394 -3.84999990463257 -1.13999998569489 -4.73999977111816 -4.03999996185303 -5.21000003814697 -5.98000001907349 -6.51000022888184 -6.59000015258789 -6.76999998092651 -6.90000009536743 -6.80000019073486 -6.86000013351441 -8.0600004196167 -8.31999969482422 -8.1899995803833 -8.39000034332275 -8.53999996185303 -7.98000001907349 -8.14999960976765 -7.82000017166138 -7.48000002007469 -7.17999982833862 -6.8899998664856 -7.23999977111816 -6.82999992370605 -6.69999980916067 -6.19000005722046 -6.40000009536743 -6.36000013351441 -6.42999982833862 -6.36999988555908 -6.48999977111816 -6.6399998664856 -6.8899998664856 -6.76000022888373 -6.57000017166138 -6.34999990463257 -6.25 -6.05999994277954 -5.67999982833862 -5.51000022888184 -5.28999996185303
-9999 -5.43249988555908 -5.375 -3.36500000953674 -2.18499991659101 -2.82750010490417 -4.23999977111816 -5.07999992370605 -5.44999980926514 -5.98999977111816 -5.98999977111816 -6.86999988555908 -7.26999998052254 -6.78000020980835 -6.40999984741211 -7.46999979019165 -7.92999982833862 -7.88000011444092 -8 -7.69999980926514 -7.57999992370605 -7.46000003814697 -7.51000022285424 -6.96000003814697 -6.80000019073486 -7.40000009536743 -8.40999984741211 -6.55999994277954 -6.32000017166138 -6.42000007629395 -6.51000022888184 -6.34999990463257 -6.38999986648559 -6.53000020980835 -6.67000007629395 -6.80999994277954 -7.17999982833862 -7.15000009536743 -6.86000013351441 -6.51000022888184 -6.21000003814704 -6.03000020980835 -5.75 -5.63999986648551 -5.46999979019165
-9999 -5.01999998092651 -5.66499996185303 -4.42000007629395 -2.60999989509582 -1.57749998569489 -3.74499988555908 -3.93249994265777 -6.14249992370605 -4.59000015258789 -4.34000015258789 -5.46999979019165 -7.5475001335144 -5.69750022888184 -4.45749998092651 -8.98999973833135 -10.789999961853 -9.88500022888183 -9.33250045776367 -8.4399995803833 -8.86250019073487 -10.9375 -10.9099998474121 -9.69750022888184 -6.44000012207984 -5.67000007629395 -6.19000005722046 -5.19000005722046 -5.59000015258789 -6.11999988555908 -6.15000009536743 -6.84000015258789 -6.71999979019165 -6.59999990463257 -6.73000001907349 -6.78999996185303 -7.07999992370605 -7.07000017166138 -6.96000003814697 -6.6399998664856 -6.44999980926535 -6.26000022888184 -6.07000017166138 -5.96999979019165 -5.82000017166138
-9999 -3.94000005722046 -4.14500042510695 -5.66750001907349 -2.26749992370605 -1.61749994754791 -1.86500000953674 -4.23750019073486 -6.16499996185303 -4.48250007629395 -4.27750015962947 -5.72749996185303 -7.12249994277954 -6.50500011444092 -4.74249982833862 -6.15250015258789 -9.02750015258789 -9.64000034332275 -9.59499931561615 -9.0649995803833 -8.9375 -10.3100004196167 -10.7749996185303 -10.8149995803833 -11.1850004196167 -12.3900003433228 -9.03499984648381 -9.74750041765122 -9.40499973297119 -9.24750041960115 -9.06750011444092 -8.92000007629395 -8.72500038146973 -8.27999973297119 -7.95749998092651 -7.84250020980835 -7.45249986648559 -7.0625 -6.76749992370605 -6.57999992370605 -7.78499984741081 -7.39750003814697 -7 -7.27250003814718 -6.8600001335144
-9999 -4.55000019073486 -4.93249988555908 -5.02750015258789 -1.62999999523163 -1.70249997660635 -1.62249994277954 -3.52250003814697 -5.11999988555908 -4.48750019073486 -5.33750009536743 -6.42500019073486 -6.35500001907349 -5.81750011444092 -6.26000022888184 -6.02250003814697 -6.89750003814697 -10.2775001525879 -10.7524995803833 -9.6225004196167 -9.88250064849854 -9.35750006847362 -10.5950002670288 -11.7825002670288 -11.8625001907349 -10.6099996566772 -9.6875 -9.76500034332275 -10.3074998855591 -9.26499939057488 -9.35000038146973 -9.02999973297119 -8.8149995803833 -8.28750038146973 -7.82250022888184 -7.80999994277954 -7.77500009536743 -6.90000009536743 -6.6399998664856 -6.70749998092651 -7.57000017166104 -7.15999984741211 -7.43249988555908 -7.71000003814697 -7.65999984741211
