SnowAccumulation_R/test/tmin/final_tmin_13_04_2009.asc
NCOLS 97 
NROWS 69 
XLLCORNER 52512.810182332 
YLLCORNER 5316225.2758522 
CELLSIZE 10000 
NODATA_value -9999 
[rows 20 to 39 of 69, columns 45 to 89 of 97]
0.889999985694885 0.939999997615814 1 1.24000000953674 1.51999998092651 1.75 1.77999997138977 1.64999997615814 1.19000005722046 0.779999971389771 0.529999971358152 0.00999999977648258 -0.419999986886978 -0.990000009536743 -1.26999998102558 -1.58000004291534 -1.87999999375665 -1.95000004768372 -2.1800000667572 -2.33999991416931 -2.66000008583069 -2.88000011444092 -2.50999999046326 -2.44000005722046 -2.36999988555908 -2.34999990463257 -2.40000009536743 -2.5 -2.57999992370605 -2.41000008583069 -2.13000011444092 -2.13000011444092 -2 -2 -1.94000004307379 -1.95000004768372 -1.82000005245209 -1.71000003814697 -1.70000004768372 -1.62999999523163 -1.58000004291534 -1.47000002861023 -1.30999994277954 -1.21000003814697 -1.0900000333786
0.670000016689301 0.930000007152557 1.03999996185303 1.38999998569489 1.86000001430511 2.11999988555908 2.15000009536743 2.01999998092651 1.47000002861023 1.01999998092651 0.790000021457672 0.310000002384186 0 -0.720000028610229 -0.970000027723354 -1.03999996185303 -1.37000000476837 -1.69000005722046 -1.83000004312885 -2.14000010490417 -2.46000003814697 -2.63000011444092 -2.53999996153429 -2.42000007629395 -2.34999990463257 -2.36999988555908 -2.41000008583308 -2.51999998092651 -2.70000004768372 -2.47000002861023 -2.29999995231628 -2.24000000953674 -2.07999992370605 -1.99000000172756 -1.95000004768372 -1.77999997138977 -1.70000004768372 -1.61000001430511 -1.58000004291534 -1.50999999046326 -1.48000001907349 -1.39999997615814 -1.29999995231628 -1.13999998569489 -1.08000004291534
0.330000013113022 0.790000021457672 1.02999997138977 1.58000004291534 2.0699999332428 2.58999991416931 2.6800000667572 2.23000001907349 1.77999997138977 1.30999994277954 1.10000002384186 0.620000004899758 0.150000006241607 -0.100000001490116 -0.310000002384186 -0.75 -1.12999999523163 -1.44000005722046 -1.60000002384186 -1.91999995708466 -2.28999996185303 -2.42000007629395 -2.34999990463257 -2.30999994277954 -2.30999994277954 -2.38000011444092 -2.39000010490418 -2.48000001907349 -2.49000000953674 -2.24000000953674 -2.24000000953674 -2.17000007629395 -2.05999991382868 -1.88999998569489 -1.83000004291534 -1.67999994754791 -1.55999994277954 -1.48000001907349 -1.45000004768372 -1.39999997615814 -1.39999997615814 -1.30000000934059 -1.22000002861023 -1.08000004291534 -1.11000014278797
0.0500000007450581 0.449999988079071 0.839999973773956 1.6599999666214 2.34999990463257 3.04999995231628 2.95000004768372 2.59999990462107 2.08999991417881 1.75999999046326 1.55999994277954 1.11000001430511 0.689999997615814 0.170000001788139 -0.00999999977648258 -0.5 -0.930000007152557 -1.30999994277954 -1.48000001907349 -1.75999999046326 -2.03999996185303 -2.1800000667572 -2.19000005722046 -2.19000005722046 -2.25 -2.30999994277954 -2.28999996185303 -2.35999989509583 -2.22000002861023 -2.15000009536743 -2.14000010490417 -2.07999991843445 -1.94000005722046 -1.82000007494429 -1.75 -1.62000000476837 -1.49000000953674 -1.44000005722046 -1.3400000333786 -1.29999995231628 -1.33000004291534 -1.32000005245209 -1.22000002861023 -1.12000033605084 -1.33000004291534
-0.259999990463257 0.270000010728324 0.560000002384372 1.4299999475481 1.98000001907349 2.47000002861023 2.53999996185303 2.30999994277954 2.16000008583069 1.83000004291534 1.69000005722046 1.36000001430511 0.930000007152557 0.469999998807907 0.209999993443489 -0.219999998807907 -0.730000019073486 -1.1599999666214 -1.33000004291534 -1.6599999666214 -1.86000001430511 -1.96000003820359 -1.98000001907349 -2.04999995231628 -2.14000010490417 -2.17000007629395 -2.1800000667572 -2.22000002861023 -2.09999990463257 -2.08999991416931 -2.08999990772734 -2.05999994277954 -1.96000003814697 -1.89999997615814 -1.74000000953674 -1.55999994277954 -1.4099999666214 -1.3400000333786 -1.21000003814697 -1.23000001907349 -1.30999992163125 -1.32000005245209 -1.30999994277954 -1.45000004768372 -1.46000003814697
-0.300000011920929 0.109999999403729 0.5 1.50999999046326 2 2.32999992370606 2.40000009536743 2.30999994277954 2.16000008583069 1.91999995708466 1.79999995231628 1.5 1.12000000476837 0.959999978455505 0.5 0.0700000002980232 -0.449999988079071 -0.699999988452624 -1.19000005722046 -1.50999999046326 -1.75999999046326 -1.75 -1.89999997615814 -1.9099999666214 -1.99000000953674 -2.02999997138977 -2.04999995231628 -2.0699999332428 -2.00999999046326 -1.96000003814697 -2.03999996185303 -2.16000008583069 -2.09999990637436 -2.03999996185303 -1.80999994277954 -1.57000005245209 -1.45000004768372 -1.24000000953674 -1.07000005245209 -1.21000003814697 -1.30999994277954 -1.44000005722046 -1.62000000476837 -1.60000002384188 -1.61000001430511
0.00999999977648258 0.379999995231628 0.550000011920929 1.39999997615814 2.05999994277954 2.24000000953674 2.30999994277954 2.25999999046326 2.11999988555908 2.07999992370125 1.9099999666214 1.67999994754791 1.36000001430511 1.1799999474609 0.75 0.349999994039536 -0.0799999982118607 -0.349999994039535 -0.910000026226044 -1.30999994277954 -1.51999998092651 -1.58000004291534 -1.67999994754791 -1.75999999046326 -1.80999994277954 -1.8400000333786 -1.91999995708466 -1.95000003411788 -1.87999999523163 -1.98000001907349 -2.03999996185303 -2.34999990463257 -2.35999989509582 -2.28999996185303 -2.03999996185303 -1.72000002861023 -1.57000005245209 -1.24000000953674 -0.939999997615814 -1.3599999330115 -1.5 -1.89999980926025 -1.78999996185303 -1.74000000953674 -1.75999999046326
0.209999993443489 0.649999976157928 0.829999983310699 1.48000001907349 2.03999996185303 2.19000005722058 2.19000005722046 2.17000007629395 2.09999990463257 2.02999997138635 2.00999999046326 1.8400000333786 1.57000005245209 1.39999997615814 0.939999997615814 0.5 0 -0.170000001788139 -0.670000016689301 -1.08000004291534 -1.33000004291534 -1.41999995708466 -1.51999998092651 -1.58000004291534 -1.58000004301921 -1.64999997615814 -1.75999997433816 -1.72000002861023 -1.78999996185303 -1.96000003814697 -2.07999992370605 -2.29999995231628 -2.34999990463257 -2.38000011444092 -2.26999998092651 -2.16000008583069 -1.89999997615814 -1.5900000333786 -1.39999997615814 -1.61000001430511 -1.90000064516833 -2.19000005722046 -1.91000006993972 -1.83000004291534 -1.87999999523163
0.430000007152557 0.899999976158107 1.0900000333786 1.54999995231628 1.85000002384186 1.89999997615842 1.74000000953674 1.91999995708466 1.97000002861023 1.99000000953674 2.05999994277954 2 1.78999996185303 1.61000001430511 1.1599999666214 0.610000014305115 0.0700000002980232 -0.109999999403954 -0.389999985694885 -0.850000023841858 -1.04999995272849 -1.32000005245209 -1.36000001430511 -1.37999999523163 -1.39999997615814 -1.23000001907349 -1.38999998569489 -1.61000001430511 -1.72000002861023 -1.96000003814697 -2.11999988555908 -2.1800000667572 -2.35999989509583 -2.47000002861023 -2.42000007629395 -2.38000011444092 -2.32999992370605 -2.19000005722046 -2.35999986160065 -2.50000092428479 -3.04999995231628 -2.34999990463257 -2.08999991416931 -1.8400000333786 -1.88999998569488
0.540000021457672 0.910000026226003 1.01999998092651 1.50999999046326 1.74000000953674 1.61000001430472 1.51999998092651 1.72000002861023 1.82000005245209 1.8400000333786 1.99000000953674 2.14000010490417 2 1.74000000953674 1.27999997138977 0.730000019073486 0.460000008084753 0.0500000007450581 -0.259999990463257 -0.649999976158142 -0.839999973773956 -1.14999997615814 -1.12000000476837 -1.1000000092823 -0.790000021457672 -0.930000007152557 -1.16999995708466 -1.29999995243686 -1.63999998569489 -1.98000001907349 -2.19000005722046 -2.25 -2.4300000667572 -2.52999997138977 -2.55999994277954 -2.54999995231628 -2.64000010490417 -2.71000003814697 -2.89000030041319 -3.64000010490417 -3.08999991416931 -2.23000025020828 -1.92999994754791 -1.69000005722046 -1.80999994277954
0.509999990463257 0.519999980926514 0.610000014305115 1.25999999046326 1.32000005245209 1.28999996185303 1.24000000953674 1.51999998092651 1.62999999523163 1.63999998569489 1.87999999523163 2.07999992370605 1.95000004768372 1.70000004768372 1.25 0.839999973773956 0.589999973773956 0.239999994635582 -0.150000005960465 -0.449999988079071 -0.569999992847443 -0.769999980926514 -0.430000007152557 -0.430000007152557 -0.439999997615814 -0.550000011920929 -0.860000014305115 -1.05999994277954 -1.5 -1.96000003814697 -2.26999997930143 -2.34999990463257 -2.5 -2.58999991416931 -2.61999988555908 -2.64000010490417 -2.79999995231628 -2.9500000004615 -2.96000003814697 -3.03999996185303 -2.57999992370605 -2.19000005722046 -1.51999998092651 -1.37999999523163 -1.64999976653739
0.629999995231628 0.860000014305115 0.980000019073486 1.17999994754791 1.63999998569489 1.04999995231628 0.939999997615814 1.41999995708466 1.48000001907349 1.55999994277954 1.61000001430511 1.8400000333786 1.85000002381199 1.53999996185303 1.24000000953674 0.899999976158142 0.720000028610229 0.490000009536743 0.0700000002980232 -0.140000000596046 -0.239999989798758 -0.109999999403954 -0.129999995231628 -0.119999997317791 -0.0599999986588955 -0.0900000035762787 -0.479999989271164 -0.800000011920929 -1.37000000476837 -1.97000002861023 -2.20000004768372 -2.46000003814697 -2.55999994277954 -2.63000011444092 -2.65000009536743 -2.67000007629395 -2.78999996185303 -2.72000002861023 -2.64000010490417 -2.5 -2.04000008404819 -1.67999994754791 -0.980000019073486 -1.07000005245209 -1.24000000953674
0.649999976158142 0.75 0.920000016689301 1.04999995231628 1.25999999046326 1.13999998569489 1.02999997138977 1.39999997615814 1.42999994754791 1.41999995708466 1.38999998569489 1.57000005245209 1.62000000475479 1.45000004768372 1.22000002861023 0.930000007152557 0.810000002384186 0.569999992847443 0.289999993357738 0.379999995033449 0.209999993443489 0.119999997317791 0.0799999982118607 0.100000001490116 0.280000001192093 0.449999988079071 0.259999989355577 -0.5 -1.29999995231628 -2.00999999046326 -2.30999994277954 -2.55999994277954 -2.5699999332428 -2.58999991416931 -2.61999988555908 -2.63000011444092 -2.5 -2.48000001907349 -2.30999994277954 -2.04999995231628 -1.87000000476837 -1.35000002384186 -0.990000009536743 -0.979999913225482 -1.16999995708466
0.629999995231629 0.709999978542328 0.75 0.800000011920929 0.949999988079071 1.02999997138977 1.00999999046326 1.26999998092651 1.35000002384186 1.33000004291534 1.28999996185303 1.37999999523163 1.44000005722046 1.30999994277954 1.19000005722046 0.980000019073486 0.879999995684461 0.839999973773956 0.519999980926514 0.46000000834465 0.360000014305115 0.230000004172325 0.159999996423721 0.180000007152557 0.360000014305115 0.629999995231628 0.409999996423721 -0.430000007152557 -1.25999999046326 -1.99999999851999 -2.35999989509582 -2.5699999332428 -2.52999997138977 -2.54999995231628 -2.5699999332428 -2.36999988555908 -2.27999997138977 -2.22000002861023 -2.00999999046326 -1.70000004768372 -1.53999996185303 -1.20000004768372 -1 -1.01999998092651 -1.20000004768372
0.600000023841648 0.660000026226044 0.680000007152557 0.6700000166893 0.860000014304789 0.870000004768546 0.949999988079071 1.29999995231628 1.38999998569489 1.23000001907349 1.16999995708466 1.23000001907349 1.29999995231628 1.14999997620396 1.14999997618138 1.13999998567135 1.07000005245209 0.980000019073486 0.75 0.610000014305115 0.509999990463257 0.259999990463257 0.129999995045306 0.0599999986588955 0.100000001490116 0.109999999403954 -0.0199999995529652 -0.550000011920929 -1.25999999046326 -1.5900000333786 -2.15000009536743 -2.36999988555908 -2.38000011472128 -2.39000003180215 -2.17000007629395 -2.15000009536743 -2.09999990463257 -1.94000005722046 -1.72000002861023 -1.58000004291534 -1.27999997138977 -1.07000005245209 -1.01999998092651 -1.0900000333786 -1.28999996185303
0.509999990463257 0.629999995231628 0.709999978542328 0.720000028610229 0.790000021457882 0.870000004768581 0.889999985695351 1.36000001430511 1.29999995231789 1.16999995708466 1.0599999427726 1.13999998562983 1.02999997138977 1.05999994277954 1.27999997138977 1.28999996182942 1.22000002861023 1.11000001430511 0.910000026226044 0.800000011920929 0.610000014305115 0.25 0.0799999982118607 -0.170000001788139 -0.379999995231628 -0.419999987533015 -0.349999994039535 -0.740000009536743 -1.33000004291534 -1.5900000333786 -2 -2.1800000667572 -2.19000001614596 -2.04999995231628 -1.91999995708466 -1.86000001518704 -1.82000005245209 -1.62000000476837 -1.39999997615814 -1.29999995231628 -1.05999994277954 -0.939999997615814 -0.959999978542328 -1.10000002384186 -1.33000004291534
0.579999983310699 0.670000016689301 0.649999976158142 0.680000007152557 0.920000016689301 0.9200000166893 0.920000016689301 1.64999997615661 1.45000004767782 1.12999999523163 0.899999976158142 1.04999995231628 1.12000000476837 1.20000004768372 1.25 1.3400000333786 1.25999999046326 1.24000000953674 1.14999997581591 0.899999976158142 0.680000007152557 0.28999999165535 0.0599999986588955 -0.409999996423721 -1.00999999046326 -1.23000001907349 -1.24000000953674 -1.24000000953674 -1.48000001907349 -1.64999997615814 -1.9099999666214 -2.00999995904174 -1.86000001430511 -1.86000001430511 -1.75999999046326 -1.66999995708466 -1.48000001907349 -1.29999995231628 -1.20000004768372 -0.980000019073487 -0.870000004768372 -0.779999971389771 -0.810000002384186 -1.01999998092651 -1.43999986720481
0.629999995231628 0.680000007152557 0.660000026226044 0.850000023841858 0.860000014305115 0.949999988079071 0.939999997615814 1.73000001907349 1.58000004291534 1.32000005245209 1.16999995708466 1.1599999666214 1.20000004768372 1.25 1.29999995231628 1.3400000333786 1.45000004768372 1.35000002384186 1.24999999974665 1.00999999046326 0.790000021457672 0.419999986886978 0.150000005960464 -0.529999971389771 -1.37999999523163 -2.00999999046326 -1.98000001907349 -1.6599999666214 -1.61000001430511 -1.72000002861023 -1.84000001691842 -1.73000001920759 -1.70000004768372 -1.63999998569489 -1.57000005245209 -1.50999999046326 -1.25999999046326 -0.970000028610229 -0.879999995231629 -0.689999997615814 -0.629999995231628 -0.649999976158142 -0.759999990463257 -0.899999899171599 -1.26999974700784
0.569999992847443 0.949999988079071 0.920000016689301 0.949999988079071 1.07000005245209 1.01999998092651 1.00999999046326 1.92999994754791 1.76999998092651 1.53999996185303 1.45000004768372 1.4299999475443 1.37000000476837 1.36000001430511 1.4099999666214 1.42999994754791 1.4099999666214 1.4099999666214 1.37999999523163 1.19000005722046 0.980000019073486 0.839999973099155 0.370000004768372 -0.419999986886978 -1.44000005722046 -1.87999999523163 -2.13000011444092 -1.86000001430511 -1.78999996185303 -1.7400000006501 -1.61000001430511 -1.60000002384186 -1.53999996185303 -1.47000002861023 -1.38999998569489 -1.30999994277954 -1.07000005245209 -0.73000004488874 -0.569999992847443 -0.370000004768372 -0.400000005960465 -0.479999989271164 -0.639999906460332 -0.819999992847443 -0.939999997615814
0.819999992847443 0.860000014305115 1.1599999666214 1.03999996185303 1.07000005245209 1.0900000333786 1.0900000333786 2.17000007629395 2.0699999332428 1.83000004291534 1.71000003814697 1.73000001906442 1.62999999523163 1.54999995231628 1.54999995231628 1.52999997138977 1.48000001907349 1.5 1.46000003814697 1.30999994277954 1.1599999666214 1.05999994277954 0.720000028610229 -0.100000001490116 -0.560000004600675 -1.3400000333786 -1.64999997615814 -1.7100000130984 -1.49000000953674 -1.53999996185303 -1.51999998092651 -1.50999999046326 -1.47000002861023 -1.29999995231628 -1.23000001907349 -1.0900000333786 -0.939999997615814 -0.790000021457672 -0.46000000834465 -0.119999997317791 -0.200000002980232 -0.449999988079071 -0.620000004768372 -0.739999965504142 -0.800000011920929
