SnowAccumulation_R/test/tmin/final_tmin_15_04_2009.asc
NCOLS 97 
NROWS 69 
XLLCORNER 52512.810182332 
YLLCORNER 5316225.2758522 
CELLSIZE 10000 
NODATA_value -9999 
[rows 0 to 19 of 69, columns 0 to 44 of 97]
-9999.000000000000000 -9999 -9999 -9999 -9999 -9999 -9999 -9999 -9999 -9999 -9999 -9999 -9999 -9999 -9999 -9999 -9999 -9999 -9999 -9999 -9999 -9999 -9999 -9999 -9999 -9999 -9999 -9999 -9999 -9999 -9999 -9999 -9999 -9999 -9999 -9999 -9999 -9999 -9999 -9999 -9999 -9999 -9999 -9999 -9999
-9999 -9999 -9999 -9999 -9999 -8.40999984741211 -9.35000038146973 -9.60000038146973 -9.82999992370605 -8.55000019073486 -8.60000038146973 -7.98000001907349 -7.23999963416016 -5.76000022888184 -6.1399998664856 -5.8600001335144 -4.98999977111816 -4.61999988555908 -4.53000020927434 -9999 -9999 -9999 -9999 -9999 -9999 -9999 -9999 -9999 -9999 -9999 -9999 -9999 -9999 -9999 -9999 -9999 -9999 -9999 -9999 -9999 -9999 -9999 -9999 -9999 -9999
-9999 -9999 -9999 -9999 -9999 -11.0600004196167 -10.75 -10 -9.46000003814697 -8.09000015258789 -7.76999998092651 -6.44999980926514 -5.69000005722046 -5.76999999646282 -6.11999988555908 -5.23999977111816 -4.75 -4.51000022888184 -4.28000020980835 -4.40000008417705 -4.38000011444092 -4.17000007629395 -4.01000022888184 -3.77999997138977 -3.72000002861023 -3.65000009536743 -3.73000001907349 -3.91000008583069 -4.13000011444092 -4.21999979019165 -4.28999996185303 -4.3600001335144 -4.38000011444092 -4.53999996185303 -4.69000005722046 -4.67999982833862 -4.75 -4.78000020980835 -4.90999984741211 -4.86999988555908 -4.88000011444092 -4.88000011444092 -4.86999988555908 -5.01000022888184 -4.94999980926514
-9999 -9999 -9999 -9999 -9999 -10.1800003051758 -9.19999980926513 -8.9399995803833 -8.70999984261203 -7.30000019073486 -6.90000009536743 -6.76000022888184 -5.82999992370605 -5.98999977111816 -6.03000020980835 -5.48000001907349 -5.01000022888184 -4.73000001907349 -4.26999998092651 -4.32999992362373 -4.21000003814697 -4.01000022888184 -3.80999994277954 -3.65000009536743 -3.58999991416931 -3.55999994277954 -3.75999999046326 -4.03999996185303 -4.38000011444092 -4.32999992370605 -4.42999982833862 -4.51999998092651 -4.69999980926514 -4.84999990463257 -4.90999984741211 -4.71999979019165 -4.61999988555908 -4.59999990463257 -4.75 -4.69999980926514 -4.71000003814697 -4.78999996185293 -4.92999982833862 -4.98000001907349 -4.88000011444092
-9999 -9999 -9999 -9999 -9999 -9.51000022888183 -8.89999961853028 -8.23999975356978 -7.69999980926514 -7.41999998951835 -6.67000007629395 -6.30999994277954 -5.98999977111816 -5.63999986648559 -5.44999980357434 -5.09999990463257 -4.96999979019165 -4.71999979019165 -4.21999979019165 -4.21999979019165 -4.13000011444092 -3.75 -3.74999998899419 -3.5 -3.4300000667572 -3.45000004768372 -3.76999998092651 -4.11999988555908 -4.44999980926514 -4.6399998664856 -4.63000011443209 -4.90000009536743 -5.40999984741211 -5.21000003814697 -5.1100001335144 -4.78000020980835 -4.67000007629395 -4.42999982833862 -4.57999992370606 -4.44000005722046 -4.38000011444092 -4.65000009536743 -4.76999998092651 -4.82000017166138 -4.86999988555908
-9999 -9999 -9999 -9999 -9999 -9.06999969482422 -8.55000019073486 -8.06999969482422 -7.68999996174759 -6.90000009536743 -7.03000020980835 -6.67999982833862 -6.26999998092651 -5.80999994277954 -5.30999994277954 -5.01999998092651 -4.61999988555908 -4.28000020980835 -4.21000003814697 -4.03999996185303 -4 -3.85999989509583 -3.5699999332428 -3.22000002861023 -3.29999995231628 -3.50999999029698 -3.71000003814697 -4.17999982833862 -4.63000011444092 -4.80000019073486 -4.92000007629395 -5.42999982833862 -6.34999990463257 -5.57000017166138 -5.15999984741211 -4.86999988555908 -4.53999996185766 -4.40000009536743 -4.34999990463257 -4.30000019073486 -4.44999980926514 -4.75 -4.82000017166138 -4.88000011444092 -4.94999980926514
-9999 -9999 -9999 -9999 -9999 -8.97000026702881 -8.78999996185303 -8.10999965667725 -8.09000015258789 -7.45000010917952 -7.32999992370605 -7.15999984741211 -6.75 -6.23000001907349 -5.71999979019165 -5.21000003814697 -4.96000003814697 -4.51999998092651 -4.17999982833862 -4.26999998092651 -3.9000000954132 -3.75 -3.46000003814697 -3.11999988555908 -3.24000000953674 -3.65000009955107 -3.83999991416931 -4.28000020980835 -4.76999998092651 -4.84999990463257 -5.51999998092651 -5.82000017166138 -6.21000003814697 -5.65000009536743 -5.07000017166138 -4.78000020980835 -4.50000000000409 -4.36999988555908 -4.30000019073486 -4.34000015258789 -4.48999977111816 -4.51000022888184 -4.65999984741211 -4.8600001335144 -4.96000003814697
-9999 -9999 -9999 -9999 -9999 -8.94999980926514 -8.65999978610207 -8.34000015258789 -8.5600004196167 -8.6899995803833 -7.63000025154538 -7.59000015056467 -7.46000003814697 -7.05999994277954 -6.19999980926514 -5.48000001907349 -5.03999996038415 -4.69000005722046 -4.51000022888184 -4.42000007629395 -4.23000001907349 -3.97000002861023 -3.51999998092651 -3.48000001907349 -3.71000003814697 -4.36999988555908 -4.76000022888184 -4.5399999649833 -4.67999982833862 -5.3899998664856 -5.69000005722046 -5.92000007627501 -5.82999992370605 -5.44999980926514 -4.96999979019165 -4.71000003814697 -4.50000000000228 -4.40000009536743 -4.46000003814697 -4.55999994277954 -4.61999988555908 -4.65999984741211 -4.59000015258789 -4.8899998664856 -5.01000022888184
-9999 -9999 -9999 -9999 -9999 -9.06999969482422 -8.85000038146972 -8.42000007629395 -8.78999996185303 -8.68000030517578 -8.34000015258789 -7.67999997926406 -7.5 -7.07999992370606 -6.51000022888184 -5.67999982833862 -5.09999990463257 -4.75 -4.67999982833862 -4.30999994277954 -4.09999990463257 -3.88000011472326 -3.6800000667572 -3.90000009536743 -4.1399998664856 -4.76000022888184 -5.40000009501127 -5.59000015258789 -5.65999984741211 -5.61000013394263 -5.73999977111816 -5.73000001907349 -5.67999982833862 -5.19999980926514 -4.84000015258789 -4.73999977111816 -4.6399998664856 -4.55999994277954 -4.71000003814697 -4.80000019073486 -4.84999990463257 -4.92999982833862 -4.86999988555908 -4.92000007629395 -4.90999984741211
-9999 -9999 -9999 -9999 -9999 -9.47000026702881 -9.15999984741211 -8.78999996185303 -8.94999980926514 -9.0600004196167 -8.77000045776367 -8.44999980926514 -7.77000005309385 -7.07000017166138 -6.57000017166138 -6.03000020980835 -5.07999992370605 -4.94999980945816 -4.67000007629394 -4.36999988555908 -4.1100001335144 -4.26999998092651 -4.30999994277954 -4.28000020980835 -4.46000003814697 -5.07999992370605 -5.73000001907349 -5.98000001907349 -5.80000019073486 -5.65000009536743 -5.53000020980835 -5.59999990443364 -5.51000022882991 -5.05999994277954 -4.73999977111816 -4.78999996185303 -4.82000017166138 -4.80999994277954 -4.90999984741211 -5.01999998092651 -5 -4.96000003814697 -4.96999979019155 -4.78999996185303 -4.76999998092651
-9999 -9999 -9999 -9999 -9999 -10.8299999237061 -9.44999980926514 -9.38000011444092 -9.4099998590464 -9.36999988555908 -9.18000030517578 -8.72000026702881 -7.78999996185303 -7.28999996466547 -6.6399998664856 -6.15999984741211 -5.23000001907349 -5.07999992370605 -4.71000003814697 -4.65000009536743 -4.53999996185303 -4.71000003814697 -4.61000013353498 -4.69000005722046 -4.8600001335144 -5.28000020980835 -5.63000011444092 -5.73000001907349 -5.76999998092651 -5.55000019073486 -5.42000007629395 -5.40999984741211 -5.40999984741211 -5.15000009536743 -4.82000017174985 -4.96000003819142 -5.03999996185303 -5.03000020980835 -5.1100001335144 -5.23000001907349 -5.11999988555908 -5.05999994277954 -5.07999992370606 -5 -4.96000003814697
-9999 -9999 -9999 -9999 -11.6000003814697 -11.5699996948242 -10.6800003051758 -9.93000030517578 -9.93000030517578 -9.90999984741211 -9.67000007629395 -9.31999969482422 -8.28999996185303 -7.26999998092651 -6.73999981450442 -6.09000015258789 -5.51000022888184 -5.11999988555908 -4.80999994348191 -5.03000020980835 -4.96999979019165 -5.17000007629394 -5.28999996185303 -5.21000003814697 -5.11999988555908 -5.30000019073486 -5.46000003814697 -5.49999999997836 -5.48999977111816 -5.34999990463257 -5.28000020980835 -5.23000001907349 -5.21000003814052 -5.19000005722046 -5.28000020980835 -5.3600001335144 -5.48000001907349 -5.44000005722046 -5.26000022888645 -5.25000000000121 -5.19999980926616 -5.25000000000093 -5.30999994277982 -5.23000001907356 -5.19000005722046
-9999 -9999 -9999 -9999 -12.3400001525879 -11.7399997711182 -10.8999996185303 -10.2299995422363 -10.4300003051758 -10.1599996208137 -9.46000003814697 -9.01000022888184 -8.27000045776367 -7.15000009536743 -7.03999996185303 -6.88999982595666 -5.48000001907349 -5.15999984741211 -5.51000022888184 -5.46000003814697 -5.59999990463257 -5.46999979019165 -5.55000019073486 -5.46000003814697 -5.26000022888184 -5.26999998092651 -5.19000005722046 -5.17999982833862 -5.13000011444092 -5.01000022888184 -5.11999988555908 -5.17999982833862 -5.11000013351656 -5.23000001907349 -5.28000020980835 -5.46000003814697 -5.57000017166138 -5.63000011444031 -5.59999990463257 -5.63000011444092 -5.6100001335144 -5.51999998092651 -5.46999979019165 -5.26999998092651 -5
-9999 -9999 -9999 -9999 -12.4300003051758 -11.789999961853 -11.1000003814697 -10.4899997711182 -9.72000026702881 -9.34000015258789 -9.36999988555908 -8.75 -7.92000007629395 -7.44999980926514 -6.84000015258789 -6.46999979019165 -6.05999994277954 -5.73000001907349 -5.86000013351441 -5.82000017166138 -5.86000010401476 -5.8600001335144 -5.07999992370605 -4.98999977111816 -5.17999982833862 -5.13999986648559 -4.94999980926514 -4.90000009536743 -4.86999988555908 -4.88000011444092 -4.96000003814697 -5.01000022888184 -5.09000015258789 -5.19000005722046 -5.28000020980835 -5.48000001907349 -5.65000009536743 -5.78000020980742 -5.76999998092651 -5.84999990463257 -5.84999990463257 -5.59000015258789 -5.51000022888174 -5.23999977111816 -5.01999998092651
-9999 -9999 -9999 -9999 -13.0400026015706 -11.3000001907349 -11.8400001598366 -11.7299995422363 -10.4799995422363 -9.10000038146973 -8.88000011444092 -8.65999984741211 -8.15999984741211 -7.69999980926514 -7.11999988555908 -7.11999988555908 -6.63000011444092 -6.75 -6.36999988931063 -5.55999994277954 -5.3600001335144 -5.13000011444092 -5.07000017166138 -4.94000005722046 -4.94999980926514 -4.69000005722046 -4.71999979019165 -4.84999990463257 -4.73999977111816 -4.80999994277954 -4.96000003814697 -5.05999994277954 -5.05999994277954 -5.11000013351441 -5.30000019073486 -5.51000022888184 -5.69999980926514 -5.88999986648422 -5.92000007629395 -5.98000001907349 -5.98999977111816 -5.59000015258789 -5.40999984741206 -5.05000019073486 -4.71000003814697
-9999 -9999 -9999 -9999 -14.6899995803833 -11.6800007460971 -12.25 -11.7399997711182 -10.9099998474121 -9.9399995803833 -9.15999984741211 -9.17000007629393 -8.38000011444092 -8.05000019073486 -7.46999979019165 -6.98999977111816 -6.80999994277954 -6.57999992370605 -6.57000017166138 -5.71999979019165 -5.61999988555908 -5.36000014245742 -5.21999979019165 -4.57000017248348 -4.57000017166138 -4.34999990463257 -4.55999994277954 -4.61999988555908 -4.65000009536743 -4.67999982833862 -5 -5.15999984741211 -5.40000009536743 -5.30999994277954 -5.32999992370605 -5.53000020980835 -5.73999977111816 -5.92000007629395 -5.96999979019165 -6.05999994277954 -5.94000005722046 -5.48999977111816 -5.40999984741211 -4.96000003814697 -4.69000005722046
-9999 -9999 -9999 -9999 -14.0299997329712 -15.4799995422363 -13.600000062469 -12.6999995749664 -11.3500003814697 -11.0299997329712 -10.3500003814697 -9.78999996185303 -9.30000019073486 -8.40999984741211 -7.46000003814697 -7 -6.57999992370605 -6.28000020980835 -5.78000020980835 -5.71999979019165 -5.84000015258789 -5.55999994277954 -4.67000007793964 -4.38000011444092 -4.48999977089213 -4.34000015258789 -4.3899998664856 -4.26999998092651 -4.34999990463257 -4.65000009536743 -4.84000015258789 -5.09999990463257 -5.34000015258789 -5.48999977111251 -5.42999982833862 -5.57999992370605 -5.78000020980835 -5.88000011444092 -5.92999982833862 -6.05000019073486 -5.96999979019165 -5.46000003814697 -4.98000001907365 -4.84999990463257 -4.67999982833862
-9999 -9999 -9999 -9999 -14.8000001907349 -14.5799999237061 -15.039999961853 -13.4799989312662 -11.4700002670288 -11.3299999237061 -11.3500003814697 -10.4899997711182 -10.0399999150063 -8.40999984741211 -7.53999996185303 -6.90999984741211 -6.73000001745124 -6.26999998092651 -6.07000017166138 -5.82999992370605 -5.84000015258789 -5.78999996489524 -4.61999988656457 -4.32999992370605 -4.32000017166138 -4.34999990463257 -4.26000022888184 -4.13000011444092 -4.28999996185303 -4.40999984741211 -5.03999996185303 -5.30999994277954 -5.5 -5.48999977111816 -5.48999977111816 -5.53999996185303 -5.71000003814697 -5.76000022888184 -5.84000015258789 -5.86999988555908 -5.73000001907349 -5.46000003814697 -4.94999980926535 -5.01999998092651 -4.71999979019165
-9999 -9999 -9999 -9999 -14.7800004876639 -15.4200000762939 -15.2299995422363 -12.3900003433228 -12.3900003433228 -10.5699996948242 -11.3000001907349 -10.0699996948242 -9.03999996185303 -8.47999954223633 -8.15999984741211 -6.78000020980835 -6.32000017166138 -6.21999979160038 -6.03000020993792 -5.44000005722046 -5.25000000045143 -4.8899998664856 -4.65000009536743 -4.34000015258789 -4.30000019073486 -4.23999977111816 -4.19999980926514 -4.03000020980835 -4.09999990463257 -4.34999990463257 -4.92999982833862 -5.23999977111816 -5.32999992370605 -5.44000005722046 -5.3899998664856 -5.51000022888184 -5.46999979019165 -5.53000020980835 -5.6399998664856 -5.71999979019165 -5.78999996185303 -5.55000019073486 -5 -5.15999984741211 -4.75
-9999 -9999 -9999 -9999 -15.2600002288818 -15.7200002670288 -15.1199998855591 -14.2399997711182 -9.27999973297119 -9.96000003814697 -10.8800001144409 -10.6300001144409 -10.210000038147 -9.07999992370605 -7.48000001907349 -6.96000003814697 -6.21999979019165 -6.6399998664856 -5.82000017166138 -5 -4.21999979019165 -4.17999982833862 -4.19000005722046 -4.36000012854859 -4.21999979019165 -4.25 -4.03999996185303 -3.77999997138977 -4.07000017166138 -4.21999979019165 -4.65999984741211 -4.90000009536743 -5.09999990463257 -5.23999977111816 -5.28999996185303 -5.40999984741211 -5.32999992370605 -5.36999988555908 -5.46999979019165 -5.67000007629395 -5.84000015258789 -5.65000009536743 -5.21000003814697 -5.21000003814697 -4.8600001335144
