SnowAccumulation_R/test/tmin/final_tmin_23_04_2009.asc
NCOLS 97 
NROWS 69 
XLLCORNER 52512.810182332 
YLLCORNER 5316225.2758522 
CELLSIZE 10000 
NODATA_value -9999 
[rows 0 to 19 of 69, columns 45 to 89 of 97]
-9999 -9999 -9999 -9999 -9999 -9999 -9999 -9999 -9999 -9999 -9999 -9999 -9999 -9999 -9999 -9999 -9999 -9999 -9999 -9999 -9999 -9999 -9999 -9999 -9999 -9999 -9999 -9999 -9999 -9999 -9999 -9999 -9999 -9999 -9999 -9999 -9999 -9999 -9999 -9999 -2.94000005722046 -2.66000008583069 -2.40000009536743 -2.0699999332428 -1.96000003814697
-9999 -9999 -9999 -9999 -9999 -9999 -9999 -9999 -9999 -9999 -9999 -9999 -9999 -9999 -9999 -9999 -9999 -9999 -9999 -9999 -9999 -9999 -9999 -9999 -9999 -9999 -4.05000019073486 -4.32999992370605 -4.80000019073486 -4.92999982833862 -4.5 -4.17999982833862 -4.1399998664856 -3.96000003814697 -3.59999990463257 -3.4300000667572 -3.3199999332428 -3.47999996053754 -3.51999998092651 -2.94000034203812 -2.64000010490417 -2.4300000667572 -2.11999988555908 -2.03999996185303 -1.73000001907349
-7.42000007629395 -7.40999984741211 -7.3899998664856 -7.25 -7.01000022888184 -7.09999990463257 -6.94000005722046 -6.61000013351441 -6.38999986648559 -6.36000013351441 -5.92999982833862 -5.71999979019165 -5.48000001907349 -5.38000011444092 -5.42000007635061 -5.61999988555908 -5.44000005722046 -5.1100001335144 -4.94000005722046 -4.78999996185303 -4.74999999998389 -4.75 -4.51999998092651 -4.30999994277954 -4.07999992446992 -3.8299999242331 -3.80999994277954 -3.97000002861023 -4.53999996185303 -5.01000022888184 -4.73999977111816 -4.30000019073486 -4.07999992370605 -3.77999997138977 -3.40000009536743 -3.22000002861023 -3.00000004688906 -2.94000005722046 -3.05999948474316 -2.50999999046326 -2.27999997138977 -2.21000003814697 -2.05999994277954 -1.79999995231628 -1.62000000476837
-7.09999990463257 -6.90000009536743 -7.05000019073483 -7.07999992370606 -6.8600001335144 -7.03000020980835 -6.86000013351441 -6.57999992370605 -6.44000005721383 -6.23000001907349 -6.26999998092651 -5.78999996185303 -5.61000013351441 -5.59000015258789 -5.73999977111816 -6.05999994277954 -6.15999984741211 -5.30000019073486 -4.96000003814697 -4.76000022888184 -4.76000022888184 -4.69999980926514 -4.63000011444092 -4.23999977583031 -4.05999994277954 -3.88000011444092 -3.70000004768372 -3.60999989509583 -4.1100001335144 -4.69000005722046 -4.36999990185299 -3.98000001907349 -3.54999995231628 -3.50999999046326 -3.21000003814697 -3.02999997138977 -2.90000009536743 -2.69999991270955 -2.44000005722046 -2.25999999046326 -2.07999992370605 -1.98000001907349 -1.8400000333786 -1.5900000333786 -1.54999995231628
-7.42000007629395 -7.23999977111816 -6.84999990463257 -6.80000019073486 -6.96000003814697 -6.84000015258789 -6.84999990463257 -6.63000011444092 -6.42000007628497 -6.03999996185303 -6.15999984741211 -6.09999990463257 -5.92999982833862 -5.78999996185303 -5.8899998664856 -5.90999984741211 -5.76000022888184 -5.3600001335144 -5.01000022888184 -4.86000013335602 -4.61999988555908 -4.57999992370605 -4.44999980926514 -4.30999994277954 -3.77999997157208 -3.71000003814697 -3.51999998092651 -3.42000007629395 -3.5699999332428 -4.1100001335144 -4.23999977111816 -3.71000003814697 -3.32999992370605 -3.20000004768372 -2.90000009536743 -2.89000010490417 -2.95999978748836 -2.50999999046326 -2.25 -2.0699999332428 -1.91000003751511 -1.75999999046326 -1.61000001430511 -1.50999999046326 -1.23000001907349
-7.36999988555908 -7.23000001907349 -6.94999980926514 -6.69000005722046 -6.53000020980835 -6.46999979019165 -6.40999984741211 -6.26000022888184 -6.34000015258789 -6.03000020980835 -5.98000001907349 -5.90000009536743 -5.73000001907349 -5.7399997710882 -5.69000005722046 -5.63999986648559 -5.48999977111816 -5.67999982833862 -5.21999979019165 -4.88000011444092 -4.4899997675391 -4.32000017166138 -4.28000020980835 -4.23000001907349 -4 -3.50999999046326 -3.40000009536743 -3.3199999332428 -3.16000008583069 -3.22000002861023 -3.47000002861023 -3.33999991416931 -2.99000000953674 -2.8199999332428 -2.63000014903655 -2.52999997138977 -2.16000008583069 -2.15000009536743 -2.03999996185303 -1.86000010232532 -1.76999998092651 -1.50999999046326 -1.4099999666214 -1.30999994277954 -1.07000045833276
-7.23000001907349 -7.23999977111816 -7.13000011444083 -6.6399998664856 -6.57999992370605 -6.32000017166138 -5.92999982833862 -5.61999988555908 -5.57000017166138 -5.76999998092651 -5.57000017166138 -5.65000009536743 -5.67999982833862 -5.61999988549135 -5.61999988555908 -5.40000009536743 -5.59000015258789 -5.71999979019165 -5.48000001584863 -5.30999994277954 -4.48999977111816 -4.19000005722046 -4 -4.11999988555908 -4.17999982833862 -3.39000010490417 -3.20000004768372 -3.10999989509583 -3 -2.89000010490417 -2.84999990463257 -2.77999997138977 -2.64000010490417 -2.55999994277954 -2.47000002861023 -1.83000004291534 -1.79999995231628 -1.70000004768372 -1.70000004768372 -1.57000005245209 -1.46000003814697 -1.27999997138977 -1.16999995708466 -1.10000002384186 -1.07000005245209
-7.13999986648559 -7.07000017166138 -6.94000005722047 -6.73999977111816 -6.82000017166138 -6.3600001335144 -5.96999979019165 -5.51999998092651 -5.40000009536743 -5.25 -5.23999977111816 -5.30999994277954 -5.40999984741211 -5.38000011444092 -5.57000017166138 -5.38000011444092 -5.49999999841007 -5.17000007629395 -5.1399998664856 -5.1100001335144 -4.80999994277954 -4.07000017166138 -3.85999989509582 -3.91000008585253 -4.09000015258789 -3.27999997138977 -2.97000002861023 -2.91000008583069 -2.85999989509583 -2.75 -2.47000002861023 -2.50999999046326 -2.24000000953674 -2.14000010490417 -1.64999997615814 -1.53999996185303 -1.49000000953674 -1.38999998569489 -1.37000000476837 -1.23000001907349 -1.17999994754791 -1.12000000476837 -0.980000019073486 -0.959999978542328 -0.829999983310699
-7.11000013351441 -6.90000009536743 -6.76999998092651 -6.8600001335144 -6.71999979019165 -6.51999998092651 -5.88000011444092 -5.46999979019165 -5.38000011444092 -5.05999994277954 -5.30999994277954 -5.07000017166138 -5.19999980926514 -5.11999988555908 -5.19999980904169 -4.96000003814697 -5.07999992370606 -5.11999988555908 -5.07000017166138 -5.01000022888184 -4.67000007629395 -4.19999980926514 -3.76999998092651 -3.73000001907349 -3.80999994277954 -3.27999997138977 -2.85999989509583 -2.64000010547603 -2.60999989509583 -2.52999997138977 -2.32999992370605 -2.10999989509583 -1.77999998546456 -1.37000000476837 -1.33000004291534 -1.19000005722046 -1.11000001430511 -1.07000006365823 -1.03999996185303 -0.959999978542328 -0.990000009536743 -0.850000023841858 -0.790000021457672 -0.600000023841858 -0.579999906352678
-6.82000017166138 -6.82999992370606 -6.8600001335144 -6.86000013351441 -6.98999977111816 -6.69000005722046 -6.09999990463257 -5.80000019073032 -5.3899998664856 -5.17999982833862 -4.98000001907349 -4.92999982833862 -5.07000017109482 -4.69000005722046 -4.6399998664856 -4.61999988555908 -4.96999979019165 -5.07999992367007 -4.98000001907349 -4.69000005722046 -4.73000001907349 -4.63000011444092 -4.26000022833736 -3.69000005722046 -3.66000008583069 -3.21000003814697 -2.89000010490417 -2.61999988555908 -2.27999997138977 -2.10999989509583 -1.97000002861023 -1.79999995231628 -1.37000000476837 -1.14999997615814 -0.980000019073486 -0.810000002384186 -0.819999992847443 -0.839999973773956 -0.860000014305115 -0.639999985694885 -0.699999988079071 -0.560000012298358 -0.540000021457672 -0.569999838652905 -0.430000007152557
-6.90999984741211 -6.82999992370605 -7.01999998092651 -6.84999990463257 -6.92999982833862 -6.82000017166138 -6.21999979019165 -5.86999988555419 -5.61000013348507 -5.40999984743842 -5.30999994277954 -4.73999977111816 -4.59999990456424 -4.40999984741211 -4.3600001335144 -4.32999992370605 -4.19000005722046 -4.57000017166138 -4.80000019073486 -4.55000019073486 -4.75 -4.76999998092651 -4.57999992370605 -4.32999992370606 -3.69000005722046 -3.0699999332428 -2.75999999142159 -2.53999996185303 -2.10999989509583 -1.85000002384186 -1.70000004768372 -1.3300000472337 -1.25 -0.980000019073486 -0.850000023841858 -0.629999995231628 -0.600000023841858 -0.730000019073486 -0.550000011920929 -0.540000021457672 -0.409999996423721 -0.439999997615814 -0.46000000834465 -0.360000014305115 -0.360000014305115
-7.01999998092652 -6.80000019073458 -6.90000009536666 -6.96999979019049 -6.92000007629213 -6.53999996184879 -6.07000017166138 -6.01999998092651 -5.57000017166138 -5.59000015258789 -5.30999994277954 -4.76000022888184 -4.6100001335144 -4.21000003814697 -4.25 -4.1399998664856 -3.90000009536743 -3.92000007629395 -4.40999984741211 -4.30999994277954 -4.51000022888184 -4.59000015258789 -4.59999990463257 -4.59000015258789 -3.97000002861023 -3.30999994277954 -2.79999995231628 -2.33999991416931 -2.02999997138977 -1.63999998569489 -1.26999998092651 -1.23000001907349 -1.1599999666214 -0.930000007152557 -0.730000019073486 -0.579999979401133 -0.46000000834465 -0.610000014305115 -0.490000009536743 -0.439999997615814 -0.430000007152557 -0.300000011920929 -0.219999998807907 -0.330000013113022 -0.389999930137641
-6.63000011444092 -6.51000022888184 -6.38999986648561 -6.40999984741211 -6.21999979019165 -6.26999998092651 -5.86999988555908 -5.8899998664856 -5.34999990463257 -5.13000011444092 -5.13000011444092 -4.73999977111816 -4.63000011444092 -4.42000007629395 -4.09999990463257 -3.95000004768372 -3.82999992369644 -3.74000000953674 -3.91000008583069 -3.95000004768372 -4 -4.01000022925568 -4.23000001907349 -4.26000022888184 -4.09000015258789 -3.60999989509583 -2.8199999332428 -2.17000007629395 -1.88999994747764 -1.29999995231628 -1.13999998569489 -1.11000001430511 -1.01999998092651 -0.870000004768372 -0.529999971389771 -0.600000023841858 -0.610000014305115 -0.649999976158142 -0.550000011920929 -0.410000118456838 -0.349999994039536 -0.209999898023644 -0.189999997615814 -0.370000004768372 -0.409999996423721
-6.42000007629394 -6.51000022888184 -6.59999990463257 -6.1399998664856 -6.05000019073486 -5.96999979019165 -5.67999982833862 -5.46999979019165 -5.76000022888184 -5.61000013351441 -4.78999996185303 -4.69000005722046 -4.55999994277954 -4.34999990463257 -4.07000017166138 -3.77999997138977 -3.65000009537711 -3.60999989509583 -3.54999995231628 -3.49000000953674 -3.53999996185303 -3.5699999332428 -3.80999994277954 -3.89000010490417 -3.72000002861023 -3.42000007629395 -2.55999994277954 -1.90999994141647 -1.41999995708466 -1.04999995231628 -1.11000001430511 -1.00999999046326 -0.870000004768372 -0.680000007152557 -0.610000014305115 -0.699999988079071 -0.810000002384186 -0.899999976158142 -0.46000000834465 -0.319999992847443 -0.290000032271749 -0.150000005960465 -0.230000004172325 -0.300000011920929 -0.5
-6.5 -6.21000003814697 -6.23999977111816 -6.42000007629395 -5.78999996185303 -5.46999979019165 -5.32000017166138 -5.46999979019165 -5.65000009536743 -5.69999980926514 -5.11999988555908 -5.23999977110229 -4.82999992370605 -4.17999982833862 -3.90000009536743 -3.75999999046326 -3.77999997138977 -3.4300000667572 -3.50999999046326 -3.50999999046326 -3.40000009526103 -3.46000003814697 -3.63000011444092 -3.61999988555908 -3.33999991416931 -3 -2.15000006593819 -1.5900000333786 -1.1599999666214 -1.04999995231628 -1.07000005245209 -0.889999985694885 -0.680000007152557 -0.790000021457672 -0.829999983310699 -0.6700000166893 -0.810000002384186 -0.680000007152557 -0.689999997615814 -0.330000013113022 -0.629999995231628 -0.360000014305115 -0.389999952572133 -0.430000007152557 -0.610000014305115
-6.36000013351441 -6.21999979019165 -6.13000011444092 -6 -5.78000020980835 -5.55999994277954 -5.40999984741211 -5.42000007629395 -5.26000022888184 -5.48000001907349 -5.40999984741211 -5.21000003814697 -4.76999998092651 -4.40000009536743 -4.28000020980835 -4.07999992370605 -3.71000003814697 -3.23000001907349 -3.45000004768372 -3.35999989509583 -3.33999991416931 -3.25999999046326 -3.19000005722046 -3.17000007629394 -2.88000011444092 -2.11999988555908 -2.20000004768372 -1.44000005722046 -1.24000000953674 -1.23000001907349 -1.00999999046326 -0.790000021457672 -0.649999976158142 -0.639999985694885 -0.670000016689301 -0.769999980926514 -0.720000028610229 -0.9299999671118 -0.740000009536743 -0.629999995231628 -0.610000014305115 -0.519999980926514 -0.509999990463257 -0.509999990463257 -0.660000026226044
-6.30000019073486 -6.15000009536743 -6.19999980926514 -5.76000022888184 -5.55000019073486 -5.48999977111816 -5.36000013351346 -5.26000022888184 -5.01999998092651 -5.26000022888184 -5.36999988555908 -5.30000019073486 -5 -4.65999984741211 -4.42000007629394 -4.34999990461027 -4 -3.38000011444092 -3.03999996185303 -3.30999994277954 -3.25999999046326 -2.98000001907349 -2.88000011444092 -2.78999995231225 -2.48000001907349 -2.09999990463257 -1.87999999523163 -1.33000004291534 -1.35000002465665 -1.25999999046326 -1.04999995231628 -0.769999980926514 -0.569999992847443 -0.579999983310699 -0.610000014305115 -0.699999988079071 -0.720000028610229 -0.819999992847443 -0.689999997615814 -0.560000002384186 -0.490000009536743 -0.490000009536743 -0.569999992847443 -0.550000011920929 -0.680000007152557
-6.53000020980835 -6.15000009536743 -6.19999980926514 -5.78999996185303 -5.5 -5.36999988555908 -5.26000022888078 -5.34000015258789 -5.11000013351441 -4.96000003814697 -4.94999980926514 -5.09000015258789 -5.11000013351441 -4.84999990463257 -4.57000017166138 -4.48999977111816 -4.34999990463257 -3.91000008583069 -3.60999989509583 -3.14000010442382 -2.96000003814697 -3.0699999332428 -2.6900000600842 -2.36999988555908 -2.25999999046326 -2.10999989509583 -1.87999999523163 -1.45000004768372 -1.45000004768372 -1.28999996185303 -1.05999994277954 -0.720000028610229 -0.629999995231628 -0.589999973773956 -0.709999978542328 -0.779999971389771 -0.680000034337449 -0.680000007152557 -0.769999980926514 -0.490000009536743 -0.440000010340563 -0.449999988079071 -0.579999983310699 -0.550000011920929 -0.639999857437963
-6.46999979019165 -6.15999984741211 -6.07999992370606 -5.94999980926514 -5.65000009536743 -5.67000007629395 -5.53000020980667 -5.26999998092651 -5.21000003814697 -5.09999990463257 -4.6399998664856 -4.82999992370605 -5.01999998092651 -5.05999994277954 -4.71999979019165 -4.65000009536743 -4.57999992370605 -4.42000007629395 -4.30000019073486 -4.09000015258789 -2.88000013821046 -2.89000010490417 -2.44000005722046 -2.35999989496771 -2.11999988555908 -1.86000001430511 -1.75 -1.57000005216874 -1.48000001907349 -1.29999995231628 -1.04999995231628 -0.709999978542328 -0.660000026226044 -0.800000011920929 -0.75 -0.689999997615814 -0.670000037036281 -0.6700000166893 -0.589999973773956 -0.409999996423721 -0.449999988079071 -0.540000021457672 -0.569999992847443 -0.529999971389771 -0.589999973773956
-6.34000015258789 -6.23999977111816 -6.15999984741211 -5.92000007629395 -5.82999992370605 -5.51999998092651 -5.48000001907349 -5.11999988555908 -5.32000017166138 -5.09999990463257 -4.92999982831814 -4.88000011444092 -4.80000019073486 -4.82999992370605 -4.71999979019165 -4.65999984741211 -4.76999998092651 -4.46999979019165 -4.48000001625549 -4.15000009536743 -4.09999990463257 -3.6800000667572 -2.70000004768372 -2.28999996185303 -1.91999995708466 -1.63999998569489 -1.51999998092651 -1.55999994277954 -1.5 -1.27999997138977 -0.959999978542328 -0.800000011920929 -0.779999971389771 -0.800000011920929 -0.610000014305115 -0.680000063831665 -0.620000004768372 -0.529999971389771 -0.449999988079071 -0.340000003576279 -0.439999997615814 -0.509999990463257 -0.550000011920929 -0.529999971389771 -0.550000011920929
