SnowAccumulation_R/test/tmin/final_tmin_22_04_2009.asc
NCOLS 97 
NROWS 69 
XLLCORNER 52512.810182332 
YLLCORNER 5316225.2758522 
CELLSIZE 10000 
NODATA_value -9999 
[rows 42 to 62 of 69, columns 0 to 45 of 97]
-9999 -9999 3.13000011444092 -1.17999994754791 -3.23000001907349 -3.28000056948696 -4.15999984741211 -2.65000009536743 -1.96999986593767 1.67999994754791 -1.1599999666214 2.24999994681383 1.25 -1.82000005245209 -1.92999994754791 -4.15999984741211 -1.5 -4.36000012233349 0.00999998792481551 0.499999997343805 0.649999976158142 -0.219999998807907 -1.22000002861023 -2.45000004701353 -2.6099998946785 -1.79999995231628 -1.64999997615814 -1.60000002384186 -1.24000000953674 -0.600000023841858 -0.159999996423721 -0.490000009536743 0.159999996423721 -0.170000001788139 -0.720000028610229 -0.699999988079071 -1.03999996185303 -0.959999978542328 -0.800000011920929 -0.790000021457672 -0.790000021457672 -0.569999992847443 -0.430000007152557 -0.379999995231628 -0.270000010728836 -0.109999999403954
-9999 -9999 1.60000002384186 -1.58000004291534 -1.35000002384186 -3.1800000667572 -2.16000007951402 -2.64000010490417 1.47000002861023 -0.560000002384186 2.33999991416931 -0.189999997615814 -2.19000005722046 -3.01999998092651 -1.00999999046326 -2.50999999046326 -0.779999971389771 -2.42000007629395 0.439999997615814 1.52999997138977 4.21999979019165 0.730000019073486 -0.949999988079071 -2.0699999332428 -2.13000011444092 -1.76999998092651 -1.67999994754791 -2.14000010490417 -1.1599999666214 -0.620000004768372 -0.230000004172325 -0.699999988079071 0.0599999986588955 0.200000002980232 -0.730000019073486 -0.230000004172325 0.0500000007450581 0.200000002980232 0.0900000035762787 -0.509999990463257 -0.800000011920929 -0.490000009536743 -0.419999986886978 -0.360000014305115 -0.189999997615814 -0.0700000002980232
-9999 -9999 4.1399998664856 -0.180000007152557 -0.759999990463257 -3.26999998092651 -0.779999971389771 -2.12000067767271 3.17000007629395 2.75 5.28999996185303 3.07999992370606 0.980000019073486 -0.0799999982118607 -2.41000008583069 -1.50999999046326 -0.109999999403954 -0.889999985694885 0.330000013113022 1.29999995231628 1.91999995708466 0.560000002384186 -0.939999997615814 -1.66999995708466 -4.21000003814697 -1.74000000953674 -1.58000004291534 -0.67000001804104 -0.670000016689301 0.200000002980232 0.550000011920929 0.379999995231628 -0.129999995231628 0.379999995231628 -0.610000014305115 -0.209999993443489 0.209999993443489 0.280000001192093 0.25 0.119999997317791 -0.689999997615814 -0.569999992847443 -0.409999996423721 -0.340000003576279 -0.159999996423721 -0.0299999993294477
-9999 -9999 4.82999992370605 0.359999462574678 -1.69000005722046 -1.98000001907349 -2.17000008044421 -1.1599999666214 -0.879999398170503 0.440000070977234 5.96000003814697 3 0.939999992212065 -1.99000000953674 -2.92000007629395 -0.219999998807907 0.870000004768371 0.6700000166893 1.21000003814697 1.78999996185303 1.77999997138977 1.22000002861023 0.200000002980232 -1.44000005722046 -1.37999999523163 -1.36000001430511 -2.13000011444092 0.300000010591754 1.51999997978497 0.889999985694885 0.660000026226044 0.419999986886978 0.310000002384186 0.519999980926514 0.479999989271164 0.0799999982118607 -0.0700000002980232 0.370000004768372 0.419999986886978 0.340000003576279 0.370000004768372 -0.509999990463257 -0.449999988079071 -0.280000001192093 -0.150000005960465 0.00999999977648258
-9999 -9999 5.57999992370605 -1.04999995231628 -0.28999999165535 0.660000026226044 0.0399999991059303 -1.00999999046326 -1.35000002384186 3.77000049773531 6.59999990463257 3.21000003814697 0.709999978542328 -1.32000005245209 -0.730000019073486 -0.709999978542328 1.35000002384186 0.319999992847443 -0.310000002384186 2.1800000667572 2.35999989509583 1.66999995708466 0.670000016689301 0.159999996423721 -1.65999996126263 -1.6599999666214 -0.790000024000081 0.649999976158142 2.86999988555908 1.29999995231628 1.00999999046326 0.870000004768372 0.0199999995529652 1.03999996185303 1.11000001430511 1.07000005245209 0.28999999165535 0.680000007152557 0.649999976158142 0.439999997615814 0.360000014305115 -0.610000014305115 -0.379999995231628 -0.28999999165535 -0.0799999982118607 0.0700000002980232
-9999 -9999 6.17999982833862 -0.300000011920929 1.37000000476837 1.20000004768372 1.25999999046326 -1.13999998569489 0.5 5.67000007629395 6.90999980417839 4.57999992370605 0.709999978542328 -0.540000021457672 0.680000007152557 0.219999998807907 2.23000001907349 2.86999988555908 2.47000000922624 3.65000009536743 3.97000002861023 2.04999995231628 1 0.540000021457672 -0.400000004889385 -2.03999995836442 -1.51999998092651 0.0199999995529652 0.569999992847443 0.819999992847443 1.1599999666214 1.73000001907349 0.119999997317791 1.17999994754791 1.39999997615814 1.74000000953674 1.47000002861023 1.27999997138977 0.720000028610229 0.170000001788139 0.259999990463257 -0.569999992847443 -0.430000007152557 -0.270000010728836 -0.109999999403954 -0.0299999993294477
-9999 2.97000002861023 6.44999980926514 2.4300000667572 0.699999869732545 1.92999994754791 0.129999995231628 -0.0199998173831481 3.14000010490418 5.88000011444092 6.03999995938437 4.73000036361369 0.180000007152557 1.5900000333786 2.77999997138977 1.41999995708466 3.36999988555908 3.3199999332428 1.67999994754791 3.45000004768372 4.09000015258789 2.25 1.37999999523163 0.899999976158142 0.300000011920929 -1.02999997138977 -1.91999995708466 -1.19000005722046 -0.839999973773956 -0.430000007152557 0.930000006821559 1.62000000476837 1.04999995244394 1.12000000476837 1.20000004768372 2.13000011444092 3.80999994277954 1.44000005722046 0.759999990463257 0.200000002980232 0.239999994635582 0.0199999995529652 -0.409999996423721 -0.280000001192093 -0.180000007152557 0.0399999991059303
-9999 5.23999977111816 6.57000017166138 1.38999998569489 1.97000002861023 1.0900000333786 3.54999995231628 3.92000007629395 4.69000005722046 5.19999980926514 5.1100001335144 5.21999979019165 1.1200001369491 5.80999994142428 5.98999977111816 3.94000005722046 3.87000022668577 6.19999980926514 3.77999997138977 2.68999991945724 3.46000003814697 3.74000000953674 2.92000007629394 1.02999997138977 0.379999995231628 -0.699999988079071 -1.9099999666214 -1.87999999523163 -1.5900000333786 -0.790000021231348 -0.560000002384186 -0.779999971389771 -0.629999995231628 0.759999990463257 1.29999995231628 1.91999995708466 3.71000003814697 1.73000001907349 1.05999994277954 0.550000011920929 0.200000002980232 -0.319999992847443 -0.389999985694885 -0.259999990463257 -0.109999999403954 0.00999999977648258
-9999 0.699999988079071 3.7800008582293 2.30999994277954 -0.109999999403954 1.11000001430511 1.44000005722046 2.09999990463257 3.46000003814697 5.30000019073486 5.38999986648559 4.5 6.94000005722046 6.98000001907349 6.55000019073486 4.40000009536743 5.63000011444092 7.17000007629394 6.17999982833862 -0.159999888521717 3.44000005722046 5.32999992370605 3.0699999332428 1.77999997138977 -0.879999995231629 -0.889999985694885 -2.39000010490418 -2.16000008600848 -2.16000008583069 -1.17999994754105 -1.10000002384186 -1.37999999523163 -1.04999995231628 0.469999998807907 0.389999985694885 1.05999994277954 1.53999996185303 1.37999999523163 0.97000002861023 0.589999973773956 0.330000013113022 0.200000002980232 -0.349999994039536 -0.230000004172325 -0.0500000007450581 0.0500000007450581
-9999 2.29999947162907 7.01999998092651 2.95000004768372 0.600000023841858 2.61999988555908 2.85999989509582 2.52999997138977 2.3200000538898 5.11999988555908 5.73000001907349 5.84999990463257 3.99000000953674 7.53000020980835 5.84000015258789 8.47000033308989 4.96000003814697 6.63999986648559 3.58999991416931 4.25 3.97000008749794 4.92999982833862 2.48000001907349 0.479999989271164 0.180000007070716 0.180000007152557 -2.31999993180361 -2.14000010490417 -2.13000011445038 -2.35999989509583 -1.28999996185303 -1.41999995708466 -1.32000005245209 -0.740000009536743 -0.280000001192093 0.0599999986588955 0.209999993443489 0.730000019073486 0.75 0.629999995231628 0.370000004768372 -0.379999995231628 -0.259999990463257 -0.109999999403954 0.140000000596046 0.0199999995529652
-9999 1.95000004768372 6.6100001335144 5 1.83000004291534 3.86999988555908 3.10999989509583 3.13000011444092 4.07000017166138 5.17999982833862 4.23000001907349 6.03999996185303 6.51999998092651 4.5 7.05000019073486 8.31999969482422 5.51000028367153 6.03000020980835 4.40999984741211 8.60000038146973 5.3500000721051 6.03000020980835 2.28999996185303 0.589999973773956 0.740000009536743 0.0799999982118607 -1.73000001907349 -1.75999999046326 -2.16000008583069 -2.23000001907349 -2.16000008583556 -1.54999995252089 -2 9.10999965667725 9.31999969481615 -0.469999998807907 -0.720000028610229 0.379999995231628 0.509999990463257 0.540000021457672 -0.360000014305115 -0.340000003576279 -0.230000004172325 -0.100000001490116 0.0299999993294477 0.0900000035762787
-9999 2.38000011444092 2.09999990463257 6.79999955860048 2.45000004768372 4.42000007629395 4.09000015258789 3.45000004768372 4.61999988555908 5.19000005722046 4.92999982833862 6.26999998092651 6.48999977111816 4.15999984741211 7.48000000272718 8.59000015258789 7.63999986648559 7.26000022888184 6.78999996185303 7.05999994277954 4.82000017166138 3.92000007629395 3.00999999779607 1.72000002861023 0.699999988079071 -0.740000009536743 -0.990000009536743 -0.9200000166893 -0.479999989271164 -1.50999999046326 -2.49000000953674 -2.47000002861023 8.52999973297119 9.09000015258789 9.35000038145427 9.5 9.71000003814697 10.1000003814661 10.3999996185303 10.6800003051758 10.7700004577637 -0.310000002384186 11.0600004196167 -0.109999999403954 0.0199999995529652 10.6599998474121
-9999 2.6800000667572 3.98000001907349 6.40999984741211 4.96999979019165 4.48999977111816 4.53999996185303 4.34999990463257 4.98999977111816 5.23000001907349 4.86999988555908 6.23000001907349 6.34000015258789 4.69999980926514 5.92999982833862 7.65000009536743 7.23000001907349 5.82000017166138 7 5.94000017357468 7.42000007547564 3.9200001464276 3.34999990463257 1.30999994277954 0.569999992847443 -0.180000007152557 -0.230000004172325 -0.00999999977648258 0.319999992847443 -1.6299999944591 -2.67000007629395 -2.72000002861023 8.10000038146972 8.47999954223633 9.17000007629395 9.47999954223633 9.73999977111816 10.2299995422321 10.4499998092651 10.7799997329712 10.7600002288818 10.8900003433228 11.1199998855591 11.2200002670288 11.289999961853 11
-9999 3.09000004572321 3.8199999332428 4.96999979019165 6.69999980926514 4.59000015258789 4.92999982833862 4.82999992370605 4.90999984741211 5.09999990463257 5.44999980926514 6.19999980926514 6.53999996185303 5.44000005722046 5.23000001907349 7.57999992370605 7.96000003814697 6.63000011444092 7.98000001907349 9.76000022888184 7.73999977111816 6.98999979083408 5.84999990463257 8.63000011406115 0.379999995231628 1.10000002384186 1.42999994754791 1.03999996185303 0.400000004298563 -0.850000023841858 -1.75 -1.92999994754791 8.59000015258789 8.77999973297119 8.77999973297119 9.06999969482422 9.69999980926514 10.1899995803791 10.539999961853 10.8900003433228 10.9899997711182 10.8999996185303 11.3999996185303 11.5299997329712 11.539999961853 11.2200002670288
-9999 3.14499998092651 2.54250001907349 5.61749982833862 4.8600001386662 5.3899998664856 5.03999996185303 4.98000001907349 5.23000001907349 5.55000019073486 5.76999998092651 5.94000005722046 6.17000007636127 6.51000022888184 5.65000009536743 7.92999982833862 7.44000005722046 6.57000017166138 8.14000034332275 9.77999973297119 7.71000003814697 6.80999994277954 6.50000000374126 9.22000026702881 9.09000015258789 2.40000009536743 3.46000003814697 2.33999991416931 1.24000000953674 1.10000002384186 0.300000011920929 -1.48000001907349 -2.03999996185303 9.31999969482422 9.52999973297119 9.51000022888184 9.68000030517578 10.0200004577637 10.4700002670288 11 11.2799997329711 11.4499998092651 11.5900001525879 11.5699996948241 11.5299997329712 11.3999996185303
-9999 4.14750003814697 4.21000003814697 5.01000022888184 4.84250020980835 5.05999994277954 5.125 4.57250025327071 3.92000007629395 1.87999999523163 2.25 2.09249997138977 3.33249998092651 3.73499989509582 4.63250017166138 3.19499994519857 1.88250005245209 0.877499997615814 1.80250000953674 2.03999996185303 2.9925000667572 2.98000001907349 3.71000003814697 3.90499997138977 7.98999971934163 8.94999980926514 5.09999990463257 5.09999990463257 3.55999994277954 2.00999999046326 9.0600004196167 9.15999984741211 9.27000045776367 9.5600004196167 9.44999980926514 9.30000019073486 9.88000011444092 10.2200002670288 10.3400001525879 10.8100004196167 10.6800003051758 10.9799995422363 10.8500003814697 10.8599996566772 10.8299999237061 10.9399995803833
-9999 2.77749991416931 3.71499990057928 3.24749994277954 5.67500019073486 4.64750003814697 5.50750017166138 5.41499996185303 4.90999984741211 2.6949999332428 1.61500000584504 2.43499994277954 3.29999995231628 4.53749990463257 4.41750001907349 4.11250019073486 2.82750010490417 1.02999997138977 1.88999998225324 1.50499999523163 2.17000007629395 2.63750004768372 3.1875 3.375 3.76500010490417 3.12249994277954 7.53249979291465 7.07999992613529 7.05749988555908 6.42500019116505 6.23750019073486 6.41249990463257 6.59749984741211 7.05749988555908 7.42500019073486 7.15749979019165 6.92000007629395 6.77500009536743 6.76749992370605 7.45249986648559 7.1999998092661 7.63250017166138 7.76999998092651 7.83750009536725 7.42749977111816 7.09000015258789
-9999 1.60249996185303 3.37750005722046 3.09999990463257 5.35249996185303 4.07999989864372 4.5475001335144 4.08249998092651 4.99499988555908 2.85500001907349 1.29750001430511 2.97499990463257 4.49499988555908 3.92249989509583 3.04749989509583 3.56750011444092 2.83500003814697 1.98500001430511 1.79250001907349 1.85249996185303 1.38499999046326 2.05500009113052 2.97749996185303 4.21000003814697 4.02250003814697 4.49249982833862 6.92500019073486 7.25250005722046 7.26000022888184 6.9099998480423 6.21250009536743 6.55000019073486 6.86999988555908 7.51999998092651 7.55749988555908 7.45499992370605 7.59999990463257 7.21250009536743 7.01749992370606 7.46250009536743 7.09250020980856 7.41750001907349 7.21500015258789 7.21750020980835 7.09499979019165 6.98999977111816
-0.455000013113022 0.132499992847443 3.63750004768372 4.04500007629394 5.82250022888184 4.23999977111816 5.00250005722046 3.95499992370605 4.1399998664856 4.12249994277954 1.99000015403993 2.96749997138977 4.20749998092651 3.5824999805075 3.64000010490417 2.08999991416931 1.8474999666214 1.95000004768372 1.98000001907349 2.66249990463257 1.21249997615814 2.11500000953674 3.125 4.12249994277954 3.90750002861023 3.08249998092651 5.7024998664856 7.0774998664856 7.07000017166138 7.4225001335144 6.78499984741211 7.44250011444092 7.5700001719825 7.74249982833862 8.01249980926514 8.10750007629395 8.36999988555908 7.45749998092651 6.8899998664856 7.125 7.63000011444084 7.63000011444092 7.65999984741211 7.63500022888184 7.57749986648559 6.92749977111816
-0.925000011920929 0.174999997019768 3.75250005722046 4.42250013351455 4.48999977111816 4.98999977111816 6.12249994277954 5.37750005722046 4.48999977111816 5.57499980926514 3.36500000953674 2.36500001822393 3.14000010490417 3.1875 2.95000004768372 1.22000002861023 1.51999997703514 1.15499997138977 1.57500004768372 1.85000002384186 2.21499991416931 1.95000004768372 2.84750008583069 3.50250005722046 3.63249993328527 4.30249977111816 4.85500001907349 4.97749996185303 7.46250009536743 6.93249988555908 6.46250009536743 7.35500001907349 8.14500045768601 8.71500015258789 9.49250030517578 8.76749992377828 8.4999999999988 7.01000022888619 6.64750003814697 6.74749994277954 7.33249998092651 7.53999996185303 7.65250015258789 7.76000022888184 7.88749980926514 7.34999990463257
-0.362500011920929 -0.0050000031478703 4.04250001907349 4.20499992370605 3.50999999046326 4.2350001335144 4.62249994277954 5.6875 3.10999989509582 4.51749992370605 3.53999996185303 2.07750010490417 2.5325001687891 2.28999996185303 2.90499997138977 1.27499997615814 1.63999998569489 1.49249994754791 -0.232500001788139 0.712499976158142 2.66750001907349 2.82500004768372 2.6324999332428 3.85750007629395 3.57999992370606 3.38499999046326 4.5774998664856 4.52750015258789 6.88749980926514 6.88749980926514 6.8899998664856 7.31750011444092 8.39000034332275 8.80749988555908 9.26499938964844 9.55749988555908 8.66749954223633 7.30000019073486 6.90999984741211 6.74249982833862 6.78499984741211 6.85750007629394 7.63749980926455 7.7249999046326 7.9225001335144 7.83249998092735
