SnowAccumulation_R/test/tmin/final_tmin_01_04_2009.asc
NCOLS 97 
NROWS 69 
XLLCORNER 52512.810182332 
YLLCORNER 5316225.2758522 
CELLSIZE 10000 
NODATA_value -9999 
[rows 40 to 59 of 69, columns 45 to 89 of 97]
-4.40999984741211 -4.42000007629395 -4.51999998092651 -4.53000020980835 -4.67000007629395 -4.69000005722046 -4.71000003814697 -5.44000005722046 -5.46999979019165 -5.59000015258789 -5.69999980926514 -5.75 -5.92999982833862 -6.11999988555908 -6.17999982836733 -6.26999998092651 -6.34999990463257 -6.36999988555908 -6.44000005722046 -6.57000017166138 -6.69999980926514 -6.73999977111816 -6.78999996185303 -6.80999994277954 -6.86000013351441 -7.03000020980835 -7.36000012206088 -7.40999984851907 -7.80000019073487 -8.07999992370605 -8.39000034273436 -8.5600004196167 -8.77999973297119 -8.85000038146973 -8.82999992370605 -8.85000038146973 -8.8100004196167 -8.81999969482422 -8.97999954223633 -9.48999977111816 -9.81999969482422 -10.6599998474121 -11.3900003433228 -11.6800003051758 -12.039999961853
-4.15000009536743 -4.3600001335144 -4.34000015258789 -4.42000007629394 -4.34000015258789 -4.3899998664856 -4.63000011444092 -5.32999992370605 -5.36999988555908 -5.51999998092651 -5.59000015258789 -5.65000009536743 -5.86000013351441 -6.03999996185303 -6.09999990466695 -6.21000003814697 -6.25 -6.32000017166138 -6.40999984741211 -6.5 -6.55999994277954 -6.59000015258789 -6.69000005722046 -6.78000020980835 -6.90999984741211 -6.98999977111816 -7.21999979019165 -7.34000015258789 -7.69999980926514 -7.94999980926514 -8.09000015258789 -8.36999988555908 -8.71000003814697 -8.84000015258789 -8.72000026702881 -8.92000007629395 -8.64000036301415 -8.52999973297119 -8.60999965667724 -9.34000005337722 -9.88000011444092 -10.8000001907349 -11.6800003051758 -12.0699996948242 -12.5900001525879
-4.07999992370605 -4.05000019073486 -4.03999996185303 -4.01999998092651 -4.36999988555908 -4.46000003814697 -4.57000017166138 -5.30000019073486 -5.40000009536743 -5.48999977111816 -5.57999992370605 -5.57999992370606 -5.80000019073486 -5.94000005722046 -6.01000022888184 -6.09000015258789 -6.21000003814697 -6.25000000001429 -6.32999992370605 -6.3899998664856 -6.44999980877738 -6.46999979019165 -6.63000011444092 -6.67000007738938 -6.76999998092651 -6.96000003814697 -7.32999992370605 -7.44000005722046 -7.67000007629395 -7.92000007629395 -8.02999973297119 -8.22999954223633 -8.5600004196167 -8.6899995803833 -8.81999969482422 -9.02000045776367 -9.11999988555908 -8.77000045776367 -8.65999984741211 -9.38000011444092 -10.1099996566772 -10.9799995422363 -11.4399995803833 -12.3699998855591 -13.1999998092651
-4.01999998092651 -3.99000000953674 -3.98000001907349 -4.15999984741211 -4.48999977111816 -4.55000019073486 -4.65999984741211 -5.03999996185303 -5.17999982833862 -5.40000009536743 -5.57000017166138 -5.61000013351441 -5.73000001907349 -5.8600001335144 -5.92000007629395 -6.03000020980835 -6.1399998664856 -6.21000003814697 -6.21999979019165 -6.32999992370605 -6.3499999047491 -6.46000004027621 -6.55999994277954 -6.67999982872191 -6.84999990463257 -7.1100001335144 -7.23999977111816 -7.36999988555908 -7.6100001335144 -7.86999988555908 -8 -8.18000030517578 -8.42000007629395 -8.5600004196167 -8.73999977111816 -8.89999961853027 -9 -9.39000034332275 -9.65999984741211 -9.94999980926514 -10.4200000762939 -11.1700000762939 -11.5699996948242 -12.3800001144409 -12.9799995422363
-3.78999996185303 -3.77999997138977 -4.07000017166138 -4.23000001907349 -4.28999996185303 -4.55000019073486 -4.67000007629395 -4.90000009536743 -5 -5.23000001907349 -5.40999984741211 -5.48999977111816 -5.65000009536743 -5.80999994277954 -5.86999988555908 -6 -6.13000011444092 -6.19000005722046 -6.21000003814697 -6.34000015258789 -6.40999984963355 -6.55000019073486 -6.78999996185303 -6.88000011444092 -7.07000017166138 -7.09999990463257 -7.17999982833862 -7.32999992370605 -7.48999977111817 -7.61000013388137 -7.94000005722046 -8.14999961853027 -8.26000022888184 -8.4399995803833 -8.65999984741211 -8.76000022888184 -8.97999954223633 -9.52000044919668 -10.1099996114289 -10.4200000762939 -10.7200002670288 -11.3299998381719 -11.6400003433228 -12.2600002288818 -12.6899994344001
-3.6800000667572 -3.90000009536743 -3.92000007629395 -3.95000004768372 -4.15000009536743 -4.3600001335144 -4.61000013351441 -4.65000009536743 -4.84000015258789 -5.13000011444092 -5.3899998664856 -5.51999998092651 -5.61999988555908 -5.76999998092651 -5.84000015258789 -5.98000001907349 -6.09999990463257 -6.17000007647849 -6.32000017319862 -6.46999979019165 -6.5 -6.69000005722046 -6.88000011444092 -6.96000003814697 -7.05999994277954 -7.23000001907349 -7.28999996185303 -7.48000001907349 -7.44999980926514 -7.55000019073486 -7.80000019073486 -8.0600004196167 -8.1899995803833 -8.56999969482422 -8.77999973297119 -8.85999965667725 -9.32999990612179 -9.71000003814697 -9.97999954223633 -10.5100002288818 -11.1000003814697 -11.4399995803833 -11.7200002670288 -12.1999998092651 -12.3699998855591
-3.82999992370605 -3.82999992370605 -3.91000008583069 -3.95000004768372 -3.94000005722046 -3.84999990463257 -4.65000009536743 -4.3299999237126 -4.84000015258789 -5.15000009536743 -5.3899998664856 -5.53999996185303 -5.6399998664856 -5.71000003814697 -5.75 -5.99999999985145 -6.28000020980835 -6.34999990463257 -6.40000009536743 -6.51999998092651 -6.59999990463257 -6.78999996185303 -6.94000005722046 -7 -7.03999996185303 -6.98999977111816 -7.07999992370605 -7.28999996185303 -7.40999984741211 -7.53000020980835 -7.76999998092651 -8.03999996185303 -8.1899995803833 -8.63000011444092 -8.85999965667725 -9.09000015258789 -9.5 -9.76000022888184 -10.0100002288818 -10.6199998855591 -11.1599998474121 -11.3800001144409 -11.8599996566772 -12.0900001525879 -12.2600002288818
-4.03000020980835 -3.86999988555908 -4.01999998092651 -4.05000019073486 -4.19999980926514 -4.32999992370605 -4.82000017166138 -4.34000015259715 -4.94999980926514 -5.19000005722046 -5.30000019075786 -5.55000019073486 -5.59000015262945 -5.59999990469513 -5.82000017166138 -6.17999982833862 -6.21000003810329 -6.19999980926514 -6.44000005722046 -6.63999986648559 -6.71999979019165 -6.90000009536743 -6.92000007629395 -6.94000005722046 -6.94999980926514 -6.94999980926514 -7.03000020980835 -7.19000005722046 -7.46000003814697 -7.59000015258789 -7.73999977111816 -7.98000001861266 -8.14999961853027 -8.5600004196167 -8.71000003814697 -9.17000007629395 -9.55000019073486 -9.68000030517578 -10.0299997329712 -10.460000038147 -10.7399997711182 -11.3299999237061 -11.8599996566772 -12.0299997329712 -12.1099996566772
-3.84999990463257 -3.9300000667572 -4.05000019073486 -4.26000022888184 -4.28000020980835 -4.82000017166138 -5.11000013351441 -4.69999980927184 -5.11000013351441 -5.21999979019505 -5.30999994280947 -5.59000015258789 -5.82000017166138 -5.78000020984074 -5.98000001907349 -6.09000015258789 -6.11999988552624 -6.07999992370606 -6.38000011444092 -6.53000021012109 -6.69000005722046 -6.84999990463257 -6.86000013342689 -6.8600001335144 -6.90999984741211 -6.9299998287194 -7.05999994277954 -7.21999979019165 -7.34000015258789 -7.51999998092651 -7.71000003814697 -7.78000020980835 -8.11999988555908 -8.4399995803833 -8.64999961853027 -9.09000015258789 -9.48999977111816 -9.53999996185303 -9.93000030517578 -10.3500003814697 -10.5900001525879 -11.1599998474121 -11.6899995803833 -11.8400001525879 -12.0699996948242
-3.76999998092651 -4.03000020980835 -4.21999979019165 -4.46999979019165 -4.76999998092651 -4.98000001907349 -5.21999979019165 -6.38999986648559 -5.73000001907349 -5.48999977111816 -5.75 -5.86999988555908 -5.92000007629394 -5.8600001335144 -5.8600001335144 -5.96999979019165 -6 -5.98000001907349 -6.3600001335144 -6.48000001907349 -6.71000003814697 -6.82999992370605 -6.94999980926514 -6.94000005722046 -6.96000003814697 -7 -7.01999998092651 -7.09999990463257 -7.19000005722046 -7.32000017166138 -7.53999996185303 -7.65999981874642 -7.8899998664856 -8.27999973297119 -8.51000022888183 -8.89000034332275 -9.22000026702881 -9.32999992370605 -9.75 -10.2600001794292 -10.4899997711182 -10.8699998855591 -11.3199996080766 -11.5 -11.7299995422363
-3.70000004768372 -3.97000002861023 -4.42000007629395 -4.96999979019165 -5.63000011444092 -5.42999982833862 -5.40999984741211 -6.71000003814697 -6.21000003814697 -5.76999998092651 -5.8600001335144 -5.53999996185303 -5.55000019073486 -5.51000022888184 -5.55999994277954 -5.73000001907349 -5.6399998664856 -5.8899998664856 -6.32000017166138 -6.51999998092651 -6.80000019073486 -6.98000001907349 -7.03999996185303 -7.21999979019165 -7.05999994277954 -7.07000017166138 -6.96999979019165 -6.96000003814697 -6.96999979019165 -7.17999982833862 -7.36000010392062 -7.32999992370605 -7.67000007629394 -8.07999992072111 -8.28999996185303 -8.67000007629395 -8.85000038146973 -9.14999961853027 -9.47999954223633 -9.77000045776367 -10.1599998474121 -10.5200004577637 -10.7600002288818 -11.1300001144409 -11.1000003814697
-3.32999992370605 -3.86999988555908 -4.3600001335144 -5.3600001335144 -6.90999984741211 -6.98000001907349 -6.73999977111816 -6.65000009536743 -5.86999988555908 -5.30999994277954 -5.34000015258789 -5.11999988555908 -5.01000022888184 -5.15000009536743 -5.13999986648559 -5.25 -5.40999984741211 -5.84000015258789 -6.34000015258789 -6.5 -6.8600001335144 -7.09000015258789 -7.21999979019165 -7.34999990463257 -7.17999982833862 -7.01000022888184 -6.88000011444092 -6.82000017166138 -6.86000013351441 -7.05999990493249 -6.82000017223195 -7.15000009536743 -7.51999998092651 -7.6399998664856 -8.02000045776367 -8.38000011444092 -8.59000015258789 -8.84000015258789 -9.10000038146973 -9.3100004196167 -9.76000022888184 -10.0900001525879 -10.3100004196167 -10.3500003814697 -10.7099999309797
-3.21000003814697 -3.40000009536743 -3.94000005722046 -6.09000015258789 -6.01000022888184 -5.88000011444092 -5.67999982833862 -5.69999980926514 -5.21000003814697 -4.8600001335144 -4.80999994277954 -4.75 -4.69000005722046 -4.67000007629395 -4.76000022888184 -5.03999996185303 -5.21000003814697 -5.73000001907349 -6.23000001907349 -6.38000011444092 -6.78000020980835 -7.15999984741211 -7.28000020980835 -7.26999998092651 -7.19999980889848 -6.98000001907349 -6.76999998092651 -6.71999979019165 -6.48999977111816 -6.5 -6.6100001335144 -6.94999980926514 -7.3899998664856 -7.51000022888184 -7.84999990463257 -8.23999977111816 -8.36999988555908 -8.75 -8.97000025955315 -9.02000045776367 -9.30000019073486 -9.48999977111816 -9.92999989588818 -10.0699996948242 -10.25
-2.48000001907349 -2.54999995231628 -3.24000000953674 -4.69999980926514 -5.05000019073486 -4.90999984741211 -4.80000019073486 -4.80999994277954 -4.67999982833862 -4.51999998092651 -4.44999980926514 -4.46000003814697 -4.48000001907349 -4.51000022888184 -4.67999982833862 -4.94000005722046 -5.09000015258789 -5.55000019073486 -5.80000019119503 -6.21999979019165 -6.63000011444092 -6.84999990550251 -7.28999996185303 -7.11000013351441 -6.96999979019165 -6.92999982833862 -6.73999975029605 -6.46999979019165 -6.26999998092651 -6.38999986648559 -6.53999996185303 -6.96999979019165 -7.40000009536743 -7.48999977111816 -7.80999994277954 -7.9200000732936 -8.0600004196167 -8.31999969482422 -8.60000038146973 -8.71000003814697 -8.9399995803833 -9.14000020136735 -9.34000015258789 -9.59000015258789 -9.80000019073486
-2.29999995231628 -2.3199999332428 -2.97000002861023 -3.53999996185303 -3.88000011444092 -4.19000005722046 -4.1100001335144 -4.28999996185303 -4.26999998092651 -4.23999977111816 -4.19000005722046 -4.30999994277954 -4.3600001335144 -4.42999982833862 -4.59999990463257 -4.71999979028902 -4.96999979019165 -5.42000007629395 -5.65000009577124 -6.05999994277954 -6.42000007629395 -6.59000015258789 -6.84999990463257 -6.63000011444092 -6.55000019073486 -5.92000007629395 -5.88000011444092 -6.05999994277954 -6.15999984741211 -6.17999982833862 -6.44999980926514 -6.82000017166138 -6.92999982833862 -7.30999994277954 -7.53000020980835 -7.67000007629395 -7.75 -7.94999980926514 -8.11999988555908 -8.3100004196167 -8.77000022372339 -8.65999984741211 -9.02000045776367 -9.31000037147436 -9.39000034332275
-2.29999995231628 -2.39000010490417 -2.72000002861023 -3.09999990463257 -3.11999988555908 -3.39000010490417 -3.60999989509583 -3.64000010490418 -3.82999992370605 -3.99000000953674 -3.94000005722046 -4.17000007629395 -4.46000003814697 -4.42000007629395 -4.46000003814697 -4.55999994288525 -4.84000015258789 -5.19000005722046 -5.3899998664856 -5.78999996185303 -6.07000017166138 -6.19000005722046 -6.34999990463257 -6.05000017641638 -5.46999979019165 -5.28000020980835 -5.44999980926514 -5.76000022888184 -5.42999982833862 -5.57999992483063 -5.88000011444092 -6.3600001335144 -6.5 -6.88000011444092 -7.32999992370605 -7.36999988555908 -7.57999992370605 -7.69000005722046 -7.76999998092651 -7.86000006492745 -7.8600001335144 -8.31999969482422 -8.64000034332275 -8.86999988555908 -9.10999965667724
-2.32999992370605 -2.42000007629395 -2.47000002861023 -2.52999997138977 -2.67000007629395 -2.82999992370606 -3.15000009536743 -3.25999999046326 -3.42000007629395 -3.71000003814697 -3.8199999332428 -3.89000010490417 -4.05000019076808 -4.28999996185303 -4.42999982833862 -4.55000019073486 -4.73000001907349 -5.01999998092651 -5.15999984741211 -5.44000005722046 -5.6399998664856 -5.71000003034084 -5.30000019073486 -5.05999994277954 -4.96000003814697 -4.98999977111816 -4.94999980974282 -5.25 -5.13000011444092 -5.17999982833862 -5.51999998092651 -5.96000003814697 -6.23999977111816 -6.57999992370605 -7.05999993828937 -7.15000009536743 -7.19000005722046 -7.28999996185303 -7.46000084545691 -8.82749938964844 -9.19499969482422 -9.32499980926514 -9.34749984741211 -9.59749984741211 -9.84749984741211
-2.74000000953674 -2.63000011444092 -2.22000002861023 -2.21000003814697 -2.33999991416931 -2.55999994277954 -2.84999990463257 -3.01999998092651 -3.13000011444092 -3.39000010490417 -3.55999994277954 -3.69000005722046 -3.83999991416931 -3.99000000953674 -4.48000001907349 -4.55999994277954 -4.67999982833862 -4.8899998664856 -4.98000001907349 -5.15999982542458 -3.1175000667572 -3.32750010490417 -3.5625 -3.8074998877875 -4.25 -4.7975001335144 -4.91499996185303 -5.57250022888184 -6.48000001907349 -6.74499988555908 -7.3274998664856 -7.52500009536743 -7.86250019073486 -8.48499965667725 -8.53999996185303 -8.10000038146972 -8.48999977111816 -8.5599993532546 -8.71249961853027 -9.00500011444092 -9.17749977111817 -9.07499980926514 -9.01749992370605 -9.85000038146973 -9.90250015258789
-2.1949999332428 -2.25500011444092 -2.51999998092651 -2.55749988555908 -2.57999992370605 -2.72250008583069 -2.67750000953674 -2.61999988555908 -2.73250007629395 -2.46000003814558 -2.46499991416931 -2.90000009536743 -2.98749995231628 -2.85500001907349 -3.22250008583069 -3.20749998092651 -2.83750009536743 -2.88249993313793 -2.76999998092651 -2.8125 -2.85249996217509 -3.12750005722046 -3.86500000953674 -3.72000002861023 -4.11250019073486 -4.61749982833862 -4.25250005722046 -5.65500020980835 -5.94000005722046 -6.09999990463257 -7.15000009536743 -7.03499984979742 -7.62249994277954 -8.47749996185303 -8.52500057220459 -8.55249977111816 -8.09749998119349 -8.27250003814697 -8.60999965667725 -8.83500003814697 -8.99249935150146 -8.60249996185303 -8.69499969482422 -9.70250034332275 -9.97250080108643
-2.19000005722046 -2.30999994277954 -2.42750000953674 -2.57500004768372 -2.58750009536743 -2.51999998092651 -2.54500007629395 -2.69000005722046 -2.52749991416931 -2.48749995232096 -2.52999997138977 -2.26250004768372 -2.26999998092651 -2.60999989509582 -3.13249993293863 -3.30999994264009 -2.95749998092651 -3.0074999332428 -2.99000000953674 -3.15249991416931 -3.22499990463257 -3.25999999046326 -3.5074999332428 -4.02750015258789 -4.00250005722046 -4.51749992370605 -4.65500020980835 -5.27250003814697 -5.84250020841171 -5.69250011444092 -6.69500017166138 -6.95749998092651 -7.5475001335144 -8.38999938964844 -8.43499946594238 -8.43750001980059 -8.37499999888117 -8.38000011444092 -8.46500015258789 -8.64750003814697 -8.97749996185303 -8.70250034332275 -8.67999935150146 -9.26500034332275 -9.27250003814697
