SnowAccumulation_R/test/tmin/final_tmin_03_04_2009.asc
NCOLS 97 
NROWS 69 
XLLCORNER 52512.810182332 
YLLCORNER 5316225.2758522 
CELLSIZE 10000 
NODATA_value -9999 
[rows 40 to 59 of 69, columns 0 to 45 of 97]
-9999 -9999 -1.74000000953674 -10.9099985005896 -11.3800000028161 -10.8199996948242 -11.3000001907349 -8.89999961853027 -8.72000026702881 -4.46000003814697 -10.710000038147 -8.40999984741211 -10.5 -11.0299997329712 -11.1499996185303 -11.1899995803833 -10.8000001907349 -7.90000009536743 -7.36999988555908 -7.19000005722046 -6.67000007629394 -7.13000011444092 -4.73999977537644 -4.38999986758516 -4.69000005722046 -4.92999982811153 -4.92999982656394 -4.90000009536743 -5.42999982833862 -5.73999977111816 -5.69999980926514 -5.51999998092651 -5.32000017166138 -5.26000022888184 -4.94999980926514 -5.34000015258789 -5.15999984741211 -5.21000003814697 -5.07000017166138 -5.15000009536743 -5.09999990463257 -5.07999992370606 -5 -4.96999979019165 -4.78999996185303 -4.57999992370605
-9999 -9999 -1.24000000953674 -9.25 -9.95999985300767 -10.4799995422363 -9.27000045776367 -10.7700004577637 -10.0699996948242 -5.17999982833862 -10.3500003814697 -10.0699996948242 -9.57999992370605 -10.789999961853 -10.8699998855591 -10.9099998474121 -10.6099996566772 -10.5100002288818 -6.92000007629395 -6.34999990463257 -6.2100000387364 -5.76000023085047 -4.96999979019165 -4.82999992370605 -4.84000015258789 -4.57999992370605 -4.5700001716776 -4.76000022888184 -4.90000009536743 -5.21000003814697 -5.30000019073486 -5.26999998092651 -5.13000011444092 -4.96999979019165 -5.36999988555908 -5.40999984741211 -5.23000001907349 -5.3600001335144 -5.67999982833862 -5.67999982833862 -5.80000019073486 -5.73000001907349 -5.34000015258789 -5.38000011444092 -4.98999977111816 -4.78000020980835
-9999 -9999 -1.51999998092651 -8.11999988555908 -9.85000038146973 -9.93000067898655 -10.539999961853 -9.84000015258789 -9.52999962425832 -6.71999979019165 -9.48999977111817 -6.50000005516418 -7.73999977111816 -10.2600002288818 -10.3599996566772 -10.8000001907349 -10.039999961853 -10.6800003029824 -6.4000001154929 -6.1999998103493 -6.01999998092651 -5.80999994277954 -5.13000011444092 -4.98000001926497 -4.8200001720787 -4.53999996185303 -4.65999984741211 -4.57999992370605 -4.73000001907349 -4.88000011444092 -5 -4.96999979019165 -5 -4.90000009536743 -5.26000022888184 -5.34000015258789 -5.57999992370606 -5.80000019073486 -6.19999980926514 -6.61999988555908 -6.30000019073486 -5.98000001907349 -5.71999979019165 -5.51000022888184 -5.09999990463257 -4.92999982833862
-9999 -9999 -5.05000019073486 -8.51000022888184 -8.52000045776367 -9.9399995803833 -9.36999988555908 -9.81999969482422 -6.96999979019165 -8.85000038146973 -6.61999988555908 -9.06999969482422 -10.1800003051758 -10.5 -9.85999965667725 -10.3699998855591 -9.52999973297119 -10.1499996185303 -6.38999986648559 -6.17000007629395 -5.94000005722046 -5.82999992370605 -5.19999980926514 -5.03000020980835 -4.96999979019165 -4.65000009536743 -4.61999988555908 -4.23999977111816 -4.69000005722046 -4.80999994277954 -4.94000005722046 -4.90999984741211 -4.92999982833862 -5.09999990463257 -5.1100001335144 -5.26000022888184 -5.71000003814697 -6.01000022888184 -6.55000019073486 -7.92999982833862 -6.8899998664856 -6.30000019073486 -6.11999988555908 -5.57999992370605 -5.34000015258789 -4.98000001907349
-9999 -9999 -1.10000002384186 -7.30999994277954 -8.06999969482422 -10.0100002288818 -8.4399995803833 -9.52000089369181 -5.34999990463257 -6.05999994277954 -3.24000000953674 -6.44999980926514 -8.35999965667725 -9.23999977111816 -10.25 -9.97999954223633 -9.22000026702881 -9.59000015258789 -6.34999990463257 -5.94999980926514 -5.94999980926514 -5.78000020980835 -5.48000001907349 -5.09999990463257 -5.09000015258789 -4.73000001907349 -4.6399998664856 -4.63999986634792 -4.63999986648559 -4.80000019073486 -5.01000022888184 -4.98000001907349 -4.92999982833862 -4.86999988555908 -4.76999998092651 -5.3600001335144 -5.59000015258789 -5.96000003814697 -6.3600001335144 -6.6100001335144 -6.53000020980835 -6.26000022888184 -6.03999996185303 -5.84000015258789 -5.59999990463257 -5.23000001907349
-9999 -9999 -0.649999976158142 -6.8600006621184 -8.84000015258789 -9.21000003814697 -9.40999985986292 -8.9399995803833 -8.9499994082541 -8.18999952959465 -3.03999996185303 -6.73999977111816 -8.44999981344869 -10.0200004577637 -10.3599996566772 -9.39999961853027 -8.73999977111816 -8.85999965667725 -6.1100001335144 -5.75 -5.73999977111816 -5.55999994277954 -4.94000005722046 -4.59999990463257 -4.75 -4.6399998664856 -4.44000005722046 -4.8400001523998 -4.98000001894249 -4.88000011444092 -4.78999996185303 -4.73000001907349 -4.92999982833862 -4.84000015258789 -4.82999992370605 -5.38000011444092 -5.25 -5.76999998092651 -6.17999982833862 -6.19000005722046 -6.23999977111816 -6.07999992370605 -5.90000009536743 -5.78000020980835 -5.51999998092651 -5.21000003814697
-9999 -9999 -0.140000000596046 -8.28999996185303 -7.76999998092651 -7.19000005722046 -7.98999977111816 -8.85000038146972 -9.23999977111816 -5.60999964273184 -2.84999990463257 -6.69999980926514 -8.69999980926514 -9.72000026702881 -9.53999996185303 -9.55000019073486 -8.60000038146972 -9.0600004196167 -9.22999954223633 -5.1100001335144 -4.98000001907349 -4.98999977111816 -4.51999998092651 -4.51000022888184 -4.42999982865855 -4.42999982833862 -4.57999992322729 -4.88000011444092 -5.23999977111816 -4.86999988555908 -4.73999977111816 -4.71999979019165 -4.76999998092651 -4.82000017166138 -4.90000009536743 -5.51000022888184 -5.32999992370605 -5.82000017166138 -6.13000011444092 -6.28000020980835 -6.28000020980835 -5.96999979019165 -5.86000013351441 -5.71000003814697 -5.25 -5.19000005722046
-9999 -9999 0.349999994039536 -7.71999979019165 -6.26999998092651 -6.76000022888184 -7.01999998092651 -8.94999980926514 -8.06999969482422 -3.59999990463257 -2.16000001480375 -5.67999982833862 -8.69999980926514 -9.35999965667725 -8.89000034332275 -9.14000034332275 -8.15999984741211 -7.76999998092651 -4.86000033673362 -4.80000019073486 -4.65000009536743 -4.42000007629394 -4.40000009536743 -4.40000009536743 -4.36000013354118 -4.42000007616631 -4.44999980926514 -4.67000007629395 -4.76000022888184 -4.6399998664856 -4.6100001335144 -4.8600001335144 -4.69000005722046 -4.76999998092651 -5.11000013351441 -5.48999977111816 -5.48999977111816 -5.92999982833862 -6.25 -6.55000019073486 -6.07999992370606 -5.84999990463257 -5.76000022888184 -5.40999984741211 -5.26999998092651 -5.23000001907349
-9999 -3.85999989509582 0.469999998807907 -4.96999979019165 -6.98999990767194 -6.07999992370606 -8 -8.22000013502165 -5.88000011444092 -2.3199999332428 -1.6900000540112 -5.61999956143606 -8.94999980926514 -8.28999996185303 -7.76000022888184 -8.57999992370605 -7.57000017166138 -7.61999988555908 -8.43000030517578 -4.59999990463257 -4.21000003814697 -4.21000003814697 -4.19000005722046 -4.19000005722046 -4.17999982833862 -4.32999992370605 -4.42000007629395 -4.40000009536743 -4.3899998664856 -4.75 -4.53000020982295 -4.73000001907349 -4.57000017169721 -4.88000011444092 -5.55000019073486 -6.03000020980835 -5.55999994277954 -5.57999992370605 -6.01000022888184 -6.32000017166138 -5.78000020980835 -5.76999998092651 -5.51000022888184 -5.40999984741211 -5.32000017166138 -5.34999990463257
-9999 -1.05999994277954 0.449999988079071 -6.23999977111816 -5.92999982833862 -6.96999979019165 -4.59999990463257 -4.69999980926514 -3.76999998092651 -1.73000001907349 -1.47000002861023 -1.77999997138977 -8.44999973792947 -5.65000009624436 -5.67000007629395 -7.26000022888184 -7.34999966773903 -5.94000005722046 -7.42999982833862 -3.84999990366581 -3.89000010490417 -3.89000010490417 -4.01000022888184 -4.03000020980835 -3.99000000953674 -4 -4.21999979019165 -4.23000001907349 -4.21000003814697 -4.28999996197648 -4.09000015258789 -3.90000009536743 -4.21000003814697 -4.61999988555908 -5.32000017166138 -5.67999982833862 -5.46999979019165 -5.59999990463257 -5.76000022888184 -5.82000017166138 -5.65000009536743 -5.63999986648559 -5.5 -5.40999984741211 -5.32000017166138 -5.69000005722046
-9999 -6.6399998664856 -3.05999877880261 -5.28999996185303 -7.90999984741211 -7 -7 -6.75 -5.63000011444092 -3.28999996185303 -2.26999998092651 -1.98000001907349 -3.96000003814697 -4.8600001335144 -5.36999988555908 -7.03999996185303 -6.44000005722046 -5.46999979019165 -6.17000007629395 -3.82999992466094 -3.82999992370605 -3.76999998092651 -4 -3.97000002861023 -3.76999998092651 -3.89000010490417 -3.99000000953674 -3.94000005758874 -3.94000005722046 -4.0799999237472 -3.94000005722046 -3.70000004768372 -4.01999998092651 -4.3600001335144 -4.65000009536743 -5.05000019073486 -5.32999992370605 -5.57000017166138 -5.61000013351441 -5.67000007629395 -5.5 -5.48999977111816 -5.51000022888184 -5.46999979019165 -5.34000015258789 -5.78999996185303
-9999 -4.99000042004647 0.990000009536743 -4.57000017166138 -7.36999988555908 -5.71000003814697 -5.65000009536743 -6.40999984741211 -6.78000008602765 -2.71000003814697 -3.27999997138977 -4.42999982833862 -2.33999991416931 -4.28000020980835 -5.96999979019165 -4.36000008453807 -6.8899998664856 -5.96999979019165 -7.67999982833862 -3.85999989509583 -3.85999989594928 -3.90000009536743 -4.13000011444092 -4.17000007629395 -3.82999992384246 -3.82999992370605 -3.99000000953674 -3.91000008583069 -3.93000006673829 -4.26999998092651 -3.95000004768372 -3.79999995231628 -3.97000002861023 -4.19999980926514 -4.42999982833862 -4.78999996185303 -4.96000003814697 -5.21999979019165 -5.42999982833862 -5.23999977111816 -5.19000005722046 -5.1399998664856 -5.3899998664856 -5.3899998664856 -5.3899998664856 -5.71999979019165
-9999 -5.53999996185303 0.479999989271164 -1.38999998569489 -6.28000020980835 -4.05000019073486 -5.42000007629395 -5.84999990463257 -5.28999996185303 -3.25 -5.94999980926514 -4.63000011444092 -3.33999991416931 -2.03999996185303 -3.08999991416931 -4.5 -6.63000008521973 -6.40000009536743 -7.32999992370605 -5 -3.88000010603073 -4.32999992370605 -4.30999994277954 -4.34000015258789 -4.17000007629395 -4.1100001335144 -4.05999994277954 -3.97000002861023 -3.91000008583069 -3.85999989509582 -3.89000010488955 -3.75000000004696 -3.76999998092651 -3.98000001907349 -4.24999999998745 -4.48000001907349 -4.76999998092651 -5.11999988555908 -5.15999984741211 -4.98000001907349 -4.86999988555908 -4.88000011444092 -5.19999980926514 -5.13999986648559 -5.53000020980835 -5.55000019073486
-9999 -5.13999986648559 -5.69999980926514 0.81999908687356 -5.67999982833862 -2.92000007629395 -4.03000020980835 -5.53999996185303 -4.53000020980835 -3.51999998092651 -5.25 -4.03999996185303 -3.40000009536743 -1.94000005722046 -3.15000008997725 -3.97000002861023 -5.3899998664856 -5.76000022888184 -6.13000011444092 -6.03999996185303 -4.07999992370605 -4.19000005722046 -4.23000001993617 -4.26000022888184 -4.21000003814697 -4.30999994277954 -4.07000017166138 -4.09000015258789 -4.21000003814697 -3.71000003814697 -3.75999999048275 -3.77999997138977 -3.97000002861023 -3.95000004768372 -4.0999999046262 -4.17999982833862 -4.3600001335144 -4.48000001907288 -4.5 -4.61999988555908 -4.69000005722046 -4.8600001335144 -4.92999982833862 -4.8600001335144 -5.21000003814697 -5.21000003814697
-9999 -4.8600001335144 -3.34999990463257 0.46000000834465 -1.5 -2.94000005722046 -3.46000003814697 -4.32000017166138 -3.69000005722046 -3.40000009536743 -5.32999992370605 -4.05999994277954 -3.24000000953674 -2.23000001907349 -2.54999995231628 -4.96000003814697 -5.65000009536743 -6.65999984741211 -6.09000015258789 -6.7099999772428 -5.96000003855613 -4.19000012097833 -4.26999998092651 -4.51000022888184 -4.51000022888184 -4.3899998664856 -4.25 -4.38000011444092 -4.69999980926514 -4.42000007640431 -3.82999992370605 -3.92000007629395 -4.36999988555908 -4.19000005722046 -4.07999992370605 -4.07000017166138 -4.17999982833862 -4.24999999999951 -4.30000019073486 -4.40999984741211 -4.53000020980835 -4.67000007629395 -4.73000001907349 -4.75 -4.76999998092651 -4.84999990463257
-9999 -4.44999969004449 -3.71000003814697 -1.9099999666214 0.980000019073486 -2.91000008583069 -1.71000003814697 -3.21000003814697 -4.1100001335144 -4.67999982833862 -4.53000020980835 -4.1100001335144 -3.91000008583069 -2.32999992370605 -1.92999994754791 -4.94000005722046 -5.09999990463257 -6.23000001907349 -5.53000020980835 -4.42000007629395 -5.96999979019165 -6.32000016372025 -6.92999982833862 -4.7399997731551 -4.84000015258789 -5.05000019073486 -4.78000020980835 -4.80000019073486 -4.65000009509203 -4.75 -4.55000019073486 -4.53000020980835 -4.34000015258789 -4.17999982833862 -4.26999998092651 -4.19000005722046 -4.05999994277954 -4.09999990463228 -4.09999990463257 -4.21000003814697 -4.28000020980835 -4.5 -4.42000007629395 -4.40999984741211 -4.42999982833862 -4.51999998092651
-9999 -5.38250017166138 -5.73250007629394 -4.25750017166138 -1.46749979493908 -2.85500001907349 -1.88999998569489 -2.95000004768372 -3.16000008583069 -3.60999989509583 -3.28999996185303 -4.65000009536743 -5.09000015189777 -2.78999996185303 -1.71000003814697 -3.41000008583069 -5.44000005722046 -6.26000022888184 -5.42000007629395 -3.91000008583069 -6.05000019073486 -6.57000017166138 -6.71000003814697 -4.90999984741211 -4.65999984741211 -5.09000015258789 -4.84999990463257 -5.23000001907349 -5.1100001335144 -5.15000009536743 -4.92000007629395 -4.88999986648559 -4.69000005722046 -4.09999990463257 -4 -4.03999996185303 -4 -4.03999996185303 -4 -4.03999996185303 -4.11000013351438 -4.1100001335144 -4.15000009536743 -4.19000005722051 -4.21999979019165 -4.19999980926514
-9999 -5.23000001907349 -6.38500022888184 -5.65000009536743 -2.71499991416931 -0.332500010728836 -4.51499986648559 -4.0549999393798 -6.94999980926514 -5.19750022888184 -4.96500015258789 -4.85750007629395 -6.82499980926514 -4.86250019073486 -0.832499980926514 -6.0999998655986 -7.86999988555908 -6.13749980926514 -5.54250001907349 -3.67000007629395 -4.44250011444092 -7.34749984741211 -7.63500022888184 -5.45499992370605 -6.19000009351951 -5.82000017166138 -5.55999994277954 -6.40000009536743 -5.96000003814697 -5.48000001907349 -5.32000017166138 -4.76999998092651 -4.57000017166138 -4.19999980926514 -4.23000001907349 -4.34000015258789 -3.99000000953674 -3.95000004768372 -4.01000022888184 -4.01000022888184 -4.23000001907332 -4.15999984741211 -4.30999994277954 -4.32000017166139 -4.32999992370605 -4.21000003814697
-9999 -2.85999989509583 -4.14750065971341 -7.00750017166138 -3.92750000953674 -0.6875 -2.84249997138977 -4.96999979019165 -6.95749998092651 -4.8899998664856 -4.51499985919334 -4.99749994277954 -6.34749984741211 -5.47499990463257 -1.5974999666214 -2.77749991416931 -5.79250001907349 -6.19999980926514 -5.55000019846381 -4.5475001335144 -3.97749996185303 -6.42500019073486 -7.27750015258789 -6.82250022888184 -7.73999977111816 -9.61750030517578 -4.07999992378341 -4.34499979048978 -4 -4.4225001333831 -4.53000020980835 -4.45249986648559 -4.18499994277954 -4.06750011444092 -4.38749980926514 -4.3274998664856 -3.90499997138977 -3.6175000667572 -3.43499994277954 -3.49000000953674 -5.96999979018867 -4.86250019073486 -4.35249996185303 -4.40000009536766 -4.40250015258789 -4.37750005722046
-9999 -2.87750005722046 -5.30749988555908 -6.4375 -3.76500010490417 -0.669999948938371 -0.800000011920929 -2.92000007629395 -5.13250017166138 -4.17749977111816 -3.80250000953674 -5.65749979019165 -5.51249980926514 -4.09250020980835 -3.73749995231628 -1.70000004768372 -2.30250000953674 -7.59000015258789 -7.3125 -5.42000007629395 -4.23250007629395 -4.16499997729816 -7.11499977111816 -7.73750019073486 -8.07999992370605 -6.77500009536743 -5.29250001907349 -5 -5.23999977111816 -4.79750013366038 -4.59499979019165 -4.47249984741211 -4.2649998664856 -4.28499984741211 -4.13500022888184 -4.25750017166138 -4.3600001335144 -3.72250008583069 -3.94250011444092 -3.87249994277954 -5.46000003814656 -5.17000007629395 -5.1875 -5.27500009536743 -5.49749994277954 -4.32250022888184
