SnowAccumulation_R/test/tmin/final_tmin_27_04_2009.asc
NCOLS 97 
NROWS 69 
XLLCORNER 52512.810182332 
YLLCORNER 5316225.2758522 
CELLSIZE 10000 
NODATA_value -9999 
[rows 0 to 19 of 69, columns 0 to 45 of 97]
-9999.000000000000000 -9999 -9999 -9999 -9999 -9999 -9999 -9999 -9999 -9999 -9999 -9999 -9999 -9999 -9999 -9999 -9999 -9999 -9999 -9999 -9999 -9999 -9999 -9999 -9999 -9999 -9999 -9999 -9999 -9999 -9999 -9999 -9999 -9999 -9999 -9999 -9999 -9999 -9999 -9999 -9999 -9999 -9999 -9999 -9999 -9999
-9999 -9999 -9999 -9999 -9999 -8.14999961853027 -9.0600004196167 -9.27999973297119 -9.43000030517578 -8.22000026702881 -8.18000030517578 -7.6100001335144 -6.98999967015556 -5.94000005722046 -6.34999990463257 -6.3899998664856 -6.15999984741211 -6.26999998092651 -6.38999986713827 -9999 -9999 -9999 -9999 -9999 -9999 -9999 -9999 -9999 -9999 -9999 -9999 -9999 -9999 -9999 -9999 -9999 -9999 -9999 -9999 -9999 -9999 -9999 -9999 -9999 -9999 -9999
-9999 -9999 -9999 -9999 -9999 -10.8400001525879 -10.460000038147 -9.71000003814697 -9.19999980926514 -7.96000003814697 -7.6399998664856 -6.55999994277954 -6.03999996185303 -6.15000010970861 -6.53000020980835 -6.15999984741211 -6.11999988555908 -6.26000022888184 -6.40000009536743 -6.63999985701685 -6.90000009536743 -6.94999980926514 -6.8600001335144 -6.59000015258789 -6.44999980926514 -6.15999984741211 -6.15999984741211 -6.38999986648559 -6.6399998664856 -6.86000013351441 -7.01999998092651 -7.30999994277954 -7.53000020980835 -7.51999998092651 -7.46000003814697 -7.32000017166138 -7.32000017166138 -7.30000019073486 -7.40999984741211 -7.48999977111816 -7.69000005722046 -7.90999984741209 -8.01000022888184 -8.26000022888183 -8.27999973297119 -8.22999954223633
-9999 -9999 -9999 -9999 -9999 -9.94999980926514 -9.0600004196167 -8.82999992370605 -8.62999994724423 -7.44000005722046 -7.09999990463257 -6.98000001907349 -6.32999992370605 -6.55999994277954 -6.65999984741211 -6.46999979019165 -6.40000009536743 -6.46000003814697 -6.40999984741211 -6.55000019087893 -6.6399998664856 -6.69999980926514 -6.59000015258789 -6.3899998664856 -6.21000003827662 -6.13000011444092 -6.21000003814697 -6.44000005722046 -6.75 -6.82000017166138 -6.98000001907349 -7.28000020980835 -7.59000015258789 -7.71000003814697 -7.67000007629395 -7.46999979019165 -7.38000011444092 -7.38000011444092 -7.53999996185303 -7.59999990463257 -7.76999998092651 -8.02999973297104 -8.22000026702881 -8.42000007629394 -8.40999984741211 -8.25
-9999 -9999 -9999 -9999 -9999 -9.30000019073486 -8.85000038146973 -8.30000025215546 -7.92000007629394 -7.68999998490749 -7.07000017166138 -6.80000019073486 -6.61999988555908 -6.48000001907349 -6.42999982795924 -6.38000011444092 -6.5 -6.55000019073486 -6.40999984741211 -6.57999992370605 -6.57000017166138 -6.40000009536743 -6.44999980022465 -6.23999977111816 -6.11999988555908 -6.09999990463257 -6.28000020980835 -6.51000022888184 -6.73999977111816 -6.92000007629395 -7.07999992365306 -7.40999984741211 -7.98999977111816 -7.92999982833862 -7.84000015258789 -7.59999990463257 -7.53999996185303 -7.46000003814697 -7.65000009536743 -7.63000011444092 -7.71999979019165 -8.10000038146972 -8.27999973297119 -8.48999977111816 -8.60999965667725 -8.63000011444092
-9999 -9999 -9999 -9999 -9999 -8.93000030517578 -8.59000015258789 -8.3100004196167 -8.07999989432984 -7.40000009536743 -7.51999998092651 -7.23999977111816 -6.98999977111816 -6.76000022888184 -6.57999992370605 -6.46999979019165 -6.40000009536743 -6.36000013351441 -6.46000003814697 -6.5 -6.51999998092651 -6.44999980926514 -6.23999977111816 -5.98999977111816 -6.05999994277954 -6.21000003802604 -6.32999992370605 -6.6100001335144 -6.86999988555908 -6.96000003814697 -7.19999980926514 -7.73999977111816 -8.67000007629395 -8.18000030517578 -7.90000009536743 -7.71999979019165 -7.65000009536772 -7.65999984741211 -7.73999977111816 -7.73000001907349 -7.92000007629395 -8.31999969482422 -8.47999954223633 -8.73999977111816 -8.89000034332275 -8.82999992370605
-9999 -9999 -9999 -9999 -9999 -9 -8.89999961853027 -8.40999984741211 -8.53999996185303 -7.99000009551561 -7.8899998664856 -7.76999998092651 -7.48999977111816 -7.23000001907349 -7.01999998092651 -6.84000015258789 -6.76000022888184 -6.6399998664856 -6.53000020980835 -6.71999979019165 -6.50000000003328 -6.38000011444092 -6.1399998664856 -5.92000007629395 -6.11999988555908 -6.42999983413136 -6.57999992370605 -6.80999994277954 -7.03999996185303 -7.11000013351441 -7.80000019073486 -8.13000011444092 -8.60999965667725 -8.28999996185303 -7.88000011444092 -7.67999982833862 -7.78000020980484 -7.90999984741211 -7.98999977111816 -7.96000003814697 -8.0600004196167 -8.32999992370605 -8.53999996185303 -8.89000034332275 -9.10000038146973 -8.98999977111816
-9999 -9999 -9999 -9999 -9999 -9.11999988555908 -8.92000005001792 -8.76000022888184 -9.11999988555908 -9.36999988555908 -8.31000063796793 -8.27999972993639 -8.15999984741211 -8 -7.53000020980835 -7.15999984741211 -6.92999982833862 -6.82999992370605 -6.84999990463257 -6.92000007629395 -6.76000022888184 -6.51999998092651 -6.15000009536743 -6.15000009536743 -6.51000022888184 -7.30999994277954 -7.76000022888184 -7.34999991072836 -7.32000017166138 -7.8600001335144 -8.14999961853028 -8.43999958034858 -8.43000030517578 -8.22999954223633 -7.8899998664856 -7.71999979019165 -8.02999973296263 -8.34000015258789 -8.38000011444092 -8.32999992370606 -8.39999961853027 -8.61999988555908 -8.6899995803833 -9.09000015258789 -9.38000011444092 -9.22000026702881
-9999 -9999 -9999 -9999 -9999 -9.42000007629395 -9.36999988555908 -9.02999973297119 -9.5600004196167 -9.59000015258789 -9.39000034332275 -8.60000064139673 -8.47999954223633 -8.26000022888184 -7.94000005722046 -7.42999982833862 -7.11999988555908 -6.94000005722046 -7.01000022888184 -6.90000009536743 -6.69000005722046 -6.34000015291729 -6.19000005722046 -6.38000011444092 -6.82999992370606 -7.69999980926514 -8.69999980865834 -9.02000045776367 -9 -8.39000034468528 -8.42000007629395 -8.4399995803833 -8.44999980926514 -8.14999961853027 -7.94000005722046 -7.98000001907349 -8.28999996185303 -8.48999977111816 -8.63000011444092 -8.64999961853027 -8.73999977111816 -8.97999954223633 -9.06999969482422 -9.38000011444092 -9.60999965667725 -9.53999996185303
-9999 -9999 -9999 -9999 -9999 -10.0799999237061 -9.90999984741211 -9.69999980926514 -9.94999980926514 -10.2200002670288 -10.0799999237061 -9.89000034332275 -9.02000063238268 -8.52000045776367 -8.1899995803833 -7.82000017166138 -7.15999984741211 -7.09999990501861 -7.01999998092651 -6.96999979019165 -6.69999980926514 -6.38999986648559 -6.3600001335144 -6.53999996185303 -7 -7.88000011444092 -9.0600004196167 -9.60999965667725 -9.32999992370605 -8.86999988555908 -8.56999969482422 -8.50000000008289 -8.4600000382612 -8.17000007629395 -7.98999977111816 -8.17000007629395 -8.43000030517578 -8.53999996185303 -8.6899995803833 -8.77999973297119 -8.89000034332275 -9.11999988555908 -9.28999996185309 -9.5 -9.77000045776367 -9.80000019073486
-9999 -9999 -9999 -9999 -9999 -11.8400001525879 -10.460000038147 -10.5500001907349 -10.670000106543 -10.789999961853 -10.75 -10.4499998092651 -9.65999984741211 -8.97000033171353 -8.42000007629395 -8.02999973297119 -7.30000019073486 -7.21000003814697 -7.01999998092651 -7.05999994277954 -6.82999992370605 -6.19999980926514 -6.4999999996091 -6.71999979019165 -7.19999980926514 -7.84999990463257 -8.82999992370605 -9.15999984741211 -9.23999977111816 -8.89000034332275 -8.64999961853027 -8.65999984741211 -8.68000030517578 -8.5 -8.15999984752182 -8.36999988559966 -8.5600004196167 -8.60999965667725 -8.6899995803833 -8.76000022888183 -8.88000011444092 -9.21000003814697 -9.43000030517578 -9.75 -9.9399995803833 -9.82999992370605
-9999 -9999 -9999 -9999 -12.9099998474121 -12.8999996185303 -12.039999961853 -11.3800001144409 -11.5200004577637 -11.5600004196167 -11.460000038147 -11.2399997711182 -10.3900003433228 -9.34000015258789 -8.6800003736802 -8.06999969482422 -7.53999996185303 -7.23000001907349 -7.03999996228684 -7.13000011444092 -6.76000022888184 -6.46000003814697 -6.98999977111816 -7.15999984741211 -7.51000022888184 -8.03999996185303 -8.61999988555908 -8.93000030505677 -8.94999980926514 -8.8100004196167 -8.72000026702881 -8.68000030517578 -8.67000007628965 -8.65999984741211 -8.71000003814697 -8.76000022888184 -8.85000038146973 -8.81999969482422 -8.69999980926719 -8.6000003814701 -8.77999973297119 -9.24999999999954 -9.5200004577634 -9.89000034332259 -9.89000034332275 -9.53999996185303
-9999 -9999 -9999 -9999 -13.9200000762939 -13.3199996948242 -12.5100002288818 -11.9300003051758 -12.2399997711182 -12.0399997791121 -11.4799995422363 -11.1999998092651 -10.5699996948242 -9.32999992370605 -9.17000007629395 -8.8599996308862 -7.57000017166138 -7.28000020980835 -7.48999977111816 -7.40999984741211 -7.34000015258789 -7.21000003814697 -7.51999998092651 -7.63000011444092 -7.8600001335144 -8.22999954223633 -8.47999954223633 -8.64000034332275 -8.64000034332275 -8.59000015258789 -8.69999980926514 -8.77999973297119 -8.72000026703096 -8.80000019073486 -8.77000045776367 -8.85000038146973 -8.90999984741211 -8.939999580383 -8.89000034332275 -8.77999973297119 -8.71000003814697 -8.81999969482422 -8.93000030517578 -9.06999969482422 -8.72999954223633 -8.39999961853028
-9999 -9999 -9999 -9999 -14.1999998092651 -13.6099996566772 -12.9499998092651 -12.4300003051758 -11.7700004577637 -11.5 -11.5799999237061 -11.0699996948242 -10.2600002288818 -9.68000030517578 -8.96000003814697 -8.5600004196167 -8.10999965667725 -7.75 -7.80999994277954 -7.75 -7.74999997227035 -7.82999992370606 -7 -7.40000009536743 -8.10999965667725 -8.39000034332275 -8.4399995803833 -8.46000003814697 -8.4399995803833 -8.52000045776367 -8.64999961853027 -8.73999977111816 -8.81999969482422 -8.84000015258789 -8.76000022888184 -8.8100004196167 -8.89999961853027 -9.0100002288809 -8.97999954223633 -8.78999996185303 -8.48999977111816 -8.3100004196167 -8.32999992370605 -8.22999954223633 -7.8899998664856 -7.67999982833862
-9999 -9999 -9999 -9999 -14.960002603507 -13.3100004196167 -13.8900003614447 -13.8599996566772 -12.7399997711182 -11.4200000762939 -11.25 -11.039999961853 -10.5 -9.92000007629395 -9.22999954223633 -9.15999984741211 -8.60000038146973 -8.65999984741211 -8.27999973953647 -7.3899998664856 -7.28000020980835 -7.21000003814697 -7.17000007629394 -7.36999988555908 -8.25 -8.34000015258789 -8.42000007629395 -8.51000022888184 -8.42000007628546 -8.48999977111816 -8.6899995803833 -8.84000015258789 -8.77999973297119 -8.72000026702881 -8.67000007629395 -8.68000030517578 -8.73999977111816 -8.8999996185289 -8.97999954223633 -8.5600004196167 -7.94999980926514 -7.61999988555908 -7.55999994277952 -7.40000009536743 -7.15999984741211 -7.15000009536743
-9999 -9999 -9999 -9999 -16.6599998474121 -13.8700004419594 -14.460000038147 -14.0500001907349 -13.3500003814697 -12.4300003051758 -11.6199998855591 -11.6000003814697 -10.7200002670288 -10.25 -9.52999973297119 -8.9399995803833 -8.72999954223633 -8.47999954223633 -8.5 -7.5 -7.67999982833862 -7.53999997079605 -7.71000003814697 -7.32000017218661 -7.32000017166138 -8.38000011444092 -8.43000030517578 -8.35999965667725 -8.31999969482422 -8.35000038146973 -8.68000030517578 -8.89999961853027 -9.05000019073486 -8.80000019073486 -8.48999977111816 -8.40999984741211 -8.40999984741211 -8.4399995803833 -8.40999984741211 -7.76000022888184 -7.01000022888184 -6.84000015258789 -6.88000011444092 -6.69999980926514 -6.6100001335144 -6.55999994277954
-9999 -9999 -9999 -9999 -16.1200008392334 -17.3799991607666 -15.7200000632227 -14.9899995862824 -13.9200000762939 -13.6199998855591 -12.8800001144409 -12.1899995803833 -11.6300001144409 -10.5699996948242 -9.47000026702881 -8.88000011444092 -8.44999980926514 -8.17000007629395 -7.59000015258789 -8.02999973297119 -7.94000005722046 -7.73999977111816 -7.63999986698429 -7.5 -8.46000003617429 -8.47999954223633 -8.28999996185303 -7.55999994277954 -7.78999996185303 -8.19999980926514 -8.38000011444092 -8.64999961853027 -8.76000022888184 -8.52999973299239 -8.27999973297119 -8.07999992370605 -7.94999980926514 -7.73000001907349 -7.55999994277954 -7.03999996185303 -6.53999996185303 -6.19999980926514 -6.01000022888188 -6.01000022888184 -6.07000017166138 -6
-9999 -9999 -9999 -9999 -16.8299999237061 -16.6299991607666 -17.0100002288818 -15.6899991407833 -14.1599998474121 -14 -13.8599996566772 -12.8900003433228 -12.3599996058436 -10.539999961853 -9.47999954223633 -8.71000003814697 -8.49999999837775 -8.09000015258789 -7.98000001907349 -8.14000034332275 -8.36999988555908 -8.39000034462656 -7.76999997824524 -7.5 -7.40999984741211 -7.32000017166138 -8 -7.21999979019165 -7.44999980926514 -7.67000007629394 -8.35999965667725 -8.48999977111816 -8.31999969482422 -8.01000022888184 -7.94999980926514 -7.59999990463257 -7.34999990463257 -6.94999980926514 -6.78000020980835 -6.32000017166138 -5.88000011444092 -5.65999984741211 -5.38999986648572 -5.55000019073486 -5.55999994277954 -5.59999990463257
-9999 -9999 -9999 -9999 -16.8300005799609 -17.3700008392334 -17.1800003051758 -14.9099998474121 -14.8800001144409 -13.5200004577637 -13.8900003433228 -12.5200004577637 -11.2600002288818 -10.5699996948242 -10.0500001907349 -8.48999977111816 -8.01000022888184 -7.94999981032745 -8.14000034336648 -8.22000026702881 -8.13000011465475 -8.03999996185303 -7.69000005722046 -7.46999979019165 -7.36999988555908 -7.34999990463257 -7.07000017166138 -6.96000003814697 -7.09999990463257 -7.15999984741211 -7.80999994277954 -7.92999982833862 -7.65999984741211 -7.48999977111816 -7.40999984741211 -7.09999990463257 -6.53999996185303 -6.09999990463257 -5.96000003814697 -5.61000013351441 -5.40999984741211 -5.15999984741211 -4.82999992370605 -5.07000017166138 -5.01999998092651 -5.03999996185303
-9999 -9999 -9999 -9999 -17.25 -17.6399993896484 -17.1000003814697 -16.3199996948242 -12.7200002670288 -13.1300001144409 -13.5600004196167 -13.0299997329712 -12.3500003814697 -11.1300001144409 -9.28999996185303 -8.61999988555908 -7.84999990463257 -8.30000019073486 -7.98999977111816 -7.86999988555908 -7.88000011444092 -7.75 -7.42999982833862 -7.3699998825796 -7.28000020980835 -7.57999992370605 -6.86999988555908 -6.36000013351441 -6.76999998092651 -6.94000005722046 -6.80000019073486 -7.21000003814697 -6.94000005722046 -6.82999992370606 -6.84000015258789 -6.51000022888184 -5.8600001335144 -5.3600001335144 -5.23000001907349 -5.01000022888184 -4.8600001335144 -4.59999990463257 -4.38000011444092 -4.51000022888184 -4.53999996185303 -4.44000005722046
