SnowAccumulation_R/test/tmin/final_tmin_17_04_2009.asc
NCOLS 97 
NROWS 69 
XLLCORNER 52512.810182332 
YLLCORNER 5316225.2758522 
CELLSIZE 10000 
NODATA_value -9999 
[rows 20 to 39 of 69, columns 45 to 89 of 97]
-4.26000022888184 -3.98000001907349 -3.84999990463257 -3.66000008583069 -3.67000007629395 -3.63000011444092 -3.64000010490417 -3.67000007629395 -3.85999989509582 -3.9300000667572 -3.99000000954578 -4.09999990463257 -4.09000015258789 -4.23999977111816 -4.28999996184202 -4.23999977111816 -4.19999980891114 -4.05999994277954 -3.86999988555908 -3.8199999332428 -3.69000005722046 -3.46000003814697 -2.92000007629394 -2.75999999046326 -2.48000001907349 -2.25 -2.08999991416931 -2.07999992370605 -1.99000000953674 -1.80999994277954 -1.64999997615814 -1.70000004768372 -1.66999995708466 -1.77999997138977 -1.7999998862987 -1.75999999046326 -1.70000004768372 -1.62999999523163 -1.6599999666214 -1.61000001430511 -1.62000000476837 -1.58000004291534 -1.49000000953674 -1.41999995708466 -1.35000002384186
-4.51000022888184 -4.05999994277954 -3.92000007629395 -3.6800000667572 -3.59999990463257 -3.61999988555908 -3.63000011444092 -3.65000009536743 -3.91000008583069 -3.99000000953674 -4.01999998092651 -4.07999992370605 -3.9300000667572 -4.21999979019165 -4.24999999973276 -4.17000007629395 -4.07000017166138 -3.97000002861023 -3.89000010475637 -3.75999999046326 -3.61999988555908 -3.36999988555908 -3.11999988489264 -2.75999999046326 -2.44000005722046 -2.22000002861023 -2.13000011443374 -1.98000001907349 -1.89999997615814 -1.67999994754791 -1.60000002384186 -1.67999994754791 -1.62999999523163 -1.64999993320761 -1.57000005245209 -1.5 -1.51999998092651 -1.49000000953674 -1.48000001907349 -1.44000005722046 -1.45000004768372 -1.4099999666214 -1.3400000333786 -1.22000002861023 -1.17999994754791
-4.80999994277954 -4.26999998092651 -4.05999994277954 -3.75999999046326 -3.69000005722046 -3.54999995231628 -3.49000000953674 -3.75 -3.86999988555908 -3.98000001907349 -3.98000001907349 -4.03999996190835 -4.07000017169511 -4.15999984741211 -4.13000011444092 -4.13000011444092 -4.07000017166138 -3.92000007629395 -3.83999991416931 -3.71000003814697 -3.63000011444092 -3.33999991416931 -3.07999992370605 -2.73000001907349 -2.4300000667572 -2.22000002861023 -2.08999991416931 -1.91999995708466 -1.71000003814697 -1.49000000953674 -1.50999999046326 -1.52999997138977 -1.51999992302476 -1.37999999523163 -1.37999999523163 -1.3400000333786 -1.33000004291534 -1.32000005245209 -1.32000005245209 -1.28999996185303 -1.28999996185303 -1.20000009757991 -1.13999998569489 -1.02999997138977 -1.03999968347337
-4.98000001907349 -4.6100001335144 -4.32000017166138 -3.85999989509582 -3.66000008583069 -3.5 -3.55999994277954 -3.63000011445908 -3.80999994279023 -3.98000001907349 -4 -4.07000017166138 -4.07999992370605 -4.15999984741211 -4.11999988555908 -4.15000009536743 -4.11999988555908 -4.03000020980835 -3.95000004768372 -3.75 -3.5699999332428 -3.26999998092651 -3.08999991416931 -2.71000003814697 -2.45000004768372 -2.20000004768372 -2.03999996185303 -1.85000002384186 -1.54999995231628 -1.4299999476619 -1.4099999666214 -1.36999998895352 -1.24000000953674 -1.22000002861023 -1.21000003814697 -1.22000002861023 -1.22000002861023 -1.23000001907349 -1.17999994754791 -1.12999999523163 -1.12000000476837 -1.10000002384186 -1 -0.909999952607655 -0.860000014305115
-5.17999982833862 -4.71000003814725 -4.57000017166131 -4.15999984741218 -4.15000009536743 -3.97000002861023 -3.95000004768372 -4.07999992370605 -4.03000020980835 -4.09000015258789 -4.07000017166138 -4.05999994277954 -4.09999990463257 -4.1399998664856 -4.17000007629395 -4.13000011444092 -4.17000007629394 -4.11999988555908 -4.03999996185303 -3.89000010490417 -3.59999990463257 -3.46000003758079 -3.03999996185303 -2.71000003814697 -2.45000004768372 -2.30999994237611 -1.99000000953674 -1.76999998092651 -1.46000003814697 -1.39999997615814 -1.34000002049462 -1.25 -1.19000005722046 -1.16999995708466 -1.11000001430511 -1.0900000333786 -1.12000000476837 -1.12000000476837 -1.04999995231628 -1 -0.980000024360559 -0.959999978542328 -0.910000026226044 -0.829999983310699 -0.819999992847443
-5.32999992370605 -5.00000000000015 -4.80999994277954 -4.32999992370605 -4.21999979019165 -4.13000011444092 -4.09000015258789 -4.13000011444092 -4.11999988555908 -4.15000009536743 -4.1399998664856 -4.1399998664856 -4.15999984741211 -4.11999988556303 -4.15000009536743 -4.09000015258789 -4.13000011444092 -4.1399998665523 -4.15999984741211 -3.97000002861023 -3.72000002861023 -3.45000004768372 -3.16000008583069 -2.73000001907349 -2.42000007629394 -2.26999998092651 -1.94000005722046 -1.66999995708466 -1.39999997615814 -1.25999999046326 -1.22000002861023 -1.30999994277954 -1.25999999176959 -1.22000002861023 -1.08000004291534 -1 -0.980000019073486 -0.990000009536743 -0.910000026226044 -0.879999995231628 -0.889999985694885 -0.889999985694885 -0.819999992847443 -0.800000011920948 -0.810000002384186
-5.30999994277954 -5.11999988555908 -5.09000015258789 -4.6100001335144 -4.26999998092651 -4.26000022888184 -4.19999980926514 -4.19000005722046 -4.21999979019165 -4.19000005721977 -4.17999982833862 -4.17999982833862 -4.17999982833862 -4.15999984742002 -4.15999984741211 -4.05999994277954 -3.97000002861023 -3.99000000953674 -4.07000017166138 -3.99000000953674 -3.66000008583069 -3.46000003814697 -3.08999991416931 -2.74000000953674 -2.36999988555908 -2.20000004768372 -1.9099999666214 -1.60000001479797 -1.4099999666214 -1.26999998092651 -1.16999995708466 -1.49000000953674 -1.48000001907349 -1.4099999666214 -1.20000004768372 -1 -0.949999988079071 -0.899999976158142 -0.759999990463257 -0.809999994641946 -0.829999983310699 -0.810000028060799 -0.800000011920929 -0.790000021457672 -0.860000014305115
-5.40000009536743 -5.21000003814707 -5.13000011444092 -4.71999979019165 -4.40999984741211 -4.34000015258783 -4.30999994277954 -4.26000022888184 -4.26999998092651 -4.2899999618544 -4.21999979019165 -4.23999977111816 -4.21999979019165 -4.21000003814697 -4.23000001907349 -4.15999984741211 -4.15999984741211 -4.03999996185303 -4.03999996185303 -3.94000005722046 -3.64000010490417 -3.48000001907349 -3.11999988555908 -2.75999999046326 -2.51999998023408 -2.14000010490417 -1.83000003306111 -1.41999995708466 -1.32000005245209 -1.22000002861023 -1.13999998569489 -1.32000005245209 -1.35000002384186 -1.37999999523163 -1.28999996185303 -1.20000004768372 -1.02999997138977 -0.899999976158142 -0.779999971389771 -0.759999990463257 -0.800000023260073 -0.819999992847443 -0.77999998728493 -0.790000021457672 -0.939999997615814
-5.40999984741211 -5.25000000000002 -5.07999992370605 -4.73000001907349 -4.6100001335144 -4.59999990463202 -4.73000001907349 -4.42000007629395 -4.38000011444092 -4.36000013351441 -4.26999998092651 -4.28000020980835 -4.26000022888184 -4.25 -4.23000001907349 -4.30000019073486 -4.34000015258789 -4.25 -3.9300000667572 -3.85999989509583 -3.79999995203289 -3.55999994277954 -3.1800000667572 -2.75999999046326 -2.54999995231628 -2.08999991416931 -1.62000000476837 -1.36000001430511 -1.26999998092651 -1.20000004768372 -1.11000001430511 -1.07000005245209 -1.21000003814697 -1.32000005245209 -1.26999998092651 -1.23000001907349 -1.19000005722046 -0.939999997615814 -0.850000037798179 -0.820000060243199 -0.839999973773956 -0.790000021457672 -0.779999971389771 -0.819999992847443 -0.97000002861023
-5.30000019073486 -5.17999982833864 -5.05999994277954 -4.73999977111816 -4.63000011444092 -4.69999980926499 -4.8600001335144 -4.48000001907349 -4.48999977111816 -4.5 -4.42000007629395 -4.30999994277954 -4.30000019073486 -4.32999992370605 -4.30000019073486 -4.36999988555908 -4.40999984742251 -4.32000017166138 -4.03999996185303 -3.88000011444092 -3.79999995231628 -3.61999988555908 -3.17000007629394 -2.71000003343652 -2.42000007629395 -2.09999990463257 -1.55999994277954 -1.32000005243081 -1.26999998092651 -1.24000000953674 -1.11000001430511 -1.02999997138977 -1.12999999523163 -1.22000002861023 -1.24000000953674 -1.21000003814697 -1.29999995231628 -1.02999997138977 -0.940000005762015 -0.920000016689301 -0.850000023841858 -0.790000039237261 -0.769999980926514 -0.819999992847443 -0.939999997615814
-5.21999979019165 -5.15000009536743 -5.07000017166138 -4.76000022888184 -4.63000011444092 -4.86999988555908 -4.96999979019165 -4.55999994277954 -4.63000011444092 -4.67999982833862 -4.53000020980835 -4.38000011444092 -4.38000011444092 -4.44999980926514 -4.46999979019165 -4.40999984741211 -4.44000005722046 -4.30999994277954 -4.21000003814697 -3.96000003814697 -3.77999997138977 -3.5 -2.94000005722046 -2.73000001842861 -2.36999988555908 -2.0699999332428 -1.61000001430511 -1.30999994277954 -1.21000003814697 -1.19000005722046 -1.08000004379039 -1 -1.04999995231628 -1.13999998569489 -1.1599999666214 -1.13999998569489 -1.32000005245209 -1.09000006696305 -0.930000007152557 -0.870000004768372 -0.839999973773956 -0.810000002384186 -0.740000009536743 -0.740000009536743 -0.859999909494668
-5.01000022888184 -4.96999979019165 -4.84000015258789 -4.61999988555908 -3.69000005722046 -4.88000011444092 -5.09999990463257 -4.63000011444092 -4.73999977111816 -4.73000001907349 -4.76000022888184 -4.53999996185303 -4.48999977112631 -4.59000015258789 -4.53000020980835 -4.48000001907349 -4.44999980926514 -4.17999982833862 -4.17000007629395 -3.80999994277954 -3.64000010341592 -3.25 -2.8199999332428 -2.61999988555908 -2.38000011444092 -2.07999992370605 -1.70000004768372 -1.4099999666214 -1.04999995231628 -1.10000002384186 -1.05999994277954 -0.959999978542328 -0.970000028610229 -1.07000005245209 -1.0900000333786 -1.0900000333786 -1.21000003814697 -1.19000005722046 -0.930000007152557 -0.839999973773956 -0.819999997211552 -0.759999990463257 -0.689999997615814 -0.649999976158142 -0.660000026226044
-4.82999992370605 -4.78000020980835 -4.73999977111816 -4.69000005722046 -4.34000015258789 -4.67999982833862 -4.90999984741211 -4.71000003814697 -4.78999996185303 -4.84000015258789 -4.94000005722046 -4.73999977111816 -4.65000009535657 -4.6399998664856 -4.57999992370605 -4.51999998092651 -4.44999980926514 -4.26999998092651 -4.09000015188691 -3.85999989474351 -3.52999997138977 -3.10999989509582 -2.75999999046326 -2.60999989509582 -2.44000005722046 -2.19000005722046 -2.05999994203023 -1.52999997138977 -1.04999995231628 -0.959999978542328 -0.930000007152557 -0.860000014305115 -0.870000004768372 -0.930000007152557 -1.04999995231628 -1.07000005245209 -1.12000000476837 -1.13999998569489 -0.949999988079071 -0.819999992847443 -0.800000011920929 -0.720000028610229 -0.889999985694885 -0.590000053159986 -0.600000023841858
-4.67999982833862 -4.75 -4.80000019073486 -4.82000017166138 -4.6100001335144 -4.71999979019165 -4.82999992370605 -4.92999982833862 -4.8899998664856 -4.92999982833862 -4.98999977111816 -4.86999988555908 -4.76000022888184 -4.75 -4.61999988555908 -4.53000020980835 -4.44000005706951 -4.13000011444092 -4.1100001335144 -3.92000007629395 -3.49000000953674 -3.10999989509583 -2.82999992370606 -2.70000004768372 -2.39000010490417 -1.99000000953674 -1.76999998092651 -1.3400000333786 -0.990000009536743 -0.790000021817675 -0.75 -0.769999980926514 -0.810000002384186 -0.910000026226044 -1.05999994277954 -1.08000004291534 -1.02999997138977 -1.11000001430511 -0.980000019073486 -0.779999971389771 -0.720000028610229 -0.680000007152557 -0.699999988079071 -0.660000026226044 -0.519999980926514
-4.61999988555887 -4.67000007629395 -4.82000017166138 -4.94999980926514 -4.51999998092521 -4.40000009536852 -4.78999996185303 -4.98000001907349 -4.90000009536704 -5.05000019073486 -5.07999992370605 -4.98999977111816 -4.86999988555908 -4.90999984735102 -4.6799998283851 -4.59000015250158 -4.3600001335144 -4.05000019073486 -3.89000010490417 -3.85999989509583 -3.34999990463257 -3.1800000667572 -3.18000006597465 -2.74000000953674 -2.29999995231628 -1.71000003814697 -1.47000002861023 -1.1599999666214 -0.899999976158142 -0.819999992847443 -0.720000028610229 -0.689999997615814 -0.730000018512759 -0.799999982015546 -0.860000014305115 -1.02999997138977 -1.05999994277954 -1.04999995231628 -0.97000002861023 -0.860000014305115 -0.649999976158142 -0.589999973773956 -0.569999992847443 -0.579999983310699 -0.490000009536743
-4.53000020980835 -4.59000015258789 -4.65999984741211 -4.67000007629395 -4.23999977111893 -4.40000009536876 -4.61000013351743 -5.03000020980835 -5.07000017165857 -5.13000011444092 -5.19000005723087 -5.05999994286234 -5.17000007629394 -5.05000019073486 -4.6100001335144 -4.46999979010508 -4.23999977111816 -3.97000002861023 -3.76999998092651 -3.67000007629395 -3.28999996185303 -3.25 -3.19000005722046 -2.71000003814697 -2.23000001907349 -1.77999998754065 -1.50999999046326 -1.1599999666214 -0.889999985694885 -0.879999995231628 -0.790000021457672 -0.709999978542328 -0.680000023582345 -0.800000011920929 -0.75 -0.869999995949123 -0.949999988079071 -0.910000026226044 -0.829999983310699 -0.790000021457672 -0.589999973773956 -0.479999989271164 -0.490000009536743 -0.490000009536743 -0.430000007152557
-4.13000011444092 -4.34000015258789 -4.57999992370605 -4.63000011444092 -4.65000009536743 -4.71000003814697 -4.82000017166138 -4.90000009537665 -5.17999982834216 -5.34999990463257 -5.42999982833862 -5.26999998092651 -5.17000007629395 -4.96999979019165 -4.73999977111816 -4.51000022888184 -4.30000019073486 -3.91000008583069 -3.80999994290563 -3.69000005722046 -3.33999991416931 -3.25 -3.23000001907349 -2.61999988555908 -2.03999996185303 -1.85000002384186 -1.49000000953674 -1.19000005722046 -0.930000007152557 -0.97000002861023 -0.860000014305115 -0.740000018514312 -0.740000009536743 -0.790000021457672 -0.790000021457672 -0.759999990463257 -0.730000019073486 -0.759999990463257 -0.75 -0.629999995231628 -0.550000011920929 -0.360000014305115 -0.330000013113022 -0.360000014305115 -0.489999829521962
-4.01000022888184 -4.19999980926514 -4.59000015258789 -4.67000007629395 -4.73000001907349 -4.78999996185303 -4.88000011444092 -5.15999984741211 -5.23999977111816 -5.3600001335144 -5.3899998664856 -5.32000017166138 -5.23000001907349 -5.03999996185303 -4.78999996185303 -4.61999988555908 -4.15999984741211 -3.90000009536743 -3.82999992370606 -3.71000003814697 -3.42000007629395 -3.14000010490417 -3.10999989509582 -2.55999994277954 -2.19000005722046 -1.8400000333786 -1.29999995231628 -1.08000004291534 -0.980000019073486 -1.00999999046326 -0.920000018518207 -0.81000000305468 -0.740000009536743 -0.720000028610229 -0.759999990463257 -0.759999990463257 -0.670000016689301 -0.569999992847443 -0.589999973773956 -0.529999971389771 -0.419999986886978 -0.379999995231628 -0.330000013113022 -0.249999953808028 -0.359999926585613
-4.30000019073486 -4.40000009536743 -4.32000017166138 -4.57000017166138 -4.63999986648559 -4.67000007629395 -4.94000005722046 -5.17999982833862 -5.26999998092651 -5.38000011444092 -5.34000015258789 -5.3099999427705 -5.21999979019165 -5.05999994277954 -4.80000019073486 -4.6399998664856 -4.36999988555908 -3.98000001907349 -3.78999996185303 -3.61999988555908 -3.38000011444092 -3.17000007548418 -2.82999992370605 -2.49000000953674 -1.87999999523163 -1.62999999523163 -1.37000000476837 -1.29999995231628 -1.37999999523163 -1.08000006365082 -0.9200000166893 -0.870000004768371 -0.740000009536743 -0.689999997615814 -0.629999995231628 -0.680000007152557 -0.589999973773956 -0.430000017782369 -0.389999985694885 -0.400000005960465 -0.28999999165535 -0.270000010728836 -0.229999924937772 -0.219999998807907 -0.230000004172325
-4.44999980926514 -4.51000022888184 -4.44000005722046 -4.67000007629395 -4.75 -4.82000017166138 -4.8899998664856 -5.17999982833862 -5.21999979019165 -5.34000015258789 -5.32000017166138 -5.2399997711091 -5.15000009536743 -5.01999998092651 -4.76999998092651 -4.65000009536743 -4.3899998664856 -3.99000000953674 -3.82999992370606 -3.63000011444092 -3.39000010490417 -3.22000002861023 -2.95000004768372 -2.45000004768372 -2.10999989430774 -1.95000004768372 -1.75999999046326 -1.50999998660963 -1.35000002384186 -1.28999996185303 -1.07000005245209 -1.01999998092651 -0.899999976158142 -0.649999976158142 -0.589999973773956 -0.529999971389771 -0.509999990463257 -0.430000007152557 -0.330000013113022 -0.270000010728836 -0.230000004172325 -0.259999990463257 -0.159999996423721 -0.140000000596046 -0.140000000596046
