SnowAccumulation_R/test/tmin/final_tmin_26_04_2009.asc
NCOLS 97 
NROWS 69 
XLLCORNER 52512.810182332 
YLLCORNER 5316225.2758522 
CELLSIZE 10000 
NODATA_value -9999 
[rows 20 to 39 of 69, columns 0 to 44 of 97]
-9999 -9999 -9999 -9999 -13.2600002288818 -12.4799995422363 -12.3599996566772 -8.71000003814697 -11.1999998092651 -11.1899995803833 -10.3699998855591 -10.0699996948242 -9.23999977111816 -7.55000019073486 -7.69999980926514 -6.94000005722046 -5.78000020980835 -5.57999992370605 -5.51000022888184 -5.21999979019165 -4.65000009536743 -4.51000022888184 -5.28999996185303 -5.61999988114434 -5.71999979019165 -5.51000022888184 -5.57999992370605 -5.46999979019165 -5.42999982833862 -5.44000005722046 -5.15999984741211 -5.05999994277954 -4.53999996185303 -4.73000001907349 -4.65999984741211 -4.65999984741211 -4.65999984741211 -4.82999992370605 -4.96000003814697 -5.1399998664856 -5.1399998664856 -5.03000020980835 -5.19000005722046 -5.19999980926514 -5.21999979019165
-9999 -9999 -9999 -9999 -11.7399997711182 -11.9499998092651 -11.4300003051758 -10.5699996948242 -12.1499996185303 -11.6700000762939 -11.5600004196167 -10.3900003433228 -9.44999980926514 -9.26000022888184 -8.63000011444092 -7.42000007629394 -6.32999992370605 -5.71999979019165 -5.55999994277954 -5.3600001335144 -4.94000005722046 -5.19000005722046 -5.28000020980835 -5.3600001335144 -5.55999995239859 -5.19000005722046 -5.42999982833862 -5.3899998664856 -5.15999984741211 -5.05000019073486 -4.98000001907349 -4.6399998664856 -4.48000001907349 -4.40000009536743 -4.38000011444092 -4.40000009536743 -4.42000007629395 -4.73999977111816 -5.01000022888184 -5.44999980926514 -5.19000005722046 -5.07000017166138 -5.3099999427795 -5.38000011444092 -5.23000001907349
-9999 -9999 -9999 -9999 -10.7200002670288 -12.539999961853 -11.3800001144409 -10.4300003051758 -11.8000001907349 -12.3199996948242 -11.1199998855591 -11.1700000762939 -10.0100002288818 -9.82999992370605 -9.43999942954575 -7.78999996185303 -6.96000003814697 -6.21000003814697 -5.51999998092651 -5.55000019073486 -5.5 -5.21999979019165 -5.17999982833862 -5.28000020980835 -6.09000014218968 -5.65000009536743 -5.3600001335144 -5.09999990463257 -5 -4.98999977111816 -4.69000005722046 -4.28999996185303 -4.19999980926514 -4.17999982833862 -4.25 -4.44000005722046 -4.53999996185303 -4.78000020980835 -5.03000020980835 -5.5 -5.3899998664856 -5.26999998092651 -5.36999988555908 -5.46999979019165 -5.46999979019165
-9999 -9999 -9999 -11.8500003814697 -11.4300003051758 -9.88000011444091 -11.2600002288818 -11.75 -12.4399995803833 -12.1700000762939 -11.5200004577637 -11.8999996185303 -10.1800003051758 -9.29000001932042 -8.43000030517578 -7.34000015258789 -6.71000003814697 -6.21000003814697 -5.65000009536743 -5.53000020980835 -5.51000022888184 -4.94000005722046 -4.96000003814697 -5.05000019073486 -5.21000003814697 -5.21999979019165 -5.13999986097589 -4.90999984741211 -4.84999990463257 -4.57000017166138 -4.48000001907349 -4.13000011444092 -4.11999988555908 -4.26999998092651 -4.17999982833862 -4.3899998664856 -4.53999996185303 -4.80999994277954 -4.94000005722046 -5.07999992370606 -5.51999998092651 -5.51999998092651 -5.5 -5.57000017166138 -5.55000019073486
-9999 -9999 -9999 -12.4099998474121 -12.0100002288818 -11.4899997711182 -12.8400001525879 -11.7399997711182 -12.539999961853 -12.710000038147 -11.8100004196167 -11.2200002378187 -10.4799995422363 -7.75 -7.34999990463257 -7.05999994277954 -6.61999988555908 -5.75 -5.61999988555908 -5.73999977111816 -5.61999988555908 -5.01000022888184 -5.05999994277954 -5.07000017166138 -4.73999977111816 -5.21999978244258 -4.55999994277954 -4.42999982833862 -4.48999977111816 -4.48999977111816 -3.99000000953674 -3.99000000953674 -3.75 -4.09999990463257 -4.21000003814697 -4.55999994277954 -4.6399998664856 -4.76999998092651 -4.92000007629395 -5.34000015258789 -5.51999998092642 -5.63000011444085 -5.63000011444096 -5.65999984741206 -5.57999992370605
-9999 -9999 -9999 -12.4799995422363 -11.7599998982672 -11.3299999237061 -11.8800001144409 -11.9899997711182 -13.5299997329712 -11.789999961853 -12.25 -7.94999980926514 -7.76999998092651 -7.59000015258789 -6.96000003814697 -6.92999982833862 -6.51999998092651 -5.96999979019165 -5.92000007629395 -5.92000007629394 -5.63000011444092 -5.1399998664856 -5.13999986648559 -5.05999994277954 -4.80999994277954 -4.67000007629395 -4.32000017166138 -4.2699999803314 -4.36999988555908 -4.15000009536743 -3.90000009536743 -3.80999994277954 -4.05000019073486 -4.15999984741211 -4.15999984741211 -4.23999977111816 -4.73000001907349 -4.84999990463257 -5.17000007629395 -5.30999994277954 -5.42999982833862 -5.55000019073486 -5.61999988555908 -5.6100001335144 -5.42000007629395
-9999 -9999 -9999 -12.3399961344624 -12.789999961853 -9.43000030517578 -12.1400003433228 -12.5699996948242 -12.210000038147 -12.8100004196167 -12.210000038147 -11.5 -7.01000022888184 -6.76999998092651 -6.57000017166138 -6.46999979019165 -6.44999980926514 -5.84999990463257 -5.90000009536743 -5.94999980926514 -5.71000003814697 -5.23999977111816 -5.09999990463257 -4.84999990463257 -4.96000003814697 -4.61999988555908 -4.32000017147823 -4.17999982605118 -3.70000004768372 -3.67000007629395 -3.66000008583069 -3.67000007629395 -3.74000000953674 -3.79999995231628 -3.89000010490417 -4.11999988555908 -4.38000011444092 -4.76000022888184 -5.17000007629394 -5.28000020980835 -5.34999990463257 -5.44000005722046 -5.53999996185303 -5.59999990463257 -5.30999994277954
-9999 -9999 -9999 -9.03999996185303 -9.93000030517578 -9.42000093216141 -13.1199998855591 -10.8999996185303 -12 -11.6499996185303 -11.2200002670288 -11.3999996185303 -11.1499996185303 -6.46000003814697 -6.3899998664856 -6.32000017166138 -5.6399998664856 -5.67999982833862 -5.73999977111816 -5.80999994277954 -5.65999984741211 -5.23999977111816 -5.28999996185303 -4.73000001907349 -4.67000007629395 -4.76999998092651 -4.55000019073486 -4 -3.58999991335797 -3.46000003740657 -3.32999992370605 -3.59999990463257 -3.77999997138977 -3.88000011444092 -3.89000010490417 -4.09999990463257 -4.19000005722046 -4.44999980926514 -4.84000015258789 -5.28999996185303 -5.3899998664856 -5.44000005722046 -5.32999992370605 -5.32999992370605 -5.19000005722046
-9999 -9999 -9999 -6.71999979019165 -10.6899995803833 -11.4700002670288 -11.1499996185303 -11.9899997711182 -11.1099996566772 -11.6999998092651 -11.0900001525879 -11.3299999237061 -10.6700000762939 -10.5500001907349 -6.1100001335144 -6.17000007629395 -5.53999996185303 -5.67999982833862 -5.61000013351441 -5.55999994277954 -5.28999996185303 -5.19000005722046 -5.19000005722046 -4.98000001907349 -4.57000017166138 -4.55000019073486 -4.40999984741211 -3.73000001907349 -3.44000005623903 -3.22000002861023 -3.23000001907349 -3.28999996185303 -3.73000001907349 -4.15000009536743 -3.79999995231628 -4.01000022888184 -4.07000017166138 -4.61999988555908 -4.78999996185303 -5.09999990463257 -5.19999980926514 -5.34000015258789 -5.48000001907349 -5.03999996185303 -4.92999982833862
-9999 -9999 -9999 -6.71999979019165 -9.78999996185303 -8.92000007629395 -9.7499999388324 -10.1400003433228 -8.52999973297119 -10.9200000762939 -12.1499996185303 -11.5100002288818 -11.75 -10.960000038147 -6.05000019073486 -6.07999992370606 -6.09999990463257 -5.17000007629395 -5.32000017166138 -5.19000005722046 -5.13999986648559 -5.03999996185303 -5.05000019073486 -4.8600001335144 -4.55999994277954 -4.46000003814697 -4 -3.28999996185303 -2.95000004768372 -2.84999990463257 -2.95000004708092 -2.92000007588975 -3.38000011444092 -3.51999998092651 -3.57999992370605 -3.82999992370606 -3.95000004768372 -4.23000001907349 -4.48999977111816 -4.84000015258789 -5.13999986648559 -5.25 -5.23000001907349 -5.01999998092651 -4.69999980926514
-9999 -9999 -9999 -4.39000137852934 -7.36999988555908 -8.0600004196167 -9.31000062497374 -11 -10.7299995422363 -9.22999954223633 -11.7200002550946 -10.6800003051758 -9.40999984741211 -11.3900003433228 -5.92999982833862 -5.98999977111816 -5.76000022888184 -5.80999994277954 -5.28000020980835 -5.25 -5.13000011444092 -4.92999982833862 -4.94000005722046 -4.98000001907349 -4.55000019073486 -4.34000015258789 -3.60999989509583 -3.01999998092651 -2.61999988555908 -2.8499999043779 -2.65000009534759 -2.60999989509582 -2.75999999046326 -3 -3.3199999332428 -3.63000011444092 -3.86999988555908 -4.03000020980835 -4.42999982833862 -4.53000020980835 -5 -4.96999979019165 -4.90000009536743 -4.46000003814697 -4.3600001335144
-9999 -9999 -9999 -4.80999994277954 -8.13000011444092 -6.30000019073486 -9.98999977111816 -9.79000076015406 -11.3400001525879 -8.13000011444092 -8.86999988555908 -10.1499996185303 -10.1999998092651 -9.72000026702881 -5.59999990463257 -5.67000007629395 -5.73999977111816 -5.82000017166138 -5.92000007629394 -5.28999996185303 -4.90999984741211 -4.86000013351441 -4.84000015258789 -4.92000007629395 -4.44999980926514 -4.1100001335144 -3.5 -3.07999992370606 -2.61999988555908 -2.66000008583069 -2.58999991416931 -2.75 -2.74000000959248 -2.91000008586426 -3.24000000953674 -3.38000011444092 -3.59999990463257 -3.97000002861023 -4.01999998092651 -4.26999998092651 -4.57000017166138 -4.53999996185303 -4.15999984741211 -4.09000015258789 -3.86999988555908
-9999 -9999 -9999 -7.71000003814697 -5.32000007488456 -7.88000011444092 -6.69000005722046 -10.0699996948242 -9.34000034120065 -10.1199998855591 -8.85000038146973 -7.69000005722046 -7.90999984741211 -6.69000005722046 -5.57999992370605 -5.59999990463257 -5.6100001335144 -5.59000015258789 -5.90999984741211 -5.21000003814697 -4.92000007629395 -4.73999977111816 -4.63999986648559 -4.65000009536743 -4.1100001335144 -3.99000000953674 -3.60999989509583 -3.03999996185303 -2.80999994277954 -2.60999989509582 -2.66000008583069 -2.74999999988705 -2.80999994274031 -2.98000001907349 -3.16000008583069 -3.21000003814697 -3.59999990463257 -3.5699999332428 -3.90000009536743 -4.36000013351441 -4.46999979019165 -4.21000003814697 -4.03999996185303 -3.96000003814697 -3.38000011444092
-9999 -9999 -9999 -7.01000022888183 -5.26999998092651 -4.05000019073486 -7.15999984741211 -6.03999996185303 -8.6899995803833 -9.65999887278305 -10.1700000762939 -8.05000019073486 -8.36999988555908 -7.98999977111816 -5.65000009536743 -5.53000020980835 -5.21999979019165 -5.48999977111816 -5.57000017166138 -4.82000017166138 -4.65000009536743 -4.55999994277954 -4.3899998664856 -4.3600001335144 -4.01000022888184 -3.80999994277954 -3.39000010490417 -2.79999995231628 -2.71000003814697 -2.57999992370605 -2.65000009536743 -2.70000004768372 -2.86999988555908 -3.13000011444092 -3.46000003814697 -3.22000002862196 -3.44000005720928 -3.5699999332428 -3.66000008583069 -3.74000000953674 -4.05999994277954 -4.1100001335144 -3.85999989509582 -3.36999988555908 -3.25
-9999 -9999 -9999 -8.90999984741211 -6.88000011444092 -4.71999979019165 -4.13000011444092 -8.5 -6.15999984741211 -8.5 -9.41999944848243 -9.97999954223633 -9.47999954223633 -8.52999973297119 -6.23999977111817 -6.01999998092651 -5.03000020980835 -5.51999998092651 -5.59000015258789 -5.34000015258789 -4.57000017166138 -4.40999984741211 -4.13000011444092 -4.32000017166138 -4.13000011444092 -3.78999996185303 -3.07999992370605 -2.86999988555908 -2.54999995231628 -2.5699999332428 -2.69000005722046 -2.78999996185303 -2.83999991416931 -3.05999994277954 -3.20000004768372 -3.21000003814697 -3.34999990463257 -3.45000004768372 -3.5699999332428 -3.95000004768197 -3.94000005721988 -3.76999998092605 -3.23000001907339 -3.05999994277947 -2.74000000953714
-9999 -9999 -9.11999988555908 -8.3100004196167 -10.9899997711182 -5.42999982833862 -3.95000004768372 -5.3600001335144 -7.28000020980835 -4.42000007629395 -8.77999973297119 -10.0899999187151 -10.4300003051758 -9.02999973297119 -7.19000005722046 -9.22000026702881 -6.40000009536743 -5.88000011444092 -5.76000022888184 -5.53999996185303 -4.5 -4.3899998664856 -4.25 -4.26000022888184 -3.82999992370605 -3.69000005722046 -3.15000009536743 -2.89000010490417 -2.67000007629395 -2.60999989509582 -2.75 -2.8199999332428 -2.92000007629394 -2.91000008583069 -3 -3.24000000953674 -3.1800000667572 -3.44000005722046 -3.56999993324294 -3.70000004768362 -3.69000005722044 -3.5699999332428 -3.19000005722046 -3.02999997138977 -2.91000008583069
-9999 -9999 -10.3400001525879 -10.8500003814697 -8.76000022888184 -9.96000003814697 -7.05999994277954 -3.98000001907349 -6.15999984741211 -7.78999973916448 -8.4399995803833 -8.01000022888184 -9.76000022888183 -9.27999973297119 -7.23000001907349 -7.84000015258789 -6.76999998092651 -6.17000007629395 -5.86999988555908 -5.44000005722046 -4.34000015258789 -4.30000019073486 -4.26999998092651 -4.23999977111816 -3.77999997249458 -3.65000009563048 -3.16000008583069 -2.85999989509583 -2.51999998092651 -2.60999989509583 -2.75999999046326 -2.75999999046326 -2.86999988555908 -2.78999996185303 -2.76999998092651 -3.22000002861023 -3.41000008583069 -3.64000010490417 -3.66000008583069 -3.66000008583069 -3.65000009536743 -3.48000001907349 -3.22000002861023 -3.00999999046326 -2.86999988555908
-9999 -9999 -9.01000022888183 -7.90000009536743 -8.65999984741211 -9.55000019073486 -9.06000015112783 -4.15999984741211 -3.64000010490417 -7.44000005722046 -5.26000022888184 -6.30999994277954 -8.77000045776367 -8.9399995803833 -6.57999992370605 -6.5 -6.30999994277954 -6.17000007629395 -5.69999980926514 -5.46999979019165 -4.55000019073486 -4.3600001335144 -4.34000015258789 -4.23000001907349 -3.75 -3.64000010490417 -3.20000004768372 -3 -2.46000003814697 -2.39000010490417 -2.55999994277954 -2.65000009536743 -2.77999997138977 -2.96000003814697 -3.02999997138977 -3.29999995231628 -3.51999998092651 -3.75999999046326 -3.70000004768372 -3.69000005722046 -3.66000008583069 -3.49000000953674 -3.23000001907349 -3.0699999332428 -2.89000010490417
-9999 -9999 -8.39000034332276 -7.09999990463257 -7.63000011444092 -10.4799995422363 -8.44999980926514 -6.36999988555908 -3.03999996185303 -7.01999998092651 -7.07999992370605 -7.55999994277954 -6.69999980926514 -9.89000033543455 -9.97000026702881 -5.92999982833862 -5.84999990463257 -5.92999982833862 -5.63000011444092 -5.53999996185303 -4.59999990463257 -4.44999980926514 -4.44999980926514 -4.30000019073486 -3.96000003814697 -3.49000000953674 -2.9300000667572 -2.59999990463257 -2.48000001907349 -2.34999990463257 -2.29999995231628 -2.5 -2.57999992370605 -2.98000001907349 -3.0699999332428 -3.20000004768372 -3.54999995231628 -3.67000007629395 -3.75999999046326 -3.75 -3.50999999046326 -3.51999998092651 -3.26999998092651 -3.13000011444092 -2.88000011444092
-9999 -9999 -4.44999863219587 -6.61999988555908 -9.5 -8.26000022888184 -7.92000007629394 -6.88000011444092 -3.10999989509583 -5.15000009536743 -7.69999974433247 -4.3899998664856 -6 -7.73000001907349 -8.0600004196167 -5.90999984741211 -5.90000009536743 -5.8600001335144 -5.71000003814697 -5.5 -4.67000007629395 -4.65999984741211 -4.57000017166138 -4.38000011444092 -4.05999994277954 -3.61999988555908 -3.11999988555908 -2.51999998092651 -2.48000001907349 -2.28999996185303 -2.03999996185303 -2.22000002861023 -2.50999999046326 -2.79999995231628 -2.91000008583069 -3.10999989509583 -3.26999998092651 -3.54999995231628 -3.86999988555908 -3.70000004768372 -3.54999995231628 -3.45000004768372 -3.22000002861023 -3.05999994277954 -2.63000011444092
