SnowAccumulation_R/test/tmin/final_tmin_01_04_2009.asc
NCOLS 97 
NROWS 69 
XLLCORNER 52512.810182332 
YLLCORNER 5316225.2758522 
CELLSIZE 10000 
NODATA_value -9999 
[rows 0 to 19 of 69, columns 0 to 44 of 97]
-9999.000000000000000 -9999 -9999 -9999 -9999 -9999 -9999 -9999 -9999 -9999 -9999 -9999 -9999 -9999 -9999 -9999 -9999 -9999 -9999 -9999 -9999 -9999 -9999 -9999 -9999 -9999 -9999 -9999 -9999 -9999 -9999 -9999 -9999 -9999 -9999 -9999 -9999 -9999 -9999 -9999 -9999 -9999 -9999 -9999 -9999
-9999 -9999 -9999 -9999 -9999 -11.0799999237061 -11.9399995803833 -12.1700000762939 -12.3900003433228 -10.6700000762939 -10.9499998092651 -10.5500001907349 -9.97999944039577 -9.13000011444092 -9.86999988555908 -9.98999977111816 -9.55000019073486 -9.35999965667725 -9.30000019008219 -9999 -9999 -9999 -9999 -9999 -9999 -9999 -9999 -9999 -9999 -9999 -9999 -9999 -9999 -9999 -9999 -9999 -9999 -9999 -9999 -9999 -9999 -9999 -9999 -9999 -9999
-9999 -9999 -9999 -9999 -9999 -14.3199996948242 -13.75 -12.4799995422363 -11.6800003051758 -9.9399995803833 -9.77000045776367 -8.77999973297119 -8.55000019073486 -8.8599996823719 -9.56999969482422 -9.23999977111816 -9.10999965667725 -9.02999973297119 -8.73999977111816 -9.10000033929055 -8.84000015258789 -8.36999988555908 -8.14000034332275 -7.96000003814697 -7.92000007629395 -7.86999988555908 -7.63999986648559 -7.78000020980835 -7.94000005722046 -7.71000003814697 -7.59000015258789 -7.26000022888184 -6.78999996185303 -6.15000009536743 -5.46999979019165 -4.73000001907349 -4.38000011444092 -3.30999994277954 -2.40000009536743 -1.71000003814697 -1.37000000476837 -1.25999999046326 -1.29999995231628 -1.54999995231628 -1.77999997138977
-9999 -9999 -9999 -9999 -9999 -12.8400001525879 -11.210000038147 -10.8599996566772 -10.520000216887 -8.90999984741211 -8.68000030517578 -8.85000038146972 -8.42000007629395 -9 -9.23999977111816 -9.19999980926514 -9.14999961853027 -9.07999992370605 -8.55000019073486 -8.44999980877118 -7.8899998664856 -7.48999977111816 -7.42999982833862 -7.48000001907349 -7.61000013336855 -7.65999984741211 -7.53000020980835 -7.44000005722046 -7.48999977111816 -7.30000019073486 -7.25 -6.98000001907349 -6.59000015258789 -6.05000019073486 -5.42999982833862 -4.69999980926514 -4.30999994277954 -3.34999990463257 -2.55999994277954 -1.87999999523163 -1.47000002861023 -1.30999994277955 -1.37000000476837 -1.47000002861023 -1.73000001907349
-9999 -9999 -9999 -9999 -9999 -11.6700000762939 -10.6199998855591 -9.82999973944343 -9.15999984741211 -8.86999980911395 -8.27000045776367 -8.19999980926514 -8.28999996185303 -8.4399995803833 -8.51000023305508 -8.68000030517578 -8.97999954223633 -9.02000045776367 -8.46000003814697 -8.05000019073487 -7.73000001907349 -7.01000022888184 -7.05999992823615 -7.03000020980835 -7.09000015258789 -7.09999990463257 -7.11999988555908 -6.98999977111816 -6.92000007629395 -6.96999979019165 -6.88999986651651 -6.82999992370606 -6.57999992370605 -5.96000003814697 -5.32000017166138 -4.51000022888184 -4.1100001335144 -3.25 -2.60999989509582 -1.94000005722046 -1.45000004768372 -1.29999995231628 -1.26999998092651 -1.20000004768372 -1.5900000333786
-9999 -9999 -9999 -9999 -9999 -10.8400001525879 -9.97000026702881 -9.25 -8.97000000264218 -8.1899995803833 -8.39000034332276 -8.27999973297119 -8.26000022888184 -8.30000019073486 -8.39000034332275 -8.39999961853027 -8.56999969482422 -8.65999984741211 -8.5 -7.82999992370605 -7.55999994277954 -7.13000011444092 -6.75 -6.38999986648559 -6.65000009536743 -6.69999980925002 -6.69999980926514 -6.57999992370605 -6.42000007629394 -6.63000011444092 -6.80000019073486 -6.82999992370606 -6.69000005722046 -5.94999980926514 -5.15999984741211 -4.30999994277954 -3.53999996186374 -3.20000004768372 -2.60999989509583 -2.02999997138977 -1.64999997615814 -1.49000000953674 -1.38999998569489 -1.21000003814697 -1.58000004291534
-9999 -9999 -9999 -9999 -9999 -10.3699998855591 -10.039999961853 -9.07999992370605 -8.96000003814697 -8.5100003818993 -8.48999977111816 -8.4399995803833 -8.35999965667725 -8.35000038146973 -8.4399995803833 -8.56999969482422 -8.64000034332275 -8.73999977111816 -8.3100004196167 -7.88000011444092 -7.26000022897336 -7.05999994277954 -6.69999980926514 -6.30000019073486 -6.34999990463257 -6.63000011830274 -6.65000009536743 -6.5 -6.28000020980835 -6.51000022888184 -6.92999982833862 -6.94999980926514 -6.71000003814697 -6.01999998092651 -5.03999996185303 -4.05999994277954 -3.41000008583771 -3.20000004768372 -2.74000000953674 -2.25 -1.86000001430511 -1.48000001907349 -1.41999995708466 -1.42999994754791 -1.82000005245209
-9999 -9999 -9999 -9999 -9999 -10.1899995803833 -9.72000015316672 -9.17000007629395 -9.27999973297119 -9.36999988555908 -8.4999999847663 -8.52999974308734 -8.67000007629395 -8.72999954223633 -8.52000045776367 -8.5 -8.43000030677819 -8.51000022888184 -8.32999992370605 -7.82999992370605 -7.51000022888184 -7.34000015258789 -6.90999984741211 -6.75 -6.8899998664856 -7.44000005722046 -7.75 -7.11000014109295 -6.82999992370606 -7.19000005722046 -7.21999979019165 -7.01999998097386 -6.78000020980835 -6.13000011444092 -5.05000019073486 -4.01999998092651 -3.48000001907634 -3.40000009536743 -3.02999997138977 -2.58999991416931 -2.15000009536743 -1.76999998092651 -1.5900000333786 -1.71000003814697 -2.08999991416931
-9999 -9999 -9999 -9999 -9999 -10.2200002670288 -9.73999977111816 -9.13000011444092 -9.40999984741211 -9.15999984741211 -8.69999980926514 -8.36999990652102 -8.32999992370605 -8.39999961853028 -8.47999954223633 -8.38000011444092 -8.39999961853028 -8.3100004196167 -8.36999988555908 -8.01000022888184 -7.82000017166138 -7.53000021015343 -7.28000020980835 -7.30999994277954 -7.48000001907349 -8.06999969482422 -8.88000011388688 -9.27999973297119 -9.09000015258789 -7.94000005936157 -7.61000013351441 -7.15999984741211 -6.90000009536743 -6.07999992370606 -5.13999986648559 -4.32999992370605 -3.79999995231628 -3.64000010490417 -3.33999991416931 -2.96000003814697 -2.5 -2.13000011444092 -1.96000003814697 -1.92999994754791 -2.19000005722046
-9999 -9999 -9999 -9999 -9999 -10.6999998092651 -10.0500001907349 -9.39000034332275 -9.51000022888184 -9.52999973297119 -9.10000038146973 -8.75 -8.22999955618604 -8.06999969482422 -8.30000019073486 -8.44999980926514 -8.21000003814697 -8.31000042077481 -8.43000030517578 -8.5 -8.38000011444092 -8.15999984741211 -8.01000022888184 -7.76999998092651 -7.90999984741211 -8.60000038146973 -9.60999965667725 -10.1800003051758 -9.48999977111816 -8.67000007629395 -8.01000022888184 -7.28999996191934 -6.96000003820928 -6.1100001335144 -5.26000022888184 -4.59999990463257 -4.07000017166138 -3.86999988555908 -3.5699999332428 -3.29999995231628 -2.74000000953674 -2.25 -2.13000011444082 -1.99000000953674 -2.24000000953674
-9999 -9999 -9999 -9999 -9999 -12.539999961853 -10.3800001144409 -10.0799999237061 -10.039999961853 -9.89000034332275 -9.63000011444092 -9.14000034332275 -8.31999969482422 -8.07999993495558 -8.21000003814697 -8.42000007629394 -8.19999980926514 -8.52000045776367 -8.5 -8.92000007629394 -9.10999965667725 -8.60999965667725 -8.14999961885945 -8.11999988555908 -8.23999977111817 -8.72000026702881 -9.22000026702881 -9.39000034332275 -9.09000015258789 -8.42000007629395 -7.82999992370605 -7.26000022888184 -6.96999979019165 -6.21000003814697 -5.38999986652453 -4.80000019075612 -4.26000022888184 -4.01000022888184 -3.65000009536743 -3.5699999332428 -2.77999997138977 -2.29999995231628 -2.21000003814697 -2.17000007629394 -2.45000004768372
-9999 -9999 -9999 -9999 -13.75 -13.5 -11.9799995422363 -10.7600002288818 -10.6199998855591 -10.5600004196167 -10.2799997329712 -10 -9.11999988555908 -8.55000019073486 -8.27999979005836 -8.32999992370606 -8.36999988555908 -8.5600004196167 -8.57999992459434 -9.09000015258789 -9.0600004196167 -8.65999984741211 -8.5 -8.39000034332275 -8.27000045776367 -8.36999988555908 -8.47999954223633 -8.39999961861683 -8.25 -7.84000015258789 -7.42999982833862 -6.98999977111816 -6.48000001912937 -6.15000009536743 -5.5 -4.86000013351441 -4.26000022888184 -3.90000009536743 -3.4800000190676 -2.9100000858278 -2.48000001907279 -2.28999996185307 -2.28999996185307 -2.29999995231624 -2.69000005722046
-9999 -9999 -9999 -9999 -14.6400003433228 -13.6700000762939 -12.210000038147 -11.1099996566772 -11.2200002670288 -10.8599993789109 -10.0500001907349 -9.72999954223633 -9.27999973297119 -8.57999992370605 -8.72999954223633 -9.0399999434307 -8.40999984741211 -8.64999961853027 -9.27000045776367 -9.32999992370605 -9.34000015258789 -8.80000019073486 -8.67000007629395 -8.52000045776367 -8.15999984741211 -7.92999982833862 -7.67999982833862 -7.46000003814697 -7.30999994277954 -7.07999992370605 -6.90999984741211 -6.67999982833862 -6.28999996189822 -6 -5.30000019073486 -4.69000005722046 -4.05000019073486 -3.39000010490902 -3.05999994277954 -2.58999991416931 -2.35999989509583 -2.30999994277954 -2.33999991416931 -2.51999998092651 -3.01999998092651
-9999 -9999 -9999 -9999 -14.6599998474121 -13.4499998092651 -12.4200000762939 -11.3999996185303 -10.3500003814697 -9.89999961853027 -9.97999954223633 -9.52000045776367 -9 -8.94999980926513 -8.89999961853028 -8.86999988555908 -9.07999992370605 -9.18000030517578 -9.63000011444092 -9.68000030517578 -9.67000005623418 -9.39000034332275 -8.47000026702881 -8.31999969482422 -7.96000003814697 -7.51999998092651 -7.01000022888184 -6.71999979019165 -6.55000019073486 -6.48999977111816 -6.36999988555908 -6.15000009536743 -5.82999992370605 -5.6100001335144 -5.01000022888184 -4.44000005722046 -3.8199999332428 -3.19000005722513 -2.86999988555908 -2.52999997138977 -2.44000005722046 -2.35999989509582 -2.42000007629403 -2.66000008583069 -3.32999992370605
-9999 -9999 -9999 -9999 -15.3100034559112 -12.75 -13.2600001817639 -12.8400001525879 -11.1800003051758 -9.64000034332275 -9.53999996185303 -9.43000030517578 -9.23999977111816 -9.19999980926513 -9.18000030517578 -9.4399995803833 -9.64000034332275 -10.289999961853 -10.199999835526 -9.85000038146973 -9.32999992370605 -8.51000022888184 -8.44999980926514 -8.18000030517578 -7.69999980926514 -6.96000003814697 -6.6100001335144 -6.42999982833862 -6.11999988565236 -6.07000017166138 -5.94000005722046 -5.69000005722046 -5.30999994277954 -5.09999990463257 -4.69000005722046 -4.19000005722046 -3.58999991416931 -2.99000000954117 -2.6800000667572 -2.42000007629395 -2.49000000953674 -2.36999988555908 -2.39000010490419 -2.55999994277954 -3.01999998092651
-9999 -9999 -9999 -9999 -17.0799999237061 -13.1300005448638 -13.4899997711182 -12.7399997711182 -11.5900001525879 -10.4799995422363 -9.77999973297119 -9.88000011444091 -9.39999961853027 -9.44999980926514 -9.43000030517578 -9.64000034332275 -9.84000015258789 -10.3500003814697 -10.8999996185303 -10.1000003814697 -9.63000011444092 -9.4300003141188 -8.39000034332275 -7.15999984907916 -7.15999984741211 -6.53000020980835 -6.36999988555908 -6.13000011444092 -5.84999990463257 -5.73000001907349 -5.59999990463257 -5.28999996185303 -5.01000022888184 -4.80000019073486 -4.3899998664856 -3.96000003814697 -3.36999988555908 -2.8199999332428 -2.57999992370605 -2.45000004768372 -2.48000001907349 -2.32999992370605 -2.40000009536743 -2.51999998092651 -2.99000000953674
-9999 -9999 -9999 -9999 -16.1800003051758 -17.6000003814697 -15.0399994656302 -13.7799994205728 -11.9700002670288 -11.5200004577637 -10.8599996566772 -10.4399995803833 -10.1000003814697 -9.63000011444092 -9.3100004196167 -9.56999969482422 -9.67000007629395 -10.2700004577637 -10.3199996948242 -10 -10.0699996948242 -9.63000011444092 -7.80000019392651 -6.98999977111816 -7.05000019061157 -6.55000019073486 -6.26999998092651 -6.32999992370605 -6.30000019073486 -5.53000020980835 -5.23000001907349 -4.92000007629395 -4.63000011444092 -4.36999988558169 -4.13000011444092 -3.70000004768372 -3.1800000667572 -2.66000008583069 -2.48000001907349 -2.40000009536743 -2.41000008583069 -2.28999996185303 -2.369999885559 -2.53999996185303 -3.08999991416931
-9999 -9999 -9999 -9999 -17.0400009155273 -16.4099998474121 -16.6700000762939 -14.479998692839 -11.9700002670288 -11.6800003051758 -11.6599998474121 -10.9300003051758 -10.6000003465838 -9.46000003814697 -9.17000007629395 -9.28999996185303 -9.59000015515645 -10.3599996566772 -10.7200002670288 -10.4399995803833 -10.2799997329712 -10.0200004615728 -7.96000004451499 -7.34999990463257 -7 -6.86999988555908 -6.32999992370605 -6.3899998664856 -6.34000015258789 -6.05000019073486 -5.69000005722046 -5.17000007629394 -4.40999984741211 -4.19999980926514 -3.90000009536743 -3.42000007629395 -2.92000007629394 -2.42000007629395 -2.29999995231628 -2.19000005722046 -2.1800000667572 -2.23000001907349 -2.38000011444089 -2.70000004768372 -3.21000003814697
-9999 -9999 -9999 -9999 -16.9599998993229 -17.3999996185303 -16.8600006103516 -12.8999996185303 -12.75 -10.75 -11.4300003051758 -10.3800001144409 -9.65999984741211 -9.31999969482422 -9.39000034332275 -8.80000019073486 -9.59000015258789 -10.3000001957 -11.0000000002348 -9.97999954223633 -9.77999973344638 -9.27000045776367 -8.14999961853027 -7.55999994277954 -7.17000007629394 -7.07999992370605 -6.6399998664856 -6.46000003814697 -6.23000001907349 -5.92000007629394 -5.32000017166138 -5.23999977111816 -4.25 -4.13000011444092 -3.59999990463257 -3.24000000953674 -2.54999995231628 -2.08999991416931 -2.02999997138977 -1.98000001907349 -2.14000010490417 -2.27999997138977 -2.45000004768372 -2.83999991416931 -3.26999998092651
-9999 -9999 -9999 -9999 -17.3500003814697 -17.75 -16.7099990844727 -15.2600002288818 -9.1899995803833 -9.97999954223633 -10.8299999237061 -10.6400003433228 -10.3999996185303 -9.60000038146973 -8.63000011444092 -8.61999988555908 -9.02000045776367 -11.539999961853 -10.6800003051758 -9.52000045776367 -8.77000045776367 -8.52999973297119 -7.76000022888184 -7.59999990090821 -7.17000007629394 -7.11999988555908 -6.75 -6.53000020980835 -6.26999998092651 -5.92000007629394 -5.32000017166138 -4.96999979019165 -4.01000022888184 -3.85999989509582 -3.3199999332428 -2.95000004768372 -2.30999994277954 -1.86000001430511 -1.78999996185303 -1.83000004291534 -2.15000009536743 -2.42000007629395 -2.63000011444092 -2.91000008583069 -3.34999990463257
