SnowAccumulation_R/test/tmin/final_tmin_03_04_2009.asc
NCOLS 97 
NROWS 69 
XLLCORNER 52512.810182332 
YLLCORNER 5316225.2758522 
CELLSIZE 10000 
NODATA_value -9999 
[rows 40 to 59 of 69, columns 46 to 91 of 97]
-4.48999977111816 -3.90000009536743 -3.95000004768372 -4.07999992370605 -4.1399998664856 -4.19999980926514 -3.78999996185303 -3.79999995231628 -3.82999992370605 -3.8199999332428 -3.78999996185303 -3.75999999046326 -3.72000002861023 -3.67000007626523 -3.54999995231628 -3.42000007629395 -3.26999998092651 -3.25 -3.20000004768372 -3.17000007629394 -3.14000010490418 -3.05999994277954 -3.04999995231628 -3.07999992370606 -3.19000005722046 -3.45000003699375 -3.47000002954008 -3.78999996185303 -4.05000019073486 -4.38000011377407 -4.57000017166138 -4.86999988555908 -5.09000015258789 -5.19000005722046 -5.42000007629395 -5.61999988555908 -5.73000001907349 -5.98000001907349 -6.30999994277954 -6.48000001907349 -6.73999977111816 -7.1399998664856 -7.28999996185303 -7.44999980926514 -8.07999992370605 -8.5
-4.63000011444092 -4.6100001335144 -4.07999992370605 -4.42999982833862 -4.46000003814697 -4.3600001335144 -3.79999995231628 -3.77999997138977 -3.77999997138977 -3.70000004768372 -3.67000007629395 -3.66000008583069 -3.63000011444092 -3.58999991414639 -3.5 -3.35999989509583 -3.25999999046326 -3.25999999046326 -3.20000004768372 -3.14000010490418 -3.10999989509583 -3.11999988555908 -3.13000011444092 -3.23000001907349 -3.25 -3.33999991416931 -3.40000009536743 -3.6800000667572 -3.88000011444092 -4 -4.28999996185303 -4.65000009536743 -4.80999994277954 -4.8899998664856 -5.21000003814697 -5.28000020882376 -5.34999990463257 -5.59000015258789 -6.01000017431598 -6.07000017166138 -6.67000007629394 -7.32999992370605 -7.67000007629395 -8.26000022888184 -8.63000011444092 -8.85000038146973
-4.8600001335144 -4.80999994277954 -4.42999982833862 -4.30000019073486 -4.44999980926514 -4.53999996185303 -3.86999988555908 -3.86999988555908 -3.76999998092651 -3.66000008583069 -3.57999992370605 -3.57999992370605 -3.51999998092651 -3.5 -3.40000009536743 -3.33999991416931 -3.29999995221628 -3.23000001907349 -3.17000007629395 -3.11999988588426 -3.10999989509583 -3.22000002861023 -3.14000011111169 -3.26999998092651 -3.25 -3.46000003814697 -3.5 -3.60999989509583 -3.77999997138977 -3.86999988555908 -4.05000019073486 -4.3600001335144 -4.5 -4.71000003814697 -4.98999977111816 -5.1399998664856 -5.17000007629395 -5.34999990463257 -5.3899998664856 -5.92000007629395 -6.59000015258789 -6.98999977111816 -7.94000005722046 -9.0600004196167 -9.02000045776367 -9.14999961853027
-4.90999984741211 -4.84999990463257 -4.82000017166138 -4.65999984741211 -4.6100001335144 -4.71000003814697 -3.77999997138977 -3.77999997138977 -3.72000002861023 -3.64000010490417 -3.5699999332428 -3.48000001907349 -3.4300000667572 -3.40000009536743 -3.34999990463257 -3.28999996185303 -3.28999996185303 -3.17000007629395 -3.17000007629395 -3.14000010490417 -3.20000005066464 -3.30999994277954 -3.38000011444092 -3.35999989509583 -3.41000008583069 -3.35999989509583 -3.41000008583069 -3.51999998092651 -3.67000007629395 -3.75 -3.86999988555908 -4.07000017166138 -4.19999980926514 -4.40000009536743 -4.61999988555908 -4.75 -5.11999988555908 -5.05000019073486 -5.28000020980835 -5.73000001907349 -6.42000007629395 -6.84000015258789 -7.80000019073486 -8.72000026702881 -8.93000030517578 -9.19999980926513
-5.13000011444092 -4.8899998664856 -4.94000005722046 -4.88000011444092 -4.8600001335144 -4.84999990463257 -3.78999996185303 -3.72000002861023 -3.59999990463257 -3.49000000953674 -3.44000005722046 -3.39000010490417 -3.36999988555908 -3.34999990463257 -3.3199999332428 -3.30999994277954 -3.29999995231628 -3.19000005722046 -3.21000003814697 -3.24000001207553 -3.3199999332428 -3.46000003814697 -3.5 -3.52999997138977 -3.36999988555908 -3.35999989509583 -3.33999991416931 -3.35999989509583 -3.41000008602641 -3.59999990463257 -3.71000003814697 -3.76999998092651 -3.90000009536743 -4.07999992370605 -4.17999982833862 -4.40000009536743 -4.44999985087587 -4.88999983129235 -5.13000011444092 -5.48999977111816 -6.13999974207257 -6.53000020980835 -7.40999984741211 -8.22999922593874 -8.55000019073486 -9.03999996185303
-5.03000020980835 -5.03000020980835 -5.03000020980835 -4.84999990463257 -4.82999992370606 -4.88000011444092 -3.70000004768372 -3.66000008583069 -3.52999997138977 -3.44000005722046 -3.4300000667572 -3.32999992370605 -3.32999992370605 -3.32999992370605 -3.3199999332428 -3.30999994277954 -3.30999994314862 -3.31999993503625 -3.36999988555908 -3.33999991416931 -3.42000007629394 -3.49000000953674 -3.50999999046326 -3.46000003814697 -3.46000003814697 -3.4300000667572 -3.45000004768372 -3.27999997138977 -3.29999995231628 -3.39000010490417 -3.5 -3.55999994277954 -3.76999998092651 -3.88000011444092 -3.9300000667572 -3.92000009471554 -4.19000005722046 -4.38000011444092 -4.78000020980835 -5.25 -5.55000019073486 -6.1100001335144 -6.92999982833862 -7.34999990463257 -8.10999965667725 -8.76000022888184
-4.94999980926514 -5.03000020980835 -5.05000019073486 -4.73000001907349 -4.55000019073486 -4.84000015258789 -3.78999996185346 -3.75 -3.54999995231628 -3.39000010490417 -3.40000009536743 -3.33999991416931 -3.27999997138977 -3.26999998092651 -3.38000011450034 -3.57999992370605 -3.5699999332428 -3.46000003814697 -3.42000007629395 -3.4300000667572 -3.48000001907349 -3.5 -3.49000000953674 -3.38000011444092 -3.19000005722046 -3.19000005722046 -3.24000000953674 -3.20000004768372 -3.23000001907349 -3.28999996185303 -3.35999989509583 -3.41000008583069 -3.60999989509583 -3.67000007629395 -3.5 -3.69000005722046 -3.86999988555908 -4.03999996185303 -4.46999979019165 -4.86999988555908 -5.05000019073486 -5.59999990463257 -6.40000009536743 -6.82999992370606 -7.67000007629395 -8.40999941332109
-5.21000003814697 -5.15999984741211 -5.25 -4.92999982833862 -4.80999994277954 -4.94999980926514 -3.95000004768608 -3.95000004768372 -3.59999990463257 -3.44000005721701 -3.35999989509583 -3.30999994297072 -3.2799999716146 -3.54999995231628 -3.76999998092651 -3.700000047509 -3.48000001907349 -3.52999997138977 -3.54999995231628 -3.53999996185303 -3.55999994277954 -3.42000007629395 -3.38000011444092 -3.25 -3.11999988555908 -3.13000011444092 -3.13000011444092 -3.22000002861023 -3.25 -3.20000004768372 -3.21000003811152 -3.25999999046326 -3.38000011444092 -3.24000000953674 -3.29999995231628 -3.42000007629395 -3.51999998092651 -3.75999999046326 -4.05000019073486 -4.21999979019165 -4.59000015258789 -5.05000019073486 -5.42000007629395 -6.32000017166138 -7.19999980926514 -7.61999895088115
-5.36999988555908 -5.51999998092651 -5.51000022888184 -5.51000022888184 -5.11999988555908 -5.13999986648559 -4.40999984741274 -4.25 -3.7699999809775 -3.53999996197972 -4.03999996185303 -4.15000009536743 -3.96000003814293 -3.96000003814697 -3.8199999332428 -3.73000001889835 -3.4300000667572 -3.51999998092651 -3.5599999428036 -3.5 -3.47000002861023 -3.39000010451036 -3.25 -3.1800000667572 -3.14000010490418 -3.15000009536743 -3.16000008583069 -3.19000005722046 -3.1800000667572 -3.15000009536743 -3.10999989509583 -3.16000008583069 -3.09999990463257 -3.09999990463257 -3.11999988555908 -3.20000004768372 -3.24000000953674 -3.5 -3.75999999046326 -3.90000009536743 -4.21999979019165 -4.57999992370605 -4.98000001907349 -5.92999982833862 -6.73999906794235 -6.71000003814697
-5.65000009536743 -5.78000020980835 -5.94000005722046 -5.94000005722046 -5.92000007629394 -5.57000017166138 -6 -5.21000003814697 -4.69000005722046 -4.90000009536743 -4.82999992370605 -4.53999996185303 -4.32000017166138 -4.03000020980835 -3.84999990463257 -3.74000000953674 -3.41000008583069 -3.54999995231628 -3.53999996185303 -3.51999998092651 -3.41000008583069 -3.44000005722046 -3.28999996185303 -3.20000004768372 -3.20000004768372 -3.11999988555908 -3.07999992370605 -3.08999991416931 -3.02999997138977 -3.00999999046326 -2.99999998471161 -2.97000002861023 -2.99000000953674 -3.01999998092651 -2.99000000953674 -3.01999998092651 -3.05999994277954 -3.28999996185303 -3.60999986276147 -3.74000000953674 -3.97000002861023 -4.42999971990394 -4.76999998092651 -5.55999994277954 -5.6399998664856 -6.32000017166138
-5.96000003814697 -6.05999994277954 -6.25 -6.67999982833862 -6.32999992370606 -5.80000019073486 -6.26000022888184 -5.65000009536743 -5.13999986648559 -5.05000019073486 -4.65000009536743 -4.32999992370605 -4.13000011444092 -3.88000011444092 -3.75999999046326 -3.49000000953674 -3.4300000667572 -3.58999991416931 -3.65000009536743 -3.61999988555908 -3.52999997138977 -3.48000001907349 -3.53999996185303 -3.28999996185303 -3.26999998092651 -3.10999989509583 -3.00999999046326 -2.95000004768372 -2.97000002861023 -2.91000007648526 -2.86999988555908 -2.86999988555908 -2.90000009536743 -2.9300000667572 -2.9300000667572 -2.94000005722046 -2.97000002861023 -3.09999990463257 -3.27999997138977 -3.5 -3.78999996185303 -4.01999998092651 -4.57999992370605 -5.05000019073486 -5.3600001335144 -5.96999979019165
-5.96000003814697 -6 -6.63000011444092 -7.67999982833862 -6.98000001907349 -6.48000001907349 -6.25 -5.48999977111816 -4.82999992370605 -4.75 -4.28999996185303 -3.91000008583069 -3.92000007629395 -3.61999988555908 -3.39000010490417 -3.40000009536743 -3.51999998092651 -3.73000001907349 -3.71000003814697 -3.74000000953674 -3.60999989509583 -3.64000010490417 -3.69000005722046 -3.44000005722046 -3.25 -3.10999989509583 -2.98000001907349 -2.96000003814697 -2.98000000393464 -2.80999994285086 -2.83999991416931 -2.88000011444092 -2.8199999332428 -2.82999992370606 -2.82999992370605 -2.86999988555908 -2.82999992370605 -2.88000011444092 -2.99000000953674 -3.26999998092651 -3.5699999332428 -3.79999995231628 -4.15999984741211 -4.76999977998755 -5.07000017166138 -5.67000007629395
-5.80999994277954 -5.98000001907349 -6.94000005722046 -6.78000020980835 -6.34999990463257 -5.84999990463257 -5.69999980926514 -5.05000019073486 -4.5 -4.32999992370605 -4.01999998092651 -3.71000003814697 -3.5699999332428 -3.40000009536743 -3.34999990463257 -3.35999989509583 -3.55999994277954 -3.74000000953674 -3.69000005722046 -3.70000004768372 -3.72000002861023 -3.72000002861023 -3.5699999332428 -3.50999999021882 -3.3199999332428 -3.11999988555908 -3.05999994277954 -2.98000001907349 -2.8199999332428 -2.80999994277954 -2.84999990463257 -2.95000004768372 -2.89000010490417 -2.86999988555908 -2.9300000667572 -2.89000010490418 -2.98000001907349 -2.92000008501548 -2.86999988555908 -3.01999998092651 -3.17000007629394 -3.60999968492125 -4.01999998092651 -4.28999996185303 -4.82000017166138 -5.40000009536743
-5.3899998664856 -5.82000017166138 -6.07999992370605 -6.09000015258789 -5.63000011444092 -5.21000003814697 -5.05999994277954 -4.67000007629395 -4.26999998092651 -4.09000015258789 -3.85999989509583 -3.64000010490418 -3.54999995231628 -3.47000002861023 -3.42000007629394 -3.41000008583069 -3.53999996185303 -3.6199998856933 -3.67000007629395 -3.65000009536743 -3.65000009532961 -3.63000011444092 -3.4300000667572 -3.33999991416931 -3.4300000667572 -3.26999997376891 -3.23000001907349 -3.02999997138977 -2.98000001907349 -2.99000000953674 -3.07999992370605 -3.17000007629394 -3.08999991416931 -3.0699999332428 -2.81999993736828 -2.79999995231628 -2.74000000953674 -2.90000009536743 -2.75 -2.83999991416931 -3.00000000946365 -3.34999990463257 -3.73000001907349 -4.01999998092651 -4.59000015258789 -5.09999964353725
-4.92999982833862 -5.25 -5.13999986648559 -5.13999986648559 -5 -4.63000011444092 -4.61999988555908 -4.34999990463257 -4.09000015258789 -3.9300000667572 -3.8199999332428 -3.65000009536743 -3.59999990463257 -3.52999997138977 -3.50999999044703 -3.47000002861023 -3.59999990463257 -3.66000008588838 -3.70000004768372 -3.65000009536743 -3.60999989509583 -3.47000002861023 -3.14000010490418 -3.09999990463257 -2.79999995231628 -2.86999988555908 -3.0699999332428 -3.14000010490417 -3.02999997138977 -3.09999990463257 -3.13000011444092 -3.05999994277954 -3.09999990463257 -2.99000000953674 -2.98000001907349 -2.71000003814697 -2.57999992370606 -2.59999990463257 -2.54999995231628 -2.83999980118481 -2.83999991416931 -3.19000005722046 -3.58999983232772 -3.76999998092651 -4.30000019073486 -4.53000020980835
-4.57000017166138 -4.55999994277954 -4.42000007629395 -4.26999998092651 -4.21999979019165 -4.15000009536743 -4.05999994277954 -3.99000000953674 -3.91000008583069 -3.76999998092651 -3.77999997138977 -3.84999990463257 -3.73000001907349 -3.53999996185303 -3.5 -3.50999999046326 -3.5699999332428 -3.60999989509583 -3.65000009536743 -3.52999997138977 -3.46000003814697 -3.30999994277954 -2.84999989871842 -2.50999999046326 -2.36999988555908 -2.6800000667572 -2.98000001907349 -2.85999989509583 -2.89000010467926 -2.80999994277954 -2.88000011444092 -2.82999992370605 -2.83999991416931 -2.96000003814697 -2.84999990463257 -2.74000000953674 -2.5 -2.42000007629395 -2.27999995081368 -2.20000004768372 -2.64000010490417 -3 -3.25999999046326 -3.63000011444092 -4.13000011444092 -4.32999992370605
-4.19999980926514 -3.94000005722046 -3.50999999046326 -3.59999990463257 -3.61999988555908 -3.70000004768372 -3.70000004768372 -3.64000010490417 -3.70000004768372 -3.70000004768372 -3.59999990463257 -3.66000008583899 -3.72000002861023 -3.64000010490417 -3.63000011444092 -3.5699999332428 -3.61999988555908 -3.60999989509583 -3.55999994277954 -3.35999989509583 -3.24999999691385 -2.80999994277954 -2.36999988555908 -2.22000002861023 -2.26999998092651 -2.28999996272878 -2.6800000667572 -2.66000008583069 -2.61999988555908 -2.58999991416931 -2.64000010490417 -2.72000002861023 -2.70000004768372 -2.83999991244232 -2.76999998092651 -2.47000002861023 -2.40000009536743 -2.25000173077915 -5.17000007629394 -5.55749988555908 -5.87249994277954 -5.94500017166138 -6.23750019073486 -6.60500001907349 -6.59250007902847 -6.73750019073486
-4.05999994277954 -3.50999999046326 -3.23000001907349 -3.23000001907349 -3.29999995231628 -3.39000010490417 -3.44000005722046 -3.38000011444092 -3.44000005722046 -3.5 -3.46000003814697 -3.51999998092651 -3.49000000953674 -3.75 -3.73000001907349 -3.66000008583069 -3.67000007629395 -3.6800000667572 -3.52999997375456 -3.73499989509583 -3.6175000667572 -3.60249996185303 -3.47499990322588 -3.18499994277954 -3.40499997138977 -3.30749988555908 -2.99749994277954 -3.41499996185303 -3.22749996185303 -3.54749989509583 -3.93249988555908 -4.14750003814697 -4.86749982833862 -5.02500009536743 -4.55499982833862 -4.7975001335144 -4.88250008224572 -5.1725001335144 -5.35249996185303 -5.57250022888184 -5.38000011444092 -5.38250017166138 -5.98750019073486 -6.4225001335144 -6.15500020980835 -6.4850001335144
-4.32749986648559 -4.60500001907349 -4.88749980926514 -4.85500001907349 -4.80749988555908 -4.92500019073486 -4.95749998092651 -5.07749986648559 -4.94750022889423 -5.21750020980835 -4.94999980926514 -4.88250017166138 -4.66499996185303 -4.82000017166138 -4.84999990463257 -4.58500003814697 -4.23000001900794 -4.05000019073486 -3.71499991416931 -3.65750002842171 -3.56750011444092 -3.21250009536743 -3.42249989509583 -3.19000005722046 -3.03999996185303 -2.86500000953674 -2.96250009536743 -3.00999999046326 -2.70749998092651 -2.96250009536743 -3.2374999558435 -4.03749990463257 -4.73750019073486 -4.84250020980835 -4.93249988555908 -4.42749994915057 -4.69999980926514 -4.87750005722046 -5.0774998664856 -5.27250003814697 -4.78749990463257 -4.91750001907349 -5.69999980926514 -6.27750015258789 -6.32000017166138 -6.47499990463257
-4.45749998092651 -4.78000020980835 -4.80749988555908 -4.88000011444092 -4.63250017166138 -4.90000009536743 -5.11499977111816 -5.10249996185303 -5.07499980924713 -4.77250003814697 -4.81750011444092 -4.86749982833862 -4.59749984741211 -4.74999999984577 -4.73999977091532 -4.46500015258789 -4.14249992370605 -3.95749998092651 -3.47000002861023 -3.32999992370605 -3.27250003814697 -3.26500010490417 -3.03999996185303 -3.17000007629394 -2.98250007629395 -3.10500001907349 -2.78999996185303 -2.69250011360294 -2.30250000953674 -2.74499988555908 -3.1800000667572 -3.98749995231628 -4.85750007629395 -4.93249988555908 -4.84749989734414 -4.67250019170315 -4.73250007629395 -4.43249988555908 -4.69000005722046 -4.83500003814697 -4.45749998092651 -4.71250009536743 -5.14249992370605 -5.05749988555908 -5.29250001907349 -5.87750005722046
