SnowAccumulation_R/test/tmin/final_tmin_13_04_2009.asc
NCOLS 97 
NROWS 69 
XLLCORNER 52512.810182332 
YLLCORNER 5316225.2758522 
CELLSIZE 10000 
NODATA_value -9999 
[rows 40 to 59 of 69, columns 45 to 89 of 97]
1.01999998092651 1.17999994754791 1.24000000953674 1.28999996185303 1.16999995708466 1.21000003814697 1.22000002861023 2.40000009536743 2.33999991416931 2.19000005722046 2.0699999332428 2.02999997138977 1.87999999523163 1.74000000953674 1.69000005720323 1.63999998569489 1.58000004291534 1.53999996185303 1.48000001907349 1.37000000476837 1.26999998092651 1.21000003814697 0.97000002861023 0.310000002384186 -0.0799999982118607 -0.800000011920929 -1.24999997174798 -1.04999995284763 -1.25 -1.30999994277954 -1.33000004287612 -1.3400000333786 -1.30999994277954 -1.19000005722046 -1.11000001430511 -1 -0.839999973773956 -0.759999990463257 -0.550000011920929 -0.349999994039535 -0.340000003576279 -0.620000004768372 -0.730000019073486 -0.779999971389771 -0.870000004768372
1.23000001907349 1.25 1.29999995231628 1.37000000476837 1.38999998569489 1.45000004768372 1.54999995231628 2.66000008583069 2.63000011444092 2.48000001907349 2.40000009536743 2.32999992370605 2.10999989509583 1.9099999666214 1.85000002379601 1.72000002861023 1.64999997615814 1.57000005245209 1.49000000953674 1.4099999666214 1.35000002384186 1.30999994277954 1.12000000476837 0.639999985694885 0.319999992847443 -0.0700000002980232 -0.589999973773956 -0.769999980926514 -1.02999997138977 -1.12000000476837 -1.13999998569489 -1.16999995708466 -1.22000002861023 -1.23000001907349 -1.03999996185303 -1.08000004291534 -0.870000017567793 -0.790000021457672 -0.6700000166893 -0.510000007825099 -0.620000004768372 -0.689999997615814 -0.839999973773956 -0.910000026226044 -1
1.3400000333786 1.37999999523163 1.42999994754791 1.50999999046326 1.64999997615814 1.71000003814697 1.82000005245209 2.85999989509583 2.78999996185303 2.73000001907349 2.63000011444092 2.60999989509582 2.32999992370605 2.10999989509583 2 1.8400000333786 1.6599999666214 1.600000023799 1.48000001907349 1.4099999666214 1.36000001463029 1.3400000333786 1.25999999046326 0.92000002326197 0.720000028610229 0.0599999986588955 -0.46000000834465 -0.649999976158142 -0.879999995231629 -1 -1.01999998092651 -1.00999999046326 -1.05999994277954 -1.07000005245209 -1.03999996185303 -1.07000005245209 -1.0900000333786 -0.930000007152557 -0.8299999833107 -0.779999971389771 -0.720000028610229 -0.759999990463257 -0.810000002384186 -0.97000002861023 -1.12999999523163
1.37000000476837 1.39999997615814 1.45000004768372 1.5 1.62999999523163 1.74000000953674 1.73000001907349 3.38000011444092 3.26999998092651 3.0699999332428 2.85999989509583 2.77999997138977 2.54999995231628 2.26999998092651 2.13000011444092 1.88999998569489 1.66999995708466 1.54999995231628 1.46000003814697 1.32000005245209 1.28999996176563 1.21000003112049 0.860000014305115 0.75999999003206 0.469999998807907 -0.0399999991059303 -0.419999986886978 -0.569999992847443 -0.790000021457672 -0.899999976158142 -0.920000016689301 -0.889999985694885 -0.879999995231628 -0.899999976158142 -0.879999995231628 -0.889999985694885 -0.9200000166893 -1.03999996185303 -0.889999985694885 -0.930000007152557 -0.819999992847443 -0.819999992847443 -0.839999973773956 -0.910000026226044 -0.939999997615814
1.46000003814697 1.47000002861023 1.42999994754791 1.62999999523163 1.72000002861023 1.55999994277954 1.55999994277954 3.82999992370605 3.75 3.52999997138977 3.27999997138977 3.13000011444092 2.76999998092651 2.38000011444092 2.21000003814697 1.87999999523163 1.57000005245209 1.44000005722046 1.30999994277954 1.12000000476837 1.02999996488413 0.560000002384186 0.319999992847443 0.209999993443489 -0.0399999991059303 -0.239999994635582 -0.389999985694885 -0.600000023841858 -0.709999978542328 -0.759999990561116 -0.829999983310699 -0.790000021457672 -0.769999980926514 -0.699999988079071 -0.680000007152557 -0.689999997615814 -0.730000019073486 -0.730000039878837 -0.95999996178365 -1.05999994277954 -0.930000007152557 -0.900000018925167 -0.870000004768372 -0.839999973773956 -0.750000048661245
1.44000005722046 1.38999998569489 1.44000005722046 1.55999994277954 1.75 1.60000002384186 1.52999997138977 4.42999982833862 4.23000001907349 3.92000007629395 3.54999995231628 3.29999995231628 2.9300000667572 2.44000005722046 2.21000003814697 1.80999994277954 1.46000003814697 1.29999995077844 0.9999999962423 0.439999997615814 0.360000014305115 0.0900000035762787 -0.150000005960464 -0.25 -0.400000005960464 -0.600000023841858 -0.6700000166893 -0.810000002384186 -0.740000009536743 -0.740000009536743 -0.720000028610229 -0.670000016689301 -0.639999985694885 -0.639999985694885 -0.579999983310699 -0.540000021457672 -0.479999998481968 -0.629999995231628 -0.759999990463257 -0.980000019073486 -1.19000005722046 -1.30999994277954 -0.990000009536743 -0.899999976158142 -0.800000011920929
1.48000001907349 1.32000005245209 1.39999997615814 1.55999994277954 1.85000002384186 1.94000005722046 1.39999997615814 5.01999998091844 4.42000007629395 4.11999988555908 3.79999995231628 3.48000001907349 2.96000003814697 2.47000002861023 2.24000000953674 1.61000001382977 0.790000021457672 0.620000004768372 0.370000004768372 0.0700000002980232 -0.0900000035762787 -0.389999985694885 -0.620000004768371 -0.689999997615814 -0.769999980926514 -0.759999990463257 -0.810000002384186 -0.879999995231628 -0.810000002384186 -0.790000021457672 -0.709999978542328 -0.600000023841858 -0.560000002384186 -0.529999971389771 -0.430000007152557 -0.25 -0.340000003576279 -0.5 -0.639999985694885 -1 -1.23000001907349 -1.24000000953674 -1.25 -0.959999978542328 -0.889999985694885
1.6599999666214 1.45000004768372 1.46000003814697 1.32000005245209 1.73000001907349 1.72000002861023 1.27999997138977 5.0700001716491 4.28999996185303 4.21000003814697 4.17999982830643 3.61999988555908 2.9800000185997 2.71000003744935 1.53999996185303 0.779999971389771 0.670000016678381 0.519999980926514 0.0299999993294477 -0.389999985694885 -0.569999992847443 -0.899999976158142 -1.03999996185303 -1.10000002384186 -1.12999999523163 -1.07000005245209 -1.08000004291534 -1.02999997138977 -0.990000009536743 -0.939999997615814 -0.730000019073486 -0.540000021776708 -0.469999998807907 -0.370000004768372 -0.180000007152557 -0.0799999982118607 -0.159999996423721 -0.28999999165535 -0.600000023841858 -0.899999976158142 -1.04999995231628 -1.29999995231628 -1.41999995708466 -1.38999998569489 -1.00999999046326
1.52999997138977 1.46000003814697 1.17999994754791 1.19000005722046 1.23000001907349 1.5 1.0900000333786 4.40999984740163 3.78999996185303 3.91000008570151 3.99999999963439 1.79999995231628 0.889999985694885 1.05999994271882 0.75 0.600000023841858 0.509999990430419 0.379999995231628 -0.219999998807907 -0.500000000625488 -0.939999997615814 -1.30999994277954 -1.40999996684019 -1.50999999046326 -1.52999997138977 -1.49999999987307 -1.44000005722046 -1.32000005245209 -1.25 -1.02999997138977 -0.769999980926514 -0.620000004768372 -0.419999986886978 -0.170000001788139 -0.0799999982118607 0.0399999991059303 -0.0599999986588955 -0.209999993443489 -0.610000014305115 -0.959999978542328 -1.11000001430511 -1.38999998569489 -1.52999997138977 -1.50999999046326 -1.44000005722046
1.12999999523163 1.11000001430511 1.03999996185303 0.990000009536743 0.870000004768372 0.540000021457672 0.600000023841858 1.5900000333786 1.83000004291534 1.62999999523163 0.419999986886978 -0.379999995231628 0.230000004172325 0.430000007152557 0.620000004768372 0.519999980926514 0.430000007152557 0.239999994635582 -0.490000009536743 -0.790000021457672 -1.36000001430511 -1.77999997138977 -1.98000001907349 -2.07999992370605 -2.03999996185303 -2 -1.77999997138977 -1.51999998092651 -1.39999997615814 -1.07000005245209 -0.759999990463257 -0.610000014305115 -0.319999992847443 -0.0799999982118607 -0.00999999977648258 0.0500000007450581 -0.100000001490116 -0.259999990463257 -0.689999997615814 -1.14999993431365 -1.33000004291534 -1.49000000953674 -1.61000000129296 -1.62000000476837 -1.49000000953674
1.03999996185303 0.889999985694885 0.860000014305115 0.730000019073486 0.610000014305115 0.370000004768372 0.449999988079071 1.36000001430511 1.5900000333786 0.959999978542328 1.36000001430511 0.0399999991059303 0.529999971389771 0.75 0.879999995231628 0.670000016689301 0.680000007152557 0.109999999403954 -0.709999978542328 -1.10000002384186 -1.80999994277954 -2.39000010490417 -2.57999992370605 -2.78999996185303 -2.60999989509583 -2.5 -2.13000011444092 -1.73000001907349 -1.50999999046326 -1.16999995708466 -0.779999974504911 -0.610000014305115 -0.25 0.00999999789125287 0.0900000035762787 0.0799999982118607 -0.00999999977648258 -0.370000004768372 -0.8299999833107 -1.11000001430511 -1.49000000953674 -1.6599999666214 -1.75 -1.75999999046326 -1.89999997615814
0.879999995231629 0.689999997615814 0.629999995231628 0.540000021457672 0.370000004768372 0.860000014305115 1.22000002861023 1.38999998569489 1.67999994754791 1.51999998092651 1.19000005722046 1.20000004768372 1.41999995708466 1.27999997138977 1.37999999523163 1.14999997615814 0.8299999833107 0.00999999977648258 -0.879999995231628 -1.29999995231628 -2.16000008583069 -2.96000003814697 -3.21000003814697 -3.28999996185303 -3.15000009536743 -2.91000008583069 -2.45000004768372 -1.95000004768372 -1.72000002861023 -1.30999994530269 -1.05999994195934 -0.610000014305115 -0.189999997615814 0 0.219999998807907 0.189999997615814 0.0599999986588955 -0.439999997615814 -1.00999999046326 -1.27999997138977 -1.72000002861023 -1.85000002384186 -1.89999997615814 -2.15000009536743 -2.04000000873871
0.639999985694885 0.310000002384186 0.280000001192093 1.37999999523163 1.42999994754791 1.62000000476837 1.87000000476837 1.86000001430511 2.11999988555908 2.22000002861023 2.15000009536743 2.04999995231628 2.0699999332428 2.0699999332428 1.89999997615814 1.3400000333786 0.970000028610229 0.0299999993294477 -0.930000007152557 -1.41999995708466 -2.45000004768372 -3.39000010490417 -3.69000005722046 -3.86999988555908 -3.70000004640042 -3.26999998092651 -2.72000002861023 -2.45000004768372 -2.02999997138977 -1.39999997615814 -1.12000000476837 -0.600000023841858 -0.109999999403954 0.129999995231628 0.449999988079071 0.469999998807907 0.280000001192093 -0.370000004768372 -1.25999993315025 -1.62999999523163 -2.00999999046326 -2.09999990463257 -2.18000038755024 -2.45000004768372 -2.35999989509583
4.96000003814697 4.59000015258789 3.55999994277954 2.47000002861023 2.21000003814697 2.41000008583069 2.57999992370605 2.5699999332428 2.64000010490417 2.70000004768372 2.72000002861023 2.59999990463257 2.50999999046326 2.42000007629395 2.08999991416931 1.48000001907349 1.0900000333786 0.140000000596046 -0.370000005765399 -1.42999994754791 -2.57999992370605 -3.18000006914007 -4.40000009536743 -4.23000001907349 -3.95000004768372 -3.36999988555908 -2.91000008648138 -2.6800000667572 -2.11999988555908 -1.52999997138977 -1.23000001907349 -0.660000026226044 -0.109999999403954 0.209999993443489 0.720000028610229 0.800000014921277 0.579999983310699 -0.409999996423721 -0.870000004768372 -2.05999994277954 -2.49000000953674 -2.52000048250034 -2.85999989509583 -2.48000001907349 -2.40000009536743
5.42000007629395 5.05999994277954 3.98000001907349 3.46000003814697 3.20000004768372 3.00999999046326 3.1800000667572 3.02999997138977 3.04999995231628 3.04999995231628 3.07999992370605 2.91000008583069 2.79999995231628 2.67000007629395 2.25999999046326 1.96000003787109 1.23000001907349 0.270000010728836 -0.239999995616256 -1.27999997138977 -2.39000010490417 -2.96000003814697 -3.95000004768372 -4 -3.8199999332428 -3.16000008583069 -2.78999996185303 -2.60999989509582 -2.15000009536743 -1.57000005245209 -1.28999996185303 -0.689999997615814 -0.349999994039535 0.25 0.930000007152557 1.23000001907349 0.870000004768372 -0.529999971389771 -1.22000002861023 -2.64000010490417 -3.04000020396287 -3.29999995231628 -3.01999998092651 -2.64000021563104 -2.36999988555908
5.71999979019165 5.28000020980835 4.48000001907349 3.94000005722046 3.92000007629395 3.75 3.64000010490417 3.64000010490418 3.5 3.33999991416931 3.39000010490418 3.15000009536743 2.83999991416931 2.83999991416931 2.47000002861023 2.16000008552982 1.38999998569489 0.5 0.00999999977648258 -1.01999998092651 -2.05999994277954 -2.54999995231628 -3.28999996185303 -3.46000002196087 -2.95000004768372 -2.74000000953674 -2.57999992370606 -2.47000002861023 -2.05999994277954 -1.8099999405304 -1.20000004768372 -0.620000004768372 -0.300000011920929 0.28999999165535 0.829999983310699 1.13999998569489 1.03999996185303 -0.660000026226044 -1.54999995231628 -3.37999987438626 -3.38000011444092 -3.27999997138977 -2.96000003814697 -2.84999990463257 -2.4300000667572
5.86999988555908 5.46000003814697 4.92000007629395 4.55000019073486 4.42000007629395 4.34000015258789 4.09999990463257 4.01999998092651 3.91000008583069 3.63000011444092 3.52999997138977 3.45000004768372 3.29999995228307 3.04999995231628 2.54999995231628 2.22000002861023 1.53999996185303 0.740000009536743 0.310000002384186 -0.629999995231629 -1.58000004291534 -2.01999997094192 -2.07999992370605 -2.34999990463257 -2.41000008583069 -2.41000008583069 -2.29999995175899 -2.22000002861023 -1.85000002384186 -1.60000002384186 -1.0900000333786 -0.589999973773956 -0.360000014305115 0.140000000596046 0.509999987700069 0.649999976158142 0.170000001788139 -0.349999994039536 -1.76999952064383 -0.800000011920929 -1.19749999046326 -0.845000028610229 -0.512499988079071 -0.697499990463257 -0.904999971389771
5.51000022888184 5.3899998664856 5.34999990463257 5.09000015258789 4.90999984741211 4.67999982833862 4.42999982833862 4.26999998092651 4.17999982833862 3.9300000667572 3.75999999046326 3.60999989509582 3.45000004768372 3.17000007629394 2.48000001907349 2.20000004768372 1.62999999523163 0.959999978542328 0.610000014305115 -0.219999992166366 0.125 -0.185000002384186 -0.497500002384186 -0.129999995496254 -0.769999980926514 -1.04999995231628 -0.7674999833107 0.00499998917803168 -1.93499994277954 -1.8474999666214 -1.77250003814697 -1.55750000476837 -1.2224999666214 -1.74249994754791 -1.76750004291534 -0.832499980926514 -0.894999980926514 -0.817499940112489 -0.847500026226044 -1.21000003814697 -1.29750001430511 -0.449999988079071 -0.165000006556511 -0.595000028610229 -0.867500126361847
3.00250005722046 2.875 2.52500009536743 2.50999999046326 2.28999996185303 1.82000005245209 1.48249995708466 1.36749994754791 1.08500003814697 1.27499997615517 1.16499996185303 0.972500026226044 1.01250004768372 0.949999988079071 0.892499983310699 0.792500019073486 0.694999992847443 0.745000003994978 0.607500016689301 0.587499976158142 0.404999999534662 -0.41499999165535 -0.234999999403954 -0.550000011920929 -0.704999983310699 -0.785000026226044 0.189999997615814 -0.41499999165535 -1.80250000953674 -1.69749999046326 -1.5974999666214 -1.59500002829303 -0.917500078678131 -1.46000003814697 -1.41999995708466 -1.30499994754791 -0.437500263446564 -0.787500083446503 -0.670000016689301 -0.947499990463257 -1.2224999666214 0.074999988079071 -0.0324999913573265 -0.479999899864197 -1.17750000953674
3.13000011444092 2.9375 2.66000008583069 2.50250005722046 2.23000001907349 2.03749990463257 1.50750005245209 1.29750001430511 1.22500002384186 1.1375000476903 1.27250003814697 1.22749996185303 1.14250004291534 0.987500011920929 1.07000005246494 0.992500007551903 0.829999983310699 0.542500019073486 0.497500002384186 0.675000011920929 0.675000011920929 -0.230000004172325 -0.682500004768372 -0.39750000834465 -0.870000004768372 -0.660000026226044 -0.347500085830688 -0.689999997615814 -0.969999914265884 -1.33500003814697 -1.40750002861023 -1.33000004291534 -0.807499885559082 -1.28999996185303 -1.32249999046326 -1.13000002019764 -0.942500043349362 -0.952499985694885 -0.344999998807907 -0.730000019073486 -1.00999999046326 0.159999996423721 0.0900000333786011 -0.28999999165535 -0.0874999687075615
