SnowAccumulation_R/test/tmin/final_tmin_30_04_2009.asc
NCOLS 97 
NROWS 69 
XLLCORNER 52512.810182332 
YLLCORNER 5316225.2758522 
CELLSIZE 10000 
NODATA_value -9999 
[rows 0 to 19 of 69, columns 0 to 44 of 97]
-9999.000000000000000 -9999 -9999 -9999 -9999 -9999 -9999 -9999 -9999 -9999 -9999 -9999 -9999 -9999 -9999 -9999 -9999 -9999 -9999 -9999 -9999 -9999 -9999 -9999 -9999 -9999 -9999 -9999 -9999 -9999 -9999 -9999 -9999 -9999 -9999 -9999 -9999 -9999 -9999 -9999 -9999 -9999 -9999 -9999 -9999
-9999 -9999 -9999 -9999 -9999 -4.05999994277954 -4.34000015258789 -4.36999988555908 -4.28000020980835 -3.26999998092651 -3.13000011444092 -2.61999988555908 -2.11999980742279 -1.25999999046326 -1.51999998092651 -1.50999999046326 -1.28999996185303 -1.37999999523163 -1.48000001972616 -9999 -9999 -9999 -9999 -9999 -9999 -9999 -9999 -9999 -9999 -9999 -9999 -9999 -9999 -9999 -9999 -9999 -9999 -9999 -9999 -9999 -9999 -9999 -9999 -9999 -9999
-9999 -9999 -9999 -9999 -9999 -5.67000007629395 -5.21000003814697 -4.51000022888184 -4.05999994277954 -3 -2.60999989509582 -1.73000001907349 -1.26999998092651 -1.29999996127953 -1.53999996185303 -1.24000000953674 -1.21000003814697 -1.36000001430511 -1.53999996185303 -1.73000001476949 -2.05999994277954 -2.36999988555908 -2.71000003814697 -2.98000001907349 -3.10999989509582 -3.34999990463257 -3.65000009536743 -4.03000020980835 -4.36999988555908 -4.76999998092651 -4.94000005722046 -5.17000007629394 -5.23999977111816 -5.19000005722046 -5.11000013351441 -4.94000005722046 -4.90000009536743 -4.67999982833862 -4.57999992370605 -4.57000017166138 -4.76000022888184 -5.09000015258786 -5.28999996185303 -5.67000007629395 -5.76999998092651
-9999 -9999 -9999 -9999 -9999 -5.15999984741211 -4.30000019073486 -3.86999988555908 -3.59999975727282 -2.55999994277954 -2.13000011444092 -1.9099999666214 -1.37000000476837 -1.46000003814697 -1.51999998092651 -1.37999999523163 -1.36000001430511 -1.48000001907349 -1.58000004291534 -1.75000000026756 -1.99000000953674 -2.1800000667572 -2.53999996185303 -2.90000009536743 -3.27999997106564 -3.47000002861023 -3.90000009536743 -4.34999990463257 -4.78000020980835 -5.01999998092651 -5.1399998664856 -5.25 -5.30000019073486 -5.26000022888184 -5.17000007629395 -4.98000001907349 -4.8899998664856 -4.71999979019165 -4.69999980926514 -4.71999979019165 -4.92999982833862 -5.30000019073466 -5.55000019073486 -5.8899998664856 -5.98999977111816
-9999 -9999 -9999 -9999 -9999 -4.78000020980835 -4.15000009536743 -3.47000003738463 -2.92000007629394 -2.64000003672333 -2.03999996185303 -1.70000004768372 -1.47000002861023 -1.33000004291534 -1.27999997138977 -1.25999999046326 -1.39999997615814 -1.53999996185303 -1.63999998569489 -1.97000002861023 -2.08999991416931 -2.26999998092651 -2.51999998131958 -2.86999988555908 -3.3199999332428 -3.5699999332428 -4.15999984741211 -4.69999980926514 -5.17000007629395 -5.42000007629395 -5.40999984741653 -5.46999979019165 -5.53999996185303 -5.34000015258789 -5.19999980926514 -4.96999979019165 -4.88000011444092 -4.69999980926514 -4.75 -4.76999998092651 -4.96000003814697 -5.42000007629395 -5.65999984741211 -6.03999996185303 -6.21000003814697
-9999 -9999 -9999 -9999 -9999 -4.55000019073486 -3.98000001907349 -3.44000005722046 -2.9400000351883 -2.27999997138977 -2.24000000953674 -1.88999998569489 -1.62000000476837 -1.44000005722046 -1.3400000333786 -1.29999995231628 -1.33000004291534 -1.45000004768372 -1.77999997138977 -2.07999992370605 -2.24000000953674 -2.52999997138977 -2.74000000953674 -2.9300000667572 -3.39000010490417 -4.09000015205881 -4.44999980926514 -5.09999990463257 -5.65000009536743 -5.84999990463257 -5.73000001907349 -5.80999994277954 -5.86999988555908 -5.44000005722046 -5.17999982833862 -4.96999979019165 -4.78999996185534 -4.73000001907349 -4.73999977111816 -4.80999994277954 -5.09000015258789 -5.57000017166138 -5.78999996185303 -6.21000003814697 -6.38000011444092
-9999 -9999 -9999 -9999 -9999 -4.42000007629395 -4.17999982833862 -3.52999997138977 -3.25999999046326 -2.60000008825364 -2.30999994277954 -2.14000010490417 -1.85000002384186 -1.66999995708466 -1.5900000333786 -1.58000004291534 -1.60000002384186 -1.69000005722046 -1.97000002861023 -2.42000007629395 -2.67000007623154 -2.79999995231628 -3.00999999046326 -3.17000007629395 -3.8199999332428 -4.46999979920258 -4.90000009536743 -5.55999994277954 -6.09000015258789 -6.21999979019165 -6.23999977111816 -6.17999982833862 -5.94999980926514 -5.51000022888184 -5.19000005722046 -4.94000005722046 -4.78999996185449 -4.78000020980835 -4.82999992370605 -4.92999982833862 -5.15999984741211 -5.53999996185303 -5.78000020980835 -6.15999984741211 -6.30000019073486
-9999 -9999 -9999 -9999 -9999 -4.48000001907349 -4.17999973637326 -3.74000000953674 -3.59999990463257 -3.41000008583069 -2.50000011171476 -2.38000010432479 -2.1800000667572 -2.09999990463257 -1.9099999666214 -1.85000002384186 -1.82000005392096 -2.01999998092651 -2.39000010490417 -2.80999994277954 -3.1800000667572 -3.28999996185303 -3.48000001907349 -3.8199999332428 -4.55000019073486 -5.78000020980835 -6.40000009536743 -6.25000000675479 -6.51000022888184 -6.78000020980835 -6.6100001335144 -6.30999994283635 -6.07000017166138 -5.59999990463257 -5.34000015258789 -5.05999994277954 -4.92999982833862 -4.94000005722046 -5.05000019073486 -5.19000005722046 -5.38000011444092 -5.65000009536743 -5.76000022888184 -6.09999990463257 -6.19000005722046
-9999 -9999 -9999 -9999 -9999 -4.65000009536743 -4.26000022888184 -3.88000011444092 -3.83999991416931 -3.50999999046326 -3.07999992370605 -2.44000019976107 -2.3199999332428 -2.23000001907349 -2.20000004768372 -2.11999988555908 -2.24000000953674 -2.3199999332428 -2.79999995231628 -3.22000002861023 -3.65000009536743 -3.93000006660035 -4.03000020980835 -4.53000020980835 -5.28999996185303 -6.44000005722046 -7.59000015190194 -7.92999982833862 -7.96000003814697 -7.23999977259748 -6.94999980926514 -6.57999992370605 -6.38999986648559 -5.92000007629394 -5.63999986648559 -5.42000007629395 -5.26999998092651 -5.23000001907349 -5.34999990463257 -5.48999977111816 -5.61999988555908 -5.80999994277954 -5.86999988555908 -6.01000022888184 -6.01999998092651
-9999 -9999 -9999 -9999 -9999 -5.03000020980835 -4.57999992370605 -4.09999990463257 -4.07000017166138 -3.90000009536743 -3.50999999046326 -3.20000004768372 -2.61999998769265 -2.39000010490418 -2.41000008583069 -2.48000001907349 -2.48000001907349 -2.67000007803112 -3.15000009536743 -3.74000000953674 -4.21000003814697 -4.55999994277954 -4.73000001907349 -5.13999986648559 -5.82000017166138 -6.84000015258789 -7.98000001907349 -8.48999977111816 -8.30000019073486 -7.82999992370605 -7.40999984741211 -6.86999988594037 -6.6900000575216 -6.28999996185303 -6.03999996185303 -5.80999994277954 -5.63999986648559 -5.59999990463257 -5.63000011444092 -5.73999977111816 -5.78999996185303 -5.84999990463257 -5.90000009536741 -5.86999988555908 -5.84000015258789
-9999 -9999 -9999 -9999 -9999 -6.07999992370605 -4.92000007629394 -4.63000011444092 -4.53000019119346 -4.28999996185303 -3.98000001907349 -3.5699999332428 -3.08999991416931 -2.70000011518095 -2.65000009536743 -2.75999999046326 -2.76999998092651 -3.23000001907349 -3.47000002861023 -4.19000005722046 -4.82999992370605 -5.07000017166138 -5.3899998660947 -5.65000009536743 -6.25 -7.01999998092651 -7.90000009536743 -8.19999980926514 -8.25 -7.90999984741211 -7.55000019073486 -7.30999994277954 -7.19999980926514 -6.90000009536743 -6.38999986658823 -6.1799998283966 -5.98999977111816 -5.92000007629395 -5.8899998664856 -5.94999980926514 -5.90000009536743 -5.90999984741211 -5.94000005722046 -5.92999982833862 -5.88000011444092
-9999 -9999 -9999 -9999 -6.86999988555908 -6.75 -5.92999982833862 -5.19000005722046 -4.98000001907348 -4.86999988555908 -4.55000019073486 -4.23000001907349 -3.60999989509583 -3.3199999332428 -2.95000013217269 -2.99000000953674 -3.13000011444092 -3.51999998092651 -3.76999998179415 -4.48999977111816 -5.03000020980835 -5.40000009536743 -5.86999988555908 -6.09999990463257 -6.59999990463257 -7.19999980926514 -7.76000022888184 -8.03999996175565 -8.03999996185303 -7.86999988555908 -7.63000011444092 -7.40999984741211 -7.21000003816417 -7.1100001335144 -6.94999980926514 -6.75 -6.57000017166138 -6.46000003814697 -6.09000015259378 -5.98999977111975 -5.96000003814781 -6.03000020980905 -6.07999992370631 -6.03999996185314 -6.01000022888184
-9999 -9999 -9999 -9999 -7.51000022888184 -7.03000020980835 -6.26999998092651 -5.59999990463257 -5.55000019073486 -5.27999999051905 -4.6399998664856 -4.25 -3.85999989509583 -3.57999992370605 -3.67000007629395 -3.64000014359088 -3.45000004768372 -3.84999990463257 -4.53999996185303 -4.80999994277954 -5.34999990463257 -5.71999979019165 -6.21999979019165 -6.44000005722046 -6.86999988555908 -7.32000017166138 -7.65999984741211 -7.82999992370605 -7.82000017166138 -7.73000001907349 -7.6399998664856 -7.51000022888184 -7.30999994279891 -7.28000020980835 -7.1100001335144 -6.96999979019165 -6.80000019073486 -6.65000009536834 -6.55000019073486 -6.42999982833862 -6.34999990463257 -6.30999994277954 -6.28999996185303 -6.21000003814697 -6.07999992370605
-9999 -9999 -9999 -9999 -7.73000001907349 -7.1399998664856 -6.59999990463257 -6 -5.30999994277954 -4.90000009536743 -4.8600001335144 -4.40999984741211 -4.03000020980835 -4.03000020980835 -4.05999994277954 -4.07999992370605 -4.30999994277954 -4.34000015258789 -4.90999984741211 -5.15000009536743 -5.65000014728681 -6.09999990463257 -6.36999988555908 -6.84999990463257 -7.05999994277954 -7.42000007629395 -7.6100001335144 -7.67000007629395 -7.65999984741211 -7.65000009536743 -7.6100001335144 -7.51999998092651 -7.3899998664856 -7.38000011444092 -7.25 -7.1399998664856 -7 -6.86999988556002 -6.78000020980835 -6.67000007629395 -6.57999992370605 -6.42999982833862 -6.42000007629392 -6.32999992370605 -6.25
-9999 -9999 -9999 -9999 -8.26000212501657 -7.01000022888184 -7.28000018443711 -7.05000019073486 -6.05999994277954 -5.03999996185303 -4.82000017166138 -4.69000005722046 -4.51000022888184 -4.48999977111816 -4.51000022888184 -4.67999982833862 -4.84000015258789 -5.30999994277954 -5.34999992901769 -6.28999996185303 -6.53000020980835 -6.51000022888184 -6.63999986648559 -7.11000013351441 -7.19000005722046 -7.44000005722046 -7.57000017166138 -7.63000011444092 -7.57999992371454 -7.59000015258789 -7.61999988555908 -7.61000013351441 -7.5 -7.44999980926514 -7.38000011444092 -7.28999996185303 -7.1399998664856 -7.03999996185364 -6.98000001907349 -6.82999992370605 -6.71000003814697 -6.51000022888184 -6.44999980926513 -6.3600001335144 -6.21000003814697
-9999 -9999 -9999 -9999 -9.56999969482422 -7.44000049814175 -7.6399998664856 -7.26000022888184 -6.59000015258789 -5.82999992370605 -5.28999996185303 -5.28999996185302 -4.96000003814697 -4.98000001907349 -4.98000001907349 -5.09999990463257 -5.21000003814697 -5.51000022888184 -5.90999984741211 -6.25 -7.19999980926514 -7.21000003948841 -7.26999998092651 -7.59999990429002 -7.59999990463257 -7.48000001907349 -7.53000020980835 -7.48999977111816 -7.46000003814697 -7.46999979019165 -7.59000015258789 -7.69999980926514 -7.76000022888184 -7.63000011444092 -7.48000001907349 -7.3899998664856 -7.21999979019165 -7.09999990463257 -7.03999996185303 -6.88000011444092 -6.69999980926514 -6.51999998092651 -6.53999996185303 -6.42000007629395 -6.30000019073486
-9999 -9999 -9999 -9999 -9.25 -10.1599998474121 -8.64000025471126 -8.02000030156436 -7.09000015258789 -6.71999979019165 -6.17999982833862 -5.8899998664856 -5.69999980926514 -5.44999980926514 -5.28000020980835 -5.3899998664856 -5.3899998664856 -5.63000011444092 -6.32999992370605 -7.13000011444092 -7.30000019073486 -7.23999977111816 -7.28000021058132 -7.5 -7.40999984759705 -7.48999977111816 -7.40000009536743 -7.32999992370605 -7.32000017166138 -7.32000017166138 -7.42000007629394 -7.59000015258789 -7.69000005722046 -7.61000013352147 -7.51999998092651 -7.40999984741211 -7.25 -7.07000017166138 -7.01000022888184 -6.92000007629395 -6.80000019073486 -6.59000015258789 -6.46000003814701 -6.44000005722046 -6.36999988555908
-9999 -9999 -9999 -9999 -9.86999988555908 -9.63000011444092 -9.88000011444092 -8.57999965547542 -7.38000011444092 -7.11999988555908 -6.96000003814697 -6.44999980926514 -6.28000019236539 -5.71000003814697 -5.57999992370606 -5.61999988555908 -5.71999979066481 -5.86999988555908 -6.6399998664856 -7.13000011444092 -7.46000003814697 -7.63999986763601 -7.17000007126655 -7.19999980926514 -7.38000011444092 -7.40999984741211 -7.17999982833862 -6.92000007629395 -6.96000003814697 -7.34000015258789 -7.59000015258789 -7.96999979019165 -8.09000015258789 -7.86999988555908 -7.46999979019165 -7.34999990463257 -7.19000005722046 -6.98000001907349 -6.96000003814697 -6.90000009536743 -6.78999996185303 -6.69000005722046 -6.59000015258795 -6.69000005722046 -6.55000019073486
-9999 -9999 -9999 -9999 -9.96000056861948 -10.3400001525879 -10.1400003433228 -8.19999980926513 -7.92999982833862 -6.98999977111816 -7.1399998664856 -6.46000003814697 -6.1399998664856 -5.98999977111816 -6.07999992370605 -5.80999994277954 -5.94999980926514 -6.07000017438646 -7.19000005723018 -7.17000007629394 -6.98999977154584 -7.05000019073486 -7.01999998092651 -6.94999980926514 -7.05999994277954 -7.01000022888184 -6.57999992370605 -6.25 -6.61000013351441 -6.75 -7.26999998092651 -7.5 -7.53000020980835 -7.46999979019165 -7.30000019073486 -7.34000015258789 -7 -6.82000017166138 -6.8600001335144 -6.92999982833862 -7.03000020980835 -6.98000001907349 -6.88000011444092 -7.03999996185303 -6.82999992370606
-9999 -9999 -9999 -9999 -10.3800001144409 -10.6999998092651 -10.1899995803833 -9.47000026702881 -7.28000020980835 -7.07999992370605 -7.1399998664856 -6.92999982833862 -6.80999994277954 -6.44000005722046 -6.01000022888184 -6.07999992370606 -6.09000015258789 -7.07999992370605 -7.03000020980835 -6.65000009536743 -6.53000020980835 -6.53000020980835 -6.55000019073486 -6.80000018626562 -6.86000013351441 -7.21000003814697 -6.05999994277954 -5.5 -6.32999992370605 -6.53999996185303 -6.53999996185303 -7.05000019073486 -7.07999992370606 -7.17999982833862 -7.09000015258789 -7.17999982833862 -6.90999984741211 -6.76999998092651 -6.84999990463257 -7.07000017166138 -7.3600001335144 -7.46999979019165 -7.38000011444092 -7.44000005722046 -7.25
