SnowAccumulation_R/test/tmin/final_tmin_06_04_2009.asc
NCOLS 97 
NROWS 69 
XLLCORNER 52512.810182332 
YLLCORNER 5316225.2758522 
CELLSIZE 10000 
NODATA_value -9999 
[rows 20 to 39 of 69, columns 0 to 44 of 97]
-9999 -9999 -9999 -9999 -7.71999979019165 -7.26000022888184 -7.1100001335144 -6.28999996185303 -6.19000005722046 -5.82999992370606 -5.03000020980835 -4.36999988555908 -3.54999995231628 -2.75999999046326 -2.75999999046326 -2.67000007629395 -2.92000007629395 -3.3199999332428 -2.82999992370606 -2.66000008583069 -2.54999995231628 -1.88999998569489 -2.08999991416931 -1.61000001749354 -1.5900000333786 -1.49000000953674 -0.980000019073486 -0.699999988079071 -0.779999971389771 -0.990000009536743 -1.51999998092651 -1.45000004768372 -1.30999994277954 -1.21000003814697 -1.5900000333786 -2.26999998092651 -1.73000001907349 -0.800000011920929 -0.469999998807907 -0.119999997317791 -0.270000010728836 -0.449999988079071 -0.479999989271164 -0.409999996423721 -0.46000000834465
-9999 -9999 -9999 -9999 -7.30000019073486 -7.1399998664856 -6.90000009536743 -6.46000003814697 -6.57000017166138 -6.11999988555908 -5.92000007629394 -4.82999992370605 -3.88000011444092 -3.5 -3.07999992370605 -2.60999989509583 -2.67000007629395 -2.94000005722046 -2.61999988555908 -2.52999997138977 -2.48000001907349 -2.66000008583069 -2.5 -1.98000001907349 -1.7400000062699 -1.96000003814697 -1.28999996185303 -1.05999994277954 -1.04999995231628 -1.01999998092651 -1.44000005722046 -1.54999995231628 -1.26999998092651 -1.19000005722046 -1.30999994277954 -1.52999997138977 -1.44000005722046 -1.13999998569489 -0.910000026226044 -0.449999988079071 -0.479999989271164 -0.689999997615814 -0.639999985694924 -0.529999971389771 -0.319999992847443
-9999 -9999 -9999 -9999 -7.09999990463257 -7.30000019073486 -6.78999996185303 -6.46999979019165 -6.51000022888184 -6.42000007629394 -5.67000007629395 -5.53000020980835 -4.38999986648559 -3.96000003814697 -3.57999980950045 -2.52999997138977 -2.40000009536743 -2.77999997138977 -2.99000000953674 -3 -2.92000007629394 -2.73000001907349 -2.52999997138977 -2.36999988555908 -1.55999994941289 -1.42999994754791 -1.70000004768372 -1.23000001907349 -1.16999995708466 -1.02999997138977 -1.04999995231628 -1.41999995708466 -1.51999998092651 -1.50999999046326 -1.54999995231628 -1.48000001907349 -1.44000005722046 -1.32000005245209 -1.19000005722046 -0.990000009536743 -0.889999985694885 -0.879999995231629 -0.769999980926514 -0.740000009536743 -0.689999997615814
-9999 -9999 -9999 -7.40999984741211 -7.23000001907349 -6.73000001907349 -6.78000020980835 -6.78000020980835 -6.73000001907349 -6.40999984741211 -5.90999984741211 -5.92999982833862 -4.76000022888184 -3.70000011951801 -2.84999990463257 -2.14000010490418 -2.80999994277954 -2.98000001907349 -2.83999991416931 -2.78999996185303 -2.85999989509583 -2.73000001907349 -2.77999997138977 -2.74000000953674 -2.52999997138977 -2.1800000667572 -1.78999996384792 -1.21000003814697 -1.19000005722046 -1.10000002384186 -1.12000000476837 -1.25 -1.35000002384186 -1.76999998092651 -1.5900000333786 -1.48000001907349 -1.42999994754791 -1.03999996185303 -0.879999995231628 -0.819999992847443 -1.22000002861023 -1.25 -1.03999996185303 -1.00999999046326 -0.959999978542328
-9999 -9999 -9999 -7.51000022888184 -7.34000015258789 -7.03999996185303 -7.17000007629395 -6.67000007629395 -6.78000020980835 -6.6100001335144 -6.07000017166138 -5.7100000172039 -5.05999994277954 -3.16000008583069 -2.40000009536743 -2.09999990463257 -2.79999995231628 -2.70000004768372 -2.44000005722046 -2.51999998092651 -2.39000010490417 -2.57999992370605 -2.83999991416931 -3.20000004768372 -2.85999989509583 -2.18000006908192 -2 -1.30999994277954 -1.35000002384186 -1.37000000476837 -1.12000000476837 -1.37999999523163 -1.61000001430511 -1.42999994754791 -1.25 -1.14999997615814 -1.13999998569489 -1.07000005245209 -1.03999996185303 -1.01999998092651 -1.37000000476849 -1.46000003814688 -1.26999998092665 -1.22000002861039 -1.14999997615814
-9999 -9999 -9999 -7.48999977111816 -7.26000012018657 -6.98999977111816 -6.92000007629395 -6.73999977111816 -7.07999992370606 -6.34000015258789 -6.26000022888184 -3.58999991416931 -3.39000010490417 -3.15000009536743 -2.6800000667572 -2.29999995231628 -2.66000008583069 -2.3199999332428 -2.0699999332428 -2.08999991416931 -2.34999990463257 -2.89000010490417 -3.40000009536743 -3.8199999332428 -3.02999997138977 -2.51999998092651 -2.26999998092651 -1.79999995410163 -1.60000002384186 -1.60000002384186 -1.44000005722046 -1.4099999666214 -1.49000000953674 -1.46000003814697 -1.4099999666214 -1.3400000333786 -1.36000001430511 -1.38999998569489 -1.29999995231628 -1.0900000333786 -1.07000005245209 -1.41999995708466 -1.3400000333786 -1.32000005245209 -1.29999995231628
-9999 -9999 -9999 -7.41999911194356 -7.38000011444092 -6.51000022888184 -6.96999979019165 -6.88000011444092 -6.57999992370605 -6.65000009536743 -6.26999998092651 -5.82000017166138 -2.86999988555908 -2.52999997138977 -1.9099999666214 -1.79999995231628 -2.44000005722046 -2.09999990463257 -1.99000000953674 -1.9099999666214 -2.34999990463257 -2.69000005722046 -3.49000000953674 -3.35999989509583 -3.01999998092651 -2.64000010490417 -2.26999998211695 -2.06999993507275 -1.70000004768372 -1.5900000333786 -1.52999997138977 -1.47000002861023 -1.54999995231628 -1.54999995231628 -1.49000000953674 -1.50999999046326 -1.50999999046326 -1.45000004768372 -1.3400000333786 -1.28999996185303 -1.08000004291534 -1.44000005722046 -1.36000001430511 -1.36000001430511 -1.39999997615814
-9999 -9999 -9999 -6.59000015258789 -6.71999979019165 -6.48000019683054 -7.19000005722046 -6.46999979019165 -6.53000020980835 -6.34000015258789 -6 -5.82999992370605 -5.53999996185303 -1.88999998569489 -1.79999995231628 -1.70000004768372 -1.87999999523163 -1.87999999523163 -1.82000005245209 -2.09999990463257 -2.21000003814697 -2.38000011444092 -2.76999998092651 -3.05999994277954 -2.84999990463257 -2.66000008583069 -2.57999992370605 -2.48000001907349 -1.7400000097531 -1.57000005251379 -1.62000000476837 -1.48000001907349 -1.64999997615814 -1.61000001430511 -1.64999997615814 -1.60000002384186 -1.62000000476837 -1.53999996185303 -1.36000001430511 -1.32000005245209 -1.25999999046326 -1.36000001430511 -1.46000003814697 -1.48000001907349 -1.60000002384186
-9999 -9999 -9999 -5.61000013351441 -6.86000013351441 -6.8899998664856 -6.73000001907349 -6.73000001907349 -6.32999992370605 -6.26000022888184 -6 -5.84999990463257 -5.44999980926514 -5.30999994277954 -1.73000001907349 -1.5900000333786 -1.79999995231628 -1.78999996185303 -1.76999998092651 -1.76999998092651 -1.70000004768372 -1.44000005722046 -1.75999999046326 -2.13000011444092 -2.48000001907349 -2.52999997138977 -2.51999998092651 -2.49000000953674 -1.77999997165743 -1.5900000333786 -1.64999997615814 -1.61000001430511 -1.70000004768372 -1.80999994277954 -1.6599999666214 -1.62999999523163 -1.62000000476837 -1.5900000333786 -1.47000002861023 -1.44000005722046 -1.41999995708466 -1.39999997615814 -1.55999994277954 -1.62000000476837 -1.75999999046326
-9999 -9999 -9999 -5.57999992370605 -6.63000011444092 -6.23000001907349 -6.38999982649141 -6.30999994277954 -5.53000020980835 -6.09999990463257 -6.26999998092651 -5.92000007629395 -5.78000020980835 -5.42000007629395 -1.67999994754791 -1.62999999523163 -1.57000005245209 -1.26999998092651 -1.75 -1.46000003814697 -1.21000003814697 -0.0399999991059303 -1.10000002384186 -1.52999997138977 -2.09999990463257 -2.20000004768372 -2.30999994277954 -2.00999999046326 -1.89999997615814 -1.88999998569489 -1.65999996688261 -1.57000005246513 -1.58000004291534 -1.60000002384186 -1.60000002384186 -1.61000001430511 -1.62999999523163 -1.58000004291534 -1.55999994277954 -1.42999994754791 -1.49000000953674 -1.62999999523163 -1.63999998569489 -1.99000000953674 -1.97000002861023
-9999 -9999 -9999 -4.21000085780705 -5.76000022888184 -5.92999982833862 -6.25000004563487 -6.53000020980835 -6.30000019073486 -5.71000003814697 -6.17999982017314 -5.80000019073486 -5.28000020980835 -5.53000020980835 -1.73000001907349 -1.6599999666214 -1.62000000476837 -1.61000001430511 -1.19000005722046 -0.860000014305115 -0.709999978542328 -0.9200000166893 -0.990000009536743 -1.25999999046326 -1.61000001430511 -1.95000004768372 -1.49000000953674 -1.87999999523163 -2.19000005722046 -1.88999998576765 -1.78999996181335 -1.58000004291534 -1.41999995708466 -1.44000005722046 -1.54999995231628 -1.62000000476837 -1.63999998569489 -1.63999998569489 -1.62000000476837 -1.60000002384186 -1.61000001430511 -1.6599999666214 -2.05999994277954 -2.11999988555908 -2.27999997138977
-9999 -9999 -9999 -4.3899998664856 -6.1100001335144 -5.09000015258789 -6.46000003814697 -6.3000003612449 -6.42999982833862 -5.40999984741211 -5.53999996185303 -5.78000020980835 -5.59999990463257 -5.3600001335144 -2.48000001907349 -1.66999995708466 -1.62000000476837 -1.66999995708466 -1.67999994754791 -1.14999997615814 -0.689999997615814 -1.0900000333786 -0.6700000166893 -0.660000026226044 -0.839999973773956 -0.990000009536743 -1.38999998569489 -1.72000002861023 -1.95000004768372 -1.89999997615814 -1.67999994754791 -1.6599999666214 -1.49000000979155 -1.46000003836281 -1.71000003814697 -1.64999997615814 -1.6599999666214 -1.61000001430511 -1.62999999523163 -1.47000002861023 -1.52999997138977 -2.03999996185303 -2.07999992370605 -2.16000008583069 -2.67000007629395
-9999 -9999 -9999 -5.98999977111816 -4.65999976180192 -5.96000003814697 -5.28000020980835 -6.40000009536743 -6.1100002173423 -6.11999988555908 -5.71000003814697 -5.17999982833862 -5.15999984741211 -4.21000003814697 -2.45000004768372 -2.09999990463257 -1.98000001907349 -1.48000001907349 -1.61000001430511 -1.14999997615814 -0.779999971389771 -0.569999992847443 -0.5 -0.519999980926514 -0.670000016689301 -1.07000005245209 -1.37000000476837 -1.66999995708466 -1.76999998092651 -1.80999994277954 -1.37000000476837 -1.65999996673435 -1.80999994289724 -1.9099999666214 -1.87000000476837 -1.85000002384186 -1.87999999523163 -1.70000004768372 -1.6599999666214 -1.46000003814697 -1.50999999046326 -1.87000000476837 -2.15000009536743 -2.33999991416931 -2.46000003814697
-9999 -9999 -9999 -5.69000005722046 -4.6100001335144 -3.71000003814697 -5.6399998664856 -4.92000007629395 -6.15999984741211 -6.1399996610706 -6.03999996185303 -5.55999994277954 -5.61999988555908 -5.42000007629395 -2.36999988555908 -1.91999995708466 -1.5 -1.91999995708466 -1.28999996185303 -1.30999994277954 -0.819999992847443 -0.920000016689301 -0.370000004768372 -0.219999998807907 -0.490000009536743 -0.889999985694885 -1.20000004768372 -1.69000005722046 -1.61000001430511 -1.95000004768372 -1.87999999523163 -1.92999994754791 -2.0699999332428 -2.11999988555908 -2.15000009536743 -1.87000000478157 -1.76999998093173 -1.71000003814697 -1.62999999523163 -1.52999997138977 -1.51999998092651 -1.82000005245209 -1.95000004768372 -2.34999990463257 -2.49000000953674
-9999 -9999 -9999 -6.46000003814697 -5.63000011444092 -4.23999977111816 -3.69000005722046 -6.25 -5.15000009536743 -6.21000003814697 -6.11000009722476 -5.98000001907349 -5.94000005722046 -5.86999988555908 -2.58999991416931 -2.08999991416931 -1.36000001430511 -1.98000001907349 -1.97000002861023 -1.23000001907349 -0.910000026226044 -0.959999978542328 -0.159999996423721 -0.300000011920929 -0.680000007152557 -1.00999999046326 -1.49000000953674 -1.64999997615814 -1.80999994277954 -2.20000004768372 -2.28999996185303 -2.19000005722046 -2.24000000953674 -2.07999992370605 -2.04999995231628 -1.95000004768372 -1.80999994277954 -1.67999994754791 -1.48000001907349 -1.36000001430546 -1.55999994277961 -1.600000023842 -2.06999993324238 -2.2699999809263 -2.70000004768281
-9999 -9999 -6.53000020980835 -6.28999996185303 -6.84000015258789 -4.78999996185303 -3.64000010490417 -4.71000003814697 -5.98999977111816 -3.77999997138977 -6.38999986648559 -6.07000024961892 -5.92000007629394 -6.09000015258789 -3.07999992370606 -3.55999994277954 -2.53999996185303 -2.41000008583069 -2.27999997138977 -2.13000011444092 -0.810000002384186 -1.26999998092651 -1.07000005245209 -0.899999976158142 -0.870000004768372 -1.00999999046326 -1.39999997615814 -1.67999994754791 -1.87999999523163 -2.30999994277954 -2.47000002861023 -2.48000001907349 -2.3199999332428 -2.33999991416931 -2.30999994277954 -1.95000004768372 -1.87999999523163 -1.62000000476837 -1.48000001907418 -1.40999996662112 -1.59000003337797 -1.6599999666214 -1.88999998569489 -2.1800000667572 -2.30999994277954
-9999 -9999 -6.80000019073486 -6.86999988555908 -6.46000003814697 -6.67999982833862 -5.90000009536743 -3.67000007629394 -5.53000020980835 -6.36999973166284 -6.53999996185303 -6.6100001335144 -6.28999996185303 -6.23999977111816 -3.79999995231628 -3.90000009536743 -3.66000008583069 -3.25999999046326 -3.10999989509583 -2.82999992370605 -1.63999998569489 -1.37999999523163 -1.29999995231628 -1.25999999046326 -0.959999979295608 -1.03999996169115 -1.76999998092651 -1.87000000476837 -2.33999991416931 -2.45000004768372 -2.51999998092651 -2.51999998092651 -2.35999989509583 -2.44000005722046 -2.48000001907349 -2 -1.67999994754791 -1.29999995231628 -1.27999997138977 -1.27999997138977 -1.26999998092651 -1.4099999666214 -1.45000004768372 -1.73000001907349 -1.66999995708466
-9999 -9999 -6.51999998092651 -6.19000005722046 -6.46999979019165 -6.65999984741211 -6.59000009048841 -3.94000005722046 -3.38000011444092 -6.48999977111816 -5.11999988555908 -6.32000017166138 -6.78000020980835 -6.73000001907349 -4.30999994277954 -4.84000015258789 -4.71000003814697 -4.03000020980835 -3.41000008583069 -3.1800000667572 -2.80999994277954 -1.70000004768372 -1.57000005245209 -1.52999997138977 -1.14999997615814 -1.1599999666214 -1.89999997615814 -2.04999995231628 -2.4300000667572 -2.5 -2.5699999332428 -2.5699999332428 -2.5 -2.30999994277954 -2.16000008583069 -1.91999995708466 -1.54999995231628 -1.13999998569489 -1.19000005722046 -1.21000003814697 -1.21000003814697 -1.36000001430511 -1.38999998569489 -1.38999998569489 -1.26999998092651
-9999 -9999 -6.34000015258789 -5.90999984741211 -6.17000007629395 -6.78000020980835 -6.55000019073486 -5.80000019073486 -2.96000003814697 -6.48000001907349 -6.6100001335144 -6.94000005722046 -7.05000019073486 -6.50000000325817 -6.40999984741211 -6.48999977111816 -6.03999996185303 -4.80000019073486 -3.96000003814697 -3.84999990463257 -3.3199999332428 -2.40000009536743 -1.70000004768372 -1.62999999523163 -1.64999997615814 -1.53999996185303 -2.09999990463257 -2.30999994277954 -2.40000009536743 -2.66000008583069 -2.71000003814697 -2.59999990463257 -2.48000001907349 -2.25999999046326 -2.11999988555908 -1.77999997138977 -1.47000002861023 -1.12000000476837 -1.11000001430511 -1.10000002384186 -0.970000028610229 -1.28999996185303 -1.3400000333786 -1.37999999523163 -1.13999998569489
-9999 -9999 -4.26999922857294 -5.69999980926514 -6.67000007629394 -6.48000001907349 -6.46999979019165 -6.15000009536743 -3.13000011444092 -5.21000003814697 -6.84999988326763 -4.42000007629395 -6.67000007629395 -7.44999980926514 -7.40999984741211 -5.6100001335144 -5.46000003814697 -5.01000022888184 -4.84999990463257 -4.65000009536743 -3.92000007629395 -3.96000003814697 -2.32999992370605 -1.80999994277954 -1.8400000333786 -1.9099999666214 -1.67999994754791 -2.3199999332428 -2.40000009536743 -2.75 -3.35999989509583 -2.6800000667572 -2.34999990463257 -1.99000000953674 -1.8400000333786 -1.47000002861023 -1.30999994277954 -0.870000004768372 -0.759999990463257 -0.819999992847443 -0.889999985694885 -0.930000007152557 -0.430000007152557 -0.639999985694885 -0.870000004768372
