SnowAccumulation_R/test/tmin/final_tmin_29_04_2009.asc
NCOLS 97 
NROWS 69 
XLLCORNER 52512.810182332 
YLLCORNER 5316225.2758522 
CELLSIZE 10000 
NODATA_value -9999 
[rows 20 to 39 of 69, columns 45 to 89 of 97]
-7.03999996185303 -7.11999988555908 -7.19999980926514 -7.32999992370605 -7.42999982833862 -7.34000015258789 -7.28999996185303 -7.21000003814697 -7.3899998664856 -7.38000011444092 -7.42000007630298 -7.48999977111816 -7.38000011444092 -7.51000022888184 -7.55000019070184 -7.40999984741211 -7.28000020827437 -6.76999998092651 -6.34000015258789 -6.17000007629394 -5.78000020980835 -5.26999998092651 -4.8600001335144 -4.76000022888184 -4.63999986648559 -4.55999994277954 -4.57000017166138 -4.65000009536743 -4.67999982833862 -4.51999998092651 -4.26000022888184 -4.28000020980835 -4.05999994277954 -3.96000003814697 -3.69999986377752 -3.30999994277954 -2.96000003814697 -2.61999988555908 -2.46000003814697 -2.28999996185303 -2.20000004768372 -2.17000007629395 -2.07999992370606 -1.99000000953674 -1.85000002384186
-7.19000005722046 -7.11999988555908 -7.19999980926514 -7.30999994277954 -7.34000015258789 -7.40999984741211 -7.3899998664856 -7.28999996185303 -7.55000019073486 -7.53999996185303 -7.51000022888184 -7.48000001907349 -7.11000013351441 -7.42999982833862 -7.40999984683383 -7.07999992370605 -6.76999998092651 -6.46000003814697 -6.23999977075685 -5.8600001335144 -5.48999977111816 -5.05999994277954 -4.78000020919986 -4.48999977111816 -4.30000019073486 -4.23000001907349 -4.23000001907189 -4.23000001907349 -4.23999977111816 -4.07000017166138 -3.97000002861023 -3.99000000953674 -3.75 -3.53999981347853 -3.08999991416931 -2.75 -2.54999995231628 -2.29999995231628 -2.20000004768372 -2 -1.94000005722046 -1.89999997615814 -1.8400000333786 -1.72000002861023 -1.62000000476837
-7.3600001335144 -7.17999982833862 -7.15999984741211 -7.19999980926514 -7.40999984741211 -7.40000009536743 -7.28999996185303 -7.53000020980835 -7.55000019073486 -7.53999996185303 -7.46999979019165 -7.40999984748818 -7.30000019075735 -7.23999977111816 -7.11000013351441 -6.92999982833862 -6.63000011444092 -6.19999980926514 -5.98999977111816 -5.59999990463257 -5.34000015258789 -4.86999988555908 -4.53999996185303 -4.21999979019165 -4.01999998092651 -3.97000002861023 -3.91000008583069 -3.89000010490417 -3.78999996185303 -3.65000009536743 -3.61999988555908 -3.51999998092651 -3.33999975011431 -2.69000005722046 -2.58999991416931 -2.3199999332428 -2.10999989509583 -1.92999994754791 -1.85000002384186 -1.71000003814697 -1.67999994754791 -1.61000005707328 -1.57000005245209 -1.49000000953674 -1.40999943127565
-7.36999988555908 -7.3600001335144 -7.23999977111816 -7.09999990463257 -7.23999977111816 -7.38999986648559 -7.46000003814697 -7.34999990465254 -7.44000005722877 -7.48999977111816 -7.44999980926514 -7.3899998664856 -7.23999977111816 -7.19000005722046 -7.01000022888184 -6.8600001335144 -6.57000017166138 -6.19999980926514 -5.98000001907349 -5.46000003814697 -5.05999994277954 -4.59000015258789 -4.34999990463257 -3.96000003814697 -3.79999995231628 -3.6800000667572 -3.5699999332428 -3.52999997138977 -3.33999991416931 -3.27999997138977 -3.21000003814697 -3.03999986432824 -2.4300000667572 -2.23000005955945 -2.11999988555908 -1.96000003814697 -1.78999996185303 -1.73000001907349 -1.52999997138977 -1.38999998569489 -1.37999999523163 -1.36000001430511 -1.30999994277954 -1.25999962237143 -0.990000009536743
-7.44999980926514 -7.24999999999981 -7.30000019073428 -7.26000022888139 -7.44000005722046 -7.48000001907349 -7.51999998092651 -7.71000003814697 -7.57999992370605 -7.57000017166138 -7.46999979019165 -7.30999994277954 -7.21999979019165 -7.07999992370605 -7.03999996185303 -6.73000001907349 -6.55000019073486 -6.19000005722046 -5.94999980926514 -5.48999977111816 -4.88999986648559 -4.65000009448984 -4.05999994277954 -3.72000002861023 -3.53999996185303 -3.46000003788593 -3.25 -3.16000008583069 -2.91000008583069 -2.86999988555908 -2.79999986857055 -2.30999994277954 -2.10999989509583 -1.99000000953674 -1.75999999046326 -1.55999994277954 -1.45000004768372 -1.38999998569489 -1.20000004768372 -1.07000005245209 -1.08000003762827 -1.07000005245209 -1.07000005245209 -0.879999995231628 -0.870000004768372
-7.55999994277954 -7.34999990463263 -7.28999996185303 -7.07000017166138 -7.32000017166138 -7.44000005722046 -7.46000003814697 -7.57000017166138 -7.53000020980835 -7.51999998092651 -7.46999979019165 -7.36999988555908 -7.26999998092651 -7.09999990459705 -6.92000007629395 -6.57000017166138 -6.34999990463257 -6.23000001899344 -5.98000001907349 -5.40999984741211 -4.8600001335144 -4.36999988555908 -3.97000002861023 -3.49000000953674 -3.25999999046326 -3.17000007629395 -2.94000005722046 -2.75999999046326 -2.50999999046326 -2.07999992370605 -2.04999995231628 -2.14000010490417 -1.97000003252924 -1.85000002384186 -1.49000000953674 -1.22000002861023 -1.12999999523163 -1.02999997138977 -0.819999992847443 -0.769999980926514 -0.790000021457672 -0.860000014305115 -0.730000019073486 -0.759999990463219 -0.790000021457672
-7.57999992370605 -7.53999996185303 -7.67999982833862 -7.34999990463257 -7.17000007629395 -7.40000009536743 -7.36000013351441 -7.40999984741211 -7.46999979019165 -7.42000007629257 -7.40000009536743 -7.34999990463257 -7.23000001907349 -7.09999990460093 -6.86000013351441 -6.40000009536743 -5.94000005722046 -5.80999994277954 -5.65000009536743 -5.21999979019165 -4.44000005722046 -4.09000015258789 -3.58999991416931 -3.25 -2.96000003814697 -2.82999992370606 -2.65000009536743 -2.41000004739415 -1.98000001907349 -1.86000001430511 -1.72000002861023 -2.16000008583069 -2.11999988555908 -1.91999995708466 -1.47000002861023 -1.03999996185303 -0.889999985694885 -0.709999978542328 -0.439999997615814 -0.509999971107645 -0.560000002384186 -0.520000083632927 -0.620000004768372 -0.649999976158142 -0.839999973773956
-7.73999977111816 -7.65000009536745 -7.69000005722046 -7.40999984741211 -7.21000003814697 -7.21000003814721 -7.26999998092651 -7.21999979019165 -7.28000020980835 -7.36000013351714 -7.26999998092651 -7.32000017166138 -7.21000003814697 -7.09999990463257 -6.90000009536743 -6.48999977111816 -6.15999984741211 -5.78000020980835 -5.40000009536743 -4.84999990463257 -4.05999994277954 -3.76999998092651 -3.32999992370606 -3.02999997138977 -2.81999993268885 -2.53999996185303 -2.33999988460663 -1.75 -1.6599999666214 -1.57000005245209 -1.46000003814697 -1.69000005722046 -1.72000002861023 -1.66999995708466 -1.42999994754791 -1.23000001907349 -0.839999973773956 -0.529999971389771 -0.28999999165535 -0.25 -0.369999857359345 -0.449999988079071 -0.549999972183102 -0.620000004768372 -0.970000028610229
-7.75 -7.63999986648561 -7.55000019073486 -7.32999992370605 -7.38000011444092 -7.40999984741122 -7.48999977111816 -7.15999984741211 -7.15999984741211 -7.17999982833862 -7.13000011444092 -7.23999977111816 -7.19000005722046 -7.07999992370605 -6.78000020980835 -6.6399998664856 -6.40999984741211 -6.05999994277954 -5.03999996185303 -4.46999979019165 -4.1199998845801 -3.49000000953674 -3.15000009536743 -2.82999992370606 -2.66000008583069 -2.13000011444092 -1.71000003814697 -1.5 -1.4099999666214 -1.35000002384186 -1.22000002861023 -1.13999998569489 -1.29999995231628 -1.4099999666214 -1.22000002861023 -1.10000002384186 -0.939999997615814 -0.419999986886978 -0.200000036475432 -0.159999919399993 -0.170000001788139 -0.360000014305115 -0.439999997615814 -0.699999988079071 -1.05999994277954
-7.59000015258789 -7.53999996185302 -7.53000020980835 -7.30999994277954 -7.21999979019165 -7.32000017166069 -7.21999979019165 -6.8600001335144 -6.96999979019165 -7.07000017166138 -7.07000017166138 -7.09000015258789 -7.13000011444092 -7.05000019073486 -6.71999979019165 -6.63000011444092 -6.5799999235813 -6.11999988555908 -5.19000005722046 -4.38000011444092 -3.97000002861023 -3.38000011444092 -2.98000001907349 -2.58999990217909 -2.19000005722046 -2.02999997138977 -1.48000001907349 -1.23000001908767 -1.25 -1.24000000953674 -1.02999997138977 -0.889999985694885 -0.990000009536743 -1.07000005245209 -1.00000000469976 -0.899999976158142 -0.97000002861023 -0.409999996423721 -0.209999911981407 -0.0399999991059303 -0.159999996423721 -0.369999939576476 -0.46000000834465 -0.740000009536743 -1.07000005245209
-7.51000022888184 -7.61999988555908 -7.61999988555908 -7.17000007629394 -7.13000011444092 -7.03999996185303 -7.01999998092651 -6.57000017166138 -6.78999996185303 -6.94000005722046 -6.82999992370605 -6.76000022888184 -6.84999990463257 -6.88999986648559 -6.76000022888184 -6.51000022888184 -6.48999977111816 -6.05999994277954 -5.53999996185303 -4.59000015258789 -4.03999996185303 -3.32999992370605 -2.5699999332428 -2.32999992317498 -2.03999996185303 -1.85000002384186 -1.39999997615814 -1.01999998092651 -0.990000009536743 -1 -0.819999994347524 -0.689999997615814 -0.709999978542328 -0.779999971389771 -0.779999971389771 -0.639999985694885 -0.879999995231629 -0.389999984197155 -0.00999999977648258 0 -0.200000002980232 -0.319999992847443 -0.5 -0.680000007152557 -0.999999767087996
-7.32999992370605 -7.28999996185303 -7.21999979019165 -7.09999990463257 -7.15999984741211 -6.90999984741211 -6.88000011444092 -6.28000020980835 -6.53000020980835 -6.51999998092651 -6.69999980926514 -6.44999980926514 -6.40999984743383 -6.63000011444092 -6.48999977111816 -6.3600001335144 -6.30999994277954 -5.76999998092651 -5.48999977111816 -4.34000015258789 -3.8499999018421 -3.01999998092651 -2.35999989509582 -2.11999988555908 -1.98000001907349 -1.76999998092651 -1.39999997615814 -1.02999997138977 -0.579999983310699 -0.709999978542328 -0.660000026226044 -0.469999998807907 -0.439999997615814 -0.540000021457672 -0.540000021457672 -0.439999997615814 -0.560000002384186 -0.389999985694885 0.0500000007450581 0.0399999991059303 -0.229999938710619 -0.280000001192093 -0.519999980926514 -0.589999973773956 -0.660000026226044
-6.94000005722046 -6.94000005722046 -6.96999979019165 -6.98999977111816 -6.98999977111816 -6.82000017166138 -6.71000003814697 -5.98999977111816 -6.07999992370605 -6.17000007629395 -6.42000007629394 -6.15999984741211 -6.03000020980563 -6.11999988555908 -6.09000015258789 -6.07999992370606 -6.01000022888184 -5.84000015258789 -5.24999999519326 -4.32999992280324 -3.50999999046326 -2.70000004768372 -2.1800000667572 -2.01999998092651 -2.00999999046326 -1.85000002384186 -1.76999998007946 -1.12000000476837 -0.46000000834465 -0.360000014305115 -0.319999992847443 -0.189999997615814 -0.170000001788139 -0.239999994635582 -0.349999994039536 -0.300000011920929 -0.200000002980232 -0.200000002980232 0.0900000035762787 0.0799999982118607 -0.0399999991059303 -0.25 -0.899999976158142 -0.52000007795386 -0.579999983310699
-6.80000019073486 -6.86999988555908 -6.94999980926514 -7 -6.84999990463257 -6.67999982833862 -6.59999990463257 -6 -5.67000007629394 -5.69999980926514 -5.82999992370605 -5.69000005722046 -5.53999996185303 -5.71000003814697 -5.61000013351441 -5.61999988555908 -5.53999995883415 -4.53000020980835 -4.48999977111816 -4.09999990463257 -3.21000003814697 -2.52999997138977 -2.1800000667572 -2.0699999332428 -1.80999994277954 -1.44000005722046 -1.23000001907349 -0.740000009536743 -0.259999990463257 0.0199999990729615 0.0900000035762787 0.0599999986588955 0.0199999995529652 -0.119999997317791 -0.319999992847443 -0.219999998807907 -0.0599999986588955 -0.0799999982118607 0.100000001490116 0.129999995231628 0.0799999982118607 -0.189999997615814 -0.509999990463257 -0.550000011920929 -0.439999997615814
-6.69999980926479 -6.75 -6.88999986648559 -7 -6.53999996184981 -6.03000020981005 -6.44999980926514 -5.57000017166138 -5.17999982833238 -5.23999977111816 -5.23999977111816 -5.17000007629395 -5.03999996185303 -5.34999990354814 -5.15000009408942 -4.5199999808559 -4.28000020980835 -3.83999991416931 -3.59999990463257 -3.54999995231629 -2.64000010490417 -2.42000007629395 -2.4900000085306 -1.95000004768372 -1.51999998092651 -0.920000016689301 -0.689999997615814 -0.389999985694885 -0.0299999993294477 0.0700000002980232 0.209999993443489 0.270000010728836 0.209999994004215 0.110000062537521 0.0700000002980232 -0.170000001788139 -0.180000007152557 -0.0399999991059303 0.0599999986588955 0.0900000035762787 0.140000000596046 -0.0500000007450581 -0.269999931401942 -0.389999985694885 -0.370000004768372
-6.55000019073486 -6.6100001335144 -6.67000007629395 -6.34000015258789 -5.8499999046331 -6.03000020980576 -6.1100001335016 -5.09000015258789 -4.90999984739805 -4.65000009536743 -4.63999986623581 -4.57000017141299 -4.28999996185303 -4.42000007629395 -3.88000011444092 -3.74000000948166 -3.53999996185303 -3.21000003814697 -2.9300000667572 -2.77999997138977 -2.17000007629395 -2.23000001907349 -2.23000001907349 -1.6599999666214 -1.22000002861023 -0.920000028317934 -0.730000019073486 -0.349999994039536 0.0799999982118607 0.0500000007450581 0.159999996423721 0.280000001192093 0.31999997094106 0.129999995231628 0.219999998807907 0.030000014322167 -0.0900000035762787 0 0.0599999986588955 0.0299999993294477 0.119999997317791 0.0799999982118607 -0.0500000007450581 -0.230000004172325 -0.259999990463257
-5.78999996185303 -5.82000017166138 -5.59999990463257 -5.61999988555908 -5.59000015258789 -5.51000022888184 -5.40000009536743 -4.19999980925848 -4.01000022887751 -3.77999997138977 -3.67000007629395 -3.74000000953674 -3.75999999046326 -3.74000000953674 -3.61999988555908 -3.3199999332428 -3.17000007629395 -2.64000010490417 -2.51999998125074 -2.40000009536743 -1.87000000476837 -1.87000000476837 -1.98000001907349 -1.21000003814697 -0.660000026226044 -0.579999983310699 -0.449999988079071 -0.219999998807907 0.109999999403954 -0.00999999977648258 0.100000001490116 0.259999981485682 0.259999990463257 0.109999999403954 0.0799999982118607 0.119999997317791 0.140000000596046 0.0399999991059303 0.0199999995529652 0.0799999982118607 0.0500000007450581 0.189999997615814 0.159999996423721 -0.0299999993294477 -0.349999704015738
-5.23999977111816 -5.51000022888184 -5.42999982833862 -5.44000005722046 -5.40999984741211 -5.32999992370605 -5.23000001907349 -3.84999990463257 -3.75999999046326 -3.53999996185303 -3.42000007629394 -3.5 -3.49000000953674 -3.47000002861023 -3.28999996185303 -3.10999989509583 -2.5 -2.23000001907349 -2.17000007638443 -2.04999995231628 -1.62999999523163 -1.27999997138977 -1.36000001430511 -0.779999971389771 -0.649999976158142 -0.280000001192093 0.170000001788139 0.209999993443489 0.270000010728836 0.0299999993294477 0.0700000057847474 0.189999997347617 0.25 0.209999993443489 0.0500000007450581 0 0.0900000035762787 0.170000001788139 0.0599999986588955 0.0399999991059303 0.109999999403954 0.119999997317791 0.100000001490116 0.140000046788018 -0.129999819792636
-4.88000011444092 -4.40000009536743 -4.63999986648559 -4.80000019073486 -4.76000022888184 -4.73999977111816 -5.05000019073486 -3.53999996185303 -3.52999997138977 -3.42000007629395 -3.1800000667572 -3.15000009536743 -3.21000003814697 -3.1800000667572 -2.96000003814697 -2.79999995231628 -2.52999997138977 -2.00999999046326 -1.75 -1.54999995231628 -1.20000004768372 -0.89999997507846 -0.5 -0.349999994039536 0.140000000596046 0.28999999165535 0.270000010728836 0.00999999977648258 -0.280000001192093 -2.22165844849381e-08 0.180000007152557 0.180000007152557 0.25 0.209999993443489 0.259999990463257 0.0399999991059303 0.0700000002980232 0.219999991215184 0.200000002980232 0.0599999986588955 0.189999997615814 0.189999997615814 0.210000046266531 0.150000005960464 0.119999997317791
-4.21000003814697 -4.1399998664856 -3.5 -3.50999999046326 -3.45000004768372 -3.40000009536743 -3.34999990463257 -3.23000001907349 -3.15000009536743 -3.13000011444092 -3 -2.82999992370424 -2.83999991416931 -2.82999992370605 -2.63000011444092 -2.51999998092651 -2.28999996185303 -1.75 -1.54999995231628 -1.33000004291534 -0.97000002861023 -0.689999997615814 -0.330000013113022 -0.0599999986588955 0.189999997615814 -0.100000001490116 -0.280000001192093 -0.219999984356808 -0.0299999993294477 -0.209999993443489 -0.0599999986588955 -0.0599999986588955 -0.0500000007450581 0.219999998807907 0.259999990463257 0.209999993443489 0.0700000002980232 0.119999997317791 0.140000000596046 0.100000001490116 0.159999996423721 0.109999999403954 0.239999994635582 0.280000001192093 0.270000010728836
