SnowAccumulation_R/test/tmin/final_tmin_10_04_2009.asc
NCOLS 97 
NROWS 69 
XLLCORNER 52512.810182332 
YLLCORNER 5316225.2758522 
CELLSIZE 10000 
NODATA_value -9999 
[rows 20 to 39 of 69, columns 0 to 44 of 97]
-9999 -9999 -9999 -9999 -5.21999979019165 -4.17999982833862 -3.94000005722046 -0.779999971389771 -2.20000004768372 -1.92999994754791 -0.980000019073486 -0.649999976158142 -0.239999994635582 0.159999996423721 0.0700000002980232 0.0199999995529652 -0.129999995231628 -0.330000013113022 -0.600000023841858 -0.400000005960464 -0.0900000035762787 -0.25 0.150000005960464 0.529999970899243 0.839999973773956 1.13999998569489 1.19000005722046 1.12000000476837 1.25999999046326 1.89999997615814 1.83000004291534 1.75 1.62000000476837 1.14999997615814 1.05999994277954 0.860000014305115 0.879999995231628 0.949999988079071 0.980000019073486 1 0.810000002384186 0.579999983310699 0.310000002384186 0.230000004172325 -0.0299999993294477
-9999 -9999 -9999 -9999 -3.83999991416931 -3.77999997138977 -3.15000009536743 -2.07999992370605 -3.42000007629394 -2.65000009536743 -2.42000007629395 -0.860000014305115 -0.310000002384186 -0.300000011920929 -0.0599999986588955 0.180000007152557 0.0900000035762787 -0.0599999986588955 -0.379999995231628 -0.340000003576279 -0.270000010728836 -0.150000005960465 0.509999990463257 0.569999992847443 0.80000000357232 1.5 1.13999998569489 1.22000002861023 1.5 1.62000000476837 1.83000004291534 1.37999999523163 1.63999998569489 1.51999998092651 1.41999995708466 1.05999994277954 0.990000009536743 0.949999988079071 1.00999999046326 0.800000011920929 0.689999997615814 0.419999986886978 0.14000000059609 0.0500000007450581 -0.0399999991059303
-9999 -9999 -9999 -9999 -3.14000010490417 -4.51000022888184 -3.14000010490418 -2.15000009536743 -3.21000003814697 -3.63000011444092 -2.01999998092651 -2.03999996185303 -0.639999985694885 -0.639999985694885 -0.449999910505452 0.300000011920929 0.28999999165535 -0.170000001788139 -0.0799999982118607 -0.259999990463257 -0.119999997317791 -0.0199999995529652 0.319999992847443 0.529999971389771 0.340000006086193 0.709999978542328 1 1.12000000476837 1.29999995231628 1.92999994754791 1.72000002861023 1.21000003814697 1.4099999666214 1.30999994277954 1.16999995708466 0.949999988079071 0.759999990463257 0.579999983310699 0.699999988079071 0.430000007152557 0.409999996423721 0.259999990463257 0.0299999993294477 -0.129999995231628 -0.400000005960465
-9999 -9999 -9999 -4.36999988555908 -3.89000010490417 -2.4300000667572 -3.23000001907349 -3.5699999332428 -4.09000015258789 -3.65000009536743 -2.79999995231628 -3.20000004768372 -1.21000003814697 -0.370000095758491 0.109999999403954 1.17999994754791 0.379999995231628 0.189999997615814 0.0500000007450581 0.0500000007450581 0.0900000035762787 0.280000001192093 0.310000002384186 0.270000010728836 0.28999999165535 0.519999980926514 0.699999982379377 0.819999992847443 1.05999994277954 1.4099999666214 1.47000002861023 1.21000003814697 1.38999998569489 1.16999995708466 1.1599999666214 0.889999985694885 0.509999990463257 0.490000009536743 0.689999997615814 0.620000004768372 0.159999996423721 0.00999999977648258 -0.159999996423721 -0.340000003576279 -0.649999976158142
-9999 -9999 -9999 -5.01999998092651 -4.55000019073486 -3.88000011444092 -4.92000007629395 -3.6800000667572 -4.3899998664856 -4.42999982833862 -3.38000011444092 -2.71999999554222 -1.89999997615814 0.0500000007450581 0.680000007152557 1.02999997138977 0.46000000834465 0.349999994039535 0.200000002980232 0.140000000596046 0.170000001788139 0.340000003576279 0.170000001788139 0.370000004768372 0.189999997615814 0.519999976793677 0.100000001490116 0.230000004172325 0.649999976158142 0.939999997615814 1.12000000476837 1.28999996185303 1.92999994754791 1.27999997138977 1.25999999046326 1.01999998092651 0.889999985694885 0.800000011920929 0.560000002384186 0.540000021457672 0.0199999995526858 -0.170000001788372 -0.370000004768674 -0.540000021457905 -0.850000023841858
-9999 -9999 -9999 -5.23000001907349 -4.51999966842791 -3.95000004768372 -4.21999979019165 -4.1399998664856 -5.55000019073486 -3.71000003814697 -4.05999994277954 -0.660000026226044 -0.509999990463257 -0.300000011920929 0.0900000035762787 0.310000002384186 0.28999999165535 0.109999999403954 -0.00999999977648258 0.119999997317791 0.469999998807907 0.209999993443489 0.409999996423721 0.529999971389771 0.419999986886978 0.219999998807907 -0.189999997615814 -0.0599999993862584 0.430000007152557 0.419999986886978 0.689999997615814 0.990000009536743 1.32000005245209 1.11000001430511 1 0.829999983310699 0.699999988079071 0.550000011920929 0.370000004768372 0.349999994039536 0.310000002384186 -0.379999995231628 -0.569999992847443 -0.709999978542328 -1.02999997138977
-9999 -9999 -9999 -5.26999740932627 -5.46999979019165 -2.8199999332428 -4.6399998664856 -4.84999990463257 -4.3899998664856 -4.88000011444092 -4.21999979019165 -3.5 -0.389999985694885 -0.379999995231628 0.00999999977648258 0.0299999993294477 0.159999996423721 0.319999992847443 0.150000005960464 0.0599999986588955 0.259999990463257 0.319999992847443 0.569999992847443 1.33000004291534 0.349999994039535 -0.0900000035762787 -0.189999998531537 -0.170000001265295 -0.0799999982118607 0.0799999982118607 0.490000009536743 0.889999985694885 0.920000016689301 0.689999997615814 0.629999995231628 0.689999997615814 0.649999976158142 0.600000023841858 0.400000005960465 0.360000014305115 0.340000003576279 -0.5 -0.639999985694885 -0.759999990463257 -1.12000000476837
-9999 -9999 -9999 -3.35999989509583 -3.48000001907349 -3.05000053496451 -5.67000007629395 -3.6800000667572 -4.40999984741211 -4.05999994277954 -3.59999990463257 -3.65000009536743 -3.38000011444092 -0.25 -0.209999993443489 -0.200000002980232 0 0.0399999991059303 0.140000000596046 0.189999997615814 0.280000001192093 0.150000005960464 0.310000002384186 0.389999985694885 0.140000000596046 -0.0500000007450581 -0.140000000596046 -0.280000001192093 -0.159999997397332 -0.119999997749692 -0.0399999991059303 0.709999978542328 0.740000009536743 0.610000014305115 0.600000023841858 0.579999983310699 0.589999973773956 0.569999992847443 0.479999989271164 0.379999995231628 0.0900000035762787 -0.300000011920929 -0.800000011920929 -0.939999997615814 -1.30999994277954
-9999 -9999 -9999 -2.26999998092651 -4.40000009536743 -4.57999992370605 -4.26000022888184 -4.73999977111816 -3.9300000667572 -4.25 -3.73000001907349 -3.80999994277954 -3.26999998092651 -3.16000008583069 -0.379999995231628 -0.670000016689301 -0.239999994635582 0.0700000002980232 0.0500000007450581 0.469999998807907 0.400000005960464 0.509999990463257 0.670000016689301 0.790000021457672 0.209999993443489 -0.0900000035762787 -0.200000002980232 -0.430000007152557 -0.340000004379265 -0.259999990463257 -0.0900000035762787 0.270000010728836 0.509999990463257 0.560000002384186 0.449999988079071 0.469999998807907 0.46000000834465 0.259999990463257 0.239999994635582 0.180000007152557 -0.419999986886978 -0.469999998807907 -0.629999995231628 -1.0900000333786 -1.42999994754791
-9999 -9999 -9999 -2.44000005722046 -4.03999996185303 -3.36999988555908 -3.54999989820653 -3.65000009536743 -2.55999994277954 -3.89000010490417 -4.71999979019165 -4.13000011444092 -4.21999979019165 -3.60999989509583 -0.870000004768372 -0.850000023841858 -0.850000023841858 -0.660000026226044 -0.319999992847443 0.159999996423721 0.579999983310699 0.600000023841858 0.649999976158142 1.23000001907349 0.620000004768372 0.419999986886978 -0.340000003576279 -0.699999988079071 -0.569999992847443 -0.360000014305115 -0.0299999997915933 0.129999994892627 0.189999997615814 0.230000004172325 0.370000004768372 0.349999994039535 0.100000001490116 0.0700000002980232 0.00999999977648258 0.140000000596046 -0.209999993443489 -0.709999978542328 -0.779999971389771 -1.33000004291534 -1.57000005245209
-9999 -9999 -9999 -1.18000082320961 -2.82999992370606 -3.08999991416931 -3.68000013520957 -4.40999984741211 -4.1100001335144 -3.11999988555908 -4.57000015972717 -3.78999996185303 -3 -4.05000019073486 -1.02999997138977 -1 -1.21000003814697 -1.22000002861023 -0.330000013113022 -0.189999997615814 0.569999992847443 0.910000026226044 1.02999997138977 1.14999997615814 1.12000000476837 0.509999990463257 -0.0599999986588955 -0.829999983310699 -1.17999994754791 -0.360000014778071 -0.259999990701303 -0.129999995231628 0.0599999986588955 0.230000004172325 0.100000001490116 -0.0299999993294477 -0.200000002980232 -0.259999990463257 -0.280000001192093 -0.319999992847443 -0.730000019073486 -0.800000011920929 -1.4099999666214 -1.47000002861023 -1.69000005722046
-9999 -9999 -9999 -1.49000000953674 -3.46000003814697 -2.26999998092651 -4.26000022888184 -3.89000067273879 -4.67999982833862 -2.8199999332428 -3.10999989509582 -3.70000004768372 -3.63000011444092 -3.30999994277954 -1.74000000953674 -1.26999998092651 -1.25 -1.33000004291534 -1.13999998569489 -0.419999986886978 0.5 1.02999997138977 1.21000003814697 1.17999994754791 1.19000005722046 1.02999997138977 0.180000007152557 -0.589999973773956 -0.899999976158142 -0.569999992847443 -0.560000002384186 -0.430000007152557 -0.059999998929631 -3.59723344445229e-10 -0.170000001788139 -0.25 -0.379999995231628 -0.430000007152557 -0.439999997615814 -0.519999980926514 -0.819999992847443 -1.12000000476837 -1.47000002861023 -1.52999997138977 -1.88999998569489
-9999 -9999 -9999 -3.45000004768372 -1.89999989427013 -3.39000010490417 -2.65000009536743 -4.36999988555908 -3.75000019385213 -4.03999996185303 -3.32999992370605 -2.77999997138977 -2.79999995231628 -2.14000010490417 -1.75 -1.5900000333786 -1.51999998092651 -0.970000028610229 -1.13999998569489 -0.330000013113022 0.649999976158142 1.10000002384186 1.4099999666214 1.63999998569489 1.5 1.14999997615814 0.730000019073486 -0.0599999986588955 -0.330000013113022 -0.600000023841858 -0.600000023841858 -0.430000007554144 -0.400000006376323 -0.75 -0.819999992847443 -1.03999996185303 -0.899999976158142 -0.959999978542328 -0.97000002861023 -0.670000016689301 -0.920000016689301 -1.30999994277954 -1.46000003814697 -1.58000004291534 -1.6599999666214
-9999 -9999 -9999 -3.19000005722046 -1.97000002861023 -1.03999996185303 -3.10999989509583 -2.42000007629395 -3.80999994277954 -3.99999963724572 -4.13000011444092 -3.14000010490418 -3.23000001907349 -3 -1.55999994277954 -1.33000004291534 -1.10000002384186 -1.1599999666214 -0.469999998807907 0.340000003576279 0.709999978542328 1.01999998092651 1.98000001907349 2.17000007629395 1.71000003814697 1.33000004291534 0.870000004768372 0.230000004172325 0.119999997317791 -0.419999986886978 -0.75 -0.860000014305115 -1.05999994277954 -1.38999998569489 -1.62999999523163 -1.32000005247702 -1.22000002862513 -1.10000002384186 -1.0900000333786 -1.1599999666214 -1.35000002384186 -1.30999994277954 -1.3400000333786 -1.5900000333786 -1.66999995708466
-9999 -9999 -9999 -4.44000005722046 -3.17000007629394 -1.67999994754791 -1.17999994754791 -3.9300000667572 -2.69000005722046 -3.83999991416931 -3.96999983990389 -4.09999990463257 -3.84999990463257 -3.4300000667572 -1.74000000953674 -1.46000003814697 -0.730000019073486 -1.05999994277954 -0.740000009536743 0.159999996423721 0.860000014305115 1.17999994754791 2.57999992370605 2.03999996185303 1.76999998092651 1.37000000476837 0.519999980926514 0.360000014305115 0.46000000834465 -0.239999994635582 -0.790000021457672 -0.939999997615814 -1.14999997615814 -1.37000000476837 -1.60000002384186 -1.57000005245209 -1.46000003814697 -1.33000004291534 -1.21000003814697 -1.3099999427787 -1.38999998569479 -1.30999994277959 -1.58000004291467 -1.58000004291513 -1.90999996662058
-9999 -9999 -4.75 -4.23999977111816 -5.6399998664856 -2.30999994277954 -1.1599999666214 -2.27999997138977 -3.46000003814697 -1.5900000333786 -4.05000019073486 -4.28999992587262 -4.3600001335144 -3.78999996185303 -2.13000011444092 -2.76999998092651 -1.5 -1.29999995231628 -1.10000002384186 -0.819999992847443 0.819999992847443 0.899999976158142 1.41999995708466 1.42999994754791 1.49000000953674 1.3400000333786 0.970000028610229 0.389999985694885 0.379999995231628 -0.469999998807907 -0.740000009536743 -0.889999985694885 -1.17999994754791 -1.52999997138977 -1.86000001430511 -1.72000002861023 -1.75 -1.27999997138977 -1.21000003814683 -1.19000005722018 -1.35000002384125 -1.33000004291534 -1.28999996185303 -1.49000000953674 -1.55999994277954
-9999 -9999 -5.57000017166138 -5.80999994277954 -4.53000020980835 -5.07000017166138 -3.5 -1.29999995231628 -2.98000001907349 -3.82999978753981 -4.07000017166138 -3.88000011444092 -4.3600001335144 -4.03000020980835 -2.67000007629395 -2.79999995231628 -2.45000004768372 -1.78999996185303 -1.54999995231628 -1.12999999523163 0.5799999833107 0.720000028610229 0.779999971389771 0.810000002384186 1.22000002760586 1.19000005728116 0.680000007152557 0.629999995231628 -0.239999994635582 -0.519999980926514 -0.709999978542328 -0.870000004768372 -1.22000002861023 -1.78999996185303 -2.27999997138977 -1.55999994277954 -1.21000003814697 -0.889999985694885 -0.990000009536743 -1.00999999046326 -0.990000009536743 -1.01999998092651 -0.959999978542328 -1.03999996185303 -0.860000014305115
-9999 -9999 -4.92000007629395 -4.23000001907349 -4.59000015258789 -4.98000001907349 -4.67999968587522 -1.54999995231628 -1.10000002384186 -3.79999995231628 -2.52999997138977 -3.28999996185303 -4.21999979019165 -4.23999977111816 -2.83999991416931 -3.10999989509583 -2.98000001907349 -2.52999997138977 -1.66999995708466 -1.41999995708466 -0.709999978542328 0.239999994635582 0.180000007152557 0.239999994635582 0.899999976158142 1.00999999046326 0.400000005960464 0.419999986886978 -0.189999997615814 -0.200000002980232 -0.300000011920929 -0.730000019073486 -0.980000019073486 -1.36000001430511 -1.51999998092651 -1.33000004291534 -0.959999978542328 -0.709999978542328 -0.870000004768372 -0.899999976158142 -0.899999976158142 -0.949999988079071 -0.879999995231629 -0.810000002384186 -0.5
-9999 -9999 -4.67000007629395 -3.80999994277954 -4.1100001335144 -5.57999992370605 -4.44999980926514 -3.29999995231628 -0.649999976158142 -3.70000004768372 -3.74000000953674 -3.96000003814697 -3.65000009536743 -4.63999986391336 -4.57999992370605 -3.82999992370605 -3.51999998092651 -2.88000011444092 -2.25 -1.95000004768372 -1.39999997615814 -0.689999997615814 -0.349999994039536 -0.140000000596046 0.379999995231628 0.649999976158142 0.0199999995529652 0.230000004172325 0.310000002384186 0 -0.0199999995529652 -0.150000005960464 -0.430000007152557 -0.930000007152557 -1.00999999046326 -1.21000003814697 -0.920000016689301 -0.970000028610229 -0.769999980926514 -0.769999980926514 -0.639999985694885 -0.879999995231629 -0.839999973773956 -0.8299999833107 -0.579999983310699
-9999 -9999 -1.97999909683346 -3.58999991416931 -5.26000022888184 -4.51000022888184 -4.28000020980835 -3.69000005722046 -0.800000011920929 -2.5699999332428 -4.09999987195677 -1.92999994754791 -3.29999995231628 -4.11000013351441 -4.19000005722046 -3.35999989509583 -3.20000004768372 -2.83999991416931 -2.61999988555908 -2.44000005722046 -1.87000000476837 -1.89999997615814 -0.930000007152557 -0.46000000834465 -0.649999976158142 -0.270000010728836 0.150000005960465 0.259999990463257 0.270000010728836 0.119999997317791 0.819999992847443 -0.0900000035762787 -0.439999997615814 -0.709999978542328 -0.800000011920929 -0.730000019073486 -0.649999976158142 -0.730000019073486 -0.509999990463257 -0.46000000834465 -0.550000011920929 -0.589999973773956 -0.150000005960464 -0.209999993443489 -0.469999998807907
