SnowAccumulation_R/test/tmin/final_tmin_17_04_2009.asc
NCOLS 97 
NROWS 69 
XLLCORNER 52512.810182332 
YLLCORNER 5316225.2758522 
CELLSIZE 10000 
NODATA_value -9999 
[rows 20 to 39 of 69, columns 0 to 44 of 97]
-9999 -9999 -9999 -9999 -7.51999998092651 -7.07000017166138 -7 -5.11999988555908 -6.40999984741211 -6.42000007629395 -5.88000011444092 -5.69999980926514 -5.26000022888184 -4.48999977111816 -4.59000015258789 -4.28999996185303 -3.75 -3.4300000667572 -3 -2.70000004768372 -2.04999995231628 -1.60000002384186 -1.42999994754791 -1.09000003509545 -0.829999983310699 -0.449999988079071 -1.22000002861023 -1.71000003814697 -1.70000004768372 -1.62999999523163 -2.10999989509582 -2.19000005722046 -2.70000004768372 -2.76999998092651 -2.99000000953674 -3.5699999332428 -3.91000008583069 -4.25 -4.44000005722046 -4.84999990463257 -5.38000011444092 -5.65999984741211 -5.40000009536743 -5.09000015258789 -4.71000003814697
-9999 -9999 -9999 -9999 -6.67000007629395 -6.78000020980835 -6.53000020980835 -6.13000011444092 -6.86999988555908 -6.65999984741211 -6.61000013351441 -6.01999998092651 -5.5 -5.40999984741211 -5.09999990463257 -4.53999996185303 -4.05999994277954 -3.63000011444092 -3.02999997138977 -2.79999995231628 -2.14000010490417 -1.76999998092651 -1.4099999666214 -1.45000004768372 -0.779999976471532 -0.0700000002980232 -1.00999999046326 -1.51999998092651 -1.63999998569489 -1.72000002861023 -1.91999995708466 -2.86999988555908 -2.65000009536743 -2.53999996185303 -2.83999991416931 -3.25999999046326 -3.90000009536743 -4.65000009536743 -5 -5.36999988555908 -5.84999990463257 -6.26000022888184 -5.84000015258803 -5.44999980926514 -4.67999982833862
-9999 -9999 -9999 -9999 -6.17000007629395 -7.05000019073486 -6.51000022888184 -6.09000015258789 -6.69999980926514 -6.92000007629395 -6.46000003814697 -6.48000001907349 -5.92999982833862 -5.80000019073486 -5.59000007285937 -4.75 -4.38000011444092 -3.80999994277954 -3.41000008583069 -2.99000000953674 -2.8199999332428 -2.13000011444092 -2.01999998092651 -1.6599999666214 -1.0599999510264 -1.02999997138977 -1.38999998569489 -1.71000003814697 -1.87000000476837 -1.82000005245209 -1.97000002861023 -2.84999990463257 -2.5 -2.5699999332428 -2.86999988555908 -3.39000010490417 -3.71000003814697 -4.8600001335144 -5.75 -5.90000009536743 -6.38000011444092 -6.53000020980835 -6.1100001335144 -5.82999992370605 -5.23999977111816
-9999 -9999 -9999 -6.67999982833862 -6.48999977111816 -5.80000019073486 -6.44000005722046 -6.65000009536743 -6.94000005722046 -6.80999994277954 -6.57000017166138 -6.69000005722046 -6.09999990463257 -5.59999994773322 -5.13000011444092 -4.26999998092651 -4.07000017166138 -4.21999979019165 -3.63000011444092 -3.53999996185303 -3.25999999046326 -2.53999996185303 -2.41000008583069 -2.55999994277954 -2.15000009536743 -2.41000008583069 -1.97000003763475 -1.99000000953674 -2.02999997138977 -2.01999998092651 -2.00999999046326 -2.48000001907349 -2.38000011444092 -2.67000007629395 -2.78999996185303 -3.3199999332428 -3.88000011444092 -4.53999996185303 -5.51000022888184 -6.03000020980835 -6.73000001907349 -7.03000020980835 -6.48000001907349 -6.19000005722046 -5.59999990463257
-9999 -9999 -9999 -6.92000007629395 -6.71999979019165 -6.5 -7.09999990463257 -6.6100001335144 -6.94000005722046 -6.98999977111816 -6.61999988555908 -6.42000006692467 -6.17999982833862 -4.82999992370605 -4.40000009536743 -4.28000020980835 -4.25 -3.97000002861023 -4.03000020980835 -3.75 -3.54999995231628 -2.83999991416931 -3.4300000667572 -2.96000003814697 -2.79999995231628 -2.41000009448381 -2.92000007629394 -2.80999994277954 -2.64000010490417 -2.52999997138977 -2.38000011444092 -2.34999990463257 -2.13000011444092 -2.47000002861023 -2.4300000667572 -3.48000001907349 -3.75999999046326 -4.59000015258789 -5.57999992370605 -6.44000005722046 -6.82000017166119 -7.19999980926439 -6.67000007629364 -6.38000011444071 -5.78999996185303
-9999 -9999 -9999 -6.90999984741211 -6.57000002673442 -6.3899998664856 -6.61999988555908 -6.65999984741211 -7.34999990463257 -6.55999994277954 -6.71000003814697 -4.98999977111816 -4.8899998664856 -4.76999998092651 -4.69000005722046 -4.67000007629395 -4.32000017166138 -4.28999996185303 -4.57000017166138 -4.51999998092651 -3.74000000953674 -3.69000005722046 -3.63000011444092 -3.66000008583069 -3.21000003814697 -3.24000000953674 -3.39000010490417 -3.18000006960053 -2.91000008583069 -2.57999992370605 -2.80999994277954 -2.4300000667572 -2.41000008583069 -2.53999996185303 -2.51999998092651 -3.16000008583069 -4.15999984741211 -4.57999992370605 -5.94999980926514 -6.53000020980835 -6.90000009536743 -6.59999990463257 -6.28000020980835 -6.07999992370606 -5.67999982833862
-9999 -9999 -9999 -6.78999813206046 -7 -5.55999994277954 -6.67999982833862 -6.84000015258789 -6.65999984741211 -6.8899998664856 -6.61999988555908 -6.34999990463257 -5.15000009536743 -5.01000022888184 -4.82000017166138 -4.80999994277954 -4.71000003814697 -4.25 -4.65000009536743 -4.94999980926514 -4.40999984741211 -3.73000001907349 -3.70000004768372 -3.96000003814697 -3.92000007629395 -3.89000010490417 -3.39000011012379 -3.60999989614151 -3.54999995231628 -3.23000001907349 -2.97000002861023 -2.54999995231628 -2.50999999046326 -2.54999995231628 -3.07999992370606 -3.03999996185303 -3.53999996185303 -4.34000015258789 -5.32999992370605 -6.78999996185303 -7.38000011444092 -6.30999994277954 -5.98999977111816 -5.82000017166138 -5.59000015258789
-9999 -9999 -9999 -5.25 -5.71000003814697 -5.53000055215527 -7.07000017166138 -6.13000011444092 -6.5 -6.36999988555908 -6.21000003814697 -6.23999977111816 -6.1399998664856 -4.80000019073486 -4.78000020980835 -4.78999996185303 -4.51000022888184 -4.48000001907349 -4.80999994277954 -4.73000001907349 -4.48000001907349 -4.26000022888184 -3.86999988555908 -3.97000002861023 -4.15000009536743 -4.21000003814697 -4.48999977111816 -4.07000017166138 -3.68000006697356 -3.46000003845547 -3.11999988555908 -2.55999994277954 -2.33999991416931 -2.41000008583069 -2.95000004768372 -3.05999994277954 -3.30999994277954 -3.99000000953674 -4.94999980926514 -6 -6.63000011444092 -6.28999996185303 -5.82000017166138 -5.71999979019165 -5.57999992370605
-9999 -9999 -9999 -4.15999984741211 -5.90999984741211 -6.28999996185303 -6.15999984741211 -6.46000003814697 -6.11999988555908 -6.28000020980835 -6.07999992370605 -6.11999988555908 -5.94000005722046 -5.90000009536743 -4.71000003814697 -4.36999988555908 -4.3600001335144 -4.57000017166138 -4.67999982833862 -4.26000022888184 -4.09000015258789 -3.76999998092651 -3.69000005722046 -3.72000002861023 -3.94000005722046 -4.42000007629395 -4.44000005722046 -3.97000002861023 -3.72000002834257 -3.55999994277954 -3.20000004768372 -2.54999995231628 -2.24000000953674 -2.00999999046326 -2.55999994277954 -3.04999995231628 -3.24000000953674 -4.19000005722046 -4.73999977111816 -5.42999982833862 -6.01999998092651 -6.01000022888184 -5.88000011444092 -5.59999990463257 -5.51000022888184
-9999 -9999 -9999 -4.13000011444092 -5.51000022888184 -5.23000001907349 -5.59999988816446 -5.75 -5.25 -5.96000003814697 -6.32000017166138 -6.05999994277954 -6.07999992370605 -5.86999988555908 -4.23999977111816 -4.34000015258789 -4.42999982833862 -4.55999994277954 -4.67000007629395 -4.34000015258789 -3.79999995231628 -3.05999994277954 -3.4300000667572 -3.40000009536743 -3.65000009536743 -3.86999988555908 -4.01000022888184 -3.88000011444092 -3.49000000953674 -3.27999997138977 -3.07999992370606 -2.50000000015646 -2.30999994277954 -2.28999996185303 -2.44000005722046 -2.94000005722046 -3.44000005722046 -3.69000005722046 -4.01999998092651 -4.90000009536743 -5.75 -5.80999994277954 -5.96000003814697 -5.84000015258789 -5.46000003814697
-9999 -9999 -9999 -2.84000072873833 -4.5 -4.86999988555908 -5.36000021337549 -5.96000003814697 -5.84999990463257 -5.44999980926514 -6.07000016600832 -5.76000022888184 -5.51999998092651 -5.82000017166138 -4.17000007629395 -4.30999994277954 -4.59000015258789 -4.71999979019165 -4.67999982833862 -4.51000022888184 -3.89000010490417 -3.44000005722046 -3.25999999046326 -3.08999991416931 -3.32999992370605 -3.63000011444092 -3.63000011444092 -3.57999992370605 -3.36999988555908 -3.27999997124425 -3.07999992366638 -2.61999988555908 -2.32999992370605 -2.32999992370605 -2.45000004768372 -3.09999990463257 -3.66000008583069 -3.86999988555908 -3.91000008583069 -4.09999990463257 -5.46999979019165 -5.67999982833862 -6.1100001335144 -5.3600001335144 -5.34000015258789
-9999 -9999 -9999 -3.16000008583069 -4.78000020980835 -4.13000011444092 -5.51999998092651 -5.52000018141494 -5.96000003814697 -5.09999990463257 -5.32999992370605 -5.57000017166138 -5.55000019073486 -5.48999977111816 -4.59000015258789 -4.42999982833862 -4.61000013351441 -4.80999994277954 -4.92999982833862 -4.67999982833862 -4.09999990463257 -3.66000008583069 -3.40000009536743 -3.32999992370605 -3.42000007629395 -3.27999997138977 -3.5 -3.49000000953674 -3.25 -3.10999989509583 -2.71000003814697 -2.63000011444092 -2.31999993362501 -2.42000007665847 -3.15000009536743 -3.11999988555908 -3.75 -3.9300000667572 -4.07999992370605 -4.53999996185303 -5.05999994277954 -5.26000022888184 -5.17999982833862 -5.17000007629395 -5.3600001335144
-9999 -9999 -9999 -4.51000022888184 -3.50999997185236 -4.73999977111816 -4.40000009536743 -5.48999977111816 -5.36000014923201 -5.53000020980835 -5.28999996185303 -5.05000019073486 -5.17000007629395 -4.96000003814697 -4.48999977111816 -4.6100001335144 -4.78999996185303 -4.59000015258789 -4.96000003814697 -4.73000001907349 -4.1100001335144 -3.85999989509583 -3.65000009536743 -3.5 -3.20000004768372 -3.50999999046326 -3.27999997138977 -3.15000009536743 -3.0699999332428 -2.98000001907349 -2.83999991416931 -2.63000011477976 -2.79999995247321 -3.1800000667572 -3.46000003814697 -3.74000000953674 -3.86999988555908 -4.5 -4.65999984741211 -5.01000022888184 -5.34999990463257 -5.65000009536743 -5.05999994277954 -5.05999994277954 -4.63999986648559
-9999 -9999 -9999 -4.17999982833862 -3.55999994277954 -3.00999999046326 -4.55999994277954 -4.28999996185303 -5.11999988555908 -5.37999990028465 -5.42999982833862 -5.17000007629394 -5.25 -5.28000020980835 -4.36999988555908 -4.69000005722046 -4.8899998664856 -4.86000013351441 -4.61999988555908 -4.55000019073486 -4.48999977111816 -4.36999988555908 -3.57999992370605 -3.33999991416931 -3.33999991416931 -3.38000011444092 -2.8199999332428 -2.92000007629394 -2.80999994277954 -3.02999997138977 -3 -3.29999995231628 -3.53999996185303 -3.96000003814697 -4.17000007629395 -4.34000015262456 -4.53999996187314 -4.73000001907349 -4.69000005722046 -5.03000020980835 -5.26999998092651 -5.5 -5.26000022888184 -4.55000019073486 -4.57000017166138
-9999 -9999 -9999 -4.90000009536743 -4.25 -3.38000011444092 -3.28999996185303 -5.03000020980835 -4.48999977111816 -5.1100001335144 -5.28000012997095 -5.28999996185303 -5.26999998092651 -5.30999994277954 -4.46000003814697 -4.65000009536743 -4.71999979019165 -4.73999977111816 -4.88000011444092 -4.48000001907349 -4.42999982833862 -4.3899998664856 -3.35999989509583 -3.53999996185303 -3.53999996185303 -3.41000008583069 -3.11999988555908 -3.03999996185303 -2.9300000667572 -3.05999994277954 -2.99000000953674 -3.20000004768372 -3.59999990463257 -4.32000017166138 -4.75 -5.09000015258789 -5.40999984741211 -5.28999996185303 -5.19999980926514 -4.51000022888456 -4.98000001907363 -4.9899997711184 -5.0999999046321 -4.65999984741199 -4.57999992370603
-9999 -9999 -4.90000009536743 -4.63000011444092 -5.69999980926514 -3.80999994277954 -3.21000003814697 -4.07000017166138 -4.82000017166138 -3.98000001907349 -5.17000007629394 -5.23999976212313 -5.21000003814697 -5.26000022888184 -4.46000003814697 -4.11999988555908 -4.57000017166138 -4.73000001907349 -5.05000019073486 -5.05999994277954 -4.5 -4.51000022888184 -4.05000019073486 -3.97000002861023 -3.78999996185303 -3.79999995231628 -3.10999989509583 -3.05999994277954 -2.85999989509583 -2.98000001907349 -2.5 -2.85999989509583 -4.03999996185303 -4.84999990463257 -5.48999977111816 -5.78000020980835 -6.40000009536743 -5.65999984741211 -5.19999980926821 -4.90000009536976 -5.03999996185349 -5.09000015258789 -4.90000009536743 -4.6100001335144 -4.57000017166138
-9999 -9999 -5.36999988555908 -5.61000013351441 -4.8600001335144 -5.28999996185303 -4.48999977111816 -3.48000001907349 -4.53999996185303 -4.97999996588354 -5.1399998664856 -5.21000003814697 -5.15000009536743 -5.21000003814697 -4.92000007629395 -4.82000017166138 -5.11999988555908 -5.28000020980835 -5.34000015258789 -5.30999994277954 -4.61999988555908 -4.57000017166138 -4.48999977111816 -4.42999982833862 -3.80999994423588 -3.75999999056443 -3.42000007629395 -3.05999994277954 -3.24000000953674 -2.98000001907349 -2.75 -3.17000007629394 -4.28999996185303 -5.3600001335144 -6.21000003814697 -5.84999990463257 -6.03000020980835 -6.05999994277954 -5.80999994277954 -5.51000022888184 -5.32000017166138 -5.30000019073486 -4.8600001335144 -4.6100001335144 -4.09999990463257
-9999 -9999 -4.78000020980835 -4.40000009536743 -4.78999996185303 -5.13999986648559 -5.01999992065353 -3.57999992370605 -3.55999994277954 -4.98000001907349 -4.6100001335144 -5.1100001335144 -5.25 -5.26000022888184 -5.44000005722046 -5.78000020980835 -5.80999994277954 -5.8600001335144 -5.51000022888184 -5.48999977111816 -5.3899998664856 -4.84000015258789 -4.84000015258789 -4.73000001907349 -4 -3.86999988555908 -3.60999989509583 -3.49000000953674 -3.47000002861023 -3.23000001907349 -3.08999991416931 -3.5699999332428 -4.42000007629395 -5.09000015258789 -5.44999980926514 -5.63000011444092 -5.86999988555908 -6.1399998664856 -5.78999996185303 -5.51000022888184 -5.32999992370605 -5.30999994277954 -4.8600001335144 -4.57999992370605 -3.96000003814697
-9999 -9999 -4.48999977111816 -4.13000011444092 -4.40000009536743 -5.42000007629395 -4.88000011444092 -4.40999984741211 -3.23000001907349 -4.90999984741211 -5 -5.19999980926514 -5.3899998664856 -5.17999982919604 -5.17999982833862 -6.6100001335144 -6.55000019073486 -5.90000009536743 -5.88000011444092 -5.73000001907349 -5.78999996185303 -5.34999990463257 -5.19000005722046 -4.96000003814697 -4.46000003814697 -3.98000001907349 -3.80999994277954 -3.75 -3.47000002861023 -3.47000002861023 -3.29999995231628 -3.89000010490417 -4.28000020980835 -4.78000020980835 -5.07999992370605 -5.40000009536743 -5.78000020980835 -5.80999994277954 -5.53999996185303 -5.3899998664856 -5.34000015258789 -5.30000019073486 -4.90000009536743 -4.69999980926514 -4.34999990463257
-9999 -9999 -2.63999943749339 -3.91000008583069 -5.03000020980835 -4.69999980926514 -4.71999979019165 -4.53000020980835 -3.27999997138977 -4.44999980926514 -5.03999995766383 -4.53000020980835 -5.26999998092651 -5.44000005722046 -5.44999980926514 -5.90999984741211 -6.1100001335144 -5.90000009536743 -5.69000005722046 -5.80000019073486 -6.09999990463257 -6.15000009536743 -5.23999977111816 -4.78000020980835 -4.59000015258789 -4.25 -3.77999997138977 -3.61999988555908 -3.5 -3.49000000953674 -3.07999992370606 -3.50999999046326 -4.28999996185303 -4.67000007629395 -4.92000007629395 -5.46999979019165 -5.5 -5.53000020980835 -5.17999982833862 -5.21999979019165 -5.26000022888184 -5.21999979019165 -4.8899998664856 -4.65000009536743 -4.28999996185303
