SnowAccumulation_R/test/tmin/final_tmin_03_04_2009.asc
NCOLS 97 
NROWS 69 
XLLCORNER 52512.810182332 
YLLCORNER 5316225.2758522 
CELLSIZE 10000 
NODATA_value -9999 
[rows 0 to 19 of 69, columns 0 to 45 of 97]
-9999.000000000000000 -9999 -9999 -9999 -9999 -9999 -9999 -9999 -9999 -9999 -9999 -9999 -9999 -9999 -9999 -9999 -9999 -9999 -9999 -9999 -9999 -9999 -9999 -9999 -9999 -9999 -9999 -9999 -9999 -9999 -9999 -9999 -9999 -9999 -9999 -9999 -9999 -9999 -9999 -9999 -9999 -9999 -9999 -9999 -9999 -9999
-9999 -9999 -9999 -9999 -9999 -5.34000015258789 -6.32000017166138 -6.63999986648559 -7.07999992370605 -6.65999984741211 -6.8899998664856 -6.76000022888184 -6.42999976161551 -5.94999980926514 -6.76000022888184 -7.25 -7.53999996185303 -8.06999969482422 -8.39000034516211 -9999 -9999 -9999 -9999 -9999 -9999 -9999 -9999 -9999 -9999 -9999 -9999 -9999 -9999 -9999 -9999 -9999 -9999 -9999 -9999 -9999 -9999 -9999 -9999 -9999 -9999 -9999
-9999 -9999 -9999 -9999 -9999 -5.88000011444092 -6.55000019073486 -6.59999990463257 -6.5 -5.98999977111816 -6.05999994277954 -5.57000017166138 -5.59000015258789 -5.88000013953801 -6.65000009536743 -6.84000015258789 -7.26999998092651 -7.78999996185303 -8.34000015258789 -9.05000015802452 -9.72999954223633 -10.1999998092651 -10.5299997329712 -10.8100004196167 -10.9799995422363 -11.3699998855591 -11.039999961853 -10.5200004577637 -10.3000001907349 -10.7299995422363 -10.9200000762939 -11.0100002288818 -10.7399997711182 -10.210000038147 -9.64000034332275 -9.06999969482422 -8.8100004196167 -8.02000045776367 -7.40999984741211 -7.11999988555908 -7.19999980926514 -7.49999999999998 -7.69000005722046 -8.26000022888183 -8.92000007629395 -9.47000026702881
-9999 -9999 -9999 -9999 -9999 -5 -4.90999984741211 -5.59000015258789 -5.65000002735517 -5.15000009536743 -5.26000022888184 -5.57999992370605 -5.55999994277954 -6.19000005722046 -6.51000022888184 -6.84999990463257 -7.21999979019165 -7.61999988555908 -7.96000003814697 -8.25000000057628 -8.8100004196167 -9.84000015258789 -10.1099996566772 -10.3599996566772 -10.6700000760184 -10.7799997329712 -10.6400003433228 -10.4099998474121 -10.5900001525879 -11.1899995803833 -11.460000038147 -11.5100002288818 -11.1300001144409 -10.5600004196167 -9.96000003814697 -9.34000015258789 -9.01000022888184 -8.17000007629395 -7.48999977111816 -7.05999994277954 -6.98999977111816 -7.21999979019151 -7.44999980926514 -7.96000003814697 -8.52000045776367 -8.97999954223633
-9999 -9999 -9999 -9999 -9999 -4.34999990463257 -4.46999979019165 -4.78999967229759 -4.8600001335144 -4.88999986235343 -4.90999984741211 -5.17000007629394 -5.51999998092651 -5.92000007629394 -6.13000012354621 -6.57999992370605 -7.09999990463257 -7.40999984741211 -7.51000022888184 -8.01000022888184 -8.25 -8.63000011444092 -9.53999993473158 -9.69999980926514 -9.85999965667724 -9.89999961853028 -9.89999961853028 -9.97000026702881 -10.5200004577637 -11.5500001907349 -12.1199998855149 -11.9799995422363 -11.4399995803833 -10.7299995422363 -10.0799999237061 -9.36999988555908 -8.98999977111816 -8.10999965667725 -7.3899998664856 -6.82000017166138 -6.65000009536743 -6.88000011444092 -7.09999990463257 -7.59999990463257 -8.13000011444092 -8.64000034332275
-9999 -9999 -9999 -9999 -9999 -3.97000002861023 -4.09000015258789 -4.17000007629394 -4.53999975621953 -4.59000015258789 -4.88999986648559 -5.19999980926514 -5.53999996185303 -5.90999984741211 -6.28999996185303 -6.46000003814697 -6.8600001335144 -7.07999992370605 -7.03000020980835 -7.48999977111816 -7.73000001907349 -8.10999965667725 -8.27999973297119 -8.22999954223633 -9 -9.02999973297119 -9.02999973297119 -9.17000007629394 -9.97000026702881 -11.460000038147 -12.3500003814697 -12 -11.4200000762939 -10.6800003051758 -10 -9.31999969482422 -8.47999954224936 -8 -7.1399998664856 -6.48000001907349 -6.23999977111816 -6.53000020980835 -6.75 -7.26000022888184 -7.76000022888184 -8.1899995803833
-9999 -9999 -9999 -9999 -9999 -4.11999988555908 -4.19000005722046 -4.09999990463257 -4.46000003814697 -4.69000016739293 -5.13999986648559 -5.32000017166138 -5.67000007629395 -6.01000022888184 -6.40000009536743 -6.78999996185303 -6.96999979019165 -7.26000022888184 -6.92000007629395 -7.23000001907349 -7.53000020973346 -7.69000005722046 -7.84999990463257 -7.73999977111816 -7.73999977111816 -8.28999995493393 -8.22000026702881 -8.09000015258789 -8.8100004196167 -10.460000038147 -11.25 -11.2600002288818 -10.9399995803833 -10.3299999237061 -9.76000022888184 -9.1899995803833 -8.34000015260193 -7.82000017166138 -6.86999988555908 -6.09000015258789 -5.76000022888184 -6.09000015258789 -6.34000015258789 -6.86999988555908 -7.32999992370605 -7.71000003814697
-9999 -9999 -9999 -9999 -9999 -4.21000003814697 -4.19000008787568 -4.30000019073486 -4.82000017166138 -5.38000011444092 -5.21000008892636 -5.44999983657864 -5.94000005722046 -6.34000015258789 -6.53999996185303 -6.82000017166138 -6.90000009777104 -7.11999988555908 -7.1100001335144 -7.09999990463257 -7.36999988555908 -7.53000020980835 -7.67000007629394 -7.73000001907349 -7.82000017166138 -7.90000009536743 -7.82999992370605 -7.23000001989724 -7.6100001335144 -9.36999988555908 -10.2799997329712 -10.4200000762939 -10.289999961853 -9.82999992370605 -9.43000030517578 -8.9399995803833 -8.10999965669151 -7.57999992370605 -6.59999990463257 -5.82000017166138 -5.51999998092651 -5.76999998092651 -5.96000003814697 -6.51000022888184 -6.94000005722046 -7.26000022888184
-9999 -9999 -9999 -9999 -9999 -4.51000022888184 -4.67999982833862 -4.53000020980835 -5.15000009536743 -5.44999980926514 -5.6100001335144 -5.69000012849081 -5.8600001335144 -6.25 -6.61999988555908 -6.84000015258789 -7.07000017166138 -7.07000017166138 -7.21999979019165 -7.17999982833862 -7.42000007629395 -7.6300001143468 -7.6399998664856 -7.8899998664856 -8.10000038146973 -8.21000003814697 -8.02999973312949 -7.94000005722046 -8.05000019073487 -8.86999988474157 -9.60999965667725 -9.82999992370605 -9.77999973297119 -9.47000026702881 -9.06999969482422 -8.5600004196167 -7.76000022888184 -7.26000022888184 -6.30000019073486 -5.51000022888184 -5.26999998092651 -5.51999998092651 -5.69000005722046 -6.13000011444092 -6.5 -6.84000015258789
-9999 -9999 -9999 -9999 -9999 -5.15000009536743 -5.19999980926514 -5.21999979019165 -5.5 -5.92000007629395 -6.03999996185303 -6.17999982833862 -5.94000012380912 -6.17999982833862 -6.6100001335144 -6.98000001907349 -7.03999996185303 -7.17999982936806 -7.30000019073486 -7.42000007629394 -7.59999990463257 -7.78000020980835 -7.82000017166138 -7.96999979019165 -8.34000015258789 -8.69999980926514 -8.42000007629394 -8.30000019073486 -8.14999961853027 -8.46000003814697 -8.85999965667725 -9.39000034272596 -9.36999988522679 -9.13000011444092 -8.73999977111816 -8.22000026702881 -7.44000005722046 -6.96000003814697 -5.96000003814697 -5.13999986648559 -4.94000005722046 -5.21999979019165 -5.42999982833874 -5.76999998092651 -6.09999990463257 -6.38000011444092
-9999 -9999 -9999 -9999 -9999 -6.78999996185303 -5.80000019073486 -6.01999998092651 -6.17999987254878 -6.42999982833862 -6.57000017166138 -6.53000020980835 -6.34000015258789 -6.28000023230741 -6.63000011444092 -7.03999996185303 -7.15000009536743 -7.42999982833862 -7.32999992370605 -7.55999994277954 -7.82000017166138 -7.80999994277954 -7.65999984741211 -7.78999996185303 -8.35000038146973 -9 -8.19999980926514 -7.98999977111816 -7.8899998664856 -8.10999965667725 -8.47000026702881 -8.71000003814697 -8.76000022888184 -8.61999988555908 -8.47000026696511 -7.98000001904063 -7.21999979019165 -6.73000001907349 -5.69999980926514 -4.73999977111816 -4.67999982833862 -5.03000020980835 -5.26000022888184 -5.67000007629395 -6.01999998092651 -6.28999996185303
-9999 -9999 -9999 -9999 -7.84000015258789 -7.92999982833862 -7.34999990463257 -6.90000009536743 -7.1399998664856 -7.23999977111816 -7.28999996185303 -7.28000020980835 -6.84999990463257 -6.78999996185303 -6.71999982901094 -7 -7.26999998092651 -7.38000011444092 -7.23999977157264 -7.44000005722046 -7.40000009536743 -7.15000009536743 -7.11999988555908 -7.21000003814697 -7.53000020980835 -7.65999984741211 -7.32999992370605 -7.21000003815779 -7.28000020980835 -7.59999990463257 -8.02999973297119 -8.36999988555908 -8.48999977111172 -8.42000007629395 -8.10999965667724 -7.63000011444092 -6.98000001907349 -6.53000020980835 -5.59000015258917 -4.71000003814874 -4.59000015258864 -4.98999977111844 -5.26000022888196 -5.71000003814702 -6.13000011444092 -6.38999986648559
-9999 -9999 -9999 -9999 -8.97000026702881 -8.55000019073487 -8 -7.61000013351441 -8 -7.86000000194069 -7.42999982833862 -7.28000020980835 -7.05999994277954 -6.8899998664856 -7.07000017166138 -7.40000007878737 -7.09999990463257 -7.15999984741211 -7.34000015258789 -7.25 -7.01000022888184 -6.46000003814697 -6.5 -6.51999998092651 -6.51999998092651 -6.3600001335144 -6.09999990463257 -6.32999992370605 -6.53000020980835 -7.03000020980835 -7.57000017166138 -8.03999996185303 -8.30000019071764 -8.21000003814697 -7.86999988555908 -7.42999982833862 -6.82999992370605 -6.11000013351985 -5.73000001907349 -5.15000009536743 -4.92000007629395 -5.05999994277954 -5.23000001907349 -5.67999982833862 -6.11999988555908 -6.38000011444092
-9999 -9999 -9999 -9999 -9.48999977111816 -9.15999984741211 -8.68000030517578 -8.32999992370605 -7.82999992370605 -7.67000007629395 -7.78000020980835 -7.46000003814697 -7.17000007629394 -7.28999996185303 -7.32000017166138 -7.26999998092651 -7.28000020980835 -7.26999998092651 -7.23999977111816 -7.09999990463257 -6.75000001238985 -6.34999990463257 -6.42999982833862 -6.32000017166138 -5.69000005722046 -5.44999980926514 -5.07000017166138 -5.61000013351441 -5.88000011444092 -6.53000020980835 -7.13000011444092 -7.6100001335144 -7.86999988555908 -7.86999988555908 -7.59999990463257 -7.23000001907349 -6.69999980926514 -6.1199998855636 -5.80000019073486 -5.28999996185303 -5.01999998092651 -4.98000001907349 -5.11000013351456 -5.5 -6.09999990463257 -6.25
-9999 -9999 -9999 -9999 -10.4000019236364 -9.23999977111816 -9.77999977284041 -9.88000011444092 -9 -7.94999980926514 -7.92999982833862 -7.84999990463257 -7.73000001907349 -7.73000001907349 -7.67000007629395 -7.80000019073486 -7.67999982833862 -7.76999998092651 -7.34000015071211 -7.40000009536743 -6.96000003814697 -6.09999990463257 -6.19999980926514 -5.96000003814697 -5.01000022888184 -4.76000022888184 -4.80999994277954 -5.26999998092651 -5.84000015232503 -6.15999984741211 -6.76999998092651 -7.25 -7.44999980926514 -7.46000003814697 -7.34000015258789 -7.03999996185303 -6.57000017166138 -6.0700001716652 -5.82000017166138 -5.28000020980835 -4.90999984741211 -4.76999998092651 -4.82000017166141 -5.09000015258789 -5.48999977111816 -5.96999979019165
-9999 -9999 -9999 -9999 -12.2299995422363 -10.0400007492123 -10.6400003433228 -10.3699998855591 -9.88000011444092 -9.15999984741211 -8.63000011444092 -8.71000003814696 -8.3100004196167 -8.3100004196167 -8.14999961853027 -8.02000045776367 -7.96999979019165 -7.80999994277954 -7.53999996185303 -8.02999973297119 -6.90999984741211 -6.92000006958667 -5.92000007629395 -4.73999977267103 -4.73999977111816 -4.32999992370605 -4.6399998664856 -5.07000017166138 -5.59999990463257 -5.8899998664856 -6.48999977111816 -6.96000003814697 -7.26000022888184 -7.23999977111816 -7.11000013351441 -6.8600001335144 -6.40999984741211 -5.90999984741211 -5.65000009536743 -5.05999994277954 -4.59000015258789 -4.44000005722046 -4.51000022888184 -4.65999984741211 -5.01999998092651 -5.46000003814697
-9999 -9999 -9999 -9999 -12.1099996566772 -13.0600004196167 -11.8800002296355 -11.4399994580274 -10.7299995422363 -10.5200004577637 -9.97999954223633 -9.67000007629395 -9.39999961853027 -8.93000030517578 -8.43000030517578 -8.27999973297119 -8.06999969482422 -7.90000009536743 -8.38000011444092 -7.48000001907349 -7.07999992370605 -6.76999998092651 -5.17999983080716 -4.19999980926514 -4.26999998078267 -4.26999998092651 -4.57000017166138 -4.59000015258789 -4.73000001907349 -5.71000003814697 -6.21999979019165 -6.67000007629395 -6.96000003814697 -7.03999996185303 -6.92999982833862 -6.67999982833862 -6.23999977111816 -5.67000007629394 -5.38000011444092 -4.82999992370605 -4.3899998664856 -4.1100001335144 -4.13000011444087 -4.23000001907349 -4.57000017166138 -4.90999984741211
-9999 -9999 -9999 -9999 -12.8000001907349 -12.8100004196167 -13.1499996185303 -12.2700004279596 -11.3299999237061 -11.2399997711182 -11.1899995803833 -10.5799999237061 -10.3400001236825 -9.32999992370605 -8.81999969482422 -8.5 -8.47000026669084 -8.34000015258789 -9.05000019073486 -7.98000001907349 -7.34999990463257 -6.36999988566134 -5.28000021785217 -4.96999979019165 -4.42000007629395 -4.38000011444092 -4.63000011444092 -4.57999992370605 -4.71000003814697 -5.13000011444092 -6.36999988555908 -6.71999979019165 -6.80999994277954 -6.6100001335144 -6.78000020980835 -6.5 -6.03999996185303 -5.38000011444092 -5.1100001335144 -4.55000019073486 -4.05999994277954 -3.77999997138977 -3.76999998092653 -3.94000005722046 -4.17000007629394 -4.42000007629395
-9999 -9999 -9999 -9999 -13.010000633572 -13.4200000762939 -13.4200000762939 -12.4399995803833 -12.2200002670288 -11.3400001525879 -11.6400003433228 -10.7600002288818 -10.1700000762939 -9.8100004196167 -9.68000030517578 -8.67000007629395 -8.65999984741211 -8.82999992719323 -9.07999992391013 -7.69999980926514 -7.28999996282717 -6.71999979019165 -5.51999998092651 -5.23000001907349 -4.55999994277954 -4.57999992370605 -4.34000015258789 -4.40999984741211 -4.84999990463257 -5.3600001335144 -5.96000003814697 -6.53999996185303 -6.23000001907349 -6.55000019073486 -6.57000017166138 -6.40999984741211 -5.69000005722046 -5.01999998092651 -4.78000020980835 -4.28999996185303 -3.91000008583069 -3.57999992370605 -3.5 -3.70000004768372 -3.8199999332428 -3.97000002861023
-9999 -9999 -9999 -9999 -13.4700002670288 -13.7200002670288 -13.5299997329712 -13.2799997329712 -12.1300001144409 -11.7200002670288 -11.8900003433228 -11.6400003433228 -11.3999996185303 -10.6999998092651 -9.56999969482422 -9.21000003814697 -8.88000011444092 -10.1400003433228 -9.28999996185303 -8.4399995803833 -8.10000038146973 -7.13000011444092 -5.98999977111816 -5.46999978994337 -4.6100001335144 -4.78999996185303 -4.51000022888184 -4.32999992370605 -4.65000009536743 -5.15999984741211 -5.86999988555908 -6.03999996185303 -6.13000011444092 -6.23000001907349 -6.34000015258789 -6.1399998664856 -5.42000007629395 -4.75 -4.53000020980835 -4.13000011444092 -3.80999994277954 -3.5 -3.35999989509583 -3.48000001907349 -3.59999990463257 -3.67000007629395
