SnowAccumulation_R/test/tmin/final_tmin_15_04_2009.asc
NCOLS 97 
NROWS 69 
XLLCORNER 52512.810182332 
YLLCORNER 5316225.2758522 
CELLSIZE 10000 
NODATA_value -9999 
[rows 0 to 19 of 69, columns 45 to 89 of 97]
-9999 -9999 -9999 -9999 -9999 -9999 -9999 -9999 -9999 -9999 -9999 -9999 -9999 -9999 -9999 -9999 -9999 -9999 -9999 -9999 -9999 -9999 -9999 -9999 -9999 -9999 -9999 -9999 -9999 -9999 -9999 -9999 -9999 -9999 -9999 -9999 -9999 -9999 -9999 -9999 -0.389999985694885 -0.189999997615814 0 0.270000010728836 0.360000014305115
-9999 -9999 -9999 -9999 -9999 -9999 -9999 -9999 -9999 -9999 -9999 -9999 -9999 -9999 -9999 -9999 -9999 -9999 -9999 -9999 -9999 -9999 -9999 -9999 -9999 -9999 -1.39999997615814 -1.51999998092651 -1.82000005245209 -1.8400000333786 -1.39999997615814 -1.05999994277954 -1.01999998092651 -0.910000026226044 -0.670000016689301 -0.589999973773956 -0.550000011920929 -0.739999946498091 -0.800000011920929 -0.460000173239139 -0.239999994635582 -0.0900000035762787 0.159999996423721 0.209999993443489 0.479999989271164
-4.90999984741211 -4.84999990463257 -4.78000020980835 -4.69000005722046 -4.53999996185303 -4.65000009536743 -4.61000013351441 -4.46999979019165 -4.42999982833862 -4.46000003814697 -4.23000001907349 -4.15999984741211 -4.03000020980835 -3.97000002861023 -4.00000000003091 -4.09000015258789 -3.86999988555908 -3.48000001907349 -3.17000007629395 -2.85999989509583 -2.74000000937562 -2.55999994277954 -2.22000002861023 -1.89999997615814 -1.59000003567014 -1.30999994338187 -1.24000000953674 -1.27999997138977 -1.66999995708466 -2 -1.69000005722046 -1.27999997138977 -1.04999995231628 -0.860000014305115 -0.610000014305115 -0.509999990463257 -0.390000012488621 -0.360000014305115 -0.519999706104607 -0.200000002980232 -0.0399999991059303 0 0.119999997317791 0.330000013113022 0.479999989271164
-4.71000003814697 -4.5 -4.53000020980835 -4.53999996185303 -4.3899998664856 -4.55000019073486 -4.53000020980835 -4.46000003814697 -4.42999982833628 -4.40999984741211 -4.55000019073486 -4.26999998092651 -4.17999982833862 -4.15999984741211 -4.25 -4.40000009536743 -4.3600001335144 -3.60999989509583 -3.1800000667572 -2.83999991416931 -2.74000000953674 -2.51999998092651 -2.30999994277954 -1.86000001842822 -1.61000001430511 -1.42999994754791 -1.19000005722046 -1.04999995231628 -1.37999999523163 -1.80999994277954 -1.48000003440892 -1.12999999523163 -0.759999990463257 -0.759999990463257 -0.560000002384186 -0.469999998807907 -0.379999995231628 -0.270000010728836 -0.209999993443489 -0.0900000035762787 0.0299999993294477 0.100000001490116 0.209999993443489 0.419999986886978 0.449999988079071
-4.96000003814697 -4.75 -4.40999984741211 -4.34000015258789 -4.42000007629395 -4.34999990463257 -4.48999977111816 -4.51000022888184 -4.44999980926163 -4.32999992370606 -4.53000020980835 -4.55000019073486 -4.44999980926514 -4.32999992370605 -4.38000011444092 -4.30999994277954 -4.09000015258789 -3.64000010490417 -3.21000003814697 -2.99999999973075 -2.63000011444092 -2.42000007629395 -2.15000009536743 -1.91999995708466 -1.40999996679611 -1.30999994277954 -1.10000002384186 -0.949999988079071 -1.01999998092651 -1.4099999666214 -1.50999999046326 -1.03999996185303 -0.720000028610229 -0.629999995231628 -0.430000007152557 -0.449999988079071 -0.559999889183487 -0.349999994039536 -0.170000001788139 -0.0599999986588955 0.0599999454886432 0.180000007152557 0.300000011920929 0.379999995231628 0.649999976158142
-4.94000005722046 -4.76000022888184 -4.48000001907349 -4.26999998092651 -4.09000015258789 -4.01999998092651 -4.1399998664856 -4.26999998092651 -4.42999982833862 -4.3899998664856 -4.48000001907349 -4.48999977111816 -4.36999988555908 -4.36000013348444 -4.26000022888184 -4.11999988555908 -3.88000011444092 -3.85999989509582 -3.34999990463257 -3 -2.50999998713984 -2.17000007629395 -1.99000000953674 -1.8400000333786 -1.62999999523163 -1.17999994754791 -1.03999996185303 -0.939999997615814 -0.769999980926514 -0.800000011920929 -0.980000019073486 -0.860000014305115 -0.569999992847443 -0.449999988079071 -0.340000027793242 -0.270000010728836 -0.140000000596046 -0.170000001788139 -0.119999997317791 -6.093706712125e-08 0.0700000002980232 0.280000001192093 0.360000014305115 0.449999988079071 0.689999613097144
-4.8600001335144 -4.78999996185303 -4.67000007629387 -4.23999977111816 -4.13000011444092 -3.9300000667572 -3.83999991416931 -3.88000011444092 -3.96000003814697 -4.28999996185303 -4.26999998092651 -4.38000011444092 -4.3899998664856 -4.3200001715974 -4.23000001907349 -3.96000003814697 -3.95000004768372 -3.88000011444092 -3.61999988293723 -3.29999995231628 -2.47000002861023 -2.03999996185303 -1.74000000953674 -1.75 -1.76999998092651 -1.11000001430511 -0.939999997615814 -0.839999973773956 -0.730000019073486 -0.639999985694885 -0.589999973773956 -0.529999971389771 -0.419999986886978 -0.379999995231628 -0.319999992847443 0.0399999991059303 0.0299999993294477 0.0799999982118607 0.0500000007450581 0.150000005960464 0.219999998807907 0.360000014305115 0.46000000834465 0.540000021457672 0.579999983310699
-4.80000019073486 -4.69000005722046 -4.55999994277949 -4.32999992370605 -4.34000015258789 -4.03999996185303 -3.94000005722046 -3.90000009536743 -3.94000005722046 -4 -4.1100001335144 -4.23000001907349 -4.25 -4.17999982833862 -4.19999980926514 -3.94000005722046 -3.86999988438392 -3.45000004768372 -3.34999990463257 -3.13000011444092 -2.71000003814697 -1.91999995708466 -1.5900000333786 -1.5900000333786 -1.71000003814697 -1.07000005245209 -0.819999992847443 -0.759999990463257 -0.720000028610229 -0.620000004768372 -0.389999985694885 -0.430000007152557 -0.230000004172325 -0.150000005960464 0.0900000035762787 0.150000005960465 0.159999996423721 0.219999998807907 0.219999998807907 0.310000002384186 0.340000003576279 0.379999995231628 0.519999980926514 0.540000021457672 0.689999997615814
-4.82000017166138 -4.6100001335144 -4.48000001907349 -4.44999980926514 -4.28999996185303 -4.17999982833862 -3.9300000667572 -3.95000004768372 -4.03000020980835 -3.91000008583069 -4.19000005722046 -4.1399998664856 -4.11999988555908 -4.01000022888184 -3.93000006650183 -3.60999989509583 -3.54999995231628 -3.42000007629395 -3.28999996185303 -3.0699999332428 -2.60999989509583 -2.01999998092651 -1.47000002861023 -1.44000005722046 -1.51999998092651 -1.12000000476837 -0.800000011920929 -0.629999995612866 -0.610000014305115 -0.550000011920929 -0.400000005960465 -0.230000004172325 0.0199999887898973 0.209999993443489 0.230000004172325 0.310000002384186 0.349999994039535 0.369999997297601 0.379999995231628 0.419999986886978 0.389999985694885 0.5 0.569999992847443 0.759999990463257 0.819999813278573
-4.69999980926514 -4.6100001335144 -4.57000017166138 -4.46999979019165 -4.48999977111816 -4.26999998092651 -4.05000019073486 -3.99000000953654 -3.98000001907349 -3.96000003814697 -3.91000008583069 -3.94000005722046 -4.01999998038109 -3.58999991416931 -3.46000003814697 -3.33999991416931 -3.46000003814697 -3.46000003802704 -3.23000001907349 -2.83999991416931 -2.69000005722046 -2.44000005722046 -2.04999995175304 -1.49000000953674 -1.48000001907349 -1.12999999523163 -0.910000026226044 -0.699999988079071 -0.439999997615814 -0.330000013113022 -0.230000004172325 -0.100000001490116 0.109999999403954 0.270000010728836 0.389999985694885 0.5 0.479999989271164 0.449999988079071 0.409999996423721 0.579999983310699 0.509999990463257 0.639999975780713 0.6700000166893 0.679999874985792 0.759999990463257
-4.82000017166138 -4.65000009536743 -4.71999979019165 -4.48999977111816 -4.44999980926514 -4.32999992370605 -4.07000017166138 -3.96000003814616 -3.99999999996647 -4.01000022886868 -3.90000009536743 -3.5699999332428 -3.4700000285603 -3.30999994277954 -3.21000003814697 -3.09999990463257 -2.88000011444092 -3.07999992370605 -3.09999990463257 -2.75999999046326 -2.75 -2.63000011444092 -2.42000007629395 -2.13000011444092 -1.5900000333786 -1.12000000476837 -0.889999986413634 -0.730000019073486 -0.419999986886978 -0.230000004172325 -0.129999995231628 0.029999996630475 0.0900000035762787 0.28999999165535 0.379999995231628 0.550000011920929 0.560000002384186 0.439999997615814 0.569999992847443 0.560000002384186 0.660000026226044 0.629999995231628 0.620000004768372 0.649999976158142 0.730000019073486
-4.96000003814697 -4.65999984741199 -4.65999984741157 -4.59000015258715 -4.46000003814586 -4.17000007629134 -3.9300000667572 -3.96000003814697 -3.78999996185303 -3.91000008583069 -3.78999996185303 -3.47000002861023 -3.38000011444092 -3.07999992370606 -3.0699999332428 -2.9300000667572 -2.66000008583069 -2.61999988555908 -2.83999991416931 -2.61999988555908 -2.61999988555908 -2.55999994277954 -2.50999999046326 -2.44000005722046 -1.9099999666214 -1.39999997615814 -1.00999999046326 -0.680000007152557 -0.46000000834465 -0.180000007152557 -0.0299999993294477 0 0.0399999991059303 0.219999998807907 0.370000004768372 0.490000013446309 0.579999983310699 0.439999997615814 0.519999980926514 0.540000021457672 0.540000021457672 0.639999985694885 0.600000023841858 0.569999992847443 0.619999949211017
-4.80000019073486 -4.51999998092651 -4.34999990463252 -4.25 -4.03000020980835 -3.99000000953674 -3.78999996185303 -3.84999990463257 -3.58999991416931 -3.51999998092651 -3.57999992370605 -3.35999989509583 -3.29999995231628 -3.15000009536743 -2.90000009536743 -2.75 -2.63000011441208 -2.49000000953674 -2.50999999046326 -2.40000009536743 -2.28999996185303 -2.23000001922742 -2.29999995231628 -2.25999999046326 -2.09999990463257 -1.72000002861023 -1.12000000476837 -0.649999976158142 -0.459999996713312 -0.140000000596046 -0.0299999993294477 -0.0199999995529652 0.0399999991059303 0.159999996423721 0.439999997615814 0.370000004768372 0.360000014305115 0.319999992847443 0.379999995231628 0.479999919537962 0.519999980926514 0.619999941155094 0.519999980926514 0.430000007152557 0.469999998807907
-4.65999984741211 -4.53000020980835 -4.53000020980835 -4.1100001335144 -3.97000002861023 -3.83999991416931 -3.67000007629395 -3.55999994277954 -3.82999992370605 -3.78999996185303 -3.27999997138977 -3.24000000953674 -3.17000007629394 -3.02999997138977 -2.8199999332428 -2.58999991416931 -2.48000001906381 -2.40000009536743 -2.27999997138977 -2.10999989509583 -2.00999999046326 -1.96000003814697 -2.03999996185303 -2.03999996185303 -1.88999998569489 -1.6599999666214 -1.01999998092651 -0.550000005288048 -0.310000002384186 -0.0700000002980232 -0.119999997317791 -0.0599999986588955 0.0500000007450581 0.200000002980232 0.259999990463257 0.200000002980232 0.109999999403954 0.0399999991059303 0.400000005960464 0.5 0.499999918767201 0.540000021457672 0.419999986886978 0.389999985694885 0.349999994039535
-4.65000009536743 -4.32999992370605 -4.28999996185303 -4.34000015258789 -3.84999990463257 -3.57999992370605 -3.46000003814697 -3.5699999332428 -3.73000001907349 -3.79999995231628 -3.44000005722046 -3.53999996184245 -3.27999997138977 -2.82999992370605 -2.63000011444092 -2.52999997138977 -2.54999995231628 -2.27999997138977 -2.28999996185303 -2.16000008583069 -2.00999999022917 -1.91999995708466 -1.95000004768372 -1.88999998569488 -1.66999995708466 -1.4099999666214 -0.7900000077941 -0.5 -0.219999998807907 -0.159999996423721 -0.200000002980232 -0.0799999982118607 0.0900000035762787 0.00999999977648258 -0.00999999977648258 0.140000000596046 0.0399999991059303 0.159999996423721 0.150000005960465 0.46000000834465 0.170000001788139 0.389999985694885 0.350000016121404 0.340000003576279 0.280000001192093
-4.48999977111816 -4.28999996185303 -4.19999980926514 -4.1100001335144 -3.90000009536743 -3.6800000667572 -3.53999996185303 -3.54999995231628 -3.44000005722046 -3.60999989509583 -3.57999992370605 -3.44000005722046 -3.15000009536743 -2.90000009536743 -2.82999992370606 -2.70000004768372 -2.45000004768372 -2.11999988555908 -2.26999998092651 -2.04999995231628 -1.96000003814697 -1.77999997138977 -1.64999997615814 -1.60000002384186 -1.37000000476837 -0.870000004768371 -0.97000002861023 -0.469999998807907 -0.370000004768372 -0.389999985694885 -0.259999990463257 -0.100000001490116 0.00999999977648258 0.0299999993294477 0.0299999993294477 -0.0199999995529652 0.0500000007450581 -0.0799999704913359 0.0799999982118607 0.189999997615814 0.219999998807907 0.300000011920929 0.310000002384186 0.349999994039535 0.280000001192093
-4.36999988555908 -4.15999984741211 -4.19000005722046 -3.9300000667572 -3.76999998092651 -3.66000008583069 -3.53999996185219 -3.4300000667572 -3.25 -3.41000008583069 -3.49000000953674 -3.44000005722046 -3.23000001907349 -2.99000000953674 -2.82999992370606 -2.78999996183816 -2.5699999332428 -2.15000009536743 -1.87999999523163 -1.96000003814697 -1.86000001430511 -1.57000005245209 -1.42999994754791 -1.34000002685071 -1.12999999523163 -0.899999976158142 -0.790000021457672 -0.46000000834465 -0.540000021763218 -0.5 -0.389999985694885 -0.200000002980232 -0.0399999991059303 -0.0299999993294477 -0.0199999995529652 -0.0399999991059303 0 -0.0500000007450581 0.100000001490116 0.280000001192093 0.370000004768372 0.379999995231628 0.330000013113022 0.389999985694885 0.340000003576279
-4.42999982833862 -4.05999994277954 -4.09999990463257 -3.91000008583069 -3.74000000953674 -3.57999992370605 -3.47000002860917 -3.47000002861023 -3.27999997138977 -3.16000008583069 -3.13000011444092 -3.22000002861023 -3.22000002861023 -3.02999997138977 -2.83999991416931 -2.77999997138977 -2.69000005722046 -2.39000010490417 -2.16000008583069 -1.78999996143031 -1.58000004291534 -1.58000004291534 -1.27999997179888 -1.03999996185303 -0.990000009536743 -0.939999997615814 -0.850000023841858 -0.620000004768372 -0.660000026226044 -0.620000004768372 -0.509999990463257 -0.270000010728836 -0.200000002980232 -0.150000005960464 -0.189999997615814 -0.170000001788139 -0.0100000632079548 0.0299999670019381 0.0299999993294477 0.370000004768372 0.459999982895153 0.469999998807907 0.400000005960465 0.469999998807907 0.45000005220758
-4.38000011444092 -4.01000022888184 -3.96000003814697 -3.92000007629395 -3.77999997138977 -3.73000001907349 -3.61999988555772 -3.40000009536743 -3.3199999332428 -3.21000003814697 -2.85999989509583 -2.97000002861023 -3.0699999332428 -3.07999992370606 -2.8199999332428 -2.76999998092651 -2.72000002861023 -2.59999990463257 -2.48000001907349 -2.30999994277954 -1.41999997104108 -1.29999995231628 -1.00999999046326 -0.980000019073486 -0.879999995231628 -0.790000021457672 -0.800000011920929 -0.769999980562215 -0.759999990463257 -0.730000019073486 -0.620000004768372 -0.400000005960464 -0.360000014305115 -0.419999986886978 -0.310000002384186 -0.180000007152557 -0.120000051576462 -0.0500000007450581 0.159999996423721 0.449999988079071 0.449999988079071 0.449999988079071 0.479999989271164 0.569999992847443 0.540000021457672
-4.34999990463257 -4.07000017166138 -3.96000003814697 -3.78999996185303 -3.77999997138977 -3.58999991416931 -3.54999995231629 -3.26999998092651 -3.35999989509582 -3.16000008583069 -3.01999998090944 -2.9300000667572 -2.82999992370606 -2.80999994277954 -2.70000004768372 -2.65000009536743 -2.72000002861023 -2.5 -2.48000001555099 -2.09999990463257 -2.02999997138977 -1.72000002861023 -1.12999999523163 -0.899999976158142 -0.740000009536743 -0.670000016689301 -0.699999988079071 -0.779999971389771 -0.850000023841858 -0.819999992847443 -0.699999988079071 -0.600000023841858 -0.579999983310699 -0.529999971389771 -0.300000011920929 -0.300000108275439 -0.209999993443489 0.00999999977648258 0.239999994635582 0.409999996423721 0.46000000834465 0.519999980926514 0.579999983310699 0.629999995231628 0.670000016689301
