SnowAccumulation_R/test/tmin/final_tmin_20_04_2009.asc
NCOLS 97 
NROWS 69 
XLLCORNER 52512.810182332 
YLLCORNER 5316225.2758522 
CELLSIZE 10000 
NODATA_value -9999 
[rows 21 to 41 of 69, columns 0 to 45 of 97]
-9999 -9999 -9999 -9999 -3.01999998092651 -3.03999996185303 -2.61999988555908 -1.96000003814697 -2.92000007629395 -2.52999997138977 -2.44000005722046 -1.88999998569489 -1.61000001430511 -1.70000004768372 -1.61000001430511 -1.58000004291534 -1.60000002384186 -1.58000004291534 -1.75999999046326 -1.6599999666214 -1.46000003814697 -1.26999998092651 -0.850000023841858 -0.360000014305115 -0.0300000009628711 0.170000001788139 0.490000009536743 0.790000021457672 0.819999992847443 0.769999980926514 0.709999978542328 0.569999992847443 0.899999976158142 0.75 0.800000011920929 0.519999980926514 0.560000002384186 0.560000002384186 0.550000011920929 0.370000004768372 0.469999998807907 0.660000026226044 1.08000004291523 1.35000002384186 1.9099999666214 2.26999998092651
-9999 -9999 -9999 -9999 -2.36999988555908 -3.48000001907349 -2.54999995231628 -1.88999998569489 -2.6800000667572 -2.96000003814697 -2.15000009536743 -2.17000007629395 -1.80999994277954 -1.79999995231628 -1.72000000490718 -1.51999998092651 -1.54999995231628 -1.99000000953674 -1.92999994754791 -1.89999997615814 -1.48000001907349 -1.12000000476837 -1.02999997138977 -0.730000019073486 -0.119999998752028 0.0799999982118607 0.100000001490116 0.689999997615814 0.740000009536743 0.639999985694885 0.860000014305115 0.839999973773956 0.620000004768372 0.589999973773956 0.5 0.370000004768372 0.180000007152557 0.0399999991059303 0.0900000035762787 0.170000001788139 0.259999990463257 0.490000009536743 0.910000026226044 1.14999997615814 1.63999998569489 2.0699999332428
-9999 -9999 -9999 -3.22000002861023 -2.84999990463257 -1.75 -2.47000002861023 -2.74000000953674 -3.11999988555908 -2.82999992370605 -2.3199999332428 -2.53999996185303 -1.62999999523163 -1.50999996412401 -1.38999998569489 -1.69000005722046 -1.99000000953674 -2.05999994277954 -1.77999997138977 -1.57000005245209 -1.5 -1.1599999666214 -1.0900000333786 -1.00999999046326 -0.899999976158142 -0.469999998807907 -0.0300000058840963 0.490000009536743 0.620000004768372 0.800000011920929 0.899999976158142 0.569999992847443 0.720000028610229 0.319999992847443 0.439999997615814 0.259999990463257 -0.0700000002980232 -0.170000001788139 -0.140000000596046 -0.189999997615814 0.0799999982118607 0.200000002980232 0.689999997615814 0.939999997615814 1.42999994754791 1.91999995708466
-9999 -9999 -9999 -3.64000010490417 -3.26999998092651 -2.76999998092651 -3.59999990463257 -2.67000007629395 -3.20000004768372 -3.22000002861023 -2.47000002861023 -2.04999993412889 -1.60000002384186 -1.75999999046326 -1.77999997138977 -1.61000001430511 -2 -1.78999996185303 -1.37999999523163 -1.35000002384186 -0.990000009536743 -0.910000026226044 -0.889999985694885 -1.21000003814697 -0.860000014305115 -0.47000000255329 -0.720000028610229 -0.0700000002980232 0.280000001192093 0.509999990463257 0.889999985694885 0.709999978542328 1.17999994754791 0.620000004768372 0.400000005960465 0 -0.109999999403954 -0.109999999403954 -0.209999993443489 -0.419999986886978 0.00999999977657571 0.0599999986592215 0.540000021457672 0.790000021457579 1.25999999046326 1.74000000953674
-9999 -9999 -9999 -3.71000003814697 -3.11999962740811 -2.67000007629395 -2.90000009536743 -2.84999990463257 -3.97000002861023 -2.51999998092651 -2.75 -1.13999998569489 -1.14999997615814 -1.1599999666214 -1.24000000953674 -1.4099999666214 -1.6599999666214 -1.36000001430511 -1.22000002861023 -1.30999994277954 -1.01999998092651 -0.949999988079071 -1.02999997138977 -0.959999978542328 -0.610000014305115 -0.620000004768372 -0.759999990463257 -0.62000000337977 0.0199999995529652 0.200000002980232 0.349999994039536 0.639999985694885 0.699999988079071 0.46000000834465 0.0700000002980232 -0.109999999403954 -0.340000003576279 -0.360000014305115 -0.379999995231628 -0.379999995231628 -0.409999996423721 0.28999999165535 0.579999983310699 0.740000009536743 1.05999994277954 1.35000002384186
-9999 -9999 -9999 -3.62999754284038 -3.80999994277954 -1.47000002861023 -3.09999990463257 -3.26999998092651 -2.86999988555908 -3.26999998092651 -2.70000004768372 -2.0699999332428 0.0900000035762787 -0.200000002980232 0.28999999165535 0.259999990463257 -0.439999997615814 -0.939999997615814 -1.08000004291534 -1.35000002384186 -0.639999985694885 -0.620000004768372 -0.75 -0.270000010728836 -0.490000009536743 -0.560000002384186 -0.759999991470552 -0.409999996815855 0 0.230000004172325 0.319999992847443 0.449999988079071 0.400000005960465 0.230000004172325 -0.00999999977648258 -0.25 -0.370000004768372 -0.360000014305115 -0.400000005960465 -0.319999992847443 -0.280000001192093 0.349999994039536 0.600000023841858 0.730000019073486 0.939999997615814 1.13999998569489
-9999 -9999 -9999 -1.51999998092651 -1.86000001430511 -1.46000057800171 -3.85999989509582 -2.04999995231628 -2.70000004768372 -2.36999988555908 -1.92999994754791 -1.95000004768372 -1.67999994754791 1.25999999046326 1.22000002861023 1.1599999666214 0.819999992847443 0.259999990463257 0.0599999986588955 -0.119999997317791 -0.310000002384186 -0.170000001788139 -0.28999999165535 -0.370000004768372 -0.529999971389771 -0.939999997615814 -1.20000004768372 -0.680000007152557 0.37999999512345 0.829999984174501 0.360000014305115 0.400000005960464 0.150000005960464 0.0700000002980232 -0.0799999982118607 -0.330000013113022 -0.389999985694885 -0.379999995231628 -0.409999996423721 -0.340000003576279 -0.349999994039536 -0.159999996423721 0.569999992847443 0.660000026226044 0.800000011920929 0.889999985694885
-9999 -9999 -9999 -0.239999994635582 -2.36999988555908 -2.71000003814697 -2.39000010490418 -2.83999991416931 -2.02999997138977 -2.3199999332428 -1.78999996185303 -1.85000002384186 -1.25999999046326 -1.12999999523163 1.67999994754791 1.78999996185303 1.50999999046326 0.649999976158142 0.589999973773956 0.449999988079071 0.639999985694885 0.959999978542328 0.730000019073486 0.529999971389771 -0.46000000834465 -1.02999997138977 -1.08000004291534 -0.479999989271164 0.360000012832973 1.11000001430511 0.509999990463257 0.479999989271164 0.129999995231628 0.0500000007450581 0.200000002980232 -0.0199999995529652 -0.0299999993294477 -0.409999996423721 -0.389999985694885 -0.360000014305115 -0.389999985694885 -0.100000001490116 0 0.610000014305115 0.689999997615814 0.720000028610229
-9999 -9999 -9999 -0.209999993443489 -1.78999996185303 -1 -1.42999988402777 -1.5 -0.239999994635582 -1.71000003814697 -2.58999991416931 -1.95000004768372 -2.01999998092651 -1.32000005245209 2.26999998092651 2.15000009536743 2.00999999046326 2.65000009536743 2.0699999332428 1.29999995231628 1.54999995231628 2.29999995231628 1.62999999523163 1.48000001907349 0.479999989271164 -0.109999999403954 -0.670000016689301 -0.200000002980232 -0.159999996423721 0.550000011920929 0.300000012865313 0.430000007543713 0.649999976158142 0.550000011920929 0.620000004768372 0.430000007152557 0.0900000035762787 0.100000001490116 0.239999994635582 -0.280000001192093 -0.389999985694885 -0.100000001490116 0.0199999995529652 0.180000007152557 0.629999995231628 0.660000026226044
-9999 -9999 -9999 1.03999921855889 -0.300000011920929 -0.449999988079071 -1.0100001319315 -2.09999990463257 -1.72000002861023 -0.449999988079071 -2.23000000462682 -1.27999997138977 -0.189999997615814 -1.5900000333786 2.63000011444092 2.49000000953674 2.84999990463257 2.64000010490417 2.60999989509582 2.59999990463257 2.52999997138977 2.8199999332428 2.63000011444092 2.03999996185303 1.54999995231628 0.97000002861023 0.779999971389771 0.0900000035762787 -0.649999976158142 0.550000011775404 0.769999981243909 0.730000019073486 0.560000002384186 0.550000011920929 0.850000023841858 0.589999973773956 0.319999992847443 0.28999999165535 0.340000003576279 0.340000003576279 0.0399999991059303 -0.330000013113022 0.0900000035762787 0.439999997615814 0.379999995231628 0.0199999995529652
-9999 -9999 -9999 0.97000002861023 -0.740000009536743 0.579999983310699 -1.49000000953674 -1.23000058824508 -2.17000007629394 0.370000004768372 0.0399999991059303 -0.839999973773956 -0.730000019073486 -0.25 3.46000003814697 3.27999997138977 3.10999989509583 2.77999997138977 2.44000005722046 2.92000007629394 3.38000011444092 3 2.88000011444092 2.50999999046326 2.30999994277954 1.78999996185303 1.12999999523163 0.610000014305115 0.230000004172325 1 1.64999997615814 1.70000004768372 0.879999995701434 0.790000021740655 0.9200000166893 0.879999995231628 0.509999990463257 0.430000007152557 0.370000004768372 0.449999988079071 0.270000010728836 -0.140000000596046 0.519999980926514 0.509999990463257 0.00999999977648258 0.180000007152557
-9999 -9999 -9999 -0.629999995231629 0.860000107359665 -0.330000013113022 0.670000016689301 -1.3400000333786 -0.690000133836264 -1.04999995231628 0.100000001490116 1.05999994277954 1.07000005245209 2.1800000667572 3.65000009536743 3.91000008583069 3.8199999332428 3.51999998092651 2.53999996185303 3.09999990463257 3.28999996185303 3.52999997138977 3.50999999046326 3.25 3.11999988555908 2.25999999046326 1.74000000953674 1.25999999046326 1.04999995231628 1.51999998092651 2.5 1.70000004793471 1.47000002887701 1.37999999523163 1.38999998569489 1.24000000953674 0.759999990463257 0.449999988079071 0.270000010728836 0.25 0.189999997615814 0.189999997615814 0.589999973773956 0.600000023841858 0.899999976158142 0.670000016689301
-9999 -9999 -9999 -0.219999998807907 1.02999997138977 1.75 0.400000005960465 1.36000001430511 -0.219999998807907 -0.709999261774781 -0.899999976158142 0.9200000166893 0.759999990463257 1.20000004768372 3.98000001907349 4.26000022888184 4.65000009536743 3.97000002861023 3.5 3.75999999046326 3.99000000953674 4.03000020980835 3.99000000953674 3.97000002861023 3.36999988555908 2.98000001907349 2.47000002861023 1.80999994277954 1.75999999046326 1.61000001430511 1.78999996185303 1.8400000333786 1.87000000476837 2.25 2.23000001907349 1.35000002384772 0.939999997618049 0.430000007152557 0.310000002384186 0.509999990463257 0.569999992847443 0.219999998807907 0.300000011920929 1 1.02999997138977 0.790000021457672
-9999 -9999 -9999 -1.45000004768372 0.119999997317791 1.45000004768372 1.97000002861023 -0.239999994635582 1.60000002384186 0.140000000596046 -0.319999524710529 -0.569999992847443 -0.0900000035762787 0.810000002384186 3.55999994277954 3.9300000667572 4.69000005722046 3.99000000953674 3.73000001907349 3.76999998092651 4.1399998664856 4.01000022888184 4.26999998092651 3.92000007629395 3.6800000667572 3.07999992370605 2.10999989509583 2.04999995231628 2.34999990463257 1.89999997615814 1.87000000476837 2.10999989509583 2.07999992370605 1.63999998569489 1.32000005245209 0.959999978542328 0.330000013113022 0.180000007152557 0.209999993443489 0.259999990463047 0.289999991655466 0.340000003576581 0.560000002384116 0.870000004768674 0.930000007153 0.939999997616257
-9999 -9999 -1.75 -1.0900000333786 -2.65000009536743 1.21000003814697 2.04999995231628 1.69000005722046 0.839999973773956 2.60999989509582 0.140000000596046 -0.649999799254334 -0.839999973773957 0.419999986886978 2.80999994277954 1.37999999523163 3.32999992370606 3.65000009536743 3.49000000953674 3.53999996185303 4.15999984741211 3.70000004768372 3.76999998092651 3.69000005722046 3.33999991416931 3.10999989509583 2.24000000953674 1.98000001907349 2.11999988555908 1.82000005245209 1.79999995231628 1.87999999523163 1.74000000953674 1.47000002861023 1.04999995231628 0.439999997615814 0.100000001490116 -0.100000001490116 0.209999993441673 0.230000004171673 0.340000003575976 0.469999998807907 0.529999971389771 1 1.12000000476837 1.12999999523163
-9999 -9999 -2.58999991416931 -2.80999994277954 -1.1599999666214 -1.71000003814697 0.360000014305115 2.26999998092651 1.50999999046326 0.580000128696551 0.360000014305115 0.899999976158142 -0.230000004172325 0.219999998807907 2.60999989509582 2.19000005722046 2.89000010490418 3.22000002861023 3.33999991416931 3.52999997138977 3.58999991416931 3.73000001907349 3.6800000667572 3.63000011444092 3.10999989635129 2.93000006712142 2.25 2.19000005722046 1.49000000953674 1.67999994754791 1.83000004291534 1.80999994277954 1.60000002384186 1.19000005722046 0.649999976158142 0.270000010728836 -0.189999997615814 -0.600000023841858 -0.28999999165535 -0.0599999986588955 0.129999995231628 0.129999995231628 0.670000016689301 1.16999995708466 1.8400000333786 1.75
-9999 -9999 -1.76999998092651 -0.920000016689301 -1.12999999523163 -1.47000002861023 -0.999999797263547 2.14000010490417 2.58999991416931 0.899999976158142 2.39000010490417 2.04999995231628 0.5 0.46000000834465 2.96000003814697 2.98000001907349 3.08999991416931 2.96000003814697 3.33999991416931 3.35999989509583 3.42000007629394 3.46000003814697 3.3199999332428 3.25999999046326 2.94000005722046 2.75999999046326 2.02999997138977 1.74000000953674 1.45000004768372 1.78999996185303 2.05999994277954 1.82000005245209 1.26999998092651 0.939999997615814 0.689999997615814 0.189999997615814 -0.360000014305115 -0.939999997615814 -0.449999988079071 -0.209999993443489 0.0199999995529652 0.0700000002980232 0.649999976158142 1.25999999046326 2.38000011444092 2.13000011444092
-9999 -9999 -1.4099999666214 -0.330000013113022 -0.529999971389771 -2.15000009536743 -0.5 0.939999997615814 2.71000003814697 1.11000001430511 1.21000003814697 1.12999999523163 1.95000004768372 -0.279999994504268 -0.180000007152557 3.1800000667572 3.16000008583069 3.02999997138977 3.02999997138977 2.75 3.09999990463257 3.13000011444092 2.96000003814697 3.03999996185303 2.83999991416931 2.55999994277954 1.72000002861023 0.689999997615814 1.21000003814697 1.76999998092651 2.1800000667572 1.61000001430511 1.33000004291534 1.10000002384186 0.779999971389771 0.25 -0.28999999165535 -0.670000016689301 -0.560000002384186 -0.400000005960464 -0.28999999165535 -0.0299999993294477 0.519999980926514 0.97000002861023 1.44000005722046 1.71000003814697
-9999 -9999 1.08000078313434 -0.0900000035762787 -1.76999998092651 -0.709999978542328 -0.219999998807907 0.560000002384186 2.57999992370605 2.05999994277954 0.740000055199083 2.78999996185303 2.29999995231628 1.37000000476837 1.22000002861023 3.05999994277954 2.84999990463257 2.74000000953674 2.42000007629395 2.3199999332428 2.90000009536743 2.79999995231628 3.11999988555908 3.05999994277954 2.74000000953674 2.52999997138977 2.0699999332428 1.12000000476837 1.45000004768372 2 3.26999998092651 2.25 1.36000001430511 0.949999988079071 0.620000004768372 0.119999997317791 -0.200000002980232 -0.889999985694885 -1.21000003814697 -0.850000023841858 -0.409999996423721 -0.0900000035762787 0.189999997615814 0.579999983310699 1.24000000953674 1.45000004768372
-9999 -9999 2.66000008583069 -2.24999905722438 -2.54999979369166 -1.6599999666214 -1.87000000476837 0.810000002384186 1.13999998569489 2.76999998092651 0.379999995231628 2.32999992370605 1.55999994277954 0.860000014305115 0.200000002980232 -0.219999998807907 1.69000005722046 2.42000007629395 2.41000008583069 2.32999992370605 2.64000010490417 2.40000009536743 3.7599999881847 4.34999990277902 3.53999996185303 2.66000008632616 2.66000008405601 2.17000007629395 2.16000008583069 2.20000004768372 2.34999990463257 2.22000002861023 1.62999999523163 1.01999998092651 0.689999997615814 0.209999993443489 -0.270000010728836 -0.689999997615814 -1.47000002861023 -0.810000002384186 -0.370000004768372 -0.0299999993294477 0.379999995231628 0.730000019073486 1.24000000953674 1.45000004768372
-9999 -9999 2.8199999332428 -1.23000001907349 -1.23000001907349 -1.49000000953674 -0.0900000035762787 -1.0900000333786 -0.0799999982118607 2.41000008583069 0.560000002384186 1.13999998569489 1.95000004768372 0.930000007152557 0.800000011920929 0.540000021457672 1.53999996185303 1.55999994277954 2.29999995231628 2.77999997138977 2.81999993289896 3.07999992256862 3.40000009536743 3.52999997138977 3.38000011444092 3.19000005722046 3.02999997164931 2.67000007629395 2.9300000667572 2.48000001907349 2.26999998092651 2.27999997138977 2.02999997138977 1.3400000333786 0.819999992847443 0.540000021457672 -0.0500000007450581 -0.319999992847443 -0.589999973773956 -0.310000002384186 0.0299999993294477 0.430000007152557 0.5 1.04999995231628 1.14999997615814 1.38999998569489
