SnowAccumulation_R/test/tmin/final_tmin_24_04_2009.asc
NCOLS 97 
NROWS 69 
XLLCORNER 52512.810182332 
YLLCORNER 5316225.2758522 
CELLSIZE 10000 
NODATA_value -9999 
[rows 40 to 59 of 69, columns 0 to 44 of 97]
-9999 -9999 -3.80999994277954 -12.9399981610399 -13.600000258095 -13.039999961853 -13.7799997329712 -11.4200000762939 -11.3699998855591 -7.25 -13.6499996185303 -11.8199996948242 -13.8599996566772 -14.5500001907349 -14.8599996566772 -15.289999961853 -15.210000038147 -15 -14.8199996948242 -14.4300003051758 -14.6599998474121 -15.6700000762939 -11.979999545897 -11.3500003834489 -11.8800001144409 -11.5399999630298 -11.5399999576092 -10.6300001144409 -10.3699998855591 -9.96000003814697 -9.77000045776367 -9.96000003814697 -10 -9.47999954223633 -9.36999988555908 -9.68000030517578 -9.52000045776367 -9.47000026702881 -9.3100004196167 -9.48999977111816 -9.75 -9.8100004196167 -9.96000003814697 -9.64000034332276 -9.46000003814697
-9999 -9999 -3.3199999332428 -11.2600002288818 -12.0699995625822 -12.7200002670288 -11.5600004196167 -13.3500003814697 -12.6099996566772 -8.01000022888184 -13.1999998092651 -13 -12.7399997711182 -14.1499996185303 -14.4099998474121 -14.8599996566772 -14.6999998092651 -14.8599996566772 -13.9200000762939 -13.7200002670288 -13.9799995423346 -12.8199996998989 -12.3400001525879 -12.0699996948242 -12.0500001907349 -11.039999961853 -10.8500003817779 -10.8699998855591 -10.6599998474121 -10.3800001144409 -10.2700004577637 -10.2299995422363 -9.85999965667725 -9.59000015258789 -9.51000022888184 -9.5 -9.5 -9.52000045776367 -9.47999954223633 -9.57999992370605 -9.60000038146973 -9.61999988555908 -9.64999961853028 -9.52999973297119 -9.39000034332275
-9999 -9999 -3.61999988555908 -10.1700000762939 -12.1199998855591 -12.1800008285107 -13.0299997329712 -12.3100004196167 -12.0299996290195 -9.44999980926514 -12.1999998092651 -9.64000039211336 -10.9399995803833 -13.2600002288818 -13.5100002288818 -14.8299999237061 -13.2299995422363 -15.5200004517185 -13.8100004248158 -13.4499998112166 -13.6499996185303 -13.1999998092651 -12.6400003433228 -12.1800003057502 -11.9399995810093 -11.6099996566772 -10.8900003433228 -10.9799995422363 -10.789999961853 -10.9099998474121 -10.75 -10.4300003051758 -10.2700004577637 -9.85999965667724 -9.5600004196167 -9.52999973297119 -9.3100004196167 -9.40999984741211 -9.47000026702881 -9.72999954223633 -9.77999973297119 -9.5600004196167 -9.5600004196167 -9.47999954223633 -9.34000015258789
-9999 -9999 -7.17999982833862 -10.6400003433228 -10.7299995422363 -12.460000038147 -11.7299995990865 -12.3500003814697 -9.48999977111816 -11.3900003433228 -9.43000030517578 -11.7200002670288 -13.1800003051758 -13.9300003051758 -12.5699996948242 -14.0699996948242 -11.6999998092651 -14.7600002288818 -13.3199996948242 -13.6000003814697 -15.3400001525879 -13.6000003814697 -13.0600004196167 -11.7299995422363 -11.6199998855591 -11.3299999237061 -11.1099996566772 -11.2799997329712 -11.2799997329712 -10.9899997711182 -10.8100004196167 -10.4899997711182 -10.0200004577637 -9.72999954223633 -9.52000045776367 -9.22999954223633 -9.06999969482422 -9.21000003814697 -9.43000030517578 -10.539999961853 -9.82999992370605 -9.4399995803833 -9.5 -9.43000030517578 -9.22000026702881
-9999 -9999 -3.02999997138977 -9.47999954223633 -10.3400001525879 -12.6800003051758 -10.8500003814697 -12.0800005775988 -7.82999992370605 -8.61999988555908 -5.92000007629395 -9.39000034332275 -10.960000038147 -11.8400001525879 -14 -13.5100002288818 -11.3100004196167 -13.8999996185303 -12.3500003814697 -13.4399995803833 -13.9700002670288 -13.3599996566772 -12.3599996566772 -11.9200000762939 -9.6899995803833 -11.5600004196167 -11.6300001144409 -11.5600004194915 -11.5600004196167 -11.460000038147 -11.0100002288818 -10.5 -9.97000026702881 -9.39000034332275 -9.15999984741211 -9.09000015258789 -8.94999980926514 -8.92000007629394 -9.21000003814697 -9.60000038146973 -9.55000019073486 -9.4399995803833 -9.4399995803833 -9.35000038146973 -9.14999961853028
-9999 -9999 -2.48000001907349 -9.09000072744469 -11.289999961853 -11.8199996948242 -12.1199999090773 -11.6300001144409 -11.5899997382095 -10.7299994914477 -5.63000011444092 -9.53999996185303 -11.100000386612 -13.6099996566772 -14.539999961853 -12.6899995803833 -11.4799995422363 -12.8299999237061 -12.7200002670288 -13.5799999237061 -13.6400003433228 -13.3800001144409 -13.2399997711182 -12.1199998855591 -11.8100004196167 -12 -11.9700002670288 -11.7100000381595 -11.6999998092745 -11.6099996566772 -11.1499996185303 -10.7600002288818 -9.90999984741211 -9.53999996185303 -9.26000022888184 -9 -8.57999992370605 -8.68000030517578 -9.02999973297119 -9.25 -9.3100004196167 -9.30000019073486 -9.25 -9.48999977111816 -9.13000011444092
-9999 -9999 -1.87000000476837 -10.75 -10.210000038147 -9.64000034332275 -10.6099996566772 -11.6800003051758 -12.289999961853 -8.21999976881015 -5.3600001335144 -9.53999996185303 -11.6999998092651 -13.4200000762939 -13.3900003433228 -13.8000001907349 -12.3199996948242 -13.8699998855591 -14.7399997711182 -13.5600004196167 -13.8400001525879 -13.6499996185303 -13.9399995803833 -13.3800001144409 -12.529999733771 -12.5299997329712 -12.0100002299219 -11.8800001144409 -11.8000001907349 -11.6899995803833 -11.1000003814697 -10.960000038147 -10.1899995803833 -9.8100004196167 -9.25 -9 -8.60999965667725 -8.6899995803833 -8.93000030517578 -9.0600004196167 -9.14000034332276 -9.17000007629395 -9.47000026702881 -9.44999980926514 -9.18000030517578
-9999 -9999 -1.44000005722046 -10.2399997711182 -8.68000030517578 -9.27000045776367 -9.64000034332276 -11.9899997711182 -11.0100002288818 -6.15000009536743 -4.45999993623884 -8.72999954223633 -12.0600004196167 -13.1700000762939 -12.7399997711182 -13.5500001907349 -12.4700002670288 -12.9099998474121 -13.4499998417802 -14.4799995422363 -15.0100002288818 -14.8199996948242 -14.25 -13.6999998092651 -12.9799995435752 -12.539999962789 -12.1099996566772 -12.1099996566772 -11.8299999237061 -11.6499996185303 -11.3599996566772 -11.1700000762939 -10.9499998092651 -10.0200004577637 -9.28999996185303 -8.97999954223633 -8.81999969482422 -8.73999977111817 -8.90999984741211 -9.06999969482422 -9.14000034332275 -9.27999973297119 -9.34000015258789 -9.31999969482422 -9.23999977111816
-9999 -6.28000020980835 -1.44000005722046 -7.38000011444092 -9.59000031417643 -8.64000034332276 -10.9300003051758 -11.2600000775137 -8.65999984741211 -4.6100001335144 -3.76999997574233 -8.819999383462 -12.7600002288818 -12.0200004577637 -11.789999961853 -13.1999998092651 -12.4899997711182 -13.2600002288818 -14.4300003051758 -14.9499998092651 -15.6700000762939 -14.75 -14.2700004577637 -13.6999998092651 -13.4799995422363 -13.1300001144409 -12.6599998474121 -12.1599998474121 -12.3100004196167 -12.1099996566772 -11.430000305278 -11.210000038147 -10.9399995804438 -9.84000015258789 -9.26000022888184 -8.85999965667725 -8.64999961853027 -8.55000019073487 -8.80000019073486 -8.97000026702881 -9.22000026702881 -9.31999969482422 -9.30000019073486 -9.39999961853027 -9.40999984741211
-9999 -3.41000008583069 -1.57000005245209 -8.85999965667725 -8.56999969482422 -9.78999996185303 -7.15000009536743 -7.36999988555908 -6.32999992370605 -3.85999989509583 -3.30999994277954 -3.70000004768372 -12.4200000490185 -10.1599998480299 -10.5699996948242 -12.3299999237061 -12.7299994920149 -13.0699996948242 -14.0900001525879 -15.0000000125679 -15.0699996948242 -14.9300003051758 -14.75 -14.3199996948242 -14.0200004577637 -13.3100004196167 -13.0500001907349 -12.8999996185303 -12.1099996566772 -11.5799999239049 -11.1099996566772 -10.3000001907349 -10.5699996948242 -10.3100004196167 -9.42000007629395 -8.72999954223633 -8.57999992370605 -8.60000038146972 -8.77000045776367 -8.92000007629395 -9.43000030517578 -9.72999954223633 -9.52999973297119 -9.5600004196167 -9.82999992370605
-9999 -9.34000015258789 -5.53999861311784 -7.94000005722046 -10.9899997711182 -9.97999954223633 -10.1000003814697 -9.9399995803833 -8.72000026702881 -6 -4.55999994277954 -3.83999991416931 -7.90000009536743 -9.86999988555908 -10.5900001525879 -12.4799995422363 -12.9200000762939 -13.1400003433228 -14.0200004577637 -15.2600002088292 -15.0299997329712 -15.0500001907349 -14.7399997711182 -14.3400001525879 -12.9899997711182 -13.0299997329712 -13.0299997329712 -12.000000001143 -12 -11.6300001146261 -11.1199998855591 -10.4700002670288 -10.6199998855591 -10.4899997711182 -9.89999961853027 -9.44999980926514 -9.10000038146972 -8.68000030517578 -8.77999973297119 -9.19999980926514 -9.40999984741211 -9.52999973297119 -9.90999984741211 -10.1199998855591 -10.1800003051758
-9999 -7.70000062643382 -0.870000004768372 -7.25 -10.5100002288818 -8.68000030517578 -8.65999984741211 -9.72000026702881 -10.2600000852545 -5.26999998092651 -6.32000017166138 -8.19999980926514 -4.42999982833862 -9.28999996185303 -11.4499998092651 -10.8500003062967 -13.2299995422363 -13.2799997329712 -14.3699998855591 -14.5200004577637 -14.9200000681862 -14.9300003051758 -14.75 -14.3500003814697 -13.2799997334622 -13.2799997329712 -12.8900003435738 -12.539999961853 -12.1099996570839 -11.7799997329712 -11.4899997711182 -11.4899997711182 -11.1199998855591 -10.8299999237061 -10.1099996566772 -9.53999996185303 -9.39999961853027 -9.5600004196167 -9.0600004196167 -9.39999961853027 -9.44999980926514 -9.60000038146973 -9.97999954223633 -10.4099998474121 -11.1400003433228
-9999 -8.52000045776367 -1.46000003814697 -3.60999989509583 -9.39000034332275 -6.82999992370605 -8.55000019073486 -9.22999954223633 -8.77999973297119 -6.19000005722046 -10.039999961853 -8.90999984741211 -7.07000017166138 -4.92000007629395 -7.15000009536743 -11.0799999237061 -13.1999997983072 -13.4099998474121 -14.2600002288818 -14.5100002288818 -14.7299995385797 -14.6199998855591 -14.5600004196167 -14.539999961853 -14.0799999237061 -13.960000038147 -13.1999998092651 -13.2200002670288 -12.6000003814697 -12.2600002288818 -11.9600000382396 -12.2700004576597 -12.5100002288818 -11.8299999237061 -11.1000003815011 -9.80000019073486 -9.23999977111816 -9.4399995803833 -9.56999969482422 -9.81999969482422 -9.39000034332275 -9.47000026702881 -10.1000003814697 -10.4499998092651 -10.9200000762939
-9999 -8.1899995803833 -8.86999988555908 -0.870001130837592 -8.82999992370605 -5.51999998092651 -6.98000001907349 -9.02999973297119 -7.98999977111816 -6.73999977111816 -9.39000034332275 -8.23999977111816 -7.42000007629395 -5.01000022888184 -7.99999998705185 -10.3199996948242 -12.5900001525879 -13.0900001525879 -13.8699998855591 -14.3199996948242 -14.6999998092651 -14.6899995803833 -14.6300001155193 -14.3400001525879 -14.1499996185303 -13.6700000762939 -13.4899997711182 -13.2700004577637 -13.2200002670288 -13.0299997329712 -12.5900001526756 -12.3500003814697 -12.8299999237061 -12.289999961853 -11.6800003052085 -11.3400001525879 -10.8500003814697 -10.4399995803866 -10.1999998092651 -10.1300001144409 -10.1700000762939 -9.86999988555908 -10.4399995803833 -10.2799997329712 -10.8800001144409
-9999 -8 -6.26999998092651 -1.08000004291534 -3.74000000953674 -5.65999984741211 -6.44000005722046 -7.65000009536743 -7.01000022888183 -6.71999979019165 -9.64000034332275 -8.42000007629394 -7.32000017166138 -5.78000020980835 -6.96999979019165 -11.4799995422363 -12.6400003433228 -13.6700000762939 -13.6199998855591 -14.3299999014351 -14.4700002662105 -14.6899995795517 -14.6800003051758 -14.4499998092651 -13.9700002670288 -13.1800003051758 -13.1599998474121 -13.4799995422363 -13.4499998092651 -13.4099998475432 -12.789999961853 -12.3800001144409 -13.4700002670288 -13.0100002288818 -12.3699998855591 -11.9700002670288 -11.5200004577637 -10.9499998092697 -10.7399997711182 -10.539999961853 -10.6300001144409 -10.6400003433228 -10.5500001907349 -10.5 -10.4899997711182
-9999 -7.63999973082074 -6.80000019073486 -4.51999998092651 -0.370000004768372 -5.75 -4.07999992370605 -6.30999994277954 -7.75 -8.80000019073486 -8.77999973297119 -8.64000034332275 -8.57999992370605 -6.25 -6.01999998092651 -11.4200000762939 -12.1800003051758 -13.3699998855591 -13.2399997711182 -13.2200002670288 -14.0600004196167 -14.4499998015978 -14.8199996948242 -14.8400001515522 -14.5100002288818 -14.0699996948242 -13.7399997711182 -13.5900001525879 -13.3800001140231 -13.8699998855591 -14.039999961853 -13.539999961853 -13.6700000762939 -13.289999961853 -13.1099996566772 -12.8400001525879 -12.1499996185303 -11.55000019074 -11.1800003051758 -10.8800001144409 -10.8199996948242 -10.9099998474121 -10.460000038147 -10.3299999237061 -10.3100004196167
-9999 -6.08500003814697 -6.75750017166138 -4.74749994277954 -1.23249967888503 -2.73749995231628 -4.48000001907349 -6.07999992370605 -6.55000019073486 -7.46999979019165 -7.15000009536743 -9.46000003814697 -10.4499998080532 -7.32999992370605 -5.82000017166138 -9.31999969482422 -12.3100004196167 -13.2799997329712 -13 -12.3400001525879 -13.8900003433228 -14.2299995422363 -14.5699996919144 -14.6000003814697 -14.9399995803833 -14.5 -14.5 -13.7799997329712 -13.4300003051758 -13.5900001525879 -14.0600004196167 -14.3800001144409 -14.2399997711182 -13.3400001525879 -12.960000038147 -12.8999996185303 -12.6400003433228 -12.1999998092651 -11.6899995803833 -11.1400003433228 -10.8299999237061 -10.6300001144409 -10.4300003051758 -10.420000076294 -10.4099998474121
-9999 -5.3125 -6.10750007629395 -5.6875 -2.08249998092651 0.0450000017881393 -4.34499979019165 -3.98000014360029 -7.38749980926514 -5.91750001907349 -5.55000019073486 -5.34749984741211 -7.61749982833862 -5.71000003814697 -3.1800000667572 -9.07250018898618 -11.1899995803833 -9.66250038146973 -9.03749942779541 -8.16499996185303 -9.17500019073486 -12.0474996566772 -12.4674997329712 -12.5600004196167 -14.0399999690077 -13.75 -13.3900003433228 -14.0799999237061 -13.8299999237061 -13.7799997329712 -14.539999961853 -14.5299997329712 -14.1899995803833 -13.5200004577637 -13.3999996185303 -13.4399995803833 -12.7600002288818 -12.289999961853 -12.1199998855591 -11.5699996948242 -11.590000152588 -11.25 -11.2399997711182 -11.170000076294 -11.0799999237061
-9999 -3.87249994277954 -4.45250030422862 -6.64249992370606 -3.21250009536743 -0.0500000007450581 -2.72000002861023 -4.94500017166138 -7.24499988555908 -5.38749980926514 -5.05249976236746 -5.43499994277954 -7.03749990463257 -6.38749980926514 -3.96000003814697 -5.72249984741211 -9.08500003814697 -9.58749961853027 -9.18499947034769 -8.65750026702881 -8.91250038146973 -11.0074996948242 -12.164999961853 -13.039999961853 -14.0325002670288 -15.2550001144409 -12.7274999596561 -13.3999996160017 -13.3950004577637 -13.8450002668457 -13.6099996566772 -13.8275003433228 -13.6225004196167 -13.4025001525879 -13.3074998855591 -13.2650003433228 -12.8699998855591 -12.3549995422363 -12.1350002288818 -11.4499998092651 -10.9849996566767 -10.6724996566772 -10.7425003051758 -10.2624998092645 -9.59000015258789
-9999 -3.83500003814697 -5.24499988555908 -5.86999988555908 -2.55999994277954 0.0699999559424681 -0.917500019073486 -3.07999992370605 -5.19750022888184 -4.39249992370605 -4.05999994277954 -5.84250020980835 -5.71500015258789 -5.1100001335144 -5.67500019073486 -4.88749980926514 -5.76749992370605 -10.6199998855591 -10.7574996948242 -9.44499969482422 -9.53750038146973 -9.14249993960738 -12.0124998092651 -13.602499961853 -13.960000038147 -13.9399995803833 -13.2950000762939 -13.4650001525879 -13.9674997329712 -13.7550001150398 -13.8450002670288 -13.7775001525879 -13.7150001525879 -13.585000038147 -13.397500038147 -13.4525003433228 -12.9575004577637 -12.4324998855591 -12.4224996566772 -11.6850004196167 -11.3675003051757 -11.4499998092651 -10.8675003051758 -10.3450002670288 -9.54750061035156
