SnowAccumulation_R/test/tmin/final_tmin_11_04_2009.asc
NCOLS 97 
NROWS 69 
XLLCORNER 52512.810182332 
YLLCORNER 5316225.2758522 
CELLSIZE 10000 
NODATA_value -9999 
[rows 20 to 39 of 69, columns 45 to 89 of 97]
-1.74000000953674 -1.95000004768372 -2.05999994277954 -2.25999999046326 -2.4300000667572 -2.47000002861023 -2.5 -2.52999997138977 -2.70000004768372 -2.74000000953674 -2.78999996186093 -2.88000011444092 -2.86999988555908 -3.01999998092651 -3.08999991417482 -3.10999989509583 -3.18000006634421 -3.1800000667572 -3.17000007629394 -3.23000001907349 -3.33999991416931 -3.36999988555908 -2.82999992370606 -2.70000004768372 -2.49000000953674 -2.33999991416931 -2.25999999046326 -2.27999997138977 -2.23000001907349 -2.05999994277954 -1.85000002384186 -1.86000001430511 -1.71000003814697 -1.6599999666214 -1.50999996217003 -1.46000003814697 -1.22000002861023 -1 -0.879999995231628 -0.759999990463257 -0.689999997615814 -0.620000004768372 -0.5 -0.419999986886978 -0.319999992847443
-1.82000005245209 -1.89999997615814 -2 -2.1800000667572 -2.30999994277954 -2.45000004768372 -2.49000000953674 -2.51999998092651 -2.73000001907349 -2.78999996185303 -2.79999995231628 -2.83999991416931 -2.69000005722046 -2.99000000953674 -3.03999996152062 -3 -3.00999999046326 -3.05999994277954 -3.04999995233271 -3.11999988555908 -3.21000003814697 -3.17000007629395 -2.97000002803071 -2.6800000667572 -2.45000004768372 -2.3199999332428 -2.26999998092253 -2.21000003814697 -2.16000008583069 -1.99000000953674 -1.89999997615814 -1.89999997615814 -1.73000001907349 -1.59000001385561 -1.5 -1.26999998092651 -1.13999998569489 -0.959999978542328 -0.889999985694885 -0.740000009536743 -0.670000016689301 -0.579999983310699 -0.5 -0.360000014305115 -0.280000001192093
-1.77999997138977 -1.80999994277954 -1.87000000476837 -2.01999998092651 -2.25999999046326 -2.36999988555908 -2.36999988555908 -2.57999992370605 -2.66000008583069 -2.73000001907349 -2.72000002861023 -2.75999999046326 -2.77999997135603 -2.82999992370606 -2.82999992370605 -2.90000009536743 -2.94000005722046 -2.9300000667572 -2.94000005722046 -2.99000000953674 -3.11999988555908 -3.01999998092651 -2.8199999332428 -2.58999991416931 -2.40000009536743 -2.30999994277954 -2.24000000953674 -2.17000007629394 -2.04999995231628 -1.91999995708466 -1.87999999523163 -1.78999996185303 -1.65999991836993 -1.41999995708466 -1.35000002384186 -1.16999995708466 -1.02999997138977 -0.899999976158142 -0.8299999833107 -0.699999988079071 -0.639999985694885 -0.510000054615591 -0.439999997615814 -0.300000011920929 -0.249999935758507
-1.5900000333786 -1.72000002861023 -1.74000000953674 -1.85000002384186 -2.0699999332428 -2.27999997138977 -2.36999988555908 -2.41000008583614 -2.52999997138502 -2.53999996185303 -2.55999994277954 -2.60999989509582 -2.61999988555908 -2.73000001907349 -2.72000002861023 -2.8199999332428 -2.89000010490417 -2.94000005722046 -2.95000004768372 -2.92000007629394 -2.9300000667572 -2.8199999332428 -2.71000003814697 -2.49000000953674 -2.36999988555908 -2.25 -2.15000009536743 -2.08999991416931 -1.9099999666214 -1.85000002395585 -1.78999996185303 -1.65999994553497 -1.41999995708466 -1.27999999838047 -1.22000002861023 -1.11000001430511 -0.990000009536743 -0.949999988079071 -0.790000021457672 -0.649999976158142 -0.579999983310699 -0.529999971389771 -0.400000005960465 -0.290000046869113 -0.25
-1.38999998569489 -1.45000004768311 -1.57000005245144 -1.77999997138926 -1.96000003814697 -2.15000009536743 -2.24000000953674 -2.44000005722046 -2.44000005722046 -2.5 -2.48000001907349 -2.47000002861023 -2.51999998092651 -2.58999991416931 -2.66000008583069 -2.69000005722046 -2.82999992370606 -2.90000009536743 -2.90000009536743 -2.92000007629394 -2.80999994277954 -2.76999998061511 -2.52999997138977 -2.38000011444092 -2.27999997138977 -2.22000002839665 -2.04999995231628 -1.97000002861023 -1.76999998092651 -1.74000000953674 -1.67999992392734 -1.50999999046326 -1.37000000476837 -1.29999995231628 -1.13999998569489 -1.00999999046326 -0.949999988079071 -0.899999976158142 -0.740000009536743 -0.600000023841858 -0.520000002074835 -0.479999989271164 -0.389999985694885 -0.349999994039536 -0.319999992847443
-1.05999994277954 -1.13999998569481 -1.25999999046326 -1.47000002861023 -1.82000005245209 -2.0699999332428 -2.15000009536743 -2.29999995231628 -2.33999991416931 -2.38000011444092 -2.38000011444092 -2.39000010490417 -2.44000005722046 -2.41000008584647 -2.49000000953674 -2.50999999046326 -2.64000010490418 -2.72000002875698 -2.86999988555908 -2.83999991416931 -2.77999997138977 -2.59999990463257 -2.50999999046326 -2.27999997138977 -2.15000009536743 -2.09999990463257 -1.94000005722046 -1.80999994277954 -1.63999998569489 -1.47000002861023 -1.47000002861023 -1.53999996185303 -1.42999995016059 -1.36000001430511 -1.12000000476837 -0.949999988079071 -0.889999985694885 -0.8299999833107 -0.660000026226044 -0.550000011920929 -0.519999980926514 -0.469999998807907 -0.430000007152557 -0.389999985694923 -0.379999995231628
-0.959999978542328 -1.1599999666214 -1.3400000333786 -1.5 -1.71000003814697 -2.00999999046326 -2.04999995231628 -2.15000009536743 -2.23000001907349 -2.22000002861023 -2.23000001907349 -2.25 -2.27999997138977 -2.28999996186885 -2.33999991416931 -2.3199999332428 -2.32999992370605 -2.40000009536743 -2.61999988555908 -2.69000005722046 -2.52999997138977 -2.44000005722046 -2.28999996185303 -2.16000008583069 -2.00999999046326 -1.92999994754791 -1.83000004291534 -1.66999994125785 -1.48000001907349 -1.44000005722046 -1.37000000476837 -1.69000005722046 -1.6599999666214 -1.53999996185303 -1.25 -0.97000002861023 -0.870000004768372 -0.769999980926514 -0.569999992847443 -0.519999988668777 -0.5 -0.479999989271164 -0.46000000834465 -0.449999988079071 -0.519999980926514
-0.949999988079071 -1.12000000476827 -1.26999998092651 -1.46000003814697 -1.69000005722046 -1.82000005245267 -1.97000002861023 -2 -2.05999994277954 -2.09999990463462 -2.05999994277954 -2.10999989509583 -2.13000011444092 -2.15000009536743 -2.23000001907349 -2.25 -2.33999991416931 -2.28999996185303 -2.41000008583069 -2.45000004768372 -2.32999992370605 -2.27999997138977 -2.17000007629395 -2.05999994277954 -1.94000005694348 -1.78999996185303 -1.67999993231865 -1.37999999523163 -1.35000002384186 -1.35000002384186 -1.32000005245209 -1.5 -1.51999998092651 -1.49000000953674 -1.3400000333786 -1.21000003814697 -0.959999978542328 -0.759999990463257 -0.579999983310699 -0.509999990463257 -0.479999989271164 -0.519999980926514 -0.500000007947556 -0.519999980926514 -0.689999997615814
-0.879999995231629 -1.02999997138976 -1.12000000476837 -1.33000004291534 -1.66999995708466 -1.83000004291551 -2.23000001907349 -1.91999995708466 -1.92999994754791 -1.94000005722046 -1.89999997615814 -1.92999994754791 -1.97000002861023 -2 -2.04999995231628 -2.21000003814697 -2.34999990463257 -2.3199999332428 -2.13000011444092 -2.20000004768372 -2.21000003806968 -2.17000007629395 -2.07999992370605 -1.95000004768372 -1.87000000476837 -1.60000002384186 -1.35000002384186 -1.27999997138977 -1.26999998092651 -1.32000005245209 -1.28999996185303 -1.25 -1.37000000476837 -1.44000005722046 -1.30999994277954 -1.23000001907349 -1.11000001430511 -0.759999990463257 -0.580000011223375 -0.519999980926514 -0.490000009536743 -0.519999980926514 -0.540000021457672 -0.629999995231628 -0.819999992847443
-0.759999990463257 -0.899999976158113 -1.00999999046326 -1.19000005722046 -1.47000002861023 -1.64999997615844 -1.91999995708466 -1.72000002861023 -1.78999996185303 -1.83000004291534 -1.79999995231628 -1.75 -1.79999995231628 -1.87000000476837 -1.92999994754791 -2.08999991416931 -2.18000006682997 -2.21000003814697 -2.0699999332428 -2.05999994277954 -2.05999994277954 -2.08999991416931 -1.97000002861023 -1.80999993549977 -1.61000001430511 -1.58000004291534 -1.26999998092651 -1.12999999528128 -1.26999998092651 -1.36000001430511 -1.27999997138977 -1.21000003814697 -1.28999996185303 -1.33000004291534 -1.25999999437973 -1.17999994754791 -1.19000005722046 -0.810000002384186 -0.660000001787392 -0.529999971389771 -0.529999971389771 -0.569999980994383 -0.600000023841858 -0.720000028610229 -0.889999985694885
-0.910000026226044 -0.829999983310699 -0.920000016689301 -1.23000001907349 -1.41999995708466 -1.77999997138977 -1.69000005722046 -1.51999998092651 -1.6599999666214 -1.74000000953674 -1.67999994754791 -1.61000001430511 -1.67999994754791 -1.77999997138977 -1.89999997615814 -1.95000004768372 -2.02999997138977 -2.01999998092651 -2.07999992370605 -2.01999998092651 -1.94000005722046 -1.9099999666214 -1.61000001430511 -1.55999994277954 -1.52999997138977 -1.52999997138977 -1.33000004291534 -1.13999998569489 -1.23000001907349 -1.3400000333786 -1.27999997201481 -1.20000004768372 -1.21000003814697 -1.23000001907349 -1.21000003814697 -1.0900000333786 -1.19000005722046 -0.839999998611789 -0.600000023841858 -0.519999980926514 -0.579999983310699 -0.620000004768372 -0.660000026226044 -0.740000009536743 -0.909999898124417
-0.939999997615814 -0.990000009536743 -1.07000005245209 -1.1599999666214 -1.39999997615814 -1.71000003814697 -1.87000000476837 -1.30999994277954 -1.51999998092651 -1.54999995231628 -1.66999995708466 -1.55999994277954 -1.54999995233529 -1.73000001907349 -1.77999997138977 -1.83000004291534 -1.86000001430511 -1.73000001907349 -1.88999998569489 -1.75999999046326 -1.72000002544769 -1.53999996185303 -1.45000004768372 -1.42999994754791 -1.51999998092651 -1.53999996185303 -1.44000005722046 -1.26999998092651 -1.11000001430511 -1.28999996185303 -1.28999996185303 -1.19000005722046 -1.14999997615814 -1.1599999666214 -1.12999999523163 -1.00999999046326 -1.03999996185303 -0.930000007152557 -0.579999983310699 -0.52999997138977 -0.629999969046946 -0.629999995231628 -0.709999978542328 -0.740000009536743 -0.779999971389771
-0.759999990463257 -0.889999985694885 -0.959999978542328 -1.02999997138977 -1.1599999666214 -1.46000003814697 -1.53999996185303 -1.11000001430511 -1.32000005245209 -1.42999994754791 -1.62000000476837 -1.54999995231628 -1.50000000000543 -1.5900000333786 -1.63999998569489 -1.70000004768372 -1.70000004768372 -1.64999997615814 -1.67999994574539 -1.47000002856619 -1.41999995708466 -1.35000002384186 -1.3400000333786 -1.37999999523163 -1.57000005245209 -1.62999999523163 -1.65999996642593 -1.45000004768372 -1.1599999666214 -1.21000003814697 -1.22000002861023 -1.13999998569489 -1.05999994277954 -1.08000004291534 -1.08000004291534 -0.97000002861023 -0.870000004768372 -0.8299999833107 -0.579999983310699 -0.529999971389771 -0.579999983310699 -0.660000026226044 -1.01999998092651 -0.760000061028576 -0.800000011920929
-0.699999988079071 -0.939999997615814 -0.810000002384186 -0.959999978542328 -0.97000002861023 -1.05999994277954 -1.27999997138977 -1.03999996185303 -1.16999995708466 -1.28999996185303 -1.47000002861023 -1.47000002861023 -1.41999995708466 -1.51999998092651 -1.5 -1.53999996185303 -1.52999997048411 -1.26999998092651 -1.46000003814697 -1.4099999666214 -1.29999995231628 -1.25999999046326 -1.36000001430511 -1.42999994754791 -1.50999999046326 -1.49000000953674 -1.46000003814697 -1.33000004291534 -1.14999997615814 -1.08000004299534 -1.08000004291534 -1.05999994277954 -1.00999999046326 -1.04999995231628 -1.10000002384186 -0.990000009536743 -0.839999973773956 -0.769999980926514 -0.589999973773956 -0.529999971389771 -0.550000011920929 -0.680000007152557 -0.850000023841858 -0.870000004768372 -0.800000011920929
-0.600000023842347 -0.810000002384186 -0.740000009536743 -0.620000004768372 -0.319999992843624 -0.170000001789798 -1.03999996185303 -0.850000023841858 -0.879999995235138 -1.19000005722046 -1.36000001430511 -1.38999998569489 -1.3400000333786 -1.48000001876801 -1.38999998536957 -1.22000002858669 -1.14999997615814 -1.05999994277954 -1.12999999523163 -1.22000002861023 -1.04999995231628 -1.23000001907349 -1.4099999666214 -1.39999997615814 -1.42999994754791 -1.32000005245209 -1.27999997138977 -1.23000001907349 -1.0900000333786 -1.05999994277954 -1.02999997138977 -0.959999978542328 -0.920000017530389 -0.949999951528056 -0.899999976158142 -0.970000028610229 -0.939999997615814 -0.769999980926514 -0.649999976158142 -0.610000014305115 -0.560000002384186 -0.649999976158142 -0.779999925115756 -0.860000014305115 -0.850000023841858
-0.810000002384186 -0.670000016689301 -0.589999973773956 -0.389999985694885 0.49999999999865 -0.170000001789746 -0.800000011919299 -0.680000007152557 -0.819999992849451 -1.08000004291534 -1.27999997134467 -1.28999996182346 -1.25999999046326 -1.26999998092651 -1 -0.939999997607945 -0.899999976158142 -0.850000023841858 -0.889999985694885 -0.9200000166893 -0.870000004768372 -1.16999995708466 -1.30999994277954 -1.29999995231628 -1.33000004291534 -1.40999996532933 -1.4099999666214 -1.28999996185303 -1.08000004291534 -1.11000001430511 -1.05999994277954 -0.959999978542328 -0.89999998711134 -0.949999988079071 -0.819999992847443 -0.860000008131643 -0.899999976158142 -0.769999980926514 -0.689999997615814 -0.689999997615814 -0.620000004768372 -0.639999985694885 -0.720000028610229 -0.8299999833107 -0.860000014305115
-0.25 -0.129999995231628 -0.25 -0.280000001192093 -0.300000011920929 -0.409999996423721 -0.800000011920929 -0.389999985693349 -0.550000011928001 -0.899999976158142 -1.1599999666214 -1.11000001430511 -1.08000004291534 -1.01999998092651 -0.939999997615814 -0.810000002384186 -0.790000021457672 -0.649999976158142 -0.660000026532254 -0.790000021457672 -0.759999990463257 -1.01999998092651 -1.20000004768372 -1.0900000333786 -1.0900000333786 -1.17999994754791 -1.29999995231628 -1.25 -1.08000004291534 -1.14999997615814 -1.08000004291534 -0.949999990323463 -0.910000026226044 -0.949999988079071 -0.910000026226044 -0.850000023841858 -0.769999980926514 -0.769999980926514 -0.759999990463257 -0.699999988079071 -0.709999978542328 -0.629999995231628 -0.649999976158142 -0.790000021457672 -1.07999978289395
-0.129999995231628 -0.319999992847443 -0.379999995231628 -0.0599999986588955 -0.129999995231628 -0.129999995231628 -0.270000010728836 -0.259999990463257 -0.409999996423721 -0.699999988079071 -0.879999995231628 -0.949999988079071 -0.930000007152557 -0.899999976158142 -0.819999992847443 -0.75 -0.519999980926514 -0.5 -0.54000002163864 -0.649999976158142 -0.670000016689301 -0.740000009536743 -0.899999976158142 -0.889999985694885 -1.07000005245209 -1.03999996185303 -0.949999988079071 -0.980000019073486 -0.959999978542328 -1.11000001430511 -1.07000004330753 -0.949999988347269 -0.889999985694885 -0.879999995231628 -0.920000016689301 -0.920000016689301 -0.810000002384186 -0.709999978542328 -0.759999990463257 -0.75 -0.720000028610229 -0.730000019073486 -0.759999990463257 -0.760000098244509 -1.02999986417709
0.0799999982118607 0.469999998807907 0.509999990463257 0.449999988079071 0.490000009536743 -0.0599999986588955 -0.170000001788139 -0.100000001490116 -0.25 -0.5 -0.610000014305115 -0.649999976163564 -0.720000028610229 -0.730000019073486 -0.660000026226044 -0.610000014305115 -0.550000011920929 -0.409999996423721 -0.360000014305115 -0.430000007152557 -0.46000000834465 -0.430000007017597 -0.469999998807907 -0.639999985694885 -0.639999985694885 -0.670000016689301 -0.8299999833107 -1.02999997138977 -1.19000005722046 -1.0700000554143 -0.930000007152557 -0.930000007152557 -0.870000004768372 -0.860000014305115 -0.810000002384186 -0.899999976158142 -0.8299999833107 -0.699999995671797 -0.689999997615814 -0.769999980926514 -0.720000028610229 -0.740000009536743 -0.770000046955321 -0.939999997615814 -0.970000028610229
0.360000014305115 0.469999998807907 1.58000004291534 1.04999995231628 0.990000009536743 0.910000026226044 0.810000002384186 0.0700000002980232 -0.0199999995529652 -0.25 -0.379999995231628 -0.379999995238881 -0.46000000834465 -0.509999990463257 -0.469999998807907 -0.46000000834465 -0.430000007152557 -0.28999999165535 -0.259999990463257 -0.310000002384186 -0.319999992847443 -0.28999999165535 -0.349999994039536 -0.419999986886978 -0.400000006502273 -0.740000009536743 -0.970000028610229 -1.04999993593838 -0.910000026226044 -1.05999994277954 -1.01999998092651 -1.01999998092651 -1.00999999046326 -0.8299999833107 -0.800000011920929 -0.790000021457672 -0.839999973773956 -0.790000021457672 -0.759999990463257 -0.769999980926514 -0.759999990463257 -0.850000023841858 -0.910000026226044 -0.949999958724033 -0.980000019073486
