SnowAccumulation_R/test/tmin/final_tmin_14_04_2009.asc
NCOLS 97 
NROWS 69 
XLLCORNER 52512.810182332 
YLLCORNER 5316225.2758522 
CELLSIZE 10000 
NODATA_value -9999 
[rows 40 to 59 of 69, columns 45 to 89 of 97]
-3.4300000667572 -3.24000000953674 -2.75999999046326 -2.71000003814697 -2.54999995231628 -2.51999998092651 -2.50999999046326 -2.73000001907349 -2.74000000953674 -2.82999992370606 -2.90000009536743 -2.9300000667572 -3.05999994277954 -3.19000005722046 -3.21000003814123 -3.1800000667572 -3.10999989509583 -2.95000004768372 -2.95000004768372 -2.90000009536743 -2.84999990463257 -2.77999997138977 -2.54999995231628 -2.14000010490417 -1.96000003814697 -1.66999995708466 -1.48999999961036 -1.3099999428681 -1.20000004768372 -0.910000026226044 -0.720000028963265 -0.680000007152557 -0.490000009536743 -0.189999997615814 -0.0299999993294477 0.170000001788139 0.379999995231628 0.439999997615814 0.469999998807907 0.370000004768372 0.330000013113022 0.28999999165535 0.159999996423721 0.109999999403954 0.0700000002980232
-3.52999997138977 -3.30999994277954 -3.22000002861023 -2.77999997138977 -2.83999991416931 -2.75 -2.5699999332428 -2.69000005722046 -2.6800000667572 -2.77999997138977 -2.78999996185303 -2.82999992370605 -3.00999999046326 -3.16000008583069 -3.18000006677439 -3.20000004768372 -3.09999990463257 -3.00999999046326 -3.02999997138977 -2.92000007629394 -2.73000001907349 -2.60999989509582 -2.36999988555908 -2.04999995231628 -2 -1.69000005722046 -1.48000001907349 -1.35000002384186 -1.25 -0.970000028610229 -0.850000023841858 -0.680000007152557 -0.639999985694885 -0.589999973773956 -0.0900000035762787 -0.0500000007450581 0.429999978599999 0.620000004768372 0.800000011920929 0.630000020034268 0.629999995231628 0.430000007152557 0.239999994635582 0.180000007152557 0.180000007152557
-3.70000004768372 -3.60999989509583 -3.5 -3.03999996185303 -2.80999994277954 -2.76999998092651 -2.52999997138977 -2.73000001907349 -2.78999996185303 -2.78999996185303 -2.80999994277954 -2.76999998092651 -2.98000001907349 -3.08999991416931 -3.15000009536743 -3.15000009536743 -3.1800000667572 -3.14000010477559 -3.05999994277954 -2.89000010490417 -2.65000009748104 -2.5 -2.25999999046326 -1.88999998752063 -1.88999998569489 -1.75 -1.76999998092651 -1.6599999666214 -1.38999998569489 -1.14999997615814 -1 -0.709999978542328 -0.639999985694885 -0.579999983310699 -0.330000013113022 -0.200000002980232 -0.150000005960464 0.439999997615814 0.819999992847443 0.699999988079071 0.649999976158142 0.529999971389771 0.46000000834465 0.310000002384186 0.25
-3.74000000953674 -3.65000009536743 -3.53999996185303 -3.1800000667572 -3.00999999046326 -2.9300000667572 -2.77999997138977 -2.5 -2.58999991416931 -2.73000001907349 -2.83999991416931 -2.84999990463257 -2.94000005722046 -3.0699999332428 -3.11999988555908 -3.19000005722046 -3.21000003814697 -3.23000001907349 -3.04999995231628 -2.94000005722046 -2.80999994242995 -2.5999999112332 -2.46000003814697 -2.39000010432925 -2.19000005722046 -2.11999988555908 -1.83000004291534 -1.74000000953674 -1.51999998092651 -1.27999997138977 -1.16999995708466 -0.829999983310699 -0.610000014305115 -0.550000011920929 -0.310000002384186 -0.0900000035762787 -0.00999999977648258 0.00999999977648258 0.379999995231628 0.400000005960465 0.600000023841858 0.589999973773956 0.560000002384186 0.479999989271164 0.46000000834465
-3.86999988555908 -3.77999997138977 -3.5699999332428 -3.22000002861023 -3.21000003814697 -3.08999991416931 -3.0699999332428 -2.46000003814697 -2.47000002861023 -2.55999994277954 -2.66000008583069 -2.72000002861023 -2.90000009536743 -3.08999991416931 -3.17000007629395 -3.27999997138977 -3.36999988555908 -3.38000011444092 -3.21000003814697 -3.13000011444092 -3.06999993990711 -3.11999988555908 -3.02999997138977 -2.94000005722046 -2.76999998092651 -2.33999991416931 -2.22000002861023 -1.89999997615814 -1.55999994277954 -1.42999994732773 -1.26999998092651 -0.959999978542328 -0.810000002384186 -0.5 -0.259999990463257 -0.140000000596046 0.0799999982118607 0.129999989112406 0.109999996052217 0.100000001490116 0.5 0.609999963762264 0.639999985694885 0.639999985694885 0.660000018115796
-4.09000015258789 -3.83999991416931 -3.72000002861023 -3.38000011444092 -2.97000002861023 -2.97000002861023 -3.09999990463257 -2.29999995231628 -2.36999988555908 -2.48000001907349 -2.66000008583069 -2.80999994277954 -2.9300000667572 -3.17000007629395 -3.26999998092651 -3.4300000667572 -3.52999997138977 -3.55999994450193 -3.57999992806157 -3.77999997138977 -3.66000008583069 -3.57999992370605 -3.45000004768372 -3.34999990463257 -3.03999996185303 -2.78999996185303 -2.61999988555908 -2.34999990463257 -1.74000000953674 -1.57000005245209 -1.28999996185303 -1.00999999046326 -0.870000004768372 -0.730000019073486 -0.409999996423721 -0.219999998807907 -0.14999999256293 0.0299999993294477 0.0399999991059303 0.150000005960464 0.219999998807907 0.200000002980232 0.660000026226044 0.709999978542328 0.740000009536743
-4.05999994277954 -3.92000007629395 -3.77999997138977 -3.50999999046326 -2.73000001907349 -2.4300000667572 -3.0699999332428 -2.26999998093022 -2.50999999046326 -2.57999992370605 -2.6800000667572 -2.85999989509583 -3.0699999332428 -3.24000000953674 -3.32999992370605 -3.71000003877087 -4.34000015258789 -4.36000013351441 -4.23000001907349 -4.13000011444092 -4.09000015258789 -4.01999998092651 -3.83999991416931 -3.70000004768372 -3.30999994277954 -2.75999999046326 -2.61999988555908 -2.35999989509583 -1.91999995708466 -1.77999997138977 -1.46000003814697 -1.14999997615814 -1.00999999046326 -0.889999985694885 -0.519999980926514 -0.490000009536743 -0.310000002384186 0.00999999977648258 0.0599999986588955 0.0599999986588955 0.209999993443489 0.379999995231628 0.589999973773956 0.790000021457672 0.779999971389771
-4.30999994277954 -4.07999992370605 -3.83999991416931 -3.57999992370605 -3.0699999332428 -2.91000008583069 -3.21000003814697 -2.48000001908081 -2.84999990463257 -2.72000002861023 -2.68000006677445 -2.9300000667572 -3.1600000862546 -3.25000000063275 -4.13000011444092 -4.69000005722046 -4.67000007610831 -4.44999980926514 -4.57999992370605 -4.59999990463257 -4.55999994277954 -4.48000001907349 -4.11999988555908 -3.95000004768372 -3.50999999046326 -3.00999999046326 -2.85999989509583 -2.50999999046326 -2.25999999046326 -2.11999988555908 -1.63999998569489 -1.25999999110133 -1.12999999523163 -0.920000016689301 -0.870000004768372 -0.629999995231628 -0.379999995231628 -0.25 -0.0299999993294477 0.170000001788139 0.25 0.419999986886978 0.610000014305115 0.649999976158142 0.810000002384186
-4.23999977111816 -4.1399998664856 -4.01999998092651 -3.72000002861023 -3.41000008583069 -3.30999994277954 -3.42000007629394 -3.19000005722528 -3.33999991416931 -3.03999996194141 -2.92000007652494 -4.15000009536743 -4.71999979019165 -4.63000011449759 -4.92000007629395 -4.96000003814697 -4.90999984722603 -4.59000015258789 -4.80999994277954 -4.88999986658183 -4.82000017166138 -4.73000001907349 -4.55999994186063 -4.15999984741211 -3.78999996185303 -3.56999993216391 -3.23000001907349 -2.86999988555908 -2.71000003814697 -2.29999995231628 -1.85000002384186 -1.5900000333786 -1.28999996185303 -1.12000000476837 -0.980000019073486 -0.709999978542328 -0.469999998807907 -0.270000010728836 -0.129999995231628 0.0700000002980232 0.189999997615814 0.379999995231628 0.629999995231628 0.649999976158142 0.550000011920929
-4.61999988555908 -4.23000001907349 -4.13000011444092 -3.88000011444092 -4.1399998664856 -3.85999989509582 -3.71000003814697 -5.78999996185303 -4.90000009536743 -4.53000020980835 -5.03999996185303 -5.34999990463257 -5.34999990463257 -5.26000022888184 -5.21000003814697 -5.19000005722046 -5.11999988555908 -4.76000022888184 -5.07999992370606 -5.11999988555908 -5.15999984741211 -5.01999998092651 -5.01999998092651 -4.63000011444092 -4.21000003814697 -4.03000020980835 -3.51999998092651 -3.03999996185303 -2.83999991416931 -2.33999991416931 -1.9099999666214 -1.70000006488316 -1.49000000953674 -1.19000005722046 -1.08000004291534 -0.779999971389771 -0.519999980926514 -0.370000004768372 -0.270000010728836 -0.220000004513975 -0.119999997317791 0.239999994635582 0.429999963778685 0.469999998807907 0.550000011920929
-4.76999998092651 -4.36000013351441 -4.1399998664856 -4 -3.94000005722046 -4.03000020980835 -3.88000011444092 -6.30000019073486 -5.61999988555908 -5.21999979019165 -5.19999980926514 -5.23000001907349 -5.23999977111816 -5.19999980926514 -5.21999979019165 -5.25 -4.92000007629395 -4.94999980926514 -5.30999994277954 -5.44999980926514 -5.57000017166138 -5.53999996185303 -5.46999979019165 -5.34999990463257 -4.71000003814697 -4.46999979019165 -3.79999995231628 -3.20000004768372 -2.89000010490418 -2.48000001907349 -1.98000003309158 -1.88999998569489 -1.51999998092651 -1.24000001189328 -1.12000000476837 -0.879999995231628 -0.779999971389771 -0.579999983310699 -0.419999986886978 -0.469999998807907 -0.280000001192093 0.0299999993294477 0.100000001490116 0.270000010728836 0.170000001788139
-4.86999988555908 -4.53000020980835 -4.23000001907349 -4.1100001335144 -4.05000019073486 -7.05999994277954 -6.59000015258789 -6.38999986648559 -5.46000003814697 -4.90000009536743 -5 -4.84000015258789 -4.84000015258789 -5.11000013351441 -5.09000015258789 -4.80000019073486 -4.84999990463257 -5.15999984741211 -5.57000017166138 -5.65000009536743 -5.90000009536743 -5.98999977111816 -6.03000020980835 -5.82000017166138 -5.21000003814697 -4.73999977111816 -4.05000019073486 -3.36999988555908 -3.09999990463257 -2.67000007250924 -2.34999990399067 -1.98000001907349 -1.63999998569489 -1.39999997615814 -1.12000000476837 -0.899999976158142 -0.860000014305115 -0.699999988079071 -0.550000011920929 -0.529999971389771 -0.46000000834465 -0.150000005960465 -0.0700000002980232 -0.150000005960464 0.0399999254283557
-4.76000022888184 -4.75 -4.3899998664856 -6.76000022888184 -6.51000022888184 -6.07000017166138 -5.61000013351441 -5.55000019073486 -4.92000007629395 -4.5 -4.46000003814697 -4.48999977111816 -4.57999992370605 -4.65999984741211 -4.94999980926514 -4.71999979019165 -4.75 -5.19999980926514 -5.57999992370605 -5.65999984741211 -6 -6.34000015258789 -6.3899998664856 -6.07999992370605 -5.76999997903213 -5.03999996185303 -4.26000022888184 -3.90000009536743 -3.36999988555908 -2.6800000667572 -2.44000005722046 -2.0699999332428 -1.77999997138977 -1.51999998092651 -1.19000005722046 -1.00999999046326 -0.939999997615814 -1.00999999046326 -1.00000000498374 -0.879999995231628 -0.639999985694885 -0.519999980926514 -0.340000302245713 -0.490000009536743 -0.349999994039536
-4 -3.99000000953674 -4.42999982833862 -5.42000007629395 -5.59000015258789 -5.1399998664856 -4.78000020980835 -4.71000003814697 -4.44999980926514 -4.21000003814697 -4.11999988555908 -4.21000003814697 -4.34000015258789 -4.46999979019165 -4.84999990463257 -4.69000005722046 -4.67000007629395 -4.98999977111816 -5.1900000576231 -5.53000020980835 -5.94000005722046 -6.19999981028637 -6.73000001907349 -6.15999984741211 -5.76000022888184 -5.17999982833862 -4.499999991541 -4.17000007629395 -3.44000005722046 -2.90000009536743 -2.69000005722046 -2.36999988555908 -2.03999996185303 -1.75 -1.3400000333786 -0.910000031851695 -0.889999985694885 -1.02999997138977 -1.21000003814697 -1.25999999046326 -1.01999998092651 -0.890000544050717 -1.05999994277954 -0.509999990463257 -0.400000005960465
-3.59999990463257 -3.54999995231628 -4 -4.19000005722046 -4.36999988555908 -4.40999984741211 -4.09000015258789 -4.21999979019165 -4.07000017166138 -3.97000002861023 -3.88000011444092 -4.05000019073486 -4.1399998664856 -4.25 -4.44000005722046 -4.46999979019165 -4.44999980926514 -4.78999996185303 -4.96000003847386 -5.30999994277954 -5.69000005722046 -5.8899998664856 -6.19000005722046 -5.69000005722046 -5.40999984741211 -4.40000009536743 -3.99000000953674 -3.95000004768372 -3.54999995231629 -2.97000002861023 -2.84999990463257 -2.47000002861023 -2.19000005722046 -1.82000005245209 -1.27999997138977 -1.04999995231628 -0.819999992847443 -1.13999998569489 -1.35000002384186 -1.63999998569489 -1.61000025641495 -1.73000001907349 -1.25999999046326 -0.750000149240666 -0.419999986886978
-3.38000011444092 -3.41000008583069 -3.50999999046326 -3.59999990463257 -3.47000002861023 -3.52999997138977 -3.57999992370605 -3.52999997138977 -3.60999989509583 -3.72000002861023 -3.60999989509583 -3.86999988555908 -4.25 -4.13000011444092 -4 -4.0199999809753 -4.1399998664856 -4.34000015258789 -4.48999977111816 -4.8600001335144 -5.17999982833862 -5.32999992370605 -5.48999977111816 -4.99999998163499 -4.19000005722046 -3.72000002861023 -3.64000010490417 -3.75999999046326 -3.13000011444092 -2.97000002703583 -2.52999997138977 -2.25 -2.00999999046326 -1.64999997615814 -1.37999999523163 -1.08000004291534 -0.889999985694885 -1.30999994277954 -1.54999995231628 -2.03000000568325 -2.09999990463257 -1.77999997138977 -1.26999998092651 -1.12000000476837 -0.579999983310699
-3.23000001907349 -3.25999999046326 -3.05999994277954 -2.79999995231628 -2.88000011444092 -2.88000011444092 -3.07999992370605 -3.11999988555908 -3.16000008583069 -3.42000007629395 -3.49000000953674 -3.47000002861023 -3.64000010492908 -3.80999994277954 -3.84999990463257 -3.91000008583069 -3.85999989509583 -3.95000004768372 -4 -4.25 -4.51999998092651 -4.63999985523024 -4.07000017166138 -3.72000002861023 -3.54999995231629 -3.40000009536743 -3.24000000905906 -3.3199999332428 -2.86999988555908 -2.64000010490417 -2.29999995231628 -2.05999994277954 -1.99000000953674 -1.64999997615814 -1.5000000006908 -1.32000005245209 -1.16999995708466 -1.28999996185303 -1.66999893633155 0.574999988079071 0.419999986886978 0.672500014305115 0.879999995231628 0.732500016689301 0.660000026226044
-3.59999990463257 -3.38000011444092 -2.69000005722046 -2.44000005722046 -2.48000001907349 -2.5699999332428 -2.74000000953674 -2.85999989509582 -2.84999990463257 -3.02999997138977 -3.1800000667572 -3.21000003814697 -3.3199999332428 -3.34999990463257 -3.84999990463257 -3.82999992370606 -3.70000004768372 -3.61999988555908 -3.5699999332428 -3.70000003037546 -1.92999994754791 -1.91999995708466 -1.8125 -1.3075000046291 -1.7775000333786 -1.66999995708466 -1.25499999523163 -0.4375 -2.07500004768372 -1.91999995708466 -1.74249994754791 -1.36000001430511 -1.05250000953674 -1.09249997138977 -1.06500005722046 -0.159999996423721 -0.10249999910593 0.0200000625070544 0.10249999910593 0.310000002384186 0.379999995231628 0.939999997615814 1.24000000953674 1.04999995231628 0.779999971389771
-3.40249991416931 -3.20000004768372 -3.30999994277954 -3.91499996185303 -3.81750011444092 -3.61500000953674 -3.40000009536743 -3.39750003814697 -3.47000002861023 -3.30749988556764 -3.47749996185303 -3.20499992370606 -2.97000002861023 -2.82999992370606 -2.68499994277954 -2.83999991416931 -3.02749991416931 -2.54749989485988 -2.27999997138977 -1.80250000953674 -1.78499996698273 -1.9099999666214 -1.4375 -1.63999998569489 -1.63250005245209 -1.45749998092651 -0.419999986886978 -0.842499971389771 -1.96000003814697 -1.78250002861023 -1.55499994754791 -1.41750001842641 -0.769999980926514 -0.839999973773956 -0.732500016689301 -0.5 0.26249981725044 0.127499997615814 0.204999998211861 0.152500003576279 0.232500001788139 1.39750003814697 1.44500005245209 1.2150000333786 0.660000026226044
-3.5074999332428 -3.67499995231628 -3.85999989509582 -3.82750010490417 -3.75250005722046 -3.39750003814697 -3.39249992370606 -3.46749997138977 -3.35999989509583 -3.29250001905773 -2.98000001907349 -3.01500010490417 -2.96000003814697 -2.71499991416931 -2.29250001881216 -2.25500011302102 -2.44250011444092 -2.18249988555908 -2.02250003814697 -1.42750000953674 -1.28750002384186 -1.66499996185303 -1.6599999666214 -1.3474999666214 -1.48000001907349 -1.26250004768372 -0.852500021457672 -0.917500019073486 -1.17750001256279 -1.34249997138977 -1.375 -1.13750004768372 -0.572499990463257 -0.797500014305115 -0.722500026226044 -0.377499987285048 0.164999895773767 0.215000003576279 0.697499990463257 0.495000004768372 0.467500001192093 1.57749998569489 1.65499997138977 1.4650000333786 1.69749999046326
