SnowAccumulation_R/test/tmin/final_tmin_12_04_2009.asc
NCOLS 97 
NROWS 69 
XLLCORNER 52512.810182332 
YLLCORNER 5316225.2758522 
CELLSIZE 10000 
NODATA_value -9999 
[rows 40 to 59 of 69, columns 0 to 45 of 97]
-9999 -9999 -0.0900000035762787 -6.79999896823425 -7.28999982085334 -6.55000019073486 -7.03999996185303 -4.32000017166138 -4.07000017166138 -0.889999985694885 -5.71000003814697 -3.25999999046326 -4.98999977111816 -5.69999980926514 -6.15999984741211 -6.44000005722046 -4.96000003814697 -3.15000009536743 -2.92000007629395 -2.70000004768372 -2.29999995231628 -2.78999996185303 -1.54999995171863 -1.66999995670766 -1.38999998569489 -1.22000002856894 -1.22000002498371 -0.569999992847443 -0.529999971389771 0.0199999995529652 0.319999992847443 0.349999994039536 0.660000026226044 1.69000005722046 2.0699999332428 2.17000007629395 2.50999999046326 2.75999999046326 3.34999990463257 3.09999990463257 3.08999991416931 3.36999988555908 4.05000019073486 4.3600001335144 4.6399998664856 4.28999996185303
-9999 -9999 0.0599999986588955 -5.42000007629395 -5.82999986199323 -6.30999994277954 -4.96000003814697 -6.38999986648559 -5.48000001907349 -1.50999999046326 -5.36999988555908 -4.8899998664856 -4.09000015258789 -5.42999982833862 -5.55000019073486 -5.73999977111816 -4.78000020980835 -4.67999982833862 -2.77999997138977 -1.87999999523163 -1.75999999075797 -1.10000002672919 -1.27999997138977 -1.28999996185303 -1.22000002861023 -0.699999988079071 -0.509999990771456 -0.839999973773956 -0.519999980926514 -0.0599999986588955 0.200000002980232 0.370000004768372 0.790000021457672 1.52999997138977 2.15000009536743 2.26999998092651 2.49000000953674 2.64000010490417 2.88000011444092 3.05999994277954 3.28999996185303 3.59999990463257 4.23999977111816 4.51000022888184 4.67000007629395 4.67999982833862
-9999 -9999 -0.180000007152557 -4.59000015258789 -5.96999979019165 -5.87000034908434 -6.38000011444092 -5.46000003814697 -5.05999984041486 -2.64000010490417 -4.53999996185303 -2.16000012209399 -2.70000004768372 -4.67999982833862 -4.53999996185303 -5.78999996185303 -3.63000011444092 -5.71000003119233 -1.50000001470278 -1.14999997805542 -0.379999995231628 -0.5 -0.589999973773956 -0.56999999291127 -0.540000021535921 -0.519999980926514 -0.800000011920929 -1.1599999666214 -0.829999983310699 0.00999999977648258 0.46000000834465 0.759999990463257 1 1.52999997138977 2.20000004768372 2.3199999332428 2.84999990463257 2.9300000667572 3.20000004768372 3.15000009536743 3.19000005722046 3.90000009536743 4.36999988555908 4.53000020980835 4.71999979019165 4.86999988555908
-9999 -9999 -2.55999994277954 -5 -4.88000011444092 -6.03999996185303 -5.30000026021804 -5.57000017166138 -3.02999997138977 -4.32999992370605 -2.47000002861023 -3.96000003814697 -5.09999990463257 -5.44999980926514 -3.94000005722046 -4.96999979019165 -2.84999990463257 -4.65999984741211 -1.10000002384186 -0.0399999991059303 1.25 0.0199999995529652 -0.389999985694885 -0.0199999995529652 -0.150000005960464 -0.230000004172325 -0.829999983310699 -2.08999991416931 -0.829999983310699 -0.0399999991059303 0.5 1.08000004291534 1.04999995231628 1.64999997615814 2.21000003814697 2.67000007629395 2.91000008583069 2.99000000953674 3.23000001907349 2.9300000667572 3.34999990463257 3.99000000953674 4.44999980926514 4.59000015258789 4.82000017166138 4.96000003814697
-9999 -9999 0.100000001490116 -4.15999984741211 -4.61999988555908 -6.21000003814697 -4.67999982833862 -5.3800006460608 -2.14000010490417 -2.46000003814697 -0.720000028610229 -2.22000002861023 -3.29999995231628 -3.74000000953674 -5.11999988555908 -4.48000001907349 -2.6800000667572 -3.75 -0.310000002384186 0.230000004172325 0.330000013113022 -0.189999997615814 -0.189999997615814 0.109999999403954 1.11000001430511 0.300000011920929 0.219999998807907 -0.360000014142405 -0.360000014305115 0.28999999165535 0.600000023841858 0.829999983310699 1.26999998092651 1.95000004768372 2.0699999332428 2.66000008583069 3.00999999046326 3.27999997138977 3.29999995231628 3.4300000667572 3.78999996185303 4.05999994277954 4.55000019073486 4.73000001907349 4.94000005722046 5.11999988555908
-9999 -9999 0.490000009536743 -3.92000045953181 -5.34000015258789 -5.53000020980835 -5.65000009675082 -5.03999996185303 -4.74999970146941 -3.97999997721985 -0.800000011920929 -2.47000002861023 -3.4900000120643 -5.13000011444092 -5.59000015258789 -3.77999997138977 -2.53999996185303 -2.77999997138977 -0.360000014305115 -0.310000002384186 -0.170000001788139 -0.0799999982118607 -0.259999990463257 0.639999985694885 0.389999985694885 0.389999985694885 0.720000028610229 0.0100000002655186 -0.150000005810754 0.270000010728836 0.680000007152557 0.949999988079071 1.69000005722046 2.27999997138977 2.36999988555908 2.76999998092651 2.9300000667572 3.3199999332428 3.52999997138977 3.67000007629395 4.01000022888184 4.3899998664856 4.57999992370605 4.80000019073486 5.01000022888184 5.21999979019165
-9999 -9999 0.980000019073486 -5.01999998092651 -4.53999996185303 -3.97000002861023 -4.40999984741211 -5.05000019073486 -5.23999977111816 -2.29999974410555 -0.899999976158142 -2.51999998092651 -3.72000002861023 -4.88000011444092 -4.44000005722046 -4.32999992370605 -2.82999992370605 -3.51999998092651 -3.85999989509582 -0.370000004768372 0.159999996423721 0.300000011920929 0.620000004768371 0.800000011920929 0.970000028423605 0.970000028610229 0.829999984515867 0.259999990463257 -0.46000000834465 0.400000005960464 1.08000004291534 1.32000005245209 1.87999999523163 1.95000004768372 2.42000007629395 2.89000010490417 3.00999999046326 3.54999995231628 3.67000007629395 3.75 4.09999990463257 4.46000003814697 4.73000001907349 4.82999992370605 5.07999992370606 4.94999980926514
-9999 -9999 1.39999997615814 -4.63000011444092 -3.51999998092651 -3.72000002861023 -3.75999999046326 -5.23000001907349 -4.26999998092651 -1.51999998092651 -0.730000046866612 -2.03999996185303 -3.89000010490417 -4.57999992370605 -3.75999999046326 -3.96000003814697 -2.63000011444092 -2.19000005722046 0.309999822925966 -0.629999995231628 -1.12999999523163 -0.0599999986588955 0.449999988079071 0.680000007152557 1.0800000423798 1.12000000468328 0.939999997615814 0.629999995231628 0.939999997615814 0.939999997615814 1.0900000333786 1.41999995708466 1.76999998092651 1.80999994277954 2.48000001907349 2.96000003814697 3.20000004768372 3.78999996185303 3.80999994277954 3.74000000953674 4.1100001335144 4.48999977111816 4.82000017166138 4.78999996185303 5.01999998092651 4.84000015258789
-9999 -2.14000010490417 1.45000004768372 -2.75999999046326 -4.08000001019008 -3.3199999332428 -4.55000019073486 -4.65999973828625 -2.79999995231628 -1.0900000333786 -0.879999994244164 -2.05999982538067 -4.34000015258789 -3.5 -2.73000001907349 -3.4300000667572 -2.25999999046326 -2.23000001907349 -3.08999991416931 -0.349999994039535 -0.670000016689301 0.119999997317791 0.589999973773956 0.839999973773956 1.05999994277954 1.24000000953674 1.28999996185303 1.37999999523163 1.37000000476837 1.46000003814697 0.990000009634096 1.32000005245209 1.49000000949867 2.04999995231628 2.50999999046326 3.02999997138977 3.86999988555908 4.15999984741211 3.83999991416931 3.77999997138977 4.30000019073486 4.59000015258789 4.75 4.71999979019165 4.78000020980835 4.53999996185303
-9999 -0.100000001490116 1.37999999523163 -3.65000009536743 -3.3199999332428 -3.98000001907349 -2.3199999332428 -2.25999999046326 -1.75999999046326 -0.930000007152557 -1.02999997138977 -1.30999994277954 -3.93000001850074 -1.4600000388246 -1.29999995231628 -2.20000004768372 -2.19999985627373 -0.930000007152557 -2.09999990463257 0.510000022849695 0.370000004768372 0.439999997615814 0.800000011920929 0.990000009536743 1.25999999046326 1.86000001430511 1.44000005722046 1.37999999523163 1.33000004291534 1.14999997606213 1 1.10000002384186 1.13999998569489 1.73000001907349 2.32999992370605 3.03999996185303 3.61999988555908 4.01999998092651 3.85999989509582 3.90000009536743 4.3600001335144 4.8600001335144 4.63000011444092 4.59000015258789 4.48000001907349 3.98000001907349
-9999 -4.13000011444092 -1.59999906309897 -3.02999997138977 -4.82999992370605 -4.03999996185303 -3.88000011444092 -3.51999998092651 -2.70000004768372 -1.50999999046326 -1.39999997615814 -1.67999994754791 -1.25999999046326 -1.08000004291534 -1.13999998569489 -2.09999990463257 -1.37999999523163 -0.490000009536743 -0.970000028610229 1.17999994659303 0.660000026226044 0.189999997615814 0.819999992847443 1.20000004768372 2.22000002861023 2.13000011444092 1.78999996185303 1.40999996674839 1.4099999666214 0.699999988168229 0.75 0.629999995231628 0.930000007152557 1.36000001430511 2.05999994277954 2.4300000667572 3.15000009536743 3.69000005722046 3.73000001907349 3.84999990463257 4.1100001335144 4.25 3.95000004768372 3.84999990463257 4.23000001907349 3.6800000667572
-9999 -2.97000049728013 2.03999996185303 -2.55999994277954 -4.44000005722046 -3.07999992370605 -2.97000002861023 -3.30999994277954 -3.47999994020901 -1.32000005245209 -1.44000005722046 -1.5900000333786 -1.98000001907349 -0.860000014305115 -1.57000005245209 -0.159999978199974 -1.85000002384186 -0.879999995231628 -2.5 1.36000001430511 0.980000044250118 0.769999980926514 0.810000002384186 1.11000001430511 2.05999994231577 2.05999994277954 1.4900000098045 1.3400000333786 0.75000000055798 -0.189999997615814 0.5 0.529999971389771 0.819999992847443 1.12999999523163 1.85000002384186 2.11999988555908 2.51999998092651 2.97000002861023 3.40000009536743 3.46000003814697 3.36999988555908 3.44000005722046 3.61999988555908 3.70000004768372 3.50999999046326 2.92000007629395
-9999 -3.39000010490418 1.52999997138977 -0.280000001192093 -3.63000011444092 -2.03999996185303 -2.8199999332428 -2.94000005722046 -2.40000009536743 -1.41999995708466 -2.47000002861023 -1.48000001907349 -1.20000004768372 -1.10000002384186 -0.910000026226044 -0.180000007152557 -1.6299999696631 -1.28999996185303 -2.15000009536743 0.569999992847443 1.57000009011512 2.4300000667572 1.37999999523163 1.1599999666214 1.75999999046326 2.25 1.94000005722046 1.88999998569489 1.32000005245209 0.819999992847443 0.620000004783001 0.649999976148079 0.779999971389771 2.04999995231628 2.13000011443913 1.95000004768372 2.28999996185303 2.72000002861023 2.75999999046326 2.78999996185303 2.63000011444092 2.74000000953674 3.11999988555908 3.38000011444092 3.09999990463257 2.64000010490417
-9999 -3.08999991416931 -3.40000009536743 2.00999916126682 -3.20000004768372 -1.30999994277954 -1.94000005722046 -2.74000000953674 -1.96000003814697 -1.42999994754791 -2.02999997138977 -1.22000002861023 -1.02999997138977 -0.990000009536743 -0.400000009007088 0.0500000007450581 -0.46000000834465 -0.660000026226044 -0.819999992847443 -0.529999971389771 2.10999989509583 2.0699999332428 1.87000000908179 1.82000005245209 2.16000008583069 2.25 2.42000007629395 2.07999992370606 1.67999994754791 1.02999997138977 0.829999983305826 0.649999976158142 1.64999997615814 1.69000005722046 1.73000001906803 1.77999997138977 1.80999994277954 1.96000003814546 2.14000010490417 2.17000007629395 2.15000009536743 2.75 2.41000008583069 3.07999992370605 2.47000002861023 2.6800000667572
-9999 -2.86999988555908 -1.6599999666214 1.87000000476837 -0.239999994635582 -1.25999999046326 -1.50999999046326 -1.95000004768372 -1.48000001907349 -1.28999996185303 -2.05999994277954 -1.13999998569489 -0.870000004768372 -0.860000014305115 -0.400000005960464 -0.479999989271164 -0.730000019073486 -1.60000002384186 -0.800000011920929 -1.34999994657538 -0.209999994495601 2.06999985257522 2.0699999332428 2.23000001907349 2.30999994277954 2.09999990463257 2.25 2.25999999046326 1.91999995708466 0.980000019459752 0.779999971389771 0.810000002384186 1.07000005245209 1.11000001430511 1.27999997138977 1.39999997615814 1.42999994754791 1.64999997615617 1.74000000953674 1.83000004291534 1.74000000953674 1.83000004291534 2.10999989509583 2.26999998092654 2.57999992370605 2.65000009536743
-9999 -2.53999985085449 -1.88999998569489 -0.409999996423721 2.5699999332428 -1.16999995708466 -0.340000003576279 -1.25 -1.62999999523163 -1.75 -1.54999995231628 -1.08000004291534 -0.860000014305115 -0.479999989271164 -0.00999999977648258 -0.479999989271164 -0.219999998807907 -1.12999999523163 -0.159999996423721 1.49000000953674 -0.200000002980232 -0.600000012340908 -1.3400000333786 2.16000008234372 2.29999995231628 2.32999992370605 2.25999999046326 2.14000010490417 1.98000001970026 1.49000000953674 0.930000007152557 0.920000016689301 1 0.959999978542328 0.759999990463257 0.819999992847443 1.05999994277954 1.25999999046122 1.46000003814697 1.54999995231628 1.58000004291534 1.54999995231628 2.08999991416931 2.27999997138977 2.52999997138977 2.55999994277954
-9999 -1.95249998569489 -2.29749989509583 0.0199999995529652 0.0974999899839153 0.490000009536743 -0.340000003576279 -1.00999999046326 -1.01999998092651 -1.11000001430511 -0.870000004768372 -1.30999994277954 -1.30999994256072 -0.189999997615814 0.449999988079071 0.340000003576279 -0.589999973773956 -1.22000002861023 -0.0599999986588955 1.87999999523163 -0.330000013113022 -0.990000009536743 -1.02999997180547 2.13000011444092 2.63000011444092 2.3199999332428 2.1800000667572 2.25 2.17000007629395 1.79999995231628 1.58000004291534 0.959999978542328 0.819999992847443 1 0.959999978542328 0.850000023841858 0.790000021457672 0.860000014305115 1.12000000476837 1.35000002384186 1.6000000238418 1.82000005245209 2.09999990463257 2.16000008583073 2.34999990463257 2.50999999046326
-9999 -1.0974999666214 -1.43250000476837 -0.879999995231628 0.0974999964237213 0.865000009536743 0.400000005960464 -0.354999978654824 -1.26250004768372 -2.19250011444092 -1.28999996185303 -1.60000002384186 -1.44749999046326 -0.479999989271164 -0.644999980926514 -1.43249999869355 -2.64499998092651 -2.87249994277954 -2.64000010490417 -2.75250005722046 -2.2574999332428 -3.34750008583069 -3.21499991416931 -2.18249988555908 0.0499999555099466 1.25 1.87000000476837 1.98000001907349 1.75 1.66999995708466 0.879999995231629 0.589999973773956 0.689999997615814 0.879999995231629 0.649999976158142 0.46000000834465 0.740000009536743 0.850000023841858 0.870000004768372 1.12000000476837 1.04999995231625 1.33000004291534 1.38999998569489 1.49000000953674 1.69000005722046 2.01999998092651
-9999 -1.29250001907349 -0.737500204327547 -1.98249995708466 0.987500011920929 0.867500007152557 1.55750000476837 0.377499997615814 -1.0900000333786 -1.20249998569489 -1.76250005196792 -1.42250001430511 -1.33000004291534 -0.25 -0.942499995231628 -1.07000005245209 -1.50250005722046 -2.79749989509583 -2.71250009751108 -2.82999992370605 -3.11500000953674 -3.19250011444092 -3.32999992370605 -2.95250010490418 -3.27250003814697 -4.17000007629395 -1.04250001755727 -1.65250003104874 -1.27499997615814 -1.1249999999689 -0.805000007152557 -0.409999996423721 -0.572499990463257 -0.174999997019768 0.27250000834465 0.307500004768372 0.292499989271164 0.41499999165535 0.552500009536743 0.977500021457672 0.587499976159522 1.12000000476837 1.00250005722046 1.33500003814747 1.84249997138977 2.14499998092651
-9999 -1.75750005245209 -1.16750001907349 -1.53750002384186 1.39999997615814 0.679999973827913 0.867500007152557 -0.362500011920929 -0.0399999991059303 -1.06500005722046 -2.3125 -0.997500002384186 -0.0500000007450581 -0.370000004768372 -0.877499997615814 -0.405000001192093 -0.215000003576279 -2.625 -3.25500011444092 -3.03999996185303 -3.89249992370606 -3.64499995446778 -3.04749989509583 -3.08249998092651 -3.18499994277954 -2.89249992370605 -1.51499998569489 -1.43499994277954 -1.70500004291534 -0.894999981495133 -0.922500014305115 -0.647499978542328 -0.560000002384186 -0.0825000032782555 0.0800000131130219 -0.0224999897181988 0.33500000834465 0.509999990463257 0.152500003576279 0.5625 0.0100000295790483 0.180000007152557 0.720000028610229 1.1525000333786 1.78250002861023 2.01749992370605
