SnowAccumulation_R/test/tmin/final_tmin_05_04_2009.asc
NCOLS 97 
NROWS 69 
XLLCORNER 52512.810182332 
YLLCORNER 5316225.2758522 
CELLSIZE 10000 
NODATA_value -9999 
[rows 40 to 59 of 69, columns 45 to 89 of 97]
-5.01999998092651 -4.63000011444092 -4.57999992370605 -4.59000015258789 -5.09000015258789 -5.15000009536743 -5.21000003814697 -6.44999980926514 -6.59999990463257 -6.90000009536743 -7.1100001335144 -7.17000007629394 -7.28000020980835 -7.32999992370605 -7.32999992369457 -7.28999996185303 -7.25 -7.21000003814697 -7.23999977111816 -7.30000019073486 -7.40999984741211 -7.48000001907349 -7.6399998664856 -7.75 -7.82000017166138 -8 -8.14000032881492 -8.02999973328114 -8.13000011444092 -8.14999961853027 -8.17000007625472 -8.19999980926514 -8.1899995803833 -8.10999965667725 -8.03999996185303 -7.96999979019165 -7.88000011444092 -7.86000013351441 -7.94999980926514 -8.14999961853027 -8.17000007629395 -7.96999979019165 -7.94999980926514 -7.8899998664856 -7.78999996185303
-4.65999984741211 -4.53999996185303 -4.5 -4.48000001907349 -4.67999982833862 -4.76000022888184 -5.05999994277954 -6.21999979019165 -6.38000011444092 -6.67999982833862 -6.8899998664856 -6.96999979019165 -7.13999986648559 -7.25 -7.26999998093224 -7.28000020980835 -7.25 -7.23000001907349 -7.26000022888184 -7.26999998092651 -7.28000020980835 -7.30000019073486 -7.34999990463257 -7.46999979019165 -7.55999994277954 -7.59999990463257 -7.82000017166138 -7.90000009536743 -8.03999996185303 -8.06999969482422 -8.07999992370605 -8.10999965667725 -8.18000030517578 -8.19999980926514 -7.96999979019165 -8 -7.67000009696994 -7.53000020980835 -7.42000007629395 -7.6900000224968 -7.63999986648559 -7.84999990463257 -7.98000001907349 -8.02999973297119 -8.10000038146973
-4.32999992370605 -4.26999998092651 -4.23999977111816 -4.11999988555908 -4.42999982833862 -4.78999996185303 -4.92000007629395 -6.03999996185303 -6.21999979019165 -6.51000022888184 -6.73999977111816 -6.80999994277954 -7.03000020980835 -7.15000009536743 -7.19999980926514 -7.23000001907349 -7.26000022888184 -7.26000022885326 -7.25 -7.21000003814697 -7.15000009585518 -7.11999988555908 -7.03999996185303 -7.17000006716524 -7.1399998664856 -7.48999977111816 -7.78999996185303 -7.88000011444092 -8 -8.0600004196167 -8.0600004196167 -8.03999996185303 -8.10000038146973 -8.10999965667725 -8.02999973297119 -8.02999973297119 -8.02999973297119 -7.59000015258789 -7.26999998092651 -7.48999977111816 -7.65000009536743 -7.84000015258789 -7.92999982833862 -8.14999961853027 -8.40999984741211
-4.23999977111816 -4.17999982833862 -4.15000009536743 -4.1100001335144 -4.19999980926514 -4.78000020980835 -5 -5.75 -5.96000003814697 -6.32000017166138 -6.61999988555908 -6.73000001907349 -6.92000007629395 -7.09000015258789 -7.1399998664856 -7.21999979019165 -7.26000022888184 -7.28999996185303 -7.23000001907349 -7.19999980926514 -7.15000009519264 -7.01999998326868 -6.92000007629395 -6.94000005774748 -7.21000003814697 -7.53999996185303 -7.75 -7.84999990463257 -7.98000001907349 -8.05000019073486 -8.06999969482422 -8.02000045776367 -8.01000022888184 -8.02000045776367 -7.96000003814697 -7.8899998664856 -7.86999988555908 -7.96999979019165 -7.78000020980835 -7.84999990463257 -7.78999996185303 -7.90999984741211 -7.98000001907349 -8.15999984741211 -8.32999992370605
-4.1100001335144 -4.05000019073486 -3.90000009536743 -4.01000022888184 -4.38000011444092 -4.73000001907349 -4.92999982833862 -5.53000020980835 -5.73000001907349 -6.1100001335144 -6.42999982833862 -6.57000017166138 -6.82999992370606 -7.05000019073486 -7.13000011444092 -7.25 -7.32999992370605 -7.34999990463257 -7.30000019073486 -7.26999998092651 -7.23000002272299 -7.30999994277954 -7.32999992370605 -7.3600001335144 -7.53000020980835 -7.65999984741211 -7.75 -7.88000011444092 -7.94999980926514 -7.98000001917135 -8.0600004196167 -8.03999996185303 -8.01000022888184 -7.94000005722046 -7.88000011444092 -7.84000015258789 -7.78000020980835 -7.88999986893328 -8.10000036806279 -8.19999980926514 -8.01000022888183 -8.03999999684429 -8.0600004196167 -8.14999961853027 -8.19999979304513
-4.01999998092651 -3.88000011444092 -3.84999990463257 -3.89000010490417 -3.91000008583069 -4.38999986648559 -4.78999996185303 -5.26999998092651 -5.51999998092651 -5.94999980926514 -6.34999990463257 -6.55000019073487 -6.80000019073486 -7.05999994277954 -7.15999984741211 -7.30999994277954 -7.40000009536743 -7.42999982926133 -7.46999979249751 -7.63999986648559 -7.61000013351441 -7.63000011444092 -7.67000007629395 -7.69999980926514 -7.76999998092651 -7.90999984741211 -7.96000003814697 -8.06999969482422 -8 -8.01000022888184 -8.02999973297119 -8.01000022888184 -8 -8.03999996185303 -7.96000003814697 -7.88000011444092 -7.96000002809883 -8 -8.09000015258789 -8.23999977111816 -8.42000007629395 -8.5600004196167 -8.23999977111816 -8.23999977111816 -8.21000003814697
-3.85999989509582 -3.90000009536743 -3.84999990463257 -3.71000003814697 -3.61999988555908 -3.61999988555908 -4.69000005722046 -4.86000013352183 -5.46999979019165 -5.92000007629395 -6.30000019073486 -6.53000020980835 -6.84000015258789 -7.07000017166138 -7.15999984741211 -7.42999982863572 -7.80000019073486 -7.84000015258789 -7.84000015258789 -7.86999988555908 -7.8899998664856 -7.94999980926514 -7.98999977111816 -8.01000022888184 -8.01000022888184 -7.98999977111816 -8.02999973297119 -8.10999965667724 -8.09000015258789 -8.10000038146973 -8.09000015258789 -8.0600004196167 -8.05000019073486 -8.10999965667725 -8.01000022888184 -8.05000019073486 -8.07999992370606 -8.02999973297119 -8.10999965667725 -8.36999988555908 -8.52999973297119 -8.52999973297119 -8.5600004196167 -8.31999969482422 -8.3100004196167
-3.82999992370605 -3.84999990463257 -3.83999991416931 -3.73000001907349 -3.72000002861023 -4.26000022888184 -4.8899998664856 -4.8600001335241 -5.59000015258789 -5.96000003814697 -6.11000013354314 -6.55000019073486 -6.88000011472353 -7.00000000039488 -7.59000015258789 -7.94000005722046 -7.94000005714402 -7.8899998664856 -8.03999996185303 -8.17000007629395 -8.19999980926514 -8.28999996185303 -8.27000045776367 -8.27000045776367 -8.23999977111816 -8.1899995803833 -8.21000003814697 -8.22000026702881 -8.26000022888184 -8.27000045776367 -8.17000007629394 -8.10000038157607 -8.09000015258789 -8.10000038146973 -8.11999988555908 -8.11999988555908 -8.11999988555908 -8.10999965667725 -8.17000007629395 -8.27999973297119 -8.38000011444092 -8.60000038146973 -8.76000022888184 -8.73999977111816 -8.39999961853027
-3.90000009536743 -3.88000011444092 -3.82999992370605 -3.78999996185303 -3.97000002861023 -4.82999992370605 -5.23000001907349 -5.19000005722968 -5.88000011444092 -6.15000009543542 -6.25000000019899 -7.55000019073486 -8.10999965667725 -7.96000003816721 -8.0600004196167 -8.02999973297119 -8.0100002288271 -7.94999980926514 -8.18000030517578 -8.30000019095138 -8.42000007629395 -8.52999973297119 -8.53999996176552 -8.51000022888184 -8.47999954223633 -8.46000003814697 -8.44999980926514 -8.43000030517578 -8.43000030517578 -8.36999988555908 -8.27999973297119 -8.19999980926514 -8.15999984741211 -8.18000030517578 -8.15999984741211 -8.13000011444092 -8.13000011444092 -8.07999992370605 -8.1899995803833 -8.3100004196167 -8.38000011444092 -8.60999965667724 -8.8100004196167 -8.77999973297119 -8.72999954223633
-4.23000001907349 -3.94000005722046 -3.89000010490417 -3.86999988555908 -4.69999980926514 -5.1100001335144 -5.57000017166138 -6.73999977111816 -7.03000020980835 -7.44000005722046 -8.35999965667725 -9 -8.61999988555908 -8.39000034332275 -8.11999988555908 -8.03999996185303 -8.02999973297119 -8.01000022888184 -8.32999992370605 -8.44999980926514 -8.67000007629395 -8.80000019073486 -8.88000011444092 -8.85000038146973 -8.78999996185303 -8.77000045776367 -8.65999984741211 -8.5600004196167 -8.52999973297119 -8.40999984741211 -8.30000019073486 -8.25000000764419 -8.23999977111816 -8.18000030517578 -8.18000030517578 -8.11999988555908 -8.07999992370605 -8.0600004196167 -8.1899995803833 -8.40999982458786 -8.48999977111816 -8.53999996185303 -8.67000005460693 -8.6899995803833 -8.61999988555908
-4.34999990463257 -4.03000020980835 -4.05000019073486 -4.17000007629394 -4.34000015258789 -5.30000019073486 -5.80000019073486 -6.96999979019165 -7.40999984741211 -8.10999965667725 -8.35999965667725 -8.6899995803833 -8.35000038146973 -8.11999988555908 -7.8899998664856 -7.8899998664856 -7.80999994277954 -8.0600004196167 -8.46000003814697 -8.64000034332275 -8.94999980926514 -9.17000007629395 -9.22999954223633 -9.31999969482422 -9.14000034332275 -9.07999992370605 -8.86999988555908 -8.68000030517578 -8.59000015258789 -8.5 -8.34000016037576 -8.34000015258789 -8.22999954223633 -8.17000007692235 -8.15999984741211 -8.10999965667725 -8.10000038146973 -8.10000038146972 -8.14999961853027 -8.30000019073486 -8.39999961853027 -8.44999980926513 -8.52999973297119 -8.57999992370605 -8.60000038146973
-4.55999994277954 -4.53000020980835 -4.32000017166138 -4.28000020980835 -4.46000003814697 -6.34000015258789 -6.78000020980835 -7 -7.25 -7.55999994277954 -7.90000009536743 -7.86999988555908 -7.63000011444092 -7.69000005722046 -7.44999980926514 -7.51999998092651 -7.69000005722046 -8.10999965667725 -8.56999969482422 -8.76000022888184 -9.15999984741211 -9.5 -9.60999965667725 -9.63000011444092 -9.47000026702881 -9.28999996185303 -9.05000019073486 -8.8100004196167 -8.72999954223633 -8.61999988555908 -8.49999999982169 -8.39000034332275 -8.27999973297119 -8.18000030517578 -8.10000038146973 -8.03999996185303 -8.0600004196167 -8.03999996185303 -8.05000019073486 -8.11999988555908 -8.27999973297119 -8.30000019073486 -8.36999988555908 -8.42000007629395 -8.51000020878749
-4.71000003814697 -4.71999979019165 -4.42000007629395 -5.78999996185303 -5.78000020980835 -6.01000022888184 -6.34999990463257 -6.61000013351441 -6.86000013351441 -7.05000019073486 -7.17000007629394 -7.28000020980835 -7.19000005722046 -7.09999990463257 -7.01000022888184 -7.3899998664856 -7.59999990463257 -8.09000015258789 -8.59000015258789 -8.81999969482422 -9.3100004196167 -9.75 -9.88000011444092 -9.88000011444092 -9.76000022814852 -9.47999954223633 -9.1899995803833 -9.06999969482422 -8.93000030517578 -8.65999984741211 -8.56999969482422 -8.4399995803833 -8.35000038146973 -8.22999954223633 -8.09000015258789 -8.05000019073487 -8.02000045776367 -8.13000011444092 -8.17000007753991 -8.13000011444092 -8.14000034332275 -8.18000030517578 -8.3000001354255 -8.46000003814697 -8.5
-4.96000003814697 -4.8899998664856 -5.01999998092651 -5.53999996185303 -5.71999979019165 -5.8600001335144 -6.1100001335144 -6.28999996185303 -6.57000017166138 -6.75 -6.80000019073486 -6.94000005722046 -6.94999980926514 -6.94000005722046 -6.96999979019165 -7.34000015258789 -7.55000019073486 -8.05000019073487 -8.31000042011521 -8.81999969482422 -9.35999965667724 -9.64000034441963 -10.210000038147 -9.98999977111816 -9.78999996185303 -9.55000019073486 -9.32999991850053 -9.22000026702881 -9 -8.8100004196167 -8.72999954223633 -8.60999965667724 -8.47999954223633 -8.32999992370605 -8.14999961853027 -7.90000009874281 -7.8899998664856 -7.96000003814697 -8.10999965667725 -8.13000011444092 -8.11999988555908 -8.16000001775823 -8.35000038146973 -8.27000045776367 -8.32999992370605
-5.03999996185303 -5 -5.17000007629395 -5.40000009536743 -5.55999994277954 -5.80999994277954 -5.96999979019165 -6.17000007629395 -6.38999986648559 -6.57999992370605 -6.61999988555908 -6.80000019073486 -6.84999990463257 -6.90000009536743 -7.03999996185303 -7.17000007643189 -7.53999996185303 -8.02000045776367 -8.27000045822517 -8.76000022888184 -9.23999977111816 -9.47999954223633 -9.85999965667725 -9.6899995803833 -9.5600004196167 -9.05000019073486 -9.02000045776367 -9.10000038146973 -9.05000019073486 -8.85000038146973 -8.8100004196167 -8.63000011444092 -8.5 -8.32999992370605 -8.05000019073486 -7.92999982833862 -7.75 -7.8600001335144 -7.96000003814697 -8.09000015258789 -8.27999973297119 -8.30000019073486 -8.3100004196167 -8.27000048664871 -8.1899995803833
-5.21000003814697 -5.21000003814697 -5.32000017166138 -5.51000022888184 -5.53999996185303 -5.69999980926514 -5.90000009536743 -5.98000001907349 -6.21999979019165 -6.44999980926514 -6.48000001907349 -6.71000003814697 -6.92999982833862 -6.92999982833862 -7.05000019073486 -7.17000007642405 -7.51000022888184 -7.92999982833862 -8.15999984741211 -8.60999965667725 -9.01000022888184 -9.18000030517578 -9.39000034332275 -9.19999979556921 -8.64999961853027 -8.5600004196167 -8.78999996185303 -8.96000003814697 -8.89000034332275 -8.85000038064504 -8.61999988555908 -8.47000026702881 -8.34000015258789 -8.14999961853027 -8.02999973297119 -7.8600001335144 -7.73000001907349 -7.82999992370605 -7.90999984741211 -8.05000021131079 -8.10999965667724 -8.19999980926514 -8.18000030517578 -8.23999977111816 -8.18000030517578
-5.3899998664856 -5.40999984741211 -5.44000005722046 -5.55000019073486 -5.57999992370605 -5.63000011444092 -5.82000017166138 -5.90999984741211 -6.07999992370605 -6.34000015258789 -6.44000005722046 -6.55999994277954 -6.69000005724814 -6.90000009536743 -7.07999992370606 -7.21000003814697 -7.48999977111816 -7.84999990463257 -8.02999973297119 -8.39999961853028 -8.6899995803833 -8.80000018419948 -8.5 -8.28999996185303 -8.19999980926514 -8.3100004196167 -8.35000038234547 -8.68000030517578 -8.65999984741211 -8.59000015258789 -8.42000007629394 -8.28999996185303 -8.26000022888183 -8.06999969482422 -8.01000022905454 -7.90000009536743 -7.73000001907349 -7.76000022888184 -7.86999949642413 -6.86499977111816 -7.12750005722046 -6.80999994277954 -6.51249980926514 -6.69250011444092 -6.85750007629395
-5.69999980926514 -5.63000011444092 -5.48000001907349 -5.5 -5.55000019073486 -5.63000011444092 -5.78000020980835 -5.8899998664856 -6 -6.21000003814697 -6.34000015258789 -6.48999977111816 -6.6100001335144 -6.78000020980835 -7.1399998664856 -7.25 -7.48000001907349 -7.76999998092651 -7.92000007629395 -8.18999957306252 -7.63999986648559 -7.73750019073486 -7.87249994277954 -7.51749992355285 -7.84250020980835 -7.86749982833862 -7.55249977111816 -6.96750020980835 -8.02750015258789 -7.83500003814697 -7.76249980926514 -7.70749998092651 -7.44999980926514 -7.65000009536743 -7.66499996185303 -6.9524998664856 -7.13500022888184 -7.05749985003798 -7.1875 -7.13250017166138 -7.1875 -6.5625 -6.2350001335144 -6.41499996185303 -6.82499980926514
-6.75500011444092 -6.73999977111816 -7.01000022888184 -6.90999984741211 -7.20499992370606 -7.66249990463257 -7.67999982833862 -7.66499996185303 -7.9225001335144 -7.77250003814977 -7.89750003814697 -7.88749980926514 -8.06750011444092 -7.75250005722046 -7.9225001335144 -8.01749992370605 -7.94500017166138 -7.72249984750387 -7.62249994277954 -7.52250003814697 -7.66249990493892 -7.80000019073486 -7.59000015258789 -7.80249977111816 -7.77750015258789 -7.66499996185303 -6.90749979019165 -7.17749977111817 -7.78249979019165 -7.49749994277954 -7.46999979019165 -7.55000019142 -7.31500005722046 -7.45499992370605 -7.40999984741211 -7.34499979019165 -6.80249994709234 -7.00500011444092 -7.01749992370605 -7.14499998092651 -7.1875 -6.11999988555908 -6.08750009536743 -6.2350001335144 -6.97499990463257
-6.41499996185303 -6.5475001335144 -6.78749990463257 -7.02750015258789 -7.21500015258789 -7.28749990463257 -7.52250003814697 -7.79750013351441 -7.91249990463257 -7.93249988554835 -7.72249984741211 -7.68499994277954 -7.84499979019165 -7.7975001335144 -7.71999979025163 -7.80249977046527 -7.88000011444092 -7.75250005722046 -7.65250015258789 -7.38749980926514 -7.3125 -7.71999979019165 -7.80000019073486 -7.57499980926514 -7.71500015258789 -7.57250022888184 -7.35750007629395 -7.22249984741211 -7.30499982945593 -7.11999988555908 -7.3600001335144 -7.41499996185303 -7.15000009536743 -7.49499988555908 -7.51249980926514 -7.27500014185579 -7.04250009404767 -7.01000022888184 -6.54500007629395 -6.76749992370605 -6.87750005722046 -5.88500022888184 -5.92749977111816 -6.09999990463257 -6.00250005722046
