SnowAccumulation_R/test/tmin/final_tmin_26_04_2009.asc
NCOLS 97 
NROWS 69 
XLLCORNER 52512.810182332 
YLLCORNER 5316225.2758522 
CELLSIZE 10000 
NODATA_value -9999 
[rows 40 to 59 of 69, columns 45 to 89 of 97]
-2.42000007629395 -2.30999994277954 -2.21000003814697 -2.25 -2.34999990463257 -2.42000007629395 -2.46000003814697 -1.92999994754791 -1.80999994277954 -1.62000000476837 -1.39999997615814 -1.28999996185303 -1.1599999666214 -1.05999994277954 -0.970000028547066 -0.740000009536743 -0.509999990463257 -0.200000002980232 -0.119999997317791 0.0700000002980232 0.280000001192093 0.430000007152557 0.740000009536743 0.759999990463257 0.720000028610229 0.660000026226044 0.540000038256168 0.689999996995914 0.600000023841858 0.720000028610229 0.749999999921548 0.720000028610229 0.779999971389771 0.949999988079071 1.04999995231628 1.12999999523163 1.21000003814697 1.21000003814697 1.17999994754791 1.10000002384186 1.07000005245209 0.889999985694885 0.720000028610229 0.649999976158142 0.490000009536743
-2.66000008583069 -2.27999997138977 -2.30999994277954 -2.27999997138977 -2.40000009536743 -2.53999996185303 -2.78999996185303 -2.04999995231628 -1.9099999666214 -1.67999994754791 -1.37999999523163 -1.26999998092651 -1.14999997615814 -1.01999998092651 -0.930000007100983 -0.730000019073486 -0.449999988079071 -0.219999998807907 -0.180000007152557 0.0299999993294477 0.270000010728836 0.389999985694885 0.5 0.560000002384186 0.449999988079071 0.540000021457672 0.660000026226044 0.730000019073486 0.680000007152557 0.819999992847443 0.860000014305115 0.870000004768371 0.759999990463257 0.730000019073486 1.0900000333786 0.959999978542328 1.25999997077183 1.35000002384186 1.37000000476837 1.24000002689857 1.13999998569489 0.870000004768372 0.550000011920929 0.400000005960464 0.0900000035762787
-2.26999998092651 -2.27999997138977 -2.33999991416931 -2.20000004768372 -2.57999992370605 -2.98000001907349 -3.11999988555908 -2.25 -2.13000011444092 -1.78999996185303 -1.46000003814697 -1.25999999046326 -1.13999998569489 -0.949999988079071 -0.870000004768372 -0.649999976158142 -0.479999989271164 -0.370000004568353 -0.180000007152557 0.0199999995529652 0.200000001679547 0.280000001192093 0.180000007152557 0.449999973838288 0.230000004172325 0.479999989271164 0.400000005960465 0.479999989271164 0.660000026226044 0.779999971389771 0.860000014305115 1 0.899999976158142 0.889999985694885 0.970000028610229 0.899999976158142 0.850000023841858 1.20000004768372 1.35000002384186 1.25999999046326 1.10000002384186 0.819999992847443 0.639999985694885 0.200000002980232 -0.28999999165535
-2.15000009536743 -2.15000009536743 -2.22000002861023 -2.40000009536743 -2.61999988555908 -2.98000001907349 -3.24000000953674 -2.15000009536743 -2.03999996185303 -1.78999996185303 -1.51999998092651 -1.36000001430511 -1.10000002384186 -0.910000026226044 -0.819999992847443 -0.629999995231628 -0.46000000834465 -0.409999996423721 -0.140000000596046 -0.0399999991059303 0.0500000008615898 0.0199999933781799 -0.159999996423721 -0.230000003645307 0.00999999977648258 0.150000005960464 0.469999998807907 0.540000021457672 0.6700000166893 0.790000021457672 0.829999983310699 1.03999996185303 1.10000002384186 1.07000005245209 1.12999999523163 1.12999999523163 1.11000001430511 0.899999976158142 1.12999999523163 1.02999997138977 1.01999998092651 0.759999990463257 0.579999983310699 0.140000000596046 -0.349999994039535
-1.87000000476837 -1.8400000333786 -1.99000000953674 -2.29999995231628 -2.57999992370605 -2.89000010490418 -3.00999999046326 -2.10999989509583 -1.95000004768372 -1.6599999666214 -1.37999999523163 -1.25 -1.04999995231628 -0.889999985694885 -0.810000002384186 -0.649999976158142 -0.540000021457672 -0.469999998807907 -0.219999998807907 -0.159999996423721 -0.170000006231013 -0.259999990463257 -0.409999996423721 -0.400000005960464 -0.28999999165535 0.150000005960464 0.270000010728836 0.550000011920929 0.800000011920929 0.870000004817301 0.879999995231628 1.04999995231628 1.12999999523163 1.27999997138977 1.33000004291534 1.35000002384186 1.3400000333786 1.2899999361523 0.970000050396518 0.819999992847443 0.920000016689301 0.699999999742816 0.560000002384186 0.129999995231628 -0.339999808931302
-1.69000005722046 -1.51999998092651 -1.67999994754791 -2.22000002861023 -2.64000010490417 -2.9300000667572 -2.98000001907349 -1.9099999666214 -1.82000005245209 -1.57000005245209 -1.36000001430511 -1.28999996185303 -1.02999997138977 -0.889999985694885 -0.829999983310699 -0.689999997615814 -0.569999992847443 -0.519999981603166 -0.460000010992121 -0.469999998807907 -0.379999995231628 -0.430000007152557 -0.46000000834465 -0.430000007152557 -0.230000004172325 -0.0599999986588955 0.0799999982118607 0.259999990463257 0.790000021457672 0.889999985694885 1.02999997138977 1.1599999666214 1.22000002861023 1.19000005722046 1.3400000333786 1.42999994754791 1.46000003563493 1.36000001430511 1.21000003814697 0.970000028610229 0.6700000166893 0.439999997615814 0.509999990463257 0.100000001490116 -0.129999995231628
-1.62000000476837 -1.30999994277954 -1.58000004291534 -2.25 -2.9300000667572 -3.24000000953674 -3 -1.91999995708487 -1.8400000333786 -1.58000004291534 -1.33000004291534 -1.27999997138977 -1.07000005245209 -0.860000014305115 -0.769999980926514 -0.800000012039766 -0.980000019073486 -0.920000016689301 -0.689999997615814 -0.550000011920929 -0.519999980926514 -0.529999971389771 -0.479999989271164 -0.409999996423721 -0.140000000596046 0.300000011920929 0.379999995231628 0.479999989271164 0.779999971389771 0.839999973773956 1.00999999046326 1.1599999666214 1.23000001907349 1.19000005722046 1.39999997615814 1.52999997138977 1.5 1.51999998092651 1.38999998569489 1 0.740000009536743 0.680000007152557 0.409999996423721 0.150000005960464 -0.119999997317791
-1.91999995708466 -1.76999998092651 -2 -2.3199999332428 -2.85999989509582 -2.99000000953674 -2.97000002861023 -1.92999994755007 -1.92999994754791 -1.58000004291534 -1.41999995707891 -1.25999999046326 -1.03999996201096 -0.930000007340027 -1.0900000333786 -1.28999996185303 -1.1699999568335 -0.810000002384186 -0.800000011920929 -0.75 -0.689999997615814 -0.649999976158142 -0.360000014305115 -0.259999990463257 0.0199999995529652 0.349999994039535 0.400000005960464 0.550000011920929 0.589999973773956 0.639999985694885 0.949999988079071 1.19000005683053 1.25 1.30999994277954 1.44000005722046 1.58000004291534 1.63999998569489 1.62000000476837 1.48000001907349 1.28999996185303 1.14999997615814 0.819999992847443 0.490000009536743 0.28999999165535 -0.0399999991059303
-1.98000001907349 -1.98000001907349 -2.04999995231628 -2.40000009536743 -2.77999997138977 -2.82999992370605 -2.91000008583069 -2.15000009536764 -2.01999998092651 -1.62999999525032 -1.44000005727507 -1.62999999523163 -1.67999994754791 -1.50999999045516 -1.5 -1.3400000333786 -1.21000003788427 -0.75 -0.779999971389771 -0.800000011872814 -0.620000004768372 -0.509999990463257 -0.349999993339414 -0.0799999982118606 0.0900000035762787 0.18999999786967 0.270000010728836 0.370000004768372 0.400000005960465 0.589999973773956 0.850000023841858 1.02999997138977 1.19000005722046 1.33000004291534 1.44000005722046 1.63999998569489 1.74000000953674 1.77999997138977 1.58000004291534 1.38999998569489 1.27999997138977 0.959999978542328 0.649999976158142 0.430000007152557 -0.109999999403954
-1.89999997615814 -2.15000009536743 -2.20000004768372 -2.49000000953674 -2.69000005722046 -2.91000008583069 -3.13000011444092 -2.92000007629395 -2.41000008583069 -2.03999996185303 -2.1800000667572 -2.14000010490417 -2 -1.80999994277954 -1.55999994277954 -1.37999999523163 -1.23000001907349 -0.730000019073486 -0.8299999833107 -0.769999980926514 -0.639999985694885 -0.409999996423721 -0.419999986886978 -0.150000005960464 0.00999999977648258 0.0299999993294477 0.200000002980232 0.370000004768372 0.409999996423721 0.649999976158142 0.879999995231628 1.00999997899695 1.10000002384186 1.30999994277954 1.37000000476837 1.62000000476837 1.77999997138977 1.82000005245209 1.62999999523163 1.30999997511394 1.20000004768372 1.0900000333786 0.760000064198852 0.550000011920929 0.129999995231628
-2.07999992370605 -2.32999992370605 -2.48000001907349 -2.46000003814697 -2.69000005722046 -2.95000004768372 -3.01999998092651 -3.15000009536743 -2.75 -2.33999991416931 -2.35999989509583 -1.95000004768372 -1.75999999046326 -1.60000002384186 -1.4099999666214 -1.27999997138977 -0.930000007152557 -0.769999980926514 -0.899999976158142 -0.930000007152557 -0.790000021457672 -0.560000002384186 -0.469999998807907 -0.540000021457672 -0.189999997615814 -0.159999996423721 0.100000001490116 0.319999992847443 0.46000000834465 0.569999992847443 0.850000009823748 0.839999973773956 1.08000004291534 1.26999997904128 1.35000002384186 1.55999994277954 1.62999999523163 1.73000001907349 1.69000005722046 1.49000000953674 1.3400000333786 1.21000003814697 1.02999997138977 0.689999997615814 0.430000007152557
-2.25 -2.34999990463257 -2.61999988555908 -2.58999991416931 -2.77999997138977 -3.36999988555908 -3.26999998092651 -3.22000002861023 -2.58999991416931 -2.08999991416931 -2.03999996185303 -1.66999995708466 -1.36000001430511 -1.4099999666214 -1.13999998569489 -0.850000023841858 -0.8299999833107 -0.910000026226044 -1.12000000476837 -1.03999996185303 -0.980000019073486 -0.6700000166893 -0.699999988079071 -0.829999983310699 -0.479999989271164 -0.219999998807907 -0.0399999991059303 0.200000002980232 0.270000010728836 0.370000002245231 0.519999981211801 0.689999997615814 0.899999976158142 1.12000000476837 1.35000002384186 1.55999994277954 1.58000004291534 1.75 1.80999994277954 1.73000001907349 1.5 1.38999998569489 1.23000001907349 1.00999999046326 0.67000012385666
-2.44000005722046 -2.64000010490417 -2.90000009536743 -3.36999988555908 -3.22000002861023 -2.99000000953674 -2.76999998092651 -2.72000002861023 -2.28999996185303 -1.87999999523163 -1.74000000953674 -1.49000000953674 -1.22000002861023 -1.0900000333786 -0.949999988079071 -0.829999983310699 -0.800000011920929 -1 -1.14999997615814 -1.01999998092651 -0.920000016689301 -0.850000023841858 -0.8299999833107 -0.649999976158142 -0.629999995231628 -0.449999988079071 -0.230000004172325 -0.140000000596047 -0.209999993443489 0.180000007152557 0.300000011920929 0.5 0.649999976158142 0.899999976158142 1.20000004768372 1.36000001430511 1.48000001907349 1.45000004768372 1.5700000387468 1.69000005722046 1.70000004768372 1.62999999523163 1.35000015658383 1.04999995231628 0.9200000166893
-2.19000005722046 -2.45000004768372 -2.97000002861023 -3.09999990463257 -3.07999992370605 -2.76999998092651 -2.49000000953674 -2.39000010490418 -2.09999990463257 -1.77999997138977 -1.61000001430511 -1.4099999666214 -1.20000004768372 -1.12000000476837 -1.07000005245209 -0.949999988079071 -0.889999985694885 -0.980000019073487 -1.04999995241215 -1.00999999046326 -0.860000014305115 -0.800000011580519 -0.639999985694885 -0.5 -0.479999989271164 -0.790000021457672 -0.639999988948345 -0.800000011920929 -0.519999980926514 -0.28999999165535 -0.170000001788139 0.00999999977648258 0.239999994635582 0.519999980926514 0.879999995231628 1.46000002914593 1.54999995231628 1.64999997615814 1.47000002861023 1.64999997615814 1.74000000953674 1.67999972988388 1.38999998569489 1.36000001430511 1.20000004768372
-2.08999991416931 -2.29999995231628 -2.80999994277954 -2.78999996185303 -2.76999998092651 -2.59999990463257 -2.25999999046326 -2.24000000953674 -1.98000001907349 -1.73000001907349 -1.57000005245209 -1.45000004768372 -1.27999997138977 -1.23000001907349 -1.14999997615814 -1.11000001425643 -0.990000009536743 -1.10000002384186 -1.12999999525086 -1.11000001430511 -0.97000002861023 -0.860000014305115 -0.610000014305115 -0.270000010728836 -0.319999992847443 -0.28999999165535 -0.519999980926514 -0.800000011920929 -0.870000004768371 -0.569999992847443 -0.509999990463257 -0.200000002980232 0.0700000002980232 0.389999985694885 0.9200000166893 1.12999999523163 1.64999997615814 1.75 1.69000005722046 1.70000004768372 1.5200000132078 1.54999995231628 1.49000000953674 1.41999994745623 1.46000003814697
-2.03999996185303 -2.25 -2.54999995231628 -2.59999990463257 -2.46000003814697 -2.26999998092651 -2.07999992370605 -1.95000004768372 -1.79999995231628 -1.67999994754791 -1.51999998092651 -1.50999999046326 -1.58000004291534 -1.42999994754791 -1.17999994754791 -1.11000001428885 -1.07000005245209 -1.08000004291534 -1.10000002384186 -1.10000002384186 -0.899999976158142 -0.779999971389771 -0.620000004768372 -0.0900000023311934 0.0700000002980232 0.119999997317791 -0.439999997615814 -0.850000023841858 -0.839999973773956 -0.77999996981537 -0.319999992847443 -0.0199999995529652 0.230000004172325 0.610000014305115 0.839999973773956 1.17999994754791 1.55999994277954 1.74000000953674 1.76999998092651 1.82000007988687 2.00999999046326 1.75 1.69000005722046 1.54999995231628 1.52999997138977
-1.98000001907349 -2.15000009536743 -2.27999997138977 -2.26999998092651 -2.20000004768372 -1.95000004768372 -1.85000002384186 -1.76999998092651 -1.60000002384186 -1.5900000333786 -1.55999994277954 -1.38999998569489 -1.45000004768648 -1.48000001907349 -1.35000002384186 -1.32000005245209 -1.19000005722046 -1.17999994754791 -1.13999998569489 -1.03999996185303 -0.759999990463257 -0.629999993416247 -0.259999990463257 0.189999997615814 0.300000011920929 0.109999999403954 0.0399999974340462 -0.600000023841858 -0.620000004768372 -0.479999989271164 -0.109999999403954 0.180000007152557 0.270000010728836 0.660000026226044 0.829999982619903 1.08000004291534 1.62000000476837 1.72000002861023 1.8799966745169 -3.44749999046326 -3.69749999046326 -3.50999999046326 -3.41000008583069 -3.47000002861023 -3.60500001907349
-2.21000003814697 -2.20000004768372 -1.97000002861023 -1.87999999523163 -1.86000001430511 -1.74000000953674 -1.6599999666214 -1.63999998569489 -1.44000005722046 -1.4099999666214 -1.45000004768372 -1.33000004291534 -1.36000001430511 -1.27999997138977 -1.57000005245209 -1.51999998092651 -1.37000000476837 -1.32000005245209 -1.28999996185303 -1.07000007733271 -3.48000001907349 -3.52500009536743 -3.5074999332428 -3.47749996185303 -3.49749994277954 -3.73749995231628 -3.66750001907349 -3.47250008583069 -4.44500017166138 -4.30749988555908 -4.3125 -4.49249982833862 -4.46000003814697 -4.92999982833862 -4.89750003814697 -4.17000007629395 -4.03000020980835 -3.92249981915392 -3.82999992370605 -3.89000010490417 -3.80749988555908 -3.26250004768372 -2.94749999046326 -3.28999996185303 -3.52999997138977
-3.33750009536743 -3.1175000667572 -3.07750010490417 -2.95499992370605 -3.4925000667572 -3.55999994277954 -3.63000011444092 -3.65750002861023 -4.00250005722046 -3.92750000955927 -4.39499998092651 -4.34250020980835 -4.39249992370605 -4.26249980926514 -4.3600001335144 -4.36999988555908 -4.17500019073486 -3.89249992383714 -3.625 -3.21749997138977 -3.11750006709497 -3.31750011444092 -3.45250010490418 -3.35750007629395 -3.38499999046326 -3.5625 -3.35750007629395 -3.5625 -4.24499988555908 -4.0625 -4.05499982833862 -4.16249990682756 -4.47249984741211 -4.91249990463257 -4.86250019073486 -4.53249979019165 -3.7750002281197 -3.89499998092651 -3.78749990463257 -3.92000007629395 -3.84999990463257 -2.84249997138977 -2.66750001907349 -3.09750008583069 -3.67249989509582
-3.1875 -3.07750010490417 -2.69250011444092 -3.33500003814697 -3.57999992370606 -3.3675000667572 -3.5550000667572 -3.86999988555908 -3.97000002861023 -4.07999992370034 -4.09999990463257 -4.28249979019165 -4.34999990463257 -4.39499998092651 -4.33750009552166 -4.35750007647143 -4.20249986648559 -3.68499994277954 -3.39000010490417 -3.09999990463257 -3.20749998092651 -3.25500011444092 -3.19000005722046 -3.23499989509582 -3.09249997138977 -3.34500002861023 -3.42000007629395 -3.30749988555908 -3.60500002014424 -3.61999988555908 -3.89750003814697 -4.19000005722046 -4.59999990463257 -5.0475001335144 -5.0149998664856 -4.55499984813938 -4.10500009292862 -4.07000017166138 -3.40249991416931 -3.48749995231628 -3.57999992370605 -2.76749992370605 -2.58500003814697 -2.85750007629395 -2.72000002861023
