SnowAccumulation_R/test/tmin/final_tmin_12_04_2009.asc
NCOLS 97 
NROWS 69 
XLLCORNER 52512.810182332 
YLLCORNER 5316225.2758522 
CELLSIZE 10000 
NODATA_value -9999 
[rows 20 to 39 of 69, columns 46 to 91 of 97]
3.72000002861023 3.71000003814697 3.66000008583069 3.41000008583069 3.16000008583069 2.99000000953674 2.74000000953674 2.40000009536743 2.23000001907349 2.0999999046145 1.8400000333786 1.73000001907349 1.39999997615814 1.2400000094652 0.939999997615814 0.540000021044677 0.129999995231628 -0.109999999403954 -0.310000002384186 -0.689999997615814 -0.930000007152557 -0.129999995231628 0.0700000002980232 0.400000005960465 0.660000026226044 0.819999992847443 0.810000002384186 0.860000014305115 0.980000019073486 1 0.819999992847443 0.620000004768372 0.270000010728836 0.0500000526160214 -0.0500000007450581 -0.170000001788139 -0.270000010728836 -0.439999997615814 -0.430000007152557 -0.540000021457672 -0.589999973773956 -0.589999973773956 -0.569999992847443 -0.649999976158142 -0.800000011920929 -0.959999750576791
3.45000004768372 3.41000008583069 3.30999994277954 3.10999989509583 2.75 2.58999991416931 2.40000009536743 2.01999998092651 1.85000002384186 1.76999998092651 1.60000002384186 1.69000005722046 1.16999995708466 1.03999996140026 0.620000004768371 0.409999996423721 0.140000000596046 0.0500000005808251 -0.230000004172325 -0.519999980926514 -0.579999983310699 -0.300000011051656 0.150000005960464 0.529999971389771 0.790000021457672 0.889999985704455 1.05999994277954 1.14999997615814 1.33000004291534 1.32000005245209 0.910000026226044 0.689999997615814 0.420000022028318 0.330000013113022 0.170000001788139 -0.0599999986588955 -0.209999993443489 -0.280000001192093 -0.370000004768372 -0.479999989271164 -0.519999980926514 -0.479999989271164 -0.469999998807907 -0.589999973773956 -0.759999990463257 -0.860000014305115
3.09999990463257 3.11999988555908 3.04999995231628 2.71000003814697 2.48000001907349 2.4300000667572 2 1.79999995231628 1.60000002384186 1.55999994277954 1.3999999759092 1.24999999966263 0.740000009536743 0.689999997615814 0.479999989271164 0.28999999165535 0.170000001788139 0.0900000035762787 -0.109999999403954 -0.400000005960465 -0.319999992847443 -0.0399999991059303 0.319999992847443 0.649999976158142 0.870000004768371 1.02999997138977 1.25 1.57000005245209 1.78999996185303 1.55999994277954 1.14999997615814 0.83000004121247 0.639999985694885 0.5 0.270000010728836 0.0399999991059303 -0.150000005960464 -0.230000004172325 -0.330000013113022 -0.439999997615814 -0.420000015399131 -0.389999985694885 -0.360000014305115 -0.539999978629925 -0.729999597550702 -0.829999983310699
2.65000009536743 2.73000001907349 2.8199999332428 2.58999991416931 2.24000000953674 2.07999992370605 1.97000002858359 1.67999994751704 1.19000005722046 1.10000002384186 0.889999985694885 0.759999990463257 0.519999980926514 0.509999990463257 0.300000011920929 0.129999995231628 0 -0.0500000007450581 -0.0700000002980232 -0.150000005960464 -0.00999999977648258 0.140000000596046 0.5 0.740000009536743 0.990000009536743 1.17999994754791 1.39999997615814 1.78999996185303 1.79999995345619 1.64999997615814 1.32000005245209 1.04999995231628 0.740000086010315 0.600000023841858 0.28999999165535 0.0299999993294477 -0.0900000035762787 -0.219999998807907 -0.310000002384186 -0.400000005960465 -0.409999996423721 -0.370000004768372 -0.360000235160115 -0.610000014305115 -0.699999988079071 -0.889999985694885
2.44000005721992 2.35999989509585 2.41000008583071 2.0699999332428 1.91999995708466 1.77999997138977 1.36000001430511 1.17999994754791 0.899999976158142 0.839999973773956 0.699999988079071 0.519999980926514 0.370000004768372 0.259999990463257 0.209999993443489 0 -0.109999999403954 -0.109999999403954 -0.150000005960465 -0.00999999977648258 0.0500000012263161 0.409999996423721 0.670000016689301 0.870000004768372 0.980000019476918 1.29999995231628 1.49000000953674 1.79999995231628 1.80999994277954 1.61999999403175 1.26999998092651 1.00999999046326 0.870000004768372 0.600000023841858 0.319999992847443 0.00999999977648258 -0.109999999403954 -0.230000004172325 -0.310000002384186 -0.399999984812159 -0.409999996423721 -0.430000007152557 -0.589999973773956 -0.639999985694885 -0.790000021457672 -1.00999999046326
1.99000000953686 2.00999999046326 2.3199999332428 2.14000010490417 1.9099999666214 1.75999999046326 1.33000004291534 1.01999998092651 0.709999978542328 0.600000023841858 0.400000005960464 0.239999994635582 0.259999990443524 0.159999996423721 0.189999997615814 0.0599999986588955 -0.0199999997130595 -0.180000007152557 -0.100000001490116 0.0199999995529652 0.280000001192093 0.449999988079071 0.810000002384186 1.02999997138977 1.12999999523163 1.39999997615814 1.60000002384186 1.77999997138977 1.74000000953674 1.50999999046326 1.08000004291534 0.800000018017168 0.680000007152557 0.519999980926514 0.300000011920929 0.170000001788139 -0.129999995231628 -0.25 -0.360000014305115 -0.409999996423721 -0.490000009536743 -0.620000004768372 -0.699999988078977 -0.769999980926514 -1.04999995231628 -1.36000001430511
1.82000005245209 1.64999997615814 2.01999998092651 2.26999998092651 1.94000005722046 1.78999996185303 1.30999994277954 0.860000014305115 0.709999978532025 0.409999996423721 0.170000001788139 0.0299999993294477 0.0399999990940647 0.0500000007450581 0.219999998807907 0.319999992847443 0.270000010728836 0.0700000002980232 0.0500000007450581 0.330000013113022 0.490000009536743 0.75 0.980000019073486 1.22000002861023 1.33000004291534 1.48000001907349 1.64999998407155 1.73000001907349 1.62999999523163 1.46000003814697 0.75 0.600000023841858 0.360000014305115 0.270000010728836 0.170000001788139 0.0700000002980232 -0.180000007152557 -0.280000001192093 -0.439999970517951 -0.5 -0.659999974872818 -0.720000028610229 -0.75 -0.939999997615814 -1.35000002384186 -1.5900000333786
1.61000001430523 1.53999996185303 1.87999999523163 2.25 2.27999997138843 1.74000000953674 1.24000000953674 0.759999990463257 0.509999990448894 0.25 -0.0700000002980232 -0.189999997615814 -0.159999996423721 -0.109999999403954 0.0900000035762787 0.150000005960464 0.310000002384186 0.28999999165535 0.340000003576279 0.589999973773956 0.699999988079071 0.939999997615814 1.13999998569489 1.29999995273175 1.49000000953674 1.60000003907112 1.82000005245209 1.78999996185303 1.61000001430511 1.38999998569489 0.860000014305115 0.660000026226044 0.300000011920929 0.0700000002980232 0.00999999977648258 -0.129999995231628 -0.310000002384186 -0.439999997615814 -0.479999989271164 -0.600000159911724 -0.769999980926514 -0.779999963442215 -0.839999973773956 -1.12000000476837 -1.49000000953674 -1.5900000333786
1.39999997615815 1.47000002861023 1.75 1.82000005245209 1.75999999046292 1.25999999046326 0.959999978542328 0.569999992847443 0.389999985694885 0.109999999403954 -0.270000010728836 -0.389999985694885 -0.330000013113022 -0.0900000035762787 -0.0199999995529652 0.0399999991059303 0.200000002980232 0.649999976158142 0.680000007152557 0.730000019253825 0.879999995231628 1.10000002384186 1.33000004291534 1.44000005722046 1.82000005245209 1.95000004768372 1.88999998569489 1.83000004291534 1.5900000333786 1.35000002384186 1.22000002861023 0.730000019073486 0.270000010728836 0.00999999977648258 -0.109999999403954 -0.379999995231628 -0.430000007152557 -0.589999957026354 -0.650000149461541 -0.839999973773956 -0.790000021457672 -0.790000021457672 -0.930000007152557 -1.24000000953674 -1.54999972381778 -1.6599999666214
1.37000000476842 1.36000001430511 1.50999999046326 1.39999997615814 1.12999999523108 1.08000004291534 0.790000021457672 0.430000007152557 0.219999998807907 -0.0599999986588955 -0.370000004768372 -0.550000011920929 -0.419999986886978 -0.0700000002980232 0.0599999986588955 0.0900000036282581 0.330000013113022 0.740000009536743 0.9200000166893 0.980000019073486 1.05999994277954 1.35000002384186 1.61000003057756 2.01999998092651 2 2.14000010490417 2.18000006665081 1.87000000476837 1.52999997138977 1.29999995231628 1.21000003814697 0.75 0.310000002384186 -0.0299999875800279 -0.150000005960465 -0.540000021457672 -0.579999983310699 -0.63000001967028 -0.870000004768371 -0.850000023841858 -0.779999989169395 -0.779999971389771 -0.949999988079071 -1.28999996185303 -1.45000004768372 -1.75
1.36000001430511 1.25999999046326 1.11000001430511 1.00999999046326 0.670000016689301 0.430000007152557 0.660000026226044 0.330000013113022 0.119999997317791 -0.00999999977648258 -0.170000001788139 -0.330000013113022 -0.28999999165535 -0.0399999991059303 0.270000010728836 0.319999992847443 0.629999995231628 0.800000011920929 1.0900000333786 1.26999998092651 1.46000003814697 2.17000007629395 2.25999999061499 2.33999991416931 2.28999996185303 2.30999994277954 2.36999988555908 2.01999998092651 1.60000002384186 1.28999996360312 1.17999994754791 0.769999980926514 0.340000003576279 0.150000005960464 -0.140000000596046 -0.610000014305115 -0.660000039019361 -0.620000004768372 -0.75 -0.779999971389771 -0.75 -0.699999988079071 -0.879999995231628 -1.27999970354093 -1.47000002861023 -2
1.19000005722046 1.12000000476837 1.05999994277954 1.0900000333786 0.259999990463257 0.0399999991059303 0.670000016689301 0.370000004768372 0.310000002384186 0.0399999991059303 0.100000001490116 0.119999997301499 0.00999999977648258 0.270000010728836 0.540000021457672 0.670000016689301 1.14999997615814 1.17999994754791 1.58000004291534 1.73000002651476 2.33999991416931 2.58999991416931 2.6800000667572 2.65000009536743 2.58999991416931 2.49000000953674 2.5 2.29999995231628 1.72000002861023 1.50999999046326 1.17999994754791 0.800000011920929 0.360000014305115 0.170000001788139 -0.140000000596046 -0.540000021457672 -0.660000026226044 -0.610000014305115 -0.680000007152557 -0.720000024246094 -0.649999976158142 -0.589999973773956 -0.819999992847443 -1 -1.49000000953674 -2.04999995231628
1.39999997615814 1.26999998092651 1.0900000333786 1.05999994277954 0.529999971389771 0.370000004768372 0.829999983310699 0.649999976158142 0.529999971389771 0.259999990463257 0.400000005960464 0.500000000008146 0.509999990463257 0.689999997615814 0.899999976158142 1.04999995231628 1.39999997615814 1.62000000907441 2.21000003847727 2.5 2.80999994277954 2.99000000953674 3.01999998092651 2.92000007629395 2.82999992370605 2.7100000379515 2.61999988555908 2.44000005722046 1.89999997615814 1.62999999523163 1.23000001907349 0.860000014305115 0.620000004768372 0.170000001788139 -0.150000005960464 -0.5 -0.629999995231628 -0.629999995231628 -0.660000026226044 -0.689999997615814 -0.6700000166893 -0.889999985694885 -0.869999934203053 -1.04999995231628 -1.47000002861023 -1.97000002861023
1.47000002861023 1.35000002384186 1.07000005245209 1 0.910000026226044 0.5 0.839999973773956 0.959999978542328 0.889999985694885 0.730000019073486 0.819999992847443 0.959999978542328 0.920000016689301 1.13999998569489 1.33000004291534 1.48000002133765 2.29999995231628 2.26999998092651 2.47000002861023 2.86999988555908 3.15000009536743 3.24000000953674 3.25 3.28999996185303 3.33999991416931 3.26999998092651 3.00999999046326 2.65000009536743 2.13000011552093 1.83000004291534 1.33000004291534 0.910000026226044 0.620000004768372 0.119999997317791 -0.259999990463257 -0.340000003576279 -0.649999976158142 -0.709999978542328 -0.689999997615814 -0.689999997615814 -0.75 -0.899999976158142 -0.97000002861023 -1.12999999523163 -1.46000003814697 -1.65999991798294
1.61000001430511 1.45000004768372 1.12999999523163 1.04999995231633 1.03999996185281 0.550000011920929 1.21000003814697 1.4400000572228 1.27999997138977 1.22000002861023 1.27999997138977 1.4099999666214 1.26999998185821 1.55999994384842 2.14000010500618 2.42000007629395 2.76999998092651 2.91000008583069 2.90000009536743 3.36999988555908 3.40000009536743 3.28999996226294 3.52999997138977 3.67000007629395 3.79999995231628 3.73000001907349 3.35999989509583 2.89000010490417 2.60999989509582 2.00999999046326 1.49000000953674 1.00000000644835 0.720000061838409 0.239999994635582 -0.28999999165535 -0.469999998807907 -0.689999997615814 -0.800000011920929 -0.790000021457672 -0.740000009536743 -0.819999992847443 -0.959999919047177 -1.08000004291534 -1.25999999046326 -1.47000002861023 -1.69000005722046
1.79999995231628 1.5900000333786 1.20000004768372 1.0599999427801 1.03999996185498 0.980000019080471 1.63999998569489 1.70000004769175 1.76999998092651 1.73000001928164 1.79999995254101 2.10999989509583 2.09999990463257 2.59999990463257 2.75000000007083 2.96000003814697 3.22000002861023 3.39000010490417 3.46000003814697 3.76999998092651 3.65000009536743 3.57999992370606 3.85999989509583 4.01000022888184 3.98000001971952 3.9300000667572 3.55999994277954 3.0699999332428 2.72000002861023 2.08999991416931 1.55999994277954 1.32000004697546 0.699999988079071 0.280000001192093 -0.239999968177843 -0.479999989271164 -0.709999978542328 -0.839999973773956 -0.889999985694885 -0.839999973773956 -0.870000004768372 -0.949999988079071 -1.13999998569489 -1.32000005245209 -1.39999997615814 -1.64999997615814
2.49000000953674 1.86000001430511 1.62000000476837 1.47000002861023 1.37000000476837 1.38999998569489 2.41000008583888 2.52999997139016 2.55999994277954 2.5699999332428 2.55999994277954 2.57999992370605 2.67000007629395 2.83999991416931 3.08999991416931 3.25999999046326 3.64000010490417 3.72000002837607 3.76999998092651 4.05000019073486 3.97000002861023 3.82999992370606 4.26000022888184 4.48999977111816 4.44999980926514 4.17999982833862 3.73000001907349 3.19000005722046 2.76999998092651 2.14000010490417 1.60000002384186 1.32000005245209 0.670000016689301 0.150000005960464 -0.0500000007450581 -0.419999986886978 -0.75 -0.850000023841858 -0.9200000166893 -0.97000002861023 -0.899999976158142 -0.939999997615814 -1.12999999523163 -1.51999975090762 -1.66999995708466 -1.89999997615814
2.89000010490417 2.20000004768372 2.1800000667572 2.01999998092651 1.80999994277954 1.72000002861023 2.8199999332428 2.80999994277954 2.83999991416931 2.86999988555908 2.8199999332428 2.85999989509582 2.9300000667572 3.13000011444092 3.28999996185303 3.75999999046326 3.96000003814697 3.99999999992761 4.05000019073486 4.26000022888184 4.40999984741211 4.30999994277954 4.59999990463257 4.55999994277954 4.73000001907349 4.57000017166138 3.98000001907349 3.67000007629395 2.83999991416931 2.17000008178066 1.59000003753566 1.29999995231628 0.689999997615814 0.0599999986588955 -0.200000002980232 -0.540000021457672 -0.769999980926514 -0.9200000166893 -1.02999997138977 -1.02999997138977 -1.02999997138977 -1.05999994277954 -1.09000004877591 -1.36999983907603 -1.57000005245209 -1.92999994754791
3.70000004768372 3.17000007629394 3.00999999046326 2.75 2.01999998092651 1.92999994754791 3.13000011444092 3.05999994277954 3.02999997138977 3.15000009536743 3.17000007629575 3.15000009536743 3.21000003814697 3.42000007629395 3.55999994277954 3.78999996185303 4.15000009536743 4.30999994277954 4.42000007629395 4.57999992370605 4.73000001961333 4.88999986648559 4.90000009536743 5.05999994277954 5.03000020980835 4.61999988555908 3.86999988555908 3.35999989509583 2.83999989787717 2.23000001907349 1.88999998569489 1.27999997138977 0.639999985694885 0.370000004768372 -0.280000001192093 -0.689999997615814 -0.87999998156473 -0.970000028610229 -1.12000000476837 -1.08000004291534 -1.08000004291534 -1.05999998239694 -1.10000002384186 -1.12000000476837 -1.33000004291534 -1.71000003814697
4.21000003814697 4.07999992370605 3.51999998092651 3.42000007629395 3.3199999332428 3.22000002861023 3.42000007629395 3.41000008583069 3.3199999332428 3.36999988555908 3.50000000000181 3.5 3.52999997138977 3.72000002861023 3.80999994277954 3.99000000953674 4.36999988555908 4.48999977111816 4.6100001335144 4.78000020980835 4.90000009536743 5.01000022888184 5.07999992370605 5.15000009487488 4.73000001907349 4.19000005722046 3.6600000887209 3.41000008583069 2.65000009536743 2.0699999332428 1.73000001907349 1.07000005245209 0.579999983310699 0.300000011920929 -0.300000011920929 -0.860000014305115 -1.00999999046326 -1.22000002861023 -1.24000000953674 -1.22000002861023 -1.24000000953674 -1.1599999666214 -1.00000004403256 -0.959999978542328 -1.11000001430511 -1.44000005722046
