SnowAccumulation_R/test/tmin/final_tmin_21_04_2009.asc
NCOLS 97 
NROWS 69 
XLLCORNER 52512.810182332 
YLLCORNER 5316225.2758522 
CELLSIZE 10000 
NODATA_value -9999 
[rows 20 to 39 of 69, columns 47 to 93 of 97]
4.36999988555908 4.51000022888184 4.48000001907349 4.42000007629395 4.3600001335144 4.28000020980835 4.19000005722046 4.11999988555908 4.05999994277051 3.92000007629395 3.79999995231628 3.59999990463257 3.49999999996698 3.40000009536743 3.29999995349627 3.42000007629395 3.38000011444092 3.33999991416931 3.25 3.1800000667572 3.01999998092651 2.89000010490418 2.60999989509583 2.28999996185303 1.9099999666214 1.67999994754791 1.29999995231628 1.16999995708466 1.22000002861023 1.17999994754791 1.1599999666214 1.08000004291534 1.04000000900846 1.05999994277954 1.03999996185303 1.00999999046326 0.920000016689301 0.899999976158142 0.75 0.610000014305115 0.509999990463257 0.5 0.469999998807907 0.46000000834465 0.579999937717619 0.589999973773956 -9999
4.32999992370605 4.55000019073486 4.57999992370605 4.5 4.42999982833862 4.34000015258789 4.23000001907349 4.15000009536743 4.1100001335144 4.01000022888184 3.97000002861023 3.73000001907349 3.66000008629896 3.75 3.70000004768372 3.64000010490417 3.63000011439165 3.55999994277954 3.46000003814697 3.34999990463257 3.2999999520555 3.07999992370605 2.79999995231628 2.45000004768372 2.24999999998405 1.80999994277954 1.30999994277954 1.23000001907349 1.28999996185303 1.25 1.24000000953674 1.19000010407553 1.25999999046326 1.23000001907349 1.13999998569489 1.07000005245209 1.01999998092651 0.9200000166893 0.759999990463257 0.600000023841858 0.550000011920929 0.490000009536743 0.5 0.639999985694885 0.689999997615814 0.75 -9999
4.34000015258789 4.59999990463257 4.65000009536743 4.63999986648559 4.6100001335144 4.42999982833862 4.32000017166138 4.23000001907349 4.19999980926514 4.11000013354898 4.01999998102773 4.01999998092651 3.99000000953674 3.92000007629395 3.86999988555908 3.84999990463257 3.82999992370605 3.75999999046326 3.63000011444092 3.52999997138977 3.48000001907349 3.27999997138977 3 2.64000010490417 2.46000003814697 2.03999996185303 1.64999997615814 1.5900000333786 1.52999997138977 1.45000004768372 1.3900000500302 1.47000002861023 1.42999994754791 1.35000002384186 1.25999999046326 1.14999997615814 1.0900000333786 0.959999978542328 0.779999971389771 0.640000028463094 0.569999992847443 0.469999998807907 0.5500002688869 0.799999759007308 0.860000014305115 0.949999988079071 -9999
4.3899998664856 4.67000007629395 4.76000022888184 4.78000020980835 4.69999980926514 4.57000017165835 4.429999828341 4.36999988555908 4.34000015258789 4.26999998092651 4.21999979019165 4.1399998664856 4.13000011444092 4.05999994277954 4.01000022888184 3.97000002861023 3.96000003814697 3.9300000667572 3.83999991416931 3.74000000953674 3.67000007629394 3.49000000953674 3.21000003814697 2.89000010490417 2.73000001907349 2.35999989509583 2.10999989509583 1.91999995833856 1.83000004291534 1.69000011520816 1.76999998092651 1.64000001718402 1.58000004291534 1.46000003814697 1.3400000333786 1.26999998092651 1.1599999666214 1.01999998092651 0.850000023841858 0.769999980926514 0.639999985694885 0.550000324798941 0.810000002384186 0.879999995231628 1.01999998092651 1.12999999523163 -9999
4.51999998092675 4.69999980926514 4.69000005722046 4.65999984741211 4.61999988555908 4.48000001907349 4.44000005722046 4.36999988555908 4.3600001335144 4.34000015258789 4.30000019073486 4.26000022888184 4.21999979019165 4.21000003814697 4.1399998664856 4.09999990463257 4.09000015258789 4.05000019073486 4.01999998092651 3.9700000285253 3.89000010490417 3.71000003814697 3.45000004768372 3.3099999424473 3.01999998092651 2.70000004768372 2.47000002861023 2.33999991416931 2.09999996046307 2.11999988555908 1.92999994754791 1.85000002384186 1.71000003814697 1.58000004291534 1.42999994754791 1.36000001430511 1.25 1.10000002384186 0.930000049449169 0.860000014305115 0.75 0.860000014305115 0.899999976158142 1.02999997138977 1.1599999666214 1.26999998092651 -9999
4.5 4.57999992370605 4.59999990463257 4.55999994277954 4.53999996185303 4.44999980926514 4.40000009536743 4.3600001335144 4.3600001335144 4.34999990463257 4.34000015258789 4.36000013351046 4.34000015258789 4.34999990463257 4.30000019073486 4.2800002097283 4.19999980926514 4.19999980926514 4.15999984741211 4.19000005722046 4.07000017166138 3.94000005722046 3.72000002861023 3.58999991416931 3.3199999332428 3.03999996185303 2.77999997138977 2.92000007629394 2.59999990463257 2.25999999046326 2.02999997617968 1.92999994754791 1.79999995231628 1.66999995708466 1.60000002384186 1.46000003814697 1.35000002384186 1.1599999666214 1.05999994277954 0.910000026226044 0.930000007152557 0.98000001907343 1.01999998092651 1.08000004291534 1.14999997615814 1.24000000953674 -9999
4.1100001335144 4.34999990463257 4.44999980926514 4.42000007629395 4.42000007629394 4.36999988555908 4.32999992370605 4.32999992370674 4.34000015258789 4.36999988555908 4.3899998664856 4.40999984741211 4.42000007629395 4.46999979019165 4.5 4.48999977111816 4.40999984741211 4.36999988555908 4.40000009536743 4.40000009536743 4.32000017166138 4.17999982833862 3.99000000953674 3.88000011444092 3.61999988555908 3.34999993967765 3.5 3.15000009536743 2.80999994277954 2.33999991416931 2.19000005722046 1.95000004768372 1.80999994277954 1.70000004768372 1.63999998569489 1.51999998092651 1.45000004768372 1.17000000740926 1.07000005245209 0.949999988079071 0.990000009536743 1.01999998092651 1.08000004291534 1.08000004291534 1.17999994754791 1.26999998092651 -9999
3.8199999332428 4.07000017166138 4.23000001907349 4.26999998092651 4.25 4.23999977111816 4.23000001907349 4.23000001907485 4.30999994277954 4.34999990463257 4.40999984741211 4.42999982833862 4.44999980926514 4.51000022888184 4.53000020980835 4.59000015258789 4.57999992370605 4.59000015258789 4.61999988555908 4.6100001335144 4.53000020980835 4.40999984741211 4.34999990435559 4.17000007629395 3.93000009452819 3.96000003814697 3.76999998092651 3.36999988555908 2.99000000953674 2.54999995231628 2.36999988555908 2.05999994277954 1.83000004291534 1.74000000953674 1.60000002384186 1.47000002861023 1.3400000333786 1.20000004768372 0.999999841251846 0.930000007152557 1.03999992211525 1.0900000333786 1.11000001430511 1.12000000476837 1.16999995708466 1.3400000333786 -9999
3.5699999332428 3.80999994277954 3.92000007629395 3.95000004768399 3.89000010490417 4.03000020980835 4.07999992370605 4.1100001335144 4.23000001907349 4.32000017166138 4.40999984741211 4.44000005722046 4.48999977111816 4.51000022888184 4.53000020980835 4.59000015258789 4.76000022888184 4.78000020980835 4.80000019076063 4.78999996185303 4.71999979019165 4.61999988555908 4.55999994277954 4.65999984741211 4.53999996185303 4.21999979019165 4.01000022888184 3.54999995231628 3.14000010490417 2.95000004768372 2.52999997138977 2.16000008583069 1.88999998569489 1.76999998092651 1.51999998092651 1.3400000333786 1.07000009152982 0.939999718404773 0.720000028610229 0.959999978542328 1.04999995231628 1.14999997615814 1.14999997615814 1.16999994185143 1.22000002861023 1.37999999523163 -9999
3.38000011444092 3.54999995231628 3.61999988555908 3.61999988555933 3.55999994277954 3.83999991416931 3.90000009536743 3.9300000667572 4.07000017166138 4.26000022888184 4.38000011444092 4.3899998664856 4.46999979019165 4.51000022888184 4.5199999809577 4.6399998664856 4.80999994277954 4.90000009536743 4.92999982833862 4.92999982833862 4.8899998664856 4.82999993184228 4.96999979019165 4.82999992370605 4.75 4.6500000952043 4.15999984741211 3.65000009536743 3.24000000953674 3.05999994277954 2.64000010490417 2.26999998092651 1.96000004911309 1.82000005245209 1.5 1.24000000953674 1.07000006059829 0.680000007152557 0.800000011920929 1.08999995040708 1.17999994754791 1.25 1.19000005722046 1.17999994754791 1.20000004768372 1.30999994277954 1.38999998569489
3.26999998092651 3.30999994277954 3.23000001907349 3.25999999046326 3.25999999046326 3.63000011444092 3.6800000667572 3.71000003814697 3.89000010490418 4.09999990463257 4.23999977111816 4.26000022888184 4.34999990463257 4.48999977111816 4.53000020980835 4.69999980926514 4.80000019073486 4.92999982833862 5 5.03999996185303 5.17000007629395 5.17000007621808 5.11000013351441 4.98000001907349 4.82000017166138 4.73000001907349 4.26999998092651 3.75 3.30999994527968 3.13000011444092 2.73000001907349 2.36999988555908 2.20000004768372 1.89999997615814 1.53999996185303 1.25000011203332 1.25 1.02999997138977 1.08000004291534 1.20000004768372 1.39999997615814 1.37999999523163 1.21000015460287 1.1599999666214 1.03999996185303 1.14999997615814 1.27999938223393
3.16000008583069 3.32999992370605 2.51999998092651 3.05999994277954 3.16000008583069 3.44000005722046 3.47000002861023 3.51999998092651 3.61999988555908 3.84999990463257 3.96000003816326 4.05999994277954 4.23999977111816 4.42000007629395 4.51999998092651 4.78000020980835 4.86999988555908 5.03000020980835 5.07999992426415 5.19000005722046 5.26000022888184 5.26999998092651 5.21000003814697 5.07999992370606 4.86999988555908 4.76000022888184 4.38000011444092 3.8199999332428 3.5699999332428 3.1800000667572 2.8199999332428 2.46000003814697 2.29999995231628 2 1.6599999666214 1.64999997615814 1.46000003814697 1.32000005245209 1.35000000638537 1.45000004768372 1.63999998569489 1.45000004768372 1.32000005245209 1.05999994277954 0.899999976158142 0.999999805959208 0.829999983310699
3.38000011444092 3.45000004768372 3.0699999332428 2.95000004768372 3 3.26999998092651 3.26999998092651 3.27999997138977 3.34999990463257 3.5699999332428 3.70000004771087 3.89000010490417 4.1100001335144 4.32999992370605 4.46000003814697 4.73000001907349 4.90000009486673 4.9499998094413 5.09999990463257 5.23999977111816 5.30999994277954 5.32999992370605 5.26000022888184 5.13999986648559 5.01999998056815 4.80000019073486 4.42999982833862 3.88000011444092 3.60999989509583 3.23000001907349 2.91000008583069 2.74000000953674 2.41000008583069 2.10999989509583 1.96000003814697 1.82000005245209 1.6599999666214 1.53999996185303 1.50999999046326 1.55999994277954 1.55999994277954 1.36000015543575 1.19000005722046 0.889999985694885 0.709999978542328 0.370000699432433 0.490000009536743
3.4300000667572 3.42000007629395 3.33999991416931 3.08999991416931 3.03999996185303 3.0699999332428 3.04999995231628 3.04999995231628 3.09999990463257 3.28999996185303 3.44000005722046 3.66000008583069 3.95000004768372 4.21000003814697 4.36000013296094 4.57000017166138 4.71000003814697 4.84000015258789 5.05999994277954 5.21999979019165 5.28999996185303 5.30000019073486 5.32000017166138 5.30999994277954 5.23999977111816 4.94999980926514 4.51000022888184 3.98000002015349 3.69000005722046 3.30999994277954 3.01999998092651 2.83999991416931 2.50999999046326 2.36999988555908 2.26999998092651 2 1.82000005245209 1.70000004768372 1.64999997615814 1.55999994277954 1.41999995708466 1.28999996185303 0.970000028610229 0.620000004768372 0.489999158362836 -0.0299999993294477 0.119999997317791
3.49000000953674 3.49000000953674 3.51999998092689 3.46000003814601 3.08999991416931 2.95000004768372 2.91000008582913 2.77999997138977 2.80999994277954 3.00999999046326 3.17000007629395 3.41000008560158 3.76999998055473 3.78999996199426 4.1399998664856 4.48000001907349 4.71000003814697 4.76999998092651 5.05000019073486 5.15000009536743 5.13000011466451 5.26000022888184 5.34999990463257 5.42000007629395 5.36999988555908 5.05999994277954 4.6100001335144 4.36000013351441 3.84999990463257 3.48000001907349 3.16000009003613 3.00000005316513 2.83999991416931 2.51999998092651 2.39000010490418 2.17000007629395 1.97000002861023 1.89999997615814 1.75 1.53999996185303 1.27000008008511 1.0900000333786 0.709999978542328 0.319999992847443 -0.219999998807907 -0.439999997615814 -0.180000007152557
3.55999994277954 3.39000010490417 3.59999990463201 3.46000003814627 3.24999999999884 2.83999991416931 2.72000002860742 2.51999998092651 2.49000000944654 2.74999999984624 2.67000007629395 3.03999996185303 3.51999998092651 3.72000002874401 4.07000017166138 4.3899998664856 4.65000009536743 4.76000022888184 5 5.05000019073486 5.05999994277954 5.21999979019165 5.32000017166138 5.36999988362099 5.40000009536743 5.11999988555908 4.67999982833862 4.42999982833862 3.97000002861023 3.60999989509583 3.46000006552993 3.25 3.00999999046326 2.72000004272103 2.57999992370605 2.35999989509583 2.15000009536743 2.02999997138977 1.82000005245209 1.53999996185303 1.36000001430511 0.949999988079071 0.509999990463257 0.189999997615814 -0.280000001192093 -0.490000009536743 -0.300000011921739
3.55999994277954 3.46000003814697 3.39000010490417 3.29999995231628 3.17000007629394 2.81999993323972 2.55999994277208 2.17000007629395 1.97000002861023 2.36999988555908 2.5699999332428 2.97000002861023 3.35999989509583 3.58999991416931 3.9300000667572 4.30999994277954 4.44000005734655 4.65999984741211 4.90000009536743 4.98999977111816 4.96999979019165 5.19000005722046 5.30000019073486 5.30000019073486 5.26999998092651 5.05000019073486 4.69000005722046 4.44999980926514 4.05999994277954 3.73000003478423 3.67000007629395 3.35999989509583 3.10999989509583 3.00999999046326 2.78999996185303 2.55999994277954 2.44000005722046 2.21000003814697 1.89999997615814 1.57000005245209 1.37000000476837 0.889999985694885 0.330000113121224 0.119999997317791 -0.200000002980232 -0.349999994039536 -0.349999994039536
3.58999991416931 3.47000002861023 3.38000011444092 3.28999996185303 3.1800000667572 2.80999994277954 2.63000011444092 2.29999995231628 2.1800000667572 2.38000011444092 2.53999996185303 2.88000011444092 3.25999999046326 3.46000003814697 3.89000010490417 4.21000003814697 4.32999992388702 4.55999994277954 4.80000019073486 4.96999979019165 4.98000001907349 5.13999986648559 5.13000011444092 5.15999984741211 5.15999984741211 4.98000001907349 4.84000015258789 4.44999980926514 4.09999991011933 3.85999989697321 3.74000000953674 3.48000001907349 3.22000002861023 3.10999989509582 2.94000005722046 2.76999998092651 2.64000010490417 2.38000011444092 2.02999997138977 1.82000005245209 1.35000002384186 0.889999985694885 0.380000229150299 0.189999997615814 -0.0500000007450581 -0.159999996423525 -0.170000001788139
4.07000017166138 3.63000011444092 3.54999995231628 3.51999998092651 3.21000003814697 2.92000007629394 2.75999999046326 2.48000001907349 2.39000010490417 2.4200000763066 2.58999991416931 2.85999989509583 3.19000005722046 3.36999988555908 3.71000003814697 4.07999992370605 4.25 4.48999977111816 4.73000001907349 4.86000013388554 5.03000020980835 5.09000015258789 5.1399998664856 5.11999988555908 5.01999998092651 4.80000019073486 4.61999988555908 4.40999983408221 4.1399998664856 4.01999998092651 3.78999996185303 3.55999994277954 3.47000002861023 3.23000001907349 3.0699999332428 2.95000005679498 2.85999989509583 2.59999990463257 2.1800000667572 1.91999995708466 1.41000004585603 0.899999976158142 0.660000026226044 0.319999992847443 0.140000000596046 0.0900000035762787 0.0299999993294477
4.32000017166138 4.07999992370605 4.01000022888184 3.9300000667572 3.84999990463257 3.05999994277954 2.91000008583069 2.66000008583069 2.54999995231628 2.56999993325005 2.6800000667572 2.86999988555908 3.16000008583069 3.30999994277954 3.60999989509583 3.98000001907349 4.13000011444092 4.3899998664856 4.63000011444092 4.76000022888184 4.92999982833862 5.01000022888184 5.0500001905871 4.92999982833862 4.78000020980835 4.63000010769705 4.48000001907349 4.23999977111816 4.07000017166138 3.96000003814697 3.75 3.63000011444092 3.53999996185303 3.35999989509583 3.1800000667572 3.11999988555908 2.99000000953674 2.80999994277954 2.55999994277954 2 1.54999995231628 1.00000020548544 0.730000019073486 0.509999990463257 0.419999986886978 0.370000004768372 0.270000010728836
