SnowAccumulation_R/test/tmin/final_tmin_21_04_2009.asc
NCOLS 97 
NROWS 69 
XLLCORNER 52512.810182332 
YLLCORNER 5316225.2758522 
CELLSIZE 10000 
NODATA_value -9999 
[rows 40 to 59 of 69, columns 0 to 46 of 97]
-9999 -9999 2.02999997138977 -0.249999637393978 -0.399999964835554 -0.200000002980232 -0.300000011920929 0.349999994039536 0.430000007152557 2.53999996185303 -0.25 0.730000019073486 -0.419999986886978 -0.200000002980232 0.209999993443489 0.600000023841858 0.219999998807907 1.6599999666214 2.05999994277954 2.22000002861023 3.39000010490417 4.11999988555908 3.90000009495654 3.85999989522149 3.90000009536743 3.79999995256402 3.79999995038728 3.51999998092651 2.96000003814697 2.78999996185303 2.75 2.70000004768372 2.41000008583069 1.98000001907349 1.72000002861023 1.38999998569489 1.24000000953674 1.20000004768372 1.27999997138977 1.30999994277954 1.32000005245209 1.44000005722046 2.24000000953674 2.74000000953674 3.32999992370605 3.5699999332428 4.01999998092651
-9999 -9999 1.97000002861023 0.170000001788139 -0.0199999819206544 -0.159999996423721 0.140000000596046 -0.200000002980232 -0.129999995231628 2.14000010490417 -0.28999999165535 -0.340000003576279 -0.259999990463257 -0.28999999165535 -0.109999999403954 0.340000003576279 0.189999997615814 0.469999998807907 1.51999998092651 2.55999994277954 3.39000010333236 3.71000003674706 4.09999990463257 4.09000015258789 4.11999988555908 3.95000004768372 3.86999988568885 3.4300000667572 3.46000003814697 2.97000002861023 2.75 2.75999999046326 2.72000002861023 2.13000011444092 1.79999995231628 1.64999997615814 1.35000002384186 1.25999999046326 1.11000001430511 1.37000000476837 1.54999995231628 1.74000000953674 2.44000005722046 2.90000009536743 3.25 3.67000007629395 4
-9999 -9999 1.97000002861023 0.479999989271164 -0.0399999991059303 -0.0500001054120692 -0.189999997615814 -0.0900000035762787 -0.0599999613632365 1.19000005722046 -0.219999998807907 1.41999992279935 0.639999985694885 -0.540000021457672 -0.479999989271164 0.469999998807907 -0.319999992847443 1.20000004367143 2.57999991548815 3.49999999501286 3.75 3.98000001907349 4.53000020980835 4.69999980900983 4.73000001899524 4.17000007629395 3.72000002861023 3.33999991416931 3.35999989509583 2.95000004768372 3.02999997138977 3.13000011444092 2.94000005722046 2.76999998092651 2.15000009536743 2 1.78999996185303 1.63999998569489 1.37999999523163 1.20000004768372 1.38999998569489 2.09999990463257 2.63000011444092 2.86999988555908 3.24000000953674 3.77999997138977 3.88000011444092
-9999 -9999 1.42999994754791 0.340000003576279 0.310000002384186 -0.0700000002980232 0.0399999991059303 -0.0900000035762787 0.899999976158142 0.0199999995529652 1.13999998569489 -0.270000010728836 -0.270000010728836 0.0199999995529652 -0.589999973773956 0.200000002980232 -0.680000007152557 1.0900000333786 2.29999995231628 3.36999988555908 3.61999988555908 4.13000011444092 5.15000009536743 5.53999996185303 5.28000020980835 4.44000005722046 3.74000000953674 2.78999996185303 3.27999997138977 2.9300000667572 3.03999996185303 3.17000007629394 2.92000007629395 2.79999995231628 2.45000004768372 2.54999995231628 2.4300000667572 2.1800000667572 1.83000004291534 0.779999971389771 1.45000004768372 2.07999992370605 2.54999995231628 2.89000010490417 3.48000001907349 3.80999994277954 3.9300000667572
-9999 -9999 2.15000009536743 0.699999988079071 0.439999997615814 -0.0700000002980232 0.28999999165535 -0.010000042306075 1.74000000953674 1.3400000333786 3.0699999332428 1.0900000333786 -0.100000001490116 -0.439999997615814 0.330000013113022 0.170000001788139 -0.600000023841858 0.959999978542328 2.74000000953674 3.58999991416931 3.80999994277954 4.30000019073486 5.03999996185303 6.21000003814697 8.36999988555908 5.80999994277954 4.69999980926514 3.68000006728288 3.6800000667572 3.03999996185303 3.00999999046326 3.04999995231628 2.80999994277954 2.88000011444092 2.71000003814697 2.75 2.44000005722046 2.3199999332428 2.0699999332428 1.83000004291534 1.8400000333786 2.1800000667572 2.67000007629395 2.91000008583069 3.45000004768372 3.80999994277954 3.98000001907349
-9999 -9999 2.28999996185303 0.849999855349318 0.230000004172325 0.140000000596046 0.100000000106695 0.189999997615814 0.0900001238796442 0.240000014386735 3.25999999046326 0.769999980926514 -0.0799999989962759 0.270000010728836 0.660000026226044 0.119999997317791 -0.0799999982118607 0.879999995231628 2.90000009536743 3.75999999046326 4.59000015258789 4.98000001907349 6.03999996185303 6.32000017166138 5.8600001335144 5.36999988555908 5.11000013351441 3.72000002922466 2.9900000102198 3.21000003814697 3.27999997138977 3.34999990463257 3.19000005722046 3.36999988555908 3.04999995231628 2.70000004768372 2.57999992370605 2.5699999332428 2.47000002861023 2.5 2.53999996185303 2.64000010490417 2.83999991416931 3.14000010490417 3.49000000953674 3.86999988555908 4.19999980926514
-9999 -9999 2.47000002861023 0.409999996423721 0.569999992847443 0.75 0.490000009536743 0.280000001192093 0.239999994635582 1.50000033834251 3.5 0.75 0.100000001490116 0.430000007152557 0.589999973773956 0.949999988079071 0.670000016689301 1.58000004291534 2.24000000953674 4.26999998092651 5.11999988555908 6.40999984741211 7.42999982833862 6.8600001335144 5.51999998183297 5.51999998092651 4.71999979060438 3.70000004768372 2.70000004768372 3.40000009536743 3.82999992370605 3.63000011444092 3.53999996185303 3.66000008583069 3.47000002861023 3.05999994277954 2.74000000953674 2.75999999046326 2.79999995231628 2.70000004768372 2.71000003814697 2.64000010490417 2.96000003814697 3.14000010490417 3.64000010490417 3.79999995231628 4.36999988555908
-9999 -9999 2.76999998092651 0.610000014305115 1.10000002384186 0.939999997615814 0.850000023841858 0.349999994039536 0.550000011920929 2.91000008583069 3.94000012824736 1.3400000333786 0.419999986886978 0.620000004768372 0.740000009536743 1.17999994754791 1.20000004768372 1.92999994754791 4.76000010132267 6.01000022888184 6.19000005722046 8.17000007629395 8.40999984741211 7.61999988555908 6.46999979123595 5.73999977267102 5.32999992370605 4.17999982833862 4.32000017166138 4.01999998092651 4.05999994277954 3.73000001907349 3.74000000953674 3.78999996185303 3.59999990463257 3.29999995231628 3.49000000953674 3.29999995231628 2.90000009536743 2.65000009536743 2.77999997138977 2.85999989509583 2.91000008583069 3.53999996185303 3.49000000953674 3.25 3.85999989509583
-9999 1.87000000476837 2.97000002861023 1.5900000333786 0.87999995426552 1.23000001907349 0.629999995231628 0.59000001337609 1.37999999523163 3.96000003814697 4.30000018332888 1.40000016756941 0.740000009536743 0.790000021457672 1.01999998092651 1.47000002861023 1.73000001907349 2.4300000667572 2.92000007629394 6.19000005722046 7.36999988555908 8.59000015258789 9.02000045776367 8.97999954223633 8.8100004196167 6.86999988555908 6.67000007629395 5.59000015258789 5.26000022888184 4.44000005722046 4.65999984720767 4.3899998664856 4.30000019075502 4.25 3.71000003814697 3.57999992370605 4.17000007629395 3.67000007629395 3.27999997138977 3.04999995231628 3.35999989509583 3.27999997138977 3.36999988555908 3.58999991416931 3.64000010490417 3.51999998092651 3.65000009536743
-9999 2.6800000667572 3.10999989509582 1.1599999666214 1.30999994277954 0.97000002861023 1.98000001907349 2 2.58999991416931 4.34999990463257 3.88000011444092 3.5699999332428 1.00000005664888 1.5700000522478 1.70000004768372 1.91999995708466 2.20000014244113 3.48000001907349 3.60999989509583 7.34000021397709 8.14999961853027 8.57999992370605 9.17000007629395 9.19999980926513 9.42000007629395 8.14999961853027 7.1399998664856 6.44999980926514 5.65999984741211 5.40000009518226 5.42000007629395 5.51999998092651 5.1399998664856 4.59999990463257 4.1100001335144 4.05999994277954 4.32000017166138 3.78999996185303 3.86999988555908 3.76999998092651 3.85999989509582 3.84999990463257 3.69000005722046 3.71000003814697 3.83999991416931 3.36999988555908 3.48000001907349
-9999 1.00999999046326 2.27000034674784 1.53999996185303 0.720000028610229 1.01999998092651 1.08000004291534 1.22000002861023 1.62999999523163 2.88000011444092 3.5 3.25999999046326 2.17000007629394 2.1800000667572 2.04999995231628 2.32999992370605 3.16000008583069 4.01000022888184 4.61999988555908 8.60999965094794 8.77999973297119 9.18000030517578 10.1199998855591 9.85999965667725 10.0299997329712 9.47999954223633 8.39000034332275 7.00000000083816 7 6.4099998473641 5.80000019073486 5.46000003814697 5.32000017166138 4.78999996185303 4.78000020980835 4.71000003814697 4.19000005722046 4.15000009536743 4.09000015258789 4.07999992370605 4.15000009536743 3.99000000953674 3.91000008583069 3.82999992370605 3.89000010490418 3.34999990463257 3.25
-9999 1.58999985312091 3.6800000667572 1.85000002384186 0.949999988079071 1.55999994277954 1.61000001430511 1.42999994754791 1.36000005974359 3.14000010490418 2.70000004768372 2.24000000953674 2.32999992370605 2.35999989509583 2.60999989509582 2.78999995957506 3.29999995231628 4.03999996185303 3.88000011444092 8.10000038146973 9.31000041577619 10.1300001144409 11.0900001525879 11.1899995803833 9.80000019280818 9.80000019073486 8.57999992439218 7.73999977111816 7.32000017205858 9.89000034332275 6.53000020980835 6.26999998092651 5.96999979019165 5.76999998092651 5.71000003814697 5.40000009536743 5.09999990463257 4.53999996185303 4.28000020980835 4.44000005722046 4.63000011444092 4.69000005722046 4.17000007629395 3.9300000667572 3.69000005722046 3.64000010490418 3.50999999046326
-9999 1.48000001907349 3.64000010490417 3.10999989509582 1.36000001430511 2.25999999046326 1.76999998092651 1.71000003814697 1.98000001907349 2.75999999046326 1.98000001907349 2.38000011444092 2.35999989509582 2.24000000953674 1.91999995708466 3.46000003814697 3.63000014457525 4.07999992370606 4.23999977111816 6.67000007629394 9.22000015733063 12.3400001525879 11.710000038147 11.6199998855591 11.210000038147 10.8500003814697 9.53999996185303 9.26000022888184 8.05000019073486 7.69000005722046 7.03999996207246 6.48000001926132 6.32000017166138 7.23000001907349 6.71999979021316 5.48000001907349 5.34999990463257 5.03000020980835 5.03999996185303 5.05000019073486 5.53000020980835 5.42000007629395 4.65999984741211 4.36000013351441 3.82999992370606 3.9300000667572 3.76999998092651
-9999 1.6599999666214 1.54999995231628 3.96999970102646 1.62000000476837 2.76999998092651 2.34999990463257 1.89999997615814 2.3199999332428 2.67000007629395 2.29999995231628 2.60999989509582 2.54999995231628 2.19000005722046 2.49000000736895 3.51999998092651 4.42999982833862 4.69999980926514 5.1399998664856 5.98999977111816 9.73999977111816 10.4499998092651 11.0699996924518 11.2399997711182 11.0500001907349 11.0600004196167 10.1300001144409 9.88000011444092 9.02999973297119 8.47999954223633 7.69999980942109 7.11999988555908 8.42000007629395 7.76999998092651 7.17000007632487 6.86999988555908 6.40999984741211 6.13000011444273 6.05999994277954 6.03999996185303 6.03000020980835 5.25 5.57000017166138 4.78000020980835 4.48999977111816 4.73000001907349 4.59000015258789
-9999 1.79999995231628 2.4300000667572 4.1100001335144 3.25999999046326 2.76999998092651 2.65000009536743 2.39000010490418 2.67000007629395 2.76999998092651 2.45000004768372 2.78999996185303 2.74000000953674 2.29999995231628 2.63000011444092 4 4.53999996185303 4.69999980926514 5.38000011444092 5.52000003183148 6.94000005453173 10.4499997055893 10.960000038147 11.1199998855591 11.460000038147 10.6400003433228 9.69999980926514 9.6899995803833 9.51000022888183 8.1499996190269 7.78000020980835 7.8600001335144 9.09000015258789 8.71000003814697 7.61999988555908 7.15000009536743 6.59000015258789 6.28000020981016 6.23000001907349 6.19999980926514 6.17000007629395 6.01999998092651 5.76000022888184 5.61000013351438 5.30000019073486 5.01000022888184 4.88000011444092
-9999 1.99000007120264 2.34999990463257 3.10999989509583 4.36999988555908 2.8199999332428 3.30999994277954 2.8199999332428 2.64000010490417 2.64000010490417 2.75999999046326 2.99000000953674 3.08999991416931 2.75 2.99000000953674 4.19999980926514 4.84000015258789 5.03999996185303 5.78999996185303 7.25 6.96000003814697 6.92999983710126 6.71000003814697 10.8999996135242 11.7700004577637 10.9099998474121 10.3199996948242 10.0799999237061 9.19999981027177 8.39000034332275 7.96000003814697 8.06999969482422 8.86999988555908 8.61999988555908 8.10000038146973 7.57000017166138 6.6100001335144 6.32999992370707 6.32000017166138 6.32999992370605 6.30999994277954 6.13000011444092 5.92999982833862 5.80999994277954 5.53000020980835 5.23000001907349 5.07999992370605
-9999 2.63750004768372 2.21499991416931 4.26000022888184 3.44499993023757 3.98250007629395 3.26999998092651 2.96000003814697 2.97000002861023 2.97000002861023 3.0699999332428 3.13000011444092 3.40000009516544 3.3199999332428 3.46000003814697 4.19000005722046 4.86999988555908 5.09000015258789 5.92000007629394 7.40999984741211 6.86000013351441 6.57000017166138 6.96999978873672 10.6099996566772 11.3699998855591 11.0100002288818 10.8400001525879 10.0799999237061 9.39000034332275 9.02999973297119 8.71000003814697 7.76999998092651 7.65000009536743 8.18000030517578 7.61999988555908 7.34000015258789 6.6100001335144 6.32000017166138 6.36999988555908 6.44999980926514 6.36000013351444 6.26999998092651 6.05999994277954 5.94000005722033 5.67999982833862 5.42000007629395 5.28000020980835
-9999 3.48000001907349 3.6175000667572 3.91000008583069 3.43249988555908 3.80999994277954 4.04250001907349 3.3499999196963 2.77250003814697 1.01499998569489 1.55250000953674 1.29499995708466 2.09750008583069 2.50500011444092 1.29499995708466 1.17499995565528 0.0299999993294477 0.0299999993294477 0.805000007152557 0.555000007152557 1.3474999666214 1.19749999046326 2.05749988555908 3.39499998092651 8.45999996312502 9.85000038146973 10.1899995803833 9.39999961853027 8.92000007629395 8.81999969482422 8.43000030517578 8.0600004196167 8.10999965667725 7.94999980926514 7.65000009536743 7.48999977111816 6.78000020980835 6.48000001907349 6.46000003814697 6.46000003814697 6.34000015258802 6.28999996185303 6.05999994277954 5.94999980926511 5.69999980926514 5.48000001907349 5.40000009536743
-9999 2.45250010490417 3.39000012135527 2.47250008583069 4.375 3.49000000953674 4.60249996185303 4.13000011444092 3.3824999332428 1.83249998092651 0.809999998396233 1.41750001907349 2.22499990463257 3.14000010490418 1.26250004768372 1.19249999523163 0.807500004768371 -0.0699999928474426 0.752499994311834 0.314999997615814 0.417499989271164 0.790000021457672 1.61000001430511 2.23000001907349 2.44000005722046 1.82249999046326 6.01999998335555 5.58249998352138 5.77750015258789 6.24499988548825 6.60500001907349 6.86749982833862 6.6399998664856 6.79250001907349 7.03749990463257 7.2024998664856 6.99749994277954 6.57250022888184 6.19000005722046 6.52500009536743 6.22749996185426 6.76249980926514 6.7024998664856 6.8425002098084 6.19999980926514 5.49749994277954 5.53000020980835
-9999 1.95749998092651 3.0625 2.23250007629395 4.06750011444092 2.96250009343954 3.70250010490417 2.97749996185303 3.89750003814697 1.87750005722046 0.332500010728836 1.95000004768372 3.65750002861023 2.6800000667572 1.92999994754791 0.977500021457672 0.872500002384186 0.28999999165535 0.349999994039536 0.625 -0.127499997615814 0.492500041822623 1.85500001907349 3.00250005722046 2.62750005722046 3.34249997138977 5.63749980926514 5.91499996185303 5.57000017166138 6.40749978967736 6.55999994277954 6.625 6.625 6.89249992370605 6.9524998664856 6.94999980926514 7.51999998092651 6.69250011444092 5.99499988555908 6.35750007629395 6.04250001907365 6.26749992370605 6.67500019073486 6.9375 6.28249979019165 5.45749998092651 5.11499977111816
