SnowAccumulation_R/test/tmin/final_tmin_28_04_2009.asc
NCOLS 97 
NROWS 69 
XLLCORNER 52512.810182332 
YLLCORNER 5316225.2758522 
CELLSIZE 10000 
NODATA_value -9999 
[rows 0 to 19 of 69, columns 45 to 89 of 97]
-9999 -9999 -9999 -9999 -9999 -9999 -9999 -9999 -9999 -9999 -9999 -9999 -9999 -9999 -9999 -9999 -9999 -9999 -9999 -9999 -9999 -9999 -9999 -9999 -9999 -9999 -9999 -9999 -9999 -9999 -9999 -9999 -9999 -9999 -9999 -9999 -9999 -9999 -9999 -9999 -6.76000022888184 -6.65000009536743 -6.53000020980835 -6.34000015258789 -6.26999998092651
-9999 -9999 -9999 -9999 -9999 -9999 -9999 -9999 -9999 -9999 -9999 -9999 -9999 -9999 -9999 -9999 -9999 -9999 -9999 -9999 -9999 -9999 -9999 -9999 -9999 -9999 -6.75 -6.96000003814697 -7.30999994277954 -7.36999988555908 -6.94000005722046 -6.6100001335144 -6.59000015258789 -6.59000015258789 -6.48000001907349 -6.5 -6.57000017166138 -6.84999982358294 -6.96000003814697 -6.75000014240892 -6.6399998664856 -6.57999992370605 -6.42999982833862 -6.40999984741211 -6.21999979019165
-5.53999996185303 -5.40999984741211 -5.36999988555908 -5.3600001335144 -5.38000011444092 -5.69999980926514 -5.82999992370605 -5.8600001335144 -5.98999977111816 -6.11999988555908 -6.09999990463257 -6.26000022888184 -6.38999986648559 -6.61999988555908 -6.80000019084819 -7.21000003814697 -7.28999996185303 -7.19999980926514 -7.17000007629395 -7.15000009536743 -7.15000009541577 -7.21999979019165 -7.07999992370605 -6.94999980926514 -6.78000021591912 -6.65999984782621 -6.6399998664856 -6.76000022888184 -7.19000005722046 -7.55000019073486 -7.26999998092651 -6.84999990463257 -6.65000009536743 -6.55999994277954 -6.42999982833862 -6.44999980926514 -6.42999983838634 -6.46000003814697 -6.70999980912892 -6.53999996185303 -6.48000001907349 -6.55000019073486 -6.48000001907349 -6.34999990463257 -6.26999998092651
-5.28000020980835 -5.01999998092651 -5.09999990463254 -5.17000007629394 -5.17999982833862 -5.53999996185303 -5.67000007629395 -5.73000001907349 -5.78999996185342 -5.94000005722046 -6.28999996185303 -6.23999977111816 -6.42000007629395 -6.69999980926514 -6.96000003814697 -7.44999980926514 -7.73999977111816 -7.28999996185303 -7.17000007629395 -7.13000011444092 -7.17000007629394 -7.21000003814697 -7.21999979019165 -6.94999981692234 -6.92000007629394 -6.78999996185303 -6.65999984741211 -6.57999992370605 -6.96000003814697 -7.42000007629395 -7.11000014837061 -6.76999998092651 -6.44000005722046 -6.51000022888184 -6.42000007629395 -6.42999982833862 -6.40000009536743 -6.40000011464942 -6.46999979019165 -6.46000003814697 -6.44999980926514 -6.44000005722046 -6.42999982833862 -6.32000017166138 -6.36000013351441
-5.59000015258789 -5.30999994277954 -4.96999979019165 -4.94999980926514 -5.19999980926514 -5.28999996185303 -5.57000017166138 -5.69999980926514 -5.69000005721929 -5.71000003814697 -6.13000011444092 -6.40999984741211 -6.59000015258789 -6.78000020980835 -7 -7.26999998092651 -7.3899998664856 -7.28000020980835 -7.17999982833862 -7.13999986645392 -7.07000017166138 -7.15000009536743 -7.17999982833862 -7.15000009536743 -6.78000020993748 -6.75 -6.61999988555908 -6.55000019073486 -6.65999984741211 -7.07999992370605 -7.19000005722046 -6.73999977111816 -6.46999979019165 -6.44999980926514 -6.34000015258789 -6.40000009536743 -6.59999981568907 -6.51999998092651 -6.46000003814697 -6.44999980926514 -6.44999980926514 -6.40000009536743 -6.38999986648559 -6.40999984741211 -6.23999977111816
-5.59000015258789 -5.34000015258789 -5.05999994277954 -4.86999988555908 -4.82000017166138 -4.92999982833862 -5.1399998664856 -5.32999992370606 -5.55999994277954 -5.6399998664856 -5.92999982833862 -6.19000005722046 -6.36999988555908 -6.53000020984206 -6.78000020980835 -7.01000022888184 -7.13000011444092 -7.48000001907349 -7.32000017166138 -7.1399998664856 -6.98999976856169 -7.01000022888184 -7.09999990463257 -7.15999984741211 -7.01999998092651 -6.69000005722046 -6.6399998664856 -6.59999990463257 -6.48000001907349 -6.53000020980835 -6.73999977111816 -6.6399998664856 -6.3899998664856 -6.32999992370605 -6.28000022883591 -6.26000022888184 -6.23999977111816 -6.36999988555908 -6.42000007629395 -6.42000009660612 -6.40999984741211 -6.32000017166138 -6.3600001335144 -6.38000011444092 -6.26000048522736
-5.51000022888184 -5.36999988555908 -5.23000001907341 -4.82000017166138 -4.84000015258789 -4.78000020980835 -4.73000001907349 -4.80000019073486 -4.90999984741211 -5.3899998664856 -5.55000019073486 -5.94000005722046 -6.28000020980835 -6.38000011444468 -6.67000007629395 -6.76999998092651 -7.15999984741211 -7.46999979019165 -7.40000009273927 -7.44999980926514 -7.01000022888184 -6.94999980926514 -6.94999980926514 -7.15000009536743 -7.23999977111816 -6.69000005722046 -6.59999990463257 -6.57999992370605 -6.51000022888184 -6.44000005722046 -6.42000007629395 -6.38999986648559 -6.30000019073486 -6.30000019073486 -6.26999998092651 -6.01000022888184 -6.09999990463257 -6.15000009536743 -6.28000020980835 -6.23999977111816 -6.28999996185303 -6.26000022888184 -6.28999996185303 -6.34000015258789 -6.36000013351441
-5.46000003814697 -5.23999977111816 -5.07999992370602 -4.88000011444092 -5.01000022888184 -4.82000017166138 -4.76000022888184 -4.69000005722046 -4.75 -4.94999980926514 -5.26000022888184 -5.6399998664856 -6.01999998092651 -6.1399998664856 -6.57999992370605 -6.69999980926514 -7.05000018921406 -6.98999977111816 -7.09000015258789 -7.28000020980835 -7.26000022888184 -6.90000009536743 -6.90000009536743 -7.01000022895827 -7.25 -6.71000003814697 -6.55000019073486 -6.55000019073487 -6.53999996185303 -6.48999977111816 -6.28999996185303 -6.34999990463257 -6.17000007629395 -6.1100001335144 -5.92000007629394 -5.92000007629395 -5.98000001907349 -6.01999998092651 -6.07000017166138 -6.09000015258789 -6.17000007629395 -6.25 -6.23999977111816 -6.28000020980835 -6.26999998092651
-5.42999982833862 -5.09000015258789 -4.94999980926514 -4.94999980926514 -4.92000007629395 -4.96000003814697 -4.69999980926514 -4.65000009536743 -4.71999979019165 -4.76999998092651 -5.26999998092651 -5.42000007629395 -5.82000017166138 -5.90999984741211 -6.24999999971271 -6.30999994277954 -6.65999984741211 -6.94000005722046 -7.01999998092651 -7.19999980926514 -7.15999984741211 -7.01999998092651 -6.90000009536743 -6.92999982833862 -7.11000013351441 -6.80999994277954 -6.57999992370605 -6.48000001916879 -6.5 -6.48000001907349 -6.3600001335144 -6.21000003814697 -5.96999980012682 -5.82000017166138 -5.80999994277954 -5.76000022888184 -5.78999996185303 -5.86999987435303 -5.90999984741211 -5.98000001907349 -6.11999988555908 -6.11999988555908 -6.11999988555908 -6.05000019073486 -6.11999988555908
-5.19000005722046 -5.05000019073486 -5.01999998092651 -4.92999982833862 -5.1399998664856 -5.11999988555908 -4.8899998664856 -4.76999998092569 -4.71999979019165 -4.82999992370605 -4.98999977111816 -5.26999998092651 -5.51999998050981 -5.51000022888184 -5.76999998092651 -6.03000020980835 -6.55999994277954 -6.76000022900177 -6.92999982833862 -6.94000005722046 -7.19000005722046 -7.32999992370605 -7.15999984718681 -6.92000007629394 -7.05000019073486 -6.84000015258789 -6.71999979019165 -6.55999994277954 -6.38000011444092 -6.32000017166138 -6.25 -6.1399998664856 -5.96999979019165 -5.80000019073486 -5.65999984741211 -5.55999994277954 -5.67000007629395 -5.73999977111816 -5.88000011444092 -5.80999994277954 -5.96999979019165 -5.94999977952286 -5.98000001907349 -6.07999985762326 -6.01000022888184
-5.30000019073486 -5.1100001335144 -5.21000003814697 -5 -5.15000009536743 -5.26999998092651 -5 -4.84999990463114 -4.88000011442276 -4.98999977113395 -5.15999984741211 -5.07000017166138 -5.13000011443303 -5.28999996185303 -5.55000019073486 -5.80000019073486 -5.94999980926514 -6.34999990463257 -6.76999998092651 -6.82000017166138 -7.19000005722046 -7.40999984741211 -7.38000011444092 -7.3899998664856 -7.09999990463257 -6.80999994277954 -6.73000001947279 -6.61999988555908 -6.40999984741211 -6.28000020980835 -6.21000003814697 -6.09999990787133 -6.03000020980835 -5.80000019073486 -5.69000005722046 -5.55000019073486 -5.55999994277954 -5.75 -5.71000003814697 -5.80999994277954 -5.80000019073486 -5.86999988555908 -5.96999979019165 -5.92999982833862 -5.90999984741211
-5.5 -5.19000005722055 -5.23000001907319 -5.23999977111788 -5.23999977111728 -5.09000015258545 -4.96000003814697 -5.03999996185303 -4.92000007629395 -5.15000009536743 -5.17000007629394 -5.1100001335144 -5.15999984741211 -5.15999984741211 -5.46999979019165 -5.65999984741211 -5.73000001907349 -5.8600001335144 -6.46000003814697 -6.6100001335144 -6.98000001907349 -7.26000022888184 -7.36999988555908 -7.55999994277954 -7.32000017166138 -7.03999996185303 -6.76000022888184 -6.59000015258789 -6.48999977111816 -6.28999996185303 -6.21000003814697 -6.17000007629394 -6.1100001335144 -5.8899998664856 -5.71999979019165 -5.61999987969478 -5.53999996185303 -5.75 -5.73999977111816 -5.78999996185303 -5.82999992370605 -5.80999994277954 -5.82000017166138 -5.8899998664856 -5.86999992259724
-5.38000011444092 -5.23000001907349 -5.11999988555907 -5.07999992370605 -4.94000005722046 -5 -4.90999984741211 -5.03000020980835 -4.8600001335144 -4.92000007629395 -5.15999984741211 -5.15999984741211 -5.23000001907349 -5.3600001335144 -5.3899998664856 -5.53000020980835 -5.55999994288528 -5.73000001907349 -6.07999992370606 -6.32000017166138 -6.57999992370605 -6.69000005774824 -7.07000017166138 -7.30999994277954 -7.40000009536743 -7.28000020980835 -6.82999992370606 -6.57000017166138 -6.53999995520656 -6.36000013351441 -6.25 -6.21999979019165 -6.1100001335144 -5.94999980926514 -5.65000009536743 -5.71000003814697 -5.76000022888184 -5.84000015258789 -5.82999992370605 -5.7899999967196 -5.78999996185303 -5.74999992048314 -5.78999996185303 -5.88000011444092 -5.84999990463257
-5.32000017166138 -5.34000015258789 -5.40000009536743 -5.03999996185303 -4.98000001907349 -4.96999979019165 -4.92999982833862 -4.88999986648559 -5.30999994277954 -5.42000007629395 -5.05000019073486 -5.23000001907349 -5.28000020980835 -5.38000011444092 -5.42000007629395 -5.42999982833862 -5.44999980938126 -5.63000011444092 -5.78999996185303 -5.96000003814697 -6.19999980926514 -6.32999992370605 -6.73000001907349 -7.01000022888184 -7.1399998664856 -7.03999996185303 -6.69000005722046 -6.46000002753438 -6.42999982833862 -6.32000017166138 -6.36999988555908 -6.23999977111816 -6.07000017166138 -5.86999988555908 -5.78999996185303 -5.8600001335144 -5.96000003814697 -6.05999994277954 -5.76999998092651 -5.69000005722046 -5.73999971696302 -5.63000011444092 -5.76000022888184 -5.76999998092651 -5.78999996185303
-5.5 -5.26000022888184 -5.26999998092651 -5.42000007629395 -5.01000022888184 -4.88000011444092 -4.90999984741211 -5.09000015258789 -5.42000007629395 -5.67000007629395 -5.44999980926514 -5.65999984742093 -5.59000015258789 -5.34999990463257 -5.36999988555908 -5.46999979019165 -5.57999992370606 -5.51000022888184 -5.76000022888184 -5.94000005722046 -5.96000003825338 -6.19999980926514 -6.53999996185303 -6.78000020980835 -6.84000015258789 -6.73000001907349 -6.40999982428916 -6.28999996185303 -6.26999998092651 -6.32999992370605 -6.42000007629395 -6.19000005722046 -5.94999980926514 -5.98000001907349 -5.98999977111816 -5.84000015258789 -5.96000003814697 -5.8899998664856 -5.90999984741211 -5.65999984741211 -5.84999990463257 -5.65000009536743 -5.65999983637145 -5.65000009536743 -5.67000007629395
-5.53000020980835 -5.40999984741211 -5.3600001335144 -5.30000019073486 -5.26999998092651 -5.21000003814697 -5.21000003814697 -5.28999996185303 -5.32999992370605 -5.69000005722046 -5.84000015258789 -5.80000019073486 -5.67999982833862 -5.61999988555908 -5.73000001907349 -5.76999998092651 -5.57999992370605 -5.3899998664856 -5.69999980926514 -5.80000019073486 -5.86999988555908 -5.98999977111816 -6.15999984741211 -6.40000009536743 -6.46000003814697 -6.01000022888184 -6.38000011444092 -6.13000011444092 -6.26999998092651 -6.38000011444092 -6.28999996185303 -6.05999994277954 -5.8899998664856 -5.8600001335144 -5.84000015258789 -5.90000009536743 -5.8600001335144 -6.03000017900765 -5.90000009536743 -5.71999979019165 -5.69000005722046 -5.57999992370605 -5.53999996185303 -5.44999980926514 -5.44999980926514
-5.6100001335144 -5.51999998092651 -5.6100001335144 -5.42999982833862 -5.42000007629395 -5.44000005722046 -5.38000011444071 -5.40999984741211 -5.38000011444092 -5.71999979019165 -6 -6.03999996185303 -6.01999998092651 -5.94000005722046 -5.94000005722046 -5.96000003818414 -5.84999990463257 -5.53000020980835 -5.40999984741211 -5.71999979019165 -5.75 -5.73000001907349 -5.8600001335144 -6.05000017918551 -5.88000011444092 -5.92000007629394 -6.07000017166138 -5.94999980926514 -6.21999978968241 -6.23999977111816 -6.17000007629395 -5.94999980926514 -5.75 -5.73999977111816 -5.73000001907349 -5.78000020980835 -5.78999996185303 -5.86999988555908 -5.65999984741211 -5.53000020980835 -5.40999984741211 -5.38000011444092 -5.34000015258789 -5.21000003814697 -5.17000007629395
-5.90000009536743 -5.67000007629395 -5.78000020980835 -5.75 -5.73000001907349 -5.61999988555908 -5.55000019073438 -5.69000005722046 -5.65000009536743 -5.69999980926514 -5.88000011444092 -6.07999992370605 -6.26999998092651 -6.23999977111816 -6.17999982833862 -6.17999982833862 -6.17999982833862 -5.94999980926514 -5.80999994277954 -5.51999998069594 -5.48999977111816 -5.69000005722046 -5.63999986362186 -5.57000017166138 -5.6399998664856 -5.84000015258789 -5.96999979019165 -5.94000005722046 -6.05999994277954 -6.11999988555908 -6.01999998092651 -5.76999998092651 -5.69000005722046 -5.63000011444092 -5.71000003814697 -5.73999977111816 -5.65000012255211 -5.64999998222125 -5.57000017166138 -5.32999992370605 -5.17000012719286 -5.11999988555908 -5.07000017166138 -4.90000009536743 -4.8200001876931
-5.98999977111816 -5.78999996185303 -5.82000017166138 -6 -6 -6.01000022888184 -5.92999982833779 -5.82999992370606 -5.92000007629394 -6.01999998092651 -5.84999990463257 -6.07999992370606 -6.3899998664856 -6.55999994277954 -6.42999982833862 -6.42000007629394 -6.44000005722046 -6.36999988555908 -6.28999996185303 -6.15000009536743 -5.38999988000589 -5.3899998664856 -5.26999998092651 -5.32999992396228 -5.44000005722046 -5.55999994277954 -5.78000020980835 -5.90999984668351 -5.96000003814697 -5.98000001907349 -5.84999990463257 -5.59999990463257 -5.55999994277954 -5.65999984741211 -5.59000015258789 -5.53999996185303 -5.51999987919145 -5.32999992370605 -5.25 -5.05000019073486 -5.01999998092651 -4.92000007629395 -4.76999998092651 -4.55999994277954 -4.51999998092651
-6.03000020980835 -5.96000003814697 -5.94999980926514 -5.96999979019165 -6.1100001335144 -6 -6.01999998092651 -5.8899998664856 -6.19999980926514 -6.21999979019165 -6.19000005721477 -6.32999992370605 -6.42999982833862 -6.57999992370605 -6.59000015258789 -6.57999992370605 -6.69999980926514 -6.48000001907349 -6.44999980797356 -6.21999979019165 -6.05000019073486 -5.67999982833862 -5.32999992370605 -5.21000003814697 -5.23000001907349 -5.30999994277954 -5.5 -5.67000007629395 -5.8600001335144 -5.80999994277954 -5.59999990463257 -5.48000001907349 -5.46999979019165 -5.46999979019165 -5.30999994277954 -5.36000007116729 -5.1100001335144 -5.01000022888184 -4.90000009536743 -4.78999996185303 -4.75 -4.6100001335144 -4.42999982833862 -4.30000019073486 -4.11999988555908
