SnowAccumulation_R/test/tmin/final_tmin_02_04_2009.asc
NCOLS 97 
NROWS 69 
XLLCORNER 52512.810182332 
YLLCORNER 5316225.2758522 
CELLSIZE 10000 
NODATA_value -9999 
[rows 0 to 19 of 69, columns 45 to 89 of 97]
-9999 -9999 -9999 -9999 -9999 -9999 -9999 -9999 -9999 -9999 -9999 -9999 -9999 -9999 -9999 -9999 -9999 -9999 -9999 -9999 -9999 -9999 -9999 -9999 -9999 -9999 -9999 -9999 -9999 -9999 -9999 -9999 -9999 -9999 -9999 -9999 -9999 -9999 -9999 -9999 -12.1499996185303 -12.3299999237061 -12.4499998092651 -12.4700002670288 -12.460000038147
-9999 -9999 -9999 -9999 -9999 -9999 -9999 -9999 -9999 -9999 -9999 -9999 -9999 -9999 -9999 -9999 -9999 -9999 -9999 -9999 -9999 -9999 -9999 -9999 -9999 -9999 -9.02999973297119 -9.17000007629395 -9.35999965667724 -9.4399995803833 -9.3100004196167 -9.25 -9.34000015258789 -9.76000022888184 -10.1700000762939 -10.5900001525879 -11.0100002288818 -11.4499997057018 -11.6400003433228 -12.0399998869007 -12.289999961853 -12.5 -12.6300001144409 -12.6800003051758 -12.6599998474121
-1.8400000333786 -1.96000003814697 -2.25 -2.50999999046326 -3.07999992370606 -3.80999994277954 -4.42000007629394 -4.94999980926514 -5.44999980926514 -5.69999980926514 -6.05999994277954 -6.46000003814697 -6.84000015258789 -7.26999998092651 -7.51000022900032 -7.96000003814697 -8.23999977111816 -8.39999961853027 -8.52000045776367 -8.63000011444092 -8.68999958047997 -8.8100004196167 -8.85999965667725 -8.89999961853027 -8.92000008927936 -9.10000038146973 -9.13000011444092 -9.23999977111816 -9.4399995803833 -9.64999961853027 -9.57999992370605 -9.42000007629395 -9.47000026702881 -9.86999988555908 -10.2799997329712 -10.710000038147 -11.1000003178344 -11.3000001907349 -11.7200003815373 -12.1499996185303 -12.4300003051758 -12.6899995803833 -12.7700004577637 -12.8900003433228 -12.9300003051758
-1.75 -1.87999999523163 -2.3099999427794 -2.60999989509582 -3.23000001907349 -4.01999998092651 -4.67999982833862 -5.23999977111816 -5.48999977112674 -5.94999980926514 -6.40000009536743 -6.67000007629395 -7.03000020980835 -7.42999982833862 -7.67000007629395 -8.10999965667725 -8.4399995803833 -8.52000045776367 -8.63000011444092 -8.75 -8.81999969482422 -8.94999980926514 -9.05000019073487 -9.03999997304429 -9.26000022888184 -9.25 -9.27999973297119 -9.31999969482422 -9.51000022888184 -9.75 -9.69999981357824 -9.61999988555908 -9.71000003814697 -10.0699996948242 -10.4499998092651 -10.8599996566772 -11.0500001907349 -11.4300004690729 -11.9700002670288 -12.3000001907349 -12.6000003814697 -12.7399997711182 -12.9700002670288 -13.1199998855591 -13.2200002670288
-2.01999998092651 -2.16000008583069 -2.44000005722046 -2.72000002861023 -3.47000002861023 -4.21999979019165 -4.98000001907349 -5.57999992370605 -5.80999994278695 -6.17999982833862 -6.59999990463257 -6.92999982833862 -7.23999977111816 -7.57000017166138 -7.78000020980835 -8.14000034332275 -8.42000007629395 -8.60000038146973 -8.73999977111816 -8.80000019082989 -8.90999984741211 -9.05000019073487 -9.30000019073486 -9.39000034332275 -9.34000015260308 -9.36999988555908 -9.40999984741211 -9.46000003814697 -9.57999992370605 -9.8100004196167 -9.89999961853028 -9.86999988555908 -9.98999977111816 -10.289999961853 -10.6300001144409 -10.8400001525879 -11.2700005871358 -11.8000001907349 -12.1300001144409 -12.4700002670288 -12.7799996000459 -12.9099998474121 -13.1800003051758 -13.3900003433228 -13.4700002670288
-2.1800000667572 -2.32999992370605 -2.64000010490417 -2.84999990463257 -3.52999997138977 -4.38000011444092 -5.17000007629395 -5.82999992370606 -6.13000011444092 -6.48999977111816 -6.76999998092651 -7.01000022888184 -7.26999998092651 -7.44000005728039 -7.78999996185303 -8.13000011444092 -8.40999984741211 -8.73999977111816 -8.86999988555908 -8.89000034332275 -8.98999977290772 -9.23999977111816 -9.39999961853027 -9.52999973297119 -9.52000045776367 -9.48999977111816 -9.5600004196167 -9.64000034332275 -9.69999980926514 -9.77000045776367 -9.94999980926514 -10.0799999237061 -10.2299995422363 -10.5 -10.8299998977594 -11 -11.539999961853 -11.9200000762939 -12.2799997329712 -12.6099995483448 -12.7700004577637 -13.0699996948242 -13.3699998855591 -13.6199998855591 -13.7600001434333
-2.34999990463257 -2.49000000953674 -2.5999999046326 -2.9300000667572 -3.65000009536743 -4.5 -5.30999994277954 -6.03000020980835 -6.32999992370605 -6.73999977111816 -6.84000015258789 -7.03000020980835 -7.30999994277954 -7.46000003819213 -7.82000017166138 -8.10999965667725 -8.48999977111817 -8.8100004196167 -8.89000034358767 -9.17000007629395 -9.19999980926514 -9.32999992370606 -9.47000026702881 -9.64999961853027 -9.72999954223633 -9.63000011444092 -9.6899995803833 -9.78999996185303 -9.89000034332275 -9.93000030517578 -10.0699996948242 -10.2399997711182 -10.4499998092651 -10.7299995422363 -10.8699998855591 -11.3299999237061 -11.6800003051758 -12.0200004577637 -12.3900003433228 -12.539999961853 -12.8800001144409 -13.1999998092651 -13.5200004577637 -13.8199996948242 -13.9499998092651
-2.53999996185303 -2.52999997138977 -2.59999990463279 -2.98000001907349 -3.70000004768372 -4.53000020980835 -5.51000022888184 -6.42000007629394 -6.73999977111816 -6.92999982833862 -6.88999986648559 -6.94000005722046 -7.23999977111816 -7.40999984741211 -7.84999990463257 -8.15999984741211 -8.52000045776367 -8.80000019073486 -8.9399995803833 -9.1899995803833 -9.36999988555908 -9.42000007629395 -9.56999969482422 -9.65999984749947 -9.84000015258789 -9.76000022888184 -9.8100004196167 -9.93000030517578 -10 -10.1199998855591 -10.2299995422363 -10.4399995803833 -10.6300001144409 -10.7399997711182 -11.1800003051758 -11.4799995422363 -11.8100004196167 -12.1300001144409 -12.3000001907349 -12.6199998855591 -12.960000038147 -13.3000001907349 -13.6199998855591 -13.789999961853 -14.1000003814697
-2.67000007629395 -2.51999998092651 -2.5699999332428 -2.94000005722046 -3.55999994277954 -4.44000005722046 -5.51999998092651 -6.78999996185303 -7.28999996185303 -7.1100001335144 -7.01999998092651 -6.76999998092651 -7.19999980926514 -7.36999988555908 -7.78999996201263 -8.14999961853027 -8.52000045776367 -8.84000015258789 -8.97999954223633 -9.22999954223633 -9.40999984741211 -9.53999996185303 -9.67000007629394 -9.72999954223633 -9.89000034332276 -9.89999961853027 -9.9399995803833 -10.0500001900677 -10.1300001144409 -10.2799997329712 -10.4300003051758 -10.5900001525879 -10.7700004494844 -11.0299997329712 -11.3199996948242 -11.6000003814697 -11.8900003433228 -12.1999997532345 -12.3599996566772 -12.6800003051758 -13.0299997329712 -13.3400001525879 -13.4899997711182 -13.7799997329712 -14.1000002018992
-2.58999991416931 -2.50999999046326 -2.5699999332428 -2.8199999332428 -3.46000003814697 -4.21999979019165 -5.3600001335144 -6.0000000000126 -7.05000019073486 -7.13999986648559 -6.98000001907349 -6.92999982833862 -7.09000015264027 -7.42000007629395 -7.76000022888184 -8.10999965667725 -8.55000019073487 -8.73999977128608 -9.01000022888184 -9.21000003814697 -9.47000026702881 -9.68000030517578 -9.71000003824085 -9.77999973297119 -9.9399995803833 -9.98999977111816 -10.0900001525879 -10.1099996566772 -10.2200002670288 -10.3800001144409 -10.5500001907349 -10.7399997711182 -10.9399995803833 -11.1499996185303 -11.4099998474121 -11.6800003051758 -11.960000038147 -12.1199998855591 -12.4300003051758 -12.6999998092651 -13.0299997329712 -13.3199995361975 -13.4700002670288 -13.7700002595132 -13.8500003814697
-2.75 -2.53999996185303 -2.63000011444092 -2.78999996185303 -3.38000011444092 -4.05000019073486 -5.1100001335144 -5.69000005723065 -6.59000015253341 -6.9699997901364 -7.03000020980835 -7.07999992370605 -7.17000007630971 -7.42000007629395 -7.75 -8.09000015258789 -8.38000011444092 -8.64999961853027 -9 -9.21000003814697 -9.5 -9.72999954223633 -9.80000019073486 -9.9399995803833 -9.98999977111816 -10.039999961853 -10.1700000760943 -10.2200002670288 -10.3299999237061 -10.4899997711182 -10.6700000762939 -10.9700002621707 -11.0699996948242 -11.25 -11.5 -11.7399997711182 -11.8699998855591 -12.1800003051758 -12.4399995803833 -12.7299995422363 -13 -13.1499996185303 -13.4300003051758 -13.539999961853 -13.6599998474121
-2.95000004768372 -2.55999994277933 -2.58999991416893 -2.88000011444059 -3.45000004768358 -4.11999988556022 -4.96999979019165 -5.34999990463257 -5.96999979019165 -6.55999994277954 -6.94000005722046 -7.07999992370605 -7.19000005722046 -7.40000009536743 -7.78000020980835 -8.09000015258789 -8.35000038146972 -8.51000022888184 -8.9399995803833 -9.17000007629395 -9.46000003814697 -9.6899995803833 -9.80000019073486 -9.98999977111816 -10.0699996948242 -10.1400003433228 -10.1400003433228 -10.2700004577637 -10.4499998092651 -10.5900001525879 -10.8599996566772 -10.960000038147 -11.1599998474121 -11.3500003814697 -11.5600004196167 -11.800000161413 -11.9099998474121 -12.2200002670288 -12.4700002670288 -12.7399997711182 -12.8699998855591 -13.1000003814697 -13.2399997711182 -13.3999996185303 -13.4799994866795
-2.76999998092651 -2.35999989509583 -2.2599999904634 -2.69000005722046 -3.36999988555908 -4.32000017166138 -4.84999990463257 -5.17999982833862 -5.67000007629395 -6.19999980926514 -6.71000003814697 -7.01000022888184 -7.17999982833862 -7.5 -7.76999998092651 -8.09000015258789 -8.21000003830078 -8.5 -8.82999992370606 -9.09000015258789 -9.32999992370605 -9.43999958071316 -9.69999980926514 -9.90999984741211 -10.0799999237061 -10.210000038147 -10.1700000762939 -10.3000001907349 -10.5200004627485 -10.7600002288818 -10.8299999237061 -11.0200004577637 -11.1999998092651 -11.3999996185303 -11.5600004196167 -11.7200002670288 -11.9899997711182 -12.2600002288818 -12.5 -12.7299993504706 -12.8400001525879 -13.0399998505303 -13.1400003433228 -13.2700004577637 -13.3000001907349
-2.55999994277954 -2.35999989509582 -2.41000008583069 -2.58999991416931 -3.22000002861023 -4.03000020980835 -4.59000015258789 -4.82000017166138 -5.51999998092651 -6.09000015258789 -6.42999982833862 -6.90000009536743 -7.09999990463257 -7.48000001907348 -7.80000019073486 -8.07999992370605 -8.2100000383018 -8.5 -8.75 -8.97000026702881 -9.19999980926514 -9.30000019073486 -9.56999969482422 -9.77999973297119 -9.96000003814697 -10.0100002288818 -10.1000003814697 -10.2600002182692 -10.5200004577637 -10.7700004577637 -10.8999996185303 -11.039999961853 -11.1899995803833 -11.3699998855591 -11.4799995422363 -11.7600002288818 -12.039999961853 -12.3199996948242 -12.4799995422363 -12.5799999237061 -12.8000001365797 -12.8999996185303 -13.0500001907349 -13.1000003814697 -13.1700000762939
-2.42000007629395 -2.20000004768372 -2.24000000953674 -2.58999991416931 -2.95000004768372 -3.53999996185303 -4.15000009536743 -4.51999998092651 -5.21000003814697 -5.86000013351441 -6.34000015258789 -6.6700000763398 -7.11999988555908 -7.42000007629394 -7.78000020980835 -8.11999988555908 -8.30000019073486 -8.47999954223633 -8.76000022888183 -8.97000026702881 -9.02999973314144 -9.22999954223633 -9.46000003814697 -9.64999961853027 -9.80000019073486 -9.84000015258789 -9.93000028520589 -10.0299997329712 -10.3599996566772 -10.5799999237061 -10.8599996566772 -10.960000038147 -11.1099996566772 -11.3800001144409 -11.5200004577637 -11.75 -12.039999961853 -12.2700004577637 -12.3900003433228 -12.5500001907349 -12.7600002288818 -12.8599996566772 -12.970000211824 -13.0100002288818 -13.0500001907349
-2.24000000953674 -2.11999988555908 -2.11999988555908 -2.27999997138977 -2.71000003814697 -3.24000000953674 -3.82999992370606 -4.15999984741211 -4.78000020980835 -5.53999996185303 -6.21999979019165 -6.51000022888184 -7.03000020980835 -7.5 -7.94999980926514 -8.27999973297119 -8.31999969482422 -8.4399995803833 -8.75 -8.89999961853027 -8.97999954223633 -9.10999965667725 -9.26000022888184 -9.43000030517578 -9.56999969482422 -9.32999992370605 -9.61999988555908 -9.77999973297119 -10.1400003433228 -10.3500003814697 -10.6099996566772 -10.789999961853 -11.0100002288818 -11.1499996185303 -11.4399995803833 -11.75 -12.0200004577637 -12.3000001476139 -12.3800001144409 -12.539999961853 -12.6999998092651 -12.8199996948242 -12.8699998855591 -12.9300003051758 -12.9399995803833
-2.16000008583069 -2.01999998092651 -2.05999994277954 -2.09999990463257 -2.4300000667572 -2.90000009536743 -3.14000010490711 -3.74000000953674 -4.38000011444092 -5.21000003814697 -6.01999998092651 -6.3899998664856 -7.05000019073486 -7.59999990463257 -8.05000019073486 -8.25000000012636 -8.47999954223633 -8.52999973297119 -8.60999965667724 -8.85000038146973 -8.89999961853027 -8.96000003814697 -9.06999969482422 -9.19999979872007 -9.02999973297119 -9.10999965667725 -9.28999996185303 -9.44999980926514 -9.82999992197462 -9.98999977111816 -10.3000001907349 -10.5699996948242 -10.8599996566772 -11.0299997329712 -11.3800001144409 -11.710000038147 -12 -12.1499996185303 -12.3400001525879 -12.5 -12.6300001144409 -12.6899995803833 -12.8100004196167 -12.8599996566772 -12.8500003814697
-2.19000005722046 -1.94000005722046 -1.97000002861023 -2 -2.21000003814697 -2.53999996185303 -2.7500000000024 -3.35999989509583 -4.05000019073486 -4.84999990463257 -5.71999979019165 -6.19000005722046 -7.03000020980835 -7.69000005722046 -8.18000030517578 -8.36999988555908 -8.64000034332276 -8.72000026702881 -8.77999973297119 -8.68999958036409 -8.75 -8.88000011444092 -8.89000033800436 -8.75 -8.77000045776367 -8.86999988555908 -8.98999977111816 -9.13000011444092 -9.28999996185303 -9.61999988555908 -9.97000026702881 -10.3100004196167 -10.5100002288818 -10.9200000762939 -11.3400001525879 -11.6999998092651 -11.9899996442558 -12.1199998936411 -12.3599996566772 -12.4799995422363 -12.5799998918941 -12.6400003433228 -12.7600002288818 -12.8100004196167 -12.7899999778855
-2.09999990463257 -1.85000002384186 -1.83000004291534 -1.89999997615814 -2 -2.25999999046326 -2.41000008583299 -2.92000007629395 -3.71000003814697 -4.6100001335144 -5.44999980926514 -5.98999977111816 -6.96999979019165 -7.80999994277954 -8.34000015258789 -8.52999973297119 -8.75 -8.85000038146973 -8.90999984741211 -8.89000034332275 -8.6499996220194 -8.59000015258789 -8.52999973297119 -8.52999973302244 -8.52999973297119 -8.53999996185303 -8.63000011444092 -8.77999973244498 -8.89000034332275 -9.21000003814697 -9.61999988555908 -10.0699996948242 -10.3199996948242 -10.8599996566772 -11.3100004196167 -11.6899995803833 -11.8500004221634 -12.1800003051758 -12.3500003814697 -12.4399995803833 -12.4799995422363 -12.5900001525879 -12.7299995422363 -12.8000001907349 -12.789999961853
-1.96000003814697 -1.79999995231628 -1.75999999046326 -1.71000003814697 -1.76999998092651 -1.83000004291534 -1.96000003814697 -2.4300000667572 -3.38000011444092 -4.34000015258789 -4.820000171716 -5.84999990463257 -6.86999988555908 -7.84999990463257 -8.5 -8.64999961853027 -8.8100004196167 -8.82999992370605 -8.86999988403267 -8.72000026702881 -8.71000003814697 -8.61999988555908 -8.4399995803833 -8.35999965667725 -8.28999996185303 -8.23999977111817 -8.25 -8.30000019073486 -8.47000026702881 -8.77999973297119 -9.26000022888184 -9.53999996185303 -10.1800003051758 -10.789999961853 -11.2799997329712 -11.5200005144425 -12.0100002288818 -12.2700004577637 -12.3900003433228 -12.3999996185303 -12.3999996185303 -12.5600004196167 -12.7700004577637 -12.8199996948242 -12.8199996948242
