SnowAccumulation_R/test/tmin/final_tmin_20_04_2009.asc
NCOLS 97 
NROWS 69 
XLLCORNER 52512.810182332 
YLLCORNER 5316225.2758522 
CELLSIZE 10000 
NODATA_value -9999 
[rows 21 to 41 of 69, columns 46 to 91 of 97]
2.67000007629395 2.80999994277954 2.97000002861023 2.94000005722046 2.75 2.59999990463257 2.28999996185303 1.87999999523163 1.58000004291534 1.44000005722046 1.17999994754791 1.05999994277954 0.699999988079071 0.589999973811535 0.409999996423721 0.270000010728836 0.100000001490116 0.0399999990073906 -0.129999995231628 -0.310000002384186 -0.349999994039535 -0.170000001208624 0.129999995231628 0.400000005960464 0.610000014305115 0.7099999785511 0.899999976158142 1.00999999046326 1.05999994277954 0.930000007152557 0.340000003576279 -0.109999999403954 -0.569999957706103 -0.730000019073486 -1.05999994277954 -1.4099999666214 -1.66999995708466 -1.76999998092651 -1.9099999666214 -2.00999999046326 -2.00999999046326 -1.97000002861023 -1.87999999523163 -1.8400000333786 -1.75 -1.75999999046326
2.5 2.65000009536743 2.83999991416931 2.84999990463257 2.80999994277954 2.71000003814697 2.23000001907349 1.86000001430511 1.53999996185303 1.4099999666214 1.1599999665315 0.94999998797786 0.660000026226044 0.600000023841858 0.430000007152557 0.280000001192093 0.189999997615814 0.129999995231628 0.00999999977648258 -0.180000007152557 -0.140000000596046 0.0299999993294477 0.25 0.479999989271164 0.6700000166893 0.810000002384186 1.03999996185303 1.37999999523163 1.49000000953674 1.14999997615814 0.529999971389771 0.0100000287273671 -0.400000005960465 -0.620000004768372 -0.990000009536743 -1.32000005245209 -1.5900000333786 -1.69000005722046 -1.82000005245209 -1.9099999666214 -1.88000002374374 -1.8400000333786 -1.75999999046326 -1.73999977398458 -1.62999999523163 -1.64999997615814
2.24000000953674 2.42000007629395 2.65000009536743 2.75 2.82999992370605 2.64000010490417 2.22000002858844 1.8099999427546 1.30999994277954 1.19000005722046 0.970000028610229 0.800000011920929 0.600000023841858 0.560000002384186 0.400000005960464 0.270000010728836 0.159999996423721 0.119999997317791 0.0799999982118607 0.00999999977648258 0.0700000002980232 0.150000005960465 0.349999994039535 0.509999990463257 0.699999988079071 0.850000023841858 1.05999994277954 1.39999997615814 1.35000002532374 1.12000000476837 0.599999992212178 0.0599999986588955 -0.3799998917674 -0.579999983310699 -0.980000019073486 -1.32000005245209 -1.46000003814697 -1.64999997615814 -1.75 -1.80999994277954 -1.80999994277954 -1.74000000953674 -1.66999986506181 -1.57000005245209 -1.55999994277954 -1.57000005245209
2.07999992370564 2.1700000762935 2.3299999237054 1.97000002861023 1.9099999666214 1.83000004291534 1.52999997138977 1.33000004291534 1.0900000333786 1.00999999046326 0.850000023841858 0.689999997615814 0.560000002384186 0.479999989271164 0.400000005960464 0.25 0.159999996423721 0.129999995231628 0.0799999982118606 0.119999997317791 0.129999995458103 0.300000011920929 0.419999986886978 0.519999980926514 0.589999974035 0.810000002384186 0.970000028610229 1.19000005722046 1.17999994754791 0.909999972542864 0.28999999165535 -0.0700000002980232 -0.259999990463257 -0.629999995231628 -0.980000019073486 -1.33000004291534 -1.47000002861023 -1.63999998569489 -1.72000002861023 -1.74000000953674 -1.73000001907349 -1.66999995708466 -1.55999994277954 -1.52999997138977 -1.50999999046326 -1.52999997138977
1.57000005245201 1.62000000476837 1.67999994754791 1.58000004291534 1.46000003814697 1.39999997615814 1.22000002861023 1.05999994277954 0.879999995231628 0.800000011920929 0.660000026226044 0.540000021457672 0.529999971373985 0.449999988079071 0.419999986886978 0.319999992847443 0.259999990343186 0.129999995231628 0.129999995231628 0.140000000596046 0.259999990463257 0.28999999165535 0.439999997615814 0.519999980926514 0.560000002384186 0.709999978542328 0.8299999833107 0.930000007152557 0.629999995231629 0.400000005960464 0 -0.319999985880312 -0.479999989271164 -0.740000009536743 -1.02999997138977 -1.19000005722046 -1.5 -1.64999997615814 -1.71000003814697 -1.72000002861023 -1.69000005722046 -1.57000005245209 -1.50000000000006 -1.49000000953674 -1.55999994277954 -1.66999995708466
1.22000002861023 1.19000005722046 1.23000001907349 1.17999994754791 1.01999998092651 1 0.910000026226044 0.77999997138977 0.730000019070052 0.610000014305115 0.5 0.419999986886978 0.409999996415811 0.400000005960465 0.449999988079071 0.469999998807907 0.430000007152557 0.28999999165535 0.230000004172325 0.319999992847443 0.360000014305115 0.419999986886978 0.449999988079071 0.5 0.519999980926514 0.560000002384186 0.629999971491424 0.400000005960464 0.310000002384186 0.150000005960465 -0.379999995231628 -0.519999980926514 -0.779999971389771 -0.949999988079071 -1.14999997615814 -1.26999998092651 -1.53999996185303 -1.67999994754791 -1.72000002473911 -1.72000002861023 -1.61000004640083 -1.50999999046326 -1.47000002861023 -1.47000002861023 -1.63999998569489 -1.75
0.930000007152547 0.910000026226044 0.889999985694885 0.759999990463257 0.680000007152266 0.629999995231628 0.629999995231628 0.560000002384186 0.499999999995896 0.439999997615814 0.319999992847443 0.280000001192093 0.300000011920929 0.319999992847443 0.389999985694885 0.400000005960464 0.469999998807907 0.409999996423721 0.389999985694885 0.439999997615814 0.449999988079071 0.46000000834465 0.439999997615814 0.46000000834465 0.439999997615814 0.409999982986133 0.209999993443489 0.180000007152557 0.0599999986588955 -0.100000001490116 -0.46000000834465 -0.620000004768372 -0.899999976158142 -1.12000000476837 -1.21000003814697 -1.38999998569489 -1.60000002384186 -1.75 -1.75 -1.72000001727109 -1.55999994277954 -1.41000002225438 -1.38999998569489 -1.46000003814697 -1.62999999523163 -1.67999994754791
0.709999978542326 0.720000028610229 0.680000007152557 0.46000000834465 0.340000003576168 0.0900000035762787 0.370000004768372 0.360000014305115 0.340000003576279 0.28999999165535 0.180000007152557 0.150000005960465 0.189999997615814 0.300000011920929 0.340000003576279 0.349999994039536 0.409999996423721 0.589999973773956 0.540000021457672 0.529999971389771 0.509999990463257 0.469999998807907 0.419999986886978 0.400000005960464 0.25 0.109999999403954 -0.0199999995529652 -0.0500000007450581 -0.180000007152557 -0.319999992847443 -0.389999985694885 -0.699999988079071 -0.990000009536743 -1.19000005722046 -1.28999996185303 -1.50999999046326 -1.62999999523163 -1.76999996697019 -1.79000001962088 -1.67999994754791 -1.41999995708466 -1.33000004291534 -1.27999997138977 -1.39999997615814 -1.56999991535291 -1.62999999523163
0.629999995231634 0.629999995231629 0.600000023841858 0.389999985694885 0.249999999999604 -0.0700000002980232 0.25 0.239999994635582 0.200000002980232 0.150000005960465 0.0799999982118607 0.0399999991059303 0.109999999403954 0.28999999165535 0.360000014305115 0.370000004789163 0.469999998807907 0.620000004768372 0.620000004768372 0.610000014305115 0.540000021457672 0.5 0.449999990220182 0.419999986886978 0.219999998807907 0.00999999977648258 -0.0700000003618566 -0.230000004172325 -0.400000005960464 -0.509999990463257 -0.560000002384186 -0.800000011920929 -1.03999996185303 -1.23000001202383 -1.30999994277954 -1.53999996185303 -1.62999999523163 -1.68999996761215 -1.71000003814697 -1.50999999046326 -1.22000010565518 -1.12000000476837 -1.12000000476837 -1.29999995231628 -1.4099999666214 -1.61000001430511
0.639999985694885 0.639999985694885 0.280000001192093 0.259999990463257 -0.119999997317791 -0.400000005960464 0.219999998807907 0.180000007152557 0.129999995231628 0.129999995231628 0.109999999403954 0.0900000035762787 0.129999995231628 0.270000010728836 0.439999997615814 0.469999998807907 0.600000023841858 0.620000004768372 0.649999976158142 0.670000016689301 0.610000014305115 0.629999995231628 0.589999973546353 0.46000000834465 0.270000010728836 0.0299999993294477 -0.0500000007450581 -0.300000011920929 -0.519999980926514 -0.67000001593926 -0.709999978542328 -0.879999995231628 -1.07000005245209 -1.14999997615814 -1.27999997138977 -1.5 -1.55999983780404 -1.37999999523163 -1.37999999523163 -1.21000003814697 -1.05999994277954 -0.839999973773956 -0.899999976158142 -1.18999985924516 -1.33000004291534 -1.71000003814697
0.189999997615814 0.25 0.409999996423721 1.01999998092651 -0.230000004172325 -0.569999992847443 0.300000011920929 0.209999993443489 0.200000002980232 0.129999995231628 0.189999997615814 0.209999993443489 0.209999993443489 0.370000004768372 0.519999980926514 0.589999973773956 0.819999992847443 0.759999990463257 0.790000021457672 0.769999982042704 0.740000009536743 0.680000007152557 0.629999995231628 0.509999990463257 0.370000004768372 0.0900000035762787 -0.0599999986588955 -0.300000011920929 -0.620000004768372 -0.720000028610229 -0.839999973773956 -0.939999997615814 -1.08000004291534 -1.13999998569489 -1.23000001907349 -1.37999999523163 -1.27999997138977 -1.17999994754791 -1.11000001430511 -0.940000041256934 -0.790000021457672 -0.529999971389771 -0.740000009536743 -0.910000026226044 -1.29999995231628 -1.71000003814697
0.540000021457672 0.540000021457672 0.449999988079071 0.660000026226044 0.280000001192093 0.0500000007450581 0.449999988079071 0.349999994039535 0.300000011920929 0.200000002980232 0.270000010728836 0.330000013121168 0.370000004768372 0.5 0.620000004768372 0.709999978542328 0.899999976158142 0.889999986195588 0.930000007064477 0.860000014305115 0.790000021457672 0.680000007152557 0.629999995231628 0.550000011920929 0.509999990463257 0.34999999335538 -0.0799999982118607 -0.389999985694885 -0.689999997615814 -0.819999992847443 -0.920000016689301 -0.959999978542328 -1.00999999046326 -1.11000001430511 -1.1599999666214 -1.11000001430511 -1.11000001430511 -1.00999999046326 -0.9200000166893 -0.860000014305115 -0.680000007152557 -0.639999985694885 -0.749999876510679 -0.930000007152557 -1.30999994277954 -1.67999994754791
0.730000019073486 0.759999990463257 0.810000002384186 0.810000002384186 0.569999992847443 0.400000005960464 0.560000002384186 0.5 0.439999997615814 0.360000014305115 0.400000005960464 0.469999998807907 0.490000009536743 0.629999995231628 0.740000009536743 0.810000002887333 1.01999998092651 0.899999976158142 0.899999976158142 0.870000004768371 0.769999980926514 0.610000014305115 0.550000011920929 0.490000009536743 0.490000009536743 0.28999999165535 -0.159999996423721 -0.46000000834465 -0.709999978062324 -0.850000023841858 -0.939999997615814 -0.949999988079071 -1 -1.08000004291534 -1.00999999046326 -0.959999978542328 -0.97000002861023 -0.879999995231628 -0.790000021457672 -0.75 -0.689999997615814 -0.720000028610229 -0.800000011920929 -1.04999995231628 -1.38999998569489 -1.56000025893012
0.949999988079071 0.939999997615814 1.02999997138977 1.29999995231973 1.54999995231384 0.660000026226044 0.759999990463257 0.74999999999844 0.589999973773956 0.509999990463257 0.540000021457672 0.600000023841858 0.58999997407943 0.740000009862054 0.930000007191789 1.02999997138977 1.11000001430511 1.03999996185303 0.959999978542328 0.930000007152557 0.709999978542328 0.569999992549326 0.430000007152557 0.280000001192093 0.0900000035762787 -0.0599999986588955 -0.330000013113022 -0.519999980926514 -0.620000004768372 -0.790000021457672 -0.850000023841858 -0.870000004768372 -0.899999932961495 -0.8299999833107 -0.899999976158142 -0.899999976158142 -0.839999973773956 -0.790000021457672 -0.75 -0.699999988079071 -0.730000019073486 -0.859999961420493 -0.970000028610229 -1.23000001907349 -1.51999998092651 -1.86000001430511
1.11000001430511 1.08000004291534 1.28999996185303 2.03999996185156 1.5499999523158 1.09000003338279 0.930000007152557 0.860000014304713 0.740000009536743 0.66000002628502 0.699999988144124 0.810000002384186 0.860000014305115 1.07000005245209 1.12999999525524 1.19000005722046 1.22000002861023 1.14999997615814 1.0900000333786 0.980000019073486 0.680000007152557 0.529999971389771 0.310000002384186 0.0500000007450581 -0.249999990309472 -0.409999996423721 -0.540000021457672 -0.579999983310699 -0.660000026226044 -0.759999990463257 -0.779999971389771 -0.76999996175843 -0.720000028610229 -0.680000007152557 -0.720000025082529 -0.75 -0.709999978542328 -0.680000007152557 -0.689999997615814 -0.689999997615814 -0.779999971389771 -0.879999995231628 -1.12000000476837 -1.38999998569489 -1.63999998569489 -1.91999995708466
1.66999995708466 1.52999997138977 1.47000002861023 1.44000005722046 1.37000000476837 1.24000000953674 1.16999995708773 1.13999998569174 0.990000009536743 0.899999976158142 0.959999978542328 1 1.07000005245209 1.1599999666214 1.25 1.27999997138977 1.3400000333786 1.29999995210014 1.14999997615814 1.01999998092651 0.709999978542328 0.540000021457672 0.259999990463257 -0.129999995231628 -0.340000003576279 -0.600000023841858 -0.639999985694885 -0.610000014305115 -0.670000016689301 -0.699999988079071 -0.689999972927474 -0.560000002384186 -0.610000014305115 -0.600000023841858 -0.579999983310699 -0.550000011920929 -0.569999992847443 -0.569999992847443 -0.589999973773956 -0.689999997615814 -0.810000002384186 -0.920000016689301 -1.22000002861023 -1.72999977905378 -1.87000000476837 -2.05999994277954
1.73000001907349 1.57000005245209 1.47000002861023 1.39999997615814 1.32000005245209 1.23000001907349 1.30999994277954 1.25 1.14999997615814 1.11000001430511 1.11000001430511 1.13999998569489 1.20000004768372 1.27999997138977 1.3400000333786 1.47000002861023 1.46000003814697 1.40999996644043 1.25 1.0900000333786 0.839999973773956 0.649999976158142 0.300000011920929 -0.170000001788139 -0.469999998807907 -0.579999983310699 -0.540000021457672 -0.509999990463257 -0.579999983310699 -0.599999994579325 -0.430000007152557 -0.419999986886978 -0.439999997615814 -0.479999989271164 -0.490000009536743 -0.439999997615814 -0.400000005960464 -0.430000007152557 -0.5 -0.649999976158142 -0.769999980926514 -1.03999996185303 -1.31000014294492 -1.8099997673406 -1.95000004768372 -2.13000011444092
1.61000001430511 1.85000002384186 1.70000004768372 1.63999998569489 1.76999998092651 1.24000000953674 1.41999995708466 1.37000000476837 1.29999995231628 1.30999994277954 1.30999994278135 1.32000005245209 1.36000001430511 1.42999994754791 1.48000001907349 1.50999999046326 1.55999994277954 1.55999994277954 1.42999994754791 1.26999998092651 1.17999994717677 0.889999985694885 0.490000009536743 0.0399999991059303 -0.170000001788139 -0.409999996423721 -0.439999997615814 -0.46000000834465 -0.439999970955913 -0.230000004172325 -0.25 -0.25 -0.280000001192093 -0.280000001192093 -0.349999994039536 -0.340000003576279 -0.280000004229184 -0.280000001192093 -0.370000004768372 -0.600000023841858 -0.759999990463257 -1.10000011628208 -1.60000002384186 -1.76999998092651 -2 -2.11999988555908
1.44000005722046 2.16000008583069 1.85000002384186 1.79999995231628 1.75999999046326 1.71000003814697 1.52999997138977 1.51999998092651 1.47000002861023 1.48000001907349 1.51999998092833 1.52999997138977 1.54999995231628 1.61000001430511 1.62999999523163 1.64999997615814 1.71000003814697 1.70000004768372 1.60000002384186 1.47000002861023 1.37999999523163 1.12000000476837 0.800000011920929 0.620000003684755 0.200000002980232 -0.0399999991059303 -0.169999969032313 0.109999999403954 -0.0199999995529652 -0.0700000002980232 -0.100000001490116 -0.150000005960464 -0.119999997317791 -0.129999995231628 -0.170000001788139 -0.239999994635582 -0.230000004172325 -0.219999998807907 -0.259999990463257 -0.419999986886978 -0.819999992847443 -1.25999999046326 -1.67999978609511 -1.88999998569489 -2.03999996185303 -2.09999990463257
2.00999999046326 2.08999991416931 2.0699999332428 1.77999997138977 1.75 1.72000002861023 1.62999999523163 1.64999997615814 1.67999994754791 1.71000003814697 1.73000001907349 1.74000000953674 1.73000001907349 1.74000000954823 1.77999997138977 1.80999994277954 1.85000002384186 1.82000005245209 1.77999997138977 1.69000005722046 1.62999999523163 1.46000003814697 1.19000005722046 1.00999999046326 0.649999976158142 0.360000045611404 0.639999985119264 0.419999986886978 0.300000011920929 0.200000003176363 0.129999995231628 0.0399999991059303 0.00999999977648258 0 -0.0700000002980232 -0.129999995231628 -0.180000007152557 -0.259999990463257 -0.379999995231628 -0.5 -0.9200000166893 -1.29999995231628 -1.5 -1.87000000476837 -2 -2.00999999046326
1.91999995708466 1.92999994754791 2.00999999046326 1.91999995708466 1.88999998569489 2.02999997138977 1.75 1.78999996185303 1.8400000333786 1.91999995708466 1.94000005722046 1.91999995708466 1.9099999666214 1.9099999666214 1.91999995708466 1.97000002861023 1.98000001907349 1.97000002861023 1.97000002861023 1.97000002861023 1.96000003814697 1.87000000476837 1.63999998569489 1.47000002861023 1.48000001907349 1.12999999523163 0.980000019073486 0.730000019073486 0.569999992847443 0.509999990463257 0.360000014305115 0.180000007152557 0.100000001490116 0.109999999403954 -0.100000001490116 -0.110000001373095 -0.140000000596046 -0.270000010728836 -0.429999984830186 -0.579999983310699 -0.899999976158142 -1.26999998092651 -1.46000003814697 -1.75999999046326 -1.89999997615814 -1.92999994754791
