SnowAccumulation_R/test/tmin/final_tmin_14_04_2009.asc
NCOLS 97 
NROWS 69 
XLLCORNER 52512.810182332 
YLLCORNER 5316225.2758522 
CELLSIZE 10000 
NODATA_value -9999 
[rows 40 to 59 of 69, columns 0 to 44 of 97]
-9999 -9999 -2.16000008583069 -10.3099992281963 -10.909999703475 -10.1899995803833 -10.8299999237061 -7.78999996185303 -7.53000020980835 -3.23000001907349 -9.80000019073486 -6.75 -9.1899995803833 -10.1999998092651 -10.7399997711182 -11.1300001144409 -9.84000015258789 -7.19999980926514 -7.03000020980835 -7.17000007629395 -6.94999980926514 -7.65999984741211 -5.88000011473974 -5.88999986645418 -5.78999996185303 -6.05999994222213 -6.05999994231658 -5.90000009536743 -6.07999992370606 -5.57000017166138 -5.6100001335144 -5.59000015258789 -5.03999996185303 -3.82999992370606 -3.92000007629395 -3.84999990463257 -3.75 -3.60999989509583 -3.21000003814697 -3.45000004768372 -3.70000004768372 -3.51999998092651 -3.71000003814697 -3.75 -3.74000000953674
-9999 -9999 -2.08999991416931 -9.10000038146973 -9.51000029941101 -10.0900001525879 -8.67000007629395 -10.4300003051758 -9.47000026702881 -4.3600001335144 -9.64999961853027 -9.17000007629394 -8.35000038146973 -10.1400003433228 -10.3299999237061 -10.6400003433228 -9.86999988555908 -9.82999992370605 -7.13000011444092 -6.40999984741211 -6.30000019112782 -5.90999984911826 -5.75 -5.73000001907349 -5.71000003814697 -5.59000015258789 -5.88999986599897 -6.42000007629395 -6.34000015258789 -6.19999980926514 -5.94000005722046 -5.86999988555908 -5.53999996185303 -5 -4.71000003814697 -4.57999992370605 -4.09000015258789 -3.99000000953674 -3.8199999332428 -3.99000000953674 -4.26999998092651 -4.05999994277954 -3.90000009536743 -4.03000020980835 -3.82999992370605
-9999 -9999 -2.55999994277954 -8.31999969482422 -9.98999977111816 -9.78000036097339 -10.460000038147 -9.57999992370605 -9.18999946135464 -6.23000001907349 -8.89999961853028 -5.71999984403716 -6.71999979019165 -9.53999996185303 -9.60000038146973 -10.8199996948242 -8.90999984741211 -10.8999996122711 -6.34000017042129 -5.5900001566535 -5.3600001335144 -5.40000009536743 -5.19000005722046 -5.15999984747594 -5.40999984676004 -5.63000011444092 -6.32000017166138 -6.67000007629395 -6.55000019073486 -6.59999990463257 -6.5 -6.40999984741211 -6.26999998092651 -5.80999994277954 -5.34999990463257 -5.19999980926514 -4.82000017166138 -4.71999979019165 -4.61999988555908 -4.80000019073486 -4.61999988555908 -4.40000009536743 -4.17000007629395 -4.09999990463257 -3.90000009536743
-9999 -9999 -5.96999979019165 -8.96000003814697 -8.9399995803833 -10.3299999237061 -9.43000048204243 -9.86999988555908 -6.94000005722046 -8.68000030517578 -6.34999990463257 -8.60000038146973 -9.97999954223633 -10.460000038147 -9.14999961853027 -10.1999998092651 -8.28999996185303 -10.0699996948242 -6.19999980926514 -5.13999986648559 -3.76999998092651 -4.90999984741211 -5.03999996185303 -4.69999980926514 -5.09999990463257 -5.61999988555908 -6.32999992370605 -7.30999994277954 -6.65999984741211 -6.69000005722046 -6.53999996185303 -6.30000019073486 -6.30000019073486 -6.23999977111816 -5.96000003814697 -5.65000009536743 -5.07999992370605 -5.03000020980835 -4.92000007629395 -5.57000017166138 -5.05999994277954 -4.55999994277954 -4.32999992370605 -4.1399998664856 -3.97000002861023
-9999 -9999 -2.52999997138977 -8.14999961853027 -8.78999996185303 -10.6400003433228 -9.05000019073486 -9.81000104161149 -5.90999984741211 -6.42999982833862 -3.58999991416931 -6.34999990463257 -8.06999969482422 -8.85999965667725 -10.3599996566772 -9.84000015258789 -8.27000045776367 -9.3100004196167 -5.67999982833862 -5.11999988555908 -4.78000020980835 -4.94999980926514 -5.05999994277954 -4.73999977111816 -3.55999994277954 -4.6399998664856 -5.07000017166138 -6.13000011401537 -6.13000011444092 -6.51999998092651 -6.42999982833862 -6.32999992370605 -6.42999982833862 -6.23999977111816 -6.30999994277954 -5.76000022888184 -5.13000011444092 -5.03999996185303 -4.84999990463257 -4.92999982833862 -4.69000005722046 -4.5 -4.30000019073486 -4.23999977111816 -4.07000017166138
-9999 -9999 -2.15000009536743 -8.01000068149899 -9.72000026702881 -10.039999961853 -10.2200002767127 -9.6899995803833 -9.39999933782281 -8.60000033256209 -3.8199999332428 -6.94999980926514 -8.47000027086372 -10.3299999237061 -10.8500003814697 -9.25 -8.14999961853027 -8.4399995803833 -5.59999990463257 -5.28000020980835 -5.19000005722046 -5.13999986648559 -4.92000007629395 -4.11999988555908 -4.53999996185303 -4.69999980926514 -4.73000001907349 -5.99999999928525 -6.61000013294364 -6.23000001907349 -5.96000003814697 -5.80000019073486 -5.69999980926514 -5.42999982833862 -5.75 -5.42000007629395 -5.21999979019165 -5.07000017166138 -5.01000022888184 -4.75 -4.53999996185303 -4.48999977111816 -4.42000007629395 -4.40000009536743 -4.07000017166138
-9999 -9999 -1.62000000476837 -9.43000030517578 -8.96000003814697 -8.4399995803833 -9.05000019073486 -9.80000019073486 -10.1199998855591 -6.59999963321497 -4.05999994277954 -7.17999982833862 -8.93000030517578 -10.1499996185303 -9.82999992370605 -9.8100004196167 -8.43000030517578 -9.13000011444092 -9.46000003814697 -5.09999990463257 -5.01999998092651 -4.55999994277954 -3.8199999332428 -3.64000010490417 -4.48000001806038 -4.48000001907349 -4.86999988443646 -5.84999990463257 -7.07999992370605 -5.80999994277954 -4.76999998092651 -4.98000001907349 -4.84999990463257 -4.67999982833862 -5.03999996185303 -5.23000001907349 -5.13999986648559 -4.94000005722046 -4.61999988555908 -4.55000019073486 -4.38000011444092 -4.40000009536743 -4.38000011444092 -4.36999988555908 -4.09000015258789
-9999 -9999 -1.14999997615814 -9.11999988555908 -7.90999984741211 -8.26000022888184 -8.40999984741211 -10.0799999237061 -9.14999961853028 -5.65999984741211 -3.78000005785729 -6.53999996185303 -9.14999961853027 -9.89999961853027 -9.19999980926514 -9.47000026702881 -8.19999980926514 -7.76999998092651 -4.73000023354794 -5.26000022888184 -5.57999992370605 -4.30999994277954 -3.88000011444092 -3.66000008583069 -4.21000003637969 -4.190000057263 -4.59999990463257 -5.32999992370605 -5.03999996185303 -4.46999979019165 -4.28000020980835 -4.76000022888184 -4.71999979019165 -4.5 -4.96999979019165 -5.19000005722046 -4.90000009536743 -4.6399998664856 -4.46000003814697 -4.30999994277954 -4.26000022888184 -4.3899998664856 -4.30000019073486 -4.34000015258789 -4.17000007629395
-9999 -6.15000009536743 -1.21000003814697 -7.07999992370605 -8.64999972549739 -7.88000011444092 -9.36999988555908 -9.52999961592489 -7.5 -5.23999977111816 -4.36999986457548 -6.64999986567392 -9.63000011444092 -8.8100004196167 -8.10000038146973 -8.93000030517578 -7.75 -7.76999998092651 -8.67000007629395 -4.96999979019165 -4.80999994277954 -4.05999994277954 -3.64000010490417 -3.38000011444092 -3.25 -3.65000009536743 -3.80999994277954 -3.94000005722046 -3.90000009536743 -4.57999992370605 -4.01999998096059 -4.07000017166138 -3.81999993329879 -3.90000009536743 -4.73000001907349 -5.19999980926514 -4.46999979019165 -4.36999988555908 -4.30000019073486 -4.26000022888184 -4.23000001907349 -4.25 -4.30999994277954 -4.3899998664856 -4.40999984741211
-9999 -3.5 -1.41999995708466 -8.19999980926514 -7.92000007629395 -8.71000003814697 -6.86999988555908 -6.84000015258789 -6.21999979019165 -5.23000001907349 -3.65000009536743 -3.49000000953674 -9.22000021247798 -6.23999977201503 -6.15999984741211 -7.57999992370605 -7.62999988512797 -6.23000001907349 -7.57999992370605 -3.77999995398811 -3.79999995231628 -3.60999989509583 -3.3199999332428 -3.16000008583069 -2.99000000953674 -2.85999989509582 -3.66000008583069 -3.70000004768372 -3.65000009536743 -3.50999999077188 -2.92000007629394 -2.0699999332428 -2.74000000953674 -3.30999994277954 -4.3600001335144 -4.3600001335144 -4.17000007629395 -4.36999988555908 -4.40000009536743 -4.38000011444092 -4.28999996185303 -4.21999979019165 -4.40000009536743 -4.46999979019165 -4.63000011444092
-9999 -8.6899995803833 -5.7699986580575 -7.57000017166138 -9.65999984741211 -8.84000015258789 -8.73999977111817 -8.40999984741211 -7.46000003814697 -5.73000001907349 -4.75 -3.76999998092651 -4.86999988555908 -5.40000009536743 -5.8600001335144 -7.40999984741211 -6.65999984741211 -5.6399998664856 -6.26000022888184 -3.42000006674509 -3.5 -3.67000007629394 -3.11999988555908 -2.74000000953674 -2.34999990463257 -2.52999997138977 -3.24000000953674 -3.30999994286844 -3.30999994277954 -3.24000000966705 -2.79999995231628 -1.97000002861023 -2.40000009536743 -2.96000003814697 -3.3199999332428 -3.64000010490417 -4.1100001335144 -4.55000019073486 -4.48000001907349 -4.48000001907349 -4.42000007629395 -4.44000005722046 -4.6100001335144 -4.73000001907349 -4.80999994277954
-9999 -7.47000041508505 -0.810000002384186 -7.09999990463257 -9.28999996185303 -7.82999992370605 -7.73000001907349 -8.1899995803833 -8.43000020385317 -5.32000017166138 -5.17999982833862 -5.80999994277954 -2.97000002861023 -4.6399998664856 -6.46999979019165 -4.30000008025336 -7.13000011444092 -6.01999998092651 -7.90999984741211 -2.92000007629394 -3.20000002720103 -3.22000002861023 -2.79999995231628 -2.47000002861023 -2.48000001869156 -2.48000001907349 -3.49000000913511 -3.76999998092651 -3.47000002889395 -4.94999980926514 -2.98000001907349 -2.60999989509583 -2.75999999046326 -2.97000002861023 -3.40000009536743 -3.82999992370605 -4.55999994277954 -4.76000022888184 -4.55000019073486 -4.51000022888184 -4.65999984741211 -4.59999990463257 -4.76000022888184 -4.8899998664856 -5.11999988555908
-9999 -8.07999992370606 -1.75999999046326 -4.3600001335144 -8.44999980926513 -6.61999988555908 -7.59000015258789 -7.76999998092651 -7.11999988555908 -5.5 -7.30999994277954 -5.75 -4.09999990463257 -2.28999996185303 -2.47000002861023 -4.30000019073486 -6.80999990533992 -6.44000005722046 -7.46999979019165 -4.32000017166138 -2.72000000337965 -2.13000011444092 -2.42000007629395 -2.39000010490418 -2.51999998092651 -2.75 -3.45000004768372 -3.61999988555908 -4.07000017166138 -3.71000003814697 -3.11999988565661 -2.75000000012411 -2.59999990463257 -3.32999992370605 -3.93000006672941 -4.46999979019165 -4.67999982833862 -4.75 -4.55000019073486 -4.48000001907349 -4.90999984741211 -4.88000011444092 -4.69000005722046 -4.78000020980835 -4.84000015258789
-9999 -7.80999994277954 -8.19999980926514 -1.27000110187727 -8.01000022888184 -5.75 -6.53000020980835 -7.53999996185303 -6.5 -5.57999992370605 -6.67000007629395 -5.13999986648559 -4.19999980926514 -2.48000001907349 -2.49999999958988 -3.47000002861023 -5.15999984741211 -5.51999998092651 -5.8600001335144 -5.53999996185303 -2.35999989509583 -2.38000011444092 -2.35999989509582 -2.51999998092651 -2.52999997138977 -3.04999995231628 -3.39000010490417 -3.61999988555908 -4 -3.67000007629395 -3.2699999811117 -3.32999992370605 -4.11999988555908 -4.1100001335144 -4.46000003813788 -4.57000017166138 -4.80000019073486 -4.73000001907485 -4.55999994277954 -4.59999990463257 -4.69000005722046 -4.67999982833862 -4.65000009536743 -4.46999979019165 -4.53999996185303
-9999 -7.63000011444092 -6.26000022888184 -1.8400000333786 -4.44999980926514 -5.69999980926514 -5.96999979019165 -6.53999996185303 -5.78999996185303 -5.40000009536743 -6.73999977111816 -5.1399998664856 -4.05000019073486 -2.78999996185303 -2.42000007629395 -4.8899998664856 -5.48000001907349 -6.65000009536743 -5.71000003814697 -6.44999971381831 -5.11999988678655 -2.38000021174098 -2.35999989509583 -2.42000007629395 -2.75999999046326 -3.48000001907349 -3.84999990463257 -3.75 -4.03000020980835 -4.17000007626635 -4.07999992370605 -4.25 -5.61999988555908 -5.73000001907349 -5.32000017166138 -5.17000007629395 -5.23999977111816 -4.82999992371 -4.59999990463257 -4.32999992370605 -4.40000009536743 -4.42000007629395 -4.26000022888184 -4.1300001144409 -3.8199999332428
-9999 -7.30999981944794 -6.57999992370605 -4.80999994277954 -0.990000009536743 -5.61999988555908 -4.3600001335144 -5.59000015258789 -6.07999992370605 -6.28000020980835 -5.96999979019165 -5.17999982833862 -4.73999977111816 -2.83999991416931 -2.16000008583069 -4.8899998664856 -4.71999979019165 -6.03999996185303 -4.8600001335144 -2.83999991416931 -5 -5.53999994679226 -6.46999979019165 -2.57999992691683 -2.80999994277954 -3.3199999332428 -3.54999995231628 -3.73000001907349 -4.21999979018215 -4.59999990463257 -4.71999979019165 -4.90000009536743 -5.76000022888184 -5.98999977111816 -6.32999992370605 -6.19000005722046 -5.80000019073486 -5.13000011444761 -4.55999994277954 -3.92000007629395 -3.79999995231628 -4.05999994277954 -3.73000001907349 -3.60999989509583 -3.4300000667572
-9999 -4.31750011444092 -4.92500019073486 -3.21000003814697 -0.122499800603584 -1.29250001907349 -4.42000007629395 -5.28999996185303 -5.19999980926514 -5.26999998092651 -4.78999996185303 -5.73000001907349 -5.84999990416127 -3.19000005722046 -1.95000004768372 -3.03999996185303 -5.21999979019165 -6.1100001335144 -4.69000005722046 -2.21000003814697 -5.13000011444092 -5.94999980926514 -6.05999994277954 -2.5699999332428 -2.28999996185303 -3.08999991416931 -3.1800000667572 -3.72000002861023 -4.25 -4.32000017166138 -4.71999979019165 -5.13999986648559 -5.46000003814697 -5.80999994277954 -5.88000011444092 -6.07000017166138 -6.19999980926514 -5.65999984741211 -4.76000022888184 -3.51999998092651 -3.3099999427795 -3.30999994277954 -3.33999991416931 -3.36999988555912 -3.30999994277954
-9999 -3.89750003814697 -4.65749979019165 -4.28499984741211 -1.17499995231628 0.672500014305115 -2.70499992370605 -2.57500013577065 -5.21500015258789 -4.23750019073486 -3.74499988555908 -3.41249990463257 -4.53749990463257 -3.04749989509583 -0.159999996423721 -3.1900000317579 -4.71750020980835 -2.85249996185303 -2.48499989509583 -2.12750005722046 -2.41000008583069 -4.51249980926514 -4.58500003814697 -2.82750010490417 -4.75000000992894 -3.50999999046326 -3.45000004768372 -3.99000000953674 -4.32000017166138 -4.38000011444092 -5.80000019073486 -6.19999980926514 -6.13000011444092 -5.92000007629395 -6.26000022888184 -6.46999979019165 -6.01000022888184 -5.42999982833862 -5.07999992370605 -4.03000020980835 -4.09999990463257 -3.75999999046326 -3.9300000667572 -3.90000009536745 -3.82999992370605
-9999 -2.05250000953674 -2.90500042701439 -5.40749979019165 -2.1800000667572 0.395000010728836 -1.29750001430511 -2.97250008583069 -5.01999998092651 -3.61249995231628 -3.55999993726477 -3.38000011444092 -4.06500005722046 -3.12750005722046 -0.567499995231628 -0.954999983310699 -2.98499989509583 -2.86249995231628 -2.86500001439438 -2.48749995231628 -2.59500002861023 -3.6800000667572 -4.43499994277954 -3.79500007629394 -4.41249990463257 -5.99249982833862 -1.35500001831538 -1.88250005113809 -1.66499996185303 -2.19499993299574 -2.32500004768372 -2.42249989509583 -2.65499997138977 -2.74749994277954 -2.69000005722046 -2.70749998092651 -2.41249990463257 -2.25999999046326 -2.35500001907349 -2.94250011444092 -2.9749999046322 -3.01999998092651 -3.2574999332428 -2.97000002860985 -3.01749992370606
-9999 -2.04250001907349 -3.8050000667572 -4.85500001907349 -2.04500007629395 0.360000016508395 -0.0625 -1.78750002384186 -3.12750005722046 -2.93249988555908 -2.92000007629394 -3.5074999332428 -2.83750009536743 -2.26999998092651 -1.82000005245209 -0.855000019073486 -1.07749998569489 -4.6399998664856 -4.61250019073486 -3.04250001907349 -3.55749988555908 -3.02250002693785 -4.08500003814697 -4.03249979019165 -4.28999996185303 -3.79250001907349 -2.32750010490417 -2.10249996185303 -2.58500003814697 -2.32249999069352 -2.42750000953674 -2.63000011444092 -2.84999990463257 -2.92000007629394 -3.12249994277954 -3.20250010490417 -2.84999990463257 -2.73749995231628 -3.09500002861023 -3.67750000953674 -4.42500019073455 -4.27250003814697 -3.75999999046326 -3.31500005722046 -2.94250011444092
