SnowAccumulation_R/test/tmin/final_tmin_30_04_2009.asc
NCOLS 97 
NROWS 69 
XLLCORNER 52512.810182332 
YLLCORNER 5316225.2758522 
CELLSIZE 10000 
NODATA_value -9999 
[rows 20 to 39 of 69, columns 0 to 44 of 97]
-9999 -9999 -9999 -9999 -10.6300001144409 -9.84000015258789 -9.6899995803833 -7.30999994277954 -8.5 -8.36999988555908 -7.67000007629394 -7.40999984741211 -7.03000020980835 -6.40000009536743 -6.55000019073486 -6.44999980926514 -6.21999979019165 -6.32000017166138 -6.86999988555908 -6.67999982833862 -6.28000020980835 -5.63000011444092 -6.30000019073486 -6.61999988359697 -6.53000020980835 -6.19000005722046 -6.09000015258789 -5.8899998664856 -6.11999988555908 -6.09000015258789 -6.32000017166138 -6.48999977111816 -6.76999998092651 -6.78000020980835 -6.86999988555908 -7.09999990463257 -7.09000015258789 -7.09000015258789 -7.13000011444092 -7.26999998092651 -7.61000013351441 -7.8899998664856 -7.98999977111816 -7.92000007629395 -7.71999979019165
-9999 -9999 -9999 -9999 -9.32999992370605 -9.44999980926514 -8.97999954223633 -8.25 -9.47999954223633 -8.94999980926514 -8.80000019073487 -7.59000015258789 -7.19000005722046 -7.23000001907349 -7.03000020980835 -6.69999980926514 -6.44999980926514 -6.34999990463257 -6.84000015258789 -6.73000001907349 -6.40999984741211 -6.26999998092651 -6.28999996185303 -6.36999988555908 -6.50000000961905 -5.88000011444092 -6.19000005722046 -6.23000001907349 -5.98999977111816 -5.92000007629394 -6.1399998664856 -6.59999990463257 -6.6399998664856 -6.6100001335144 -6.55999994277954 -6.98999977111816 -7.07000017166138 -7.48000001907349 -7.65999984741211 -7.69999980926514 -8 -8.36999988555908 -8.46000003814698 -8.40999984741211 -8.03999996185303
-9999 -9999 -9999 -9999 -8.60000038146973 -10.0600004196167 -9 -8.22999954223633 -9.27999973297119 -9.77000045776367 -8.47999954223633 -8.55000019073487 -7.46999979019165 -7.57999992370605 -7.46999973847595 -6.90000009536743 -6.73000001907349 -6.86999988555908 -6.63000011444092 -6.53999996185303 -6.51999998092651 -6.21999979019165 -6.28999996185303 -6.53000020980835 -7.03000020120293 -6.63000011444092 -6.23000001907349 -6.32000017166138 -6.15000009536743 -5.65000009536743 -5.78999996185303 -6.25 -6.67000007629395 -6.80000019073486 -6.76000022888184 -7.15000009536743 -7.3600001335144 -7.73999977111816 -8.07999992370605 -8.26000022888184 -8.51000022888184 -8.72000026702881 -8.76000022888184 -8.72999954223633 -8.44999980926514
-9999 -9999 -9999 -9.60000038146973 -9.22000026702881 -8.02999973297119 -9 -9.39999961853027 -10.0299997329712 -9.77999973297119 -9.14999961853027 -9.56999969482422 -7.90999984741211 -7.389999933531 -7.15999984741211 -6.80000019073486 -6.65999984741211 -6.6100001335144 -6.42999982833862 -6.55000019073486 -6.44000005722046 -6.28000020980835 -6.26999998092651 -6.36000013351441 -6.80000019073486 -6.65999984741211 -6.51999998814613 -6.6100001335144 -6.38000011444092 -5.94000005722046 -5.90999984741211 -6.80000019073486 -6.88000011444092 -7.30999994277954 -7.09999990463257 -7.51999998092651 -7.78000020980835 -8.09000015258789 -8.47000026702881 -8.64999961853027 -8.90999984741211 -9.15999984741211 -9.07999992370605 -9.01000022888184 -8.71000003814697
-9999 -9999 -9999 -10.1499996185303 -9.78999996185303 -9.34000015258789 -10.5200004577637 -9.52999973297119 -10.2700004577637 -10.460000038147 -9.64999961853028 -9.10999962967172 -8.48999977111816 -7.03000020980835 -6.78000020980835 -6.75 -6.69999980926514 -6.57000017166138 -6.59999990463257 -6.71000003814697 -6.51999998092651 -6.26999998092651 -6.44999980926514 -6.36999988555908 -6.59999990463257 -6.65999985257816 -7.28000020980835 -7.13000011444092 -6.71999979019165 -6.46000003814697 -6.86000013351441 -6.88999986648559 -6.1100001335144 -7.17000007629395 -7.40000009536743 -8.19999980926514 -8.28999996185303 -8.26000022888184 -8.64000034332275 -9.35999965667725 -9.14000034332301 -9.43000030517592 -9.3500003814701 -9.26000022888223 -8.90999984741211
-9999 -9999 -9999 -10.2799997329712 -9.66999980002724 -9.3100004196167 -9.77999973297119 -9.89000034332275 -11.3000001907349 -9.76000022888184 -10.25 -7.03000020980835 -7.01000022888184 -7.01000022888184 -6.82999992370606 -6.80999994277954 -6.73000001907349 -6.71999979019165 -6.94999980926514 -7.03000020980835 -6.63000011444092 -6.5 -6.19999980926514 -5.98000001907349 -6.55000019073486 -6.90000009536743 -7.23000001907349 -7.48000001742039 -7.05000019073486 -7.82000017166138 -7.82999992370605 -7.67999982833862 -7.1100001335144 -7.55999994277954 -8.05000019073486 -8.52999973297119 -8.86999988555908 -8.88000011444092 -9.31999969482422 -9.39000034332275 -9.52000045776367 -9.5600004196167 -9.67000007629395 -9.61999988555908 -9.22000026702881
-9999 -9999 -9999 -10.2399966307986 -10.6499996185303 -7.94000005722046 -10.1300001144409 -10.5299997329712 -10.2700004577637 -10.8299999237061 -10.3800001144409 -9.85000038146973 -6.82999992370606 -6.71999979019165 -6.76000022888184 -6.51999998092651 -6.55999994277954 -6.71999979019165 -7.07000017166138 -7.32999992370605 -6.75 -6.59000015258789 -6.07000017166138 -5.57999992370606 -6.67999982833862 -7.42999982833862 -7.23000002356053 -7.23000002384444 -8.27000045776367 -8.18000030517578 -8.03999996185303 -8.1899995803833 -8.32999992370605 -8.73999977111817 -8.90999984741211 -9.1899995803833 -9.14000034332275 -9.02000045776367 -9.39999961853027 -9.35000038146972 -9.34000015258789 -9.60999965667725 -9.80000019073486 -9.85000038146973 -9.35000038146973
-9999 -9999 -9999 -7.73999977111816 -8.39000034332275 -8.03000042095691 -11.0799999237061 -9.27000045776367 -10.2299995422363 -9.97999954223633 -9.72000026702881 -9.97000026702881 -9.89000034332275 -7.19999980926514 -7.21999979019165 -6.73000001907349 -6.61999988555908 -6.63000011444092 -6.76000022888184 -6.94999980926514 -6.73999977111816 -6.63000011444092 -6.5 -6.61999988555908 -7.15000009536743 -7.73999977111816 -8.34000015258789 -8.27000045776367 -8.21000003971557 -8.01000022952969 -8.67000007629395 -8.60000038146972 -8.82999992370605 -9.10999965667725 -9.10999965667725 -9.3100004196167 -9.3100004196167 -9.10999965667725 -9.48999977111816 -9.4399995803833 -9.52000045776367 -9.76000022888184 -9.71000003814697 -9.6899995803833 -9.39999961853027
-9999 -9999 -9999 -5.98999977111816 -9.18000030517578 -9.77000045776367 -9.55000019073486 -10.289999961853 -9.67000007629395 -10.2200002670288 -9.80000019073486 -10.1000003814697 -9.72999954223633 -9.72000026702881 -7.21000003814697 -7.23000001907349 -6.75 -6.76000022888184 -6.53000020980835 -6.28999996185303 -6.36999988555908 -6.28999996185303 -6.28000020980835 -6.53999996185303 -7.34999990463257 -8.25 -8.44999980926514 -8.5 -8.50000000133831 -8.22000026702881 -8.96000003814697 -9.32999992370606 -9.10999965667725 -9.42000007629395 -9 -9.28999996185303 -9.26000022888184 -9.47999954223633 -9.51000022888184 -9.77000045776367 -9.89000034332275 -10.0100002288818 -10.1700000762939 -9.47999954223633 -9.26000022888184
-9999 -9999 -9999 -6.05000019073486 -8.56999969482422 -8.02999973297119 -8.5799998907696 -8.97999954223633 -7.90999984741211 -9.77999973297119 -10.7600002288818 -10.3900003433228 -10.6800003051758 -10.2700004577637 -7.17000007629395 -7.09999990463257 -7.09999990463257 -6.82000017166138 -6.57000017166138 -6.05000019073486 -5.86999988555908 -5.8600001335144 -6.25 -6.11999988555908 -6.98000001907349 -7.28000020980835 -8.52000045776367 -8.63000011444092 -8.85000038146972 -8.98999977111816 -9.25000000158737 -9.36999988631532 -9.01000022888184 -8.89999961853027 -8.64999961853027 -8.96000003814697 -9.31999969482422 -8.97000026702881 -9.3100004196167 -9.90999984741211 -9.98999977111816 -10.039999961853 -9.63000011444092 -9.34000015258789 -9.06999969482422
-9999 -9999 -9999 -4.1600011405403 -6.78000020980835 -7.48000001907349 -8.56999981803849 -9.76000022888184 -9.67000007629394 -8.73999977111816 -10.5699996897993 -9.97000026702881 -9.28999996185303 -10.710000038147 -7.05000019073486 -7.07000017166138 -7.05000019073486 -7.05000019073486 -6.3600001335144 -6.17999982833862 -5.90000009536743 -5.61999988555908 -5.98000001907349 -6.6399998664856 -6.57999992370605 -7.1399998664856 -8.05000019073486 -8.77999973297119 -9.35999965667725 -8.98999977024502 -10.0399999589766 -9.94999980926514 -8.81999969482422 -8.5600004196167 -8.46000003814697 -8.56999969482422 -9.22000026702881 -8.96000003814697 -9.27999973297119 -9.39000034332275 -9.72999954223633 -9.72999954223633 -9.21000003814697 -8.69999980926514 -8.56999969482422
-9999 -9999 -9999 -4.65000009536743 -7.46000003814697 -6.19000005722046 -9.18000030517578 -9.00000065640808 -10.2399997711182 -8.15999984741211 -8.86999988555908 -9.80000019073486 -9.98999977111816 -9.88000011444092 -7.38999986648559 -7.44000005722046 -6.76999998092651 -6.6399998664856 -6.51000022888184 -5.90999984741211 -5.82999992370605 -5.53000020980835 -6.03000020980835 -6.26000022888184 -6.42000007629394 -6.61000013351441 -7.57999992370605 -8.34000015258789 -8.52000045776367 -7.88000011444092 -7.03000020980835 -7.28999996185303 -8.46000003739051 -8.43999957996602 -8.25 -8.25 -9.06999969482422 -8.89000034332275 -9.02999973297119 -9.3100004196167 -9.60000038146973 -9.59000015258789 -8.55000019073486 -8.38000011444092 -8.48999977111817
-9999 -9999 -9999 -7.1100001335144 -5.22999997440734 -7.53000020980835 -6.82000017166138 -9.51000022888183 -8.97999973084959 -9.67000007629395 -9.05000019073486 -8.39999961853027 -8.78999996185303 -8.18000030517578 -7.3899998664856 -7.17000007629395 -7.09000015258789 -6.65999984741211 -6.30000019073486 -5.8899998664856 -5.73000001907349 -5.59000015258789 -5.42999982833862 -5.78000020980835 -6.01000022888184 -6.32999992370605 -6.38000011444092 -7.28000020980835 -7.51000022888184 -6.75 -4.84000015258789 -7.28999996071102 -7.51000022837182 -7.57000017166138 -7.67000007629395 -7.98000001907349 -8.55000019073486 -8.81999969482422 -8.98999977111816 -9.42000007629395 -9.69999980926514 -8.94999980926514 -8.47999954223633 -8.22999954223633 -7.55000019073486
-9999 -9999 -9999 -6.6100001335144 -5.34999990463257 -4.36999988555908 -7.28999996185303 -6.65000009536743 -8.77999973297119 -9.50999964323023 -10.0100002288818 -8.97999954223633 -9.30000019073486 -9.34000015258789 -7.32000017166138 -7.26999998092651 -7.07000017166138 -7.13000011444092 -6.38000011444092 -5.84999990463257 -5.65999984741211 -5.55999994277954 -4.92999982833862 -4.98000001907349 -5.48000001907349 -5.76999998092651 -5.84000015258789 -6.65999984741211 -6.53000020980835 -6.61999988555908 -6.40999984741211 -6.59000015258789 -6.67999982833862 -6.42999982833862 -6.65000009536743 -7.73000001904708 -7.98999977112263 -8.86999988555908 -9.1899995803833 -9.34000015258789 -9.57999992370605 -9.02000045776367 -8.65999984741211 -7.67999982833862 -7.38000011444092
-9999 -9999 -9999 -8.18000030517578 -6.76999998092651 -5.03000020980835 -4.71999979019165 -8.61999988555908 -7.17999982833862 -9.01000022888184 -9.69999948265813 -10.210000038147 -10.0600004196167 -9.84000015258789 -7.75 -7.65999984741211 -7.44000005722046 -7.44999980926514 -7.03000020980835 -6.1399998664856 -5.6100001335144 -5.30000019073486 -4.44999980926514 -4.98000001907349 -5.21000003814697 -5.63000011444092 -5.96999979019165 -5.88000011444092 -5.46999979019165 -6.38999986648559 -6.69000005722046 -6.71000003814697 -6.86999988555908 -6.96999979019165 -7.09999990463257 -7.76999998092651 -8.13000011444092 -8.36999988555908 -8.89000034332275 -10.3400001525811 -9.61999988555827 -8.56999969482364 -8.21000003814641 -7.57000017166068 -7.11000013351422
-9999 -9999 -8.28999996185303 -7.75 -9.97999954223633 -5.82999992370605 -4.59000015258789 -6.21999979019165 -8.13000011444092 -5.82000017166138 -9.55000019073486 -10.3699998016048 -10.6300001144409 -10.2399997711182 -8.34000015258789 -9.22999954223633 -8.14000034332275 -7.76000022888184 -7.51000022888184 -7.13999986648559 -5.6399998664856 -6.01000022888184 -5.8899998664856 -5.8899998664856 -5.3600001335144 -5.46999979019165 -5.94000005722046 -5.94000005722046 -5.90000009536743 -6.3600001335144 -6.57000017166138 -6.59000015258789 -6.73999977111816 -7.09999990463257 -7.80000019073486 -8.18000030517578 -8.68000030517578 -8.4399995803833 -8.8900003433201 -9.36999988555652 -9.27000045776234 -8.31999969482422 -7.96999979019165 -7.26999998092651 -7.03000020980835
-9999 -9999 -9.28999996185303 -9.77000045776367 -8.34000015258789 -9.4399995803833 -7.40999984741211 -4.92000007629395 -7.32000017166138 -8.70999986581157 -9.43000030517578 -9.52000045776367 -10.6099996566772 -10.4499998092651 -9.22999954223633 -9.4399995803833 -9.18000030517578 -8.8100004196167 -8.61999988555908 -8.56999969482422 -7 -6.65000009536743 -6.5 -6.38000011444092 -5.63999986819303 -5.73000001889138 -6.17999982833862 -5.92000007629394 -6.65000009536743 -6.63999986648559 -6.65000009536743 -6.73999977111816 -6.96000003814697 -7.51999998092651 -8.31999969482422 -8.18000030517578 -8.32999992370605 -8.55000019073486 -8.59000015258789 -8.60999965667725 -8.47000026702881 -8.26000022888184 -7.53000020980835 -7.09999990463257 -6.59000015258789
-9999 -9999 -8.27000045776367 -7.46999979019165 -8.30000019073486 -9.18000030517578 -8.93999940687015 -5.11000013351441 -4.86999988555908 -8.68000030517578 -7.11999988555908 -8.51000022888184 -10.2600002288818 -10.4799995422363 -9.51000022888184 -9.88000011444092 -9.81999969482422 -9.60000038146973 -9.1899995803833 -9.09000015258789 -8.48999977111817 -7.30999994277954 -7.09000015258789 -6.75 -5.80999994277954 -5.90999984741211 -6.67000007629395 -6.80000019073486 -6.88000011444092 -6.8600001335144 -6.57999992370605 -6.84000015258789 -7 -7.71000003814697 -7.67000007629395 -8.23999977111816 -8.5 -8.52999973297119 -8.56999969482422 -8.56999969482422 -8.39999961853027 -8.19999980926514 -7.84999990463257 -7.05000019073486 -6.32000017166138
-9999 -9999 -7.78999996185303 -6.94000005722046 -7.5 -9.89000034332275 -8.64000034332275 -7.17000007629394 -4.19999980926514 -8.39000034332275 -8.61999988555908 -9.31999969482422 -9.22999954223633 -10.8900003414364 -11.1599998474121 -10.6800003051758 -10.5600004196167 -9.89000034332275 -9.80000019073486 -9.93000030517578 -9.43000030517578 -8.55000019073487 -7.57999992370606 -7.07999992370605 -6.86999988555908 -6.3600001335144 -7.09999990463257 -7.5 -7.28000020980835 -7.15999984741211 -6.96999979019165 -7.05999994277954 -7.15000009536743 -7.67999982833862 -7.71999979019165 -7.82999992370605 -8.5 -8.67000007629395 -8.67000007629395 -8.61999988555908 -8.4399995803833 -8.34000015258789 -7.90999984741211 -7.38999986648559 -6.90999984741211
-9999 -9999 -4.38999881076359 -6.53999996185303 -8.98999977111816 -8.26000022888184 -8.26000022888183 -7.57999992370606 -4.25 -6.71000003814697 -8.99999995978363 -6.46000003814697 -8.56999969482422 -10.1300001144409 -10.460000038147 -10.25 -10.3800001144409 -10.2600002288818 -10.4700002670288 -10.460000038147 -10.6499996185303 -10.9899997711182 -8.85000038146973 -7.94999980926514 -7.92999982833862 -7.80999994277954 -7.03000020980835 -7.36999988555908 -7.28000020980835 -7.19000005722046 -7.03000020980835 -7.17999982833862 -7.57000017166138 -7.78000020980835 -7.61999988555908 -8.09000015258789 -8.22999954223633 -8.85999965667725 -9.03999996185303 -8.86999988555908 -8.61999988555908 -8.14999961853027 -7.90999984741211 -7.32000017166138 -7.13000011444092
