SnowAccumulation_R/test/tmin/final_tmin_09_04_2009.asc
NCOLS 97 
NROWS 69 
XLLCORNER 52512.810182332 
YLLCORNER 5316225.2758522 
CELLSIZE 10000 
NODATA_value -9999 
[rows 40 to 59 of 69, columns 0 to 44 of 97]
-9999 -9999 0.270000010728836 -4.00999945186869 -4.26000012606953 -3.72000002861023 -3.88000011444092 -2.65000009536743 -2.55999994277954 -0.550000011920929 -3.22000002861023 -2.50999999046326 -3.26999998092651 -3.30999994277954 -3.22000002861023 -3.20000004768372 -3.53999996185303 -3.23000001907349 -2.95000004768372 -2.9300000667572 -2.78999996185303 -3.1800000667572 -1.17999994967705 -1.04999995272469 -0.980000019073486 -0.300000012788011 -0.300000007059844 0.409999996423721 0.200000002980232 -0.109999999403954 -0.170000001788139 -0.109999999403954 -0.370000004768372 -0.610000014305115 -0.219999998807907 -0.800000011920929 -0.560000002384186 -0.560000002384186 -0.400000005960464 -0.620000004768372 -0.560000002384186 -0.550000011920929 -0.519999980926514 -0.280000001192093 -0.100000001490116
-9999 -9999 0.639999985694885 -3.05999994277954 -3.31999982744903 -3.53999996185303 -2.80999994277954 -3.45000004768372 -3.04999995231628 -0.769999980926514 -3.08999991416931 -3.01999998092651 -2.95000004768372 -3.25 -3.25999999046326 -3.23000001907349 -3.41000008583069 -3.40000009536743 -2.90000009536743 -2.52999997138977 -2.45000004812579 -1.65999997007745 -1.0900000333786 -0.959999978542328 -0.819999992847443 0.00999999977648258 0.360000013737379 0.560000002384186 0.46000000834465 0.200000002980232 0.140000000596046 0.140000000596046 0.330000013113022 0.0399999991059303 -0.379999995231628 -0.469999998807907 -0.409999996423721 -0.52999997138977 -0.620000004768372 -0.620000004768372 -0.610000014305115 -0.259999990463257 -0.409999996423721 0.180000007152557 -0.0799999982118607
-9999 -9999 0.699999988079071 -2.44000005722046 -3.27999997138977 -3.240000263728 -3.48000001907349 -2.98000001907349 -2.79999990153072 -1.45000004768372 -2.75 -1.41999998367775 -2.16000008583069 -3.15000009536743 -3.25 -3.21000003814697 -3.36999988555908 -3.22000002903821 -2.41000009052663 -2.34999990495782 -2.05999994277954 -1.80999994277954 -1.13999998569489 -0.810000002862893 -0.310000003688328 0.150000005960465 0.540000021457672 0.629999995231629 0.540000021457672 0.479999989271164 0.660000026226044 0.680000007152557 0.759999990463257 0.860000014305115 0.129999995231628 0.00999999977648258 0.0599999986588955 -0.200000002980232 -0.540000021457672 -0.970000028610229 -0.899999976158142 -0.0299999993294477 0.0299999993294477 0.219999998807907 -0.0199999995529652
-9999 -9999 -0.860000014305115 -2.63000011444092 -2.51999998092651 -3.25 -2.82999993002272 -2.98000001907349 -1.5 -2.44000005722046 -1.3400000333786 -2.59999990463257 -3.00999999046326 -3.13000011444092 -3.09999990463257 -3.15000009536743 -3.1800000667572 -3.14000010490418 -2.36999988555908 -2.13000011444092 -2.36999988555908 -1.76999998092651 -1.00999999046326 -0.189999997615814 -0.0700000002980232 0.379999995231628 0.540000021457672 0.889999985694885 0.490000009536743 0.479999989271164 0.699999988079071 0.730000019073486 0.8299999833107 1.01999998092651 0.970000028610229 0.870000004768372 0.699999988079071 0.360000014305115 -0.239999994635582 -2.22000002861023 -0.800000011920929 -0.0700000002980232 0.189999997615814 0.319999992847443 0.779999971389771
-9999 -9999 1.45000004768372 -1.94000005722046 -2.25 -3.33999991416931 -2.3199999332428 -2.84000022250893 -0.469999998807907 -0.899999976158142 0.920000016689301 -1.28999996185303 -2.3199999332428 -2.76999998092651 -3.07999992370606 -3.05999994277954 -3.04999995231628 -3.07999992370606 -2.22000002861023 -2.20000004768372 -2.04999995231628 -1.48000001907349 -0.790000021457672 0.0799999982118607 1.97000002861023 0.0900000035762787 -0.300000011920929 0.109999999153631 0.109999999403954 0.25 0.400000005960464 0.469999998807907 1.10000002384186 1.32000005245209 1.37000000476837 1.12000000476837 0.9200000166893 0.649999976158142 0.150000005960464 -0.349999994039536 0.0700000002980232 0.340000003576279 0.389999985694885 0.560000002384186 0.959999978542328
-9999 -9999 1.97000002861023 -1.65000027019413 -2.72000002861023 -2.84999990463257 -2.94000005860388 -2.54999995231628 -2.47999980520084 -2.0699999059674 1.28999996185303 -1.42999994754791 -2.33999991626108 -3 -3.17000007629394 -2.91000008583069 -2.9300000667572 -2.99000000953674 -2.21000003814697 -2.1800000667572 -2.04999995231628 -1.76999998092651 -0.939999997615814 -0.389999985694885 -0.150000005960464 -0.469999998807907 -0.569999992847443 -0.23000000428518 -0.280000001145308 -0.230000004172325 0.569999992847443 0.680000007152557 1.17999994754791 1.42999994754791 1.51999998092651 1.28999996185303 1.48000001907349 1 0.730000019073486 0.389999985694885 0.639999985694885 0.629999995231628 0.790000021457672 0.819999992847443 1.12999999523163
-9999 -9999 2.54999995231628 -2.45000004768372 -2.05999994277954 -1.62000000476837 -2.02999997138977 -2.52999997138977 -2.71000003814697 -0.519999594249404 1.6599999666214 -1.39999997615814 -2.48000001907349 -2.89000010490417 -2.85999989509583 -2.90000009536743 -2.82999992370605 -2.84999990463257 -2.8199999332428 -2.39000010490417 -2.05999994277954 -1.60000002384186 -1.25 -1.01999998092651 -0.939999997722457 -0.939999997615814 -0.720000029980489 -0.469999998807907 -0.330000013113022 -0.0399999991059303 0.25 0.75 1.29999995231628 1.41999995708466 1.60000002384186 1.30999994277954 1.49000000953674 1.21000003814697 0.980000019073486 0.860000014305115 1.05999994277954 1.02999997138977 0.879999995231629 1.03999996185303 1.74000000953674
-9999 -9999 3.03999996185303 -2.08999991416931 -1.11000001430511 -1.33000004291534 -1.42999994754791 -2.64000010490417 -2.02999997138977 1.12000000476837 2.31000002924706 -0.779999971389771 -2.47000002861023 -2.75999999046326 -2.65000009536743 -2.75999999046326 -2.69000005722046 -2.75 -2.02000002157037 -2.25 -2.51999998092651 -1.83000004291534 -1.45000004768372 -1.23000001907349 -1.24999999983934 -0.949999988717231 -0.949999988079071 -0.939999997615814 -0.709999978542328 -0.0500000007450581 0.389999985694885 0.850000023841858 0.97000002861023 1.47000002861023 1.58000004291534 1.58000004291534 1.38999998569489 1.22000002861023 0.930000007152557 0.97000002861023 1.10000002384186 1.11000001430511 1.03999996185303 1.39999997615814 2.11999988555908
-9999 0.170000001788139 3.25999999046326 -0.300000011920929 -1.57000012983249 -0.879999995231628 -2.0699999332428 -2.18999997009576 -0.649999976158142 2.24000000953674 2.7499999992594 -0.759999745456876 -2.5699999332428 -2.33999991416931 -2.3199999332428 -2.57999992370605 -2.52999997138977 -2.57999992370605 -2.52999997138977 -2.45000004768372 -2.46000003814697 -1.55999994277954 -1.21000003814697 -0.980000019073486 -0.970000028610229 -0.959999978542328 -1.01999998092651 -1.36000001430511 -1.39999997615814 -1.12000000476837 0.77999997094195 1.04999995231628 1.32000005239162 1.53999996185303 1.60000002384186 1.37999999523163 1.36000001430511 1.37000000476837 1.1599999666214 1.11000001430511 1.35000002384186 1.13999998569489 1.22000002861023 1.33000004291534 1.5900000333786
-9999 2.10999989509583 3.39000010490417 -1.11000001430511 -0.800000011920929 -1.47000002861023 0.25 0.209999993443489 0.939999997615814 2.70000004768372 2.76999998092651 2.47000002861023 -2.33999987640343 -1.47000002886434 -1.67999994754791 -2.28999996185303 -2.34999990273742 -2.50999999046326 -2.34999990463257 -2.11999991214497 -1.94000005722046 -1.66999995708466 -1.42999994754791 -1.37999999523163 -1.33000004291534 -0.9200000166893 -1.00999999046326 -1.37999999523163 -1.25999999046326 0.180000006699908 1.26999998092651 1.63999998569489 1.75999999046326 1.79999995231628 1.35000002384186 1.37000000476837 1.36000001430511 1.17999994754791 1.08000004291534 1.04999995231628 1.11000001430511 1.12999999523163 1.12999999523163 1.19000005722046 1.22000002861023
-9999 -1.54999995231628 0.970000930230492 -0.439999997615814 -2.1800000667572 -1.49000000953674 -1.42999994754791 -1.23000001907349 -0.46000000834465 1.35000002384186 2.27999997138977 2.29999995231628 0.159999996423721 -0.910000026226044 -1.48000001907349 -2.09999990463257 -2.19000005722046 -2.29999995231628 -2.23000001907349 -2.67000004860227 -1.82000005245209 -1.46000003814697 -1.21000003814697 -1.11000001430511 -0.600000023841858 -0.699999988079071 -0.889999985694885 -0.140000001256418 -0.140000000596046 0.740000009234977 1.42999994754791 1.76999998092651 1.9099999666214 1.71000003814697 1.58000004291534 1.41999995708466 1.24000000953674 0.9200000166893 0.939999997615814 0.829999983310699 1.00999999046326 1.05999994277954 0.959999978542328 0.970000028610229 0.990000009536743
-9999 -0.390000406296254 4.40999984741211 0.109999999403954 -1.80999994277954 -0.540000021457672 -0.46000000834465 -0.980000019073486 -1.2399999212712 1.87999999523163 1.25 0.150000005960464 1.72000002861023 -0.419999986886978 -1.35000002384186 -1.35999995279996 -1.96000003814697 -1.97000002861023 -2.00999999046326 -1.63999998569489 -1.57000004178402 -1.20000004768372 -0.699999988079071 -0.540000021457672 -0.34000000423101 -0.340000003576279 0.170000001403241 0.370000004768372 0.680000006859381 0.579999983310699 1.5900000333786 2.01999998092651 2.10999989509583 1.73000001907349 1.47000002861023 1.02999997138977 0.479999989271164 0.159999996423721 0.409999996423721 0.379999995231628 0.409999996423721 0.370000004768372 0.769999980926514 0.769999980926514 0.660000026226044
-9999 -0.730000019073486 4.21000003814697 2.6800000667572 -1.01999998092651 0.759999990463257 -0.270000010728836 -0.569999992847443 -0.180000007152557 1.42999994754791 -0.740000009536743 -0.0399999991059303 0.899999976158142 2.10999989509583 0.790000021457672 -0.860000014305115 -1.71000001257843 -1.70000004768372 -1.75999999046326 -1.58000004291534 -1.3200000615936 -0.219999998807907 -0.280000001192093 -0.219999998807907 0.0700000002980232 0.209999993443489 0.779999971389771 0.740000009536743 0.810000002384186 1.6599999666214 1.74999999999025 2.44000005698902 2.66000008583069 1.86000001430511 0.939999997657048 0.340000003576279 -0.509999990463257 -0.270000010728836 -0.140000000596046 -0.109999999403954 0.0500000007450581 0.0599999986588955 0.119999997317791 0.389999985694885 0.519999980926514
-9999 -0.400000005960464 -0.709999978542328 4.91999926757148 -0.550000011920929 1.75 0.850000023841858 -0.319999992847443 0.449999988079071 1.25 -0.209999993443489 0.519999980926514 0.959999978542328 2.45000004768372 0.80000001942031 -0.230000004172325 -0.980000019073486 -1.05999994277954 -1.3400000333786 -1.17999994754791 -0.980000019073486 -0.810000002384186 -0.370000001748977 -0.150000005960464 0.200000002980232 0.730000019073486 1.12000000476837 1.26999998092651 1.64999997615814 2.10999989509583 2.15000009538693 2.05999994277954 1.88999998569489 1.5 0.750000000032742 0.370000004768372 -0.300000011920929 -0.649999976156326 -0.680000007152557 -0.779999971389771 -0.810000002384186 -0.209999993443489 -0.730000019073486 -0.25 0.00999999977648258
-9999 -0.159999996423721 1.22000002861023 5.25 3.03999996185303 1.80999994277954 1.4099999666214 0.689999997615814 1.21000003814697 1.44000005722046 -0.189999997615814 0.639999985694885 1.26999998092651 2.30999994277954 1.78999996185303 -0.46000000834465 -0.759999990463257 -1.03999996185303 -0.779999971389771 -1.04999992413675 -0.610000015123424 -0.809999997394439 -0.230000004172325 0.180000007152557 0.889999985694885 1.1599999666214 1.5900000333786 1.74000000953674 1.94000005722046 2.06999993309795 1.91999995708466 1.76999998092651 1.03999996185303 0.670000016689301 0.379999995231628 0.140000000596046 -0.479999989271164 -0.83999997377149 -0.949999988079071 -1.12999999523163 -1.24000000953674 -1.26999998092651 -1.17999994754791 -1.1100000143051 -0.810000002384186
-9999 0.200000134534054 0.97000002861023 2.77999997138977 6.01000022888184 1.9099999666214 3.14000010490418 1.71000003814697 0.910000026226044 0.400000005960464 0.490000009536743 0.730000019073486 0.8299999833107 2.3199999332428 2.72000002861023 -0.180000007152557 -0.28999999165535 -0.660000026226044 -0.330000013113022 0.150000005960464 -0.0299999993294477 -0.300000000693812 -0.430000007152557 0.660000026087946 1.22000002861023 1.26999998092651 1.39999997615814 1.73000001907349 2.04999995262967 2.01999998092651 1.76999998092651 1.60000002384186 1 0.529999971389771 -0.0799999982118607 -0.270000010728836 -0.720000028610229 -1.09000003337656 -1.17999994754791 -1.44000005722046 -1.52999997138977 -1.62999999523163 -1.42999994754791 -1.37999999523163 -1.13999998569489
-9999 -0.882499992847443 -1.4025000333786 1.30999994277954 1.77000000582709 2.24749994277954 3.05999994277954 2.01999998092651 1.8400000333786 1.38999998569489 1.6599999666214 0.439999997615814 0.0599999991975259 1.94000005722046 3.08999991416931 1.1599999666214 -0.170000001788139 -0.479999989271164 -0.00999999977648258 0.790000021457672 0.170000001788139 -0.0599999986588955 -0.0699999971803045 1 0.879999995231628 1.20000004768372 1.02999997138977 1.75 2 1.91999995708466 1.36000001430511 1.5 1.11000001430511 0.579999983310699 0.0700000002980232 -0.270000010728836 -0.889999985694885 -1.3400000333786 -1.39999997615814 -1.66999995708466 -1.69000005722048 -1.5900000333786 -1.51999998092651 -1.51999998092649 -1.37999999523163
-9999 0.0999999865889549 -0.122500002384186 0.294999986886978 1.99500000476837 2.06750011444092 2.01250004768372 1.22749996343113 0.342500001192093 -1.13750004768372 -0.259999990463257 -0.330000013113022 -0.067500002682209 0.612500011920929 0.597500026226044 -0.182499999102845 -1.36749994754791 -1.4724999666214 -1.25499999523163 -1.10749995708466 -0.672500014305115 -1.61249995231628 -1.36749994754791 -0.920000016689301 1.24999996127711 2.1800000667572 2.33999991416931 1.92999994754791 1.89999997615814 1.8400000333786 1.27999997138977 0.889999985694885 0.769999980926514 0.479999989271164 -0.129999995231628 -0.449999988079071 -0.860000014305115 -1.27999997138977 -1.47000002861023 -1.70000004768372 -1.89999997615803 -1.8400000333786 -1.87000000476837 -1.8400000333786 -1.75999999046326
-9999 -0.180000007152557 0.469999843595124 -0.899999976158142 2.36999988555908 1.97500002384186 2.6875 1.79750001430511 0.555000007152557 0.00499999709427357 -0.649999978778797 -0.0599999986588955 -0.0225000306963921 1.10500001907349 0.262499988079071 0.127499997615814 -0.257499992847443 -1.33500003814697 -1.15999996968938 -1.08500003814697 -1.13999998569489 -1.28250002861023 -1.5275000333786 -1.61500000953674 -1.87249994277954 -2.40499997138977 -0.822499988343648 -1.54750001205255 -1.51499998569489 -1.58000004282896 -1.42250001430511 -1.0275000333786 -1.02499997615814 -0.725000023841858 -0.660000026226044 -0.577499985694885 -0.219999998807907 0.135000005364418 0.174999997019768 -0.0174999907612801 0.352499991655262 0.162499994039536 -0.692499995231628 -0.902499973773755 -0.959999978542328
-9999 -0.487500011920929 -0.0774999931454659 -0.709999978542328 2.54999995231628 1.68749998292457 2.0699999332428 1.11249995231628 1.6875 0.222499996423721 -0.957499980926514 0.330000013113022 1.29499995708466 0.887499988079071 0.247500002384186 0.772499978542328 1.02250003814697 -1.125 -1.66250002384186 -1.15750002861023 -1.8400000333786 -1.3124999868358 -1.35749995708466 -1.74500000476837 -1.75999999046326 -1.88499999046326 -0.767499983310699 -1.10000002384186 -2.10249996185303 -1.48749995280818 -1.4375 -1.19249999523163 -1.11249995231628 -0.795000016689301 -0.682500004768372 -0.745000004768372 -0.552500009536743 0.0350000001490116 -0.344999998807907 -0.324999988079071 -0.452499985694801 -0.349999994039536 -0.347499996423721 -0.310000002384186 -0.409999996423721
