SnowAccumulation_R/test/tmin/final_tmin_28_04_2009.asc
NCOLS 97 
NROWS 69 
XLLCORNER 52512.810182332 
YLLCORNER 5316225.2758522 
CELLSIZE 10000 
NODATA_value -9999 
[rows 40 to 59 of 69, columns 45 to 89 of 97]
-2.08999991416931 -1.71000003814697 -2.02999997138977 -1.99000000953674 -2.53999996185303 -2.53999996185303 -2.57999992370606 -3.29999995231628 -3.29999995231628 -3.35999989509582 -3.34999990463257 -3.32999992370606 -3.36999988555908 -3.39000010490417 -3.31999993318538 -3.08999991416931 -2.78999996185303 -2.33999991416931 -2.21000003814697 -1.87000000476837 -1.5 -1.25 -0.709999978542328 -0.409999996423721 -0.330000013113022 -0.189999997615814 -0.169999979644665 0.0699999995895661 -0.00999999977648258 0.150000005960465 0.129999995310081 0.0399999991059303 0.00999999977648258 0.129999995231628 0.209999993443489 0.189999997615814 0.200000002980232 0.159999996423721 0.0900000035762787 0.0599999986588955 0.0900000035762787 0.0399999991059303 0.0399999991059303 0.0500000007450581 0.0500000007450581
-1.42999994754791 -1.44000005722046 -1.39999997615814 -1.70000004768372 -1.67999994754791 -1.71000003814697 -1.70000004768372 -2.84999990463257 -2.82999992370605 -2.89000010490418 -2.79999995231628 -2.78999996185303 -2.88000011444092 -2.91000008583069 -2.84999990460392 -2.70000004768372 -2.36999988555908 -2.04999995231628 -1.98000001907349 -1.63999998569489 -1.23000001907349 -1.00999999046326 -0.699999988079071 -0.439999997615814 -0.5 -0.170000001788139 0.00999999977648258 0.109999999403954 0.0199999995529652 0.170000001788139 0.189999997615814 0.109999999403954 -0.180000007152557 -0.28999999165535 0.0900000035762787 -0.239999994635582 0.0899999799465751 0.189999997615814 0.219999998807907 0.209999993443489 0.219999998807907 0.150000005960465 0.0700000002980232 0.0599999986588955 0.100000001490116
-0.959999978542328 -0.899999976158142 -0.870000004768371 -1.03999996185303 -1.01999998092651 -1.17999994754791 -1.28999996185303 -2.54999995231628 -2.59999990463257 -2.52999997138977 -2.44000005722046 -2.3199999332428 -2.4300000667572 -2.41000008583069 -2.39000010490417 -2.22000002861023 -2.07999992370605 -1.95000004741226 -1.69000005722046 -1.37000000476837 -1.02999997415373 -0.850000023841858 -0.800000011920929 -0.350000003533392 -0.430000007152557 -0.150000005960464 -0.300000011920929 -0.219999998807907 -0.0500000007450581 0.0199999995529652 0.0799999982118607 0.150000005960464 -0.129999995231628 -0.230000004172325 -0.259999990463257 -0.469999998807907 -0.579999983310699 -0.159999996423721 0.0799999982118607 0.0900000035762787 0.209999993443489 0.239999994635582 0.230000004172325 0.170000001788139 0.180000007152557
-0.759999990463257 -0.699999988079071 -0.689999997615814 -0.540000021457672 -0.639999985694885 -0.860000014305115 -0.990000009536743 -1.92999994754791 -2.00999999046326 -2.08999991416931 -2.09999990463257 -2.03999996185303 -1.99000000953674 -1.99000000953674 -1.97000002861023 -1.87999999523163 -1.75 -1.72000002861023 -1.36000001430511 -1.19000005722046 -1.01999998063518 -0.930000011623953 -0.839999973773956 -0.889999985072046 -0.620000004768372 -0.519999980926514 -0.180000007152557 -0.140000000596046 -0.0599999986588955 -0.0399999991059303 -0.0399999991059303 0.0900000035762787 0.00999999977648258 -0.109999999403954 -0.170000001788139 -0.270000010728836 -0.349999994039535 -0.639999985694885 -0.230000004172325 -0.25 0.140000000596046 0.28999999165535 0.330000013113022 0.379999995231628 0.430000007152557
-0.319999992847443 -0.25 -0.340000003576279 -0.419999986886978 -0.419999986886978 -0.670000016689301 -0.759999990463257 -1.55999994277954 -1.52999997138977 -1.52999997138977 -1.51999998092651 -1.51999998092651 -1.57000005245209 -1.62999999523163 -1.63999998569489 -1.62000000476837 -1.5900000333786 -1.54999995231628 -1.23000001907349 -1.12999999523163 -1.11000001795462 -0.990000009536743 -1.13999998569489 -1.12000000476837 -1 -0.479999989271164 -0.379999995231628 -0.119999997317791 0.0900000035762787 0.10999999928163 -0.0399999991059303 0.00999999977648258 0.0299999993294477 0.0599999986588955 -0.00999999977648258 -0.0399999991059303 -0.119999997317791 -0.240000021560162 -0.509999978732179 -0.589999973773956 0 0.269999886315684 0.400000005960465 0.560000002384186 0.709999921770883
-0.140000000596046 0.0599999986588955 -0.00999999977648258 -0.140000000596046 -0.419999986886978 -0.579999983310699 -0.6700000166893 -1.02999997138977 -1.0900000333786 -1.10000002384186 -1.16999995708466 -1.26999998092651 -1.24000000953674 -1.36000001430511 -1.39999997615814 -1.44000005722046 -1.41999995708466 -1.39999997609663 -1.37000000741584 -1.23000001907349 -1.10000002384186 -1.12999999523163 -1.1599999666214 -1.12999999523163 -0.879999995231628 -0.740000009536743 -0.610000014305115 -0.490000009536743 0.0700000002980232 0.119999997317791 0.119999997317791 0.100000001490116 0.0799999982118607 -0.170000001788139 -0.129999995231628 -0.0500000007450581 -0.189999989242356 -0.239999994635582 -0.360000014305115 -0.419999986886978 -0.46000000834465 -0.540000021457672 0.330000013113022 0.560000002384186 0.699999988079071
-0.0199999995529652 0.180000007152557 0.0500000007450581 -0.140000000596046 -0.389999985694885 -0.540000021457672 -0.649999976158142 -0.730000019077197 -0.930000007152557 -0.879999995231628 -0.860000014305115 -0.990000009536743 -1.05999994277954 -1.0900000333786 -1.11000001430511 -1.41999995684698 -1.75999999046326 -1.72000002861023 -1.41999995708466 -1.24000000953674 -1.20000004768372 -1.20000004768372 -1.12999999523163 -1.04999995231628 -0.709999978542328 -0.200000002980232 -0.159999996423721 -0.170000001788139 0.0599999986588955 0.0399999991059303 0.0599999986588955 0.0500000007450581 0.00999999977648258 -0.280000001192093 -0.159999996423721 -0.180000007152557 -0.28999999165535 -0.100000001490116 -0.180000007152557 -0.449999988079071 -0.419999986886978 -0.219999998807907 0.0500000007450581 0.620000004768372 0.699999988079071
-0.0900000035762787 0.0199999995529652 -0.0500000007450581 -0.150000005960464 -0.209999993443489 -0.569999992847443 -0.680000007152557 -0.660000026233366 -0.980000019073487 -0.720000028610229 -0.61000001431776 -0.740000009536743 -0.839999973981758 -0.860000014587582 -1.42999994754791 -2.05999994277954 -1.95000004731244 -1.45000004768372 -1.49000000953674 -1.44000005722046 -1.36000001430511 -1.29999995231628 -0.899999976158142 -0.769999980926514 -0.439999997615814 -0.0900000035762787 -0.0900000035762787 -0.0299999993294477 -0.170000001788139 -0.209999993443489 -0.0199999995529652 0.0500000006741611 0 -0.180000007152557 -0.200000002980232 -0.25 -0.230000004172325 -0.180000007152557 -0.129999995231628 -0.0799999982118607 -0.0900000035762787 -0.109999999403954 0 0.119999997317791 0.730000019073486
-0.0900000035762787 -0.0599999986588955 -0.0599999986588955 -0.170000001788139 -0.150000005960464 -0.629999995231628 -0.740000009536743 -1.08000004291974 -1.16999995708466 -0.740000009579235 -0.560000002527208 -1.44000005722046 -2.03999996185303 -1.90999996668212 -2.25 -2.17000007629395 -1.99000000913174 -1.26999998092651 -1.37999999523163 -1.41999995703654 -1.1599999666214 -1 -0.790000020495005 -0.439999997615814 -0.280000001192093 -0.189999997615814 -0.200000002980232 -0.219999998807907 -0.280000001192093 -0.239999994635582 -0.140000000596046 -0.0199999995529652 -0.100000001490116 -0.239999994635582 -0.239999994635582 -0.230000004172325 -0.189999997615814 -0.00999999977648258 -0.0599999986588955 0 0.0399999991059303 0.0199999995529652 0.119999997317791 0.219999998807907 0.310000002384186
-0.119999997317791 -0.100000001490116 -0.0900000035762787 -0.180000007152557 -0.5 -0.560000002384186 -0.800000011920929 -3.32999992370605 -2.27999997138977 -1.75 -2.24000000953674 -2.54999995231628 -2.76999998092651 -2.61999988555908 -2.47000002861023 -2.28999996185303 -2.05999994277954 -1.17999994754791 -1.38999998569489 -1.29999995231628 -1.10000002384186 -0.769999980926514 -0.810000002384186 -0.479999989271164 -0.330000013113022 -0.340000003576279 -0.219999998807907 -0.150000005960464 -0.180000007152557 -0.0700000002980232 -0.0399999991059303 -0.0199999995529652 -0.170000001788139 -0.239999994635582 -0.310000002384186 -0.219999998807907 -0.0700000002980232 0.0599999986588955 -0.0299999993294477 -0.189999984301656 -0.159999996423721 0.180000007152557 0.279999966492994 0.330000013113022 0.560000002384186
-0.150000005960464 -0.119999997317791 -0.0900000035762787 -0.0799999982118607 -0.330000013113022 -0.600000023841858 -0.730000019073486 -3.98000001907349 -3.30999994277954 -2.59999990463257 -2.98000001907349 -2.25999999046326 -2.42000007629395 -2.35999989509583 -2.32999992370605 -2.20000004768372 -1.5 -1.20000004768372 -1.41999995708466 -1.48000001907349 -1.24000000953674 -0.910000026226044 -0.800000011920929 -0.959999978542328 -0.509999990463257 -0.519999980926514 -0.259999990463257 -0.100000001490116 0 -0.0799999982118607 0.00999999821891546 -0.0700000002980232 -0.119999997317791 -0.249999999528693 -0.300000011920929 -0.280000001192093 -0.25 -0.100000001490116 0.0399999991059303 -0.150000005960464 0 0.28999999165535 0.300000011920929 0.449999988079071 0.569999992847443
-0.25 -0.0900000035762787 -0.0900000035762787 -0.0900000035762787 -0.340000003576279 -4.19999980926514 -4.09999990463257 -4.07999992370606 -2.92000007629395 -2.02999997138977 -2.14000010490417 -1.80999994277954 -1.76999998092651 -2.17000007629395 -2.02999997138977 -1.3400000333786 -1.26999998092651 -1.38999998569489 -1.71000003814697 -1.55999994277954 -1.44000005722046 -0.980000019073486 -1.04999995231628 -1.29999995231628 -0.860000014305115 -0.519999980926514 -0.340000003576279 -0.129999995231628 -0.119999997317791 -0.219999981145933 -2.49626465273229e-10 -0.140000000596046 -0.280000001192093 -0.189999997615814 -0.259999990463257 -0.239999994635582 -0.310000002384186 -0.0599999986588955 0.200000002980232 0.200000002980232 0.189999997615814 0.519999980926514 0.540000021457672 0.639999985694885 0.709999938354558
-0.270000010728836 -0.159999996423721 -0.0900000035762787 -3.58999991416931 -3.3199999332428 -3.01999998092651 -2.74000000953674 -2.78999996185303 -2.09999990463257 -1.53999996185303 -1.46000003814697 -1.41999995708466 -1.45000004768372 -1.51999998092651 -1.82000005245209 -1.22000002861023 -1.0900000333786 -1.42999994754791 -1.63999998569489 -1.37999999523163 -1.23000001907349 -1.1599999666214 -1.14999997615814 -0.97000002861023 -0.970000028732448 -0.759999990463257 -0.479999989271164 -0.389999985694885 -0.370000004768372 -0.0900000035762787 -0.0900000035762787 -0.25 -0.529999971389771 -0.430000007152557 -0.449999988079071 -0.569999992847443 -0.479999989271164 -0.579999983310699 -0.270000043123141 0.0500000007450581 0.430000007152557 0.540000021457672 0.600000068089138 0.490000009536743 0.550000011920929
-0.540000021457672 -0.600000023841858 -1.25 -2.39000010490417 -2.60999989509582 -2.21000003814697 -1.89999997615814 -1.86000001430511 -1.58000004291534 -1.24000000953674 -1.10000002384186 -1.12000000476837 -1.19000005722046 -1.32000005245209 -1.74000000953674 -1.25999999046326 -1.07000005245209 -1.17999994754791 -1.27999997156233 -1.21000003814697 -1.00999999046326 -0.949999987738661 -0.779999971389771 -0.709999978542328 -0.730000019073486 -1.1599999666214 -0.930000003248406 -0.980000019073486 -0.540000021457672 -0.449999988079071 -0.509999990463257 -0.779999971389771 -1.00999999046326 -0.889999985694885 -0.889999985694885 -0.470000005183648 -0.439999997615814 -0.340000003576279 -0.569999992847443 -0.0900000035762787 0.400000005960464 0.509999517280384 0.360000014305115 0.829999983310699 0.819999992847443
-0.479999989271164 -0.479999989271164 -1.12000000476837 -1.4099999666214 -1.61000001430511 -1.6599999666214 -1.28999996185303 -1.42999994754791 -1.22000002861023 -1.03999996185303 -0.889999985694885 -1.01999998092651 -1.01999998092651 -1.12000000476837 -1.25 -1.2100000380496 -0.930000007152557 -1.12999999523163 -1.19000005725892 -1.19000005722046 -1.05999994277954 -0.959999978542328 -0.75 -0.419999986886978 -0.519999980926514 -0.46000000834465 -0.490000009536743 -0.800000011920929 -0.850000023841858 -0.610000014305115 -0.810000002384186 -0.939999997615814 -0.860000014305115 -0.990000009536743 -0.810000002384186 -0.779999971389771 -0.360000014305115 -0.219999998807907 -0.280000001192093 -0.0700000002980232 -0.0700000083683507 0.0700000002980232 0.389999985694885 0.749999870016164 1.04999995231628
-0.600000023841858 -0.689999997615814 -0.939999997615814 -1.12999999523163 -0.970000028610229 -0.930000007152557 -0.889999985694885 -0.779999971389771 -0.790000021457672 -0.839999973773956 -0.649999976158142 -0.899999976158142 -1.32000005245209 -1.0900000333786 -0.790000021457672 -0.740000009544875 -0.75 -0.790000021457672 -0.850000023841858 -0.959999978542328 -0.829999983310699 -0.769999980926514 -0.769999980926514 -0.270000011973921 -0.25 -0.0399999991059303 -0.319999992847443 -0.759999990463257 -0.259999990463257 -0.319999992772471 -0.280000001192093 -0.519999980926514 -0.490000009536743 -0.579999983310699 -0.829999983310699 -0.639999985694885 -0.490000009536743 -0.230000004172325 -0.150000005960464 0.0600000055175984 0.319999992847443 0.310000002384186 0.629999995231629 0.610000014305115 0.990000009536743
-0.730000019073486 -0.800000011920929 -0.730000019073486 -0.639999985694885 -0.600000023841858 -0.389999985694885 -0.46000000834465 -0.449999988079071 -0.370000004768372 -0.579999983310699 -0.629999995231628 -0.5 -0.670000016708675 -0.800000011920929 -0.769999980926514 -0.8299999833107 -0.660000026226044 -0.6700000166893 -0.629999995231628 -0.620000004768372 -0.5 -0.479999985095789 -0.25 -0.0299999993294477 -0.0199999995529652 -0.0500000007450581 0.079999997813793 -0.340000003576279 -0.0199999995529652 0.0799999982118607 0.0500000007450581 -0.150000005960464 -0.360000014305115 -0.400000005960465 -0.699999984797786 -0.600000023841858 -0.159999996423721 -0.0900000035762787 0.0799994406454303 -0.560000002384186 -0.685000002384186 -0.432500004768372 -0.167500004172325 -0.234999999403954 -0.232500001788139
-1.33000004291534 -1.12000000476837 -0.449999988079071 -0.209999993443489 -0.209999993443489 -0.140000000596046 -0.180000007152557 -0.25 -0.100000001490116 -0.219999998807907 -0.360000014305115 -0.280000001192093 -0.389999985694885 -0.340000003576279 -0.980000019073486 -0.949999988079071 -0.740000009536743 -0.649999976158142 -0.579999983310699 -0.449999981336901 -0.0174999907612801 -0.257499992847443 -0.384999990463257 -0.629999996220491 -0.617500007152557 -0.899999976158142 -1.21749997138977 -1.02999997138977 -2.08750009536743 -2.00500011444092 -1.84500002861023 -1.93499994277954 -1.95000004768372 -2.23250007629395 -2.1800000667572 -1.55499994754791 -1.33000004291534 -1.1375000587075 -0.997500002384186 -0.675000011920929 -0.680000007152557 -0.282499998807907 -0.0650000125169754 0.135000005364418 -0.170000001788139
-0.704999983310699 -0.742500007152557 -0.857500016689301 -0.732500016689301 -0.779999971389771 -0.702499985694885 -0.540000021457672 -0.5174999833107 -0.764999985694885 -0.492500007155002 -0.582499980926514 -0.435000002384186 -0.365000009536743 -0.0225000102072954 -0.482499986886978 -0.490000009536743 -0.0525000095367432 0.087499998549209 0.172499999403954 0.10249999910593 0.0399999991294957 -0.0649999976158142 -0.692499995231629 -0.342500001192093 -0.449999988079071 -0.842499971389771 -1.00999999046326 -1.17999994754791 -2.0074999332428 -1.97500002384186 -1.81500005722046 -1.80250001065327 -2.00999999046326 -2.3824999332428 -2.33500003814697 -1.9025000333786 -1.26500004949834 -1.21249997615814 -1.07500004768372 -1.04499995708466 -0.667500019073486 0.0274999793618917 0.222499996423721 0.1875 -0.277500003576279
-0.252499997615814 -0.442499995231628 -0.709999978542328 -0.764999985694885 -0.837499976158142 -0.504999995231628 -0.552500009536743 -0.790000021457672 -0.610000014305115 -0.560000002367735 -0.25 -0.112499997019768 -0.0800000131130218 0.194999992847443 -0.509999990111962 -0.597500026891619 -0.142499998211861 0.0500000007450581 0.0849999934434891 -0.405000001192093 -0.472499996423721 -0.234999999403954 -0.142499998211861 -0.444999992847443 0.109999999403954 -0.667500019073486 -0.847500026226044 -0.860000014305115 -1.412500025029 -1.50499999523163 -1.67499995231628 -1.76750004291534 -2.20499992370605 -2.61249995231628 -2.46499991416931 -1.95249999860835 -1.30250013486669 -1.13999998569489 -0.735000014305115 -0.647499978542328 -0.527499973773956 0.162499994039536 0.330000013113022 0.242500007152557 0.365000009536743
