SnowAccumulation_R/test/tmin/final_tmin_16_04_2009.asc
NCOLS 97 
NROWS 69 
XLLCORNER 52512.810182332 
YLLCORNER 5316225.2758522 
CELLSIZE 10000 
NODATA_value -9999 
[rows 20 to 39 of 69, columns 0 to 44 of 97]
-9999 -9999 -9999 -9999 -13.0299997329712 -12.6300001144409 -12.5500001907349 -11.1499996185303 -12 -11.8199996948242 -11.2200002670288 -10.5799999237061 -9.39999961853028 -7.46000003814697 -7.34999990463257 -6.26999998092651 -4.8899998664856 -4.19000005722046 -3.38000011444092 -3 -2.34999990463257 -1.87999999523163 -2.25 -2.44000005378676 -2.47000002861023 -2.5 -2.67000007629395 -2.6800000667572 -2.71000003814697 -2.59999990463257 -2.90000009536743 -2.9300000667572 -2.97000002861023 -3.29999995231628 -3.32999992370605 -3.49000000953674 -3.51999998092651 -3.59999990463257 -3.6800000667572 -3.79999995231628 -3.90000009536743 -3.96000003814697 -4.1399998664856 -4.17000007629394 -4.28000020980835
-9999 -9999 -9999 -9999 -12.3100004196167 -12.3800001144409 -12.1800003051758 -11.8699998855591 -12.2299995422363 -11.9300003051758 -11.8000001907349 -10.9899997711182 -9.73999977111816 -9.05000019073486 -8.22999954223633 -6.67000007629395 -5.32999992370605 -4.38000011444092 -3.42000007629394 -3.13000011444092 -2.57999992370605 -2.19000005722046 -2.07999992370606 -2.17000007629395 -2.27999996685248 -2.25 -2.52999997138977 -2.60999989509582 -2.54999995231628 -2.60999989509583 -2.78999996185303 -2.91000008583069 -2.84999990463257 -2.78999996185303 -2.86999988555908 -3.02999997138977 -3.14000010490417 -3.54999995231628 -3.80999994277954 -4.07999992370606 -4.05999994277954 -4.15999984741211 -4.34000015258786 -4.38000011444092 -4.30999994277954
-9999 -9999 -9999 -9999 -11.8000001907349 -12.539999961853 -12.0699996948242 -11.7399997711182 -12.0600004196167 -12.0600004196167 -11.5100002288818 -11.3699998855591 -10.3400001525879 -9.65999984741211 -9.04999999464602 -6.98999977111816 -5.82000017166138 -4.67000007629395 -3.51999998092651 -3.28999996185303 -2.52999997138977 -2.25 -2.29999995231628 -2.21000003814697 -2.02999997425825 -2.27999997138977 -2.42000007629395 -2.61999988555908 -2.70000004768372 -2.85999989509582 -2.74000000953674 -2.70000004768372 -2.6800000667572 -2.72000002861023 -2.73000001907349 -2.96000003814697 -2.99000000953674 -3.4300000667572 -3.92000007629395 -4.23000001907349 -4.32000017166138 -4.3600001335144 -4.46999979019165 -4.55000019073486 -4.59999990463257
-9999 -9999 -9999 -12.1800003051758 -12 -11.3599996566772 -11.9200000762939 -12.0500001907349 -12.1800003051758 -11.9300003051758 -11.5 -11.5 -10.4899997711182 -9.26000029592712 -7.90999984741211 -5.76000022888184 -5.09000015258789 -4.71000003814697 -3.57999992370605 -3.14000010490417 -2.9300000667572 -2.44000005722046 -2.36999988555908 -2.34999990463257 -2.61999988555908 -2.79999995231628 -2.58999991986901 -2.75 -2.75 -2.65000009536743 -2.51999998092651 -2.69000005722046 -2.5 -2.79999995231628 -2.78999996185303 -3.03999996185303 -2.97000002861023 -3.34999990463257 -3.85999989509582 -4.09000015258789 -4.5 -4.6399998664856 -4.65000009536743 -4.71000003814697 -4.75
-9999 -9999 -9999 -12.3400001525879 -12.1400003433228 -11.9099998474121 -12.4300003051758 -11.8800001144409 -12.1300001144409 -12.0600004196167 -11.4899997711182 -11.1599998286736 -10.5500001907349 -7.36999988555908 -6 -5.59000015258789 -5.09999990463257 -3.86999988555908 -3.6800000667572 -3.51999998092651 -3.0699999332428 -2.69000005722046 -2.53999996185303 -2.64000010490417 -2.72000002861023 -2.79999995644912 -3.19000005722046 -3.19000005722046 -3.03999996185303 -2.90000009536743 -2.59999990463257 -2.54999995231628 -1.48000001907349 -2.57999992370605 -2.78999996185303 -3.32999992370605 -3.39000010490417 -3.54999995231628 -3.97000002861023 -4.42000007629395 -4.57000017166147 -4.78999996185303 -4.82000017166152 -4.84999990463268 -4.84999990463257
-9999 -9999 -9999 -12.2700004577637 -11.9099996979563 -11.710000038147 -11.8999996185303 -11.8599996566772 -12.5500001907349 -11.5600004196167 -11.5799999237061 -8.61999988555908 -8.21000003814697 -7.73000001907349 -6.28999996185303 -5.78000020980835 -5.23999977111816 -3.85999989509583 -4.01000022888184 -3.99000000953674 -3.25999999046326 -2.89000010490417 -2.6800000667572 -2.63000011444092 -2.86999988555908 -3.21000003814697 -3.36999988555908 -3.32999992357381 -3.16000008583069 -3.14000010490417 -3.19000005722046 -2.72000002861023 -2.50999999046326 -2.86999988555908 -3.03999996185303 -3.35999989509583 -3.82999992370605 -3.91000008583069 -4.34000015258789 -4.48000001907349 -4.59000015258789 -4.80999994277954 -4.90999984741211 -4.92999982833862 -4.88000011444092
-9999 -9999 -9999 -12.0799975870111 -12.3000001907349 -10.6700000762939 -11.8900003433228 -12 -11.710000038147 -11.9399995803833 -11.460000038147 -10.9099998474121 -7.98999977111816 -6.84000015258789 -6.57999992370606 -6.3600001335144 -5.51000022888184 -3.98000001907349 -4.23999977111816 -4.32999992370605 -3.75999999046326 -3.28999996185303 -2.79999995231628 -2.23000001907349 -3.08999991416931 -3.55999994277954 -3.36999989059556 -3.30999994558983 -3.69000005722046 -3.53999996185303 -3.32999992370605 -3.02999997138977 -2.96000003814697 -3.11999988555908 -3.46000003814697 -3.6800000667572 -3.83999991416931 -4 -4.38000011444092 -4.55999994277954 -4.67000007629395 -4.80999994277954 -4.90999984741211 -4.98000001907349 -4.8899998664856
-9999 -9999 -9999 -10.0100002288818 -10.75 -10.5000004114747 -12.3000001907349 -11.1300001144409 -11.4899997711182 -11.25 -10.8800001144409 -10.75 -10.3800001144409 -6.86000013351441 -6.67000007629395 -6.46999979019165 -4.8600001335144 -4.46999979019165 -4.40000009536743 -4.19000005722046 -4.05000019073486 -3.69000005722046 -3.41000008583069 -3.1800000667572 -3.65000009536743 -4.28000020980835 -4.67000007629395 -4.25 -3.76999998103469 -3.60999989500327 -3.50999999046326 -3.20000004768372 -3.39000010490417 -3.32999992370605 -3.5699999332428 -3.97000002861023 -3.94000005722046 -3.84999990463257 -4.19999980926514 -4.51999998092651 -4.6399998664856 -4.59999990463257 -4.86999988555908 -4.90999984741211 -4.92999982833862
-9999 -9999 -9999 -8.1899995803833 -10.8299999237061 -11.3500003814697 -11.1700000762939 -11.4899997711182 -10.9499998092651 -11.0699996948242 -10.6899995803833 -10.6000003814697 -10.0299997329712 -9.82999992370605 -6.59999990463257 -6.09000015258789 -5.26999998092651 -4.48000001907349 -4.3899998664856 -4.15999984741211 -4.05000019073486 -3.9300000667572 -3.75 -3.71000003814697 -4.01000022888184 -4.55000019073486 -4.67000007629395 -4.17000007629395 -3.78999996247757 -3.57999992370605 -3.48000001907349 -3.28999996185303 -3.42000007629395 -3.47000002861023 -3.29999995231628 -3.52999997138977 -3.57999992370605 -4.07999992370605 -4.15999984741211 -4.57000017166138 -4.69000005722046 -4.80999994277954 -4.82000017166138 -4.82999992370606 -4.86000013351441
-9999 -9999 -9999 -8.09000015258789 -10.210000038147 -9.77999973297119 -10.359999623741 -10.4899997711182 -9.68000030517578 -10.5699996948242 -11.1300001144409 -10.5799999237061 -10.5200004577637 -9.81999969482422 -6.30000019073486 -6.19000005722046 -6.07000017166138 -5.40000009536743 -4.80999994277954 -3.99000000953674 -3.91000008583069 -3.92000007629395 -3.99000000953674 -3.79999995231628 -4.19999980926514 -4.40000009536743 -4.42999982833862 -4.40999984741211 -4.19999980926514 -3.71000003814697 -3.46000003802641 -3.23000001886487 -2.9300000667572 -2.99000000953674 -3.01999998092651 -3.21000003814697 -3.72000002861023 -3.78999996185303 -4.07000017166138 -4.53000020980835 -4.71000003814697 -4.82000017166138 -4.73999977111816 -4.82000017166138 -4.80999994277954
-9999 -9999 -9999 -5.98000131729261 -8.60999965667725 -9.14999961853027 -9.81999982716546 -10.7399997711182 -10.5 -9.69999980926514 -10.7899999492907 -10.039999961853 -9.21000003814697 -10 -6.42999982833862 -6.30999994277954 -6.07999992370605 -5.92000007629395 -4.94000005722046 -4.82999992370605 -4.40999984741211 -4.11999988555908 -4.1399998664856 -4.28000020980835 -4.32000017166138 -4.53999996185303 -4.57000017166138 -4.76999998092651 -4.71000003814697 -3.71000003818335 -3.40000009512939 -3.0699999332428 -2.75999999046326 -2.76999998092651 -2.75 -3.34999990463257 -3.70000004768372 -3.8199999332428 -4.03999996185303 -4.1399998664856 -4.6100001335144 -4.8600001335144 -4.88000011444092 -4.80000019073486 -4.75
-9999 -9999 -9999 -6.3899998664856 -8.96000003814697 -7.86999988555908 -10.0100002288818 -10.0200007682101 -10.6899995803833 -9.10999965667725 -9.22999954223633 -9.65999984741211 -9.4399995803833 -8.9399995803833 -6.51000022888184 -6.34000015258789 -6.17000007629395 -5.98000001907349 -5.40000009536743 -4.90000009536743 -4.55999994277954 -4.15999984741211 -4.15000009536743 -4.40000009536743 -4.48000001907349 -4.48000001907349 -4.46000003814697 -4.55999994277954 -4.30999994277954 -3.46000003814697 -2.83999991416931 -2.69000005722046 -2.65000009535151 -2.65000009538662 -2.9300000667572 -3.14000010490417 -3.60999989509583 -3.78999996185303 -3.94000005722046 -4.17999982833862 -4.51000022888184 -4.78000020980835 -4.63000011444092 -4.59000015258789 -4.92000007629394
-9999 -9999 -9999 -8.5 -6.82999987531765 -8.76000022888184 -8.14000034332275 -9.85999965667725 -9.59000017354486 -9.81999969482422 -9.09000015258789 -8.57999992370605 -8.42000007629395 -7.78999996185303 -6.65000009536743 -6.28999996185303 -6.09999990463257 -5.88000011444092 -5.46000003814697 -4.90000009536743 -4.51999998092651 -4.34999990463257 -4.23000001907349 -4.28999996185303 -4.25 -4.46000003814697 -4.21000003814697 -4.23999977111816 -3.82999992370605 -3.11999988555908 -2.11999988555908 -2.69000005708241 -2.63000011443307 -2.69000005722046 -2.58999991416931 -3.00999999046326 -3.63000011444092 -3.88000011444092 -4.19000005722046 -4.6399998664856 -4.67000007629395 -4.76999998092651 -4.61999988555908 -4.55000019073486 -4.30000019073486
-9999 -9999 -9999 -7.90000009536743 -6.78999996185303 -5.82000017166138 -8.27999973297119 -7.71000003814697 -9.03999996185303 -9.48999930784181 -9.5600004196167 -8.47000026702881 -8.44999980926513 -8.05000019073486 -6.6100001335144 -6.40000009536743 -6.21999979019165 -6.01000022888184 -5.46999979019165 -4.86999988555908 -4.63000011444092 -4.34000015258789 -3.9300000667572 -4.15000009536743 -4.23000001907349 -4.23000001907349 -3.86999988555908 -4 -3.66000008583069 -3.11999988555908 -2.83999991416931 -2.75999999046326 -2.69000005722046 -2.40000009536743 -2.46000003814697 -3.0000000000176 -3.51999998092726 -4 -4.3899998664856 -4.46000003814697 -4.69999980926514 -4.80999994277954 -4.57000017166138 -4.28000020980835 -4.21999979019165
-9999 -9999 -9999 -8.98999977111816 -7.82000017166138 -6.32999992370605 -5.98000001907349 -8.85999965667725 -7.71999979019165 -8.76000022888184 -9.11999959524155 -9.19999980926514 -8.82999992370605 -8.14999961853027 -6.78000020980835 -6.6399998664856 -6.23000001907349 -6.1100001335144 -5.6399998664856 -5.28000020980835 -4.59000015258789 -4.21000003814697 -3.50999999046326 -4.13000011444092 -4.17999982833862 -4.17999982833862 -4.03999996185303 -3.90000009536743 -3.67000007629395 -3.27999997138977 -3.10999989509583 -2.92000007629395 -2.80999994277954 -2.76999998092651 -3.08999991416931 -3.4300000667572 -3.73000001907349 -3.96000003814697 -4.21000003814697 -5.28999996184779 -4.94000005721976 -4.44000005722011 -4.30999994277912 -4.23000001907314 -4.15000009536699
-9999 -9999 -8.96000003814697 -8.48999977111816 -10.2299995422363 -6.84999990463257 -5.73000001907349 -7.01000022888184 -8.14000034332275 -6.5 -8.6899995803833 -9.20999990921698 -9.31999969482422 -8.35000038146973 -7.3600001335144 -8.15999984741211 -6.84000015258789 -6.51999998092651 -6.11999988555908 -5.34000015258789 -4.67999982833862 -4.55000019073486 -4.3600001335144 -4.42000007629395 -4.21999979019165 -4.21999979019165 -4.09999990463257 -3.94000005722046 -3.75 -3.52999997138977 -3.36999988555908 -3.10999989509583 -3 -3.01999998092651 -3.35999989509583 -3.71000003814697 -3.96000003814697 -4.09999990463257 -4.21000003814614 -4.53999996185149 -4.63999986648462 -4.28999996185303 -4.13000011444092 -4.07999992370605 -3.96000003814697
-9999 -9999 -9.68000030517578 -10.0500001907349 -8.72999954223633 -9.48999977111816 -7.84000015258789 -5.80999994277954 -7.46000003814697 -8.26000011115474 -8.47999954223633 -8.1899995803833 -8.85999965667725 -8.48999977111817 -7.3600001335144 -7.59999990463257 -7.03000020980835 -6.48000001907349 -6.23000001907349 -6.01000022888184 -4.98000001907349 -4.80000019073486 -4.73000001907349 -4.67999982833862 -4.2800002107625 -4.28999996183279 -4.19000005722046 -3.8199999332428 -3.88000011444092 -3.50999999046326 -3.41000008583069 -3.36999988555908 -3.36999988555908 -3.4300000667572 -3.6800000667572 -3.9300000667572 -4.25 -4.51999998092651 -4.23000001907349 -4.07000017166138 -4.03000020980835 -3.84999990463257 -3.67000007629395 -3.34999990463257 -2.91000008583069
-9999 -9999 -8.6899995803833 -8 -8.56999969482422 -9.15999984741211 -8.86999973578987 -5.84000015258789 -5.53999996185303 -8 -6.90000009536743 -7.46000003814697 -8.39000034332275 -8.40999984741211 -7.46000003814697 -7.28000020980835 -7.13000011444092 -6.51000022888184 -6.34000015258789 -6.03999996185303 -5.23000001907349 -5.09999990463257 -5.01000022888184 -4.82999992370605 -4.32999992370605 -4.36999988555908 -4.40999984741211 -4.38000011444092 -4.07999992370606 -3.73000001907349 -3.27999997138977 -3.20000004768372 -3.45000004768372 -3.70000004768372 -3.46000003814697 -4.01999998092651 -4.3899998664856 -4.59999990463257 -4.17999982833862 -3.92000007629395 -3.92000007629395 -3.74000000953674 -3.5699999332428 -3.10999989509583 -2.14000010490417
-9999 -9999 -8.18000030517578 -7.42000007629394 -7.82000017166138 -9.69999980926514 -8.4399995803833 -7.26999998092651 -4.88000011444092 -7.71999979019165 -7.75 -7.94000005722046 -7.55000019073486 -8.96000003368842 -8.92000007629395 -7.36999988555908 -7.30000019073486 -7.07999992370605 -6.28999996185303 -6.1100001335144 -5.80999994277954 -5.55000019073486 -5.26999998092651 -5 -4.82000017166138 -4.46000003814697 -4.57999992370605 -4.73999977111816 -4.40000009536743 -3.79999995231628 -3.57999992370605 -3.48000001907349 -3.51999998092651 -3.60999989509583 -3.49000000953674 -3.67000007629394 -4.13000011444092 -4.13000011444092 -3.9300000667572 -3.79999995231628 -3.69000005722046 -3.78999996185303 -3.5699999332428 -3.26999998092651 -2.64000010490417
-9999 -9999 -5.24999898068188 -6.98999977111816 -8.96000003814697 -8.21000003814697 -8.0600004196167 -7.46999979019165 -4.84000015258789 -6.55000019073486 -7.98999973844237 -6.13000011444092 -7.17999982833862 -7.94000005722046 -8.0600004196167 -7.42000007629395 -7.1399998664856 -7.13000011444092 -7.1100001335144 -6.92000007629395 -6.51000022888184 -6.40999984741211 -5.6399998664856 -5.21999979019165 -5.21000003814697 -5 -4.57999992370605 -4.53999996185303 -4.36000013351441 -3.92000007629395 -3.09999990463257 -3.53999996185303 -3.78999996185303 -3.67000007629395 -3.42000007629395 -3.66000008583069 -3.71000003814697 -3.98000001907349 -3.83999991416931 -3.77999997138977 -3.69000005722046 -3.52999997138977 -2.78999996185303 -2.65000009536743 -2.24000000953674
