SnowAccumulation_R/test/tmin/final_tmin_24_04_2009.asc
NCOLS 97 
NROWS 69 
XLLCORNER 52512.810182332 
YLLCORNER 5316225.2758522 
CELLSIZE 10000 
NODATA_value -9999 
[rows 40 to 59 of 69, columns 45 to 89 of 97]
-9.46000003814697 -9.23999977111816 -9.07999992370605 -9.02000045776367 -9.15999984741211 -9.14000034332276 -9.14000034332275 -9.69999980926514 -9.72999954223633 -9.89999961853028 -10.0299997329712 -10.0900001525879 -10.3299999237061 -10.5900001525879 -10.6599998474408 -10.75 -10.8299999237061 -10.8100004196167 -10.9300003051758 -11.1199998855591 -11.3199996948242 -11.3699998855591 -11.3599996566772 -11.210000038147 -11.1499996185303 -11 -10.8400001266266 -10.4600000382798 -10.3000001907349 -9.89999961853027 -9.67000007672543 -9.63000011444092 -9.4399995803833 -9.15999984741211 -9 -8.89999961853027 -8.78999996185303 -8.77999973297119 -8.71000003814697 -8.60999965667725 -8.60999965667725 -9.03999996185303 -9.21000003814697 -9.28999996185303 -9.44999980926513
-9.22000026702881 -9.15999984741211 -9.07999992370605 -8.93000030517578 -8.97999954223633 -8.90999984741211 -8.8100004196167 -9.5 -9.52999973297119 -9.69999980926514 -9.76000022888184 -9.84000015258789 -10.1300001144409 -10.4099998474121 -10.4899997711697 -10.6400003433228 -10.6700000762939 -10.7600002288818 -10.9099998474121 -11.0299997329712 -11.0900001525879 -11.1000003814697 -11.1499996185303 -11.0699996948242 -11.1400003433228 -10.6999998092651 -10.4799995422363 -10.3299999237061 -10.2299995422363 -9.88000011444092 -9.75 -9.60999965667725 -9.68000030517578 -9.6899995803833 -9.22000026702881 -9.40999984741211 -9.07999994536664 -9 -8.94999980926514 -8.81999971218622 -8.97999954223633 -9.06999969482422 -9.23999977111816 -9.3100004196167 -9.34000015258789
-9.11999988555908 -9.03999996185303 -8.97000026702881 -8.77000045776367 -8.65999984741211 -8.68000030517578 -8.52000045776367 -9.4399995803833 -9.55000019073486 -9.60000038146973 -9.65999984741211 -9.63000011444092 -9.94999980926514 -10.1700000762939 -10.289999961853 -10.4099998474121 -10.6000003814697 -10.649999618516 -10.7700004577637 -10.8299999237061 -10.8599996565147 -10.8599996566772 -11.0100002288818 -10.7899999614879 -10.710000038147 -10.539999961853 -10.6199998855591 -10.5100002288818 -10.2200002670288 -9.97000026702881 -9.82999992370605 -9.56999969482422 -9.64999961853027 -9.65999984741211 -9.5600004196167 -9.65999984741211 -9.72000026702881 -9.40999984741211 -9.27000045776367 -9.19999980926513 -9.05000019073486 -9.02999973297119 -9.06999969482422 -9.18000030517578 -9.1899995803833
-9.0600004196167 -8.98999977111816 -8.92000007629395 -9.10000038146973 -8.97999954223633 -8.81999969482422 -8.86999988555908 -9.06999969482422 -9.19999980926514 -9.39999961853027 -9.56999969482422 -9.59000015258789 -9.73999977111816 -9.97000026702881 -10.0799999237061 -10.2700004577637 -10.4399995803833 -10.5699996948242 -10.539999961853 -10.6899995803833 -10.6700000764105 -10.810000421533 -10.7299995422363 -10.8199996946326 -10.7299995422363 -10.6999998092651 -10.3999996185303 -10.3199996948242 -10.1300001144409 -9.94999980926514 -9.86999988555908 -9.57999992370605 -9.48999977111816 -9.52999973297119 -9.47000026702881 -9.48999977111816 -9.53999996185303 -9.75 -9.39000034332275 -9.39999961853027 -9.09000015258789 -8.97000026702881 -8.94999980926514 -8.92000007629395 -8.85999965667725
-9 -8.93000030517578 -9.10999965667725 -8.94999980926514 -8.86999988555908 -9.19999980926514 -9.23999977111816 -8.93000030517578 -8.94999980926514 -9.06999969482422 -9.19999980926514 -9.27999973297119 -9.52999973297119 -9.81999969482422 -9.94999980926514 -10.1800003051758 -10.4300003051758 -10.5200004577637 -10.4899997711182 -10.6499996185303 -10.7299995452511 -10.7600002288818 -10.960000038147 -10.9899997711182 -10.960000038147 -10.5699996948242 -10.4700002670288 -10.1899995803833 -9.89000034332275 -9.80000019066147 -9.77000045776367 -9.5600004196167 -9.47000026702881 -9.30000019073486 -9.26000022888184 -9.25 -9.28999996185303 -9.25000003671536 -9.4799995305053 -9.53999996185303 -9.11999988555908 -8.90999994849788 -8.80000019073486 -8.65999984741211 -8.48999984411015
-9.17000007629395 -9.10999965667725 -9.11999988555908 -9.10999965667725 -8.78999996185303 -9.10999965667725 -9.31999969482422 -8.64999961853027 -8.73999977111816 -8.85000038146973 -9.05000019073487 -9.22999954223633 -9.39000034332276 -9.72999954223633 -9.88000011444092 -10.1499996185303 -10.3699998855591 -10.4700002674594 -10.6700000790268 -10.7600002288818 -10.7200002670288 -10.8699998855591 -10.9700002670288 -10.9700002670288 -10.8100004196167 -10.6999998092651 -10.5699996948242 -10.3999996185303 -9.78999996185303 -9.67000007629395 -9.52000045776367 -9.36999988555908 -9.3100004196167 -9.39000034332275 -9.23999977111816 -9.14000034332275 -9.03999997022652 -9.07999992370605 -9.18000030517578 -9.27000045776367 -9.32999992370605 -9.40999984741211 -8.75 -8.52999973297119 -8.39000034332276
-9.35000038146973 -9.02999973297119 -9.13000011444092 -9.14000034332275 -8.6899995803833 -8.39999961853027 -9.48999977111816 -8.55000019073945 -8.82999992370605 -8.84000015258789 -8.92000007629395 -9.14000034332275 -9.39000034332275 -9.60999965667725 -9.72999954223633 -10.2600002289413 -10.8599996566772 -10.8999996185303 -10.7799997329712 -10.7700004577637 -10.8100004196167 -10.9200000762939 -10.9300003051758 -10.8800001144409 -10.6199998855591 -10.1599998474121 -10.1000003814697 -10.0200004577637 -9.68000030517578 -9.61999988555908 -9.4399995803833 -9.27999973297119 -9.22999954223633 -9.32999992370605 -9.10999965667724 -8.86999988555908 -8.89000034332275 -8.75 -8.82999992370605 -9.09000015258789 -9.13000011444092 -9.02000045776367 -8.84000015258789 -8.31999969482422 -8.22999954223633
-9.38000011444092 -9.40999984741211 -9.35000038146973 -9.55000019073486 -9.07999992370605 -8.94999980926514 -9.77999973297119 -8.76000022889045 -9.15999984741211 -8.89999961853027 -8.78999996187257 -9.0600004196167 -9.32999992414659 -9.43000030577665 -10.3699998855591 -11.1000003814697 -11.0299997326654 -10.6599998474121 -10.8500003814697 -10.9499998092651 -10.9399995803833 -11 -10.7200002670288 -10.6300001144409 -10.3400001525879 -9.97999954223633 -9.9399995803833 -9.77999973297119 -9.76000022888184 -9.71000003814697 -9.35999965667725 -9.11999988594901 -9.07999992370605 -9.0600004196167 -8.77999973297119 -8.68000030517578 -8.59000015258789 -8.55000019073486 -8.55000019073486 -8.56999969482422 -8.61999988555908 -8.72999954223633 -8.71000003814697 -8.60000038146972 -8
-9.65999984741211 -9.69999980926514 -9.94999980926514 -9.98999977111816 -9.96000003814697 -9.5600004196167 -10.2299995422363 -9.53999996185868 -9.71000003814697 -9.22000026713589 -8.98999977141065 -10.5600004196167 -11.3000001907349 -11.0600004196653 -11.3400001525879 -11.2200002670288 -11.0699996944739 -10.4899997711182 -10.7399997711182 -10.85000038159 -10.7700004577637 -10.7399997711182 -10.590000151844 -10.3100004196167 -10.1400003433228 -10.0299997327173 -9.9399995803833 -9.82999992370605 -9.80000019073486 -9.59000015258789 -9.3100004196167 -9.10999965667725 -8.97000026702881 -8.68000030517578 -8.59000015258789 -8.40999984741211 -8.27999973297119 -8.14999961853027 -8.22000026702881 -8.25 -8.25 -8.36999988555908 -8.39000034332275 -8.28999996185303 -8.10000038146973
-10.3500003814697 -10.25 -10.4099998474121 -10.6199998855591 -10.8699998855591 -11.1700000762939 -11.0200004577637 -12.4899997711182 -11.6199998855591 -11.1700000762939 -12.0100002288818 -12.460000038147 -12.25 -11.9300003051758 -11.5500001907349 -11.289999961853 -11.0799999237061 -10.3599996566772 -10.710000038147 -10.6999998092651 -10.6899995803833 -10.5299997329712 -10.6000003814697 -10.3199996948242 -10.1300001144409 -10.1000003814697 -9.85999965667725 -9.64000034332276 -9.59000015258789 -9.28999996185303 -9.05000019073486 -8.92000004189498 -8.61999988555908 -8.44999980926514 -8.40999984741211 -8.15999984741211 -7.94000005722046 -7.82000017166138 -7.90000009536743 -8.09000013546966 -8.10000038146973 -7.92999982833862 -7.90999986476164 -7.8600001335144 -7.59999990463257
-10.6899995803833 -10.8400001525879 -10.8900003433228 -11.4499998092651 -11.960000038147 -11.789999961853 -11.3999996185303 -13.1300001144409 -12.6899995803833 -12.3400001525879 -12.6899995803833 -12.0900001525879 -11.8400001525879 -11.5799999237061 -11.289999961853 -11.0900001525879 -10.4499998092651 -10.3000001907349 -10.6599998474121 -10.789999961853 -10.7700004577637 -10.6400003433228 -10.5900001525879 -10.7200002670288 -10.25 -10.1800003051758 -9.80000019073486 -9.47000026702881 -9.27999973297119 -9.14000034332275 -8.8299998972274 -8.57999992370605 -8.36999988555908 -8.22000026844273 -8.14999961853027 -7.92999982833862 -7.84000015258789 -7.65000009536743 -7.53999996185303 -7.69999980926514 -7.65000009536743 -7.48999977111816 -7.51000022888184 -7.40999984741211 -6.96000003814697
-10.9799995422363 -11.1499996185303 -11.2299995422363 -12.0200004577637 -13.3999996185303 -13.3800001144409 -13.2600002288818 -13.2299995422363 -12.3500003814697 -11.5900001525879 -11.7600002288818 -11.25 -10.8900003433228 -11.1700000762939 -10.7700004577637 -10.1099996566772 -10.1000003814697 -10.3500003814697 -10.789999961853 -10.7600002288818 -10.8599996566772 -10.6800003051758 -10.7799997329712 -10.9200000762939 -10.460000038147 -10.0900001525879 -9.73999977111816 -9.35999965667724 -9.23999977111816 -9.10999961883025 -8.60000038125576 -8.44999980926514 -8.27000045776367 -8.05000019073486 -7.84000015258789 -7.61000013351441 -7.57999992370605 -7.30000019073486 -7.09000015258789 -7.09999990463257 -7.15000009536743 -6.96000003814697 -6.96999979019165 -6.59000015258789 -6.53000024999608
-11.0600004196167 -11.2799997329712 -11.4200000762939 -13.1099996566772 -12.8699998855591 -12.4899997711182 -12.1599998474121 -12.1700000762939 -11.5100002288818 -10.8900003433228 -10.7600002288818 -10.5500001907349 -10.3199996948242 -10.2399997711182 -10.289999961853 -9.84000015258789 -9.78999996185303 -10.2299995422363 -10.5900001525879 -10.4799995422363 -10.5900001525879 -10.75 -10.8000001907349 -10.6099996566772 -10.5200004572137 -10.1499996185303 -9.71000003814697 -9.52999973297119 -9.14999961853028 -8.64999961853027 -8.52000045776367 -8.35000038146973 -8.26000022888184 -8.01000022888184 -7.71999979019165 -7.55000019073486 -7.3899998664856 -7.3600001335144 -7.09999993079721 -6.86000013351441 -6.61999988555908 -6.57000017166138 -6.57999952548001 -6.40000009536743 -6.36999988555908
-10.8800001144409 -11.1199998855591 -11.7600002288818 -12.25 -12.3000001907349 -11.789999961853 -11.3599996566772 -11.2600002288818 -10.8999996185303 -10.4399995803833 -10.210000038147 -10.0500001907349 -9.88000011444092 -9.88000011444092 -10.0799999237061 -9.72000026702881 -9.60999965667725 -9.85000038146973 -10.0200004580896 -10.1700000762939 -10.2600002288818 -10.3500003817723 -10.5100002288818 -10.2799997329712 -10.1499996185303 -10.2600002288818 -9.89999960096163 -9.64999961853027 -9.14000034332276 -8.81999969482422 -8.71000003814697 -8.60999965667724 -8.44999980926514 -8.15999984741211 -7.80000019073486 -7.15000010549361 -7.01999998092651 -6.84000015258789 -7.01000022888184 -6.61999988555908 -6.30000019073486 -6.26000031405445 -6.15999984741211 -5.84000015258789 -5.86999988555908
-10.6599998474121 -10.8000001907349 -11.3999996185303 -11.3500003814697 -11.3900003433228 -11.2200002670288 -10.7200002670288 -10.7700004577637 -10.4399995803833 -10.1000003814697 -9.86999988555908 -9.80000019073486 -9.57999992370605 -9.56999969482422 -9.5600004196167 -9.52000045769064 -9.34000015258789 -9.61999988555908 -9.75000000019229 -9.93000030517578 -10.0200004577637 -10.0600004196167 -10.0699996948242 -9.68000030517578 -9.64999961853027 -9.0600004196167 -9.0600004196167 -9.28999996185303 -9.21000003814697 -8.78999996185303 -8.80000019073486 -8.5600004196167 -8.30000019073486 -8.02999973297119 -7.48000001907349 -7.26000022888184 -6.65000009536743 -6.44999980926514 -6.46000003814697 -6.28000020980835 -6.3599999398263 -6.05000019073486 -5.8899998664856 -5.65999993888224 -5.42999982833862
-10.539999961853 -10.6899995803833 -10.8800001144409 -10.8299999237061 -10.6000003814697 -10.4099998474121 -10.2200002670288 -10.039999961853 -9.89999961853027 -9.78999996185303 -9.51000022888183 -9.55000019073486 -9.73999977111816 -9.42000007629395 -9.05000019073487 -9.00000000000813 -9.02000045776367 -9.13000011444092 -9.23999977111816 -9.47000026702881 -9.52000045776367 -9.53999996185303 -9.60000038146973 -9.06999968175082 -8.51000022888184 -8.27999973297119 -8.63000011444092 -9.02999973297119 -8.60999965667725 -8.55000018953532 -8.1899995803833 -8.02999973297119 -7.80000019073487 -7.48999977111816 -7.32000017166138 -6.94000005722046 -6.51000022888184 -6.21999979019165 -6.13000011444092 -5.88999977732272 -5.57000017166138 -5.67000007629395 -5.48999977111816 -5.53999996185303 -5.26000022888184
-10.460000038147 -10.5500001907349 -10.3900003433228 -10.0500001907349 -10.0100002288818 -9.72999954223633 -9.68000030517578 -9.60000038146973 -9.38000011444092 -9.42000007629395 -9.38000011444092 -9.0600004196167 -9.10999965666894 -9.03999996185303 -8.93000030517578 -8.94999980926513 -8.78999996185303 -8.81999969482422 -8.8100004196167 -8.89999961853028 -8.90999984741211 -8.93000029573579 -8.36999988555908 -8.01000022888184 -7.90999984741211 -7.98000001907349 -7.92999982913476 -8.40999984741211 -8.14999961853028 -7.96999979019165 -7.69000005722046 -7.53000020980835 -7.51999998092651 -7.17999982833862 -7.09000015276058 -6.82999992370606 -6.19000005722046 -6.05000019073486 -5.80999887411059 -3.43249988555908 -3.59750008583069 -3.5074999332428 -3.3125 -3.44250011444092 -3.50250005722046
-10.8800001144409 -10.6800003051758 -9.94999980926514 -9.57999992370605 -9.52999973297119 -9.38000011444092 -9.3100004196167 -9.3100004196167 -9.02000045776367 -8.97000026702881 -9.02000045776367 -8.77000045776367 -8.77999973297119 -8.56999969482422 -9.03999996185303 -8.97999954223633 -8.72999954223633 -8.60999965667725 -8.53999996185303 -8.47999951302865 -5.18499994277954 -5.22499990463257 -4.96000003814697 -4.87500000029248 -4.90000009536743 -4.84499979019165 -4.57499980926514 -4.20499992370605 -4.8274998664856 -4.6100001335144 -4.57000017166138 -4.59000015258789 -4.5 -4.62750005722046 -4.61749982833862 -3.92249989509583 -3.92249989509583 -3.90749997104132 -3.99749994277954 -3.70250010490417 -3.65750002861023 -3.27500009536743 -2.97499990463257 -3.16249990463257 -3.43499994277954
-8.95250034332275 -8.68249988555908 -8.58749961853027 -8.86499977111816 -8.57999992370605 -8.14500045776367 -7.99249982833862 -7.99249982833862 -7.98250007629395 -7.70249986649136 -7.82250022888184 -7.32499980926514 -7.18499994277954 -6.83500003814697 -6.82999992370605 -6.78249979019165 -6.35500001907349 -6.10750007603178 -5.89750003814697 -5.46250009536743 -5.03999996147598 -4.91499996185303 -4.92250013351441 -4.82999992370605 -4.7975001335144 -4.76749992370605 -4.34250020980835 -4.20749998092651 -4.57000017166138 -4.27250003814697 -4.26000022888184 -4.33750009681384 -4.48250007629395 -4.55000019073486 -4.48999977111816 -4.22499990463257 -3.72750006373273 -3.75999999046326 -3.84999990463257 -3.8675000667572 -3.71499991416931 -2.85999989509583 -2.75250005722046 -2.98250007629395 -3.57999992370605
-8.85499954223633 -8.90499973297119 -9.10000038146973 -8.8125 -8.59749984741211 -8.13749980926514 -8.10000038146973 -8.19250011444092 -7.90000009536743 -7.68249988553259 -7.16750001907349 -6.89750003814697 -6.75250005722046 -6.67000007629394 -6.69750022863764 -6.4225001330073 -6.23750019073486 -5.96750020980835 -5.80999994277954 -5.09999990463257 -4.80499982833862 -4.78000020980835 -4.64249992370605 -4.7024998664856 -4.39750003814697 -4.60500001907349 -4.44000005722046 -3.97000002861023 -4.18499994212778 -3.83999991416931 -4.15999984741211 -4.33500003814697 -4.49499988555908 -4.74249982833862 -4.63500022888184 -4.22750001608964 -3.81750022522362 -3.71749997138977 -3.46000003814697 -3.52250003814697 -3.46749997138977 -2.59500002861023 -2.53999996185303 -2.77749991416931 -2.64499998092651
