SnowAccumulation_R/test/tmin/final_tmin_02_04_2009.asc
NCOLS 97 
NROWS 69 
XLLCORNER 52512.810182332 
YLLCORNER 5316225.2758522 
CELLSIZE 10000 
NODATA_value -9999 
[rows 20 to 39 of 69, columns 45 to 89 of 97]
-1.87999999523163 -1.72000002861023 -1.67999994754791 -1.5900000333786 -1.52999997138977 -1.47000002861023 -1.49000000953674 -1.97000002861023 -3.04999995231628 -4.09000015258789 -4.63000011450416 -5.71999979019165 -6.73000001907349 -7.84000015258789 -8.38000011457851 -8.65999984741211 -8.69999980820315 -8.56999969482422 -8.5600004196167 -8.56999969482422 -8.5600004196167 -8.51000022888184 -8.30000019073486 -8.23999977111817 -8.13000011444092 -8.02999973297119 -7.96000003814697 -7.96000003814697 -8.02000045776367 -8.32999992370605 -8.94999980926514 -9.35999965667725 -10.0900001525879 -10.8000001907349 -11.3699999374299 -11.7799997329712 -12.1800003051758 -12.4399995803833 -12.539999961853 -12.5100002288818 -12.3599996566772 -12.6099996566772 -12.8900003433228 -12.9499998092651 -12.9099998474121
-2.00999999046326 -1.75 -1.70000004768372 -1.55999994277954 -1.39999997615814 -1.36000001430511 -1.38999998569489 -1.82000005245209 -2.95000004768372 -3.98000001907349 -4.48999977111816 -5.53000020980835 -6.42999982833862 -7.59999990463257 -8.03999996065616 -8.03999996185303 -8.23999977111817 -8.35999965667725 -8.38000011445734 -8.42000007629395 -8.43000030517578 -8.38000011444092 -8.28999996159225 -8.14999961853027 -8.01000022888184 -7.88000011444092 -7.820000171655 -7.67999982833862 -7.57999992370605 -7.90000009536743 -8.30000019073486 -9.27000045776367 -10.0900001525879 -10.8400002111566 -11.3599996566772 -11.960000038147 -12.4399995803833 -12.7299995422363 -12.8100004196167 -12.8199996948242 -12.7200002670288 -12.9099998474121 -13.0600004196167 -13.1999998092651 -13.0500001907349
-2.25999999046326 -1.89999997615814 -1.77999997138977 -1.57000005245209 -1.48000001907349 -1.37000000476837 -1.38999998569489 -2.05999994277954 -2.91000008583069 -3.86999988555908 -4.32999992370605 -5.32000017155765 -6.26999998063412 -6.80999994277954 -7.13000011444092 -7.65000009536743 -7.94999980926514 -8.11999988555908 -8.18000030517578 -8.26000022888184 -8.31999969482422 -8.27000045776367 -8.1899995803833 -8.06999969482422 -7.94999980926514 -7.82999992370605 -7.75 -7.59000015258789 -7.38000011444092 -7.67999982833862 -8.22000026702881 -9.25 -10.1700001277621 -11.1899995803833 -11.5799999237061 -12.25 -12.7799997329712 -13.1199998855591 -13.2200002670288 -13.2799997329712 -13.2700004577637 -13.3699998356631 -13.460000038147 -13.5600004196167 -13.2100001880431
-2.46000003814697 -2.23000001907349 -2.01999998092651 -1.67999994754791 -1.51999998092651 -1.45000004768372 -1.62999999523163 -2.10999989512125 -2.91000008584731 -3.77999997138977 -4.15999984741211 -4.96000003814697 -5.73000001907349 -6.46999979019165 -6.76000022888184 -7.30999994277954 -7.67999982833862 -7.94000005722046 -8.02999973297119 -8.14000034332275 -8.19999980926514 -8.18000030517578 -8.14000034332275 -8.02999973297119 -7.94999980926514 -7.84999990463257 -7.78000020980835 -7.69999980926514 -7.6399998664856 -8.05000018720114 -8.47000026702881 -9.40999993439368 -10.6099996566772 -11.4700000735955 -11.8699998855591 -12.6099996566772 -13.1999998092651 -13.4300003051758 -13.7200002670288 -13.8000001907349 -13.7700004577637 -13.7700004577637 -13.789999961853 -13.7399997527132 -13.25
-2.75 -2.42000007629455 -2.32999992370631 -2.02999997139014 -2.25999999046326 -2.25999999046326 -2.35999989509582 -2.80999994277954 -3.22000002861023 -3.82999992370605 -4.13000011444092 -4.78999996185303 -5.48999977111816 -6.15000009536743 -6.46999979019165 -6.98000001907349 -7.42999982833862 -7.73999977111816 -7.8600001335144 -8.03999996185303 -8.11999988555908 -8.13000011441261 -8.07999992370605 -8.02000045776367 -7.96999979019165 -7.94999980919394 -7.90000009536743 -7.92999982833862 -8.05000019073486 -8.23999977111817 -8.88000020892322 -10.1199998855591 -10.960000038147 -11.3900003433228 -12.210000038147 -12.9899997711182 -13.6700000762939 -13.9399995803833 -14.2700004577637 -14.3199996948242 -14.220000298751 -14.1499996185303 -13.9899997711182 -13.7299995422363 -13.4799995422363
-3.21000003814697 -2.98000001907359 -2.83999991416931 -2.49000000953674 -2.50999999046326 -2.58999991416931 -2.67000007629395 -2.98000001907349 -3.34999990463257 -3.84999990463257 -4.1100001335144 -4.67999982833862 -5.28999996185303 -5.57000017177977 -6.17000007629394 -6.67999982833862 -7.15000009536743 -7.36000013376789 -7.69999980926514 -7.92999982833862 -8.0600004196167 -8.07999992370605 -8.07999992370605 -8.02000045776367 -8 -8.01000022888184 -8.05000019073486 -8.1899995803833 -8.46000003814697 -9.07999992370605 -9.72999954223633 -10.5299997329712 -11.3400001347346 -11.7600002288818 -12.5699996948242 -13.3699998855591 -13.7600002288818 -14.460000038147 -14.8599996566772 -14.8199996948242 -14.710000038147 -14.4399995803833 -14.2299995422363 -13.7500000000005 -13.4799995422363
-3.38000011444092 -3.25999999046326 -3.27999997138977 -2.9300000667572 -2.75999999046326 -2.91000008583069 -2.94000005722046 -3.16000008583069 -3.49000000953674 -3.65000009538117 -4.07000017166138 -4.55999994277954 -5.09000015258789 -5.36000013362515 -5.90999984741211 -6.40999984741211 -6.86999988555908 -7.09999990463257 -7.51999998092651 -7.80999994277954 -8.01000022888184 -8.05000019073486 -8.03999996185303 -8.01000022888184 -8.01000022888184 -8.05000019073486 -8.19999980926514 -8.44999983526637 -8.89999961853027 -9.4399995803833 -10.1000003814697 -10.8999996185303 -11.289999961853 -12.0699996948242 -12.8699998855591 -13.6899995803833 -14.1000003814697 -14.9200000762939 -15.460000038147 -15.2100001000849 -15.0299997329712 -14.7299994844645 -14.2700004577637 -14.0200004577637 -13.4799995422363
-3.71000003814697 -3.52999997138984 -3.5 -3.24000000953674 -3.09999990463257 -3.11999988555932 -3.21000003814697 -3.32999992370605 -3.57999992370605 -3.75000000001163 -4.03999996185303 -4.44999980926514 -4.90000009536743 -5.15999984741211 -5.69999980926514 -6.21000003814697 -6.69999980926514 -6.90999984741211 -7.34999990463257 -7.71999979019165 -7.98999977111816 -8.03999996185303 -8 -7.94000005722046 -7.94999980940362 -8.0600004196167 -8.31000042409583 -8.84000015258789 -9.11999988555908 -9.72999954223633 -10.4200000762939 -11.1700000762939 -11.5500001907349 -12.289999961853 -13.0500001907349 -13.4499998092651 -14.2700004577637 -15.0799999237061 -15.6400003433228 -15.5299997329712 -15.1599997907161 -14.710000038147 -14.2500001907413 -14 -13.4700002670288
-4.01000022888184 -3.75999999046328 -3.66000008583069 -3.48000001907349 -3.50999999046326 -3.5399999618527 -4.15999984741211 -3.5699999332428 -3.73000001907349 -3.82999992370605 -4.03000020980835 -4.34000015258789 -4.73000001907349 -4.98000001907349 -5.5 -6.03999996185303 -6.53000020980835 -6.73999977111816 -7.15999984741211 -7.61000013351441 -7.8200001721251 -8.0600004196167 -7.8899998664856 -7.78999996185303 -7.80000019073486 -7.76000022888184 -8.32999992370606 -8.9399995803833 -9.25 -9.94999980926514 -10.6899995803833 -11.0600004196167 -11.7799997329712 -12.4499998092651 -13.1499996185303 -13.5100002288818 -14.1999998092651 -14.9399995803833 -15.3500003396006 -15.3599994063508 -14.9399995803833 -14.5799999237061 -14.3800001144409 -13.9399995803833 -13.4399995803833
-4.28000020980835 -4.03000020980837 -3.95000004768372 -3.75999999046326 -3.73000001907349 -3.80999994277929 -4.23000001907349 -3.71000003814697 -3.86999988555908 -3.98000001907349 -4.11999988555908 -4.26000022888184 -4.57999992370605 -4.8600001335144 -5.3600001335144 -5.88000011444092 -6.11999988578779 -6.53999996185303 -6.94000005722046 -7.38000011444092 -7.6100001335144 -7.8600001335144 -7.61000013351441 -7.4999999824429 -7.09999990463257 -7.32000017166138 -8.11999988555908 -8.56999969505828 -9.26000022888184 -10.0799999237061 -10.9200000762939 -11.289999961853 -11.960000038147 -12.5600004196167 -13.15999982313 -13.4700002670288 -14.0100002288818 -14.6499996185303 -14.8799997804465 -14.710000038147 -14.6199998855591 -14.3500004644409 -14.1899995803833 -13.8400001525879 -13.4099998474121
-4.05999994277954 -4.46000003814697 -4.3600001335144 -4.21000003814697 -4.26000022888184 -4.21999979019165 -4.30999994277954 -3.86999988555908 -4.05999994277954 -4.17999982833862 -4.23000001907349 -4.32000017166138 -4.6100001335144 -4.8600001335144 -5.32000017166138 -5.73999977111816 -5.94999980926514 -6.32000017166138 -6.65999984741211 -6.98999977111816 -7.15000009536743 -7.26999998092651 -6.61999988555908 -6.57000017143377 -6.51000022888184 -6.71000003814697 -7.59000015258789 -8.23999977111816 -9.18000030517578 -10.1800003051758 -11.1199998799338 -11.5 -12.0900001525879 -12.5900001525879 -12.8299999237061 -13.3400001525879 -13.75 -14.2799993755227 -13.9799995422363 -14.1700000762939 -14.1800003051758 -14.1199998855591 -13.9300003051758 -13.6999998092651 -13.3900005296522
-4.26000022888184 -4.28000020980835 -4.30999994277954 -4.25 -4.46000003814697 -4.23000001907349 -4.26000022888184 -4.05000019073486 -4.26000022888184 -4.30999994277954 -4.48999977111816 -4.51999998092651 -4.61000013355514 -4.96999979019165 -5.30000019073486 -5.6399998664856 -5.80000019073486 -6.09000015258789 -6.3600001335144 -6.59000015258789 -6.67999982015323 -6.19999980926514 -6.09999990463257 -6.03000020980835 -5.75 -5.84000015258789 -6.82999992370606 -7.69000005722046 -9.14999961853027 -10.3100004196167 -10.8699998855591 -11.6899995803833 -12.1599998474121 -12.5200004577637 -12.6999998092651 -13.0900001525879 -13.4499998092651 -13.1700000762939 -13.4300003051758 -13.6099996566772 -13.6899995672911 -13.6800003051758 -13.6199998855591 -13.5200004577637 -13.4499998092651
-4.55000019073486 -4.59999990463257 -4.57000017166138 -4.42000007629395 -4.5 -4.48999977111816 -4.48999977111816 -4.25 -4.42000007629394 -4.51999998092651 -4.73000001907349 -4.76000022888184 -4.80999994280669 -5.05000019073486 -5.30000019073486 -5.55999994277954 -5.67999982833862 -5.90000009536743 -6.07999992110241 -5.84999990465459 -5.8600001335144 -5.80000019073486 -5.63000011444092 -5.48000001907349 -4.90999984741211 -4.6399998664856 -5.07000017443058 -7 -8.98999977111817 -10.5 -11.1599998474121 -11.8699998855591 -12.1199998855591 -12.2299995422363 -12.460000038147 -12.75 -12.5200004577637 -12.6400003433228 -12.8500003814697 -13.0200004577637 -13.1000003814697 -13.1999998092651 -13.2299995422363 -13.2899999530322 -13.3000001907349
-5.09000015258789 -4.73999977111816 -4.84000015258789 -4.90000009536743 -4.63000011444092 -4.55999994277954 -4.57000017166138 -4.59000015258789 -4.65000009536743 -4.73999977111816 -4.90999984741211 -4.98000001907349 -5 -5.17999982833862 -5.32000017166138 -5.5 -5.57999992325322 -5.55000019073486 -5.59999990463257 -5.59999990463257 -5.55999994277954 -5.46000003814697 -5.19000005722046 -5 -4.55999994277954 -4.32999992370605 -4.98999977111816 -6.98999977111816 -8.84000015258789 -10.49999999672 -11.3000001907349 -11.8000001907349 -11.8900003433228 -11.9399995803833 -12.0799999237061 -11.75 -11.8400001525879 -12.0299997329712 -12.2200002670288 -12.3999996185303 -12.5 -12.6800003051758 -12.8400001525879 -12.9200000762939 -13.1099996566772
-5.19999980926542 -5.11999988555908 -4.98000001907349 -5.17999982833862 -4.55000019073351 -4.57000017166107 -4.59999990463257 -4.78999996185303 -4.76000022888418 -4.98999977111816 -5.13999986648559 -5.19000005722046 -5.19000005722046 -5.32999992381297 -5.36999988565203 -5.40999984741995 -5.42000007629395 -5.42999982833862 -5.42999982833862 -5.40999984741211 -5.36999988555908 -5.19999980926514 -5.0599999424069 -4.8600001335144 -4.71000003814697 -5.26000022888184 -5.84000015258789 -7.17000007629394 -8.67000007629395 -9.38000011444092 -10.6400003433228 -11.2399997711182 -11.4300003032132 -11.4899995717492 -11.0200004577637 -11.1400003433228 -11.210000038147 -11.3699998855591 -11.5500001907349 -11.6499996185303 -11.8699998855591 -12.1099996566772 -12.3699997996215 -12.5100002288818 -12.8299999237061
-5.32000017166138 -5.19000005722046 -4.8600001335144 -4.84000015258789 -4.26000022888288 -4.57000017166403 -4.84000015259464 -5.01000022888184 -5.07999992370646 -5.25 -5.38999986656192 -5.38999986662753 -5.61000013351441 -5.55999994277954 -5.40999984741211 -5.38000011443305 -5.34999990463257 -5.32999992370605 -5.30999994277954 -5.28000020980835 -5.23000001907349 -5.07000017166138 -5 -4.92000007629395 -5.01000022888184 -5.48999974979901 -6.03000020980835 -7.15000009536743 -8.38000011444092 -8.92000007629395 -9.92000007629395 -10.539999961853 -10.6999996203227 -10.2299995422363 -10.3699998855591 -10.4700002626192 -10.5299997329712 -10.6599998474121 -10.8400001525879 -10.9499998092651 -11.2200002670288 -11.5100002288818 -11.6800003051758 -12.0299997329712 -12.4399995803833
-6.07999992370606 -5.67999982833862 -5.36999988555908 -5.25 -5.17000007629395 -5.19000005722046 -5.28999996185303 -5.11000013353284 -5.57999992370998 -5.78999996185303 -5.92999982833862 -5.78999996185303 -5.71999979019165 -5.59000015258789 -5.48000001907349 -5.40000009536743 -5.32999992370605 -5.26000022888184 -5.23000001903746 -5.17999982833862 -5.11999988555908 -5.03000020980835 -5 -5.05000019073486 -5.32999992370605 -5.53000020980835 -6.19000005722046 -7.07000017166138 -8.03999996185303 -8.4399995803833 -9.25 -9.82999977557607 -9.35000038146973 -9.5600004196167 -9.6899995803833 -9.73999977111816 -9.81999969482422 -9.93000030517578 -10.0100002288818 -10.2399997711182 -10.539999961853 -10.8999996185303 -11.0900001525879 -11.4799995422363 -11.3000008307868
-6.40999984741211 -6.17000007629395 -5.48999977111816 -5.3899998664856 -5.34999990463257 -5.36999988555908 -5.42999982833862 -5.76999998092651 -5.82999992370605 -5.94000005722046 -5.98000001907349 -5.90000009536743 -5.82000017166138 -5.67999982833862 -5.51999998092651 -5.44000005722046 -5.28000020980835 -5.19999980926514 -5.17000007623966 -5.09999990463257 -5.05000019073486 -5.03000020980835 -5.01999998092651 -5.13999986648559 -5.3899998664856 -5.67000007629395 -6.34000015258789 -7 -7.36999988555908 -8.01000022888184 -8.6699999830196 -8.57999992115818 -8.72999954223633 -8.93000030517578 -9.02999973297119 -9.0600004196167 -9.10999965667725 -9.1899995803833 -9.26000022888184 -9.51000022888184 -9.88000011444092 -10.0799999237061 -10.4899997711182 -10.899998756281 -10.7200000720968
-6.73000001907349 -6.03000020980835 -5.53000020980835 -5.61999988555908 -5.61000013351441 -5.61000013351441 -5.55999994277954 -6 -6.05000019073486 -6.09000015258789 -6.03000020980835 -5.98999977110913 -5.88000011444092 -5.73000001907349 -5.55000019073486 -5.46000003814697 -5.30999994277954 -5.17000007629394 -5.11000013351441 -5.03999996185303 -4.98999977111816 -5.00000000010122 -5.05999994277954 -5.17999982833862 -5.53999996185303 -5.76000022888184 -6.23000001907349 -6.71999979019165 -6.94999980926514 -7.61000007723238 -7.71000003814697 -7.8899998664856 -8.17000007629395 -8.32999992370605 -8.36999988555908 -8.42000007629394 -8.42000007629395 -8.47000026095463 -8.52999973297119 -8.78999996185303 -9.27000045776367 -9.52999973297119 -9.9699997784159 -9.86999988555908 -10
-6.5 -6.40000009536743 -5.69000005722046 -5.84999990463257 -5.86999988555908 -5.90000009536743 -5.94000005722046 -6.19000005722046 -6.19000005722046 -6.19000005722046 -6.1100001335144 -6.01999998091564 -5.90000009536743 -5.75 -5.55999994277954 -5.46000003814697 -5.30000019073486 -5.13000011444092 -5.07000017166138 -4.96999979019165 -4.92000007629395 -4.92999982833862 -4.98999977111816 -5.1399998664856 -5.30000019142444 -5.55999994277954 -5.96000003814697 -6.46000001984224 -6.48999977111816 -6.90999984741211 -7.28999996185303 -7.44999980926514 -7.69000005722046 -7.80000019073486 -7.82999992370606 -7.82000017166138 -7.78000020980835 -7.76999998092651 -7.8600001335144 -8.14999961853027 -8.47000026702881 -9.10999965667725 -9.5 -9.6999997799101 -9.64999961853027
