SnowAccumulation_R/test/tmin/final_tmin_30_04_2009.asc
NCOLS 97 
NROWS 69 
XLLCORNER 52512.810182332 
YLLCORNER 5316225.2758522 
CELLSIZE 10000 
NODATA_value -9999 
[rows 40 to 59 of 69, columns 45 to 89 of 97]
-6.42000007629395 -5.92000007629395 -5.63000011444092 -5.55999994277954 -5.55000019073486 -5.48999977111816 -5.46000003814697 -5.3899998664856 -5.30999994277954 -5.19000005722046 -5.01000022888184 -4.90999984741211 -4.75 -4.57999992370605 -4.44999980918475 -4.15000009536743 -3.83999991416931 -3.46000003814697 -3.34999990463257 -3.09999990463257 -2.85999989509583 -2.72000002861023 -2.39000010490417 -2.16000008583069 -2.0699999332428 -1.9099999666214 -1.82000003718072 -1.60000002406325 -1.55999994277954 -1.36000001430511 -1.29999995243396 -1.33000004291534 -1.28999996185303 -1.16999995708466 -1.0900000333786 -1.05999994277954 -1 -1 -0.980000019073486 -0.97000002861023 -0.970000028610229 -0.889999985694885 -0.920000016689301 -0.930000007152557 -0.949999988079071
-6.5 -5.94000005722046 -5.84999990463257 -5.55999994277954 -5.48999977111816 -5.34000015258789 -5.15000009536743 -5.26999998092651 -5.17000007629395 -5.03999996185303 -4.80999994277954 -4.71000003814697 -4.57000017166138 -4.40000009536743 -4.26999998085775 -4.01000022888184 -3.67000007629395 -3.36999988555908 -3.28999996185303 -3.02999997138977 -2.75 -2.59999990463257 -2.40000009536743 -2.19000005722046 -2.19000005722046 -1.87000000476837 -1.64999997615814 -1.53999996185303 -1.49000000953674 -1.29999995231628 -1.25 -1.22000002861023 -1.33000004291534 -1.37000000476837 -1.05999994277954 -1.21000003814697 -0.930000025859405 -0.839999973773956 -0.769999980926514 -0.750000002480261 -0.629999995231628 -0.680000007152557 -0.730000019073486 -0.740000009536743 -0.720000028610229
-5.88000011444092 -5.82999992370605 -5.76000022888184 -5.40000009536743 -5.30000019073486 -5.11999988555908 -4.75 -5.23000001907349 -5.17999982833862 -4.94999980926514 -4.71000003814697 -4.53999996185303 -4.40000009536743 -4.19000005722046 -4.07999992370605 -3.79999995231628 -3.5699999332428 -3.43000006650004 -3.17000007629395 -2.89000010490417 -2.64000010701779 -2.51999998092651 -2.46000003814697 -2.13000011955299 -2.09999990463257 -1.82000005245209 -1.79999995231628 -1.70000004768372 -1.49000000953674 -1.3400000333786 -1.25999999046326 -1.12000000476837 -1.21000003814697 -1.24000000953674 -1.17999994754791 -1.25 -1.28999996185303 -0.939999997615814 -0.730000019073486 -0.610000014305115 -0.519999980926514 -0.5 -0.509999990463257 -0.529999971389771 -0.5
-5.90000009536743 -5.86999988555908 -5.80999994277954 -5.78000020980835 -5.67000007629395 -5.32000017166138 -4.92999982833862 -5.01999998092651 -4.96999979019165 -4.82000017166138 -4.61999988555908 -4.48000001907349 -4.23000001907349 -4.01000022888184 -3.89000010490417 -3.65000009536743 -3.41000008583069 -3.3199999332428 -2.99000000953674 -2.79999995231628 -2.66000008556849 -2.55999994448293 -2.40000009536743 -2.4000000947925 -2.16000008583069 -1.99000000953674 -1.66999995708466 -1.5900000333786 -1.42999994754791 -1.30999994277954 -1.25999999046326 -1.08000004291534 -1.03999996185303 -1.07000005245209 -1.01999998092651 -1.00999999046326 -1.01999998092651 -1.1599999666214 -0.740000009536743 -0.740000009536743 -0.469999998807907 -0.379999995231628 -0.349999994039535 -0.319999992847443 -0.310000002384186
-5.78999996185303 -5.82999992370605 -5.96999979019165 -5.78999996185303 -5.6399998664856 -5.59000015258789 -5.46999979019165 -4.94999980926514 -4.82999992370605 -4.6100001335144 -4.36999988555908 -4.25 -4.03999996185303 -3.84999990463257 -3.74000000953674 -3.52999997138977 -3.32999992370605 -3.23000001907349 -2.91000008583069 -2.75 -2.6900000588072 -2.5 -2.50999999046326 -2.46000003814697 -2.30999994277954 -1.88999998569489 -1.76999998092651 -1.5 -1.25999999046326 -1.20000004761032 -1.17999994754791 -1.04999995231628 -0.990000009536743 -0.860000014305115 -0.819999992847443 -0.800000011920929 -0.779999971389771 -0.70000001745134 -0.850000017138381 -0.889999985694885 -0.479999989271164 -0.310000080142398 -0.230000004172325 -0.159999996423721 -0.120000013538208
-6.01999998092651 -6.19000005722046 -6.15000009536743 -6.03000020980835 -5.75 -5.75 -5.67999982833862 -4.78000020980835 -4.69000005722046 -4.46000003814697 -4.26000022888184 -4.19000005722046 -3.91000008583069 -3.72000002861023 -3.61999988555908 -3.42000007629394 -3.22000002861023 -3.11999988525151 -2.9600000393426 -2.71000003814697 -2.57999992370606 -2.50999999046326 -2.45000004768372 -2.39000010490417 -2.15000009536743 -1.97000002861023 -1.8400000333786 -1.6599999666214 -1.20000004768372 -1.11000001430511 -1 -0.910000026226044 -0.870000004768372 -0.930000007152557 -0.800000011920929 -0.709999978542328 -0.629999997743669 -0.620000004768372 -0.680000007152557 -0.699999988079071 -0.720000028610229 -0.779999971389771 -0.219999998807907 -0.119999997317791 -0.0700000002980232
-6.03999996185303 -6.26999998092651 -6.21000003814697 -6.09000015258789 -5.94000005722046 -5.73999977111816 -5.73000001907349 -4.82999992370562 -4.71000003814697 -4.42999982833862 -4.15000009536743 -4.09000015258789 -3.82999992370606 -3.55999994277954 -3.4300000667572 -3.38000011411412 -3.29999995231628 -3.19000005722046 -2.85999989509583 -2.63000011444092 -2.54999995231628 -2.46000003814697 -2.33999991416931 -2.25 -1.96000003814697 -1.54999995231628 -1.47000002861023 -1.37999999523163 -1.12000000476837 -1.08000004291534 -0.959999978542328 -0.860000014305115 -0.829999983310699 -0.920000016689301 -0.740000009536743 -0.610000014305115 -0.610000014305115 -0.449999988079071 -0.490000009536743 -0.660000026226044 -0.639999985694885 -0.5 -0.349999994039536 -0.0500000007450581 -0.0500000007450581
-5.94999980926514 -6.1399998664856 -6.19999980926514 -6.30000019073486 -6.1100001335144 -5.90999984741211 -5.82999992370605 -4.86999988556081 -4.80000019073486 -4.3899998664856 -4.19000005721356 -3.98000001907349 -3.69000005729527 -3.53999996186782 -3.49000000953674 -3.58999991416931 -3.4100000855031 -2.92000007629394 -2.79999995231628 -2.65000009536743 -2.54999995231628 -2.4300000667572 -2.10999989509583 -1.99000000953674 -1.70000004768372 -1.37999999523163 -1.3400000333786 -1.20000004768372 -1.19000005722046 -1.16999995708466 -0.939999997615814 -0.790000021670363 -0.759999990463257 -0.769999980926514 -0.660000026226044 -0.579999983310699 -0.490000009536743 -0.449999988079071 -0.409999996423721 -0.360000014305115 -0.370000004768372 -0.379999995231628 -0.330000013113022 -0.28999999165535 -0.00999999977648258
-6.01000022888184 -6.15000009536743 -6.3600001335144 -6.46999979019165 -6.44999980926514 -6.13000011444092 -5.96999979019165 -5.1599998474119 -4.92999982833862 -4.40000009537933 -4.15999984745198 -4.23999977111816 -4.21999979019165 -3.95000004765133 -3.8199999332428 -3.5 -3.28999996150276 -2.69000005722046 -2.60999989509582 -2.56999993309845 -2.32999992370605 -2.15000009536743 -1.98000001832961 -1.69000005722046 -1.5 -1.39999997590429 -1.32000005245209 -1.24000000953674 -1.23000001907349 -1.11000001430511 -0.939999997615814 -0.819999992847443 -0.759999990463257 -0.699999988079071 -0.649999976158142 -0.519999980926514 -0.419999986886978 -0.300000011920929 -0.330000013113022 -0.28999999165535 -0.25 -0.270000010728836 -0.219999998807907 -0.200000002980232 -0.270000010728836
-6.07999992370606 -6.3600001335144 -6.51000022888184 -6.67999982833862 -6.8600001335144 -6.61999988555908 -6.25 -6.30999994277954 -5.44999980926514 -4.82999992370605 -4.98000001907349 -4.82000017166138 -4.51000022888184 -4.21000003814697 -3.76999998092651 -3.39000010490417 -3.14000010490418 -2.47000002861023 -2.47000002861023 -2.35999989509582 -2.17000007629395 -1.89999997615814 -1.88999998569489 -1.61000001430511 -1.44000005722046 -1.4099999666214 -1.24000000953674 -1.11000001430511 -1.0900000333786 -0.930000007152557 -0.810000002384186 -0.749999990444744 -0.709999978542328 -0.670000016689301 -0.680000007152557 -0.519999980926514 -0.349999994039536 -0.259999990463257 -0.300000011920929 -0.409999986913612 -0.389999985694885 -0.170000001788139 -0.130000008243791 -0.140000000596046 -0.0900000035762787
-6.21000003814697 -6.34000015258789 -6.69000005722046 -7.05999994277954 -7.5 -6.96000003814697 -6.40999984741211 -6.48000001907349 -5.84999990463257 -5.17999982833862 -5.23000001907349 -4.44000005722046 -4.07999992370605 -3.82999992370605 -3.44000005722046 -3.10999989509583 -2.60999989509582 -2.29999995231628 -2.32999992370605 -2.3199999332428 -2.11999988555908 -1.87000000476837 -1.77999997138977 -1.80999994277954 -1.46000003814697 -1.42999994754791 -1.17999994754791 -0.990000009536743 -0.889999985694885 -0.860000014305115 -0.720000020822392 -0.680000007152557 -0.649999976158142 -0.670000016846403 -0.670000016689301 -0.579999983310699 -0.529999971389771 -0.379999995231628 -0.270000010728836 -0.400000005960464 -0.28999999165535 -0.100000001490116 -0.109999999403954 -0.0700000002980232 -0.0799999982118607
-5.80999994277954 -6.26000022888184 -6.65000009536743 -7.32999992370605 -8.44999980926514 -6.88000011444092 -6.51999998092651 -6.34999990463257 -5.46000003814697 -4.6100001335144 -4.5 -3.86999988555908 -3.39000010490417 -3.42000007629394 -2.97000002861023 -2.36999988555908 -2.25999999046326 -2.21000003814697 -2.32999992370605 -2.21000003814697 -2.09999990463257 -1.79999995231628 -1.82000005245209 -1.91999995708466 -1.58000004291534 -1.3400000333786 -1.13999998569489 -0.930000007152557 -0.889999985694885 -0.87999997504652 -0.629999995338611 -0.680000007152557 -0.730000019073486 -0.639999985694885 -0.649999976158142 -0.589999973773956 -0.610000014305115 -0.389999985694885 -0.170000001788139 -0.170000001788139 -0.170000001788139 0.0399999991059303 0.0299999993294477 0.0399999991059303 0.0299999926314865
-5.6100001335144 -5.6399998664856 -6.1100001335144 -6.65999984741211 -6.46999979019165 -6.07000017166138 -5.61999988555908 -5.48999977111816 -4.76000022888184 -4.05000019073486 -3.79999995231628 -3.34999990463257 -2.92000007629394 -2.73000001907349 -2.51999998092651 -2.0699999332428 -1.94000005722046 -2.03999996185303 -2.11999988555908 -1.94000005722046 -1.8400000333786 -1.78999996185303 -1.76999998092651 -1.62000000476837 -1.59000003325638 -1.38999998569489 -1.13999998569489 -1.04999995231628 -0.889999985694885 -0.649999976158142 -0.639999985694885 -0.709999978542328 -0.889999985694885 -0.810000002384186 -0.800000011920929 -0.860000014305115 -0.779999971389771 -0.810000002384186 -0.529999998800344 -0.280000001192093 -0.00999999977648258 0.0599999986588955 0.0700000334835159 -0.0500000007450581 -0.0399999991059303
-4.82999992370605 -4.92000007629395 -5.28000020980835 -5.75 -5.78000020980835 -5.32999992370605 -4.86999988555908 -4.69000005722046 -4.17999982833862 -3.59999990463257 -3.30999994277954 -2.90000009536743 -2.51999998092651 -2.38000011444092 -2.27999997138977 -1.87000000476837 -1.72000002861023 -1.71000003814697 -1.74000000961344 -1.67999994754791 -1.57000005245209 -1.53999996170173 -1.46000003814697 -1.37000000476837 -1.35000002384186 -1.54999995231628 -1.34000002491961 -1.25999999046326 -0.920000016689301 -0.829999983310699 -0.850000023841858 -1.03999996185303 -1.21000003814697 -1.12999999523163 -1.13999998569489 -0.829999988186266 -0.790000021457672 -0.660000026226044 -0.800000011920929 -0.389999985694885 -0.0299999993294477 0.0299996681014383 -0.100000001490116 0.189999997615814 0.159999996423721
-4.38000011444092 -4.44000005722046 -4.82999992370605 -4.86999988555908 -4.90000009536743 -4.71000003814697 -4.23000001907349 -4.15999984741211 -3.71000003814697 -3.23000001907349 -2.94000005722046 -2.59999990463257 -2.20000004768372 -2.05999994277954 -1.85000002384186 -1.74000000943126 -1.47000002861023 -1.50999999046326 -1.51999998092651 -1.50999999046326 -1.44000005722046 -1.39999997615814 -1.29999995231628 -1.08000004291534 -1.12000000476837 -0.930000007152557 -0.879999995231628 -1.05999994277954 -1.04999995231628 -0.860000014305115 -1.00999999046326 -1.11000001430511 -1.05999994277954 -1.17999994754791 -1.0900000333786 -1.0900000333786 -0.769999980926514 -0.589999973773956 -0.600000023841858 -0.379999995231628 -0.370000012838693 -0.270000010728836 -0.0700000002980232 0.149999924118791 0.330000013113022
-4.07000017166138 -4.17999982833862 -4.34000015258789 -4.34999990463257 -4.17999982833862 -3.97000002861023 -3.70000004768372 -3.5 -3.19000005722046 -2.86999988555908 -2.5699999332428 -2.3199999332428 -2.17000007629394 -1.85000002384186 -1.44000005722046 -1.33000004286655 -1.21000003814697 -1.14999997615814 -1.1599999666214 -1.21000003814697 -1.1599999666214 -1.13999998569489 -1.16999995708466 -0.879999992430188 -0.759999990463257 -0.579999983310699 -0.689999997615814 -0.949999988079071 -0.540000021457672 -0.579999983385671 -0.579999983310699 -0.779999971389771 -0.769999980926514 -0.870000004768371 -1.0900000333786 -0.97000002861023 -0.879999995231628 -0.600000023841858 -0.5 -0.270000017587531 -0.100000001490116 -0.100000001490116 0.109999999403954 0.0799999982118607 0.319999992847443
-3.83999991416931 -3.92000007629395 -3.86999988555908 -3.70000004768372 -3.63000011444092 -3.33999991416931 -3.17000007629395 -3.03999996185303 -2.70000004768372 -2.5 -2.34999990463257 -1.9099999666214 -1.80999994273802 -1.51999998092651 -1.28999996185303 -1.24000000953674 -1.01999998092651 -0.930000007152557 -0.870000004768372 -0.850000023841858 -0.819999992847443 -0.829999978772248 -0.629999995231628 -0.519999980926514 -0.529999971389771 -0.5 -0.400000005880851 -0.600000023841858 -0.340000003576279 -0.270000010728836 -0.310000002384186 -0.479999989271164 -0.639999985694885 -0.699999988079071 -0.959999975779141 -0.899999976158142 -0.569999992847443 -0.5 -0.319999994299437 0.0999999865889549 -0.0824999883770943 -0.0575000010430813 0.112499997019768 -0.0499999783933163 -0.165000006556511
-3.99000000953674 -3.85999989509583 -3.42000007629395 -3.1800000667572 -3.13000011444092 -2.94000005722046 -2.75999999046326 -2.69000005722046 -2.3199999332428 -2.08999991416931 -2.01999998092651 -1.63999998569489 -1.52999997138977 -1.20000004768372 -1.3400000333786 -1.24000000953674 -0.970000028610229 -0.790000021457672 -0.699999988079071 -0.61000001168875 -0.185000002384186 -0.300000011920929 -0.0850000008940697 -0.300000012352686 -0.00500000594183803 -0.107500001788139 -0.200000002980232 -0.237499997019768 -0.685000002384186 -0.504999995231628 -0.444999992847443 -0.689999997615814 -0.802500009536743 -0.975000023841858 -0.977500021457672 -0.332500010728836 -0.275000005960464 -0.26249995010812 -0.302500009536743 -0.117499999701977 -0.122500002384186 0.167500004172325 0.402500003576279 0.082500010728836 -0.142499998211861
-2.21250009536743 -2.03500008583069 -2.10999989509583 -2.09249997138977 -1.96249997615814 -1.99500000476837 -1.73249995708466 -1.70249998569489 -1.85749995708466 -1.60000002384587 -1.75250005722046 -1.50499999523163 -1.4099999666214 -1.1599999666214 -1.35500001907349 -1.33749997615814 -0.84249997138977 -0.612500011645653 -0.4375 -0.215000003576279 -0.0175000089478446 0.0925000011920929 -0.280000001192093 0.0624999888241291 0.0824999809265137 -0.0124999899417162 -0.194999992847443 -0.150000005960464 -0.449999988079071 -0.237499997019768 -0.237499997019768 -0.330000015320702 -0.839999973773956 -0.980000019073486 -0.927500009536743 -0.610000014305115 -0.14750006959602 -0.140000000596046 -0.167500004172325 -0.197500005364418 -0.0750000029802323 0.584999978542328 0.689999997615814 0.232500001788139 -0.280000001192093
-1.87750005722046 -1.9025000333786 -2.10999989509583 -2.12750005722046 -2.02500009536743 -1.77999997138977 -1.76750004291534 -1.97000002861023 -1.7775000333786 -1.66499996183242 -1.25 -1.20000004768372 -1.18499994277954 -0.997500002384186 -1.52999997113701 -1.37249994352118 -0.767499983310699 -0.287499994039536 -0.115000002086163 -0.292499989271164 -0.365000009536743 0.00999998394399881 0.314999997615814 0.0549999997019768 0.569999992847443 0.0599999912083149 -0.0724999904632568 0.245000004768372 -0.070000006724405 0.219999998807907 -0.117499999701977 -0.392500013113022 -0.929999887943268 -1.2224999666214 -1.11500000953674 -0.665000073972388 -0.222500108325471 -0.127499997615814 0.112499997019768 0.0499999895691872 0.0675000101327896 0.697499990463257 0.795000016689301 0.510000109672546 0.617500007152557
