SnowAccumulation_R/test/tmin/final_tmin_23_04_2009.asc
NCOLS 97 
NROWS 69 
XLLCORNER 52512.810182332 
YLLCORNER 5316225.2758522 
CELLSIZE 10000 
NODATA_value -9999 
[rows 0 to 19 of 69, columns 0 to 44 of 97]
-9999.000000000000000 -9999 -9999 -9999 -9999 -9999 -9999 -9999 -9999 -9999 -9999 -9999 -9999 -9999 -9999 -9999 -9999 -9999 -9999 -9999 -9999 -9999 -9999 -9999 -9999 -9999 -9999 -9999 -9999 -9999 -9999 -9999 -9999 -9999 -9999 -9999 -9999 -9999 -9999 -9999 -9999 -9999 -9999 -9999 -9999
-9999 -9999 -9999 -9999 -9999 -10.9200000762939 -12.4899997711182 -12.9200000762939 -13.3699998855591 -12.1400003433228 -12.2600002288818 -11.6000003814697 -10.7099998634377 -8.93000030517578 -9.57999992370605 -9.32999992370605 -8.22999954223633 -7.76000022888184 -7.65000009465543 -9999 -9999 -9999 -9999 -9999 -9999 -9999 -9999 -9999 -9999 -9999 -9999 -9999 -9999 -9999 -9999 -9999 -9999 -9999 -9999 -9999 -9999 -9999 -9999 -9999 -9999
-9999 -9999 -9999 -9999 -9999 -13.0200004577637 -13.4899997711182 -13.0900001525879 -12.6700000762939 -11.289999961853 -11.0600004196167 -9.51000022888183 -8.71000003814697 -8.96000006563426 -9.64000034332275 -8.63000011444092 -8.09000015258789 -7.86000013351441 -7.61999988555908 -7.50000001549435 -7.57999992370606 -7.51999998092651 -7.63999986648559 -7.71000003814697 -7.82000017166138 -8.01000022888184 -8.14000034332275 -8.22999954223633 -8.30000019073486 -7.98000001907349 -7.86999988555908 -7.65999984741211 -7.51999998092651 -7.53000020980835 -7.69000005722046 -7.75 -7.8899998664856 -7.75 -7.71999979019165 -7.55000019073486 -7.51999998092651 -7.5 -7.46999979019165 -7.61999988555908 -7.46999979019165
-9999 -9999 -9999 -9999 -9999 -11.6599998474121 -11 -11.539999961853 -11.4300001068067 -9.9399995803833 -9.71000003814697 -9.84000015258789 -8.88000011444092 -9.40999984741211 -9.59000015258789 -9.06999969482422 -8.64000034332275 -8.40999984741211 -7.88000011444092 -8.05000019085835 -8.13000011444092 -7.8899998664856 -7.82000017166138 -7.80999994277954 -7.86999988546184 -7.84000015258789 -7.98000001907349 -8.05000019073486 -8.10999965667725 -7.65000009536743 -7.59000015258789 -7.3899998664856 -7.40999984741211 -7.57000017166138 -7.80000019073486 -7.82000017166138 -7.78000020980835 -7.65999984741211 -7.71999979019165 -7.53999996185303 -7.46999979019165 -7.46999979019156 -7.61000013351441 -7.55000019073486 -7.30999994277954
-9999 -9999 -9999 -9999 -9999 -10.5100002288818 -10.2600002288818 -10.2499996402494 -9.9399995803833 -9.76000015656877 -9.17000007629395 -9.07999992370605 -9.02999973297119 -8.89999961853028 -8.80000018921731 -8.61999988555908 -8.72999954223633 -8.60000038146973 -7.98000001907349 -8.14999961853027 -8.14000034332275 -7.92999982833862 -8.05000018169437 -7.84000015258789 -7.71999979019165 -7.63999986648559 -7.76000022888184 -7.76000022888184 -7.67000007629395 -7.5 -7.19999980932697 -7.30999994277954 -7.59999990463257 -7.59999990463257 -7.84999990463257 -7.78999996185303 -7.75 -7.46000003814697 -7.61999988555908 -7.34999990463257 -7.1399998664856 -7.3600001335144 -7.42000007629395 -7.21999979019165 -7.17999982833862
-9999 -9999 -9999 -9999 -9999 -9.68000030517578 -9.48999977111817 -9.28999996185303 -9.52999935108041 -8.97000026702881 -9.39999961853028 -9.42000007629395 -9.31999969482422 -9.06999969482422 -8.73999977111816 -8.51000022888184 -8.31999969482422 -8.14000034332275 -8.02000045776367 -7.92000007629395 -7.96000003814697 -8.05000019073486 -7.98000001907349 -7.78000020980835 -7.59999990463257 -7.42999982848979 -7.42999982833862 -7.46999979019165 -7.36999988555908 -7.19000005722046 -7.13999986648559 -7.42999982833862 -7.90000009536743 -7.69999980926514 -7.78999996185303 -7.82999992370605 -7.59000015259252 -7.42000007629395 -7.3600001335144 -7.26999998092651 -7.42000007629395 -7.63000011444092 -7.57999992370605 -7.30000019073486 -7.23999977111816
-9999 -9999 -9999 -9999 -9999 -9.51000022888184 -9.47999954223633 -8.97000026702881 -9.35000038146972 -9.39000053306408 -9.81999969482422 -9.89999961853028 -9.86999988555908 -9.53999996185303 -9.19999980926514 -8.89000034332275 -8.76000022888184 -8.52999973297119 -7.96000003814697 -8.10000038146973 -7.80000019074734 -7.73999977111816 -7.67000007629394 -7.51999998092651 -7.38000011444092 -7.40999984628575 -7.30999994277954 -7.34000015258789 -7.26999998092651 -6.94000005722046 -7.5 -7.67000007629395 -7.92000007629395 -7.86000013351441 -7.71999979019165 -7.75 -7.51999998093119 -7.34000015258789 -7.28000020980835 -7.40999984741211 -7.6100001335144 -7.30000019073486 -7.3899998664856 -7.40999984741211 -7.3600001335144
-9999 -9999 -9999 -9999 -9999 -9.27999973297119 -9.09000013945009 -8.98999977111816 -9.64999961853028 -10.3299999237061 -9.9099998067886 -10.2100000725418 -10.7399997711182 -10.4899997711182 -9.60999965667725 -9.03999996185303 -8.65999984754565 -8.47000026702881 -8.27000045776367 -8.09000015258789 -7.98000001907349 -7.78999996185303 -7.40999984741211 -7.48999977111816 -7.3899998664856 -7.28999996185303 -7.3600001335144 -7.42999982685587 -7.21000003814697 -7.53999996185303 -7.69999980926514 -7.94999980923673 -7.94999980926514 -7.98000001907349 -7.71000003814697 -7.67000007629394 -7.44000005722474 -7.25 -7.3899998664856 -7.67999982833862 -7.71999979019165 -7.51000022888184 -7.26999998092651 -7.53999996185303 -7.48999977111816
-9999 -9999 -9999 -9999 -9999 -9.27999973297119 -9.30000019073486 -8.89999961853027 -9.69999980926514 -9.9399995803833 -9.90999984741211 -10.1499995388754 -10.1800003051758 -10.0200004577637 -9.65999984741211 -8.98999977111817 -8.60999965667725 -8.28999996185303 -8.30000019073486 -7.82999992370605 -7.67000007629394 -7.48999977143187 -7.23000001907349 -7.46999979019165 -7.26999998092651 -7.21000003814697 -7.21999979016527 -7.32000017166138 -7.5 -7.7600002289597 -7.8600001335144 -7.94999980926514 -8.02999973297119 -7.80999994277954 -7.65000009536743 -7.61999988555908 -7.44000005722046 -7.28000020980835 -7.55000019073486 -7.8600001335144 -7.86999988555908 -7.75 -7.55999994277954 -7.44999980926514 -7.26999998092651
-9999 -9999 -9999 -9999 -9999 -9.71000003814697 -9.5600004196167 -9.34000015258789 -9.68000030517578 -10.1099996566772 -10.0200004577637 -9.90999984741211 -9.81999957600328 -9.39999961853027 -9.28999996185303 -9.10999965667725 -8.32999992370606 -8.31000042051745 -8.11999988555908 -7.82999992370606 -7.55000019073486 -7.71999979019165 -7.73999977111816 -7.5 -7.23999977111816 -7.34999990463257 -7.44999980926514 -7.42999982833862 -7.42999982833862 -7.65999984741211 -7.76999998092651 -7.92999982818943 -7.94000005718931 -7.69000005722046 -7.59000015258789 -7.57000017166138 -7.42999982833862 -7.36999988555908 -7.48000001907349 -7.71999979019165 -7.69999980926514 -7.51000022888184 -7.44999980926492 -7.03000020980835 -6.90999984741211
-9999 -9999 -9999 -9999 -9999 -11.4700002670288 -9.84000015258789 -9.94999980926514 -10.1000004210262 -10.2600002288818 -10.210000038147 -9.8100004196167 -8.96000003814697 -9.10999953011999 -8.93000030517578 -8.90999984741211 -8.26000022888184 -8.38000011444092 -7.96000003814697 -8.01000022888184 -7.92999982833862 -7.96999979019165 -7.75000000014401 -7.75 -7.59999990463257 -7.59999990463257 -7.55999994277954 -7.51000022888184 -7.6399998664856 -7.61999988555908 -7.65000009536743 -7.75 -7.80000019073486 -7.53000020980835 -7.51000022885352 -7.49999999997874 -7.38000011444092 -7.30999994277954 -7.34000015258789 -7.32999992370605 -7.40000009536743 -7.32999992370605 -7.30999994277954 -7.1100001335144 -7.03000020980835
-9999 -9999 -9999 -9999 -12.4099998474121 -12.4499998092651 -11.4399995803833 -10.6000003814697 -10.7600002288818 -10.8100004196167 -10.6599998474121 -10.3599996566772 -9.22000026702881 -8.63000011444092 -8.64999959797908 -8.47999954223633 -8.31999969482422 -8.15999984741211 -7.80999994377112 -8.18000030517578 -8.11999988555908 -8.27000045776367 -8.4399995803833 -8.3100004196167 -7.98000001907349 -7.88000011444092 -7.75 -7.63999986651805 -7.63000011444092 -7.51000022888184 -7.48999977111816 -7.44999980926514 -7.40999984740781 -7.3600001335144 -7.34999990463257 -7.23999977111816 -7.21000003814697 -7.11999988555908 -7.21999979019011 -7.32000017166063 -7.28999996185331 -7.30999994277968 -7.38000011444068 -7.17999982833809 -7.19999980926514
-9999 -9999 -9999 -9999 -13.4099998474121 -12.6899995803833 -11.710000038147 -10.9499998092651 -11.3500003814697 -11.0600001491595 -10.1899995803833 -9.65999984741211 -8.9399995803833 -8.30000019073486 -8.46000003814697 -9.07999982975249 -7.90999984741211 -7.82999992370605 -8.40999984741211 -8.39000034332275 -8.60999965667725 -8.47999954223633 -8.68000030517578 -8.60999965667725 -8.31999969482422 -8.17000007629394 -7.80000019073486 -7.63999986648559 -7.51999998092651 -7.23000001907349 -7.30000019073486 -7.28999996185303 -7.09999990464548 -7.11999988555908 -6.98999977111816 -7.05000019073486 -7.03000020980835 -7.05000019073411 -7.01000022888184 -7.15999984741211 -7.23000001907349 -7.17000007629395 -7.1100001335144 -6.88000011444092 -6.65000009536743
-9999 -9999 -9999 -9999 -13.5699996948242 -12.8299999237061 -11.9899997711182 -11.289999961853 -10.3800001144409 -9.96000003814697 -10.0500001907349 -9.3100004196167 -8.57999992370605 -8.55000019073487 -8.35999965667725 -8.17000007629395 -8.0600004196167 -8.1899995803833 -8.51000022888184 -8.51000022888184 -8.65999981850247 -8.78999996185303 -8.09000015258789 -7.94000005722046 -8.40999984741211 -8.34000015258789 -7.86999988555908 -7.61999988555908 -7.51999998092651 -7.25 -7.1100001335144 -6.88000011444092 -6.53999996185303 -6.67999982833862 -6.67999982833862 -6.76999998092651 -6.80999994277954 -6.88000011444014 -6.82999992370605 -7.01999998092651 -7.21999979019165 -7.03000020980835 -7.0300002098083 -6.82000017166138 -6.65999984741211
-9999 -9999 -9999 -9999 -14.4000032001203 -12.2399997711182 -12.9799995676077 -12.9300003051758 -11.4099998474121 -9.69999980926514 -9.53999996185303 -9.34000015258789 -9.01000022888183 -8.88000011444092 -8.64999961853027 -8.84000015258789 -8.59000015258789 -8.9399995803833 -8.81999967606647 -8.26000022888184 -8.17000007629395 -8.10000038146973 -8.01000022888184 -8 -8.35000038146973 -8.03999996185303 -7.86999988555908 -7.88000011444092 -7.4099998475393 -7.34999990463257 -7.23000001907349 -6.94999980926514 -6.46000003814697 -6.36999988555908 -6.42000007629395 -6.5 -6.55000019073486 -6.67999982833755 -6.65999984741211 -6.76999998092651 -7.09999990463257 -6.8600001335144 -6.78000020980832 -6.59000015258789 -6.34999990463257
-9999 -9999 -9999 -9999 -16.6800003051758 -12.7800003418623 -13.5600004196167 -12.960000038147 -12.0200004577637 -10.8800001144409 -10.0299997329712 -10.1400003433227 -9.4399995803833 -9.40999984741211 -9.10999965667725 -8.85999965667725 -8.77000045776367 -8.61999988555908 -8.64999961853027 -8.10999965667725 -8.09000015258789 -8.10000038012824 -8.10999965667725 -8.14000034304872 -8.14000034332275 -7.86000013351441 -7.92000007629395 -7.76999998092651 -7.46999979019165 -7.32000017166138 -7.44000005722046 -7.23000001907349 -7.05999994277954 -6.57999992370605 -6.17000007629395 -6.19000005722046 -6.25 -6.46999979019165 -6.51000022888184 -6.67000007629394 -6.80000019073486 -6.63000011444092 -6.75 -6.5 -6.44000005722046
-9999 -9999 -9999 -9999 -15.8299999237061 -17.8999996185303 -15.3100000208658 -14.1800000266204 -12.6000003814697 -12.2799997329712 -11.5799999237061 -11.1099996566772 -10.6700000762939 -9.97000026702881 -9.22000026702881 -8.97000026702881 -8.55000019073486 -8.23999977111816 -8.18000030517578 -8.14999961853027 -8.05000019073486 -8.06999969482422 -7.98000001914829 -8.09000015258789 -8.23999977080993 -7.90999984741211 -7.86999988555908 -7.78999996185303 -7.71000003814697 -7.48999977111816 -7.30999994277954 -7.17000007629394 -6.88000011444092 -6.28999996190107 -5.82999992370605 -5.61000013351441 -5.90000009536743 -6.26999998092651 -6.40999984741211 -6.71000003814697 -6.8899998664856 -6.59000015258789 -6.3099999427796 -6.32999992370606 -6.46999979019165
-9999 -9999 -9999 -9999 -16.9599990844727 -16.6800003051758 -17.3899993896484 -15.2099992558067 -12.7799997329712 -12.6599998474121 -12.75 -11.960000038147 -11.5900001087314 -10.1099996566772 -9.48999977111816 -9.0600004196167 -8.93000030321557 -8.34000015258789 -8.42000007629395 -8.31999969482422 -8.02999973297119 -7.73999977124599 -7.9200000709314 -7.8899998664856 -7.94000005722046 -7.92999982833862 -7.84999990463257 -7.92999982833862 -7.80000019073486 -7.75 -7.59000015258789 -6.90000009536743 -6.46999979019165 -6.1399998664856 -5.3899998664856 -4.69999980926514 -5.42000007629395 -6.1399998664856 -6.3600001335144 -6.55999994277954 -6.63000011444092 -6.67000007629395 -6.26000022888206 -6.59000015258789 -6.55999994277954
-9999 -9999 -9999 -9999 -17.0200015515211 -17.9699993133545 -17.75 -13.8500003814697 -13.8400001525879 -11.8999996185303 -12.6899995803833 -11.5600004196167 -10.75 -10.3199996948242 -10.3299999237061 -9.18000030517578 -8.69999980926514 -8.47999954255964 -8.28999996190647 -7.96000003814697 -7.84000015287301 -7.69999980926514 -7.76000022888184 -7.80999994277954 -7.84999990463257 -7.90000009536743 -7.94000005722046 -7.96999979019165 -7.92000007629395 -7.84999990463257 -6.98999977111816 -6.82999992370605 -6.21000003814697 -5.90000009536743 -4.94000005722046 -3.59999990463257 -4.8600001335144 -5.98000001907349 -6.19999980926514 -6.40000009536743 -6.71999979019165 -6.73000001907349 -6.26000022888184 -6.71999979019165 -6.55999994277954
-9999 -9999 -9999 -9999 -17.8299999237061 -18.5200004577637 -17.7000007629394 -16.4200000762939 -10.8599996566772 -11.3999996185303 -12.2600002288818 -12.1300001144409 -11.960000038147 -11.039999961853 -9.77999973297119 -9.59000015258789 -8.89999961853027 -8.68000030517578 -8.27999973297119 -7.98000001907349 -7.67000007629395 -7.63000011444092 -7.65000009536743 -7.73999976913184 -7.78000020980835 -7.90999984741211 -8.02000045776367 -8.10999965667725 -7.88000011444092 -7.80000019073486 -7.05000019073486 -6.92000007629395 -6.28000020980835 -6.26999998092651 -5.23000001907349 -4.1100001335144 -4.80999994277954 -5.78000020980835 -6.01000022888184 -6.32999992370606 -6.65999984741211 -6.61999988555908 -6.40000009536743 -6.6399998664856 -6.63999986648559
