SnowAccumulation_R/test/tmin/final_tmin_02_04_2009.asc
NCOLS 97 
NROWS 69 
XLLCORNER 52512.810182332 
YLLCORNER 5316225.2758522 
CELLSIZE 10000 
NODATA_value -9999 
[rows 0 to 19 of 69, columns 0 to 44 of 97]
-9999.000000000000000 -9999 -9999 -9999 -9999 -9999 -9999 -9999 -9999 -9999 -9999 -9999 -9999 -9999 -9999 -9999 -9999 -9999 -9999 -9999 -9999 -9999 -9999 -9999 -9999 -9999 -9999 -9999 -9999 -9999 -9999 -9999 -9999 -9999 -9999 -9999 -9999 -9999 -9999 -9999 -9999 -9999 -9999 -9999 -9999
-9999 -9999 -9999 -9999 -9999 -9.43000030517578 -11.0699996948242 -11.4399995803833 -11.7299995422363 -10.039999961853 -10.0799999237061 -9.28999996185303 -8.30000001690354 -6.69999980926514 -7.86000013351441 -8.22000026702881 -8 -8.26000022888184 -8.46000003915565 -9999 -9999 -9999 -9999 -9999 -9999 -9999 -9999 -9999 -9999 -9999 -9999 -9999 -9999 -9999 -9999 -9999 -9999 -9999 -9999 -9999 -9999 -9999 -9999 -9999 -9999
-9999 -9999 -9999 -9999 -9999 -12.4399995803833 -12.4499998092651 -11.7600002288818 -11.1400003433228 -9.23999977111816 -8.81999969482422 -7.15000009536743 -6.6100001335144 -6.9899998075687 -8.02999973297119 -7.71999979019165 -7.90999984741211 -8.3100004196167 -8.5600004196167 -8.82999991595886 -9.22000026702881 -9.31999969482422 -9.4399995803833 -9.5 -9.61999988555908 -9.96000003814697 -9.56999969482422 -8.35999965667725 -7.5 -7.51000022888184 -7.61999988555908 -7.75 -7.6399998664856 -7.13000011444092 -6.44000005722046 -5.57000017166138 -5.17999982833862 -4.30999994277954 -3.58999991416931 -2.96000003814697 -2.5699999332428 -2.26999998092653 -2.13000011444092 -2.00999999046326 -1.83000004291534
-9999 -9999 -9999 -9999 -9999 -11.2600002288818 -10.2799997329712 -10.2299995422363 -9.94999953721635 -8 -7.63999986648559 -7.76999998092651 -7.05000019073486 -7.78000020980835 -8.11999988555908 -8.14999961853027 -8.34000015258789 -8.6899995803833 -8.6899995803833 -8.85000038146973 -8.76000022888184 -8.82999992370605 -8.85000038146973 -8.90999984741211 -9.0100002287846 -8.98999977111816 -8.96000003814697 -8.60000038146973 -8.38000011444092 -8.11999988555908 -8.17000007629395 -8.1899995803833 -8.1899995803833 -7.8600001335144 -7.25 -6.34999990463257 -5.88000011444092 -5.03000020980835 -4.30999994277954 -3.54999995231628 -2.97000002861023 -2.53999996185316 -2.4300000667572 -2.08999991416931 -1.79999995231628
-9999 -9999 -9999 -9999 -9999 -10.3599996566772 -9.88000011444092 -9.10000037269512 -8.42000007629395 -8.13000003179748 -7.48000001907349 -7.40000009536743 -7.46999979019165 -7.61000013351441 -7.69000006291127 -7.92999982833862 -8.42000007629395 -8.8100004196167 -8.82999992370605 -8.75 -8.53999996185303 -7.98999977111816 -8.31999966691664 -8.18000030517578 -8.18000030517578 -8.19999980926514 -8.40999984741211 -8.60999965667725 -8.85999965667725 -8.85000038146972 -8.59000015262764 -8.80000019073486 -9.10999965667725 -8.63000011444092 -8.03999996185303 -7.1399998664856 -6.69999980926514 -5.75 -5.01999998092651 -4.07999992370605 -3.27999997138977 -2.8199999332428 -2.60999989509582 -2.04999995231628 -1.80999994277954
-9999 -9999 -9999 -9999 -9999 -9.81999969482422 -9.5600004196167 -9.17000007629395 -8.33000005589937 -7.73999977111816 -8.09000015258789 -8.05000019073486 -8.01000022888184 -7.98000001907349 -8.01000022888184 -8 -8.18000030517578 -8.52999973297119 -9.10999965667725 -8.47999954223633 -8.21000003814697 -7.75 -7.23999977111816 -6.69999980926514 -7.36999988555908 -7.59999990445117 -7.78000020980835 -8.35999965667725 -9.27999973297119 -9.3100004196167 -9.03999996185303 -9.47999954223633 -10.1999998092651 -9.39000034332275 -8.6899995803833 -7.90999984741211 -7.05999994279199 -6.6100001335144 -5.69000005722046 -4.65000009536743 -3.85999989509583 -3.36999988555908 -3.08999991416931 -2.39000010490417 -2.02999997138977
-9999 -9999 -9999 -9999 -9999 -9.98999977111816 -10.0200004577637 -9.69999980926514 -9.97000026702881 -8.69000019245315 -8.85999965667725 -8.81999969482422 -8.72999954223633 -8.60000038146972 -8.55000019073486 -8.52000045776367 -8.5 -8.47999954223633 -8.72999954223633 -8.3100004196167 -7.6100001336309 -7.3600001335144 -6.86999988555908 -6.26999998092651 -6.28000020980835 -7.11000013061803 -7.28999996185303 -7.73000001907349 -8.80000019073486 -9.1899995803833 -9.65999984741211 -9.90999984741211 -10.3100004196167 -9.89999961853027 -9.23999977111816 -8.52000045776367 -7.86999988556756 -7.53000020980835 -6.48999977111816 -5.30000019073486 -4.3600001335144 -3.66000008583069 -3.47000002861023 -3.00999999046326 -2.53999996185303
-9999 -9999 -9999 -9999 -9999 -10.0600004196167 -10.0000000481722 -10.1899995803833 -10.6800003051758 -10.7600002288818 -9.45000005300666 -9.52000046787973 -9.64999961853027 -9.59000015258789 -9.13000011444092 -8.85999965667725 -8.64999961919795 -8.61999988555908 -8.55000019073486 -8.01000022888184 -7.53000020980835 -7.32000017166138 -6.86999988555908 -6.65999984741211 -6.82999992370606 -7.28999996185303 -7.46999979019165 -7.23999977276568 -7.65000009536743 -9.02999973297119 -9.55000019073486 -10.0100002288187 -10.1300001144409 -10.1400003433228 -9.8100004196167 -9.21000003814697 -8.76000022888469 -8.60999965667725 -7.32999992370605 -5.94999980926514 -4.8899998664856 -4.19999980926514 -3.86999988555908 -3.64000010490417 -3.00999999046326
-9999 -9999 -9999 -9999 -9999 -10.2399997711182 -10.4899997711182 -10.2399997711182 -10.8800001144409 -10.8199996948242 -10.5 -9.87000007421573 -9.80000019073486 -9.71000003814697 -9.55000019073486 -9.15999984741211 -8.93000030517578 -8.72999954223633 -8.61999988555908 -8 -7.57999992370605 -7.26999998120885 -7.1399998664856 -7.32999992370605 -7.69999980926514 -8.07999992370605 -8.18999958034373 -8.27999973297119 -8.27999973297119 -8.68999957921543 -9.18000030517578 -9.71000003814697 -9.97000026702881 -10.3199996948242 -10.4200000762939 -10.0600004196167 -9.48999977111816 -9.13000011444092 -7.82999992370605 -6.36999988555908 -5.28999996185303 -4.63000011444092 -4.32999992370605 -3.8199999332428 -3.14000010490417
-9999 -9999 -9999 -9999 -9999 -10.7399997711182 -10.8100004196167 -10.7399997711182 -11 -11.2399997711182 -11.0200004577637 -10.8000001907349 -10.1499997173088 -9.78999996185303 -9.72000026702881 -9.63000011444092 -9.09000015258789 -9.06000041987406 -8.78999996185303 -8.39000034332275 -7.94000005722046 -7.63999986648559 -7.67000007629395 -8.02000045776367 -8.64000034332276 -9.27000045776367 -9.18000030517578 -9.05000019073486 -8.4399995803833 -8 -7.98999977111816 -9.3199996940285 -9.68999957997832 -10.4099998474121 -11.0500001907349 -10.6999998092651 -9.93000030517578 -9.38000011444092 -7.98000001907349 -6.48999977111816 -5.42000007629395 -4.73999977111816 -4.46999979019138 -3.76999998092651 -3.13000011444092
-9999 -9999 -9999 -9999 -9999 -12.3199996948242 -11.1400003433228 -11.3400001525879 -11.4799995748123 -11.5900001525879 -11.5 -11.1300001144409 -10.4300003051758 -10.0699997173233 -9.89999961853028 -9.89999961853028 -9.4399995803833 -9.44999980926514 -9.06999969482422 -8.88000011444092 -8.46000003814697 -7.80000019073486 -8.2600002282852 -8.65999984741211 -9.57999992370605 -10.4499998092651 -9.5600004196167 -9.13000011444092 -8.38000011444092 -7.75 -7.69000005722046 -8.39999961853028 -8.81999969482422 -9.64000034332275 -11.0500001905048 -10.9399995803427 -10.210000038147 -9.5600004196167 -8 -6.38999986648559 -5.42000007629395 -4.82000017166138 -4.57000017166138 -4 -3.35999989509583
-9999 -9999 -9999 -9999 -13.1599998474121 -13.2700004577637 -12.5699996948242 -12 -12.1899995803833 -12.2399997711182 -12.1099996566772 -11.8599996566772 -10.9700002670288 -10.4300003051758 -10.1000004431237 -9.97999954223633 -9.89999961853027 -9.72000026702881 -9.39000034375657 -9.35999965667724 -8.77000045776367 -8.28999996185303 -8.98999977111816 -9.28999996185303 -9.89000034332276 -10.1700000762939 -9.51000022888184 -8.4799995427773 -8.03999996185303 -7.48000001907349 -7.48999977111816 -7.92000007629395 -8.56999969474684 -8.93000030517578 -9.60000038146973 -9.98999977111816 -9.72999954223633 -9.13000011444092 -7.92999982833376 -6.36000013351478 -5.4200000762945 -4.94000005722088 -4.75000000000001 -4.23999977111849 -3.61999988555908
-9999 -9999 -9999 -9999 -14.1199998855591 -13.6099996566772 -12.9399995803833 -12.4300003051758 -12.8500003814697 -12.6299999024614 -11.9499998092651 -11.5600004196167 -11 -10.4200000762939 -10.5600004196167 -10.7799997200757 -9.97000026702881 -9.92000007629395 -10.1999998092651 -10.0600004196167 -9.82999992370605 -9.43000030517578 -9.78999996185303 -9.92000007629395 -10.0799999237061 -10.0100002288818 -9.27999973297119 -8.05000019073486 -7.48999977111816 -7.09999990463257 -7.21999979019165 -7.5 -7.84000015254269 -8.18000030517578 -8.71000003814697 -8.97999954223633 -8.73999977111817 -7.92000007630076 -7.40000009536743 -6.42000007629395 -5.61999988555908 -4.98000001907349 -4.69999980926514 -4.11999988555908 -3.36999988555908
-9999 -9999 -9999 -9999 -14.3800001144409 -13.9499998092651 -13.3299999237061 -12.8800001144409 -12.1899995803833 -11.8999996185303 -11.9899997711182 -11.4200000762939 -10.8199996948242 -10.789999961853 -10.7200002670288 -10.6599998474121 -10.8100004196167 -10.6599998474121 -10.8900003433228 -10.8500003814697 -10.7600001999722 -10.6800003051758 -9.61999988555908 -9.51000022888183 -10.2799997329712 -9.97000026702881 -9.14999961853027 -7.76999998092651 -7.13000011444092 -6.92000007629395 -6.98999977111816 -7.11000013351441 -7.23000001907349 -7.48999977111816 -7.84000015258789 -7.98999977111816 -7.80999994277954 -7.3099999427839 -6.96000003814697 -6.28999996185303 -5.63000011444092 -4.8600001335144 -4.51000022888152 -3.75999999046326 -3.09999990463257
-9999 -9999 -9999 -9999 -15.1600023632 -13.6000003814697 -14.3299999744485 -14.4499998092651 -13.25 -11.8000001907349 -11.6899995803833 -11.5299997329712 -11.2299995422363 -11.1300001144409 -11.0500001907349 -11.3000001907349 -11.460000038147 -12.1400003433228 -11.8000002423187 -11.0100002288818 -10.2700004577637 -9.98999977111816 -10.0200004577637 -9.75 -10.460000038147 -9.80000019073486 -8.97000026702881 -7.98999977111816 -7.11000013377727 -6.98999977111816 -6.96000003814697 -6.98999977111816 -6.94999980926514 -6.98999977111816 -7.07000017166138 -7.07000017166138 -6.96000003814697 -6.67999982834107 -6.46999979019165 -6.05999994277954 -5.53999996185303 -4.67999982833862 -4.23999977111804 -3.34999990463257 -2.65000009536743
-9999 -9999 -9999 -9999 -16.8999996185303 -14.2200009389081 -15.0799999237061 -14.6700000762939 -13.9799995422363 -12.9899997711182 -12.2200002670288 -12.3000001907349 -11.6300001144409 -11.5600004196167 -11.3999996185303 -11.539999961853 -11.75 -12.3500003814697 -13.0500001907349 -12.0900001525879 -12.1800003051758 -11.3400001910429 -11.1499996185303 -10.0200004586086 -10.0200004577637 -9.76000022888184 -8.94999980926514 -7.98999977111816 -7.26000022888184 -7.05000019073486 -7.01000022888184 -7.01000022888184 -7 -6.75 -6.40999984741211 -6.23999977111816 -6.17000007629395 -6.03999996185303 -5.94000005722046 -5.78999996185303 -5.34999990463257 -4.44000005722046 -4.05999994277954 -3.13000011444092 -2.48000001907349
-9999 -9999 -9999 -9999 -16.4599990844727 -17.7600002288818 -16.5400007826093 -15.8599994588251 -14.7200002670288 -14.5299997329712 -13.8400001525879 -13.3199996948242 -12.8299999237061 -12.0299997329712 -11.3699998855591 -11.5100002288818 -11.6400003433228 -12.460000038147 -12.3800001144409 -12.7799997329712 -12.75 -12.1999998092651 -10.9399995832259 -9.69999980926514 -10.4399995788627 -9.92000007629395 -8.89000034332275 -8.43000030517578 -7.92000007629395 -7.1100001335144 -6.90000009536743 -6.84999990463257 -6.69000005722046 -6.23000001910881 -5.92000007629394 -5.59000015258789 -5.46000003814697 -5.36999988555908 -5.34999990463257 -5.32000017166138 -5.01000022888184 -4.23999977111816 -3.38000011444127 -3.01999998092651 -2.5
-9999 -9999 -9999 -9999 -17.1200008392334 -17.2399997711182 -17.7700004577637 -16.8700004815911 -15.1300001144409 -15.1599998474121 -15.3199996948242 -14.4200000762939 -13.9700002142016 -12.1700000762939 -11.4099998474121 -11.2399997711182 -11.5699996985419 -12.7799997329712 -13.2799997329712 -13.3800001144409 -13.2700004577637 -13.2500000025053 -11.0699997032032 -10.4899997711182 -10.0200004577637 -9.39000034332275 -8.80000019073486 -8.06999969482422 -7.94999980926514 -7.88000011444092 -7.01000022888184 -6.36000013351441 -6.01000022888184 -5.61999988555908 -5.48000001907349 -4.94999980926514 -4.76999998092651 -4.71000003814697 -4.75 -4.75 -4.53999996185303 -4.07999992370605 -3.25999999046354 -3.05999994277954 -2.51999998092651
-9999 -9999 -9999 -9999 -17.1500001161898 -17.7800006866455 -17.8999996185303 -16.3700008392334 -16.4300003051758 -14.6400003433228 -15.6000003814697 -14.2200002670288 -13.1000003814697 -12.4700002670288 -12.2700004577637 -10.7799997329712 -11.8199996948242 -12.9799995467858 -13.9600000383073 -13.3000001907349 -12.9399995812386 -12.6899995803833 -11.3199996948242 -10.6400003433228 -10.210000038147 -9.64999961853028 -8.51000022888184 -8.03999996185303 -8.02999973297119 -7.42999982833862 -6.76000022888184 -6.61999988555908 -5.65000009536743 -5.55000019073486 -5.01999998092651 -4.36999988555908 -4.11999988555908 -4.09999990463257 -4.17999982833862 -4.26000022888184 -4.28000020980835 -3.96000003814697 -3.1800000667572 -3.0699999332428 -2.46000003814697
-9999 -9999 -9999 -9999 -17.5699996948242 -17.9099998474121 -17.8500003814697 -17.7099990844727 -13.9799995422363 -14.3800001144409 -15.4899997711182 -15.3199996948242 -14.960000038147 -13.5900001525879 -11.6400003433228 -11.1899995803833 -11.5100002288818 -14.539999961853 -14 -13.0200004577637 -12.6599998474121 -12.3199996948242 -11.0900001525879 -10.5500001887485 -10.0500001907349 -9.84000015258789 -8.64999961853027 -7.57999992370606 -7.86000013351441 -7.88000011444092 -6.73999977111816 -6.44000005722046 -5.55999994277954 -5.28999996185303 -4.73999977111816 -4.13000011444092 -3.79999995231628 -3.74000000953674 -3.77999997138977 -3.91000008583069 -4.07999992370605 -3.86999988555908 -3.19000005722046 -2.96000003814697 -2.40000009536743
