SnowAccumulation_R/test/tmin/final_tmin_12_04_2009.asc
NCOLS 97 
NROWS 69 
XLLCORNER 52512.810182332 
YLLCORNER 5316225.2758522 
CELLSIZE 10000 
NODATA_value -9999 
[rows 0 to 19 of 69, columns 46 to 91 of 97]
-9999 -9999 -9999 -9999 -9999 -9999 -9999 -9999 -9999 -9999 -9999 -9999 -9999 -9999 -9999 -9999 -9999 -9999 -9999 -9999 -9999 -9999 -9999 -9999 -9999 -9999 -9999 -9999 -9999 -9999 -9999 -9999 -9999 -9999 -9999 -9999 -9999 -9999 -9999 -1.8400000333786 -1.75 -1.6599999666214 -1.52999997138977 -1.49000000953674 -1.42999994754791 -9999
-9999 -9999 -9999 -9999 -9999 -9999 -9999 -9999 -9999 -9999 -9999 -9999 -9999 -9999 -9999 -9999 -9999 -9999 -9999 -9999 -9999 -9999 -9999 -9999 -9999 -1.72000002861023 -1.92999994754791 -2.22000002861023 -2.29999995231628 -2.04999995231628 -1.87000000476837 -1.86000001430511 -1.87000000476837 -1.77999997138977 -1.77999997138977 -1.79999995231628 -1.96999997907985 -2.02999997138977 -1.84000014580664 -1.74000000953674 -1.66999995708466 -1.55999994277954 -1.53999996185303 -1.41999995708466 -1.36000001430511 -9999
1.29999995231628 1.19000005722046 1.26999998092651 1.37000000476837 1.24000000953674 1.14999997615814 1.07000005245209 0.9200000166893 0.800000011920929 0.759999990463257 0.600000023841858 0.449999988079071 0.219999998807907 0.0399999990029028 -0.360000014305115 -0.589999973773956 -0.730000019073486 -0.939999997615814 -1.14999997615814 -1.2599999906566 -1.5 -1.58000004291534 -1.62000000476837 -1.62000001469839 -1.67999994773614 -1.70000004768372 -1.8400000333786 -2.1800000667572 -2.45000004768372 -2.29999995231628 -2.02999997138977 -1.91999995708466 -1.86000001430511 -1.75999999046326 -1.75 -1.71000004819461 -1.71000003814697 -1.84999985207818 -1.66999995708466 -1.5900000333786 -1.61000001430511 -1.54999995231628 -1.46000003814697 -1.41999995708466 -1.36000001430511 -9999
1.78999996185303 1.64999997615817 1.62999999523163 1.72000002861023 1.53999996185303 1.38999998569489 1.23000001907349 1.13999998569255 0.949999988079071 0.670000016689301 0.649999976158142 0.469999998807907 0.180000007152557 -0.0500000007450581 -0.529999971389771 -0.9200000166893 -0.839999973773956 -0.990000009536743 -1.20000004768372 -1.35000002384186 -1.58000004291534 -1.76999998092651 -1.71000004933825 -1.87000000476837 -1.80999994277954 -1.75999999046326 -1.74000000953674 -2.04999995231628 -2.38000011444092 -2.20000005726837 -1.98000001907349 -1.77999997138977 -1.83000004291534 -1.75999999046326 -1.74000000953674 -1.70000004768372 -1.6599999666214 -1.63999998569489 -1.58000004291534 -1.52999997138977 -1.5 -1.47000002861023 -1.38999998569489 -1.44000005722046 -1.4099999666214 -9999
1.87999999523163 2.03999996185303 2.05999994277954 1.98000001907349 1.92999994754791 1.61000001430511 1.33000004291534 1.24999999999766 1.11000001430511 0.810000002384186 0.589999973773956 0.409999996423721 0.180000007152557 -0.0399999991059303 -0.400000005960464 -0.689999997615814 -0.860000014305115 -1.04999995231628 -1.1499999763482 -1.36000001430511 -1.62999999523163 -1.94000005722046 -2.03999996185303 -1.84000003345456 -1.8400000333786 -1.77999997138977 -1.74000000953674 -1.85000002384186 -2.16000008583069 -2.24000000953674 -1.97000002861023 -1.79999995231628 -1.78999996185303 -1.70000004768372 -1.73000001907349 -1.83999996869246 -1.72000002861023 -1.61000001430511 -1.53999996185303 -1.48000004565859 -1.41999995708466 -1.38999998569489 -1.39999997615814 -1.30999994277954 -1.3000000333194 -9999
2.11999988555908 2.26999998092651 2.39000010490417 2.46000003814697 2.4300000667572 2.02999997138977 1.58000004291534 1.3400000333786 1.1599999666214 0.97000002861023 0.800000011920929 0.629999995231628 0.47999998922247 0.170000001788139 -0.180000007152557 -0.5 -1.00999999046326 -1.17999994754791 -1.20000004768372 -1.37000000502402 -1.73000001907349 -2 -2.14000010490417 -2.0699999332428 -1.85000002384186 -1.82000005245209 -1.78999996185303 -1.71000003814697 -1.75999999046326 -1.91999995708466 -1.87999999523163 -1.74000000953674 -1.71000003814697 -1.66999997092293 -1.63999998569489 -1.58000004291534 -1.5900000333786 -1.54999995231628 -1.4700000692349 -1.42999994754791 -1.30999994277954 -1.30999994277954 -1.32000005245209 -1.2600001399984 -1.21000003814697 -9999
2.32999992370605 2.41000008583074 2.67000007629395 2.6800000667572 2.66000008583069 2.28999996185303 1.83000004291534 1.62999999523163 1.29999995231628 1.25999999046326 1.07000005245209 0.810000002384186 0.689999997585709 0.330000013113022 0.0399999991059303 -0.490000009536743 -0.990000009536743 -1.10000002226558 -1.46000003814697 -1.52999997138977 -1.78999996185303 -2.00999999046326 -2.23000001907349 -2.29999995231628 -1.88999998569489 -1.79999995231628 -1.75999999046326 -1.71000003814697 -1.6599999666214 -1.66999995708466 -1.67999994754791 -1.6599999666214 -1.67999994754791 -1.66999995708466 -1.48000001907349 -1.47000002861023 -1.41999995708466 -1.4099999666214 -1.33000004291534 -1.27999997138977 -1.20000004768372 -1.19000005722046 -1.22000002861023 -1.25 -1.19000005722046 -9999
2.57999992370605 2.71000003814703 2.86999988555908 2.75999999046326 2.66000008583069 2.24000000953674 1.75 1.57000005245209 1.51999998092651 1.54999995231628 1.42999994754791 1.14999997615814 1 0.509999990463257 0.170000001788139 -0.360000012853439 -0.620000004768372 -0.860000014305115 -1.35000002384186 -1.71000003814697 -1.85000002384186 -2.10999989509583 -2.22000002865391 -2.34999990463257 -1.9099999666214 -1.73000001907349 -1.70000004768372 -1.67999994754791 -1.63999998569489 -1.51999998092651 -1.60000002384186 -1.52999997138977 -1.50999999046326 -1.41999995708466 -1.41999995708466 -1.38999998569489 -1.29999995231628 -1.26999998092651 -1.16999995708466 -1.12999999523163 -1.12000000476837 -1.08000004291534 -1.11000001430511 -1.12999999523163 -1.10000002384186 -9999
2.80999994277954 2.96000003814697 3.0699999332428 3.00999999046326 2.71000003814697 2.3199999332428 1.64999997615814 1.37000000476837 1.72000002861023 1.76999998092651 1.83000004291534 1.49000000953674 1.3400000333786 0.870000005470635 0.649999976158142 0.0500000007450581 -0.519999980926514 -0.769999980926514 -1.26999998092651 -1.63999998569489 -1.95000004768372 -2.24000000953674 -2.22000002861023 -2.25 -1.95000004768372 -1.69000005722046 -1.57000005273801 -1.57000005245209 -1.54999995231628 -1.49000000953674 -1.44000005722046 -1.35000002715357 -1.22000002861023 -1.33000004291534 -1.33000004291534 -1.24000000953674 -1.14999999483509 -1.10000002384186 -1.01999998092651 -1.00999999046326 -0.939999997615814 -0.9200000166893 -0.879999995231628 -0.969999874694034 -0.97000002861023 -9999
2.95000004768372 3.08999991416931 3.33999991416931 3.14000010490417 2.85999989509583 2.48000001907349 2.24000000953137 1.8400000333786 2.05999994277954 2.27999997138977 2.21000003814697 2.00999999105138 2.01999998092651 1.50999999046326 0.959999978542328 0.209999993443489 -0.129999995555458 -0.639999985694885 -1.04999995231628 -1.5900000333786 -2.00999999046326 -2.07999992379993 -2.08999991416931 -2.11999988555908 -1.87999999523163 -1.70000004768372 -1.54999995231628 -1.37000000476837 -1.32000005245209 -1.29999995231628 -1.28999996185303 -1.10000002384186 -1.11000001430511 -1.16999995708466 -1.17999994754791 -1.0900000333786 -1.05999994277954 -1 -0.819999992847443 -0.819999992847443 -0.740000009536743 -0.740000009536743 -0.819999772569588 -0.790000021457672 -0.819999992847443 -0.899999976158142
3.02999997138977 3.11999988555908 3.44000005722046 3.28999996185303 3.01999998092651 2.78999996185303 2.68000006675496 2.49000000962475 2.5999999047878 3.28999996185303 3.01999998092651 2.80999994273224 2.33999991416931 1.78999996185303 1.23000001907349 0.720000028610229 0.230000004172325 -0.46000000834465 -0.889999985694885 -1.49000000953674 -1.91999995708466 -2.01999998092651 -2.17000007629395 -2.00999999046326 -1.73000001907349 -1.57000005297118 -1.46000003814697 -1.24000000953674 -1.13999998569489 -1.12999999523163 -0.980000018533692 -0.990000009536743 -0.97000002861023 -1.02999997138977 -0.980000019073486 -0.949999988079071 -0.959999978542328 -0.790000021457672 -0.720000028610229 -0.600000023841858 -0.610000014305115 -0.629999995231628 -0.550000011920929 -0.680000007152557 -0.720000028610229 -0.819999992847443
3.1099998950961 3.23000001907413 3.36999988555964 3.32999992370689 3.26999998092977 3.38000011444092 3.3199999332428 3.45000004768372 3.57999992370605 3.78999996185303 3.27999997138977 3.01999998092651 2.5699999332428 1.96000003814697 1.41999995708466 0.959999978542328 0.660000026226044 -0.170000001788139 -0.660000026226044 -1.25999999046326 -1.71000003814697 -1.87999999523163 -2.11999988555908 -2 -1.75 -1.49000000953674 -1.25999999046326 -1.12999999523163 -0.959999978542328 -0.759999990463257 -0.779999971389771 -0.870000004768372 -0.860000014305115 -0.860000014305115 -0.839999965954824 -0.769999980926514 -0.829999983310699 -0.709999978542328 -0.610000014305115 -0.579999983310699 -0.46000000834465 -0.310000002384186 -0.439999997615814 -0.619999838096418 -0.689999997615814 -0.829999983310699
3.33999991416931 3.57999992370608 3.59999990463257 3.61999988555908 3.51999998092651 3.57999992370605 3.51999998092651 3.71000003814697 3.8199999332428 3.72000002861023 3.33999991416931 3.08999991416931 2.55999994277954 2.09999990463257 1.5900000333786 1.36000001403595 0.839999973773956 0.189999997615814 -0.370000004768372 -0.879999995231628 -1.1000000244576 -1.57000005245209 -1.83000004291534 -1.9099999666214 -1.77999997138977 -1.37999999523163 -1.05999994277954 -0.959999935340231 -0.569999992847443 -0.519999980926514 -0.610000014305115 -0.680000007152557 -0.720000028610229 -0.629999995231629 -0.720000028610229 -0.769999980926514 -0.779999971389771 -0.680000007152557 -0.530000110856279 -0.46000000834465 -0.319999817911024 -0.170000001788139 -0.370000004768372 -0.479999989271164 -0.680000007152557 -0.850000023841858
3.29999995231628 3.33999991416931 3.59999990463257 3.63000011444092 3.64000010490417 3.70000004768372 3.75 3.53999996185303 3.51999998092651 3.65000009536743 3.27999997138977 3.05999994277954 2.58999991416931 2.14000010490417 1.71000003814697 1.49000000927546 0.980000019073486 0.469999998807907 -0.00999999977648258 -0.509999990463257 -0.730000019073486 -1.22000002861023 -1.50999999046326 -1.60000002384186 -1.5 -1.10000002384186 -0.779999938225374 -0.419999986886978 -0.280000001192093 -0.370000004768372 -0.439999997615814 -0.490000009536743 -0.509999990463257 -0.519999980926514 -0.670000016689301 -0.790000021457672 -0.860000014305115 -0.579999983310699 -0.479999989271164 -0.379999995231628 -0.189999997615814 -0.129999995231628 -0.209999993443489 -0.509999990463257 -0.689999997615814 -0.899999976158142
3.48000001907349 3.47000002861023 3.33999991416931 3.65000009536743 3.8199999332428 3.82999992370605 3.71000003814697 3.5 3.29999995231628 3.32999992370605 3.07999992367607 2.8199999332428 2.58999991416931 2.19000005722046 1.72000002861023 1.44000005722046 1.11000001430511 0.550000011920929 0.0500000007450581 -0.119999997722125 -0.579999983310699 -1.00999999046326 -1.25 -1.25999999046326 -1.12999999523163 -0.719999994976816 -0.310000002384186 -0.109999999403954 -0.0900000035762787 -0.209999993443489 -0.230000004172325 -0.25 -0.449999988079071 -0.540000021457672 -0.560000002384186 -0.720000028610229 -0.680000007152557 -0.689999997615814 -0.449999988079071 -0.579999983310699 -0.340000003576279 -0.310000002384186 -0.360000014305115 -0.589999973773956 -0.740000009536743 -0.970000028609168
3.58999991416931 3.57999992370605 3.39000010490417 3.63000011444092 3.76999998092651 3.74000000953674 3.66000008583069 3.55999994277954 3.22000002861023 2.96000003814697 2.89000010490417 2.69000005722046 2.38000011444092 1.92999994754791 1.50999999046326 1.46000003814697 1.23000001907349 0.620000004768372 0.170000001788139 -0.0399999991059303 -0.389999985694885 -0.670000016689301 -0.889999985694885 -0.870000004768372 -0.330000013113022 -0.469999998807907 -0.0599999986588955 -0.00999999977648258 -0.0500000007450581 -0.0299999993294477 -0.0299999993294477 -0.100000001490116 -0.170000001788139 -0.340000003576279 -0.529999971389771 -0.610000014305115 -0.789999990657081 -0.699999988079071 -0.660000026226044 -0.610000014305115 -0.5 -0.479999989271164 -0.490000009536743 -0.670000016689301 -0.800000011920929 -0.920000016689301
3.79999995231628 3.73000001907349 3.8199999332428 3.92000007629395 3.82999992370606 3.7899999618524 3.61999988555908 3.5 3.13000011444092 2.75999999046326 2.61999988555908 2.38000011444092 2.10999989509582 1.75999999046326 1.54999995213789 1.24000000953674 1.11000001430511 0.839999973773956 0.200000002980232 0.0199999995529652 -0.189999997615814 -0.409999996423721 -0.569999982804526 -0.349999994039535 -0.189999997615814 -0.119999997317791 0.170000001788139 0.0799999981100118 0.100000001490116 0.109999999403954 0.140000000596046 0.0900000035762787 -0.00999999977648258 -0.200000002980232 -0.409999996423721 -0.560000002384186 -0.670000016689301 -0.689999997615814 -0.670000016689301 -0.589999973773956 -0.569999992847443 -0.579999983310699 -0.579999983310699 -0.730000019073486 -0.8299999833107 -0.959999978542328
3.97000002861023 3.91000008583069 4.11999988555908 4.19000005722046 3.89000010490418 3.77999997138871 3.4300000667572 3.25999999046326 3.05999994277954 2.75 2.5 2.11999988555908 1.85000002384186 1.54999995231628 1.36000001430511 0.949999988079071 0.720000028610229 0.430000007152557 0.490000009421457 0.180000007152557 -0.239999994635582 -0.25000000122732 -0.150000005960464 -0.119999997317791 -0.0799999982118606 0.0299999993294477 0.270000010728836 0.239999994635582 0.259999990463257 0.280000001192093 0.330000013113022 0.28999999165535 0.119999997317791 -0.159999996423721 -0.379999995231628 -0.489999955166907 -0.569999968601833 -0.759999990463257 -0.699999988079071 -0.620000030217869 -0.600000023841858 -0.639999985694885 -0.629999995231628 -0.749999855710975 -0.839999973773956 -0.990000009536743
4.01000022888184 4.01999998092651 4.09000015258789 4.09999990463257 3.60999989509583 3.48000001907233 3.24000000953674 2.97000002861023 2.73000001907349 2.67000007629395 2.41000008583069 1.96000003814697 1.54999995231628 1.33000004291534 1.13999998569489 0.699999988079071 0.319999992847443 -0.0799999982118607 -0.180000007152557 0.199999985316628 -0.189999997615814 -0.0399999991059303 -0.0399999991059303 0.0700000002980232 0.230000004172325 0.28999999165535 0.379999995474494 0.409999996423721 0.449999988079071 0.479999989271164 0.509999990463257 0.430000007152557 0.109999999403954 -0.0799999982118607 -0.270000010728836 -0.359999987175767 -0.509999990463257 -0.649999976158142 -0.660000026226044 -0.670000016689301 -0.6700000166893 -0.660000026226044 -0.649999976158142 -0.720000028610229 -0.850000023841858 -0.990000009536743
3.85999989509583 3.88000011444092 3.92000007629395 3.70000004768372 3.44000005722046 3.24000000953674 3.03999996185303 2.63000011444092 2.47000002861023 2.42000007628826 2.15000009536743 1.87000000476837 1.50999999046326 1.19000005722046 1 0.469999998807907 0.189999997615814 -0.280000000487594 -0.379999995231628 -0.759999990463257 -0.850000023841858 -0.219999998807907 0.0700000002980232 0.319999992847443 0.519999980926514 0.620000004768372 0.589999973773956 0.610000014305115 0.689999997615814 0.75 0.75 0.509999990463257 0.239999994635582 0.0900000035762787 -0.0799999982118607 -0.239999994635582 -0.400000005960464 -0.519999980926514 -0.519999980926514 -0.620000004768372 -0.639999985694885 -0.649999976158142 -0.649999976158142 -0.709999978542328 -0.819999992847443 -0.989999951253701
