SnowAccumulation_R/test/tmin/final_tmin_14_04_2009.asc
NCOLS 97 
NROWS 69 
XLLCORNER 52512.810182332 
YLLCORNER 5316225.2758522 
CELLSIZE 10000 
NODATA_value -9999 
[rows 20 to 39 of 69, columns 45 to 89 of 97]
1.07000005245209 1.33000004291534 1.45000004768372 1.63999998569489 1.66999995708466 1.75 1.75 1.62000000476837 1.13999998569489 0.850000023841858 0.680000007129973 0.360000014305115 0.259999990463257 -0.0199999995529652 -0.129999995259146 -0.239999994635582 -0.40000000637346 -0.579999983310699 -0.560000002384186 -0.600000023841858 -0.680000007152557 -0.639999985694885 -0.280000001192093 -0.239999994635582 -0.230000004172325 -0.300000011920929 -0.46000000834465 -0.610000014305115 -0.810000002384186 -0.839999973773956 -0.779999971389771 -0.879999995231628 -0.920000016689301 -1.05999994277954 -1.10000000969524 -1.1599999666214 -1.10000002384186 -1.01999998092651 -0.990000009536743 -0.879999995231629 -0.720000028610229 -0.419999986886978 0.00999999977648258 0.270000010728836 0.769999980926514
0.939999997615814 1.33000004291534 1.42999994754791 1.61000001430511 1.72000002861023 1.67999994754791 1.6599999666214 1.54999995231628 0.980000019073486 0.670000016689301 0.540000021457672 0.280000001192093 0.349999994039535 -0.140000000596046 -0.239999994891789 -0.509999990463257 -0.569999992847443 -0.649999976158142 -0.639999985678462 -0.689999997615814 -0.75 -0.699999988079071 -0.52999997098411 -0.379999995231628 -0.330000013113022 -0.409999996423721 -0.469999998813489 -0.660000026226044 -0.889999985694885 -0.870000004768372 -0.839999973773956 -1 -0.990000009536743 -1.03999995013926 -1.04999995231628 -0.980000019073486 -0.980000019073486 -0.920000016689301 -0.889999985694885 -0.769999980926514 -0.629999995231628 -0.379999995231628 -0.189999997615814 0.25 0.75
0.810000002384186 1.22000002861023 1.37999999523163 1.60000002384186 1.55999994277954 1.63999998569489 1.69000005722046 1.23000001907349 0.889999985694885 0.560000002384186 0.46000000834465 0.200000002779695 0.00999999949533959 -0.469999998807907 -0.519999980926514 -0.680000007152557 -0.769999980926514 -0.75 -0.759999990463257 -0.790000021457672 -0.9200000166893 -0.800000011920929 -0.610000014305115 -0.479999989271164 -0.439999997615814 -0.540000021457672 -0.550000011920929 -0.699999988079071 -0.810000002384186 -0.800000011920929 -0.860000014305115 -0.930000007152557 -0.969999990009049 -0.910000026226044 -0.920000016689301 -0.870000004768372 -0.839999973773956 -0.800000011920929 -0.759999990463257 -0.660000026226044 -0.550000011920929 -0.300000118841429 -0.150000005960464 0.219999998807907 0.750000192724415
0.810000002384186 0.949999988079071 1.17999994754791 1.53999996185303 1.60000002384186 1.57000005245209 1.42999994754791 1.24999999996792 0.829999983277451 0.219999998807907 0.0799999982118607 -0.219999998807907 -0.419999986886978 -0.709999978542328 -0.730000019073486 -0.930000007152557 -1.03999996185303 -1.0900000333786 -1.08000004291534 -1 -0.980000019073486 -0.850000023841858 -0.75 -0.579999983310699 -0.569999992847443 -0.600000023841858 -0.579999983310699 -0.689999997615814 -0.670000016689301 -0.75999998966532 -0.800000011920929 -0.839999963230743 -0.800000011920929 -0.809999993387304 -0.800000011920929 -0.800000011920929 -0.769999980926514 -0.759999990463257 -0.660000026226044 -0.550000011920929 -0.439999997615814 -0.349999994039536 -0.0799999982118607 0.280000222047148 0.939999997615814
0.709999978542328 0.930000007152348 0.959999978542631 1.22000002861032 1.00999999046326 0.970000028610229 0.860000014305115 0.430000007152557 0.239999994635582 -0.109999999403954 -0.200000002980232 -0.430000007152557 -0.699999988079071 -0.920000016689301 -1.04999995231628 -1.12999999523163 -1.3400000333786 -1.39999997615814 -1.37999999523163 -1.3400000333786 -1.14999997615814 -1.08000004251901 -0.790000021457672 -0.670000016689301 -0.649999976158142 -0.649999976063217 -0.589999973773956 -0.649999976158142 -0.579999983310699 -0.620000004768372 -0.730000006189523 -0.769999980926514 -0.779999971389771 -0.779999971389771 -0.75 -0.720000028610229 -0.699999988079071 -0.6700000166893 -0.550000011920929 -0.46000000834465 -0.360000046027565 -0.259999990463257 0.00999999977648258 0.490000009536743 0.75
0.620000004768372 0.689999997615804 0.790000021457672 1.13999998569489 0.959999978542328 0.769999980926514 0.660000026226044 0.280000001192093 -0.0299999993294477 -0.379999995231628 -0.509999990463257 -0.790000021457672 -1.04999995231628 -1.08000004295481 -1.26999998092651 -1.32000005245209 -1.49000000953674 -1.57000005261218 -1.72000002861023 -1.5900000333786 -1.42999994754791 -1.1599999666214 -1.03999996185303 -0.779999971389771 -0.689999997615814 -0.670000016689301 -0.579999983310699 -0.560000002384186 -0.509999990463257 -0.469999998807907 -0.620000004768372 -0.850000023841858 -0.899999975287252 -0.889999985694885 -0.779999971389771 -0.689999997615814 -0.649999976158142 -0.569999992847443 -0.430000007152557 -0.409999996423721 -0.400000005960464 -0.25 0.0399999991059303 0.509999990462803 0.75
0.660000026226044 0.579999983310699 0.430000007152557 0.779999971389771 0.920000016689301 0.579999983310699 0.479999989271164 0.109999999403954 -0.310000002384186 -0.449999988090061 -0.790000021457672 -1.10000002384186 -1.35000002384186 -1.40999996666095 -1.53999996185303 -1.50999999046326 -1.48000001907349 -1.54999995231628 -1.75999999046326 -1.75999999046326 -1.42999994754791 -1.25999999046326 -1.02999997138977 -0.870000004768372 -0.709999978542328 -0.639999985694885 -0.5799999833107 -0.490000001623339 -0.419999986886978 -0.5 -0.579999983310699 -1.05999994277954 -1.11000001430511 -1.12000000476837 -0.959999978542328 -0.769999980926514 -0.699999988079071 -0.560000002384186 -0.330000013113022 -0.47999996604442 -0.490000009536743 -0.449999904630127 -0.00999999977648258 0.230000004172325 0.680000007152557
0.490000009536743 0.479999989271194 0.400000005960464 0.600000023841858 0.720000028610229 0.639999985693838 0.259999990463257 -0.0900000035762787 -0.529999971389771 -0.769999980942244 -1.07000005245209 -1.45000004768372 -1.70000004768372 -1.76999998092651 -1.9099999666214 -1.89999997615814 -1.96000003814697 -1.83000004291534 -1.87999999523163 -1.78999996185303 -1.48000001907349 -1.36000001430511 -1.14999997615814 -0.980000019073486 -0.819999992501224 -0.639999985694885 -0.529999964223059 -0.330000013113022 -0.340000003576279 -0.469999998807907 -0.579999983310699 -0.920000016689301 -1.01999998092651 -1.12999999523163 -1.11000001430511 -1.04999995231628 -0.920000016689301 -0.769999980926514 -0.639999985694885 -0.709999978542328 -0.730000461300516 -0.639999985694885 -0.0700002307773737 0.180000007152557 0.569999992847443
0.389999985694885 0.419999986886972 0.419999986886978 0.46000000834465 0.270000010728836 0.119999997317625 -0.519999980926514 -0.469999998807907 -0.850000023841858 -1.03999996185303 -1.36000001430511 -1.78999996185303 -2.05999994277954 -2.11999988555908 -2.16000008583069 -2.33999991416931 -2.45000004768372 -2.33999991416931 -1.88999998569489 -1.80999994277954 -1.72000002827531 -1.5 -1.32000005245209 -1.0900000333786 -0.97000002861023 -0.759999990463257 -0.370000004768372 -0.28999999165535 -0.330000013113022 -0.5 -0.600000023841858 -0.639999985694885 -0.910000026226044 -1.12999999523163 -1.1599999666214 -1.1599999666214 -1.21000003814697 -1.12000000476837 -1.23999999278912 -1.30000057813418 -1.5 -0.730000019073486 -0.389999985694885 0.150000005960464 0.509999990463257
0.300000011920929 0.270000010728856 0.189999997615814 0.180000007152557 -0.0199999995529652 -0.300000011921325 -0.589999973773956 -0.699999988079071 -1.14999997615814 -1.4099999666214 -1.75 -2.07999992370606 -2.41000008583069 -2.47000002861023 -2.47000002861023 -2.65000009536743 -2.74000000957833 -2.66000008583069 -2.26999998092651 -2.01999998092651 -1.88999998569488 -1.73000001907349 -1.47000002861023 -1.16999995879755 -1.12000000476837 -0.959999978542328 -0.419999986886978 -0.209999993514415 -0.430000007152557 -0.629999995231628 -0.649999976158142 -0.639999985694885 -0.870000004768372 -1.07000005245209 -1.16999995395148 -1.20000004768372 -1.37999999523163 -1.42999994754791 -1.55000002563219 -2.00999999046326 -1.49000000953674 -0.650000219146067 -0.300000011920929 0.209999993443489 0.509999990463257
-0.769999980926514 -0.189999997615814 -0.270000010728836 -0.740000009536743 -0.689999997615814 -0.75 -0.910000026226044 -0.970000028610229 -1.49000000953674 -1.77999997138977 -2.01999998092651 -2.25999999046326 -2.59999990463257 -2.75 -2.85999989509583 -2.88000011444092 -2.97000002861023 -2.85999989509583 -2.76999998092651 -2.40000009536743 -2.15000009536743 -1.87000000476837 -1.62000000476837 -1.48000001873208 -1.27999997138977 -1.13999998569489 -0.720000028610229 -0.409999996423721 -0.509999990463257 -0.670000016689301 -0.689999997740821 -0.660000026226044 -0.819999992847443 -1 -1.07000005245209 -1.1599999666214 -1.41999995708466 -1.52999987713647 -1.41999995708466 -1.49000000953674 -1.0900000333786 -0.740000009536743 -0.0399999991059303 0.370000004768372 0.539999951584029
-0.779999971389771 -0.810000002384186 -0.810000002384186 -0.759999990463257 -0.629999995231628 -0.910000026226044 -1.01999998092651 -1.23000001907349 -1.77999997138977 -1.94000005722046 -2.40000009536743 -2.48000001907349 -2.56999993329167 -2.96000003814697 -3.02999997138977 -3.08999991416931 -3.13000011444092 -2.88000011444092 -2.94000005722046 -2.44000005722046 -2.23000002130586 -2.07999992370605 -1.71000003814697 -1.57000005245209 -1.54999995231628 -1.4099999666214 -1.08000004291534 -0.759999990463257 -0.46000000834465 -0.680000007152557 -0.689999997615814 -0.670000016689301 -0.759999990463257 -0.930000007152557 -1 -1.0900000333786 -1.29999995231628 -1.19000005722046 -1.11000001430511 -1.02999997138977 -0.670000117063895 -0.360000014305115 0.28999999165535 0.519999980926514 0.569999992847443
-1.28999996185303 -0.949999988079071 -0.949999988079071 -1.03999996185303 -0.920000016689301 -1.01999998092651 -1.10000002384186 -1.49000000953674 -1.92999994754791 -2.1800000667572 -2.67000007629395 -2.73000001907349 -2.74000000956118 -2.99000000953674 -3.11999988555908 -3.24000000953674 -3.24000000953674 -3.20000004768372 -3.02999997138977 -2.84999990423621 -2.5 -2.08999991416931 -1.8400000333786 -1.76999998092651 -1.87000000476837 -1.82000005245209 -1.74000000872227 -1.13999998569489 -0.610000014305115 -0.610000014305115 -0.629999995231628 -0.610000014305115 -0.670000016689301 -0.75 -0.910000026226044 -0.990000009536743 -0.930000007152557 -0.939999997615814 -0.810000002384186 -0.660000026226044 -0.550000011920929 -0.119999997317791 0.25 0.529999918465795 0.550000011920929
-1.37999999523163 -1.35000002384186 -1.10000002384186 -1.26999998092651 -1.17999994754791 -1.1599999666214 -1.19000005722046 -1.98000001907349 -2.13000011444092 -2.32999992370605 -2.73000001907349 -2.85999989509583 -2.83999991416931 -3.11999988555908 -3.17000007629394 -3.26999998092651 -3.26999998067494 -3.04999995231628 -3.21000003814697 -3.02999997138977 -2.58999991416931 -2.25 -2.13000011444092 -2.08999991416931 -1.97000002861023 -1.73000001907349 -1.51999998092651 -1.02999997138977 -0.649999976158142 -0.490000009776745 -0.479999989271164 -0.529999971389771 -0.589999973773956 -0.699999988079071 -0.860000014305115 -0.779999971389771 -0.699999988079071 -0.709999978542328 -0.569999992847443 -0.400000005960465 -0.28999999165535 -0.0299999993294477 0.230000004172325 0.330000013113022 0.46000000834465
-1.48000001907423 -1.42999994754791 -1.37999999523163 -1.37999999523163 -1.26999998092651 -1.29999995231611 -1.26999998092651 -2.15000009536743 -2.06999993324631 -2.50999999046326 -2.8199999332428 -2.96000003814697 -2.94000005722046 -3.28999996168502 -3.23000001905025 -3.20000004766802 -3.13000011444092 -2.9300000667572 -2.92000007629394 -2.99000000953674 -2.48000001907349 -2.48000001907349 -2.58999991357308 -2.25 -1.94000005722046 -1.4099999666214 -1.17999994754791 -0.889999985694885 -0.600000023841858 -0.540000021457672 -0.469999998807907 -0.430000007152557 -0.479999988710438 -0.54999996207864 -0.529999971389771 -0.649999976158142 -0.639999985694885 -0.529999971389771 -0.400000005960464 -0.330000013113022 -0.140000000596046 0.0299999993294477 0.189999951341795 0.230000004172325 0.330000013113022
-1.79999995231628 -1.51999998092651 -1.41999995708466 -1.35000002384186 -1.26999998092712 -1.2999999523174 -1.36000001430907 -2.29999995231628 -2.38000011443891 -2.61999988555908 -2.91000008582375 -3.00999999054605 -3.26999998092651 -3.40000009536743 -3.04999995231628 -2.98000001907349 -2.94000005722046 -2.8199999332428 -2.77999997138977 -2.75999999046326 -2.46000003814697 -2.65000009536743 -2.6800000667572 -2.27999997138977 -1.88999998569489 -1.53999997541977 -1.29999995231628 -0.949999988079071 -0.620000004768372 -0.629999995231628 -0.540000021457672 -0.439999997615814 -0.400000016913654 -0.449999988079071 -0.360000014305115 -0.430000000097159 -0.469999998807907 -0.370000004768372 -0.270000010728836 -0.239999994635582 -0.0700000002980232 0.0799999982118607 0.109999999403954 0.180000007152557 0.259999990463257
-2.21000003814697 -1.92999994754791 -1.75999999046326 -1.67999994754791 -1.64999997615814 -1.6599999666214 -1.62000000476837 -2.10999989511324 -2.60999989510133 -2.90000009536743 -3.16000008583069 -3.21000003814697 -3.22000002861023 -3.24000000953674 -3.20000004768372 -3.00999999046326 -3 -2.73000001907349 -2.72000002902451 -2.80999994277954 -2.5699999332428 -2.69000005722046 -2.76999998092651 -2.19000005722046 -1.6599999666214 -1.51999998092651 -1.25 -0.970000028610229 -0.680000007152557 -0.740000009536743 -0.610000014305115 -0.449999992567862 -0.400000005960464 -0.409999996423721 -0.349999994039536 -0.28999999165535 -0.219999998807907 -0.219999998807907 -0.209999993443489 -0.119999997317791 -0.0500000007450581 0.119999997317791 0.159999996423721 0.180000007152557 0.140000130606726
-2.47000002861023 -2.14000010490417 -2.00999999046326 -1.98000001907349 -1.95000004768372 -1.77999997138977 -1.83000004291534 -2.64000010490417 -2.75 -2.96000003814697 -3.13000011444092 -3.26999998092651 -3.27999997138977 -3.30999994277954 -3.25 -3.15000009536743 -2.79999995231628 -2.73000001907349 -2.75999999071661 -2.85999989509583 -2.72000002861023 -2.57999992370605 -2.64000010490417 -2.13000011444092 -1.8400000333786 -1.47000002861023 -0.949999988079071 -0.790000021457672 -0.689999997615814 -0.759999990463257 -0.649999974329236 -0.469999999746599 -0.370000004768372 -0.28999999165535 -0.280000001192093 -0.25 -0.119999997317791 -0.0199999995529652 -0.0599999986588955 -0.0500000007450581 0.0199999995529652 0.0500000007450581 0.100000001490116 0.189999920629202 0.169999972548306
-2.89000010490417 -2.44000005722046 -2.39000010490417 -2.33999991416931 -2.09999990463257 -1.85000002384186 -1.87999999523163 -2.71000003814697 -2.83999991416931 -3.02999997138977 -3.07999992370606 -3.13000011445176 -3.26999998092651 -3.3199999332428 -3.25 -3.17000007629395 -3.08999991416931 -2.83999991416931 -2.72000002861023 -2.75 -2.6800000667572 -2.51999998025171 -2.28999996185303 -2.04999995231628 -1.44000005722046 -1.20000004768372 -1.00999999046326 -1.01999998092651 -1.13999998569489 -0.830000002565071 -0.610000014305115 -0.540000021457672 -0.340000003576279 -0.219999998807907 -0.119999997317791 -0.119999997317791 0.00999999977648258 0.139999994521868 0.140000000596046 0.0399999991059303 0.109999999403954 0.109999999403954 0.119999997317791 0.0599999986588955 0.0799999982118607
-3.02999997138977 -2.97000002861023 -2.6800000667572 -2.51999998092651 -2.5 -2.48000001907349 -2.49000000953674 -2.72000002861023 -2.76999998092651 -2.98000001907349 -3.0699999332428 -3.02999997139884 -3.15000009536743 -3.25 -3.20000004768372 -3.1800000667572 -3.13000011444092 -2.85999989509583 -2.78999996185303 -2.79999995231628 -2.72000002861023 -2.60999989509583 -2.48000001907349 -2 -1.64999997556708 -1.5900000333786 -1.47000002861023 -1.24999999614638 -1.10000002384186 -1.03999996185303 -0.779999971389771 -0.689999997615814 -0.509999990463257 -0.159999996423721 -0.0500000007450581 0.100000001490116 0.159999996423721 0.25 0.280000001192093 0.180000007152557 0.189999997615814 0.109999999403954 0.119999997317791 0.0500000301001265 0.0199999995529652
