SnowAccumulation_R/test/tmin/final_tmin_18_04_2009.asc
NCOLS 97 
NROWS 69 
XLLCORNER 52512.810182332 
YLLCORNER 5316225.2758522 
CELLSIZE 10000 
NODATA_value -9999 
[rows 40 to 59 of 69, columns 46 to 91 of 97]
1.60000002384186 1.62000000476837 1.5900000333786 1.17999994754791 1.12999999523163 1.05999994277954 3.73000001907349 3.76999998092651 3.72000002861023 3.61999988555908 3.55999994277954 3.23000001907349 2.80999994277954 2.6400001048123 2.33999991416931 2.01999998092651 1.76999998092651 1.51999998092651 1.02999997138977 0.540000021457672 0.340000003576279 0.0900000035762787 0.00999999977648258 -0.0500000007450581 -0.170000001788139 -0.399999993743374 -0.400000007111707 -0.709999978542328 -0.800000011920929 -1.04999995180634 -1.25 -1.52999997138977 -1.69000005722046 -1.75999999046326 -2.02999997138977 -2.22000002861023 -2.29999995231628 -2.16000008583069 -1.57000005245209 -1.23000001907349 -0.839999973773956 -0.109999999403954 0.259999990463257 0.860000014305115 0.800000011920929 0.589999973773956
1.54999995231628 1.53999996185303 1.57000005245209 1.27999997138977 1.25999999046326 0.910000026226044 3.77999997138977 3.80999994277954 3.71000003814697 3.6800000667572 3.58999991416931 3.20000004768372 2.78999996185303 2.6199998854502 2.25999999046326 2.00999999046326 1.6599999666214 1.37999999523163 0.97000002861023 0.610000014305115 0.449999988079071 0.119999997317791 -0.0599999986588955 -0.259999990463257 -0.28999999165535 -0.389999985694885 -0.439999997615814 -0.759999990463257 -0.870000004768372 -0.980000019073486 -1.29999995231628 -1.77999997138977 -1.99000000953674 -2 -2.50999999046326 -2.61999988457451 -2.71000003814697 -2.71000003814697 -1.91000007823323 -1.69000005722046 -0.920000016689301 -0.230000004172325 0.0900000035762787 0.600000023841858 0.75 0.699999988079071
1.58000004291534 1.57000005245209 1.62000000476837 1.27999997138977 1.10000002384186 1.1599999666214 3.69000005722046 3.61999988555908 3.63000011444092 3.5699999332428 3.58999991416931 3.1800000667572 2.8199999332428 2.61999988555908 2.3199999332428 1.89999997615814 1.7400000093653 1.36000001430511 1.00999999046326 0.670000019453256 0.529999971389771 0.0500000007450581 0.0299999916613332 -0.209999993443489 -0.300000011920929 -0.709999978542328 -0.769999980926514 -0.870000004768372 -1.05999994277954 -1.12999999523163 -1.32000005245209 -1.79999995231628 -2 -2.29999995231628 -2.70000004768372 -2.88000011444092 -3.02999997138977 -3.07999992370606 -2.5 -1.73000001907349 -0.97000002861023 -0.629999995231628 -0.0399999991059303 0.430000007152557 0.600000023841858 0.740000009536743
1.55999994277954 1.54999995231628 1.3400000333786 1.29999995231628 1.08000004291534 1.02999997138977 3.96000003814697 3.84999990463257 3.66000008583069 3.46000003814697 3.41000008583069 3.1800000667572 2.8199999332428 2.63000011444092 2.26999998092651 1.88999998569489 1.64999997615814 1.44000005722046 1 0.870000004185713 0.389999980584719 -0.0199999995529652 -0.259999990798632 -0.389999985694885 -0.629999995231628 -0.629999995231628 -0.720000028610229 -0.910000026226044 -1.12999999523163 -1.25999999046326 -1.38999998569489 -1.70000004768372 -1.91999995708466 -2.23000001907349 -2.55999994277954 -2.73000001907349 -3 -2.59999990463257 -2.47000002861023 -1.75 -1.02999997138977 -0.689999997615814 -0.0900000035762787 0.349999994039535 0.540000021457672 0.810000002384186
1.57000005245209 1.48000001907349 1.33000004291534 0.949999988079071 0.689999997615814 0.610000014305115 4.01999998092651 3.99000000953674 3.84999990463257 3.66000008583069 3.53999996185303 3.19000005722046 2.76999998092651 2.5699999332428 2.17000007629395 1.73000001907349 1.52999997138977 1.33000004291534 0.899999976158142 0.660000021148473 0.219999998807907 -0.310000002384186 -0.479999989271164 -0.730000019073486 -0.610000014305115 -0.660000026226044 -0.720000028610229 -0.800000011920929 -0.910000026617479 -1.25999999046326 -1.44000005722046 -1.53999996185303 -1.74000000953674 -2.02999997138977 -2.1800000667572 -2.46000003814697 -2.4300001083679 -2.52999997306564 -2.49000000953674 -1.79999995231628 -1.13000018573926 -0.769999980926514 -0.159999996423721 0.339999817041508 0.540000021457672 0.899999976158142
1.55999994277954 1.50999999046326 1.14999997615814 0.970000028610229 0.610000014305115 0.439999997615814 4.23999977111816 4.1100001335144 3.92000007629395 3.63000011444092 3.39000010490417 3.13000011444092 2.66000008583069 2.4300000667572 2.00999999046326 1.62000000476837 1.41999995573135 0.999999995815288 0.550000011920929 0.479999989271164 0.0399999991059303 -0.360000014305115 -0.509999990463257 -0.639999985694885 -0.829999983310699 -0.870000004768371 -1.03999996185303 -0.819999992847443 -0.889999985694885 -1.12000000476837 -1.3400000333786 -1.45000004768372 -1.83000004291534 -1.99000000953674 -2.02999997138977 -2.0799999371036 -2.21000003814697 -2.29999995231628 -2.26999998092651 -2.08999991416931 -2.00999999046326 -0.959999978542328 -0.360000014305115 -0.0500000007450581 0.540000021457672 0.990000009536743
1.5900000333786 1.51999998092651 1.20000004768372 0.800000011920929 0.649999976158142 0.349999994039536 4.30999994277365 3.90000009536743 3.76999998092651 3.57999992370606 3.29999995231628 2.92000007629395 2.57999992370606 2.40000009536743 1.71000003755279 0.75 0.639999985694885 0.629999995231628 0.449999988079071 0.300000011920929 -0.0700000002980232 -0.360000014305115 -0.46000000834465 -0.509999990463257 -0.379999995231628 -0.490000009536743 -0.779999971389771 -0.829999983310699 -0.959999978542328 -1.13999998569489 -1.3400000333786 -1.45000004768372 -1.80999994277954 -1.86000001430511 -1.75 -1.92999994754791 -1.92999994754791 -2.01999998092651 -2.20000004768372 -2.05999994277954 -1.82000005245209 -1.3400000333786 -0.490000009536743 -0.25 0.400000005960465 1.05999955692057
1.37999999523163 1.25 1.12999999523163 0.759999990463257 0.5 0.219999998807907 4.01000022887128 3.42000007629394 3.53999996185303 3.58999991414172 3.1800000667572 2.77999997071649 2.61999988460387 1.28999996185303 0.389999985694885 0.439999997921567 0.769999980926514 0.430000007152557 0.170000001788139 0.0799999982118607 -0.200000002980232 -0.180000007152557 -0.230000004172325 -0.280000001192093 -0.28999999165535 -0.439999997615814 -0.6700000166893 -1.01999998092651 -1.1599999666214 -1.19000005722046 -1.28999996164034 -1.38999998569489 -1.63999998569489 -1.58000004291534 -1.62000000476837 -1.69000005722046 -1.75 -1.87000000476837 -1.87999999523163 -1.87000000476837 -1.78999996185303 -1.51999998092651 -1.27999997138977 -0.379999995231628 0.25 0.589999750264067
1.23000001907349 1.17999994754791 1.03999996185303 0.649999976158142 0.319999992847443 0.0700000002980232 3.07999992369767 2.6800000667572 3.00999999031199 3.18000006636058 1.01999998092651 0.0399999991059303 0.319999992782669 -0.0299999993294477 0.0700000002980232 0.219999999180069 0.819999992847443 0.439999997615814 0.259999990150513 0.209999993443489 0.0399999991059303 0.0599999987901683 0.0399999991059303 -0.150000005960464 -0.230000005187746 -0.550000011920929 -0.839999973773956 -1.00999999046326 -1.19000005722046 -1.26999998092651 -1.25 -1.41999995708466 -1.53999996185303 -1.54999995231628 -1.51999998092651 -1.54999995231628 -1.54999995231628 -1.75999999046326 -1.80999994277954 -1.77999997138977 -1.74000000953674 -1.52999997138977 -1.30999994277954 -0.899999976158142 0.199999651391985 0.370000004768372
1.04999995231628 1.02999997138977 0.920000016689301 0.239999994635582 -0.100000001490116 -0.330000013113022 -0.300000011920929 0.219999998807907 0.379999995231628 -0.829999983310699 -1.5900000333786 -1.32000005245209 -0.930000007152557 -0.469999998807907 -0.180000007152557 0.0500000007450581 0.810000002384186 0.360000014305115 0.319999992847443 0.219999998807907 0.230000004172325 0.0299999993294477 0 -0.200000002980232 -0.379999995231628 -0.579999983310699 -0.800000011920929 -0.949999988079071 -1.07000005245209 -1.20000004768372 -1.24000001335884 -1.45000004768372 -1.52999997138977 -1.60000002384186 -1.54999995231628 -1.52999997138977 -1.52999997138977 -1.75999999046326 -1.98000000195528 -1.97000002861023 -1.6599999666214 -1.43000001260877 -1.26999998092651 -0.769999980926514 -0.519999980926514 0.189999997615814
0.839999973773956 0.649999976158142 0.689999997615814 0.370000004768372 -0.230000004172325 -0.540000021457672 -1.0900000333786 -1.10000002384186 -1.20000004768372 -1.79999995231628 -1.28999996185303 -0.990000009536743 -0.670000016689301 -0.319999992847443 -0.109999999403954 0.600000023841858 0.720000028610229 0.259999990463257 0.0900000035762787 0.0599999986588955 0.0799999982118607 0.0299999993294477 -0.439999997615814 -0.379999995231628 -0.550000011920929 -0.660000026226044 -0.800000011920929 -0.850000023841858 -1.12000000476837 -1.19000006500829 -1.3400000333786 -1.42999994754791 -1.55999994215113 -1.61000001430511 -1.64999997615814 -1.67999994754791 -1.73000001907349 -1.78999996185303 -1.99000000953674 -1.91999995708466 -1.62000000476837 -1.54999995231628 -1.22000002861023 -0.9200000166893 -0.629999995231628 0
0.610000014305115 0.479999989271164 0.540000021457672 0.239999994635582 -0.810000002384186 -1.12000000476837 -1.30999994277954 -0.839999973773956 -0.400000005960465 -0.759999990463257 -0.330000013113022 0.0399999991059303 -0.300000011920929 0.150000005960464 0.819999992847443 0.810000002384186 0.469999998807907 -0.0700000002980232 -0.0399999991059303 -0.180000007152557 -0.00999999977648258 -0.209999993443489 -0.769999980926514 -0.709999978542328 -0.589999973773956 -0.769999980926514 -0.899999976158142 -1.00999999046326 -1.29999994727001 -1.25999999085553 -1.46000003814697 -1.5900000333786 -1.52999997138977 -1.61000001430511 -1.67999994754791 -1.78999996185303 -1.79999995231628 -1.77999997138977 -1.8400000333786 -1.87999999523163 -1.51999998092651 -1.41999995708466 -1.20000004768372 -0.870000132029596 -0.639999985694885 -0.180000007152557
0.180000007152557 0.230000004172325 -0.490000009536743 -0.319999992847443 -0.189999997615814 -0.189999997615814 -0.379999995231628 -0.0799999982118607 0.280000001192093 0.310000002384186 0.379999995231628 0.569999992847443 0.639999985694885 0.569999992847443 0.9200000166893 0.930000007152557 0.379999995231628 -0.0799999982118607 0.0500000007450581 -0.0299999993294477 -0.200000002980232 -0.330000013113022 -0.469999998807907 -0.649999977441438 -0.839999973773956 -0.959999978542328 -1.04999995231628 -1.45000004768372 -1.38999998569489 -1.45000004768372 -1.62000000476837 -1.82000005245209 -1.74000000953674 -1.75 -1.89999997615814 -1.91999995708466 -2.21000003814697 -2.25999999669293 -2.10999989509583 -1.82000005245209 -1.67999994754791 -1.46000009345607 -1.38999998569489 -1.21000003814697 -0.709999978542328 -0.349999994039536
0.800000011920929 0.140000000596046 -0.0900000035762787 -0.150000005960464 0.150000005960464 0.319999992847443 0.300000011920929 0.400000005960465 0.639999985694885 0.790000021457672 0.810000002384186 0.899999976158142 0.870000004768372 0.600000023841858 0.8299999833107 0.870000004768372 0.519999980926514 0.300000011518283 0.129999995231628 0.100000001490116 0.0599999986210722 0.0199999995529652 -0.25 -0.46000000834465 -1.25 -1.42999995015069 -1.75 -1.74000000953674 -1.8400000333786 -1.9099999666214 -2.09999990463257 -2.20000004768372 -2.07999992370605 -2.01999998092651 -1.78999996410329 -1.87000000476837 -2.13000011444092 -2.42000007629395 -2.41000008583069 -2.01999998092651 -1.84000052548867 -1.80999994277954 -1.13999998569489 -1.01999998092651 -0.740000009536743 -0.320000193690171
1.05999994277954 0.370000004768372 0.379999995231628 0.340000003576279 0.400000005960464 0.709999978542328 0.569999992847443 0.699999988079071 0.839999973773956 1 0.930000007152557 1.04999995231628 1.00999999046326 0.889999985694885 0.850000023841858 0.860000014305115 0.430000007152557 0.239999994385606 0.00999999977648258 -0.0599999986588955 -0.0500000007450581 -0.0500000007450581 -0.0299999993294477 -0.310000002384186 -0.730000019073486 -1.25999999046326 -1.73000001907349 -2.10999989509583 -2.09999990463257 -2.24000000953674 -2.27999997138977 -2.1800000667572 -2.17000007629394 -1.94000005722046 -1.87000000476837 -1.75999999046326 -2.11999988555908 -2.38000011444092 -2.65000009536743 -2.54999996038661 -2.30999994277954 -1.78999996185303 -1.23000019238527 -0.850000023841858 -0.550000011920929 -0.340000003576279
1.17999994754791 0.769999980926514 0.660000026226044 0.810000002384186 0.910000026226044 0.970000028610229 1.07000005245209 1.04999995231628 1.00999999046326 1.20000004768372 1.01999998092651 0.709999978542328 0.970000028610229 1.14999997615814 1.10000002374428 0.860000014305115 0.560000002384186 0.379999995231628 0.0700000002980232 0.0199999995529652 0 -0.180000007152557 0.0499999976323451 -0.119999997317791 -0.370000004768372 -1.19000005722046 -1.78999996185303 -1.95000004768372 -2.0599999426296 -1.97000002861023 -2.04999995231628 -1.97000002861023 -1.91999995708466 -1.99000000953674 -1.79999995231628 -1.78999996185303 -2.11999988555908 -2.33999991416931 -2.82999956705357 -2 -1.98000001907349 -1.52999997138977 -1.45000004768372 -0.899999976158142 -0.649999976158142 -0.400000005960464
1.32000005245209 1.13999998569489 1.1599999666214 1.16999995708466 1.35000002384186 1.29999995231628 1.30999994277954 1.37999999523163 1.20000004768372 1.16999995708466 1.33000004291534 1.2100000381359 1.13999998569489 1.01999998092651 0.870000004768372 0.759999990463257 0.469999998807907 0.370000004768372 0.180000007152557 0.159999996423721 0.119999998407019 0.0700000002980232 0.129999995231628 0.0399999991059303 -0.430000007152557 -0.600000026389491 -1.50999999046326 -1.73000001907349 -1.73000001907349 -1.73000001907349 -1.79999995231628 -1.9099999666214 -1.8400000333786 -1.98000001734649 -1.88999998569489 -1.74000000953674 -1.85000002384186 -2.08999891374418 -0.0399999991059303 -0.185000002384186 -0.067500002682209 0.224999994039536 0.0625000074505806 0.0175000093877315 0.23999999095165 0.28999999165535
1.22000002861023 1.5 1.57000005245209 1.52999997138977 1.54999995231628 1.50999999046326 1.44000005722046 1.57000005245209 1.47000002861023 1.35000002384186 1.41999995708466 1.33000004291534 1.3400000333786 0.660000026226044 0.579999983310699 0.509999990463257 0.28999999165535 0.200000002980232 0.129999976011413 -1.7150000333786 -1.76499998569489 -1.83749997615814 -1.66999995698716 -1.70500004291534 -1.62750005722046 -1.36000001430511 -0.897499978542328 -1.16250002384186 -0.742500007152557 -0.832499980926514 -1 -0.97000002861023 -1.04250001907349 -1.07749998569489 -0.332500010728836 -0.297500014305115 -0.277499998676805 -0.337500005960464 -0.202500000596046 -0.230000004172325 0.122500002384186 0.342500001192093 0.242500007152557 0.0224999692291021 0.257499992847443 0.349999994039536
-2.32500004768372 -2.40000009536743 -1.99249994754791 -2.29999995231628 -2.68249988555908 -2.80749988555908 -2.78999996185303 -2.99499988555908 -2.78749990463012 -2.79250001907349 -2.64000010490417 -2.69000005722046 -2.33249998092651 -2.54999995231628 -2.57750010490417 -2.31500005722046 -2.09750008606664 -2.01999998092651 -1.75 -1.71500003339431 -1.74500000476837 -1.71749997138977 -1.75250005722046 -1.64999997615814 -1.50499999523163 -1.16999995708466 -0.790000021457672 -0.582499980926514 -0.0725000128149986 -0.317499995231628 -0.702499987433116 -0.982500016689301 -1 -0.949999988079071 -0.639999985694885 -0.167500116342932 -0.212500005960465 -0.1875 -0.257499992847443 -0.152500003576279 0.529999971389771 0.577499985694885 0.3125 -0.182500004768372 -0.0199999995529652 0.117499999701977
-2.00250005722046 -1.89999997615814 -2.1875 -2.26500010490417 -2.48000001907349 -2.78500008583069 -3.07750010490417 -2.97000002861023 -2.96000003813191 -2.58249998092651 -2.38499999046326 -2.375 -2.29250001907349 -2.5999999045169 -2.62500000050077 -2.3125 -2.08750009536743 -1.98000001907349 -1.74500000476837 -1.71249997615814 -1.76999998092651 -1.79750001430511 -1.64250004291534 -1.53999996185303 -1.44749999046326 -1.25499999523163 -0.667500019073486 -0.447499988135533 0.262499988079071 -0.362500011920929 -0.735000014305115 -1.02999997138977 -1.32000005245209 -1.21000003814697 -0.727500108408281 -0.390000098715652 -0.3125 -0.0649999976158142 -0.197500005364418 -0.165000006556511 0.597500026226044 0.720000028610229 0.504999995231628 0.649999976158142 0.442499995231628 0.305000007152557
