SnowAccumulation_R/test/tmin/final_tmin_25_04_2009.asc
NCOLS 97 
NROWS 69 
XLLCORNER 52512.810182332 
YLLCORNER 5316225.2758522 
CELLSIZE 10000 
NODATA_value -9999 
[rows 0 to 19 of 69, columns 0 to 44 of 97]
-9999.000000000000000 -9999 -9999 -9999 -9999 -9999 -9999 -9999 -9999 -9999 -9999 -9999 -9999 -9999 -9999 -9999 -9999 -9999 -9999 -9999 -9999 -9999 -9999 -9999 -9999 -9999 -9999 -9999 -9999 -9999 -9999 -9999 -9999 -9999 -9999 -9999 -9999 -9999 -9999 -9999 -9999 -9999 -9999 -9999 -9999
-9999 -9999 -9999 -9999 -9999 -3.08999991416931 -4.57000017166138 -4.98000001907349 -5.44000005722046 -4.67999982833862 -4.78999996185303 -4.30999994277954 -3.63999997057995 -2.30999994277954 -2.84999990463257 -2.6800000667572 -1.89999997615814 -1.60000002384186 -1.55999994254221 -9999 -9999 -9999 -9999 -9999 -9999 -9999 -9999 -9999 -9999 -9999 -9999 -9999 -9999 -9999 -9999 -9999 -9999 -9999 -9999 -9999 -9999 -9999 -9999 -9999 -9999
-9999 -9999 -9999 -9999 -9999 -4.46999979019165 -5.11999988555908 -5.09999990463257 -4.90999984741211 -4.01999998092651 -3.91000008583069 -2.76999998092651 -2.22000002861023 -2.44000007932979 -2.99000000953674 -2.24000000953674 -1.86000001430511 -1.71000003814697 -1.58000004291534 -1.53999997046101 -1.72000002861023 -1.87999999523163 -2.22000002861023 -2.57999992370605 -2.78999996185303 -3.16000008583069 -3.26999998092651 -3.08999991416931 -2.96000003814697 -2.96000003814697 -3.02999997138977 -3.22000002861023 -3.44000005722046 -3.59999990463257 -3.8199999332428 -4.01999998092651 -4.21000003814697 -4.57999992370605 -5.03999996185303 -5.32999992370605 -5.63000011444092 -5.88999986648558 -5.98999977111816 -6.34000015258789 -6.53000020980835
-9999 -9999 -9999 -9999 -9999 -3.50999999046326 -3.32999992370605 -3.97000002861023 -3.9899998848477 -3.00999999046326 -2.95000004768372 -3.15000009536743 -2.48000001907349 -2.91000008583069 -3.04999995231628 -2.65000009536743 -2.3199999332428 -2.13000011444092 -1.76999998092651 -1.87999999533454 -1.96000003814697 -1.92999994754791 -2.17000007629395 -2.46000003814697 -2.72000002838334 -2.77999997138977 -2.92000007629394 -2.88000011444092 -2.85999989509583 -2.70000004768372 -2.75999999046326 -2.90000009536743 -3.15000009536743 -3.4300000667572 -3.72000002861023 -3.90000009536743 -4 -4.38000011444092 -4.88000011444092 -5.21999979019165 -5.55999994277954 -5.92999982833841 -6.17999982833862 -6.46999979019165 -6.61999988555908
-9999 -9999 -9999 -9999 -9999 -2.75999999046326 -2.83999991416931 -3.01999974401748 -2.98000001907349 -2.94000002003091 -2.65000009536743 -2.70000004768372 -2.73000001907349 -2.66000008583069 -2.57999992218851 -2.42000007629395 -2.46000003814697 -2.30999994277954 -1.87000000476837 -1.97000002861023 -1.98000001907349 -1.91999995708466 -2.21000003107181 -2.33999991416931 -2.48000001907349 -2.51999998092651 -2.66000008583069 -2.65000009536743 -2.58999991416931 -2.55999994277954 -2.54999995230745 -2.71000003814697 -3.0699999332428 -3.29999995231628 -3.64000010490417 -3.84999990463257 -3.97000002861023 -4.23000001907349 -4.75 -5.05999994277954 -5.40000009536743 -5.96999979019165 -6.21999979019165 -6.48999977111816 -6.76999998092651
-9999 -9999 -9999 -9999 -9999 -2.26999998092651 -2.38000011444092 -2.44000005722046 -2.71999982297655 -2.52999997138977 -2.94000005722046 -3.09999990463257 -3.09999990463257 -2.92000007629394 -2.64000010490417 -2.44000005722046 -2.25 -2.05999994277954 -1.92999994754791 -1.85000002384186 -1.88999998569489 -2.00999999046326 -2.10999989509583 -2.1800000667572 -2.33999991416931 -2.40000009535231 -2.4300000667572 -2.44000005722046 -2.41000008583069 -2.38000011444092 -2.45000004768372 -2.69000005722046 -3.09999990463257 -3.27999997138977 -3.5699999332428 -3.85999989509583 -4.09000015258471 -4.21000003814697 -4.6100001335144 -5 -5.57000017166138 -6.25 -6.5 -6.80000019073486 -7.07000017166138
-9999 -9999 -9999 -9999 -9999 -2.36999988555908 -2.46000003814697 -2.35999989509583 -2.82999992370605 -2.95000024966672 -3.46000003814697 -3.59999990463257 -3.6800000667572 -3.41000008583069 -3.0699999332428 -2.75999999046326 -2.60999989509583 -2.36999988555908 -1.94000005722046 -1.99000000953674 -1.86000001429679 -1.87000000476837 -1.96000003814697 -2.05999994277954 -2.26999998092651 -2.44000005947319 -2.4300000667572 -2.35999989509583 -2.3199999332428 -2.27999997138977 -2.69000005722046 -2.85999989509583 -3.17000007629394 -3.40000009536743 -3.55999994277954 -3.8199999332428 -4.09000015258409 -4.23000001907349 -4.6100001335144 -5.07999992370605 -5.69999980926514 -6.23000001907349 -6.61999988555908 -7.17000007629395 -7.40999984741211
-9999 -9999 -9999 -9999 -9999 -2.32999992370606 -2.30999998657268 -2.48000001907349 -3.11999988555908 -3.75999999046326 -3.64000010998211 -3.96000007254177 -4.48999977111816 -4.21999979019165 -3.45000004768372 -2.92000007629394 -2.59999990409843 -2.38000011444092 -2.1800000667572 -2.01999998092651 -1.99000000953674 -1.95000004768372 -1.87999999523163 -2.10999989509583 -2.40000009536743 -2.82999992370606 -3.05999994277954 -2.55999994558031 -2.30999994277954 -2.69000005722046 -2.90000009536743 -3.20000004763953 -3.29999995231628 -3.55999994277954 -3.61999988555908 -3.84999990463257 -4.15999984740698 -4.32999992370605 -4.76000022888184 -5.26999998092651 -5.8600001335144 -6.5 -6.75 -7.55000019073486 -7.71000003814697
-9999 -9999 -9999 -9999 -9999 -2.4300000667572 -2.65000009536743 -2.49000000953674 -3.19000005722046 -3.52999997138977 -3.69000005722046 -4.03999989058267 -4.09999990463257 -3.91000008583069 -3.50999999046326 -2.91000008583069 -2.54999995231628 -2.30999994277954 -2.26999998092651 -2 -1.95000004768372 -1.9099999667312 -1.8400000333786 -2.16000008583069 -2.44000005722046 -2.94000005722046 -3.3199999330845 -3.30999994277954 -3.20000004768372 -3.00000000089537 -3.13000011444092 -3.30999994277954 -3.44000005722046 -3.52999997138977 -3.67000007629395 -3.98000001907349 -4.30999994277954 -4.44999980926514 -4.92999982833862 -5.42000007629395 -6.03000020980835 -6.73999977111816 -7.01999998092651 -7.53999996185303 -7.73999977111816
-9999 -9999 -9999 -9999 -9999 -2.80999994277954 -2.88000011444092 -2.90000009536743 -3.19000005722046 -3.58999991416931 -3.67000007629395 -3.71000003814697 -3.80999982731356 -3.46000003814697 -3.25 -2.97000002861023 -2.36999988555908 -2.32999992409209 -2.21000003814697 -2.14000010490417 -2.03999996185303 -2.02999997138977 -2.04999995231628 -2.16000008583069 -2.42000007629395 -2.92000007629394 -3.39000010490417 -3.5 -3.40000009536743 -3.35999989509583 -3.34999990463257 -3.40000009545032 -3.48000001915656 -3.53999996185303 -3.74000000953674 -4.1100001335144 -4.46000003814697 -4.63000011444092 -5.03999996185303 -5.51000022888184 -6.09000015258789 -6.73999977111816 -7.05000019073496 -7.36999988555908 -7.65999984741211
-9999 -9999 -9999 -9999 -9999 -4 -3.10999989509583 -3.28999996185303 -3.43000009933307 -3.60999989509583 -3.66000008583069 -3.49000000953674 -3.00999999046326 -3.18999994753743 -2.95000004768372 -2.79999995231628 -2.30999994277954 -2.32999992370605 -2.13000011444092 -2.25 -2.25999999046326 -1.99000000953674 -2.0499999521517 -2.19000005722046 -2.49000000953674 -2.89000010490417 -3.34999990463257 -3.47000002861023 -3.60999989509583 -3.50999999046326 -3.44000005722046 -3.5 -3.57999992370605 -3.65000009536743 -3.82999992375206 -4.26000022891082 -4.6399998664856 -4.80999994277954 -5.19000005722046 -5.57000017166138 -6.17999982833862 -6.80999994277954 -7.1100001335144 -7.53999996185303 -7.82999992370605
-9999 -9999 -9999 -9999 -4.65000009536743 -4.69000005722046 -4.11999988555908 -3.6800000667572 -3.80999994277954 -3.84999990463257 -3.77999997138977 -3.61999988555908 -2.98000001907349 -2.61999988555908 -2.70000001114791 -2.49000000953674 -2.29999995231628 -2.17000007629395 -2.0099999909797 -2.21000003814697 -2.05999994277954 -1.87999999523163 -2.23000001907349 -2.36999988555908 -2.61999988555908 -3.00999999046326 -3.39000010490417 -3.6500000952376 -3.71000003814697 -3.60999989509583 -3.5 -3.4300000667572 -3.51999998090502 -3.65000009536743 -4.07000017166138 -4.51000022888184 -4.98999977111816 -5.15999984741211 -5.38000011444655 -5.86999988556104 -6.36999988556015 -6.9699997901923 -7.30000019073514 -7.73000001907363 -8.01000022888184
-9999 -9999 -9999 -9999 -5.3600001335144 -4.92999982833862 -4.34000015258789 -3.90000009536743 -4.1100001335144 -3.92999990594513 -3.42000007629395 -3.09999990463257 -2.6800000667572 -2.3199999332428 -2.39000010490417 -2.76999991644862 -2.04999995231628 -1.99000000953674 -2.26999998092651 -2.24000000953674 -2.23000001907349 -2.02999997138977 -2.39000010490417 -2.52999997138977 -2.77999997138977 -3.13000011444092 -3.41000008583069 -3.73000001907349 -3.79999995231628 -3.59999990463257 -3.52999997138977 -3.47000002861023 -3.40000009536097 -3.66000008583069 -4.05999994277954 -4.57000017166138 -5.05999994277954 -5.53999996184924 -5.73999977111816 -6.23000001907349 -6.65999984741211 -7.07999992370605 -7.30000019073486 -7.65999984741211 -7.80999994277954
-9999 -9999 -9999 -9999 -5.55000019073486 -5.09000015258789 -4.57999992370605 -4.13000011444092 -3.54999995231628 -3.25 -3.25999999046326 -2.80999994277954 -2.39000010490417 -2.36999988555908 -2.25999999046326 -2.16000008583069 -2.09999990463257 -2.17000007629395 -2.3199999332428 -2.30999994277954 -2.32999993491592 -2.41000008583069 -2.25 -2.54999995231628 -2.84999990463257 -3.19000005722046 -3.39000010490417 -3.72000002861023 -3.85999989509583 -3.67000007629395 -3.53999996185303 -3.45000004768372 -3.53999996185303 -3.71000003814697 -4.07999992370605 -4.59000015258789 -5.11999988555908 -5.65999984740791 -5.8600001335144 -6.32000017166138 -6.71999979019165 -6.98999977111816 -7.19000005722061 -7.48999977111816 -7.76000022888184
-9999 -9999 -9999 -9999 -6.14000215919781 -4.84000015258789 -5.23000001907349 -5.1100001335144 -4.1100001335144 -3.0699999332428 -2.88000011444092 -2.75 -2.52999997138977 -2.46000003814697 -2.35999989509583 -2.46000003814697 -2.36999988555908 -2.60999989509582 -2.52999996763822 -2.72000002861023 -2.51999998092651 -2.41000008583069 -2.4300000667572 -2.67000007629395 -2.83999991416931 -3 -3.28999996185303 -3.65000009536743 -3.65000009536743 -3.66000008583069 -3.64000010490417 -3.60999989509583 -3.64000010490417 -3.75 -4.13000011444092 -4.61999988555908 -5.15999984741211 -5.73000001906906 -5.96999979019165 -6.30999994277954 -6.6399998664856 -6.82000017166138 -6.96000003814701 -7.21999979019165 -7.46000003814697
-9999 -9999 -9999 -9999 -7.65000009536743 -5.25000043042293 -5.59000015258789 -5.19000005722046 -4.46999979019165 -3.64000010490418 -3.05999994277954 -3.05999994277953 -2.6800000667572 -2.65000009536743 -2.52999997138977 -2.47000002861023 -2.46000003814697 -2.48000001907349 -2.58999991416931 -2.35999989509583 -2.51999998092651 -2.53999995648722 -2.53999996185303 -2.82999992324933 -2.82999992370605 -2.82999992370606 -3.17000007629395 -3.42000007629394 -3.52999997138977 -3.53999996185303 -3.74000000953674 -3.79999995231628 -4.01999998092651 -4.01000022888184 -4.21999979019165 -4.65999984741211 -5.19000005722046 -5.71000003814697 -5.92999982833862 -6.19000005722046 -6.38000011444092 -6.61999988555908 -6.8600001335144 -7.09999990463257 -7.46000003814697
-9999 -9999 -9999 -9999 -7.19999980926514 -8.39999961853027 -6.65999965246776 -5.93999988019473 -4.8600001335144 -4.38000011444092 -3.69000005722046 -3.38000011444092 -3.17000007629395 -2.85999989509583 -2.54999995231628 -2.5 -2.35999989509583 -2.33999991416931 -2.47000002861023 -2.58999991416931 -2.58999991416931 -2.42000007629395 -2.5999999046575 -2.82999992370605 -2.84999990459147 -2.74000000953674 -3.00999999046326 -3.16000008583069 -3.22000002861023 -3.52999997138977 -3.66000008583069 -3.83999991416931 -4.07999992370605 -4.36000013349745 -4.40999984741211 -4.78999996185303 -5.26000022888184 -5.65000009536743 -5.82999992370605 -6.15999984741211 -6.42000007629395 -6.55999994277954 -6.82999992370591 -7.05999994277954 -7.55999994277954
-9999 -9999 -9999 -9999 -7.92999982833862 -7.67000007629395 -8.02000045776367 -6.5099998190845 -5.05000019073486 -4.65999984741211 -4.3899998664856 -3.72000002861023 -3.53999994191825 -2.88000011444092 -2.64000010490417 -2.50999999046326 -2.5299999711194 -2.44000005722046 -2.78999996185303 -2.69000005722046 -2.73000001907349 -2.63000011497778 -2.54999994997017 -2.55999994277954 -2.54999995231628 -2.75999999046326 -2.88000011444092 -3.15000009536743 -3.25999999046326 -3.36999988555908 -3.86999988555908 -4.23000001907349 -4.28000020980835 -4.51000022888184 -4.6100001335144 -4.88000011444092 -5.28999996185303 -5.59000015258789 -5.78999996185303 -6.1100001335144 -6.34000015258789 -6.59999990463257 -6.90000009536739 -7.30000019073486 -7.73000001907349
-9999 -9999 -9999 -9999 -8.02000113589317 -8.52999973297119 -8.27999973297119 -5.84000015258789 -5.57000017166138 -4.32000017166138 -4.40999984741211 -3.50999999046326 -3.16000008583069 -2.97000002861023 -3.01999998092651 -2.53999996185303 -2.51999998092651 -2.56999993502103 -2.96000003820852 -2.60999989509583 -2.54999995245884 -2.5 -2.48000001907349 -2.49000000953674 -2.52999997138977 -2.60999989509582 -2.89000010490417 -2.94000005722046 -3.19000005722046 -3.30999994277954 -3.79999995231628 -4.03999996185303 -4.3600001335144 -4.3600001335144 -4.65999984741211 -5.01999998092651 -5.15000009536743 -5.44999980926514 -5.69999980926514 -6.1399998664856 -6.6399998664856 -6.90999984741211 -7.15000009536743 -7.61999988555908 -7.92000007629395
-9999 -9999 -9999 -9999 -8.52000045776367 -8.93000030517578 -8.27999973297119 -7.34000015258789 -4.82999992370605 -4.42000007629395 -4.28000020980835 -3.95000004768372 -3.77999997138977 -3.32999992370605 -2.76999998092651 -2.74000000953674 -2.59999990463257 -3.13000011444092 -2.86999988555908 -2.42000007629394 -2.19000005722046 -2.23000001907349 -2.08999991416931 -2.20000004594568 -2.46000003814697 -2.6800000667572 -2.83999991416931 -3.00999999046326 -2.94000005722046 -3.02999997138977 -3.74000000953674 -4.15000009536743 -4.36999988555908 -4.57000017166138 -4.69999980926514 -5.05000019073486 -5.13999986648559 -5.42000007629395 -5.69999980926514 -6.32999992370606 -7.05000019073486 -7.48000001907349 -7.65000009536743 -7.92999982833862 -8.1899995803833
