SnowAccumulation_R/test/tmin/final_tmin_07_04_2009.asc
NCOLS 97 
NROWS 69 
XLLCORNER 52512.810182332 
YLLCORNER 5316225.2758522 
CELLSIZE 10000 
NODATA_value -9999 
[rows 0 to 19 of 69, columns 0 to 44 of 97]
-9999.000000000000000 -9999 -9999 -9999 -9999 -9999 -9999 -9999 -9999 -9999 -9999 -9999 -9999 -9999 -9999 -9999 -9999 -9999 -9999 -9999 -9999 -9999 -9999 -9999 -9999 -9999 -9999 -9999 -9999 -9999 -9999 -9999 -9999 -9999 -9999 -9999 -9999 -9999 -9999 -9999 -9999 -9999 -9999 -9999 -9999
-9999 -9999 -9999 -9999 -9999 -3.57999992370606 -3.58999991416931 -3.61999988555908 -3.67000007629395 -2.92000007629394 -3 -2.75 -2.44000000630017 -1.87000000476837 -2.0699999332428 -2.03999996185303 -1.79999995231628 -1.5900000333786 -1.4500000466157 -9999 -9999 -9999 -9999 -9999 -9999 -9999 -9999 -9999 -9999 -9999 -9999 -9999 -9999 -9999 -9999 -9999 -9999 -9999 -9999 -9999 -9999 -9999 -9999 -9999 -9999
-9999 -9999 -9999 -9999 -9999 -5.17000007629395 -4.61999988555908 -4.01000022888184 -3.66000008583069 -2.99000000953674 -2.83999991416931 -2.38000011444092 -2.09999990463257 -2.10999989927868 -2.23000001907349 -2.03999996185303 -1.91999995708466 -1.74000000953674 -1.3400000333786 -1.07000005331288 -0.5799999833107 -0.0199999995529652 0.119999997317791 -0.170000001788139 -0.419999986886978 -0.980000019073486 -0.28999999165535 -0.129999995231628 0.0399999991059303 0.310000002384186 0.469999998807907 0.850000023841858 1.16999995708466 0.879999995231628 0.720000028610229 0.769999980926514 0.850000023841858 0.939999997615814 0.910000026226044 0.46000000834465 -0.310000002384186 -1.29999995231621 -1.83000004291534 -2.44000005722046 -2.49000000953674
-9999 -9999 -9999 -9999 -9999 -4.90000009536743 -4.34000015258789 -3.77999997138977 -3.61999980337769 -3.0699999332428 -2.84999990463257 -2.71000003814697 -2.39000010490417 -2.40000009536743 -2.41000008583069 -2.29999995231628 -2.22000002861023 -2.05999994277954 -1.5900000333786 -1.28999996107093 -0.5 0.270000010728836 0.239999994635582 -0.239999994635582 -1.12000000395805 -1.57000005245209 -1.22000002861023 -0.769999980926514 -0.589999973773956 -0.170000001788139 -0.0199999995529652 0.219999998807907 0.280000001192093 0.270000010728836 0.370000004768372 0.560000002384186 0.639999985694885 0.680000007152557 0.620000004768372 0.259999990463257 -0.379999995231628 -1.24000000953639 -1.62999999523163 -2.35999989509582 -2.60999989509582
-9999 -9999 -9999 -9999 -9999 -4.82000017166138 -4.51999998092651 -3.88000041277054 -3.57999992370605 -3.43000002750157 -3.0699999332428 -2.83999991416931 -2.67000007629395 -2.54999995231628 -2.49999999924123 -2.46000003814697 -2.46000003814697 -2.38000011444092 -1.99000000953674 -1.13999998569489 -0.670000016689301 0.0900000035762787 0.310000005135638 -0.0500000007450581 -0.720000028610229 -1.00999999046326 -1.21000003814697 -1.20000004768372 -1.20000004768372 -0.800000011920929 -0.389999985743467 -0.560000002384186 -0.920000016689301 -0.5 -0.0900000035762787 0.230000004172325 0.310000002384186 0.310000002384186 0.310000002384186 0.0500000007450581 -0.479999989271164 -1.12000000476837 -1.52999997138977 -2.54999995231628 -2.83999991416931
-9999 -9999 -9999 -9999 -9999 -4.84999990463257 -4.65999984741211 -4.51999998092651 -3.94000028488629 -3.50999999046326 -3.46000003814697 -3.19000005722046 -2.96000003814697 -2.78999996185303 -2.6800000667572 -2.65000009536743 -2.65000009536743 -2.70000004768372 -2.52999997138977 -1.3400000333786 -0.819999992847443 -0.0599999986588955 0.400000005960464 0.649999976158142 -0.219999998807907 -0.819999992439296 -1.01999998092651 -1.37000000476837 -1.88999998569489 -1.36000001430511 -0.949999988079071 -1.47000002861023 -2.51999998092651 -1.16999995708466 -0.46000000834465 -0.100000001490116 -0.0399999991056407 -0.100000001490116 -0.100000001490116 -0.109999999403954 -0.200000002980232 -0.649999976158142 -1.04999995231628 -2.24000000953674 -2.74000000953674
-9999 -9999 -9999 -9999 -9999 -4.96999979019165 -4.92999982833862 -4.82999992370605 -4.78000020980835 -3.98000024553926 -3.69000005722046 -3.52999997138977 -3.25 -3.02999997138977 -2.88000011444092 -2.78999996185303 -2.75999999046326 -2.69000005722046 -2.48000001907349 -1.33000004291534 -0.550000012066543 -0.300000011920929 0.150000005960464 0.569999992847443 0.230000004172325 -0.660000030248775 -0.97000002861023 -1.22000002861023 -1.76999998092651 -1.77999997138977 -1.95000004768372 -2.14000010490417 -2.28999996185303 -1.16999995708466 -0.699999988079071 -0.419999986886978 -0.509999990459454 -0.649999976158142 -0.600000023841858 -0.239999994635582 0.0599999986588955 -0.430000007152557 -0.579999983310699 -1.22000002861023 -1.87000000476837
-9999 -9999 -9999 -9999 -9999 -5.05999994277954 -5 -5 -4.94000005722046 -4.6100001335144 -3.95000013400867 -3.79999993815374 -3.52999997138977 -3.25999999046326 -3.00999999046326 -2.84999990463257 -2.8099999418448 -2.67000007629395 -2.25999999046326 -1.26999998092651 -0.720000028610229 -0.709999978542328 -0.490000009536743 -0.150000005960465 -0.540000021457672 -1.63999998569489 -2.13000011444092 -1.50000000914368 -1.54999995231628 -2.30999994277954 -2.39000010490417 -2.20000004773422 -1.83000004291534 -0.899999976158142 -1.0900000333786 -0.97000002861023 -1.2000000476763 -1.48000001907349 -1.19000005722046 -0.569999992847443 -0.100000001490116 0.0500000007450581 -0.0199999995529652 -0.0700000002980232 -1.02999997138977
-9999 -9999 -9999 -9999 -9999 -5.1399998664856 -5.07999992370606 -4.96000003814697 -4.90999984741211 -4.61999988555908 -4.25 -3.78000002169828 -3.61999988555908 -3.33999991416931 -3.09999990463257 -2.90000009536743 -2.75999999046326 -2.73000001907349 -2.47000002861023 -2.13000011444092 -1.85000002384186 -1.47000002887688 -1.36000001430511 -1.08000004291534 -1.55999994277954 -2.5 -3.46000003759294 -3.70000004768372 -3.65000009536743 -2.84999990685154 -2.76999998092651 -2.44000005722046 -2.19000005722046 -1.74000000953674 -1.88999998569489 -1.91999995708466 -2.04999995231628 -2.16000008583069 -1.80999994277954 -1.0900000333786 -0.419999986886978 0.189999997615814 0.519999980926514 0.740000009536743 -0.790000021457672
-9999 -9999 -9999 -9999 -9999 -5.26999998092651 -5.11000013351441 -4.92000007629395 -4.86999988555908 -4.65999984741211 -4.32999992370605 -4 -3.72000004130581 -3.40000009536743 -3.15000009536743 -2.92000007629394 -2.82999992370606 -2.79999995212326 -2.94000005722046 -3.30999994277954 -3.29999995231628 -2.28999996185303 -1.95000004768372 -1.9099999666214 -2.38000011444092 -3.10999989509582 -4.03000020980835 -4.5 -4.25 -3.85999989509582 -3.59999990463257 -2.89000010560043 -2.7400000100248 -2.65000009536743 -2.91000008583069 -2.84999990463257 -2.79999995231628 -2.75999999046326 -2.5 -1.99000000953674 -1.10000002384186 -0.310000002384186 0.00999999977651169 -0.170000001788139 -1.17999994754791
-9999 -9999 -9999 -9999 -9999 -5.71000003814697 -5.15000009536743 -4.98999977111816 -4.90999982647054 -4.69000005722046 -4.40000009536743 -4.05999994277954 -3.67000007629395 -3.47000003985976 -3.20000004768372 -2.96000003814697 -2.83999991416931 -2.91000008583069 -3.3199999332428 -3.9300000667572 -4.23999977111816 -2.53999996185303 -2.46000003816755 -2.49000000953674 -2.85999989509582 -3.4300000667572 -4.09000015258789 -4.32999992370605 -4.26000022888184 -4.01999998092651 -3.78999996185303 -3.55999994277954 -3.49000000953674 -3.54999995231628 -3.55999994283263 -3.53999996191873 -3.4300000667572 -3.28999996185303 -2.98000001907349 -3.09999990463257 -1.71000003814697 -0.959999978542328 -0.790000021457672 -0.949999988079071 -1.47000002861023
-9999 -9999 -9999 -9999 -6.1100001335144 -6 -5.5 -5.09000015258789 -4.88999986648559 -4.78000020980835 -4.5 -4.19000005722046 -3.77999997138977 -3.46000003814697 -3.26999999919439 -3.05999994277954 -2.89000010490417 -3.13000011444092 -3.54999995237826 -3.84999990463257 -3.75999999046326 -2.91000008583069 -2.78999996185303 -2.83999991416931 -3.15000009536743 -3.52999997138977 -3.95000004768372 -4.13000011439764 -4.09999990463257 -3.98000001907349 -3.80999994277954 -3.6800000667572 -3.63000011444737 -3.61999988555908 -3.65000009536743 -3.78999996185303 -3.71000003814697 -3.45000004768372 -2.94000005721431 -2.03999996185014 -1.4999999999993 -1.34000003337944 -1.33000004291621 -1.65999996662301 -1.66999995708466
-9999 -9999 -9999 -9999 -6.42999982833862 -6.09000015258789 -5.57000017166138 -5.15000009536743 -5.01000022888184 -4.8200000327782 -4.42000007629395 -4.1100001335144 -3.77999997138977 -3.49000000953674 -3.42000007629394 -3.19000008116937 -3.23000001907349 -3.49000000953674 -3.66000008583069 -3.79999995231628 -3.70000004768372 -3.61999988555908 -3.25 -3.19000005722046 -3.30999994277954 -3.52999997138977 -3.88000011444092 -3.9300000667572 -3.92000007629395 -3.91000008583069 -3.74000000953674 -3.59999990463257 -3.61999988555908 -3.48000001907349 -3.47000002861023 -3.47000002861023 -3.3199999332428 -2.85999989509991 -2.57999992370605 -1.96000003814697 -1.6599999666214 -1.69000005722046 -1.76999998092651 -1.97000002861023 -1.66999995708466
-9999 -9999 -9999 -9999 -6.48999977111816 -6.01999998092651 -5.65000009536743 -5.21999979019165 -4.76999998092651 -4.46000003814697 -4.36999988555908 -4.03000020980835 -3.71000003814697 -3.51999998092651 -3.4300000667572 -3.44000005722046 -3.58999991416931 -3.61999988555908 -3.8199999332428 -3.92000007629395 -3.94000005132052 -3.75999999046326 -3.48000001907349 -3.66000008583069 -3.44000005722046 -3.52999997138977 -3.84999990463257 -3.83999991416931 -3.76999998092651 -3.77999997138977 -3.66000008583069 -3.47000002861023 -3.14000010490417 -3.20000004768372 -3.23000001907349 -3.15000009536743 -3.00999999046326 -2.6700000762969 -2.5 -2.16000008583069 -1.86000001430511 -1.71000003814697 -1.59000003337852 -1.41999995708466 -1.05999994277954
-9999 -9999 -9999 -9999 -6.76000110878711 -5.84999990463257 -5.96999975757168 -5.73000001907349 -5.01000022888184 -4.3600001335144 -4.11999988555908 -3.97000002861023 -3.71000003814697 -3.50999999046326 -3.4300000667572 -3.44000005722046 -3.61999988555908 -3.84999990463257 -3.95000007488245 -3.74000000953674 -3.83999991416931 -3.63000011444092 -3.64000010490417 -3.76999998092651 -3.52999997138977 -3.79999995231628 -3.94000005722046 -3.74000000953674 -3.75000000002544 -3.6800000667572 -3.53999996185303 -3.38000011444092 -3.25999999046326 -3.24000000953674 -3.07999992370605 -2.91000008583069 -2.82999992370605 -2.53999996185547 -2.39000010490418 -2.34999990463257 -2.07999992370605 -1.62000000476837 -1.37999999523156 -0.959999978542328 -0.579999983310699
-9999 -9999 -9999 -9999 -7.34000015258789 -6.05000043219174 -6.09999990463257 -5.78000020980835 -5.21000003814697 -4.61999988555908 -4.17000007629395 -4.09000015258788 -3.71000003814697 -3.49000000953674 -3.35999989509582 -3.46000003814697 -3.59999990463257 -4.03999996185303 -4.44999980926514 -3.77999997138977 -4.15999984741211 -4.13000011578236 -4.07999992370605 -3.80999994303074 -3.80999994277954 -4.19000005722046 -4.09000015258789 -3.82999992370605 -3.70000004768372 -3.66000008583069 -3.4300000667572 -3.40000009536743 -3.39000010490417 -3.47000002861023 -3.27999997138977 -2.95000004768372 -2.90000009536743 -2.47000002861023 -2.3199999332428 -2.5 -2.30999994277954 -1.38999998569489 -0.959999978542328 -0.469999998807907 0.00999999977648258
-9999 -9999 -9999 -9999 -7.17000007629395 -7.36999988555908 -6.70999999384123 -6.2800000822456 -5.46999979019165 -5.13000011444092 -4.6399998664856 -4.23999977111816 -3.97000002861023 -3.50999999046326 -3.23000001907349 -3.29999995231628 -3.55999994277954 -4.21000003814697 -3.86999988555908 -4.21000003814697 -4.30000019073486 -4.15999984741211 -3.81999993448953 -3.88000011444092 -3.93000006665446 -4.73000001907349 -4.26000022888184 -3.59999990463257 -3.52999997138977 -3.50999999046326 -3.49000000953674 -3.54999995231628 -3.76999998092651 -4.13999986645875 -4.23000001907349 -4.07999992370605 -3.32999992370605 -2.32999992370605 -2.08999991416931 -2.00999999046326 -1.5900000333786 -0.850000023841858 -0.389999985695086 -0.119999997317791 0.430000007152557
-9999 -9999 -9999 -9999 -7.3600001335144 -7.19999980926514 -7.15999984741211 -6.61999974399273 -5.6399998664856 -5.40000009536743 -5.26999998092651 -4.65999984741211 -4.36999985964386 -3.49000000953674 -3.0699999332428 -3.00999999046326 -3.21000004125628 -4.23000001907349 -4.21000003814697 -4.34000015258789 -4.46000003814697 -4.69000005775732 -4.03999996218819 -3.9300000667572 -3.97000002861023 -3.98000001907349 -4.21999979019165 -3.52999997138977 -3.5 -3.28999996185303 -2.99000000953674 -3.58999991416931 -3.60999989509583 -3.6800000667572 -5.48999977111816 -5.84000015258789 -3.90000009536743 -1.9099999666214 -1.62999999523163 -1.49000000953674 -1.03999996185303 -0.180000007152557 -0.12999999523157 0.200000002980232 0.670000016689301
-9999 -9999 -9999 -9999 -7.32999998386279 -7.30999994277954 -7.17000007629395 -6.46000003814697 -6.21000003814697 -5.09999990463257 -5.44000005722046 -4.59999990463257 -3.9300000667572 -3.57999992370605 -3.25999999046326 -2.58999991416931 -3.35999989509583 -4.17999983034779 -4.57999992378218 -4.3600001335144 -4.32999992377733 -4.42000007629395 -4.05000019073486 -3.94000005722046 -3.96000003814697 -3.89000010490417 -3.58999991416931 -3.41000008583069 -3.36999988555908 -3.41000008583069 -3.60999989509583 -3.75 -3.51999998092651 -3.96000003814697 -6.23000001907349 -8.21000003814697 -3.95000004768372 -1.14999997615814 -1.14999997615814 -1.33000004291534 -1.04999995231628 -0.270000010728836 -0.280000001192093 0.00999999977648258 0.509999990463257
-9999 -9999 -9999 -9999 -7.30000019073486 -7.28000020980835 -7.1399998664856 -7 -4.80999994277954 -4.92999982833862 -5.42999982833862 -5.19000005722046 -4.80999994277954 -4.05999994277954 -3.05999994277954 -2.66000008583069 -3.00999999046326 -4.82999992370605 -4.57999992370605 -4.23999977111816 -4.05999994277954 -4.07999992370605 -3.99000000953674 -4.09999990413599 -4 -4.07000017166138 -3.25 -2.73000001907349 -3.32999992370605 -3.45000004768372 -3.57999992370605 -3.47000002861023 -3.22000002861023 -3.5699999332428 -5.44999980926514 -6.98000001907349 -3.6800000667572 -1.11000001430511 -1.22000002861023 -1.75999999046326 -1.87000000476837 -1.49000000953674 -0.97000002861023 -0.649999976158142 0.0299999993294477
