SnowAccumulation_R/test/tmin/final_tmin_22_04_2009.asc
NCOLS 97 
NROWS 69 
XLLCORNER 52512.810182332 
YLLCORNER 5316225.2758522 
CELLSIZE 10000 
NODATA_value -9999 
[rows 42 to 62 of 69, columns 46 to 91 of 97]
-0.0700000002980232 -0.0399999991059303 0.0900000035762787 0.270000010728836 0.219999998807907 0.219999998807907 6.96000003814697 7.11999988555908 7.48999977111816 7.69000005722046 7.76000022888184 7.59000015258789 7.36999988555908 7.21999979019165 6.96000003814697 6.63000011444092 6.48000001893062 6.19000005722046 5.94000005722046 5.71999979198009 5.63000011444092 5.32999992370605 5.23000001505685 5 4.76999998092651 4.36000013351441 4.26999998092651 4.1399998664856 4 3.96000003814697 3.85999989509583 3.53999996185303 3.41000008583069 3.25999999046326 2.99000000953674 2.85999989509583 2.89000010490417 2.83999991416931 3 3.03999996185303 3.01999998092651 2.99000000953674 2.86999988555908 2.73000001907349 2.66000008583069 2.48000001907349
-0.0299999993294477 0.00999999977648258 0.129999995231628 0.310000002384186 0.270000010728836 0.639999985694885 7.67000007629394 7.82999992370605 8.10000038146973 8.22999954223633 8.27000045776367 8.14999961853027 7.86999988555908 7.69999980926514 7.32000017166138 6.92999982833862 6.71000003814697 6.42999982833862 6.07000017166138 5.94999980882814 5.61000012968177 5.26000022888184 5.03999996123019 4.78000020980835 4.44999980926514 4.34000015258789 4.23999977111816 4.07000017166138 3.92000007629395 3.84999990463257 3.80999994277954 3.65000009536743 3.52999997138977 3.38000011444092 3.20000004768372 3.08999991416931 2.79999995231628 3.03999996185303 2.99000000953674 3.13000011444092 3.14000010490417 3.11999988555908 3.01999998092651 2.86999988555908 2.79999995231628 2.63000011444092
0.0199999995529652 0.140000000596046 0.330000013113022 0.370000004768372 1.02999997138977 1.11000001430511 8.35999965667725 8.59000015258789 8.89000034332275 9 8.97000026702881 8.73999977111816 8.34000015258789 8.10999965667725 7.63000011444092 7.1100001335144 6.86999988555908 6.51999998092651 6.07999992370605 5.86000012970622 5.36999988555908 4.86999988555908 4.67999982833862 4.34999990463257 4.32000017166138 4.23000001907349 4.13000011444092 4.07999992370606 4.01000022866165 3.79999995231628 3.75 3.72000002861023 3.6800000667572 3.55999994277954 3.5 3.33999991416931 3.3099999085119 3.04999996739913 2.95000004768372 3.17000007629394 3.21999998195525 3.23000001907349 3.16000008583069 3.04000001862442 2.95000004768372 2.78999996185303
0.180000007152557 0.209999993443489 0.259999990463257 0.439999997615814 1.11000001430511 1.28999996185303 9.26000022888184 9.38000011444092 9.64000034332275 9.68000030517578 9.56999969482422 9.27999973297119 8.76000022888184 8.47000026702881 7.86999988555908 7.28000020980835 6.98000001907349 6.40999984519165 5.80000019073486 5.6100001335144 5.07000017166138 4.6100001335144 4.42000007629395 4.19000005722046 3.95000004768372 3.90000009536743 3.74000000953674 3.95000004768372 3.9300000667572 3.83999991416931 3.77999997138977 3.75999999046326 3.57999992370605 3.57999992370605 3.59999990463257 3.59999989625912 3.46000003814697 3.32999992370605 3.17000007629394 3.02999997138977 2.91000008583069 3.26999998092651 3.22000002861023 3.1800000667572 3.09999990463257 2.95000004768372
0.180000007152557 0.209999993443489 0.280000001192093 0.569999992847443 0.550000011920929 1.21000003814697 9.8100004196167 9.9399995803833 10.2700004577637 10.3699998855591 10.210000038147 9.75 9.14999961853028 8.81999969482422 7.98000001937058 7.07000017166138 6.71999979019165 6.17999982833862 5.61999988555908 5.34000015258789 4.78000020980835 4.34999990463257 4.19000005722046 4.01999998092651 4.05000019073486 3.96000003814697 3.76999998092651 3.79999995231628 3.75 3.72000002861023 3.71000003814697 3.70000004768372 3.54999995231628 3.65000009536743 3.75999999046326 3.69000005722046 3.67000007629394 3.55999994277954 3.25 3.14000010490417 3.19000005722046 3.20000004768372 3.30999994277954 3.23000001907349 3.16000008583069 3.09999994080711
0.109999999403954 0.209999993443489 0.330000013113022 0.540000021457672 0.430000007152557 1.32000005245209 10.1899995803803 10.25 10.8100004196167 11.0299997329666 10.8000001907349 10.1599998473872 9.81000041945135 8.8100004196167 7.61999988555908 7.28999996162371 6.76999998092651 5.96999979019165 5.28000020980835 4.98999977111816 4.42999982833862 4.15999984741211 4.03000020980835 3.89000010490417 3.85999989509583 3.75999999046326 3.65000009536743 3.48000001907349 3.4300000667572 3.55999994277954 3.66000008565345 3.66000008583069 3.63000011444092 3.69000005722046 3.8199999332428 3.85999989509582 3.8199999332428 3.67000007629395 3.53999996185303 3.47000002861023 3.32999992370605 3.25 3.21000003814697 3.29999995231628 3.21000003814697 3.1700002185274
0.109999999403954 0.230000004172325 0.330000013113022 0.379999995231628 0.330000013113022 1.44000005722046 9.90999984741169 10.2200002670288 10.989999771074 11.3000001905814 10.3500003814697 9.48999977111816 9.24999999980973 8.27000045776367 7.48999977111816 7.15999984718224 6.69999980926514 5.80999994277954 5.38999986561954 4.80000019073486 4.25 4.09999990415124 3.86999988555908 3.66000008583069 3.59999990399793 3.41000008583069 3.28999996185303 3.23000001907349 3.24000000953674 3.35999989509583 3.47000002861023 3.52999997138977 3.52999997138977 3.61999988555908 3.83999991416931 3.9300000667572 3.9300000667572 3.73000001907349 3.59999990463257 3.55999994277954 3.4300000667572 3.35999989509583 3.29999995231628 3.08999991416931 3.29999991715749 3.29999995231628
0.200000002980232 0.25 0.310000002384186 0.209999993443489 1.11000001430511 1.51999998092651 7.21999979019165 9.06999969482422 10.0299997329712 9.9399995803833 9.77000045776367 9.01000022888184 8.73999977111817 8.02999973297119 7.28000020980835 6.98000001907349 6.53999996185303 5.55000019073486 5.17999982833862 4.48999977111816 3.99000000953674 3.69000005722046 3.46000003814697 3.26999998092651 3.16000008583069 3.10999989509583 3.09999990463257 3.0699999332428 3.17000007629394 3.27999997138977 3.34999987596684 3.26999998092651 3.42000007629394 3.47000002861023 3.71000003814697 3.84999990463257 3.88000011444092 3.69000005722046 3.45000007050797 3.40000009536743 3.49000000953674 3.40000010837958 3.32999992370605 3.24000000953674 3.25 3.28999996185303
0.0799999982118607 0.280000001192093 0.419999986886978 0.300000011920929 1.10000002384186 1.51999998092651 6.53999996185303 8.13000011444092 9.48999977111817 9.64999961853027 9.8100004196167 9.10999965667725 8.76000022888184 7.94999980926514 7.15000009536743 7.07000017166138 6.28999996185303 5.26999998092651 4.80999994277954 4.07000017166138 3.49000000953674 3.25999999046326 2.75999999046326 2.77999997138977 2.70000004768372 2.78999996185303 2.88000011444092 2.96000003814697 2.97000002861023 3.14000007686796 3 3.16000008583069 3.27999997013295 3.33999991416931 3.50999999046326 3.55999994277954 3.64000010490417 3.63000011444092 3.45000004768372 3.4300000667572 3.49000000953674 3.4300000667572 3.36999988555908 3.23000001907349 3.24000000953674 3.27999997138977
0.129999995231628 0.349999994039535 0.449999988079071 0.589999973773956 4.76999998092651 5.90999984741211 6.42000007629395 8.28999996185303 9.51000022888183 9.60000038146973 9.64000034332275 9.14999961853027 8.59000015258789 7.8600001335144 7.34999990463257 6.92999982833862 5.94999980926514 4.8899998664856 4.5 3.67000007629395 3.01999998092651 2.69000005722046 2.25999999046326 2.23000001907349 2.38000011444092 2.47000002861023 2.61999988555908 2.65000009536743 2.66000007321497 2.7000000477907 2.77999997138977 2.91000008583069 3.07999992370605 3.24000000953674 3.38000011444092 3.36999988555908 3.51999998092651 3.60999989509583 3.55999994277954 3.45000004768372 3.55999994277954 3.50999999046326 3.41000008583069 3.30999996957136 3.29999995231628 3.25999999046326
0.109999999403954 0.239999994635582 5.21000003814697 5.46999979019165 6.26000022888184 7.26000022888184 7.55999994277954 8.8100004196167 9.53999996185303 9.61999988555908 9.4399995803833 8.93000030517578 8.56999969482422 7.65999984741211 7.13000011444092 6.75 5.69000005722046 4.69000005722046 4.32000017166138 3.44000005722046 2.59999990463257 2.26999998092651 1.97000002861023 1.94000005703713 2 2.15000009536743 2.21000003814697 2.04999995231628 2.34999990463257 2.44000005722046 2.54999995231628 2.60999989509583 2.79999995231628 3 3.05999994277954 3.15000009536743 3.0699999332428 3.18000005180597 3.33999991416931 3.5 3.53999996185303 3.49999996681454 3.28999996185303 3.27999997138977 3.30999994277954 3.23000001907349
10.1700000762939 8.75 7.28999996185303 7.01999998092651 7.73999977111816 8.43000030517578 8.64000034332275 9.15999984741211 9.51000022888184 9.55000019073486 9.23999977111816 8.68000030517578 8.28999996185303 7.3600001335144 6.82000017166138 6.51000022888184 5.59000015258789 5.09000015166756 4.21000003814697 3.3199999332428 2.84999990281705 1.91999995708466 1.82000005245209 1.86000001430511 1.72000002861023 1.75999998786049 1.62000000476837 1.76999998092651 1.91999995708466 1.99000000953674 2.07999992370605 2.21000003814697 2.41000008583069 2.64000010490417 3.05999993677885 3.10999989509583 3.11999988555908 2.94000005722046 3.10999989509583 3.38000011444092 3.43999969760136 3.26999998092651 3.5 3.45000004768372 3.34999990463257 3.33999992421144
10.7200002670288 9.5600004196167 9.21000003814697 8.9399995803833 8.88000011444092 9.35000038146973 9.22000026702881 9.42000007629394 9.46000003814697 9.4399995803833 8.96000003814697 8.39999961853027 8.02999973297119 7.28000020980835 6.94999980902171 6.34999990463257 5.44000005722046 4.98999977029132 4.1399998664856 3.30999994277954 2.90000009536743 2.19000005722046 2.11999988555908 2.04999995231628 2.19000005722046 1.91999995708466 1.6599999666214 1.52999997138977 1.69000005722046 1.72000002861023 1.9099999666214 2.08999991416931 2.28999996185303 2.64000010490417 2.77999997138977 3.11999988555908 3.10999989509583 3.00999999046326 2.97000002861023 2.99000000953674 3.10999989509583 3.29999995231628 3.45999997556211 3.60999989509582 3.53999996185303 3.54999995231628
10.9700002670288 10.5299997329712 10.3000001907349 10.4200000762939 10.1899995803833 10 10.0100002288818 9.77000045776367 9.44999980926514 9.40999984741211 8.75 7.88000011444092 7.67999982833862 7.26000022888184 6.96999978990704 6.28000020980835 5.5 5.07999992370605 4.23000001907349 3.50999999046326 3.17000007629394 2.58999991416931 2.5799999352231 2.90000009536743 2.74000000953674 2.11999988555908 1.73000001907349 1.61000001430511 1.620000005743 1.91999995708466 2.08999991416931 2.25 2.48000001907349 2.57999992370605 2.80999994277954 3.02999997138977 3.07999992370606 3.04999995231628 2.92000028891366 3.50999999046326 3.35999989509582 3.49000000953674 3.44000005722046 3.58999991416931 3.50999999046326 3.5699999332428
11.25 11.3599996566772 11.6899995803833 11.4099998474121 11.0799999237061 10.5900001525879 10.4200000762939 10.1099996566772 9.53999996185303 9.27000045776367 8.82999992370606 8.39000034321204 7.59000015258789 7.05000019073486 6.73000001907349 6.21000003814697 5.51000022888184 5.17999982833862 4.46999979019165 3.85999989509583 3.56999994032278 3.54999995231629 3.48000001907349 3.40000009536743 2.96000003814697 2.79999995016672 2.0699999332428 1.9099999666214 1.98000001907349 2.1800000667572 2.3199999332428 2.33999991416931 2.5699999332428 2.60999989526852 2.76999998092651 3.13000011444092 3.17000007629395 3.24000000372877 3.66249990463257 3.32750010490418 3.42249989509583 3.69000005722046 3.52749991416931 3.35500001907349 3.54250002459934 3.55749988555908
11.1300001144409 11.8800001144409 12.039999961853 11.8599996566772 11.4300003051758 10.9200000762939 10.6300001144409 10.3100004196167 9.73999977111816 9.36999988555908 8.85999965667725 8.46000003814697 7.8600001335144 6.82999992370606 6.57000017166138 6.09999990463257 5.51999998092651 5.23999977111816 4.67000007657068 4.45499992370606 4.36999988555908 4.13500022888184 4.59000015242076 3.85249996185303 3.41249990463257 3.82500004768372 4.88749980926514 2.92750000953674 2.97499990463257 2.88000011444092 2.85500001907349 3.04749989509583 2.28749990463257 2.25250005722046 2.99000000953674 3.04500007629395 3.1700001620348 3.13750004768372 3.27250003814697 3.23000001907349 3.78250002861023 4.0774998664856 3.74749994277954 3.5 3.6875 3.65750002861023
7.06750011444092 6.95249986648559 6.84250020980835 6.48999977111816 5.96000003814697 5.75 5.71000003814697 5.55249977111816 5.64499998092966 5.7024998664856 5.47249984741211 5.09499979019165 5.22749996185303 5.39249992370606 5.32999992370605 4.5475001335144 4.57000017175313 4.89499998092651 5.2024998664856 4.92250013192767 4.19250011444092 4.46500015258789 4.19250011444092 3.86249995231628 3.78999996185303 4.88500022888184 4.49749994277954 3.0699999332428 3.24749994277954 3.17750000953674 2.9049999702098 3.0699999332428 2.26749992370605 2.28749990463257 2.53749990463257 3.44249990553595 3.28749990463257 3.24000000953674 3.14000010490417 3.25500011444092 4.25 4.19250011444092 3.89750003814697 3.38499999046326 3.47000002861023 3.48250007629395
6.86000013351441 7.23250007629394 6.78999996185303 6.44500017166138 6.27750015258789 6.01000022888184 5.79750013351441 5.64499998092651 5.53249979019511 5.63250017166138 5.69999980926514 5.59999990463257 5.15500020980835 5.69500017164853 5.58750009659082 5.29500007629395 4.9225001335144 4.94250011444092 5.42749977111816 5.42500019073486 4.55000019073486 4.02250003814697 4.3600001335144 3.6949999332428 4.05499982833862 4.4225001335144 4.11250019073486 3.90000008992056 3.53999996185303 3.27749991416931 2.98499989509583 2.83500003814697 2.10999989509583 2.14499998092651 2.52749987456804 3.04749977648003 3.19250011444092 3.84750008583069 3.6175000667572 3.59750008583069 4.48750019073486 4.44500017166138 4.15250015258789 4.36000013351441 4.14499998092651 3.80250000953674
6.94999980926514 7.11499977111816 6.69500017166138 6.56750011444092 6.63250017166138 6.17999982833862 5.97249984741211 5.86999988555908 5.91750001907349 5.69250011444092 5.70749998087427 5.65250015231981 5.51000022888184 5.43499994277954 6.0475001335144 6.06750011444092 5.81500005681805 5.28999996185303 4.89499998092651 5.11250019073486 4.98999977111816 4.17749977111816 4.7024998664856 4.10750007629395 4.63500022888184 4.62750005722046 4.20499992370605 3.94250011444092 3.67499995231628 3.32750010490417 3.02999997138977 2.33750009536743 2.0474998949687 2.04000000701829 2.42000007629395 2.76749992370605 3.72250008583069 3.6800000667572 3.67000007629394 3.91000008583069 4.30999923427296 4.43499994277954 4.52500009536743 4.28499984741211 4.14249992370605 4.17000007629395
7.42250013351441 7.13749980926514 6.98750019073486 6.92749977111816 6.78249979019165 6.73999977111816 6.48250007631611 6.23250007633716 6.7649998664856 6.59749984741211 5.5774998664856 4.99499988555908 4.84999990463257 5.625 5.69750022888184 5.78000020980835 5.88000011444092 5.44000005722046 4.49749994277954 4.8274998664856 4.64499998092651 4.94000005722046 5.05499982833862 4.22749996185303 4.20249986648559 4.55749988555908 4.67000007629395 5.05999994277954 3.98250007629395 3.54749989509583 4.36250019073486 2.32500004768372 2.96499991416931 2.8199999332428 2.92000007629394 3.22000002861023 3.83999991416931 3.71000004993223 3.55749988555908 3.7574999332428 3.71749997138977 4.80499982833862 4.20249986648559 4.51000022888184 4.29250001907349 4.427499482638
7.73999977111854 7.37750005722056 7.15250015258789 7.11250019073486 6.90749979019165 6.9549999237063 7.13250017166138 7.55749988555908 7.46500015258789 6.88749980926514 5.80499982833862 5.27500009536743 5.54250001907349 6.00000000012711 5.99499988555908 5.34749984741211 5.38999986648559 5.26999998092651 5.0149998664856 4.95499992370605 4.96750020980835 5.17000007562941 4.60750007629395 3.58500003814697 3.54749989509583 3.8199999332428 4.03999996185303 4.53000020980835 4.15999984741211 4.40749979054535 3.75999999046326 3.97000002861023 3.72250008583069 3.32249999046326 3.35999989383862 3.54999995231628 3.94000005722046 4.04250001907349 4.2649998664856 4.51000022888184 3.9449999332428 4.34749984741211 5.02500009536743 4.48999977111816 4.20249994001042 4.32999992370605
