SnowAccumulation_R/test/tmin/final_tmin_04_04_2009.asc
NCOLS 97 
NROWS 69 
XLLCORNER 52512.810182332 
YLLCORNER 5316225.2758522 
CELLSIZE 10000 
NODATA_value -9999 
[rows 40 to 59 of 69, columns 45 to 89 of 97]
-5.6100001335144 -5.21999979019165 -5.26000022888184 -5.26000022888184 -5.8600001335144 -5.92000007629394 -6.01000022888184 -7.15999984741211 -7.3899998664856 -7.86999988555908 -8.19999980926514 -8.28999996185303 -8.4399995803833 -8.5 -8.4499998092192 -8.27000045776367 -8.03999996185303 -7.73000001907349 -7.67000007629395 -7.51999998092651 -7.36999988555908 -7.26999998092651 -7.05000019073486 -6.98999977111816 -7.01000022888184 -7.05999994277954 -7.11999986341561 -6.86000013400147 -6.88000011444092 -6.6100001335144 -6.42000007668621 -6.36000013351441 -6.05000019073486 -5.51000022888184 -5.17999982833862 -4.65000009536743 -4.05999994277954 -3.8199999332428 -3.44000005722046 -3.30999994277954 -3.25 -3.38000011444092 -3.45000004768372 -3.5 -3.72000002861023
-5.09999990463257 -5.05999994277954 -5.01000022888184 -5.05000019073486 -5.26000022888184 -5.32000017166138 -5.55999994277954 -6.6399998664856 -6.8899998664856 -7.40000009536743 -7.71000003814697 -7.84000015258789 -8.10000038146973 -8.22000026702881 -8.21000003813551 -8.13000011444092 -7.90999984741211 -7.71000003814697 -7.69000005722046 -7.51000022888184 -7.28000020980835 -7.15999984741211 -7.01999998092651 -6.92999982833862 -7.03999996185303 -6.8899998664856 -6.84999990463257 -6.78000020980835 -6.80999994277954 -6.55999994277954 -6.44999980926514 -6.26999998092651 -6.21000003814697 -6.13000011444092 -5.28999996185303 -5.09999990463257 -4.11000019160406 -3.69000005722046 -3.15000009536743 -3.1300001119606 -3.3199999332428 -3.48000001907349 -3.66000008583069 -3.75999999046326 -4.05000019073486
-4.73000001907349 -4.63999986648559 -4.59000015258789 -4.53999996185303 -4.80999994277954 -5.11999988555908 -5.23999977111816 -6.26000022888184 -6.59000015258789 -7.05999994277954 -7.40999984741211 -7.48000001907349 -7.80000019073486 -7.94000005722046 -7.96999979019165 -7.90999984741211 -7.8600001335144 -7.7800002096369 -7.6399998664856 -7.44000005722046 -7.23000002086193 -7.11999988555908 -7.05999994277954 -6.80000019584693 -6.92000007629394 -6.88000011444092 -7.07999992370605 -7.03000020980835 -6.86000013351441 -6.67999982833862 -6.55000019073486 -6.23999977111816 -6.19000005722046 -6.1100001335144 -5.71000003814697 -5.46000003814697 -5.34000015258789 -4.21999979019165 -3.38000011444092 -3.76999998092651 -3.66000008583069 -3.72000002861023 -3.79999995231628 -4.03999996185303 -4.34999990463257
-4.57999992370605 -4.46999979019165 -4.44000005722046 -4.38000011444092 -4.48999977111816 -4.94999980926514 -5.13999986648559 -5.75 -6.11999988555908 -6.73000001907349 -7.17999982833862 -7.30999994277954 -7.53999996185303 -7.71000003814697 -7.76000022888184 -7.78999996185303 -7.75 -7.76000022888184 -7.53000020980835 -7.44999980926514 -7.34000015238396 -7.26999998731423 -7.32999992370605 -7.3600001330353 -7.19999980926514 -7.23000001907349 -7.03000020980835 -7 -6.90000009536743 -6.76000022888184 -6.69000005722046 -6.36000013351441 -6.13999986648559 -6.09000015258789 -5.76000022888184 -5.42000007629395 -5.26000022888184 -5.19000005722046 -4.71999979019165 -4.65000009536743 -4.15999984741211 -4.1100001335144 -4.15999984741211 -4.3899998664856 -4.82999992370605
-4.3600001335144 -4.21000003814697 -4.05000019073486 -4.23999977111816 -4.59000015258789 -4.94000005722046 -5.13000011444092 -5.51999998092651 -5.80999994277954 -6.38000011444092 -6.82000017166138 -7 -7.32000017166138 -7.55999994277954 -7.63000011444092 -7.71999979019165 -7.78000020980835 -7.78000020980835 -7.59000015258789 -7.55000019073486 -7.55000019597111 -7.63999986648559 -7.75 -7.73999977111816 -7.67999982833862 -7.32000017166138 -7.25 -7.05000019073486 -6.82000017166138 -6.76000022883291 -6.75 -6.51999998092651 -6.38999986648559 -6.07000017166138 -5.80000019073486 -5.6399998664856 -5.30999994277954 -5.46999977061016 -5.51999998595415 -5.53000020980835 -4.78000020980835 -4.61000023071218 -4.59999990463257 -4.82000017166138 -5.27999999894277
-4.23000001907349 -3.78999996185303 -3.83999991416931 -4.09000015258789 -4.30000019073486 -4.73999977111816 -5.07000017166138 -5.25 -5.59000015258789 -6.17999982833862 -6.69999980926514 -6.96000003814697 -7.19999980926514 -7.46999979019165 -7.57999992370605 -7.71000003814697 -7.78000020980835 -7.80000019147303 -7.84000015566237 -7.94999980926514 -7.86999988555908 -7.92999982833862 -7.96000003814697 -7.94000005722046 -7.76999998092651 -7.65999984741211 -7.55999994277954 -7.44999980926514 -6.92000007629395 -6.82999992370605 -6.69999980926514 -6.55999994277954 -6.48000001907349 -6.48999977111816 -6.17999982833862 -5.94999980926514 -6.15000005350014 -5.90999984741211 -5.90000009536743 -5.76999998092651 -5.73999977111816 -5.88000011444092 -5.15000009536743 -5.38000011444092 -5.55999994277954
-4.23999977111816 -3.60999989509583 -3.76999998092651 -3.91000008583069 -4.15999984741211 -4.28000020980835 -5.03000020980835 -4.86999988556869 -5.6399998664856 -6.19000005722046 -6.6399998664856 -6.92999982833862 -7.21999979019165 -7.3899998664856 -7.46000003814697 -7.80000019079428 -8.22000026702881 -8.25 -8.14000034332276 -8.10000038146973 -8.10999965667725 -8.17000007629395 -8.14000034332275 -8.07999992370605 -7.82000017166138 -7.40000009536743 -7.34000015258789 -7.30000019073486 -7.03000020980835 -6.98999977111816 -6.8600001335144 -6.73999977111816 -6.69999980926514 -6.80999994277954 -6.51000022888184 -6.76000022888184 -6.65999984741211 -6.17999982833862 -6.11999988555908 -6.19999980926514 -6.09999990463257 -5.90000009536743 -5.82999992370605 -5.80999994277954 -6.07999992370606
-4.65999984741211 -4.03999996185303 -3.94000005722046 -3.97000002861023 -4.11999988555908 -4.71000003814697 -5.19999980926514 -4.98000001908641 -5.88000011444092 -6.26999998092651 -6.44999980930192 -6.94000005722046 -7.17999982857967 -7.25000000034678 -7.84000015258789 -8.35000038146973 -8.32999992353134 -8.13000011444092 -8.30000019073486 -8.39000034332275 -8.39000034332275 -8.42000007629395 -8.17000007629395 -8.07999992370605 -7.78999996185303 -7.46000003814697 -7.42000007629395 -7.30000019073486 -7.32000017166138 -7.30000019073486 -7.03999996185303 -6.86999988580722 -6.86000013351441 -6.92999982833862 -7.11999988555908 -7.17000007629395 -7.01999998092651 -6.80999994277954 -6.46000003814697 -6.19999980926514 -6.1399998664856 -6.13000011444092 -6.19999980926514 -6.32000017166138 -6.46999979019165
-4.34999990463257 -4.19000005722046 -4.09999990463257 -4.05999994277954 -4.26000022888184 -5.1100001335144 -5.46999979019165 -5.5399999618633 -6.23000001907349 -6.44999980931443 -6.57000017181876 -7.65999984741211 -8.22999954223633 -8.11999988560362 -8.35999965667725 -8.38000011444092 -8.3400001524237 -8.0600004196167 -8.31999969482422 -8.43000030534418 -8.42000007629395 -8.40999984741211 -8.28999996119666 -8.02999973297119 -7.84999990463257 -7.73000001881963 -7.6399998664856 -7.55999994277954 -7.55000019073486 -7.40999984741211 -7.23000001907349 -7.09000015258789 -7.09000015258789 -7.28999996185303 -7.30000019073486 -7.36000013351441 -7.26000022888184 -6.90999984741211 -6.69000005722046 -6.46000003814697 -6.36000013351441 -6.36000013351441 -6.40000009536743 -6.55999994277954 -7.17999982833862
-4.48000001907349 -4.28000020980835 -4.19999980926514 -4.1399998664856 -4.88000011444092 -5.28000020980835 -5.63999986648559 -7.84000015258789 -7.46000003814697 -7.51000022888184 -8.27999973297119 -8.80000019073486 -8.71000003814697 -8.53999996185303 -8.38000011444092 -8.35999965667725 -8.3100004196167 -8.02999973297119 -8.39999961853027 -8.46000003814697 -8.55000019073486 -8.46000003814697 -8.52000045776367 -8.26000022888184 -8.0600004196167 -8.01000022888184 -7.78000020980835 -7.57999992370605 -7.55000019073486 -7.34000015258789 -7.21999979019165 -7.1599998569674 -7.28999996185303 -7.34000015258789 -7.40999984741211 -7.36999988555908 -7.17999982833862 -6.98000001907349 -6.88000011444092 -6.90999984360807 -6.86000013351441 -6.57999992370605 -6.69999977890356 -6.86999988555908 -7.26999998092651
-4.57000017166138 -4.36000013351441 -4.19999980926514 -4.28000020980835 -4.46000003814697 -5.42999982833862 -5.69999980926514 -8.28999996185303 -8.15999984741211 -8.19999980926514 -8.47999954223633 -8.40999984741211 -8.30000019073486 -8.15999984741211 -8.06999969482422 -8.14000034332275 -7.8899998664856 -8.03999996185303 -8.47999954223633 -8.64999961853027 -8.77999973297119 -8.77000045776367 -8.73999977111816 -8.81999969482422 -8.36999988555908 -8.28999996185303 -7.90999984741211 -7.61000013351441 -7.46000003814697 -7.40000009536743 -7.21999979330678 -7.25 -7.25 -7.34000015227369 -7.38000011444092 -7.36999988555908 -7.34999990463257 -7.17000007629395 -6.96999979019165 -7.1100001335144 -6.96999979019165 -6.80999994277954 -6.90000009536743 -7.09999990463257 -7.67999982833862
-4.86999988555908 -4.61999988555908 -4.40000009536743 -4.34999990463257 -4.51999998092651 -8.06999969482422 -8.19999980926514 -8.28999996185303 -7.80000019073486 -7.55000019073486 -7.80999994277954 -7.67000007629395 -7.51999998092651 -7.71999979019165 -7.55999994277954 -7.53000020980835 -7.67999982833862 -8.13000011444092 -8.65999984741211 -8.76000022888184 -9.02000045776367 -9.02999973297119 -9.11999988555908 -9.18000030517578 -8.75 -8.39000034332275 -8.02000045776367 -7.67000007629395 -7.57000017166138 -7.51999996326456 -7.2600002289175 -7.28999996185303 -7.34000015258789 -7.25 -7.28999996185303 -7.28000020980835 -7.34000015258789 -7.15999984741211 -6.94999980926514 -6.96000003814697 -7.03000020980835 -6.88000011444092 -6.96999979019165 -7.36999988555908 -7.66999998252258
-4.92000007629394 -4.73000001907349 -4.42999982833862 -7 -6.88999986648559 -6.90999984741211 -7 -7.21999979019165 -7.03999996185303 -6.94000005722046 -7.01000022888184 -7.11999988555908 -7.09999990463257 -7.07000017166138 -7.11999988555908 -7.3899998664856 -7.55000019073486 -8.13000011444092 -8.64999961853027 -8.72000026702881 -9.02000045776367 -9.27999973297119 -9.34000015258789 -9.15999984741211 -9.02000045696925 -8.60000038146973 -8.14000034332276 -7.94999980926514 -7.69000005722046 -7.32999992370605 -7.28000020980835 -7.32000017166138 -7.46999979019165 -7.36999988555908 -7.34999990463257 -7.42000007629395 -7.38000011444092 -7.51999998092651 -7.40000011281051 -7.19000005722046 -6.98999977111816 -6.96999979019165 -7.11000025519416 -7.59000015258789 -7.69000005722046
-4.21000003814697 -3.96000003814697 -4.17000007629395 -5.63000011444092 -6.01999998092651 -5.98999977111816 -6.13000011444092 -6.30000019073486 -6.46000003814697 -6.53999996185303 -6.57000017166138 -6.78000020980835 -6.88999986648559 -6.94999980926514 -7.1399998664856 -7.40000009536743 -7.53999996185303 -8.02000045776367 -8.27999973345053 -8.65999984741211 -8.94999980926514 -9.10999965720677 -9.38000011444092 -9.06999969482422 -8.86999988555908 -8.80000019073486 -8.39999960746851 -8.22000026702881 -7.73000001907349 -7.53999996185303 -7.53000020980835 -7.65999984741211 -7.76000022888184 -7.63000011444092 -7.57000017166138 -7.2399997756187 -7.26000022888184 -7.32999992370605 -7.57000017166138 -7.3899998664856 -7.15999984741211 -7.15000056855031 -7.55000019073486 -7.3600001335144 -7.48999977111816
-4.1399998664856 -3.88000011444092 -4.07000017166138 -4.53999996185303 -4.90999984741211 -5.3600001335144 -5.48000001907349 -5.82000017166138 -6.05999994277954 -6.28000020980835 -6.32000017166138 -6.67000007629395 -6.84999990463257 -6.96999979019165 -7.19000005722046 -7.30999994287691 -7.53999996185303 -8.02999973297119 -8.25000000038458 -8.61999988555908 -8.88000011444092 -8.97999954223633 -9.07999992370605 -8.64999961853027 -8.53999996185303 -7.92000007629395 -7.76999998092651 -7.94999980926514 -7.8600001335144 -7.55999994277954 -7.69000005722046 -7.71999979019165 -7.6100001335144 -7.63999986648559 -7.42000007629395 -7.34999990463257 -7.1100001335144 -7.23000001907349 -7.38000011444092 -7.46999979019165 -7.63999993104817 -7.67999982833862 -7.55999994277954 -7.42999989573781 -7.28000020980835
-4.26999998092651 -4.09999990463257 -4.01000022888184 -4.23000001907349 -4.25 -4.6399998664856 -5.05999994277954 -5.19999980926514 -5.6399998664856 -6.05999994277954 -6.09000015258789 -6.59000015258789 -7.11999988555908 -7.11999988555908 -7.1399998664856 -7.2300000191792 -7.51000022888184 -7.86999988555908 -8.06999969482422 -8.4399995803833 -8.60999965667725 -8.65999984741211 -8.69999980926514 -8.17000006571072 -7.63999986648559 -7.28999996185303 -7.44000005722046 -7.76999998092651 -7.25 -7.26000022865692 -7.17999982833862 -7.32000017166138 -7.26000022888184 -7.26999998092651 -7.40000009536743 -7.21000003814697 -7.1399998664856 -7.23000001907349 -7.32000017166138 -7.46000004500551 -7.42000007629395 -7.51000022888184 -7.3600001335144 -7.44000005722046 -7.26999998092651
-4.36999988555908 -4.25 -3.92000007629395 -3.74000000953674 -3.91000008583069 -4.19000005722046 -4.69000005722046 -4.8899998664856 -5.26000022888184 -5.80999994277954 -6.03999996185303 -6.30999994277954 -6.61000013358083 -7.07999992370605 -7.23999977111816 -7.3600001335144 -7.5 -7.80000019073486 -7.92000007629395 -8.14999961853027 -8.21000003814697 -8.22999953497481 -7.73000001907349 -7.30999994277954 -7.15000009536743 -7.09000015258789 -6.98000001923271 -7.28000020980835 -6.96000003814697 -6.8600001335144 -6.84999990463257 -6.98000001907349 -7.11999988555908 -7.1100001335144 -7.32000016924358 -7.23000001907349 -7 -7.05000019073486 -7.18999955773378 -5.65250015258789 -5.88250017166138 -6.07499980926514 -5.86499977111816 -5.9850001335144 -6.27750015258789
-4.78000020980835 -4.51999998092651 -3.82999992370605 -3.65000009536743 -3.75999999046326 -4.05000019073486 -4.48000001907349 -4.73000001907349 -5.01999998092651 -5.5 -5.80000019073486 -6.11999988555908 -6.38000011444092 -6.67999982833862 -7.3600001335144 -7.44000005722046 -7.55000019073486 -7.76000022888184 -7.8600001335144 -7.9400000392078 -6.2975001335144 -6.34499979019165 -6.51000022888184 -6.23750019033096 -6.46500015258789 -6.63500022888184 -6.52500009536743 -5.92000007629394 -7.27250003814697 -7.09999990463257 -7.07999992370606 -6.93499994277954 -6.69000005722046 -6.91249990463257 -6.8274998664856 -6.05999994277954 -6.0475001335144 -6.08749993735914 -6.28000020980835 -5.88250017166138 -5.9225001335144 -5.74499988555908 -5.5 -5.69500017166138 -6.17500019073486
-4.73000001907349 -4.74499988555908 -5.36250019073486 -5.49749994277954 -5.52250003814697 -5.9225001335144 -6.11499977111816 -6.18499994277954 -6.44250011444092 -6.26000022888236 -6.31500005722046 -6.42749977111816 -6.61250019073486 -6.42749977111816 -6.55000019073486 -6.61000013351441 -6.61999988555908 -6.43499994288441 -6.34000015258789 -6.17250013351441 -6.28000021012255 -6.40999984741211 -6.19000005722046 -6.40500020980835 -6.36499977111816 -6.43249988555908 -5.78749990463257 -6.24499988555908 -7.05499982833862 -6.83750009536743 -6.82250022888184 -6.88500022974461 -6.64499998092651 -6.88500022888184 -6.70749998092651 -6.38250017166138 -5.6500002281197 -5.71750020980835 -6.07499980926514 -6.03999996185303 -5.85750007629395 -5.22749996185303 -5.28499984741211 -5.44250011444092 -6.36999988555908
-4.6100001335144 -4.80249977111816 -5.5149998664856 -5.35500001907349 -5.45499992370605 -5.61499977111816 -5.98999977111816 -6.28999996185303 -6.41750001907349 -6.42500019072568 -6.20499992370605 -6.22749996185303 -6.39249992370605 -6.43499994277954 -6.42250013354868 -6.41249990413814 -6.61499977111817 -6.49749994277954 -6.38999986648559 -6.02750015258789 -5.91249990463257 -6.27250003814697 -6.36749982833862 -6.11999988555908 -6.24499988555908 -6.24499988555908 -6.08249998092651 -6.27250003814697 -6.44500017361667 -6.44000005722046 -6.66249990463257 -6.75250005722046 -6.71500015258789 -6.93249988555908 -6.80000019073486 -6.33750009795002 -5.60000003555762 -5.48000001907349 -5.16249990463257 -5.33500003814697 -5.30249977111816 -4.53749990463257 -4.98000001907349 -5.26249980926514 -5.15250015258789
