SnowAccumulation_R/test/tmin/final_tmin_27_04_2009.asc
NCOLS 97 
NROWS 69 
XLLCORNER 52512.810182332 
YLLCORNER 5316225.2758522 
CELLSIZE 10000 
NODATA_value -9999 
[rows 20 to 39 of 69, columns 46 to 91 of 97]
-3.94000005722046 -3.92000007629395 -3.85999989509582 -3.86999988555908 -3.72000002861023 -3.66000008583069 -3.5699999332428 -3.77999997138977 -3.74000000953674 -3.7599999904689 -3.75999999046326 -3.53999996185303 -3.53999996185303 -3.52999997135125 -3.45000004768372 -3.48000001907349 -3.52999997138977 -3.47000002861023 -3.53999996185303 -3.69000005722046 -3.75999999046326 -3.40000009536743 -3.41000008583069 -3.52999997138977 -3.72000002861023 -4 -4.23000001907349 -4.55999994277954 -4.6399998664856 -4.63000011444092 -4.80999994277954 -4.94000005722046 -5.21000003814697 -5.3200001386525 -5.42000007629395 -5.40999984741211 -5.40000009536743 -5.51999998092651 -5.5 -5.65000009536743 -5.84000015258789 -5.96000003814697 -5.94999980926514 -5.92000007629394 -5.84000015258789 -5.51000038845707
-3.60999989509583 -3.60999989509583 -3.55999994277954 -3.51999998092651 -3.52999997138977 -3.5 -3.42000007629395 -3.74000000953674 -3.76999998092651 -3.75 -3.70000004768372 -3.30999994277954 -3.57999992370605 -3.54999995229938 -3.57999992370605 -3.51999998092651 -3.51999998092651 -3.4900000095039 -3.54999995231628 -3.6800000667572 -3.71000003814697 -3.54999995199755 -3.49000000953674 -3.53999996185303 -3.73000001907349 -3.84999990464134 -4.13000011444092 -4.46000003814697 -4.44999980926514 -4.44999980926514 -4.82000017166138 -4.94999980926514 -5.11000011399136 -5.17999982833862 -5.19999980926514 -5.32000017166138 -5.38000011444092 -5.40999984741211 -5.46999979019165 -5.59999990463257 -5.76000022888184 -5.78999996185303 -5.80999994277954 -5.75 -5.44999980926514 -5.38000011444092
-3.4300000667572 -3.36999988555908 -3.28999996185303 -3.40000009536743 -3.30999994277954 -3.20000004768372 -3.50999999046326 -3.61999988555908 -3.70000004768372 -3.66000008583069 -3.64000010502865 -3.56999993340024 -3.74000000953674 -3.6800000667572 -3.6800000667572 -3.66000008583069 -3.54999995231628 -3.53999996185303 -3.5699999332428 -3.78999996185303 -3.73000001907349 -3.55999994277954 -3.51999998092651 -3.58999991416931 -3.79999995231628 -3.84999990463257 -4.05999994277954 -4.1399998664856 -4.07999992370605 -4.30000019073486 -4.63000011444092 -4.86000008204606 -4.94000005722046 -5.01999998092651 -5.11999988555908 -5.21999979019165 -5.32000017166138 -5.3600001335144 -5.42999982833862 -5.57000017166138 -5.65000008111138 -5.67999982833862 -5.71000003814697 -5.58999968148306 -5.19000043659152 -5.11000013351441
-3.47000002861023 -3.3199999332428 -3.0699999332428 -3.08999991416931 -3.13000011444092 -3.23000001907349 -3.2400000095549 -3.46000003815529 -3.67000007629395 -3.70000004768372 -3.79999995231628 -3.77999997138977 -3.89000010490417 -3.80999994277954 -3.86999988555908 -3.86999988555908 -3.83999991416931 -3.80999994277954 -3.71000003814697 -3.75 -3.69000005722046 -3.63000011444092 -3.55999994277954 -3.69000005722046 -3.83999991416931 -3.83999991416931 -4.01000022888184 -3.92000007629395 -4.05999994106968 -4.21000003814697 -4.48999977375403 -4.67000007629395 -4.84000010760327 -4.92000007629395 -5.09000015258789 -5.21999979019165 -5.28999996185303 -5.34000015258789 -5.36999988555908 -5.48000001907349 -5.51000022888184 -5.55000019073486 -5.54999980423846 -5.17000007629395 -5.07999992370605 -4.90000009536743
-3.27999997138954 -3.31999993324201 -3.16000008583001 -3.16000008583069 -3.1800000667572 -3.25999999046326 -3.58999991416931 -3.63000011444092 -3.82999992370605 -3.8199999332428 -3.85999989509583 -3.95000004768372 -4 -4.05999994277954 -3.99000000953674 -4.09999990463257 -4.09999990463257 -4.05000019073486 -4.01000022888184 -3.82999992370606 -3.80999994243983 -3.58999991416931 -3.60999989509583 -3.75 -3.81999993329026 -3.85999989509583 -3.99000000953674 -3.91000008583069 -3.98000001907349 -4.23999978400222 -4.55999994277954 -4.71999979019165 -4.78999996185303 -4.90000009536743 -5.03000020980835 -5.21000003814697 -5.26999998092651 -5.30000019073486 -5.32000017166138 -5.38000009857958 -5.3899998664856 -5.3899998664856 -5.15000009536743 -5.07000017166138 -4.8899998664856 -4.71999979019165
-3.15000009536739 -3.07999992370606 -2.75 -2.95000004768372 -3.10999989509582 -3.19000005722046 -3.49000000953674 -3.67000007629395 -3.90000009536743 -3.96000003814697 -4.09000015258789 -4.19999980926514 -4.13999986649349 -4.17999982833862 -4.07999992370605 -4.15000009536743 -4.19999980942523 -4.32999992370605 -4.17000007629394 -4.05000019073486 -3.77999997138977 -3.78999996185303 -3.69000005722046 -3.78999996185303 -3.85999989509583 -3.91000008583069 -3.98000001907349 -3.97000002861023 -4.11999988555908 -4.3899998664856 -4.78999996185303 -4.94000005417233 -4.98999977111816 -4.96999979019165 -5.01999998092651 -5.07999992370605 -5.23000001907349 -5.23000001907349 -5.26000022888184 -5.28000020980835 -5.30999994277954 -5.13000011444092 -4.9899997711183 -4.92000007629395 -4.88000011444092 -4.84999990463257
-3.05999994277954 -3.24000000953674 -2.88000011444092 -2.72000002861023 -3.03999996185303 -3.08999991416931 -3.39000010490417 -3.73000001907349 -3.81999993325104 -4.07000017166138 -4.28000020980835 -4.3899998664856 -4.38000011445278 -4.34999990463257 -4.15000009536743 -3.99000000953674 -4.01999998092651 -4.21999979019165 -4.21999979019165 -3.89000010490418 -3.75999999046326 -3.6800000667572 -3.75 -3.8199999332428 -3.85999989509583 -4 -4.03999997089691 -4.17000007629395 -4.34000015258789 -4.48000001907349 -5.17000007629395 -5.26000022888184 -5.34000015258789 -5.23000001907349 -5.11999988555908 -5.13000011444092 -5.21999979019165 -5.15999984741211 -5.23000000746003 -5.25 -5.15000014672058 -5.01999998092651 -4.94000005722046 -4.86999988555908 -4.96999979019165 -4.88999986648559
-2.97000002861019 -3.04999995231628 -2.79999995231628 -2.65000009536743 -2.7200000286111 -3.02999997138977 -3.29999995231628 -3.70000004768372 -3.93000006677156 -4.17000007629395 -4.48999977111816 -4.6399998664856 -4.63000011444092 -4.6399998664856 -4.46000003814697 -4.40999984741211 -4.19999980926514 -4.19000005722046 -4.07999992370605 -3.76999998092651 -3.71000003814697 -3.71000003814697 -3.8199999332428 -3.80999994291803 -3.92000007629395 -4.07000017614055 -4.19999980926514 -4.26000022888184 -4.46000003814697 -4.61999988555908 -5.07999992370605 -5.21000003814697 -5.3899998664856 -5.42000007629395 -5.36999988555908 -5.28999996185303 -5.26999998092651 -5.23999977111816 -5.23000001907349 -5.23000003041236 -5.1100001335144 -4.90999992688805 -4.84000015258789 -4.84999990463257 -4.90999984741211 -4.84999990463257
-2.82999992370606 -2.77999997138977 -2.63000011444092 -2.77999997138977 -2.91000008583069 -4.42999982833862 -3.40000009536743 -3.77999997138977 -3.98000001907349 -4.28000020980835 -4.69999980926514 -4.90000009536743 -4.8899998664856 -4.78000020980835 -4.82999992370605 -4.84000015258789 -4.65999984741211 -4.05000019073486 -3.9300000667572 -3.8299999233969 -3.70000004768372 -3.78999996185303 -3.90000009536743 -3.95000004768372 -4.15000009536743 -4.17999982833862 -4.34000015258789 -4.40000009536743 -4.61999988555908 -4.73999977111816 -4.78000020980835 -5.13000011444092 -5.40000009536743 -5.42999982833862 -5.44000005722046 -5.5 -5.32999992370605 -5.32999992928858 -5.33000001998562 -5.26000022888184 -4.98999977111816 -4.88000011444092 -4.76999998092651 -4.78999996185303 -4.78999997708661 -4.73000001907349
-2.67000007629393 -2.69000005722046 -2.5699999332428 -2.67000007629395 -2.92000007629419 -3.9300000667572 -3.3199999332428 -3.83999991416931 -4.13000011444092 -4.51000022888184 -4.86999988555908 -5.15999984741211 -5.15000009536743 -4.98000001907349 -5.03999996185303 -5.07999992369566 -4.86999988555908 -4.32999992370605 -4.01000022888184 -3.86999988555908 -3.80999994277954 -3.84999990463257 -3.91000008368957 -3.99000000953674 -4.30999994277954 -4.26000022888184 -4.21999979032641 -4.57999992370605 -4.84000015258789 -4.86999988555908 -4.84999990463257 -5.1100001335144 -5.32000017166138 -5.40999984506225 -5.40000009536743 -5.59000015258789 -5.3899998664856 -5.34999982317056 -5.34000015258789 -5.13999986648559 -4.84999998167759 -4.73000001907349 -4.65000009536743 -4.69999980926514 -4.69999980926514 -4.65999984741211
-2.75 -2.77999997138977 -3.36999988555908 -3.41000008583069 -3.38000011444092 -3.54999995231628 -3.30999994277954 -3.96000003814697 -4.30999994277954 -4.59999990463257 -4.86999988555908 -5.19000005722046 -5.28999996185303 -5.28000020980835 -5.13999986648559 -5.19000005722046 -4.94000005722046 -4.76999998092651 -4.34000015258789 -4.07000017166138 -3.90000009536743 -3.78999996185303 -3.80999994319681 -4.01999998092651 -4.34000015258789 -4.38999986648559 -4.23999977111816 -4.59000015258789 -4.8899998664856 -4.96000003802196 -4.92000007629395 -5.07000017166138 -5.23000001907349 -5.28000020980835 -5.28999996185303 -5.53999996185303 -5.3499998312659 -5.03999996185303 -5.01999998092651 -4.90000009536743 -4.76999998092651 -4.51999998092651 -4.46999979019165 -4.57999983054134 -4.6100001335144 -4.78999996185303
-3.47000002861023 -3.30999994277954 -2.99000000953674 -3.24000000953674 -3.07999992370605 -3.22000002861023 -3.34999990463257 -4.05000019073486 -4.26999998092651 -4.82999992370605 -4.90999984741211 -4.98000001912236 -5.34999990463257 -5.30999994277954 -5.23999977111816 -5.21999979019165 -4.80000019073486 -4.82999992370605 -4.25 -4.05000019110693 -3.89000010490417 -3.72000002861023 -3.72000002861023 -4.09000015258789 -4.42000007629394 -4.55000019073486 -4.42999982833862 -4.40000009536743 -4.8600001335144 -4.94000005722046 -4.94999980926514 -5 -5.1399998664856 -5.17000007629394 -5.15999984741211 -5.30999994277954 -5.13000011444092 -4.82999992370605 -4.75 -4.6700001024786 -4.53000020980835 -4.30000019073486 -4.32000017166138 -4.38000011444092 -4.57000017166138 -4.75
-3.20000004768372 -3.08999991416931 -2.79999995231628 -3.04999995231628 -3.27999997138977 -3.35999989509583 -3.46000003814697 -4.03000020980835 -4.34000015258789 -4.94999980926514 -5 -4.98999977113989 -5.21999979019165 -5.25 -5.26999998092651 -5.19999980926514 -5.01999998092651 -4.78999996085162 -4.46999978977327 -4.09999990463257 -3.74000000953674 -3.64000010490417 -3.70000004768372 -4.17999982833862 -4.57000017166138 -4.73000001913864 -4.6399998664856 -4.42999982833862 -4.71999979019165 -4.84999990463257 -4.8600001335144 -4.86999988555908 -4.94000005722046 -5.05000019073486 -5.03999996185303 -4.90000009536743 -4.88000011444092 -4.6399998664856 -4.55999994277954 -4.55000019073486 -4.42000007629395 -4.53000020980835 -4.34000015258789 -4.40999984741211 -4.55000019073486 -4.65999984741211
-3.17000007629394 -3.16000008583069 -3.15000009536743 -3.09999990463257 -3.3199999332428 -3.42000007629395 -3.86999988555908 -4.09999990463257 -4.3600001335144 -4.84999990463257 -4.98999977111816 -4.94000005722046 -5.21000003814697 -5.17000007629395 -5.19000005722046 -5.11999988480436 -4.67999982833862 -4.84000015258789 -4.59999990463257 -4.07000017166138 -3.72000002861023 -3.70000004768372 -3.75999999046326 -3.96000003814697 -4.21000003814697 -4.30000019073486 -4.32999992370605 -4.26999998092651 -4.40999984705211 -4.55999994277954 -4.69000005722046 -4.71999979019165 -4.82999992370605 -4.98999977111816 -4.8600001335144 -4.73000001907349 -4.69000005722046 -4.51000022888184 -4.42000007629395 -4.40000009536743 -4.42000007629395 -4.48000001907349 -4.5 -4.51999998092651 -4.63000011444092 -4.68000021744747
-2.88000011444092 -3.19000005722046 -3.25 -3.03999996185205 -3.13000011444153 -3.44000005722046 -3.95000004768372 -3.8800001144456 -4.42000007629395 -4.80000019073486 -4.96000003814697 -4.90999984741211 -5.28000020942651 -5.11999988532672 -4.94999980921021 -4.78000020980835 -4.46000003814697 -4.3899998664856 -4.44999980926514 -3.78999996185303 -3.77999997138977 -3.94000005658696 -3.59999990463257 -3.51999998092651 -3.54999995231628 -3.69000005722046 -3.91000008583069 -3.92000007629395 -4.01999998092651 -4.25 -4.36999988555908 -4.48000001823239 -4.59000006619452 -4.55999994277954 -4.75 -4.75 -4.59000015258789 -4.46000003814697 -4.42999982833862 -4.3600001335144 -4.42000007629395 -4.53000016353422 -4.61999988555908 -4.71000003814697 -4.78000020980835 -5.07999992370605
-2.82999992370605 -3.11999988555908 -3.03999996185303 -2.82999992370652 -3.13000011444106 -3.36999988555745 -4 -4.11999988555748 -4.42000007629394 -4.78000020976325 -4.88000011448231 -5.07999992370605 -5.19999980926514 -4.71999979019165 -4.61000013348293 -4.48000001907349 -4.26999998092651 -4.15000009536743 -4.07999992370605 -3.64000010490417 -3.79999995231628 -3.8199999332428 -3.22000002861023 -2.84999990463257 -3.1099998834672 -3.49000000953674 -3.63000011444092 -3.53999996185303 -3.75999999046326 -4.01999998092651 -4.15999984741211 -4.19999977640559 -4.32999992370605 -4.3600001335144 -4.55000017750598 -4.63000011444092 -4.53000020980835 -4.44000005722046 -4.46000003814697 -4.3899998664856 -4.44000005722046 -4.53999996185303 -4.71999979019165 -4.8600001335144 -5 -5.13000011444092
-2.75 -3.07999992370606 -3.13000011444092 -3.1800000667572 -3.26999998092651 -3.40000009536743 -3.68000006677462 -4.23999977112484 -4.57999992370605 -4.88000011444092 -4.94000005722046 -4.94999980926514 -4.92999982833862 -4.82999992370606 -4.57000017166138 -4.5 -4.09999990463257 -4.05000019120318 -4.09999990463257 -3.70000004768372 -3.72000002861023 -3.77999997138977 -2.66000008583069 -1.69000005722046 -1.57000005245209 -2.16000008583069 -2.8199999332428 -3.08999991416931 -3.44000005722046 -3.75999999046326 -3.94000001906574 -3.89000010490417 -4.23999977111816 -4.40999984741211 -4.42000007629395 -4.44000005722046 -4.48999977111816 -4.48000001907349 -4.42000007629395 -4.48000001907349 -4.46999979019165 -4.53999996185303 -4.78000020980835 -5.21999949016731 -5.30999994277954 -5.32000017166138
-2.64000010490417 -3.10999989509583 -3.19000005722046 -3.26999998092651 -3.35999989509582 -3.48000001907349 -4.21000003814697 -4.36999988555908 -4.63000011444092 -4.82999992370605 -4.98000001907349 -4.96999979019165 -4.96000003814697 -4.82999992370605 -4.67999982833862 -4.17999982833862 -4.03999996185303 -4.05999994305099 -4.1399998664856 -3.86999988555908 -3.50999999046326 -3.49000000953674 -2.26999998092651 -1.36000001430511 -0.370000004768372 -0.569999992847443 -1.73000001907349 -2.13000011444092 -3.01999998092651 -3.4999999542773 -3.61999988301121 -3.75 -4.07999992370605 -4.3899998664856 -4.48999977111816 -4.48999977111816 -4.40999984741211 -4.46000003814697 -4.44999980926514 -4.48999977111816 -4.55999994277954 -4.71000003814697 -4.83000013926838 -5.22999989236743 -5.32999992370605 -5.36999988555908
-2.49000000953674 -2.75999999046326 -3.20000004768372 -3.28999996185303 -3.42000007629395 -3.54999995231628 -4.28000020980835 -4.46999979019165 -4.71999979019165 -4.76000022888184 -4.80000019074209 -4.92000007629395 -4.92000007629395 -4.76000022888184 -4.65000009536743 -4.48000001907349 -4.11999988555908 -3.96000003814697 -3.98000001907349 -3.83999991416931 -3.57999992235645 -3 -2.13000011444092 -0.509999990463257 0.0299999993294477 -0.230000004172325 -1.52999997138977 -2.27999997138977 -2.7499999985189 -3.04999995231628 -3.29999995231628 -3.66000008583069 -4.03000020980835 -4.13000011444092 -4.48999977111816 -4.57000017166138 -4.46000004573972 -4.42000007629395 -4.42999982833862 -4.51000022888184 -4.6100001335144 -4.79000013352804 -5.1399998664856 -5.21000003814697 -5.28999996185303 -5.30999994277954
-2.53999996185303 -2.70000004768372 -3.11999988555908 -3.22000002861023 -3.3199999332428 -3.42000007629394 -4.32000017166138 -4.40999984741211 -4.67000007629395 -4.75 -4.67000007629938 -4.75 -4.78000020980835 -4.63999986648559 -4.57999992370605 -4.46000003814697 -4.09000015258789 -3.99000000953674 -4.01999998092651 -3.96000003814697 -3.80999994277954 -3.53999996185303 -2.25999999046326 -1.44000005510248 -1.05999994277954 -1.3400000333786 -1.8200000543789 -2.05999994277954 -2.76999998092651 -3.17000007629395 -3.42000007629395 -3.83999991416931 -4.01000022888184 -4.1399998664856 -4.42999982833862 -4.69999980926514 -4.69999980926514 -4.63000011444092 -4.46000003814697 -4.55000019073486 -4.80999994277954 -5.09999990463257 -5.21999973882051 -5.28000020980835 -5.28000020980835 -5.21999979019165
