SnowAccumulation_R/test/tmin/final_tmin_13_04_2009.asc
NCOLS 97 
NROWS 69 
XLLCORNER 52512.810182332 
YLLCORNER 5316225.2758522 
CELLSIZE 10000 
NODATA_value -9999 
[rows 40 to 59 of 69, columns 0 to 44 of 97]
-9999 -9999 1.95000004768372 -7.51999829221836 -8.18000007898867 -6.96999979019165 -7.59000015258789 -3.21000003814697 -2.73000001907349 1.23000001907349 -4.71000003814697 -0.990000009536743 -2.92000007629395 -4.1399998664856 -5.21999979019165 -5.8600001335144 -2.26999998092651 -0.879999995231628 -0.740000009536743 -0.430000007152557 0.0599999986588955 0.490000009536743 -1.40999996277401 -1.98000001728277 -1.3400000333786 -1.1900000568695 -1.1900000598439 -1.37000000476837 -0.769999980926514 -0.119999997317791 0.0299999993294477 -0.129999995231628 -0.310000002384186 0.0500000007450581 0.159999996423721 0.150000005960465 0.259999990463257 0.449999988079071 0.860000014305115 0.689999997615814 0.389999985694885 0.529999971389771 0.790000021457672 1.03999996185303 1.0900000333786
-9999 -9999 2.21000003814697 -5.67000007629394 -6.03000017454334 -6.65000009536743 -4.44999980926514 -6.5 -4.92000007629395 0.529999971389771 -4.26000022888184 -3.29999995231628 -1.83000004291534 -3.82999992370606 -4.03000020980835 -4.42999982833862 -2.3199999332428 -2.16000008583069 -0.560000002384186 0.239999994635582 0.280000001535928 -0.180000005140176 -0.949999988079071 -1.14999997615814 -1.0900000333786 -1.32000005245209 -1.46000003791988 -1.08000004291534 -1.01999998092651 -0.620000004768372 -0.529999971389771 -0.579999983310699 -0.660000026226044 -0.0700000002980232 0.25 0.379999995231628 0.189999997615814 0.319999992847443 0.620000004768372 0.519999980926514 0.769999980926514 0.97000002861023 1.05999994277954 0.980000019073486 1.13999998569489
-9999 -9999 1.5900000333786 -4.6100001335144 -6.38000011444092 -6.08000067132758 -6.69999980926514 -5.1100001335144 -4.37999995811656 -0.870000004768372 -3.09999990463257 -0.0200000395524847 -0.430000007152557 -2.73000001907349 -2.34999990463257 -4.75 -0.829999983310699 -4.55000017725357 0.44999997673054 0.709999977132918 0.889999985694885 0.400000005960465 -0.28999999165535 -0.579999982991561 -0.81000000178428 -0.670000016689301 -1.10000002384186 -1.12999999523163 -1.04999995231628 -0.939999997615814 -1.37999999523163 -1.63999998569489 -0.920000016689301 -0.819999992847443 -0.180000007152557 -0.00999999977648258 0.389999985694885 0.5 0.839999973773956 0.769999980926514 0.680000007152557 0.920000016689301 0.97000002861023 1.01999998092651 1.19000005722046
-9999 -9999 -2.04999995231628 -5.26999998092651 -4.94000005722046 -6.42999982833862 -5.16000001796224 -5.3899998664856 -1.61000001430511 -3.23000001907349 -0.620000004768371 -2.27999997138977 -3.92000007629395 -4.42000007629395 -1.77999997138977 -3.41000008583069 -0.209999993443489 -2.79999995231628 0.639999985694885 1.37000000476837 2.86999988555908 0.910000026226044 -0.0199999995529652 -0.550000011920929 -0.319999992847443 -0.779999971389771 -1 -1.26999998092651 -0.870000004768371 -0.870000004768371 -1.44000005722046 -1.66999995708466 -0.970000028610229 -0.529999971389771 -0.600000023841858 -0.0500000007450581 0.319999992847443 0.419999986886978 0.730000019073486 0.46000000834465 0.75 0.990000009536743 1.11000001430511 1.05999994277954 1.21000003814697
-9999 -9999 1.52999997138977 -4.23999977111816 -4.69000005722046 -6.76999998092651 -4.53000020980835 -5.23000086966524 -0.629999995231629 -0.949999988079071 1.61000001430511 -0.349999994039535 -1.5900000333786 -1.98000001907349 -3.98000001907349 -2.86999988555908 -0.340000003576279 -1.61000001430511 0.730000019073486 1.1599999666214 1.46000003814697 0.649999976158142 -0.0399999991059303 -0.230000004172325 -1.08000004291534 -0.310000002384186 -0.230000004172325 -0.500000000162709 -0.5 -0.740000009536743 -0.920000016689301 -1.08000004291534 -0.839999973773956 -0.46000000834465 -0.560000002384186 0.00999999977648258 0.560000002384186 0.839999973773956 0.810000002384186 0.819999992847443 1.07000005245209 1.08000004291534 1.1599999666214 1.21000003814697 1.3400000333786
-9999 -9999 1.76999998092651 -4.03000069546323 -5.76999998092651 -5.90000009536743 -5.99999999308287 -4.98999977111817 -4.28999962322135 -3.13000005565772 1.51999998092651 -0.899999976158142 -2.08999991678403 -4.30000019073486 -4.96000003814697 -2.13000011444092 -0.5 -0.610000014305115 0.810000002384186 0.920000016689301 0.879999995231628 0.629999995231628 0.189999997615814 -0.189999997615814 -0.170000001788139 -0.129999995231628 -0.340000003576279 0.10000000100108 0.529999970987425 -0.129999995231628 -0.769999980926514 -1 -0.639999985694885 -0.589999973773956 -0.349999994039536 0.330000013113022 0.709999978542328 0.949999988079071 0.939999997615814 0.970000028610229 1.20000004768372 1.16999995708466 1.23000001907349 1.30999994277954 1.37999999523163
-9999 -9999 2.16000008583069 -5.51000022888184 -4.80999994277954 -3.91000008583069 -4.34000015258789 -5.1399998664856 -5.28000020980835 -1.04999971436115 1.38999998569489 -1.22000002861023 -2.5699999332428 -4.13000011444092 -3.36999988555908 -3.11999988555908 -1.10000002384186 -1.85000002384186 -2.25 0.870000004768372 0.819999992847443 0.759999990463257 0.569999992847443 0.560000002384186 -0.139999998489862 -0.140000000596046 0.0399999985281102 0.439999997615814 1.47000002861023 0.0299999993294477 -0.610000014305115 -1.03999996185303 -1.10000002384186 -0.870000004768372 -0.109999999403954 0.419999986886978 0.740000009536743 1.04999995231628 1.00999999046326 1 1.23000001907349 1.35000002384186 1.3400000333786 1.36000001430511 1.52999997138977
-9999 -9999 2.66000008583069 -5.09999990463257 -3.58999991416931 -3.71000003814697 -3.61999988555908 -5.51000022888184 -4.09000015258789 -0.219999998807907 1.74999995676624 -0.850000023841858 -3.01999998092651 -3.88000011444092 -2.6800000667572 -2.82999992370605 -1.17999994754791 -0.550000011920929 1.07999992536083 0.939999997615814 0.800000011920929 0.709999978542328 0.610000014305115 0.670000016689301 0.289999992405105 0.0399999996377301 0.0199999995529652 -0.0199999995529652 0.0399999991059303 -0.319999992847443 -0.769999980926514 -1.25 -1.35000002384186 -0.860000014305115 -0.0799999982118607 0.389999985694885 0.589999973773956 1.16999995708466 1.02999997138977 0.930000007152557 1.20000004768372 1.41999995708466 1.45000004768372 1.38999998569489 1.58000004291534
-9999 -2.22000002861023 2.66000008583069 -2.80999994277954 -4.40999994527566 -3.30999994277954 -4.76999998092651 -4.84000000738005 -2.35999989509582 0.389999985694885 1.49000003150782 -1.11999985163938 -3.78999996185303 -2.69000005722046 -1.74000000953674 -2.38000011444092 -1.05999994277954 -0.850000023841858 -1.66999995708466 1.11000001430511 1.00999999046326 0.680000007152557 0.629999995231628 0.720000028610229 0.639999985694885 0.439999997615814 0.109999999403954 0.100000001490116 0.0900000035762787 -0.660000026226044 -1.21000003787925 -1.52999997138977 -1.1900000572966 -0.540000021457672 -0.00999999977648258 0.419999986886978 1.12999999523163 1.4099999666214 1.02999997138977 0.889999985694885 1.32000005245209 1.45000004768372 1.42999994754791 1.37999999523163 1.4099999666214
-9999 0.300000011920929 2.48000001907349 -4.01999998092651 -3.47000002861023 -4.25 -2.02999997138977 -1.83000004291534 -1.08000004291534 0.589999973773956 2.49000000953674 2.71000003814697 -3.44000002784694 -0.870000005396176 -0.75 -1.29999995231628 -1.22999989873157 -0.119999997317791 -0.779999971389771 0.799999979051109 1 1.1599999666214 1.10000002384186 0.879999995231628 0.810000002384186 0.490000009536743 0.0500000007450581 0.119999997317791 -0.0599999986588955 -1.30999994238862 -1.39999997615814 -1.17999994754791 -1.16999995708466 -0.629999995231628 -0.280000001192093 0.439999997615814 0.990000009536743 1.26999998092651 1.03999996185303 1 1.21000003814697 1.38999998569489 1.3400000333786 1.35000002384186 1.17999994754791
-9999 -4.88999986648559 -1.67999863945954 -3.3199999332428 -5.48000001907349 -4.40999984741211 -4.09999990463257 -3.54999995231628 -2.47000002861023 -0.490000009536743 1.16999995708466 2.59999990463257 -0.469999998807907 -0.860000014305115 -0.829999983310699 -1.38999998569489 -0.660000026226044 -0.0599999986588955 -0.0299999993294477 0.120000027874112 1.05999994277954 1.49000000953674 1.23000001907349 1.1599999666214 0.639999985694885 0.529999971389771 -0.370000004768372 -0.870000004361989 -0.870000004768372 -1.46000003808525 -1.51999998092651 -1.44000005722046 -1.19000005722046 -0.910000026226044 -0.310000002384186 0.0399999991059303 0.5799999833107 0.889999985694885 0.910000026226044 0.959999978542328 1.10000002384186 1.17999994754791 1.08000004291534 1.11000001430511 1.13999998569489
-9999 -3.51000063939128 3.33999991416931 -2.79999995231628 -5.05000019073486 -3.22000002861023 -3.01999998092651 -3.35999989509583 -3.53999985530764 0.0199999995529652 -0.140000000596046 -0.990000009536743 3.10999989509583 -0.670000016689301 -1.26999998092651 -0.490000019787598 -1.13999998569489 -0.330000013113022 -1.51999998092651 1.3400000333786 1.27999998845867 1.52999997138977 1.23000001907349 0.870000004768372 0.529999972180904 0.529999971389771 -0.759999989844073 -0.939999997615814 -1.39999997572311 -2.73000001907349 -1.62000000476837 -1.51999998092651 -1.20000004768372 -1.10000002384186 -0.600000023841858 -0.519999980926514 -0.300000011920929 -0.00999999977648258 0.610000014305115 0.740000009536743 0.730000019073486 0.939999997615814 0.959999978542328 1.12999999523163 1.3400000333786
-9999 -4.13000011444092 2.41000008583069 0.0299999993294477 -4.09000015258789 -1.9099999666214 -2.90000009536743 -2.97000002861023 -2.20000004768372 -0.409999996423721 -2.26999998092651 -1.02999997138977 0.180000007152557 3.45000004768372 0.649999976158142 -0.270000010728836 -1.04999993496622 -0.689999997615814 -1.27999997138977 1.11000001430511 1.67999997350982 2.26999998092651 1.25999999046326 0.860000014305115 0.629999995231628 0.259999990463257 -0.419999986886978 -0.810000002384186 -1.04999995231628 -1.41999995708466 -1.45000004766909 -1.20000004776757 -0.879999995231628 2.59999990463257 2.74999999999014 -0.810000002384186 -0.680000007152557 0.00999999977648258 0.159999996423721 0.319999992847443 0.379999995231628 0.479999989271164 0.699999988079071 0.949999988079071 0.980000019073486
-9999 -3.79999995231628 -4.07000017166138 3.1199988029971 -3.59999990463257 -0.930000007152557 -1.75 -2.75 -1.60000002384186 -0.589999973773956 -1.74000000953674 -0.519999980926514 0.200000002980232 3.71000003814697 0.769999995222211 0.0900000035762787 -0.170000001788139 -0.25 -0.170000001788139 0.259999990463257 1.46000003814697 1.32000005245209 1.27999997289947 0.800000011920929 0.550000011920929 0.0299999993294477 -0.610000014305115 -0.649999976158142 -0.479999989271164 -1.24000000953674 -1.39999997617764 -1.4099999666214 2.99000000953674 3.13000011444092 3.29999995230355 3.48000001907349 3.92000007629395 4.51000022887699 4.86999988555908 5.30999994277954 5.44999980926514 0.430000007152557 5.69000005722046 0.769999980926514 0.569999992847443
-9999 -3.55999994277954 -1.87000000476837 2.80999994277954 0.319999992847443 -0.870000004768371 -1.07000005245209 -1.69000005722046 -0.819999992847443 -0.379999995231628 -1.80999994277954 -0.439999997615814 0.569999992847443 3.05999994277954 2.50999999046326 -0.209999993443489 -0.340000003576279 -0.980000019073486 -0.180000007152557 -0.489999944541999 0.670000015286484 1.3200000222364 1.35000002384186 0.709999978542328 0.219999998807907 -0.209999993443489 -0.649999976158142 -0.25 -0.159999996423721 -1.24999999951027 -1.35000002384186 -1.62000000476837 2.82999992370606 2.80999994277954 3.54999995231628 3.90000009536743 4.38000011444092 5.01000022887657 5.30000019073486 5.73999977111816 5.82000017166138 5.98999977111816 6.17999982833862 6.24999999999999 6.03000020980835
-9999 -3.16999990362951 -2.1800000667572 -0.0299999993294477 3.98000001907349 -0.759999990463257 0.889999985694885 -0.589999973773956 -1.1599999666214 -1.37999999523163 -1.08000004291534 -0.379999995231628 -0.0299999993294477 2.73000001907349 3.92000007629395 -0.109999999403954 0.170000001788139 -0.540000021457672 0.400000005960465 1.87000000476837 0.699999988079071 0.440000007747603 -0.0799999982118607 2.40000009409003 0.400000005960464 0.389999985694885 0.490000009536743 0.389999985694885 -0.0900000034623197 -0.610000014305115 -0.870000004768372 -1.47000002861023 3.38000011444092 3.25 3.30999994277954 3.77999997138977 4.75 5.38999986648079 5.73000001907349 6.17999982833862 6.32000017166138 6.28999996185303 6.69999980926514 6.84000015258789 6.51999998092651
-9999 -1.03999996185303 -1.46749997138977 0.252499997615814 1.51750009486312 1.38499999046326 0.819999992847443 -0.219999998807907 -0.0900000035762787 -0.25 0.28999999165535 -0.819999992847443 -0.889999985341409 1.87999999523163 4.23000001907349 1.48000001907349 -0.0900000035762787 -0.600000023841858 0.550000011920929 2.42000007629395 0.620000004768372 0.0900000035762787 0.219999998600059 2.6800000667572 2.8199999332428 1.12000000476837 1.61000001430511 0.949999988079071 0.589999973773956 0.439999997615814 -0.28999999165535 -0.839999973773956 -0.910000026226044 4.05000019073486 4.34999990463257 4.44999980926514 5.01999998092651 5.55000019073486 5.96000003814697 6.53000020980835 6.76000022888182 6.84999990463257 6.92000007629395 6.86000013351424 6.51999998092651
-9999 -0.314999997615814 -1.04250001907349 -0.822499990463257 0.967499971389771 2.02250003814697 0.654999971389771 0.292499953261685 -1.40499997138977 -0.307500004768372 0.150000005960464 -0.109999999403954 -0.850000023841858 0.697499990463257 3.26250004768372 0.337500120032938 -1.17499995231628 0.0375000089406967 0.444999992847443 1.28250002861023 1.01250004768372 -0.795000016689301 -0.942499995231628 1.08749997615814 1.59999998494375 2.88000011444092 1.75 1.66999995708466 1.19000005722046 0.699999988079071 3.92000007629395 4.03000020980835 4.09000015258789 4.36999988555908 4.32000017166138 4.21999979019165 5.21999979019165 5.76000022888184 5.92000007629394 6.40999984741211 6.26000022888193 6.5 6.25 6.1700000762939 5.84999990463257
-9999 0.207499995827675 0.297499613756001 -1.86000001430511 0.897499978542328 1.83500003814697 2.17000007629394 0.557500004768372 -1.23249995708466 0.142499998211861 0.102499994912883 0.0550000108778477 -0.384999990463257 0.517499983310699 2.79749989509583 2.48000001907349 0.477500110864639 0.0475000105798244 0.342499995646126 0.867499887943268 0.995000004768372 -0.0524999797344208 -0.759999990463257 0.0650000870227814 -0.602500021457672 -2.07750010490417 2.42750000998542 2.13000011574387 2.39499998092651 2.24000000974925 2.30749988555908 2.16000008583069 2.38750004768372 2.4375 2.37249994277954 2.40750002861023 2.58999991416931 2.9300000667572 3.14000010490418 3.08249998092651 1.50750005245482 2.52999997138977 3.14249992370605 2.92249989509551 3.01500010490417
-9999 0.332500010728836 -0.632499992847443 -1.25999999046326 1.28750002384186 1.72000004596108 2.1875 0.752499997615814 0.1875 0.247500002384186 -0.507499992847443 0.0599999986588955 0.725000023841858 1.27499997615814 1.6599999666214 3.35999989509582 3.27500009536743 -1.125 -1.0974999666214 0.332500010728836 0.0624999888241291 0.667500024938722 -0.425000011920929 -0.107500001788139 -0.354999989271164 -0.0100000398233533 1.59249997138977 2.32750010490417 1.84249997138977 2.18499994238094 2.07500004768372 2.1949999332428 2.3050000667572 2.28500008583069 2.4449999332428 2.4449999332428 2.54250001907349 3.08999991416931 3.39499998092651 3.15000009536743 2.07500004768409 2.6324999332428 2.39499998092651 2.1949999332428 1.83249998092651
