SnowAccumulation_R/test/tmin/final_tmin_09_04_2009.asc
NCOLS 97 
NROWS 69 
XLLCORNER 52512.810182332 
YLLCORNER 5316225.2758522 
CELLSIZE 10000 
NODATA_value -9999 
[rows 20 to 39 of 69, columns 0 to 44 of 97]
-9999 -9999 -9999 -9999 -6.94999980926514 -6.36999988555908 -6.23999977111816 -4.32999992370605 -5.44000005722046 -5.3899998664856 -5.01999998092651 -4.98000001907349 -4.90999984741211 -4.92999982833862 -5.03000020980835 -5.21000003814697 -5.30000019073486 -5 -4.03999996185303 -3.69000005722046 -3.13000011444092 -1.69000005722046 -1.87999999523163 -1.45000004400476 -1.12000000476837 -0.759999990463257 -0.910000026226044 -1.1599999666214 -0.819999992847443 -0.280000001192093 -0.790000021457672 -0.829999983310699 -0.569999992847443 -0.860000014305115 -1.07000005245209 -1.5 -1.29999995231628 -0.920000016689301 -0.790000021457672 -0.649999976158142 -0.730000019073486 -0.779999971389771 -0.730000019073486 -0.620000004768371 -0.589999973773956
-9999 -9999 -9999 -9999 -6.05999994277954 -6.03999996185303 -5.73000001907349 -5.21000003814697 -5.8899998664856 -5.59000015258789 -5.51000022888184 -5.07999992370606 -4.8899998664856 -4.94999980926514 -4.88999986648559 -4.90000009536743 -4.94999980926514 -4.71000003814697 -3.85999989509582 -3.57999992370605 -3 -2.00999999046326 -1.50999999046326 -1.02999997138977 -0.9200000081592 -0.490000009536743 -0.689999997615814 -0.759999990463257 -0.469999998807907 -0.319999992847443 -0.259999990463257 -0.949999988079071 -0.509999990463257 -0.439999997615814 -0.639999985694885 -0.839999973773956 -0.97000002861023 -1.01999998092651 -0.980000019073486 -0.910000026226044 -0.899999976158142 -1.03999996185303 -0.949999988079115 -0.8299999833107 -0.560000002384186
-9999 -9999 -9999 -9999 -5.57000017166138 -6.30000019073486 -5.61999988555908 -5.15000009536743 -5.67000007629394 -5.82999992370605 -5.28000020980835 -5.28999996185303 -4.98999977111816 -4.98000001907349 -4.8899998363181 -4.6100001335144 -4.59999990463257 -4.30000019073486 -3.88000011444092 -3.71000003814697 -2.78999996185303 -2.09999990463257 -1.72000002861023 -1.12000000476837 -0.449999993816018 -0.589999973773956 -0.639999985694885 -0.589999973773956 -0.490000009536743 -0.0599999986588955 -0.219999998807907 -0.920000016689301 -0.479999989271164 -0.52999997138977 -0.600000023841858 -0.720000028610229 -0.709999978542328 -0.97000002861023 -1.13999998569489 -1.1599999666214 -1.13999998569489 -1.12000000476837 -1.03999996185303 -1.02999997138977 -0.980000019073486
-9999 -9999 -9999 -6.1100001335144 -5.84999990463257 -5.09000015258789 -5.53999996185303 -5.69999980926514 -5.90999984741211 -5.69000005722046 -5.36999988555908 -5.48000001907349 -4.92000007629395 -4.73000001667895 -4.5 -3.80999994277954 -3.98000001907349 -3.99000000953674 -3.66000008583069 -2.90000009536743 -2.74000000953674 -1.98000001907349 -1.82000005245209 -1.6599999666214 -1.00999999046326 -1.20000004768372 -0.889999988639728 -0.670000016689301 -0.560000002384186 -0.379999995231628 -0.340000003576279 -0.100000001490116 0.0700000002980232 -0.439999997615814 -0.529999971389771 -0.629999995231628 -0.629999995231629 -0.370000004768372 -0.589999973773956 -0.699999988079071 -1.25999999046326 -1.32000005245209 -1.21000003814697 -1.24000000953674 -1.25999999046326
-9999 -9999 -9999 -6.32999992370605 -6.07000017166138 -5.71000003814697 -6.21000003814697 -5.59000015258789 -5.88000011444092 -5.84999990463257 -5.3899998664856 -5.17000006637353 -4.92000007629395 -4.42000007629395 -4.01000022888184 -3.80999994277954 -3.92000007629395 -3.6800000667572 -3.22000002861023 -3.15000009536743 -2.50999999046326 -2.21000003814697 -2.0699999332428 -1.61000001430511 -1.30999994277954 -1.20000004858777 -1.20000004768372 -1.07000005245209 -0.860000014305115 -0.709999978542328 -0.400000005960465 -0.0700000002980232 -0.0500000007450581 0.0599999986588955 0.189999997615814 -0.0500000007450581 -0.129999995231628 -0.360000014305115 -0.569999992847443 -0.819999992847443 -1.23000001907328 -1.3799999952314 -1.35000002384186 -1.37999999523165 -1.42999994754791
-9999 -9999 -9999 -6.30000019073486 -5.89999993232463 -5.59999990463257 -5.69999980926514 -5.61999988555908 -6.32000017166138 -5.38000011444092 -5.46000003814697 -4.48999977111816 -4.42000007629395 -4.30999994277954 -4.26000022888184 -4.11999988555908 -4.01000022888184 -3.24000000953674 -3.19000005722046 -3.24000000953674 -2.64000010490417 -2.23000001907349 -1.9099999666214 -1.85000002384186 -1.52999997138977 -1.47000002861023 -1.32000005245209 -1.30999994218443 -0.920000016689301 -0.550000011920929 -0.419999986886978 -0.180000007152557 0.0700000002980232 0.100000001490116 0.230000004172325 0.109999999403954 -0.189999997615814 -0.270000010728836 -0.680000007152557 -0.779999971389771 -0.870000004768371 -1.17999994754791 -1.27999997138977 -1.3400000333786 -1.44000005722046
-9999 -9999 -9999 -6.16999851849731 -6.25 -4.8899998664856 -5.73000001907349 -5.78999996185303 -5.51000022888184 -5.71000003814697 -5.32999992370605 -5 -4.17000007629395 -4.28999996185303 -3.92000007629395 -3.86999988555908 -3.25999999046326 -3.03999996185303 -3.26999998092651 -3.44000005722046 -2.70000004768372 -2.09999990463257 -1.95000004768372 -2.15000009536743 -1.83000004291534 -1.45000004768372 -1.32000005236051 -1.22000002834881 -0.699999988079071 -0.560000002384186 -0.360000014305115 0.0900000035762787 0.170000001788139 0.140000000596046 0.119999997317791 0.0799999982118607 0.0199999995529652 -0.189999997615814 -0.409999996423721 -0.75 -0.800000011920929 -1.08000004291534 -1.19000005722046 -1.27999997138977 -1.39999997615814
-9999 -9999 -9999 -4.84000015258789 -5.05999994277954 -4.85000017785173 -6.13000011444092 -5.07999992370605 -5.32000017166138 -5.1399998664856 -4.90999984741211 -4.84999990463257 -4.69999980926514 -3.59999990463257 -3.55999994277954 -3.52999997138977 -3.04999995231628 -3.0699999332428 -3.0699999332428 -2.88000011444092 -2.66000008583069 -2.36999988555908 -2.09999990463257 -1.9099999666214 -1.77999997138977 -1.44000005722046 -1.44000005722046 -1.07000005245209 -0.670000016959748 -0.589999973588856 -0.360000014305115 0.119999997317791 0.28999999165535 0.310000002384186 0.209999993443489 0.100000001490116 0.0900000035762787 -0.0399999991059303 -0.25 -0.519999980926514 -0.75 -0.899999976158142 -1.12000000476837 -1.20000004768372 -1.39999997615814
-9999 -9999 -9999 -4.07000017166138 -5.17000007629395 -5.38000011444092 -5.19999980926514 -5.3600001335144 -4.94000005722046 -4.98000001907349 -4.76000022888184 -4.69000005722046 -4.46999979019165 -4.42000007629395 -3.50999999046326 -3.11999988555908 -3.13000011444092 -3.03999996185303 -2.92000007629395 -2.54999995231628 -2.29999995231628 -2.17000007629395 -2.14000010490417 -2.02999997138977 -1.51999998092651 -1.44000005722046 -1.35000002384186 -0.920000016689301 -0.720000026915036 -0.529999971389771 -0.340000003576279 0.140000000596046 0.509999990463257 0.779999971389771 0.28999999165535 0.159999996423721 0.100000001490116 -0.0700000002980232 -0.200000002980232 -0.379999995231628 -0.670000016689301 -0.8299999833107 -0.889999985694885 -1.11000001430511 -1.30999994277954
-9999 -9999 -9999 -3.99000000953674 -4.80999994277954 -4.46999979019165 -4.7199997619605 -4.71000003814697 -4.26999998092651 -4.65999984741211 -4.92999982833862 -4.59000015258789 -4.51000022888184 -4.26000022888184 -3.07999992370605 -3.08999991416931 -3.08999991416931 -3.16000008583069 -2.89000010490417 -2.5 -2.20000004768372 -2.05999994277954 -1.99000000953674 -1.70000004768372 -1.4099999666214 -1.30999994277954 -1.16999995708466 -0.600000023841858 -0.0399999991059303 -0.0599999986588955 -0.109999999825913 0.150000005595386 0.379999995231628 0.469999998807907 0.400000005960464 0.150000005960464 0.109999999403954 0.0799999982118607 -0.0199999995529652 -0.180000007152557 -0.629999995231628 -0.800000011920929 -0.949999988079071 -1.08000004291534 -1.24000000953674
-9999 -9999 -9999 -2.94000063250984 -4.03999996185303 -4.17000007629395 -4.40000016381974 -4.84000015258789 -4.63000011444092 -4.25 -4.65000008657382 -4.28999996185303 -4.07999992370605 -4.11999988555908 -3.0699999332428 -3.0699999332428 -3 -2.98000001907349 -2.80999994277954 -2.57999992370605 -2.1800000667572 -1.87000000476837 -1.80999994277954 -1.62999999523163 -1.26999998092651 -1.24000000953674 -0.509999990463257 -0.219999998807907 0.180000007152557 -0.0599999981495581 -0.319999992034119 -0.129999995231628 0.449999988079071 0.519999980926514 0.360000014305115 0.259999990463257 0.0900000035762787 0.230000004172325 0.00999999977648258 -0.0500000007450581 -0.610000014305115 -0.680000007152557 -1.02999997138977 -1 -1.05999994277954
-9999 -9999 -9999 -3.00999999046326 -4.17000007629395 -3.55999994277954 -4.46000003814697 -4.44999992416429 -4.67000007629395 -4 -4.03999996185303 -4.09000015258789 -3.97000002861023 -3.86999988555908 -3.22000002861023 -3.00999999046326 -3.00999999046326 -2.99000000953674 -2.75999999046326 -2.48000001907349 -2.22000002861023 -1.82000005245209 -1.73000001907349 -1.67999994754791 -1.32000005245209 -1.03999996185303 -0.490000009536743 -0.270000010728836 -0.0299999993294477 -0.0199999995529652 0.159999996423721 0.259999990463257 0.439999997408781 0.519999980686698 0.409999996423721 0.360000014305115 0.239999994635582 0.239999994635582 0.219999998807907 -0.00999999977648258 -0.300000011920929 -0.379999995231628 -0.699999988079071 -0.759999990463257 -1.01999998092651
-9999 -9999 -9999 -3.98000001907349 -3.10999985042968 -3.95000004768372 -3.57999992370605 -4.25 -4.1700000500976 -4.15999984741211 -3.94000005722046 -3.8199999332428 -3.8199999332428 -3.73000001907349 -3.20000004768372 -3.10999989509582 -3.11999988555908 -2.74000000953674 -2.64000010490417 -2.47000002861023 -2.1800000667572 -1.96000003814697 -1.57000005245209 -1.39999997615814 -1.14999997615814 -0.740000009536743 -0.439999997615814 -0.479999989271164 -0.170000001788139 0.100000001490116 0.860000014305115 0.259999990312662 0.180000006846548 0.0199999995529652 0.0900000035762787 0.100000001490116 0.100000001490116 -0.370000004768372 -0.25 -0.430000007152557 -0.589999973773956 -0.639999985694885 -0.639999985694885 -0.699999988079071 -0.709999978542328
-9999 -9999 -9999 -3.65000009536743 -2.97000002861023 -2.38000011444092 -3.63000011444092 -3.3199999332428 -3.88000011444092 -3.99999985577242 -3.90000009536743 -3.76999998092651 -3.75999999046326 -3.75 -2.98000001907349 -3.0699999332428 -3.16000008583069 -3.00999999046326 -2.53999996185303 -2.30999994277954 -2.13000011444092 -1.88999998569489 -1.30999994277954 -1.42999994754791 -1.17999994754791 -0.779999971389771 -0.579999983310699 -0.280000001192093 -0.219999998807907 0.0700000002980232 -0.0599999986588955 -0.200000002980232 -0.340000003576279 -0.469999998807907 -0.649999976158142 -0.43000000717456 -0.239999994658679 -0.419999986886978 -0.360000014305115 -0.330000013113022 -0.479999989271164 -0.579999983310699 -0.680000007152557 -0.600000023841858 -0.649999976158142
-9999 -9999 -9999 -4.1399998664856 -3.46000003814697 -2.59999990463257 -2.32999992370605 -3.78999996185303 -3.3199999332428 -3.71000003814697 -3.75999994691568 -3.60999989509583 -3.57999992370605 -3.63000011444092 -2.91000008583069 -3.01999998092651 -3.33999991416931 -3.07999992370605 -2.75 -2.25999999046326 -2.07999992370605 -1.75 -0.939999997615814 -1.38999998569489 -1.19000005722046 -0.759999990463257 -0.46000000834465 -0.349999994039536 -0.300000011920929 -0.280000001192093 -0.479999989271164 -0.560000002384186 -0.540000021457672 -0.759999990463257 -0.720000028610229 -0.589999973773956 -0.589999973773956 -0.670000016689301 -0.509999990463257 -0.0500000007472234 -0.289999991655746 -0.469999998808024 -0.579999983310373 -0.790000021457556 -0.680000007152674
-9999 -9999 -4.15000009536743 -3.83999991416931 -4.65999984741211 -2.79999995231628 -2.08999991416931 -2.86999988555908 -3.48000001907349 -2.61999988555908 -3.58999991416931 -3.49999999400327 -3.39000010490417 -3.46000003814697 -2.75 -2.28999996185303 -2.97000002861023 -3.00999999046326 -2.78999996185303 -2.58999991416931 -2.04999995231628 -1.74000000953674 -1.60000002384186 -1.5 -1.04999995231628 -0.920000016689301 -0.560000002384186 -0.349999994039536 -0.330000013113022 -0.5 -1.00999999046326 -1.00999999046326 -1.10000002384186 -1.12000000476837 -1.0900000333786 -0.629999995231628 0.170000001788139 -0.829999983310699 -0.509999990469124 -0.360000014307396 -0.460000008345395 -0.519999980926514 -0.439999997615814 -0.740000009536743 -0.730000019073486
-9999 -9999 -4.53000020980835 -4.67999982833862 -3.8199999332428 -4.07999992370606 -3.27999997138977 -2.03999996185303 -3.13000011444092 -3.47999996304675 -3.50999999046326 -3.51999998092651 -3.25999999046326 -3.33999991416931 -3.02999997138977 -2.88000011444092 -3.1800000667572 -3.07999992370606 -3.00999999046326 -2.75999999046326 -2.01999998092651 -1.71000003814697 -1.6599999666214 -1.62999999523163 -0.879999997089719 -0.709999978886313 -0.759999990463257 -0.379999995231628 -0.340000003576279 -0.560000002384186 -0.990000009536743 -0.910000026226044 -1.17999994754791 -1.30999994277954 -1.45000004768372 -1.01999998092651 -1.16999995708466 -1.72000002861023 -1.27999997138977 -1.02999997138977 -0.899999976158142 -0.819999992847443 -0.600000023841858 -0.310000002384186 -0.259999990463257
-9999 -9999 -3.92000007629395 -3.47000002861023 -3.69000005722046 -3.89000010490417 -3.70999996691523 -1.97000002861023 -1.76999998092651 -3.35999989509582 -2.91000008583069 -3.40000009536743 -3.38000011444092 -3.32999992370605 -3.39000010490417 -3.57999992370605 -3.59999990463257 -3.38000011444092 -3 -2.86999988555908 -2.44000005722046 -1.86000001430511 -1.79999995231628 -1.72000002861023 -0.9200000166893 -0.670000016689301 -0.550000011920929 -0.330000013113022 -0.0599999986588955 -0.209999993443489 -0.600000023841858 -0.670000016689301 -1.10000002384186 -1.33000004291534 -1.23000001907349 -1.26999998092651 -1.62999999523163 -2.13000011444092 -1.37999999523163 -1.10000002384186 -0.959999978542328 -0.870000004768372 -0.629999995231629 -0.430000007152557 -0.0799999982118607
-9999 -9999 -3.5699999332428 -3.02999997138977 -3.22000002861023 -4.1399998664856 -3.4300000667572 -2.83999991416931 -1.13999998569489 -3.20000004768372 -3.25999999046326 -3.39000010490417 -3.51999998092651 -3.20000004854113 -3.11999988555908 -4.19000005722046 -4 -3.49000000953674 -3.22000002861023 -2.84999990463257 -2.51999998092651 -2.13000011444092 -1.9099999666214 -1.77999997138977 -1.24000000953674 -0.699999988079071 -0.129999995231628 0.589999973773956 0.409999996423721 -0.239999994635582 -0.360000014305115 -0.779999971389771 -0.870000004768371 -1.14999997615814 -1.17999994754791 -1.14999997615814 -1.41999995708466 -1.25999999046326 -1.1599999666214 -1.03999996185303 -0.779999971389771 -0.930000007152557 -0.699999988079071 -0.560000002384186 -0.5
-9999 -9999 -1.56999913021199 -2.6800000667572 -3.80999994277954 -3.30999994277954 -3.1800000667572 -2.88000011444092 -0.970000028610229 -2.42000007629395 -3.23000000985723 -2.28999996185303 -3.27999997138977 -3.48000001907349 -3.45000004768372 -3.74000000953674 -3.67000007629395 -3.33999991416931 -3.19000005722046 -2.92000007629395 -2.77999997138977 -2.79999995231628 -1.94000005722046 -1.39999997615814 -0.889999985694885 -0.439999997615814 0.25 0.560000002384186 0.360000014305115 -0.230000004172325 -0.870000004768372 -0.349999994039536 -0.569999992847443 -0.800000011920929 -0.819999992847443 -0.939999997615814 -0.990000009536743 -0.75 -0.670000016689301 -0.709999978542328 -0.769999980926514 -0.740000009536743 -0.740000009536743 -0.810000002384186 -0.419999986886978
