SnowAccumulation_R/test/tmin/final_tmin_11_04_2009.asc
NCOLS 97 
NROWS 69 
XLLCORNER 52512.810182332 
YLLCORNER 5316225.2758522 
CELLSIZE 10000 
NODATA_value -9999 
[rows 40 to 59 of 69, columns 0 to 44 of 97]
-9999 -9999 -1.89999997615814 -6.50999951402991 -6.76999989280166 -6.32000017166138 -6.51000022888184 -5.26000022888184 -5.15000009536743 -2.98000001907349 -5.84999990463257 -4.90999984741211 -5.73000001907349 -5.82000017166138 -5.76999998092651 -5.69999980926514 -5.76999998092651 -5.01000022888184 -5.11999988555908 -5.21000003814697 -5.21999979019165 -6.32000017166138 -2.63000011795213 -2.32999992464854 -2.38000011444092 -1.5599999441421 -1.5599999362981 -0.540000021457672 -0.709999978542328 -0.419999986886978 -0.280000001192093 -0.660000026226044 -1.13999998569489 -1.82000005245209 -2.04999995231628 -2.63000011444092 -3.16000008583069 -3.33999991416931 -3.50999999046326 -3.29999995231628 -3.04999995231628 -2.5 -1.33000004291534 -0.589999973773956 0.189999997615814
-9999 -9999 -1.74000000953674 -5.67999982833862 -5.94000000432358 -6.17999982833862 -5.51000022888184 -6.15000009536743 -5.76999998092651 -3.45000004768372 -5.76000022888184 -5.63999986648559 -5.42999982833862 -5.78999996185303 -5.78000020980835 -5.69999980926514 -5.71000003814697 -5.65999984741211 -5.1100001335144 -4.53000020980835 -4.53999996239334 -3.339999919419 -2.58999991416931 -2.39000010490417 -2.25 -0.949999988079071 -0.689999998037561 -0.709999978542328 -0.699999988079071 -0.910000026226044 -0.839999973773956 -0.930000007152557 -0.920000016689301 -1.64999997615814 -2.25 -2.5 -3.05999994277954 -3.24000000953674 -3.27999997138977 -3.02999997138977 -2.59999990463257 -1.9099999666214 -0.930000007152557 -0.0199999995529652 0.270000010728836
-9999 -9999 -1.9099999666214 -5.15000009536743 -5.98000001907349 -5.94000030393551 -6.17999982833862 -5.75 -5.57999987530104 -4.28999996185303 -5.46999979019165 -4.17000010046948 -4.75 -5.69000005722046 -5.71000003814697 -5.69000005722046 -5.61999988555908 -5.51000022936331 -4.23999977793846 -4.11000013421911 -3.63000011444092 -3.30999994277954 -2.47000002861023 -2.05999994335399 -1.74000001037139 -1.37000000476837 -0.899999976158142 -0.949999988079071 -0.899999976158142 -1.1599999666214 -1.00999999046326 -0.970000028610229 -1.21000003814697 -1.4099999666214 -2.10999989509583 -2.32999992370605 -2.47000002861023 -2.67000007629395 -2.77999997138977 -3.05999994277954 -2.77999997138977 -1.27999997138977 -0.330000013113022 0.100000001490116 0.409999996423721
-9999 -9999 -3.6800000667572 -5.38000011444092 -5.34000015258789 -6.01000022888184 -5.63999989175226 -5.78999996185303 -4.46999979019165 -5.28999996185303 -4.28999996185303 -5.34000015258789 -5.69999980926514 -5.73999977111816 -5.59000015258789 -5.6399998664856 -5.46000003814697 -5.44000005722046 -4.26000022888184 -3.65000009536743 -3.40000009536743 -3.09999990463257 -2.41000008583069 -1.20000004768372 -1.36000001430511 -1.13999998569489 -0.990000009536743 -1.1599999666214 -1.25 -1.37999999523163 -1.16999995708466 -1.05999994277954 -1.37999999523163 -1.62000000476837 -2.25999999046326 -2.15000009536743 -2.02999997138977 -2.22000002861023 -2.49000000953674 -4.01999998092651 -2.69000005722046 -1.01999998092651 -0.25 0.28999999165535 1.33000004291534
-9999 -9999 -1.61000001430511 -4.82000017166138 -5.15999984741211 -6.09999990463257 -5.26999998092651 -5.69000031239801 -3.71000003814697 -4.07000017166138 -2.47000002861023 -4.30000019073486 -5.11999988555908 -5.42999982833862 -5.6399998664856 -5.57000017166138 -5.40000009536743 -5.36999988555908 -4.1399998664856 -3.95000004768372 -3.49000000953674 -2.92000007629394 -2.10999989509583 -1.11000001430511 1.70000004768372 -1.08000004291534 -1.80999994277954 -2.04999995214106 -2.04999995231628 -2.32999992370605 -1.77999997138977 -1.73000001907349 -1.85000002384186 -1.96000003814697 -2.19000005722046 -1.73000001907349 -1.95000004768372 -1.82000005245209 -2.05999994277954 -2.25 -1.58000004291534 -0.819999992847443 0.0799999982118607 0.490000009536743 1.41999995708466
-9999 -9999 -1.26999998092651 -4.62000014655731 -5.57999992370605 -5.71999979019165 -5.78999996323648 -5.5 -5.41999992034519 -5.07999990207384 -2.38000011444092 -4.5 -5.19000005870213 -5.6399998664856 -5.69000005722046 -5.46000003814697 -5.32999992370605 -5.28000020980835 -4.32000017166138 -4.19999980926514 -3.85999989509583 -3.48000001907349 -2.4300000667572 -1.32000005245209 -1.33000004291534 -1.80999994277954 -1.98000001907349 -2.52999997108883 -3.01999998046803 -2.79999995231628 -2.26999998092651 -2.17000007629395 -1.9099999666214 -1.66999995708466 -1.69000005722046 -1.73000001907349 -1.62000000476837 -1.50999999046326 -1.23000001907349 -1.38999998569489 -0.860000014305115 0.189999997615814 0.540000021457672 1.21000003814697 1.58000004291534
-9999 -9999 -0.860000014305115 -5.3600001335144 -5.07000017166138 -4.76000022888184 -5.1100001335144 -5.48999977111816 -5.61999988555908 -3.93999979695699 -2.27999997138977 -4.53999996185303 -5.30000019073486 -5.55999994277954 -5.46000003814697 -5.3899998664856 -5.28000020980835 -5.17999982833862 -5.01999998092651 -4.65000009536743 -3.86999988555908 -3.30999994277954 -2.75999999046326 -2.30999994277954 -2.34999990428598 -2.34999990463257 -2.51999998152084 -2.92000007629395 -3.40000009536743 -2.83999991416931 -2.69000005722046 -2.36999988555908 -1.86000001430511 -1.8400000333786 -1.72000002861023 -1.5900000333786 -1.5 -1.01999998092651 -0.819999992847443 -0.660000026226044 -0.189999997615814 0.310000002384186 1.10000002384186 1.35000002384186 2.20000004768372
-9999 -9999 -0.46000000834465 -5.09000015258789 -4.34000015258789 -4.55999994277954 -4.67000007629395 -5.57000017166138 -5.11999988555908 -2.84999990463257 -1.82000000921829 -4.11999988555908 -5.28999996185303 -5.44999980926514 -5.30000019073486 -5.26999998092651 -5.17000007629395 -5.09000015258789 -4.42999985710196 -4.84999990463257 -5.01999998092651 -3.76999998092651 -3.11999988555908 -2.65000009536743 -2.68000006635555 -2.51999998126687 -2.74000000953674 -3.45000004768372 -3.45000004768372 -3.09999990463257 -2.75 -2.3199999332428 -2.13000011444092 -1.89999997615814 -1.64999997615814 -1.24000000953674 -1.08000004291534 -0.730000019073486 -0.370000004768372 0 0.180000007152557 0.790000021457672 1.25 1.70000004768372 2.19000005722046
-9999 -3.10999989509582 -0.340000003576279 -3.69000005722046 -4.7199998561927 -4.23999977111816 -5.15000009536743 -5.23999970863483 -4.13000011444092 -2.02999997138977 -1.52999996768678 -4.12999994344686 -5.34000015258789 -5.15000009536743 -5.05999994277954 -5.13000011444092 -5.03999996185303 -4.96000003814697 -4.76000022888184 -5.30000019073486 -5.07000017166138 -3.75 -3.15000009536743 -2.63000011444092 -2.49000000953674 -2.45000004768372 -2.75 -3.1800000667572 -3.53999996185303 -3.86999988555908 -2.57999992397864 -2.27999997138977 -1.98000001914067 -1.67999994754791 -1.50999999046326 -1.24000000953674 -0.689999997615814 -0.319999992847443 0.00999999977648258 0.270000010728836 0.720000028610229 0.819999992847443 1.41999995708466 1.62999999523163 1.85000002384186
-9999 -1.42999994754791 -0.319999992847443 -4.3600001335144 -4.17999982833862 -4.69999980926514 -3.46000003814697 -3.50999999046326 -2.99000000953674 -1.62999999523163 -1.29999995231628 -1.46000003814697 -5.17000004482232 -4.4699997904059 -4.57000017166138 -4.92000007629395 -4.90000008304896 -4.88999986648559 -4.61999988555908 -4.80999998048317 -4.55999994277954 -4.15999984741211 -3.67000007629395 -3.25 -2.97000002861023 -2.29999995231628 -2.76999998092651 -3.25 -3.39000010490418 -2.95000004802663 -2.22000002861023 -1.92999994754791 -1.8400000333786 -1.52999997138977 -1.50999999046326 -1.12000000476837 -0.709999978542328 -0.270000010728836 -0.140000000596046 0 0.560000002384186 0.349999994039535 1.25 1.57000005245209 1.97000002861023
-9999 -4.63000011444092 -2.62999933476107 -3.85999989509582 -5.21999979019165 -4.71999979019165 -4.69000005722046 -4.53999996185303 -4.01000022888184 -2.70000004768372 -1.9099999666214 -1.58000004291534 -3.38000011444092 -4.07000017166138 -4.42999982833862 -4.76000022888184 -4.71999979019165 -4.73999977111816 -4.55000019073486 -5.59000012585111 -4.3899998664856 -3.8199999332428 -3.49000000953674 -3.07999992370606 -1.50999999046326 -1.73000001907349 -2.4300000667572 -2.45000004786151 -2.45000004768372 -2.69000005738506 -2.16000008583069 -1.98000001907349 -1.80999994277954 -1.55999994277954 -1.26999998092651 -0.980000019073486 -0.790000021457672 -0.379999995231628 -0.25 0.200000002980232 0.509999990463257 0.579999983310699 1.19000005722046 1.57000005245209 2.08999991416931
-9999 -3.73000037958915 0.280000001192093 -3.46000003814697 -4.94000005722046 -4.03999996185303 -4 -4.3600001335144 -4.53000014870142 -2.30999994277954 -2.72000002861023 -3.5 -1.85000002384186 -3.71000003814697 -4.32000017166138 -4.19999976484477 -4.51000022888184 -4.48000001907349 -4.26999998092651 -4.67000007629395 -4.21999978720461 -3.74000000953674 -3.29999995231628 -3 -1.6900000582844 -1.69000005722046 -2.23000001860491 -2.25999999046326 -2.52999997113442 -3.27999997138977 -2.10999989509583 -1.29999995231628 -1.05999994277954 -0.839999973773956 -0.540000021457672 -0.620000004768372 -0.519999980926514 -0.259999990463257 -0.230000004172325 0.230000004172325 0.25 0.5 1.24000000953674 1.82000005245209 2.24000000953674
-9999 -4.03999996185303 -0.0799999982118607 -1.48000001907349 -4.3600001335144 -3.11999988555908 -3.85999989509583 -4.07000017166138 -3.78999996185303 -2.66000008583069 -4.1100001335144 -3.58999991416931 -2.85999989509582 -1.87999999523163 -2.76999998092651 -3.89000010490417 -4.30000016973214 -4.23000001907349 -4.05999994277954 -3.94000005722046 -4.15000012132933 -3.04999995231628 -2.95000004768372 -2.78999996185303 -1.88999998569489 -1.41999995708466 -1.50999999046326 -1.64999997615814 -1.98000001907349 -1.99000000953674 -1.29999995272102 -0.709999978740227 -0.349999994039536 -0.389999985694885 -0.300000011924515 -0.589999973773956 -0.759999990463257 -0.6700000166893 -0.529999971389771 -0.0799999982118607 0.0399999991059303 0.170000001788139 1.02999997138977 1.63999998569489 1.62000000476837
-9999 -3.79999995231628 -4.07999992370606 0.319999319765171 -4.01999998092651 -2.41000008583069 -3.0699999332428 -3.88000011444092 -3.34999990463257 -2.78999996185303 -3.74000000953674 -3.20000004768372 -2.85999989509583 -1.89999997615814 -2.85999989111178 -3.46000003814697 -3.76999998092651 -3.72000002861023 -3.76999998092651 -3.48000001907349 -3.66000008583069 -3.35999989509583 -2.80999993501539 -2.36999988555908 -1.83000004291534 -1.32000005245209 -0.910000026226044 -1.02999997138977 -1.50999999046326 -1.42999994754791 -0.899999976216623 -0.200000002980232 -0.280000001192093 -0.109999999403954 -0.0599999986588955 -0.0799999982118607 -0.0900000035762787 -0.0199999995537219 0.0599999986588955 0.209999993443489 0.28999999165535 0.529999971389771 0.850000023841858 1.49000000953674 1.29999995231628
-9999 -3.63000011444092 -2.6800000667572 0.219999998807907 -1.44000005722046 -2.39000010490418 -2.70000004768372 -3.19000005722046 -2.82999992370606 -2.67000007629395 -3.69000005722046 -3.11999988555908 -2.6800000667572 -2.11999988555908 -2.36999988555908 -3.52999997138977 -3.52999997138977 -3.49000000953674 -3.25 -3.27999995320943 -2.80999994400701 -3.35999987624567 -2.45000004768372 -1.91999995708466 -0.699999988079071 -0.620000004768372 -0.259999990463257 -0.5 -1.11000001430511 -0.629999995728256 -0.509999990463257 0.0599999986588955 0.389999985694885 0.560000002384186 0.239999994635582 0.119999997317791 0.0299999993294477 0.0599999986584022 0.119999997317791 0.259999990463257 0.319999992847443 0.529999971389771 0.8299999833107 1.00999999046328 1.41999995708466
-9999 -3.35999981287476 -2.86999988555908 -1.6599999666214 0.730000019073486 -2.32999992370605 -1.5 -2.49000000953674 -3.00999999046326 -3.29999995231628 -3.22000002861023 -3.02999997138977 -2.94000005722046 -2.07999992370605 -1.79999995231628 -3.28999996185303 -3.20000004768372 -3.19000005722046 -2.92000007629395 -2.52999997138977 -2.25 -2.38000010513062 -2.24000000953674 -1.36000001458131 -0.649999976158142 -0.660000026226044 -0.75 -0.829999983310699 -0.930000008016746 -0.150000005960464 -0.109999999403954 0.409999996423721 0.519999980926514 0.709999978542328 0.660000026226044 0.439999997615814 0.109999999403954 0.109999999403371 0.180000007152557 0.319999992847443 0.400000005960465 0.560000002384186 0.899999976158142 1.04999995231628 1.39999997615814
-9999 -2.75999999046326 -3.17000007629394 -0.824999988079071 -0.269999984540288 0.0925000011920929 -1.57000005245209 -2.26999998092651 -2.38000011444092 -2.65000009536743 -2.46000003814697 -3.15000009536743 -3.28999996161738 -2.21000003814697 -1.46000003814697 -2.50999999046326 -3.01999998092651 -3 -2.64000010490417 -2.10999989509583 -2.03999996185303 -2.07999992370605 -1.91999995355124 -0.959999978542328 -0.9200000166893 -0.660000026226044 -1.20000004768372 -0.699999988079071 -0.899999976158142 -0.660000026226044 -0.319999992847443 0.180000007152557 0.439999997615814 0.610000014305115 0.490000009536743 0.430000007152557 0.200000002980232 0.150000005960465 0.239999994635582 0.389999985694885 0.60000002384181 0.75 0.990000009536743 1.09000003337871 1.36000001430511
-9999 -1.98500001430511 -2.44749999046326 -1.82500004768372 -0.33500000834465 0.439999997615814 -0.189999997615814 -0.790000014284469 -1.70249998569489 -2.85500001907349 -2.02749991416931 -2.3824999332428 -2.57750010490417 -1.5349999666214 -1.05999994277954 -2.13000010423004 -3.46250009536743 -3.01749992370605 -2.75500011444092 -2.67000007629395 -2.4300000667572 -4.05999994277954 -4.0625 -2.19000005722046 -0.530000019545163 0.340000003576279 0.889999985694885 -0.159999996423721 -0.360000014305115 -0.379999995231628 0.379999995231628 0.620000004768372 0.670000016689301 0.670000016689301 0.660000026226044 0.639999985694885 0.370000004768372 0.319999992847443 0.349999994039536 0.469999998807907 0.560000002384091 0.699999988079071 0.829999983310699 0.920000016689306 1.11000001430511
-9999 -1.83500003814697 -1.46750023746885 -2.80749988555908 0.275000005960464 0.479999989271164 1.08000004291534 -0.232500001788139 -1.58249998092651 -1.86000001430511 -2.30749989054972 -2.20749998092651 -2.45250010490417 -1.48000001907349 -1.02499997615814 -1.53750002384186 -2.51500010490418 -2.9375 -2.95000005090903 -2.75250005722046 -2.53999996185303 -3.4375 -3.97499990463257 -3.46499991416931 -3.65499997138977 -5.02500009536743 -0.627499995666393 -1.34749996457863 -1.00999999046326 -1.38250005223613 -1.30999994277954 -1.25 -1.12999999523163 -0.862500011920929 -0.725000023841858 -0.762499988079071 -0.537500023841858 -0.215000003576279 -0.0775000005960464 0.625 -0.30000001191979 -0.202500000596046 -0.212500005960464 -0.187500000000283 -0.324999988079071
-9999 -2.23250007629395 -1.83000004291534 -2.14000010490417 0.872500121593475 0.382499967234288 0.560000002384186 -0.862500011920929 -0.990000009536743 -1.69249999523163 -2.86500000953674 -1.98749995231628 -1.49000000953674 -1.39999997615814 -1.50750005245209 -2.33500003814697 -2.59500002861023 -3.41499996185303 -3.94000005722046 -3.04999995231628 -3.41750001907349 -2.77250002843675 -3.68499994277954 -4.10500001907349 -4.19999980926514 -2.80250000953674 -1.28250002861023 -1.18499994277954 -1.9099999666214 -1.29750001473342 -1.41499996185303 -1.33000004291534 -1.17499995231628 -0.944999992847443 -0.839999973773956 -0.9375 -0.752499997615814 -0.142499998211861 -0.115000002086163 0.192499995231628 -0.60250002145748 -0.550000011920929 -0.620000004768372 -0.714999973773956 -0.665000021457672
