SnowAccumulation_R/test/tmin/final_tmin_19_04_2009.asc
NCOLS 97 
NROWS 69 
XLLCORNER 52512.810182332 
YLLCORNER 5316225.2758522 
CELLSIZE 10000 
NODATA_value -9999 
[rows 0 to 19 of 69, columns 45 to 89 of 97]
-9999 -9999 -9999 -9999 -9999 -9999 -9999 -9999 -9999 -9999 -9999 -9999 -9999 -9999 -9999 -9999 -9999 -9999 -9999 -9999 -9999 -9999 -9999 -9999 -9999 -9999 -9999 -9999 -9999 -9999 -9999 -9999 -9999 -9999 -9999 -9999 -9999 -9999 -9999 -9999 -2.0699999332428 -2.20000004768372 -2.32999992370605 -2.42000007629395 -2.48000001907349
-9999 -9999 -9999 -9999 -9999 -9999 -9999 -9999 -9999 -9999 -9999 -9999 -9999 -9999 -9999 -9999 -9999 -9999 -9999 -9999 -9999 -9999 -9999 -9999 -9999 -9999 -1.33000004291534 -1.22000002861023 -1.17999994754791 -1.08000004291534 -0.810000002384186 -0.610000014305115 -0.610000014305115 -0.769999980926514 -0.930000007152557 -1.12999999523163 -1.35000002384186 -1.63999991365072 -1.76999998092651 -1.87000006473004 -2.00999999046326 -2.16000008583069 -2.25999999046326 -2.33999991416931 -2.42000007629395
-3.45000004768372 -3.46000003814697 -3.46000003814697 -3.4300000667572 -3.41000008583069 -3.48000001907349 -3.5699999332428 -3.6800000667572 -3.8199999332428 -3.90000009536743 -3.98000001907349 -4.03000020980835 -4.01000022888184 -3.94000005722046 -3.89000010488357 -3.77999997138977 -3.57999992370605 -3.30999994277954 -3.04999995231628 -2.78999996185303 -2.66000008563735 -2.4300000667572 -2.15000009536743 -1.87999999523163 -1.62000000782376 -1.39999997664754 -1.28999996185303 -1.14999997615814 -1.12000000476837 -1.12999999523163 -0.920000016689301 -0.699999988079071 -0.600000023841858 -0.740000009536743 -0.889999985694885 -1.0900000333786 -1.27999994459606 -1.38999998569489 -1.66999986547743 -1.77999997138977 -1.92999994754791 -2.13000011444092 -2.1800000667572 -2.28999996185303 -2.42000007629395
-3.69000005722046 -3.55999994277954 -3.51999998092653 -3.5 -3.46000003814697 -3.54999995231628 -3.67000007629395 -3.82999992370605 -3.92000007629746 -4.1100001335144 -4.28000020980835 -4.32999992370605 -4.32000017166138 -4.23000001907349 -4.17999982833862 -4.03000020980835 -3.83999991416931 -3.5 -3.19000005722046 -2.90000009536743 -2.76999998092651 -2.5 -2.24000000953674 -1.91999996061875 -1.69000005722046 -1.53999996185303 -1.29999995231628 -1.0900000333786 -1.03999996185303 -1.07000005245209 -0.860000022452064 -0.709999978542328 -0.610000014305115 -0.75 -0.899999976158142 -1.0900000333786 -1.16999995708466 -1.36000002394611 -1.57000005245209 -1.75 -1.9099999666214 -1.99000000953674 -2.15000009536743 -2.25999999046326 -2.4300000667572
-3.85999989509582 -3.67000007629395 -3.50999999046326 -3.47000002861023 -3.48000001907349 -3.53999996185303 -3.71000003814697 -3.9300000667572 -4.05000019073954 -4.28999996185303 -4.51000022888184 -4.61999988555908 -4.6100001335144 -4.48999977111816 -4.40000009536743 -4.19999980926514 -3.95000004768372 -3.64000010490417 -3.30999994277954 -3.15000009511402 -2.82999992370605 -2.54999995231628 -2.29999995231628 -2.00999999046326 -1.65999996675053 -1.52999997138977 -1.27999997138977 -1.07000005245209 -0.949999988079071 -0.949999988079071 -0.949999988079071 -0.75 -0.680000007152557 -0.779999971389771 -0.899999976158142 -1 -1.24999998382849 -1.41999995708466 -1.58000004291534 -1.75 -1.9099998957278 -1.97000002861023 -2.11999988555908 -2.27999997138977 -2.34999990463257
-3.78999996185303 -3.5699999332428 -3.4300000667572 -3.36999988555908 -3.35999989509583 -3.44000005722046 -3.66000008583069 -3.97000002861023 -4.13000011444092 -4.44999980926514 -4.71999979019165 -4.86999988555908 -4.8600001335144 -4.78999996181557 -4.57999992370605 -4.32999992370605 -4.05000019073486 -3.77999997138977 -3.44000005722046 -3.24000000953674 -2.88000011520786 -2.59999990463257 -2.29999995231628 -2.01999998092651 -1.85000002384186 -1.50999999046326 -1.27999997138977 -1.08000004291534 -0.889999985694885 -0.839999973773956 -0.810000002384186 -0.75 -0.709999978542328 -0.790000021457672 -0.920000008040382 -0.990000009536743 -1.17999994754791 -1.38999998569489 -1.58000004291534 -1.74999994583369 -1.82000005245209 -1.95000004768372 -2.10999989509583 -2.25 -2.32999990234393
-3.48000001907349 -3.3199999332428 -3.2699999809265 -3.20000004768372 -3.23000001907349 -3.32999992370605 -3.57999992370606 -3.94000005722046 -4.15000009536743 -4.55000019073486 -4.92000007629395 -5.13000011444092 -5.07000017166138 -4.98000001903209 -4.71999979019165 -4.42999982833862 -4.1399998664856 -3.84999990463257 -3.69000005739264 -3.41000008583069 -2.98000001907349 -2.59999990463257 -2.25999999046326 -2.00999999046326 -1.88999998569489 -1.5 -1.25 -1.05999994277954 -0.889999985694885 -0.810000002384186 -0.730000019073486 -0.709999978542328 -0.720000028610229 -0.819999992847443 -0.879999995231628 -0.980000019073486 -1.1599999666214 -1.3400000333786 -1.54999995231628 -1.62000000476837 -1.78999996185303 -1.94000005722046 -2.08999991416931 -2.23000001907349 -2.29999995231628
-2.97000002861023 -2.9300000667572 -2.93000006675723 -2.97000002861023 -3.03999996185303 -3.17000007629394 -3.46000003814697 -3.89000010490418 -4.11999988555908 -4.57000017166138 -5.05999994277954 -5.42000007629395 -5.26999998092651 -5.11999988555908 -4.78999996185303 -4.48999977111816 -4.19000005722046 -3.89000010490417 -3.73000001907349 -3.41000008583069 -3.04999995231628 -2.59999990463257 -2.24000000953674 -2.09999990449061 -1.87999999523163 -1.48000001907349 -1.21000003814697 -1.02999997138977 -0.939999997615814 -0.810000002384186 -0.699999988079071 -0.709999978542328 -0.709999978542328 -0.740000009536743 -0.839999973773956 -0.990000009536743 -1.1599999666214 -1.32000005245209 -1.4099999666214 -1.58000004291534 -1.76999998092651 -1.95000004768372 -2.07999992370605 -2.16000008583069 -2.25999999046326
-2.34999990463257 -2.47000002861023 -2.54999995231628 -2.70000004768372 -2.79999995231628 -2.92000007629395 -3.25 -3.74000000953674 -4.01000022888184 -4.42000007629395 -4.96000003814697 -5.69000005722046 -5.30000019073486 -5.11999988555908 -4.78000020939338 -4.42000007629394 -4.15999984741211 -3.89000010490417 -3.74000000953674 -3.42000007629395 -3.04999995231628 -2.63000011444092 -2.21000003814697 -2.0699999332428 -1.82000005245209 -1.48000001907349 -1.19000005722046 -0.970000029563322 -0.899999976158142 -0.779999971389771 -0.689999997615814 -0.660000026226044 -0.670000015861373 -0.670000016689301 -0.819999992847443 -0.97000002861023 -1.12000000476837 -1.28999992823461 -1.37999999523163 -1.55999994277954 -1.76999998092651 -1.92999994754791 -1.99000000953674 -2.08999991416931 -2.22000013122092
-1.70000004768372 -2.02999997138977 -2.20000004768372 -2.46000003814697 -2.54999995231628 -2.58999991416931 -2.92000007629395 -3.1700000762989 -3.65000009536743 -4.03999996185303 -4.55000019073486 -5.05000019073486 -5.07000017082603 -4.51999998092651 -4.44999980926514 -4.30000019073486 -4.1100001335144 -3.99000000939282 -3.73000001907349 -3.40000009536743 -3.05999994277954 -2.71000003814697 -2.48000001867921 -2.0699999332428 -1.77999997138977 -1.45000004768372 -1.17999994754791 -1.02999997138977 -0.819999992847443 -0.689999997615814 -0.620000004768372 -0.620000004768372 -0.560000002384186 -0.639999985694885 -0.769999980926514 -0.930000007152557 -1.08000004291534 -1.16999995708466 -1.37000000476837 -1.51999998092651 -1.74000000953674 -1.88999989646721 -1.98000001907349 -2.14000019301526 -2.26999998092651
-1.37999999523163 -1.74000000953674 -1.94000005722046 -2.24000000953674 -2.33999991416931 -2.3199999332428 -2.63000011444092 -2.83999991417318 -3.18000006670691 -3.45000004752586 -3.02999997138977 -3.66000008583069 -3.88000011448297 -4.13000011444092 -4.21000003814697 -4.17000007629395 -4.03000020980835 -3.95000004768372 -3.71000003814697 -3.40000009536743 -3.0699999332428 -2.72000002861023 -2.52999997138977 -2.17000007629395 -1.76999998092651 -1.39999997615814 -1.12000000536733 -0.990000009536743 -0.75 -0.610000014305115 -0.550000011920929 -0.490000008457153 -0.509999990463257 -0.579999983310699 -0.720000028610229 -0.860000014305115 -0.939999997615814 -1.14999997615814 -1.30999994277954 -1.51999998092651 -1.70000004768372 -1.82000005245209 -2.01999998092651 -2.19000005722046 -2.27999997138977
-1.25999999046326 -1.59000003337837 -1.77999997138975 -2.06999993324238 -2.2300000190733 -2.31999993324361 -2.49000000953674 -2.51999998092651 -2.54999995231628 -2.4300000667572 -2.39000010490417 -3.20000004768372 -3.47000002861023 -3.82999992370606 -4 -4.05000019073486 -3.97000002861023 -3.91000008583069 -3.71000003814697 -3.40000009536743 -3.04999995231628 -2.6800000667572 -2.50999999046326 -2.1800000667572 -1.78999996185303 -1.4099999666214 -1.19000005722046 -0.899999976158142 -0.689999997615814 -0.519999980926514 -0.370000004768372 -0.379999995231628 -0.449999988079071 -0.529999971389771 -0.660000026226044 -0.799999994327858 -0.870000004768372 -1.10000002384186 -1.28999996185303 -1.50999999046326 -1.62999999523163 -1.82000005245209 -2.0699999332428 -2.24000000953674 -2.31999985916647
-0.839999973773956 -1.36000001430511 -1.62000000476849 -1.87000000476837 -2.13000011444092 -2.45000004768372 -2.49000000953674 -2.49000000953674 -2.47000002861023 -2.4300000667572 -2.5 -3 -3.24000000953674 -3.61999988555908 -3.84999990463257 -3.96000003814697 -3.970000028591 -3.90000009536743 -3.72000002861023 -3.40000009536743 -3.00999999046326 -2.80999994236171 -2.44000005722046 -2.08999991416931 -1.75999999046326 -1.4099999666214 -1.13999998569489 -0.800000011920929 -0.589999952172913 -0.300000011920929 -0.259999990463257 -0.28999999165535 -0.360000014305115 -0.469999998807907 -0.560000002384186 -0.660000026226044 -0.850000023841858 -1.07000005245209 -1.26999998092651 -1.48999981777037 -1.61000001430511 -1.83000004291534 -2.11999988555908 -2.28999996185303 -2.30999994277954
-0.740000009536743 -1.19000005722046 -1.37999999523163 -1.70000004768372 -2.00999999046326 -2.33999991416931 -2.46000003814697 -2.47000002861023 -2.49000000953674 -2.50999999046326 -2.6800000667572 -2.99000000953674 -3.1800000667572 -3.50999999046326 -3.75999999046326 -3.90000009536743 -3.93000006677656 -3.9300000667572 -3.75999999046326 -3.41000008583069 -2.98000001907349 -2.75999999046326 -2.34999990463257 -1.98000001907349 -1.62999999523163 -1.44000005722046 -1.02999997138977 -0.689999981696903 -0.319999992847443 -0.150000005960464 -0.150000005960465 -0.200000002980232 -0.270000010728836 -0.370000004768372 -0.430000007152557 -0.610000014305115 -0.829999983310699 -1.05999994277954 -1.20000004768372 -1.28999996185303 -1.56999995768042 -1.76999998092651 -2.11999988555908 -2.21000003814697 -2.28999996185303
-0.910000026226044 -1.14999997615814 -1.26999998092651 -1.52999997138977 -1.85000002384186 -2.1800000667572 -2.40000009536743 -2.48000001907349 -2.57999992370605 -2.66000008583069 -2.78999996185303 -2.90000009539212 -3.1800000667572 -3.47000002861023 -3.70000004768372 -3.85999989509582 -3.9300000667572 -3.97000002861023 -3.83999991416931 -3.4300000667572 -3.18000006622518 -2.69000005722046 -2.25 -1.86000001430511 -1.49000000953674 -1.28999996185303 -0.889999974133399 -0.490000009536743 -0.209999993443489 -0.100000001490116 -0.0700000002980232 -0.119999997317791 -0.180000007152557 -0.330000013113022 -0.409999996423721 -0.529999971389771 -0.75 -0.930000007152557 -1.04999995231628 -1.21000003814697 -1.45000004768372 -1.69000005722046 -1.95999989461491 -2.05999994277954 -2.20000004768372
-1.13999998569489 -1.19000005722046 -1.24000000953674 -1.35000002384186 -1.73000001907349 -2.11999988555908 -2.42000007629395 -2.52999997138977 -2.6800000667572 -2.79999995231628 -2.94000005722046 -3.02999997138977 -3.23000001907349 -3.45000004768372 -3.65000009536743 -3.8199999332428 -3.89000010490417 -3.96000003814697 -3.94000005722046 -3.38000011444092 -3.10999989509583 -2.57999992370605 -2.10999989509583 -1.71000003814697 -1.3400000333786 -1.00999999046326 -0.740000009536743 -0.419999986886978 -0.189999997615814 -0.119999997317791 -0.0500000007450581 -0.0599999986588955 -0.129999995231628 -0.180000007152557 -0.310000002384186 -0.479999989271164 -0.639999985694885 -0.879999955190871 -0.949999988079071 -1.02999997138977 -1.28999996185303 -1.54999995231628 -1.67999994754791 -1.87999999523163 -2.05999994277954
-1.25999999046326 -1.27999997138977 -1.30999994277954 -1.38999998569489 -1.70000004768372 -2.14000010490417 -2.33999991417099 -2.64000010490418 -2.8199999332428 -2.96000003814697 -3.0699999332428 -3.14000010490417 -3.27999997138977 -3.45000004768372 -3.59999990463257 -3.66000008587529 -3.77999997138977 -3.84999990463257 -3.6800000667572 -3.22000002861023 -2.94000005722046 -2.42000007629395 -1.96000003814697 -1.55999993524735 -1.24000000953674 -0.920000016689301 -0.649999976158142 -0.370000004768372 -0.200000003896872 -0.129999995231628 -0.0599999986588955 -0.0500000007450581 -0.0799999982118607 -0.129999995231628 -0.239999994635582 -0.389999985694885 -0.540000021457672 -0.649999976158142 -0.670000016689301 -0.850000023841858 -1.0900000333786 -1.22000002861023 -1.5 -1.71000003814697 -1.89999997615814
-1.37999999523163 -1.41999995708466 -1.45000004768372 -1.49000000953674 -1.74000000953674 -2.25 -2.48000001907522 -2.8199999332428 -3 -3.09999990463257 -3.19000005722046 -3.23000001907349 -3.32999992370605 -3.4300000667572 -3.52999997138977 -3.55999994277954 -3.59999990463257 -3.57999992370605 -3.36999988555908 -3.19000005677853 -2.72000002861023 -2.22000002861023 -1.78999995408 -1.26999998092651 -1.12000000476837 -0.850000023841858 -0.600000023841858 -0.360000014305115 -0.280000001192093 -0.140000000596046 -0.0700000002980232 -0.0299999993294477 -0.0399999991059303 -0.100000001490116 -0.200000002980232 -0.319999992847443 -0.429999952782721 -0.499999911099335 -0.550000011920929 -0.649999976158142 -0.899999893447323 -1.03999996185303 -1.32000005245209 -1.53999996185303 -1.72999985875226
-1.49000000953674 -1.58000004291534 -1.62000000476837 -1.72000002861023 -1.96000003814697 -2.5 -2.73000001907548 -3.05999994277954 -3.21000003814697 -3.25 -3.27999997138977 -3.30999994277954 -3.35999989509583 -3.41000008583069 -3.45000004768372 -3.45000004768372 -3.41000008583069 -3.26999998092651 -2.99000000953674 -2.8199999332428 -2.47000002054167 -1.76999998092651 -1.46000003814697 -1.3099999423952 -1.03999996185303 -0.790000021457672 -0.560000002384186 -0.360000014669413 -0.270000010728836 -0.150000005960464 -0.0799999982118607 -0.0399999991059303 -0.0399999991059303 -0.109999999403954 -0.159999996423721 -0.230000004172325 -0.279999953715754 -0.28999999165535 -0.379999995231628 -0.490000009536743 -0.620000004768372 -0.899999976158142 -1.1599999666214 -1.37000000476837 -1.49000000953674
-1.5900000333786 -1.74000000953674 -1.83000004291534 -2 -2.26999998092651 -2.75 -3.01999998092651 -3.33999991416931 -3.39000010490417 -3.36999988555908 -3.34999990463257 -3.35999989509583 -3.36999988555908 -3.38000011444092 -3.36999988555908 -3.34999990463257 -3.25 -3.0699999332428 -2.74999999812134 -2.38000011444092 -1.88999998569489 -1.37999999523163 -1.28999996185303 -1.22000002861023 -1.00999999046326 -0.779999971389771 -0.550000011920929 -0.449999988079071 -0.270000010728836 -0.159999996423721 -0.100000001490116 -0.0799999982118607 -0.0700000002980232 -0.0900000035762787 -0.0900000035762787 -0.129999983895805 -0.119999997317791 -0.170000001788139 -0.25 -0.300000011920929 -0.509999990463257 -0.759999990463257 -1.00999999046326 -1.12000000476837 -1.33000004291534
