SnowAccumulation_R/test/tmin/final_tmin_09_04_2009.asc
NCOLS 97 
NROWS 69 
XLLCORNER 52512.810182332 
YLLCORNER 5316225.2758522 
CELLSIZE 10000 
NODATA_value -9999 
[rows 40 to 59 of 69, columns 45 to 89 of 97]
-0.239999994635582 0.140000000596046 0.280000001192093 0.180000007152557 -0.5 -0.610000014305115 -0.689999997615814 -1.25 -1.23000001907349 -1.25999999046326 -1.27999997138977 -1.28999996185303 -1.42999994754791 -1.61000001430511 -1.66999995711337 -1.75999999046326 -1.85000002384186 -1.86000001430511 -1.95000004768372 -2.09999990463257 -2.24000000953674 -2.27999997138977 -2.28999996185303 -2.38000011444092 -2.45000004768372 -2.5699999332428 -2.74999998931004 -2.72000002940724 -2.92000007629395 -2.96000003814697 -3.11999988520605 -3.25 -3.4300000667572 -3.52999997138977 -3.5699999332428 -3.76999998092651 -3.9300000667572 -4.01999998092651 -4.05000019073486 -3.85999989509583 -3.75 -3.70000004768372 -3.54999995231629 -3.50999999046326 -3.52999997138977
0.189999997615814 0.189999997615814 0.150000005960464 0.209999993443489 -0.0599999986588955 -0.349999994039535 -0.660000026226044 -1.1599999666214 -1.10000002384186 -1.0900000333786 -1.03999996185303 -1.05999994277954 -1.24000000953674 -1.42999994754791 -1.50000000004584 -1.63999998569489 -1.71000003814697 -1.82000005245209 -1.95000004768372 -2.07999992370605 -2.1800000667572 -2.22000002861023 -2.38000011444092 -2.5 -2.66000008583069 -2.6800000667572 -2.71000003814697 -2.72000002861023 -2.92000007629394 -2.96000003814697 -3.01999998092651 -3.21000003814697 -3.53999996185303 -3.69000005722046 -3.65000009536743 -4.03000020980835 -4.07999992469065 -4.1399998664856 -4.23000001907349 -3.95000008736795 -3.84999990463257 -3.67000007629395 -3.57999992370605 -3.55999994277954 -3.63000011444092
0.400000005960465 0.400000005960464 0.360000014305115 0.439999997615814 0.209999993443489 -0.509999990463257 -1.23000001907349 -1.08000004291534 -1.04999995231628 -0.930000007152557 -0.870000004768372 -0.829999983310699 -1.02999997138977 -1.20000004768372 -1.29999995231628 -1.45000004768372 -1.63999998569489 -1.71000003818983 -1.87000000476837 -2 -2.14000010376607 -2.20000004768372 -2.52999997138977 -2.51999998932492 -2.71000003814697 -2.69000005722046 -2.94000005722046 -2.95000004768372 -2.97000002861023 -3.04999995231628 -3.07999992370606 -3.17000007629394 -3.49000000953674 -3.61999988555908 -3.79999995231628 -4.09999990463257 -4.23999977111816 -4.28999996185303 -4.36999988555908 -4.05000019073486 -3.80999994277954 -3.64000010490417 -3.59999990463257 -3.59999990463257 -3.67000007629395
0.490000009536743 0.479999989271164 0.449999988079071 0.709999978542328 0.479999989271164 -0.319999992847443 -1.20000004768372 -0.660000026226044 -0.649999976158142 -0.629999995231628 -0.670000016689301 -0.6700000166893 -0.790000021457672 -0.990000009536743 -1.10000002384186 -1.30999994277954 -1.51999998092651 -1.6599999666214 -1.73000001907349 -1.96000003814697 -2.01999998121784 -2.30999994618632 -2.57999992370605 -2.7599999906549 -2.8199999332428 -2.9300000667572 -2.84999990463257 -2.89000010490418 -2.97000002861023 -3.0699999332428 -3.13000011444092 -3.17000007629395 -3.34999990463257 -3.49000000953674 -3.6800000667572 -3.90000009536743 -4.03000020980835 -4.30000019073486 -4.01000022888184 -4.01000022888184 -3.75999999046326 -3.63000011444092 -3.60999989509583 -3.67000007629394 -3.9300000667572
0.649999976158142 0.569999992847443 0.730000019073486 0.870000004768372 0.720000028610229 0.230000004172325 -0.0399999991059303 -0.219999998807907 -0.180000007152557 -0.170000001788139 -0.239999994635582 -0.300000011920929 -0.519999980926514 -0.810000002384186 -0.949999988079071 -1.22000002861023 -1.50999999046326 -1.62999999523163 -1.72000002861023 -1.98000001907349 -2.1300001176144 -2.39000010490417 -2.75999999046326 -2.88000011444092 -3.02999997138977 -2.88000011444092 -2.88000011444092 -2.85999989509583 -2.83999991416931 -2.89000010512436 -3.08999991416931 -3.16000008583069 -3.21000003814697 -3.29999995231628 -3.47000002861023 -3.55999994277954 -3.75 -3.73000005701266 -3.94000004548935 -4 -3.71000003814697 -3.61999993998987 -3.61999988555908 -3.77999997138977 -4.13999968806121
0.949999988079071 0.560000002384186 0.649999976158142 1.03999996185303 1.17999994754791 1.00999999046326 0.589999973773956 0.400000005960464 0.330000013113022 0.25 0.0799999982118607 -0.0799999982118607 -0.300000011920929 -0.6700000166893 -0.850000023841858 -1.17999994754791 -1.47000002861023 -1.61000001473571 -1.88999998817155 -2.14000010490417 -2.1800000667572 -2.49000000953674 -2.75999999046326 -2.85999989509583 -2.92000007629394 -3.00999999046326 -3.00999999046326 -3.07999992370605 -2.8199999332428 -2.83999991416931 -2.94000005722046 -3.03999996185303 -3.09999990463257 -3.33999991416931 -3.40000009536743 -3.41000008583069 -3.40000010792761 -3.51999998092651 -3.63000011444092 -3.74000000953674 -3.83999991416931 -3.95000004768372 -3.65000009536743 -3.91000008583069 -4.09999990463257
1.54999995231628 0.300000011920929 0.610000014305115 1.12999999523163 1.86000001430511 2.25 0.970000028610229 0.949999988074705 0.649999976158142 0.550000011920929 0.400000005960464 0.180000007152557 -0.180000007152557 -0.529999971389771 -0.699999988079071 -1.25999999058209 -1.91999995708466 -2.01999998092651 -2.04999995231628 -2.17000007629394 -2.26999998092651 -2.52999997138977 -2.72000002861023 -2.77999997138977 -2.76999998092651 -2.61999988555908 -2.67000007629395 -2.82999992370605 -2.78999996185303 -2.85999989509583 -2.9300000667572 -3.00999999046326 -3.05999994277954 -3.29999995231628 -3.27999997138977 -3.15000009536743 -3.25999999046326 -3.25 -3.33999991416931 -3.58999991416931 -3.6800000667572 -3.63000011444092 -3.71000003814697 -3.92000007629395 -4.19000005722046
3.11999988555908 1.37999999523163 1 1.23000001907349 1.75 1.49000000953674 0.879999995231628 1.20000004767618 0.75 0.759999990463257 0.779999971369078 0.409999996423721 -0.0599999989747535 -0.259999990962999 -1.24000000953674 -2.04999995231628 -2.06999993305716 -1.87999999523163 -2.15000009536743 -2.33999991416931 -2.40000009536743 -2.58999991416931 -2.53999996185303 -2.55999994277954 -2.54999995231628 -2.5 -2.58999991416931 -2.70000004768372 -2.92000007629394 -2.99000000953674 -2.94000005722046 -2.94000005718501 -2.99000000953674 -3.13000011444092 -3.02999997138977 -3.02999997138977 -3.03999996185303 -3.0699999332428 -3.17000007629395 -3.24000000953674 -3.29999995231628 -3.4300000667572 -3.58999991416931 -3.76999998092651 -4.17000007629395
1.87000000476837 1.55999994277954 1.42999994754791 1.24000000953674 1.44000005722046 0.870000004768372 0.589999973773956 0.959999978535622 0.579999983310699 0.689999997544428 0.779999971162051 -0.709999978542328 -1.64999997615814 -1.63999998580419 -2.1800000667572 -2.28999996185303 -2.23000001883267 -1.82000005245209 -2.10999989509583 -2.23000001929 -2.25 -2.34999990463257 -2.31999993306777 -2.29999995231628 -2.41000008583069 -2.45000004825489 -2.64000010490417 -2.80999994277954 -2.91000008583069 -2.99000000953674 -2.98000001907349 -2.9300000667572 -2.99000000953674 -3.00999999046326 -2.99000000953674 -2.92000007629394 -2.89000010490417 -2.85999989509582 -3.01999998092651 -3.09999990463257 -3.14000010490417 -3.26999998092651 -3.42000007629394 -3.65000009536743 -4.32000017166138
1.23000001907349 1.47000002861023 1.44000005722046 1.20000004768372 0.839999973773956 0.860000014305115 -0.00999999977648258 -1.19000005722046 -0.790000021457672 -0.759999990463257 -1.51999998092651 -2.21000003814697 -2.60999989509583 -2.54999995231628 -2.5699999332428 -2.54999995231628 -2.41000008583069 -1.79999995231628 -2.14000010490418 -2.14000010490417 -2.1800000667572 -2.15000009536743 -2.28999996185303 -2.27999997138977 -2.41000008583069 -2.51999998092651 -2.63000011444092 -2.75 -2.83999991416931 -2.85999989509583 -2.89000010490417 -2.89000010490417 -2.98000001907349 -2.99000000953674 -3.00999999046326 -2.90000009536743 -2.80999994277954 -2.77999997138977 -2.94000005722046 -3.17000005537167 -3.23000001907349 -3.20000004768372 -3.44000000083437 -3.65000009536743 -4.15000009536743
1.01999998092651 1.3400000333786 1.16999995708466 0.930000007152557 0.740000009536743 0.660000026226044 -0.0700000002980232 -1.91999995708466 -1.95000004768372 -1.89999997615814 -2.5699999332428 -2.15000009536743 -2.50999999046326 -2.53999996185303 -2.64000010490417 -2.61999988555908 -2.02999997138977 -1.86000001430511 -2.17000007629395 -2.27999997138977 -2.25 -2.20000004768372 -2.24000000953674 -2.58999991416931 -2.50999999046326 -2.63000011444092 -2.66000008583069 -2.71000003814697 -2.71000003814697 -2.86999988555908 -2.85999989821099 -2.9300000667572 -2.95000004768372 -3 -3.00999999046326 -2.96000003814697 -2.9300000667572 -2.86999988555908 -2.88000011444092 -3.05999994277954 -3.11999988555908 -3.16000008583069 -3.29999995231628 -3.61999988555908 -4.01000022888184
0.730000019073486 0.490000009536743 0.730000019073486 0.759999990463257 0.589999973773956 -1.52999997138977 -1.95000004768372 -2.20000004768372 -1.79999995231628 -1.51999998092651 -1.8400000333786 -1.87000000476837 -2.07999992370605 -2.55999994277954 -2.5699999332428 -1.95000004768372 -1.89999997615814 -2.05999994277954 -2.39000010490418 -2.30999994277954 -2.35999989509582 -2.19000005722046 -2.35999989509583 -2.78999996185303 -2.73000001907349 -2.61999988555908 -2.72000002861023 -2.75999999046326 -2.8199999332428 -2.99000000196733 -2.90000009561706 -3.00999999046326 -3.08999991416931 -3 -3 -2.95000004768372 -2.99000000953674 -2.84999990463257 -2.75999999046326 -2.82999992370606 -3 -3.03999996185303 -3.1800000667572 -3.47000002861023 -3.82999980984082
0.519999980926514 0.400000005960465 0.560000002384186 -1.11000001430511 -0.980000019073486 -1.01999998092651 -1.19000005722046 -1.42999994754791 -1.3400000333786 -1.25999999046326 -1.37000000476837 -1.64999997615814 -1.94000005722046 -2.10999989509583 -2.54999995231628 -1.9099999666214 -1.77999997138977 -2.07999992370605 -2.28999996185303 -2.10999989509583 -2.11999988555908 -2.25 -2.36999988555908 -2.5 -2.64000010588192 -2.76999998092651 -2.83999991416931 -2.88000011444092 -3.09999990463257 -3 -3.01999998092651 -3.13000011444092 -3.28999996185303 -3.20000004768372 -3.16000008583069 -3.21000003814697 -3.14000010490417 -3.22000002861023 -3.0699999506859 -2.90000009536743 -2.83999991416931 -2.89000010490417 -3.13000005913155 -3.5 -3.64000010490417
-0.140000000596046 -0.0799999982118607 -0.270000010728836 -0.839999973773956 -0.990000009536743 -0.899999976158142 -0.930000007152557 -1.03999996185303 -1.14999997615814 -1.20000004768372 -1.23000001907349 -1.52999997138977 -1.82000005245209 -2.02999997138977 -2.51999998092651 -1.98000001907349 -1.75 -1.79999995231628 -1.87999999540419 -1.86000001430511 -1.8400000333786 -1.88999998584618 -2 -2.25999999046326 -2.4300000667572 -3.04999995231628 -3.17000007564325 -3.35999989509583 -3.29999995231628 -3.33999991416931 -3.38000011444092 -3.53999996185303 -3.65000009536743 -3.53999996185303 -3.5 -3.15000010061804 -3.11999988555908 -3.04999995231628 -3.24000000953674 -2.97000002861023 -2.8199999332428 -2.88000038888695 -3.21000003814697 -3.23000001907349 -3.39000010490417
-0.490000009536743 -0.389999985694885 -0.600000023841858 -0.720000028610229 -0.829999983310699 -0.920000016689301 -0.839999973773956 -1.01999998092651 -1.11000001430511 -1.22000002861023 -1.22000002861023 -1.57000005245209 -1.76999998092651 -1.91999995708466 -2.03999996185303 -1.96000003800903 -1.57000005245209 -1.64999997615814 -1.67999994758637 -1.72000002861023 -1.75999999046326 -1.78999996185303 -1.9099999666214 -2.00999999046326 -2.26999998092651 -2.57999992370605 -2.95000004768372 -3.28999996185303 -3.53999996185303 -3.5 -3.61999988555908 -3.67000007629395 -3.58999991416931 -3.63000011444092 -3.46000003814697 -3.41000008583069 -3.0699999332428 -2.96000003814697 -3.00999999046326 -2.92000007629395 -3.09999989656225 -3.09999990463257 -3.15000009536743 -3.20000006212635 -3.16000008583069
-0.889999985694885 -0.839999973773956 -0.870000004768372 -0.930000007152557 -0.839999973773956 -0.810000002384186 -0.839999973773956 -0.819999992847443 -0.990000009536743 -1.21000003814697 -1.1599999666214 -1.57000005245209 -2.09999990463257 -1.96000003814697 -1.61000001430511 -1.49000000947169 -1.30999994277954 -1.20000004768372 -1.21000003814697 -1.35000002384186 -1.44000005722046 -1.53999996185303 -1.86000001430511 -1.87999999492036 -2.02999997138977 -2.26999998092651 -2.83999991416931 -3.26999998092651 -3.3199999332428 -3.3900001048292 -3.3199999332428 -3.41000008583069 -3.35999989509583 -3.35999989509582 -3.48000001907349 -3.3199999332428 -3.1800000667572 -2.97000002861023 -2.91000008583069 -2.77999999882455 -2.70000004768372 -2.9300000667572 -2.96000003814697 -3.09999990463257 -3.10999989509583
-1.17999994754791 -1.14999997615814 -1.03999996185303 -1 -0.920000016689301 -0.720000028610229 -0.769999980926514 -0.790000021457672 -0.8299999833107 -1.12999999523163 -1.24000000953674 -1.27999997138977 -1.50000000003598 -1.74000000953674 -1.57000005245209 -1.50999999046326 -1.12000000476837 -0.910000026226044 -0.810000002384186 -0.860000014305115 -1.05999994277954 -1.21000003379006 -1.37999999523163 -1.63999998569489 -1.8400000333786 -2.24000000953674 -2.33999991592081 -2.98000001907349 -3.08999991416931 -3.0699999332428 -3.05999994277954 -3.14000010490418 -3.25 -3.22000002861023 -3.39000010283178 -3.29999995231628 -2.94000005722046 -2.89000010490417 -2.76000023730254 -2.95250010490417 -3.26500010490417 -3.44250011444092 -3.2574999332428 -3.51999998092651 -3.86999988555908
-1.5900000333786 -1.45000004768372 -1.04999995231628 -0.870000004768372 -0.839999973773956 -0.730000019073486 -0.75 -0.810000002384186 -0.75 -0.930000007152557 -1.0900000333786 -1.12000000476837 -1.25999999046326 -1.23000001907349 -1.66999995708466 -1.52999997138977 -1.0900000333786 -0.730000019073486 -0.540000021457672 -0.529999990282942 -2.50500011444092 -2.58999991416931 -2.66249990463257 -2.44250011388381 -2.40249991416931 -2.26749992370605 -2.11500000953674 -1.38999998569489 -2.0074999332428 -1.79499995708466 -2.00250005722046 -2.63750004768372 -2.71250009536743 -2.96250009536743 -3.05749988555908 -2.52500009536743 -2.67249989509583 -2.80749978756961 -3.13000011444092 -3.14000010490418 -3.32999992370605 -3.0550000667572 -2.89499998092651 -3.54250001907349 -3.91249990463257
-1.63250005245209 -1.30999994277954 -1.6525000333786 -2.21000003814697 -2.21749997138977 -2.45749998092651 -2.52500009536743 -2.56500005722046 -2.72000002861023 -2.55500006675039 -2.30999994277954 -2.35999989509583 -2.26250004768372 -2.38750004768372 -2.65499997138977 -2.75 -2.69250011444092 -2.56750011450646 -2.5 -2.47000002861023 -2.51500010516339 -2.64000010490417 -2.5625 -2.60249996185303 -2.35999989509583 -2.08249998092651 -1.79250001907349 -1.48000001907349 -1.58000004291534 -1.19000005722046 -1.53250002861023 -2.01999998442835 -2.69749999046326 -2.85249996185303 -2.84500002861023 -2.83750009536743 -2.29000015223438 -2.55999994277954 -2.86500000953674 -3.03749990463257 -3.11249995231628 -2.50999999046326 -2.61249995231628 -3.40000009536743 -4.07000017166138
-1.4724999666214 -1.69500005245209 -2.15750002861023 -2.14000010490418 -2.20000004768372 -2.14249992370605 -2.37750005722046 -2.55749988555908 -2.60999989509582 -2.58249998091664 -2.35750007629394 -2.08249998092651 -2.15000009536743 -2.31500005722046 -2.58750009530317 -2.62249994277954 -2.67000007629395 -2.5550000667572 -2.52500009536743 -2.55250000953674 -2.47250008583069 -2.66499996185303 -2.64249992370605 -2.54999995231628 -2.33750009536743 -2.01999998092651 -1.93499994277954 -1.5900000333786 -1.4600000365874 -0.882500112056732 -1.5625 -2.125 -2.71749997138977 -3.15000009536743 -3.09249997138977 -2.81250009469872 -2.71750004188789 -2.70000004768372 -2.44250011444092 -2.72499990463257 -2.85750007629395 -2.375 -2.63750004768372 -3.10249996185303 -3.1175000667572
