SnowAccumulation_R/test/tmin/final_tmin_07_04_2009.asc
NCOLS 97 
NROWS 69 
XLLCORNER 52512.810182332 
YLLCORNER 5316225.2758522 
CELLSIZE 10000 
NODATA_value -9999 
[rows 40 to 59 of 69, columns 45 to 89 of 97]
-1.82000005245209 -1.76999998092651 -1.75 -1.83000004291534 -2.55999994277954 -2.64000010490417 -2.73000001907349 -3.88000011444092 -4.30999994277954 -5.01000022888184 -5.51000022888184 -5.65999984741211 -5.71999979019165 -5.57999992370606 -5.489999771055 -5.26999998092651 -4.98999977111816 -4.75 -4.55999994277954 -4.23000001907349 -3.92000007629395 -3.82999992370605 -3.77999997138977 -3.76999998092651 -3.77999997138977 -3.85999989509582 -3.81999992637069 -3.70000004724093 -3.58999991416931 -3.52999997138977 -3.36999988587289 -3.26999998092651 -3.09999990463257 -2.9300000667572 -2.83999991416931 -2.64000010490417 -2.46000003814697 -2.40000009536743 -2.50999999046326 -2.98000001907349 -3.24000000953674 -3.60999989509583 -4.17999982833862 -4.42999982833862 -4.78000020980835
-2.01999998092651 -1.9099999666214 -1.94000005722046 -1.88999998569489 -2.24000000953674 -2.29999995231628 -2.82999992370605 -3.69000005722046 -4.1100001335144 -4.78999996185303 -5.34000015258789 -5.5 -5.57999992370605 -5.48999977111816 -5.42000007623091 -5.19999980926514 -4.96999979019165 -4.67000007629395 -4.46000003814697 -4.1100001335144 -3.78999996185303 -3.66000008583069 -3.39000010490417 -3.32999992370606 -3.27999997138977 -3.28999996185303 -3.5 -3.55999994277954 -3.50999999046326 -3.47000002861023 -3.41000008583069 -3.25 -3.03999996185303 -2.95000004768372 -2.75 -2.52999997138977 -2.21000005586926 -2.04999995231628 -1.98000001907349 -2.61999979626963 -2.83999991416931 -3.53999996185303 -4.21999979019165 -4.53999996185303 -5.01999998092651
-1.72000002861023 -1.75 -1.78999996185303 -1.64999997615814 -2.21000003814697 -2.51999998092651 -2.54999995231628 -3.48000001907349 -3.86999988555908 -4.63000011444092 -5.17999982833862 -5.3899998664856 -5.48999977111816 -5.46000003814697 -5.38000011444092 -5.19999980926514 -4.90999984741211 -4.7600002286961 -4.42000007629395 -4.05999994277954 -3.6600000890824 -3.47000002861023 -2.90000009536743 -3.00999997147555 -2.76999998092651 -3.1800000667572 -3.25999999046326 -3.33999991416931 -3.4300000667572 -3.40000009536743 -3.36999988555908 -3.25 -3.04999995231628 -2.95000004768372 -2.75 -2.54999995231628 -2.47000002861023 -2.05999994277954 -1.80999994277954 -2.3199999332428 -2.86999988555908 -3.50999999046326 -3.84999990463257 -4.57000017166138 -5.28999996185303
-1.78999996185303 -1.85000002384186 -1.87999999523163 -1.8400000333786 -2.34999990463257 -2.33999991416931 -2.5699999332428 -3.60999989509583 -3.98000001907349 -4.63000011444092 -5.1100001335144 -5.30000019073486 -5.46999979019165 -5.44000005722046 -5.38000011444092 -5.17999982833862 -4.90999984741211 -4.71999979019165 -4.46000003814697 -4.01999998092651 -3.82999992297773 -3.2300000173701 -2.72000002861023 -2.52999997172515 -2.75999999046326 -3.02999997138977 -3.32999992370605 -3.39000010490417 -3.4300000667572 -3.40000009536743 -3.34999990463257 -3.25999999046326 -3.08999991416931 -2.99000000953674 -2.79999995231628 -2.57999992370606 -2.49000000953674 -2.44000005722046 -2.52999997138977 -2.64000010490417 -2.95000004768372 -3.46000003814697 -3.75 -4.34000015258789 -4.78000020980835
-1.85000002384186 -1.98000001907349 -1.95000004768372 -2.35999989509582 -2.40000009536743 -2.83999991416931 -2.92000007629395 -3.76999998092651 -4.15999984741211 -4.80000019073486 -5.25 -5.40000009536743 -5.51000022888184 -5.44000005722046 -5.3600001335144 -5.15000009536743 -4.84000015258789 -4.67999982833862 -4.44000005722046 -4.01000022888184 -3.74999999968265 -3.45000004768372 -3.01999998092651 -2.9300000667572 -2.95000004768372 -3.24000000953674 -3.32999992370606 -3.48000001907349 -3.53999996185303 -3.51999998080419 -3.40000009536743 -3.29999995231628 -3.23000001907349 -3.07999992370605 -2.90000009536743 -2.79999995231628 -2.61999988555908 -2.73999998750753 -2.80999993440021 -2.89000010490417 -3.03999996185303 -3.39000003880966 -3.58999991416931 -3.99000000953674 -4.2299999460815
-1.66999995708466 -2.14000010490417 -2.11999988555908 -2 -2.42000007629395 -2.85999989509583 -3.03999996185303 -4.07999992370606 -4.40000009536743 -4.98000001907349 -5.36999988555908 -5.46000003814697 -5.55999994277954 -5.44000005722046 -5.34000015258789 -5.09999990463257 -4.82999992370605 -4.67999982790803 -4.32999992233962 -4.13000011444092 -4.03999996185303 -3.70000004768372 -3.4300000667572 -3.35999989509583 -3.36999988555908 -3.42000007629395 -3.48000001907349 -3.50999999046326 -3.64000010490417 -3.60999989509583 -3.50999999046326 -3.39000010490417 -3.3199999332428 -3.17000007629395 -3.04999995231628 -2.97000002861023 -3.05999992352058 -2.96000003814697 -2.94000005722046 -2.98000001907349 -3.11999988555908 -3.23000001907349 -3.42000007629395 -3.66000008583069 -3.74000000953674
-1.38999998569489 -2.40000009536743 -2.20000004768372 -2.00999999046326 -2.42000007629395 -2.45000004768372 -3.02999997138977 -3.99000000954242 -4.55999994277954 -5.15000009536743 -5.53999996185303 -5.59999990463257 -5.59000015258789 -5.44999980926514 -5.3600001335144 -4.98000001871698 -4.38000011444092 -4.32000017166138 -4.34999990463257 -4.28000020980835 -4.21000003814697 -4.01999998092651 -3.86999988555908 -3.82999992370606 -3.83999991416931 -3.95000004768372 -3.92000007629395 -3.8199999332428 -3.76999998092651 -3.70000004768372 -3.57999992370606 -3.46000003814697 -3.40000009536743 -3.26999998092651 -3.20000004768372 -3.34999990463257 -3.26999998092651 -3.13000011444092 -3.07999992370605 -3.04999995231628 -3.10999989509582 -3.15000009536743 -3.26999998092651 -3.36999988555908 -3.42000007629395
-0.540000021457672 -1.53999996185303 -1.89999997615814 -2.23000001907349 -2.42000007629395 -2.48000001907349 -3.10999989509583 -4.15000009537239 -4.69999980926514 -5.32999992370605 -5.579999923721 -5.73999977111816 -5.61999988538453 -5.5300002094436 -4.80000019073486 -4.09000015258789 -4.0999999048728 -4.40000009536743 -4.32999992370605 -4.34000015258789 -4.3600001335144 -4.32000017166138 -4.40999984741211 -4.40000009536743 -4.38000011444092 -4.32999992370605 -4.23999977111816 -4.07000017166138 -3.84999990463257 -3.75999999046326 -3.65000009536743 -3.5199999811392 -3.46000003814697 -3.36999988555908 -3.41000008583069 -3.49000000953674 -3.47000002861023 -3.35999989509583 -3.17000007629395 -3.07999992370606 -3.05999994277954 -3.0699999332428 -3.11999988555908 -3.17000007629395 -3.19000005722046
-0.949999988079071 -1.28999996185303 -1.87000000476837 -2.22000002861023 -2.28999996185303 -2.51999998092651 -3.19000005722046 -4.19999980927017 -4.76000022888184 -5.3899998664686 -5.63999986644158 -5.42000007629395 -4.76999998092651 -4.55000019058103 -3.78999996185303 -3.61999988555908 -3.74000000989796 -4.3899998664856 -4.40999984741211 -4.44999980945759 -4.73999977111816 -4.88000011444092 -4.9699997904542 -5.01000022888184 -4.8600001335144 -4.76000022805681 -4.5 -4.23000001907349 -4.09000015258789 -3.85999989509583 -3.6800000667572 -3.61999988555908 -3.47000002861023 -3.33999991416931 -3.34999990463257 -3.47000002861023 -3.5 -3.36999988555908 -3.1800000667572 -3.07999992370606 -3.04999995231628 -3.01999998092651 -3.00999999046326 -3.03999996185303 -3.15000009536743
-1.0900000333786 -1.62999999523163 -1.87999999523163 -2.07999992370606 -2.1800000667572 -2.77999997138977 -3.42000007629395 -2.92000007629395 -4.1399998664856 -5 -5.21999979019165 -5.11999988555908 -3.57999992370605 -3.39000010490417 -2.98000001907349 -2.99000000953674 -3.24000000953674 -4.28000020980835 -4.3899998664856 -4.63000011444092 -5.05999994277954 -5.42999982833862 -5.42000007629395 -5.46000003814697 -5.25 -5.07999992370605 -4.76999998092651 -4.44000005722046 -4.26999998092651 -3.99000000953674 -3.73000001907349 -3.61999987791489 -3.3199999332428 -3.1800000667572 -3.14000010490418 -3.21000003814697 -3.25 -3.22000002861023 -3.09999990463257 -3.02999997709583 -3.01999998092651 -3 -2.99000000953674 -3.00999999046326 -3.04999995231628
-1.01999998092651 -1.4099999666214 -1.98000001907349 -2.25999999046326 -2.47000002861023 -2.89000010490417 -3.4300000667572 -1.74000000953674 -2.04999995231628 -3.51999998092651 -1.9099999666214 -4.59000015258789 -3.23000001907349 -2.8199999332428 -2.27999997138977 -2.41000008583069 -3.29999995231628 -4.03999996185303 -4.32000017166138 -4.51999998092651 -5.21000003814697 -5.78000020980835 -5.90999984741211 -5.67999982833862 -5.57999992370606 -5.3600001335144 -5 -4.6100001335144 -4.42999982833862 -4.03000020980835 -3.73000000817053 -3.47000002861023 -3.16000008583069 -2.92000007786497 -2.84999990463257 -2.82999992370605 -2.85999989509582 -2.9300000667572 -2.97000002861023 -2.95000004768372 -2.99000000953674 -2.99000000953674 -2.99000000953674 -3 -3.07999992370605
-0.360000014305115 -1.51999998092651 -2.05999994277954 -2.4300000667572 -2.96000003814697 -2.29999995231628 -1.62999999523163 -1.22000002861023 -2.25 -3.49000000953674 -3.4300000667572 -3.50999999046326 -2.72000002861023 -1.88999998569489 -1.50999999046326 -2.72000002861023 -3.07999992370606 -3.57999992370606 -3.9300000667572 -4.44000005722046 -5.19999980926514 -6.17000007629395 -6.19999980926514 -5.78000020980835 -5.73999977111816 -5.6399998664856 -5.15000009536743 -4.69999980926514 -4.46000003814697 -3.99000000953674 -3.77999997049825 -3.29999995231628 -2.86999988555908 -2.75 -2.5 -2.4300000667572 -2.42000007629395 -2.65000009536743 -2.85999989509583 -2.91000008583069 -2.97000002861023 -3 -2.99000000953674 -3.02999997138977 -3.07999990361219
-0.620000004768372 -1.21000003814697 -1.97000002861023 -2.60999989509582 -2.90000009536743 -2.82999992370606 -2.59999990463257 -2.32999992370605 -2.69000005722046 -3.07999992370606 -3.0699999332428 -2.75999999046326 -2.07999992370606 -1.62000000476837 -0.660000026226044 -2.35999989509583 -2.89000010490417 -3.27999997138977 -3.88000011444092 -4.59999990463257 -5.57000017166138 -6.30999994277954 -6.48000001907349 -6.48999977111816 -6.1799998261998 -5.67000007629395 -5.17000007629395 -4.92000007629395 -4.34000015258789 -3.90000009536743 -3.64000010490417 -3.07999992370606 -2.5 -2.32999992370605 -1.97000002861023 -1.75999999046326 -1.8400000333786 -2.05999994277954 -2.56999989586475 -2.8199999332428 -2.99000000953674 -3.00999999046326 -3.01000000152508 -3.04999995231628 -3.0699999332428
-1.3400000333786 -2.48000001907349 -3.83999991416931 -2.77999997138977 -2.58999991416931 -2.55999994277954 -2.47000002861023 -2.41000008583069 -2.44000005722046 -2.55999994277954 -2.57999992370606 -2.28999996185303 -1.77999997138977 -1.37999999523163 -0.5 -1.96000003814697 -2.65000009536743 -3.38000011444092 -3.72000002928131 -4.71000003814697 -5.82000017166138 -6.32999992582416 -7.38000011444092 -6.86999988555908 -6.40999984741211 -5.30999994277954 -4.90000008560705 -4.44999980926514 -4.17000007629394 -3.67000007629395 -3.36999988555908 -2.70000004768372 -2.0699999332428 -1.83000004291534 -1.30999994277954 -1.24999999887487 -1.32000005245209 -1.8400000333786 -1.99000000953674 -2.76999998092651 -3.03999996185303 -3.03999994292573 -3.00999999046326 -3 -3.02999997138977
-0.990000009536743 -1.82000005245209 -2.70000004768372 -2.28999996185303 -2.08999991416931 -1.94000005722046 -2.01999998092651 -1.95000004768372 -2.01999998092651 -2.0699999332428 -2.11999988555908 -1.85000002384186 -1.62999999523163 -1.44000005722046 -1.3400000333786 -1.61000001469459 -2.67000007629395 -3.28999996185303 -3.67000007710156 -4.53000020980835 -5.48999977111816 -5.98000001907349 -6.73999977111816 -6.59999990463257 -6.15999984741211 -5.01999998092651 -4.61999988555908 -4.30000019073486 -3.86999988555908 -3.48000001907349 -3.09999990463257 -2.47000002861023 -2.19000005722046 -1.53999996185303 -0.949999988079071 -0.649999976158142 -0.829999983310699 -1.62999999523163 -2 -2.86999988555908 -3.00999990168972 -2.91000008583069 -2.9300000667572 -2.9500000428695 -2.96000003814697
-0.280000001192093 -0.790000021457672 -1.17999994754791 -0.990000009536743 -1.00999999046326 -1.22000002861023 -1.42999994754791 -1.54999995231628 -1.64999997615814 -1.66999995708466 -1.78999996185303 -1.58000004291534 -1.13999998569489 -1.38999998569489 -1.92999994754791 -2.19000005743188 -2.79999995231628 -3.51999998092651 -3.86999988555908 -4.53000020980835 -5.30999994277954 -5.61999988555908 -5.86000013351441 -5.86000010767889 -4.80999994277954 -4.55000019073486 -4.30999994277954 -4.03000020980835 -3.99000000953674 -3.72000002643606 -3.13000011444092 -2.4300000667572 -2.13000011444092 -1.47000002861023 -0.790000021457672 -0.519999980926514 -0.389999985694885 -1.41999995708466 -1.94000005722046 -3.09999941080618 -2.4300000667572 -2.6800000667572 -2.77999997138977 -2.82999992370605 -2.90000009536743
0.400000005960465 0.150000005960465 0.0700000002980232 0.5 0.100000001490116 -0.560000002384186 -0.930000007152557 -1.08000004291534 -1.3400000333786 -1.37000000476837 -1.39999997615814 -1.5900000333786 -1.52999997139531 -1.61000001430511 -1.89999997615814 -2.05999994277954 -2.78999996185303 -3.49000000953674 -3.89000010490418 -4.53000020980835 -5.05999994277954 -5.21999978184091 -4.71000003814697 -4.42999982833862 -4.19000005722046 -4.03999996185303 -4.03999996153457 -3.84999990463257 -3.74000000953674 -3.55999994277954 -3.01999998092651 -2.39000010490417 -2.03999996185303 -1.46000003814697 -0.860000019486091 -0.680000007152557 -0.889999985694885 -1.12999999523163 -1.86000315206818 -7.34749984741211 -7.59250020980835 -7.51000022888184 -7.50500011444092 -7.68499994277954 -7.7350001335144
0.860000014305115 0.759999990463257 0.699999988079071 0.639999985694885 0.469999998807907 -0.0799999982118607 -0.5 -0.649999976158142 -1.01999998092651 -1.19000005722046 -1.22000002861023 -1.46000003814697 -1.5 -1.79999995231628 -1.64999997615814 -1.88999998569489 -2.60999989509583 -3.33999991416931 -3.74000000953674 -4.32999992242303 -4.43249988555908 -4.59499979019165 -4.74749994277954 -4.90250015321463 -4.80000019073486 -4.91249990463257 -4.96999979019165 -4.99749994277954 -5.19750022888184 -5.09499979019165 -5.25500011444092 -5.87750005722046 -6.23250007629395 -6.99249982833862 -7.20749998092651 -6.9225001335144 -7.1399998664856 -7.09499979876593 -7.31750011444092 -7.46250009536743 -7.60750007629395 -7.34250020980835 -7.21750020980835 -7.55499982833862 -7.69999980926514
-2.37249994277954 -2.25250005722046 -2.48749995231628 -3.01749992370605 -3.42000007629395 -3.80999994277954 -3.94000005722046 -4.01000022888184 -4.24499988555908 -4.14750003814697 -4.15500020980835 -4.22749996185303 -4.35750007629395 -4.14750003814697 -4.50250005722046 -4.6875 -4.53000020980835 -4.36499977100019 -4.26000022888184 -4.21999979019165 -4.31500005724403 -4.40500020980835 -4.8600001335144 -4.63000011444092 -4.72749996185303 -4.72499990463257 -4.59000015258789 -5.05999994277954 -5.00500011444092 -4.71750020980835 -4.90999984741211 -5.29250002267683 -6.375 -6.99249982833862 -7.11999988555908 -7.31500005722046 -7.04250013330234 -7.20249986648559 -7.16499996185303 -7.33500003814697 -7.44000005722046 -6.94500017166138 -6.87249994277954 -7.44250011444092 -7.6725001335144
-2.33500003814697 -2.52500009536743 -2.69749999046326 -3.06500005722046 -3.45000004768372 -3.54749989509583 -3.78500008583069 -4.00250005722046 -4.26749992370606 -4.27750015257906 -4.02750015258789 -3.97749996185303 -4.0149998664856 -4.02750015258789 -4.37750005701482 -4.67749977105478 -4.44999980926514 -4.23750019073486 -4.17500019073486 -4.40749979019165 -4.50250005722046 -4.43499994277954 -4.32250022888184 -4.62750005722046 -4.32499980926514 -4.74499988555908 -4.94750022888184 -4.65999984741211 -4.98250007331446 -4.3274998664856 -4.84250020980835 -5.38749980926514 -6.55749988555908 -7.29750013351441 -7.34000015258789 -7.38500031497155 -7.41750004704892 -7.41249990463257 -7.03249979019165 -7.19750022888184 -7.33750009536743 -6.98750019073486 -6.85500001907349 -7.09749984741211 -7.00500011444092
