SnowAccumulation_R/test/tmin/final_tmin_22_04_2009.asc
NCOLS 97 
NROWS 69 
XLLCORNER 52512.810182332 
YLLCORNER 5316225.2758522 
CELLSIZE 10000 
NODATA_value -9999 
[rows 21 to 41 of 69, columns 0 to 45 of 97]
-9999 -9999 -9999 -9999 -6.55999994277954 -6.73000001907349 -5.94000005722046 -4.67999982833862 -6.76999998092651 -5.8899998664856 -5.65000009536743 -4.01000022888184 -3.51999998092651 -3.5699999332428 -3.34999990463257 -3.02999997138977 -2.77999997138977 -2.53999996185303 -3.10999989509583 -3.04999995231628 -2.9300000667572 -2.4300000667572 -2.21000003814697 -1.89999997615814 -1.96000003923592 -1.25999999046326 -1.73000001907349 -1.80999994277954 -1.5 -1.36000001430511 -1.29999995231628 -0.689999997615814 0.180000007152557 0.239999994635582 0.680000007152557 0.959999978542328 1.17999994754791 1.02999997138977 0.949999988079071 2.42000007629395 1.87000000476837 1.24000000953674 1.53999996185289 1.94000005722046 2.6800000667572 2.53999996185303
-9999 -9999 -9999 -9999 -5.3600001335144 -7.69999980926514 -5.90999984741211 -4.57000017166138 -6.34999990463257 -7.17000007629394 -4.96000003814697 -5.07000017166138 -3.58999991416931 -3.70000004768372 -3.54999988767161 -2.92000007629394 -2.79999995231628 -3.11999988555908 -3.03999996185303 -2.91000008583069 -2.79999995231628 -2.28999996185303 -1.95000004768372 -1.8400000333786 -2.01999997590669 -1.87999999523163 -1.51999998092651 -1.53999996185303 -1.45000004768372 -1.20000004768372 -1.13999998569489 -0.589999973773956 0.340000003576279 0.449999988079071 0.479999989271164 0.769999980926514 0.769999980926514 0.730000019073486 0.769999980926514 1.53999996185303 1.12000000476837 0.860000014305115 1.22000002861023 1.47000002861023 1.99000000953674 2.25999999046326
-9999 -9999 -9999 -6.98000001907349 -6.3600001335144 -4.34999990463257 -5.86999988555908 -6.53000020980835 -7.55999994277954 -7.1100001335144 -5.98000001907349 -6.71000003814697 -3.74000000953674 -3.13000013838566 -2.83999991416931 -3.82999992370606 -3.07999992370606 -2.9300000667572 -2.95000004768372 -2.71000003814697 -2.35999989509583 -1.98000001907349 -1.87000000476837 -1.78999996185303 -1.51999998092651 -1.50999999046326 -1.60000002156198 -1.49000000953674 -1.41999995708466 -1.1599999666214 -1.08000004291534 -0.519999980926514 -0.409999996423721 -0.0299999993294477 0.5 0.740000009536743 0.620000004768372 0.370000004768372 0.349999994039536 0.189999997615814 0.610000014305115 0.109999999403954 0.720000028610229 0.990000009536743 1.54999995231628 2.15000009536743
-9999 -9999 -9999 -7.84999990463257 -7.26000022888184 -6.48000001907349 -8.35999965667725 -6.69000005722046 -7.92000007629395 -8.21000003814697 -6.78999996185303 -5.78000015910407 -4.55999994277954 -4 -3.71000003814697 -2.6800000667572 -2.63000011444092 -2.54999995231628 -2.53999996185303 -2.41000008583069 -2.26999998092651 -1.87999999523163 -1.74000000953674 -1.48000001907349 -1.37000000476837 -1.50999998852599 -1.36000001430511 -1.39999997615814 -1.3400000333786 -1.26999998092651 -1.12999999523163 -0.569999992847443 -0.259999990463257 -0.349999994039536 0.0799999982118607 0.0399999991059303 0.100000001490116 0.310000002384186 0.259999990463257 -0.140000000596046 0.569999992848234 -0.109999999402463 0.449999988079607 0.750000000000279 1.33000004291534 1.97000002861023
-9999 -9999 -9999 -8.05000019073486 -7.05999948988305 -6.42000007629395 -7.13999986648559 -7.28000020980835 -9.53999996185303 -6.98000001907349 -7.80000019073486 -3.90000009536743 -3.89000010490418 -3.88000011444092 -3.28999996185303 -2.95000004768372 -2.55999994277954 -2.51999998092651 -2.59999990463257 -2.48000001907349 -2.1800000667572 -1.79999995231628 -1.37000000476837 -1.36000001430511 -1.25999999046326 -1.29999995231628 -1.37999999523163 -1.37000000476837 -1.3400000333786 -1.12000000476837 -0.759999990463257 -0.589999973773956 -0.389999985694885 -0.360000014305115 -0.219999998807907 -0.0700000002980232 -0.109999999403954 -0.129999995231628 -0.0299999993294477 -0.0799999982118607 -0.180000007152557 1.02999997138977 1.00999999046326 1.11000001430511 1.48000001907349 1.8400000333786
-9999 -9999 -9999 -7.979995333321 -8.56999969482422 -4.26999998092651 -7.69999980926514 -8.31999969482422 -7.86999988555908 -8.77999973297119 -7.98999977111816 -6.98999977111816 -3.95000004768372 -3.36999988555908 -3.32999992370605 -2.77999997138977 -2.52999997138977 -2.40000009536743 -2.55999994277954 -2.67000007629395 -2.01999998092651 -1.67999994754791 -1.48000001907349 -2.17000007629395 -1.51999998092651 -1.55999994277954 -1.37999999825351 -1.37000000483373 -1.41999995708466 -1.1599999666214 -0.800000011920929 -0.649999976158142 -0.46000000834465 -0.389999985694885 -0.180000007152557 -0.0199999995529652 -0.209999993443489 -0.140000000596046 -0.0799999982118607 0.0399999991059303 0.0900000035762787 1.37999999523163 1.30999994277954 1.29999995231628 1.58000004291534 1.87000000476837
-9999 -9999 -9999 -4.23999977111816 -5.03000020980835 -4.42000115271171 -9.18000030517578 -6.17000007629395 -7.78000020980835 -7.32000017166138 -6.76999998092651 -7.17000007629394 -6.94000005722046 -4.07000017166138 -4 -2.86999988555908 -2.73000001907349 -2.65000009536743 -2.27999997138977 -2.00999999046326 -1.77999997138977 -1.67999994754791 -1.62000000476837 -1.58000004291534 -1.54999995231628 -1.61000001430511 -1.64999997615814 -1.64999997615814 -1.44000005705819 -1.22000002888788 -1.12999999523163 -0.699999988079071 -0.699999988079071 -0.5 -0.219999998807907 0.129999995231628 -0.170000001788139 -0.219999998807907 -0.170000001788139 -0.0299999993294477 0.0799999982118607 0.0900000035762787 1.55999994277954 1.55999994277954 1.63999998569489 1.77999997138977
-9999 -9999 -9999 -2.15000009536743 -6.23000001907349 -7.11999988555908 -6.71000003814697 -7.8899998664856 -6.76999998092651 -7.69999980926514 -6.8899998664856 -7.38000011444092 -6.57000017166138 -6.48999977111816 -4.09999990463257 -3.99000000953674 -2.82999992370605 -2.5699999332428 -2.1800000667572 -1.95000004768372 -1.5900000333786 -1.33000004291534 -1.63999998569489 -1.86000001430511 -1.62000000476837 -1.66999995708466 -1.67999994754791 -1.77999997138977 -1.409999967469 -1.30999994277954 -1.25 -0.879999995231628 -0.860000014305115 -0.930000007152557 -0.509999990463257 -0.230000004172325 -0.209999993443489 -0.180000007152557 -0.180000007152557 -0.230000004172325 -0.100000001490116 0.0299999993294477 0.100000001490116 1.80999994277954 1.85000002384186 1.88999998569489
-9999 -9999 -9999 -2.19000005722046 -5.28999996185303 -4.34000015258789 -5.11999981733375 -5.65000009536743 -3.77999997138977 -6.86000013351441 -8.61999988555908 -7.92000007629395 -8.43000030517578 -7.51000022888184 -4.21000003814697 -3.79999995231628 -3.64000010490417 -2.8199999332428 -2.54999995231628 -1.92999994754791 -1.66999995708466 -0.819999992847443 -1.5900000333786 -2.13000011444092 -2.04999995231628 -1.85000002384186 -1.69000005722046 -2.07999992370605 -1.66999995708466 -1.70000004768372 -1.26999998160969 -0.889999985994771 -0.860000014305115 -0.819999992847443 -0.75 -0.560000002384186 -0.400000005960464 -0.389999985694885 -0.349999994039536 -0.319999992847443 -0.129999995231628 0.0199999995529652 0.379999995231628 0.779999971389771 2.0699999332428 2.26999998092651
-9999 -9999 -9999 -0.190001336563493 -2.83999991416931 -3.55999994277954 -4.98000022671233 -6.94000005722046 -6.71000003814697 -4.92999982833862 -8.26000021883199 -7.05999994277954 -5.53999996185303 -8.39000034332276 -4.07999992370605 -3.95000004768372 -3.75999999046326 -3.52999997138977 -2.70000004768372 -2.53999996185303 -2.1800000667572 -2.03999996185303 -2.36999988555908 -2.75 -2.60999989509583 -2.29999995231628 -2.36999988555908 -2.24000000953674 -1.91999995708466 -1.70000004801115 -1.61000001450349 -1.12000000476837 -0.850000023841858 -0.819999992847443 -0.839999973773956 -0.769999980926514 -0.209999993443489 -0.159999996423721 -0.449999988079071 -0.409999996423721 -0.439999997615814 0.280000001192093 0.949999988079071 1.52999997138977 1.64999997615814 1.95000004768372
-9999 -9999 -9999 -0.569999992847443 -3.65000009536743 -1.96000003814697 -5.90999984741211 -5.59000122806391 -7.67000007629395 -3.95000004768372 -4.92999982833862 -6.61999988555908 -6.88000011444092 -6.44999980926514 -4.38000011444092 -4.13000011444092 -3.9300000667572 -3.64000010490418 -3.26999998092651 -2.69000005722046 -2.48000001907349 -2.33999991416931 -2.54999995231628 -2.71000003814697 -2.49000000953674 -2.60999989509583 -2.46000003814697 -2.32999992370605 -2 -1.98000001907349 -1.92999994754791 -1.8400000333786 -1.02999997195513 -0.949999988227757 -0.689999997615814 -0.569999992847443 -0.239999994635582 -0.170000001788139 -0.140000000596046 0.0299999993294477 0.129999995231628 0.889999985694885 1.20000004768372 1.37000000476837 1.72000002861023 2.10999989509583
-9999 -9999 -9999 -3.22000002861023 -1.01999990648288 -3.50999999046326 -2.46000003814697 -6.25 -5.35000018755195 -6.46999979019165 -5.13000011444092 -3.98000001907349 -4.40000009536743 -3.48000001907349 -4.53000020980835 -4.26000022888184 -4.07000017166138 -3.85999989509583 -3.35999989509583 -2.72000002861023 -2.35999989509583 -2.36999988555908 -2.59999990463257 -2.69000005722046 -2.64000010490417 -2.6800000667572 -2.74000000953674 -2.51999998092651 -2.07999992370605 -2.0699999332428 -2.20000004768372 -1.84000003360449 -1.74000000971721 -1.25999999046326 -0.920000016689301 -0.720000028610229 -0.439999997615814 -0.340000003576279 -0.129999995231628 -0.0900000035762787 -0.170000001788139 0.610000014305115 1.1599999666214 1.37999999523163 1.62999999523163 2.04999995231628
-9999 -9999 -9999 -2.50999999046326 -0.97000002861023 0.0700000002980232 -2.9300000667572 -2.01999998092651 -4.78000020980835 -6.03999891729549 -6.88000011444092 -4.6100001335144 -5.05999994277954 -4.8600001335144 -4.78000020980835 -4.71999979019165 -4.53999996185303 -4.23000001907349 -3.64000010490417 -2.90000009536743 -2.48000001907349 -1.8400000333786 -2.75999999046326 -2.97000002861023 -2.92000007629394 -2.8199999332428 -2.84999990463257 -2.66000008583069 -2.39000010490417 -2.22000002861023 -2.19000005722046 -1.71000003814697 -1.60000002384186 -1.64999997615814 -1.53999996185303 -0.949999988064403 -0.670000016676634 -0.280000001192093 -0.319999992847443 -0.46000000834465 -0.409999996423721 0.509999990463257 1.16999995708466 1.37999999523163 1.62000000476837 1.94000005722046
-9999 -9999 -9999 -4.46000003814697 -2.4300000667572 -0.46000000834465 -0.0399999991059303 -4.48000001907349 -2.29999995231628 -4.76999998092651 -6.03999926146222 -6.98000001907349 -6.46000003814697 -5.53000020980835 -5.19000005722046 -5.15000009536743 -4.40999984741211 -4.32999992370605 -3.94000005722046 -3.57999992370606 -2.5 -2.17000007629395 -3.17000007629395 -3.07999992370606 -3.01999998092651 -2.8199999332428 -2.72000002861023 -2.65000009536743 -2.34999990463257 -1.95000004768372 -1.87000000476837 -1.20000004768372 -1.03999996185303 -1.30999994277954 -0.910000026226044 -0.310000002384186 0.25 0.00999999977648258 -0.200000002980232 -0.689999997614068 -0.560000002383348 0.100000001489744 1.09000003337821 1.15999996662105 1.55999994277875 1.82000005245157
-9999 -9999 -4.59999990463257 -3.74000000953674 -6.92000007629395 -1.05999994277954 0.230000004172325 -1.22000002861023 -3.29999995231628 -0.639999985694885 -5.23999977111816 -7.13999955465516 -7.71999979019165 -6.1399998664856 -5.84999990463257 -7.67000007629394 -5.11999988555908 -4.5 -4.07000017166138 -3.69000005722046 -2.83999991416931 -2.71000003814697 -2.91000008583069 -3.04999995231628 -2.95000004768372 -2.91000008583069 -2.88000011444092 -2.67000007629395 -2.0699999332428 -1.83000004291534 -1.88999998569489 -1.49000000953674 -0.980000019073486 -0.819999992847443 -0.5 0.270000010728836 2.20000004768372 0.300000011920929 -0.200000002980372 -0.439999997615255 -0.200000002980744 -0.0599999986588955 0.920000016689301 1.00999999046326 1.22000002861023 1.60000002384186
-9999 -9999 -5.92000007629394 -6.55999994277954 -4.26000022888184 -5.76999998092651 -2.60999989509582 0.25 -2.01999998092651 -3.79999973671972 -4.71000003814697 -4.42000007629394 -6.71999979019165 -6.36999988555908 -5.63000011444092 -6.15999984741211 -5.11999988555908 -4.44999980926514 -4.09000015258789 -3.80999994277954 -2.83999991416931 -2.94000005722046 -3.01999998092651 -3.0699999332428 -3.2499999994727 -3.21000003822791 -2.20000004768372 -1.96000003814697 -1.63999998569489 -1.54999995231628 -1.37000000476837 -1.1599999666214 -0.75 -0.810000002384186 -0.850000023841858 0.360000014305115 0.600000023841858 -0.209999993443489 -0.219999998807907 -0.319999992847443 -0.389999985694885 0.119999997317791 0.28999999165535 0.629999995231628 0.28999999165535 0.680000007152557
-9999 -9999 -4.28999996185303 -3.07999992370606 -4.01999998092651 -5.17000007629395 -4.66999978588765 0.319999992847443 0.689999997615814 -3.30999994277954 -1.17999994754791 -2.41000008583069 -5.25 -5.53000020980835 -4.65000009536743 -4.42000007629395 -4.23999977111816 -4.17999982833862 -4.03000020980835 -3.84999990463257 -2.89000010490417 -3.0699999332428 -2.66000008583069 -3.11999988555908 -3.23000001907349 -3.20000004768372 -2.19000005722046 -2.00999999046326 -1.50999999046326 -1.1599999666214 -1.00999999046326 -0.540000021457672 -0.439999997615814 -0.330000013113022 -0.270000010728836 0.0500000007450581 0 -0.46000000834465 -0.310000002384186 -0.349999994039535 -0.400000005960465 0.0900000035762787 0.239999994635582 0.100000001490116 -0.319999992847443 0.330000013113022
-9999 -9999 -3.45000004768372 -2.09999990463257 -2.72000002861023 -6.09999990463257 -3.85999989509582 -1.62000000476837 1.54999995231628 -2.59999990463257 -2.73000001907349 -3.41000008583069 -2.63000011444092 -6.38999985722553 -6.57999992370605 -3.21000003814697 -3.36999988555908 -3.10999989509583 -3.94000005722046 -3.71000003814697 -2.03999996185303 -2.39000010490417 -2.91000008583069 -3.24000000953674 -3.24000000953674 -2.46000003814697 -2.16000008583069 -2.19000005722046 -1.66999995708466 -0.610000014305115 0.119999997317791 0.340000003576279 -0.0399999991059303 -0.0399999991059303 -0.100000001490116 -0.00999999977648258 0.100000001490116 -0.379999995231628 -0.360000014305115 -0.379999995231628 -0.28999999165535 0.0599999986588955 0.230000004172325 0.159999996423721 -0.150000005960464 0.0199999995529652
-9999 -9999 0.710001119207634 -1.4099999666214 -4.67999982833862 -3.32999992370605 -3.02999997138977 -1.89999997615814 1.83000004291534 -0.230000004172325 -3.09999983509177 0.370000004768372 -1.5 -3.48000001907349 -3.89000010490417 -3.25999999046326 -2.88000011444092 -3.09999990463257 -2.98000001907349 -2.65000009536743 -1.70000004768372 -2.19000005722046 -2.58999991416931 -2.89000010490417 -2.74000000953674 -2.55999994277954 -2.3199999332428 -1.97000002861023 -1.46000003814697 0.0299999993294477 4.21999979019165 0.509999990463257 0.239999994635582 0.159999996423721 0.0299999993294477 0.119999997317791 0.0500000007450581 -0.330000013113022 -0.349999994039536 -0.319999992847443 -0.330000013113022 -0.349999994039536 -0.150000005960464 -0.129999995231628 0.0500000007450581 0.200000002980232
-9999 -9999 2.57999992370605 -5.03999793125927 -5.81999996603676 -4.75 -5.63999986648559 -1.28999996185303 -0.9200000166893 2.5699999332428 -3.54999995231628 0.0299999993294477 -2.23000001907349 -3.83999991416931 -5.07999992370605 -5.94999980926514 -3.07999992370605 -2.80999994277954 -2.44000005722046 -2.25999999046326 -1.47000002861023 -1.97000002861023 -2.96000003594313 -3.25999998952077 -2.88000011444092 -2.56999993231378 -2.569999930928 -1.86000001430511 -0.560000002384186 0.370000004768372 0.970000028610229 0.389999985694885 -0.560000002384186 0.0500000007450581 0.0799999982118607 0.0199999995529652 -0.540000021457672 -0.490000009536743 -0.400000005960464 -0.409999996423721 -0.360000014305115 -0.300000011920929 -0.5 -0.449999988079071 -0.349999994039536 -0.209999993443489
-9999 -9999 2.83999991416931 -2.57999992370605 -3.40999980371356 -4.17000007629394 -2.02999997138977 -4.46999979019165 -2.88000011444092 2.51999998092651 -2.75999999046326 -1.92999994754791 -0.829999983310699 -3.22000002861023 -3.59999990463257 -4.26999998092651 -2.78999996185303 -2.79999995231628 -1.14999997615814 -0.449999988079071 -0.550000011036782 -1.79999994684786 -2.46000003814697 -2.64000010490417 -2.65000009536743 -2.65000009536743 -2.29999995288402 -1.29999995231628 -0.939999997615814 -0.259999990463257 -0.109999999403954 -0.270000010728836 -0.889999985694885 -0.629999995231628 -0.540000021457672 -0.589999973773956 -0.639999985694885 -0.589999973773956 -0.469999998807907 -0.419999986886978 -0.769999980926514 -0.660000026226044 -0.449999988079071 -0.409999996423721 -0.310000002384186 -0.140000000596046
