SnowAccumulation_R/test/tmin/final_tmin_08_04_2009.asc
NCOLS 97 
NROWS 69 
XLLCORNER 52512.810182332 
YLLCORNER 5316225.2758522 
CELLSIZE 10000 
NODATA_value -9999 
[rows 0 to 19 of 69, columns 0 to 45 of 97]
-9999.000000000000000 -9999 -9999 -9999 -9999 -9999 -9999 -9999 -9999 -9999 -9999 -9999 -9999 -9999 -9999 -9999 -9999 -9999 -9999 -9999 -9999 -9999 -9999 -9999 -9999 -9999 -9999 -9999 -9999 -9999 -9999 -9999 -9999 -9999 -9999 -9999 -9999 -9999 -9999 -9999 -9999 -9999 -9999 -9999 -9999 -9999
-9999 -9999 -9999 -9999 -9999 -3.24000000953674 -3.73000001907349 -3.78999996185303 -3.74000000953674 -2.77999997138977 -2.69000005722046 -2.21000003814697 -1.65999987180432 -0.759999990463257 -1.27999997138977 -1.36000001430511 -1.13999998569489 -1.14999997615814 -1.17999994754791 -9999 -9999 -9999 -9999 -9999 -9999 -9999 -9999 -9999 -9999 -9999 -9999 -9999 -9999 -9999 -9999 -9999 -9999 -9999 -9999 -9999 -9999 -9999 -9999 -9999 -9999 -9999
-9999 -9999 -9999 -9999 -9999 -4.69999980926514 -4.44999980926514 -4.01000022888184 -3.66000008583069 -2.59999990463257 -2.27999997138977 -1.25 -0.839999973773956 -1.00000001673139 -1.44000005722046 -1.12999999523163 -1.11000001430511 -1.19000005722046 -1.19000005722046 -1.19000005894205 -1.20000004768372 -1.11000001430511 -1.05999994277954 -1.02999997138977 -1.02999997138977 -1.03999996185303 -1.02999997138977 -1.07000005245209 -1.25999999046326 -1.75 -1.97000002861023 -2.21000003814697 -2.25 -2.14000010490417 -2.16000008583069 -2.38000011444092 -2.50999999046326 -2.33999991416931 -2.16000008583069 -2.04999995231628 -2.02999997138977 -2.16000008583068 -2.27999997138977 -2.67000007629395 -3.23000001907349 -3.65000009536743
-9999 -9999 -9999 -9999 -9999 -4.28999996185303 -3.76999998092651 -3.49000000953674 -3.2899998088256 -2.16000008583069 -1.80999994277954 -1.75 -1.14999997615814 -1.42999994754791 -1.52999997138977 -1.35000002384186 -1.30999994277954 -1.37000000476837 -1.26999998092651 -1.27999997128686 -1.14999997615814 -1.08000004291534 -1 -0.949999988079071 -0.959999978526121 -0.97000002861023 -1 -1.13999998569489 -1.47000002861023 -2.15000009536743 -2.41000008583069 -2.55999994277954 -2.38000011444092 -2.21000003814697 -2.23000001907349 -2.4300000667572 -2.50999999046326 -2.25999999046326 -2 -1.87999999523163 -1.92999994754791 -2.18000006675708 -2.36999988555908 -2.91000008583069 -3.47000002861023 -3.79999995231628
-9999 -9999 -9999 -9999 -9999 -3.94000005722046 -3.66000008583069 -3.09999999237679 -2.61999988555908 -2.38000004626007 -1.79999995231628 -1.55999994277954 -1.39999997615814 -1.25999999046326 -1.20000004730433 -1.14999997615814 -1.27999997138977 -1.37999999523163 -1.30999994277954 -1.13999998569489 -1 -0.759999990463257 -0.87999998619114 -0.819999992847443 -0.819999992847443 -0.829999983310699 -0.879999995231628 -1.05999994277954 -1.50999999046326 -2.34999990463257 -3.00999999040143 -2.77999997138977 -2.20000004768372 -2.0699999332428 -2.0699999332428 -2.14000010490417 -2.13000011444092 -1.92999994754791 -1.70000004768372 -1.61000001430511 -1.75 -2.10999989509583 -2.39000010490417 -3.17000007629395 -3.73000001907349 -3.90000009536743
-9999 -9999 -9999 -9999 -9999 -3.70000004768372 -3.53999996185303 -3.28999996185303 -2.70000010643614 -2.0699999332428 -2.20000004768372 -1.95000004768372 -1.67999994754791 -1.37000000476837 -1.12000000476837 -1.00999999046326 -1 -1.13999998569489 -1.35000002384186 -0.870000004768372 -0.699999988079071 -0.490000009536743 -0.400000005960464 -0.370000004768372 -0.639999985694885 -0.680000007122324 -0.689999997615814 -0.769999980926514 -1.1599999666214 -2.08999991416931 -3.07999992370606 -2.47000002861023 -1.50999999046326 -1.75 -1.82000005245209 -1.79999995231628 -1.62999999523481 -1.50999999046326 -1.33000004291534 -1.26999998092651 -1.39999997615814 -1.87000000476837 -2.20000004768372 -3.13000011444092 -3.79999995231628 -3.90000009536743
-9999 -9999 -9999 -9999 -9999 -3.74000000953674 -3.73000001907349 -3.51999998092651 -3.50999999046326 -2.61000012768244 -2.49000000953674 -2.36999988555908 -2.05999994277954 -1.57000005245209 -1.17999994754791 -0.939999997615814 -0.870000004768372 -0.810000002384186 -0.860000014305115 -0.46000000834465 -0.170000001829743 -0.119999997317791 -0.0900000035762787 -0.119999997317791 -0.270000010728836 -0.499999999034544 -0.46000000834465 -0.209999993443489 -0.259999990463257 -1.12999999523163 -1.6599999666214 -1.58000004291534 -1.29999995231628 -1.49000000953674 -1.58000004291534 -1.50999999046326 -1.21000003815253 -1.03999996185303 -0.949999988079071 -0.970000028610229 -1.07000005245209 -1.67999994754791 -1.94000005722046 -2.65000009536743 -3.4300000667572 -3.80999994277954
-9999 -9999 -9999 -9999 -9999 -3.70000004768372 -3.63000011882022 -3.61999988555908 -3.61999988555908 -3.29999995231628 -2.55999983106478 -2.55999995289567 -2.67000007629395 -2.02999997138977 -1.14999997615814 -0.709999978542328 -0.519999980392377 -0.409999996423721 -0.270000010728836 0.119999997317791 0.280000001192093 0.239999994635582 0.189999997615814 0.129999995231628 -0.0900000035762787 -0.46000000834465 -0.550000011920929 0.28999999091397 0.550000011920929 -0.140000000596046 -0.779999971389771 -0.999999999971593 -1.12000000476837 -1.33000004291534 -1.35000002384186 -1.23000001907349 -0.800000011928915 -0.509999990463257 -0.670000016689301 -0.959999978542328 -1.17999994754791 -1.5 -1.72000002861023 -2.15000009536743 -3.11999988555908 -3.70000004768372
-9999 -9999 -9999 -9999 -9999 -3.6800000667572 -3.65000009536743 -3.41000008583069 -3.41000008583069 -2.9300000667572 -2.15000009536743 -1.99999975684241 -1.79999995231628 -1.32000005245209 -0.850000023841858 -0.360000014305115 -0.100000001490116 0.0299999993294477 0.150000005960464 0.400000005960464 0.469999998807907 0.479999989255478 0.46000000834465 0.419999986886978 0.180000007152557 -0.180000007152557 -0.119999997594809 0.430000007152557 0.879999995231628 0.310000003474206 -0.230000004172325 -0.639999985694885 -0.790000021457672 -1.08000004291534 -1.12999999523163 -0.959999978542328 -0.589999973773956 -0.409999996423721 -0.629999995231628 -1.1599999666214 -1.36000001430511 -1.49000000953674 -1.62000000476837 -2.14000010490417 -3.07999992370605 -3.71000003814697
-9999 -9999 -9999 -9999 -9999 -3.80999994277954 -3.64000010490417 -3.27999997138977 -3.23000001907349 -2.91000008583069 -2.16000008583069 -1.29999995231628 -0.979999832992633 -0.430000007152557 -0.330000013113022 -0.109999999403954 0.319999992847443 0.379999995360308 0.469999998807907 0.490000009536743 0.519999980926514 0.709999978542328 0.779999971389771 0.769999980926514 0.600000023841858 0.5 0.75 1.04999995231628 1.08000004291534 0.779999971389771 0.379999995231628 -0.31000000195317 -0.490000009277137 -0.819999992847443 -0.970000028610229 -0.769999980926514 -0.509999990463257 -0.439999997615814 -0.589999973773956 -1.07000005245209 -1.30999994277954 -1.47000002861023 -1.63999998569507 -2.24000000953674 -3.11999988555908 -3.86999988555908
-9999 -9999 -9999 -9999 -9999 -4.40000009536743 -3.67000007629395 -3.46000003814697 -3.33999988624714 -2.98000001907349 -2.42000007629395 -1.51999998092651 -0.200000002980232 2.24990765191821e-08 0.0399999991059303 0.159999996423721 0.610000014305115 0.689999997615814 0.709999978542328 0.629999995231629 0.610000014305115 1.02999997138977 1.20000004760142 1.19000005722046 1.10000002384186 1.07000005245209 1.12000000476837 1.19000005722046 1.12999999523163 0.860000014305115 0.509999990463257 0.129999995231628 -0.0500000007450581 -0.340000003576279 -0.740000009444728 -0.589999973737239 -0.389999985694885 -0.349999994039536 -0.439999997615814 -0.639999985694885 -0.990000009536743 -1.3400000333786 -1.55999994277954 -2.15000009536743 -2.89000010490417 -3.5
-9999 -9999 -9999 -9999 -4.76000022888184 -4.71000003814697 -4.23999977111816 -3.70000004768372 -3.47000002861023 -3.3199999332428 -2.85999989509582 -2.30999994277954 -1.12000000476837 -0.300000011920929 0.109999940033302 0.340000003576279 0.6700000166893 0.8299999833107 0.839999973691325 0.839999973773956 1.08000004291534 1.62000000476837 1.62999999523163 1.57000005245209 1.45000004768372 1.36000001430511 1.28999996185303 1.19000005728538 1.10000002384186 0.850000023841858 0.540000021457672 0.230000004172325 -0.0599999986266557 -0.200000002980232 -0.370000004768372 -0.319999992847443 -0.209999993443489 -0.170000001788139 -0.280000001189532 -0.400000005959161 -0.709999978541536 -1.14999997615712 -1.38999998569444 -1.92999994754724 -2.45000004768372 -2.8199999332428
-9999 -9999 -9999 -9999 -5.07000017166138 -4.80000019073486 -4.34000015258789 -3.85999989509583 -3.76999998092651 -3.49999976609161 -2.77999997138977 -2.22000002861023 -1.49000000953674 -0.569999992847443 -0.5 -0.200000017718039 0.560000002384186 0.730000019073486 0.740000009536743 0.860000014305115 1.19000005722046 1.78999996185303 1.73000001907349 1.69000005722046 1.62000000476837 1.5 1.36000001430511 1.1599999666214 1.04999995231628 0.819999992847443 0.529999971389771 0.219999998807907 2.36745107567472e-11 -0.219999998807907 -0.349999994039536 -0.340000003576279 -0.25 -0.159999996424175 -0.129999995231628 -0.180000007152557 -0.379999995231628 -0.680000007152557 -0.860000014305115 -1.21000003814697 -1.49000000953674 -1.77999997138977
-9999 -9999 -9999 -9999 -5.11999988555908 -4.80000019073486 -4.46000003814697 -4.03000020980835 -3.4300000667572 -2.97000002861023 -2.86999988555908 -2.27999997138977 -1.57000005245209 -1.14999997615814 -0.740000009536743 -0.519999980926514 -0.25 0.349999994039535 0.479999989271164 0.639999985694885 0.989999988297 1.35000002384186 1.42999994754791 1.3400000333786 1.64999997615814 1.52999997138977 1.37999999523163 1.12999999523163 0.990000009536743 0.779999971389771 0.5 0.119999997317791 -0.449999988079071 -0.430000007152557 -0.430000007152557 -0.419999986886978 -0.340000003576279 -0.18999999761706 -0.0900000035762787 -0.0799999982118607 -0.25 -0.439999997615814 -0.569999992847556 -0.819999992847443 -1.04999995231628 -1.42999994754791
-9999 -9999 -9999 -9999 -5.34000074745382 -4.65999984741211 -4.80999992465737 -4.65000009536743 -3.9300000667572 -3 -2.69000005722046 -2.49000000953674 -2.05999994277954 -1.70000004768372 -1.30999994277954 -1.27999997138977 -0.959999978542328 -0.889999985694885 -0.0400000394351314 -0.200000002980232 0.629999995231628 1.25 1.28999996185303 1.28999996185303 1.62999999523163 1.5900000333786 1.35000002384186 1.05999994277954 0.860000014398388 0.740000009536743 0.479999989271164 0.140000000596046 -0.28999999165535 -0.400000005960464 -0.519999980926514 -0.569999992847443 -0.509999990463257 -0.270000010730975 -0.0900000035762787 0.0500000007450581 -0.109999999403954 -0.209999993443489 -0.289999991655379 -0.490000009536743 -0.759999990463257 -1.24000000953674
-9999 -9999 -9999 -9999 -5.71999979019165 -4.87000010601973 -4.96000003814697 -4.71999979019165 -4.23999977111816 -3.60999989509583 -3.0699999332428 -3.00999999046325 -2.50999999046326 -2.26999998092651 -1.92999994754791 -1.6599999666214 -1.55999994277954 -1.35000002384186 -1.10000002384186 -1.41999995708466 -1.12999999523163 -0.0200000228048312 0.170000001788139 1.41999995658226 1.41999995708466 1.54999995231628 1.22000002861023 0.980000019073486 0.790000021457672 0.709999978542328 0.469999998807907 0.259999990463257 -0.129999995231628 -0.400000005960465 -0.709999978542328 -0.839999973773956 -0.819999992847443 -0.46000000834465 -0.219999998807907 0.0599999986588955 0.0599999986588955 0.00999999977648258 -0.100000001490116 -0.28999999165535 -0.629999995231629 -1.12999999523163
-9999 -9999 -9999 -9999 -5.61000013351441 -5.71999979019165 -5.38999982218027 -5.1199997944429 -4.53999996185303 -4.23999977111816 -3.78999996185303 -3.47000002861023 -3.23000001907349 -2.80999994277954 -2.36999988555908 -2.1800000667572 -2.00999999046326 -1.8400000333786 -1.96000003814697 -1.72000002861023 -1.38999998569489 -0.540000021457672 0.289999990084463 1.08000004291534 1.24000000920796 1.23000001907349 1 0.680000007152557 0.589999973773956 0.600000023841858 0.46000000834465 0.280000001192093 -0.159999996423721 -0.910000026175176 -1.16999995708466 -1.5 -1.3400000333786 -0.709999978542328 -0.389999985694885 -0.0299999993294477 0.109999999403954 0.159999996423721 -0.0199999995528604 -0.180000007152557 -0.620000004768372 -1.0900000333786
-9999 -9999 -9999 -9999 -5.67000007629394 -5.59999990463257 -5.57999992370605 -5.32000008970184 -4.71999979019165 -4.51999998092651 -4.40000009536743 -3.97000002861023 -3.78999994391173 -3.16000008583069 -2.83999991416931 -2.65000009536743 -2.64000010476899 -2.5699999332428 -2.89000010490417 -2.19000005722046 -1.82000005245209 -1.05999994280511 -0.300000021640559 0.0299999993294477 0.409999996423721 0.519999980926514 0.689999997615814 0.46000000834465 0.46000000834465 0.5 0.439999997615814 -0.189999997615814 -0.270000010728836 -0.629999995231628 -1.72000002861023 -2.33999991416931 -1.88999998569489 -0.8299999833107 -0.46000000834465 0.0399999991059303 0.259999990463257 0.28999999165535 0.0700000002980814 -0.189999997615814 -0.629999995231629 -1.13999998569489
-9999 -9999 -9999 -9999 -5.61999990743421 -5.59999990463257 -5.53999996185303 -5.23999977111816 -5.07999992370605 -4.40999984741211 -4.57999992370605 -4.05999994277954 -3.73000001907349 -3.53999996185303 -3.48000001907349 -3.05999994277954 -3.16000008583069 -3.29999995418689 -3.17000007644619 -2.30999994277954 -2.00999999117605 -1.69000005722046 -0.589999973773956 -0.360000014305115 0 -0.00999999977648258 0.100000001490116 0.00999999977648258 0.280000001192093 0.349999994039536 -0.479999989271164 -0.360000014305115 -0.540000021457672 -0.660000026226044 -1.89999997615814 -3.35999989509583 -1.8400000333786 -0.479999989271164 -0.180000007152557 0.170000001788139 0.230000004172325 0.270000010728836 0.0700000002980232 -0.239999994635582 -0.639999985694885 -1.10000002384186
-9999 -9999 -9999 -9999 -5.55000019073486 -5.53000020980835 -5.46999979019165 -5.42999982833862 -4.6100001335144 -4.46999979019165 -4.67000007629395 -4.53999996185303 -4.42000007629395 -4.07999992370605 -3.63000011444092 -3.5699999332428 -3.60999989509583 -4.17999982833862 -3.72000002861023 -3.07999992370606 -2.82999992370606 -2.11999988555908 -1.44000005722046 -0.980000022797845 -0.239999994635582 -0.0500000007450581 -0.330000013113022 -0.449999988079071 -0.0500000007450581 0.109999999403954 -0.219999998807907 -0.239999994635582 -0.180000007152557 -0.319999992847443 -1.29999995231628 -2.46000003814697 -1.17999994754791 0.109999999403954 0.219999998807907 0.25 0.170000001788139 0.129999995231628 -0.0399999991059303 -0.280000001192093 -0.660000026226044 -1
