SnowAccumulation_R/test/tmin/final_tmin_14_04_2009.asc
NCOLS 97 
NROWS 69 
XLLCORNER 52512.810182332 
YLLCORNER 5316225.2758522 
CELLSIZE 10000 
NODATA_value -9999 
[rows 0 to 19 of 69, columns 45 to 89 of 97]
-9999 -9999 -9999 -9999 -9999 -9999 -9999 -9999 -9999 -9999 -9999 -9999 -9999 -9999 -9999 -9999 -9999 -9999 -9999 -9999 -9999 -9999 -9999 -9999 -9999 -9999 -9999 -9999 -9999 -9999 -9999 -9999 -9999 -9999 -9999 -9999 -9999 -9999 -9999 -9999 0.28999999165535 0.310000002384186 0.340000003576279 0.430000007152557 0.449999988079071
-9999 -9999 -9999 -9999 -9999 -9999 -9999 -9999 -9999 -9999 -9999 -9999 -9999 -9999 -9999 -9999 -9999 -9999 -9999 -9999 -9999 -9999 -9999 -9999 -9999 -9999 1.42999994754791 1.29999995231628 1.05999994277954 1.02999997138977 1.38999998569489 1.6599999666214 1.63999998569489 1.38999998569489 1.22000002861023 1 0.779999971389771 0.460000089394343 0.319999992847443 0.299999966949692 0.310000002384186 0.310000002384186 0.370000004768372 0.370000004768372 0.479999989271164
0.490000009536743 0.629999995231629 0.720000028610229 0.769999980926514 0.819999992847443 0.649999976158142 0.600000023841858 0.649999976158142 0.629999995231628 0.589999973773956 0.740000009536743 0.790000021457672 0.879999995231628 0.899999976158142 0.850000023800647 0.699999988079071 0.769999980926514 0.949999988079071 1.01999998092651 1.07000005245209 1.08000004289923 1.04999995231628 1.16999995708466 1.27999997138977 1.40999995516369 1.39999997589462 1.41999995708466 1.3400000333786 1.03999996185303 0.769999980926514 1.00999999046326 1.36000001430511 1.48000001907349 1.27999997138977 1.12000000476837 0.910000026226044 0.760000007209343 0.670000016689301 0.400000040313207 0.360000014305115 0.360000014305115 0.28999999165535 0.319999992847443 0.389999985694885 0.419999986886978
0.800000011920929 1 0.949999988079088 0.910000026226044 0.939999997615814 0.699999988079071 0.620000004768371 0.600000023841858 0.589999973775126 0.560000002384186 0.419999986886978 0.629999995231628 0.680000007152557 0.649999976158142 0.540000021457672 0.300000011920929 0.200000002980232 0.699999988079071 0.879999995231628 0.959999978542328 0.949999988079071 0.949999988079071 0.970000028610229 1.19000004544016 1.12000000476837 1.21000003814697 1.29999995231628 1.3400000333786 1.07000005245209 0.730000019073486 0.949999977056728 1.19000005722046 1.32000005245209 1.0900000333786 0.939999997615814 0.75 0.699999988079071 0.579999819413632 0.330000013113022 0.310000002384186 0.310000002384186 0.319999992847443 0.310000002384186 0.379999995231628 0.349999994039536
0.660000026226044 0.829999983310699 1.05999994277954 1.07000005245209 0.889999985694885 0.8299999833107 0.589999973773956 0.479999989271164 0.490000009538693 0.550000011920929 0.349999994039536 0.310000002384186 0.360000014305115 0.400000005960464 0.310000002384186 0.270000010728836 0.319999992847443 0.540000021457672 0.709999978542328 0.790000021536864 0.899999976158142 0.889999985694885 0.790000021457672 0.8299999833107 1.11000001421396 1.12999999523163 1.20000004768372 1.23000001907349 1.12000000476837 0.800000011920929 0.699999988079071 0.949999988079071 1.01999998092651 0.870000004768372 0.759999990463257 0.639999985694885 0.389999872494211 0.180000007152557 0.209999993443489 0.219999998807907 0.249999982276586 0.28999999165535 0.310000002384186 0.310000002384186 0.409999996423721
0.720000028610229 0.8299999833107 0.990000009536743 1.11000001430511 1.12999999523163 1.03999996185303 0.790000021457672 0.569999992847443 0.389999985694885 0.389999985694885 0.300000011920929 0.280000001192093 0.340000003576279 0.310000002395423 0.300000011920929 0.300000011920929 0.349999994039535 0.200000002980232 0.449999988079071 0.639999985694885 0.839999972240068 0.759999990463257 0.740000009536743 0.720000028610229 0.819999992847443 1.04999995231628 1.05999994277954 1.04999995231628 1.08000004291534 1.00999999046326 0.800000011920929 0.759999990463257 0.779999971389771 0.660000026226044 0.529999973119562 0.479999989271164 0.170000001788139 0.0900000035762787 0.100000001490116 0.159999955799015 0.189999997615814 0.300000011920929 0.310000002384186 0.310000002384186 0.399999835063256
0.769999980926514 0.790000021457672 0.850000023841905 1.10000002384186 1.02999997138977 1.02999997138977 0.930000007152557 0.75 0.639999985694885 0.340000003576279 0.379999995231628 0.28999999165535 0.230000004172325 0.239999994673213 0.209999993443489 0.300000011920929 0.159999996423721 0.0500000007450581 0.170000001887191 0.100000001490116 0.550000011920929 0.680000007152557 0.740000009536743 0.610000014305115 0.540000021457672 0.920000016689301 0.949999988079071 0.910000026226044 0.879999995231628 0.889999985694885 0.790000021457672 0.670000016689301 0.550000011920929 0.379999995231628 0.319999992847443 0.0700000002980232 0.00999999977648258 0.0399999991059303 0.0599999986588955 0.129999995231628 0.209999993443489 0.310000002384186 0.349999994039535 0.349999994039535 0.340000003576279
0.75 0.839999973773956 0.920000016689266 0.980000019073486 0.790000021457672 0.829999983310699 0.689999997615814 0.560000002384186 0.479999989271164 0.409999996423721 0.389999985694885 0.349999994039536 0.25 0.25 0.0900000035762787 0.180000007152557 0.0799999982118607 0.109999999403954 0.109999999403954 0.0900000035762787 0.219999998807907 0.600000023841858 0.660000026226044 0.600000023776339 0.409999996423721 0.779999971389771 0.850000023841858 0.779999971389771 0.740000009536743 0.670000016689301 0.649999976158142 0.449999988079071 0.360000014305115 0.28999999165535 -0.0900000035762787 -0.189999997615814 -0.170000001788139 -0.0599999986588955 -0.00999999977648258 0.140000000596046 0.239999994635582 0.310000002384186 0.409999996423721 0.409999996423721 0.439999997615814
0.709999978542328 0.889999985694885 0.959999978542328 0.850000023841858 0.759999990463257 0.589999973773956 0.560000002384186 0.319999992847443 0.170000001788139 0.310000002384186 0.150000005960464 0.360000014305115 0.219999998807907 0.25 0.170000001468929 0.159999996423721 0.0599999986588955 0.00999999977648258 0.0199999995529652 0.00999999977648258 0.159999996423721 0.379999995231629 0.560000002384186 0.540000021457672 0.389999985694885 0.579999983310699 0.689999997615814 0.680000007533795 0.620000004768372 0.5 0.419999986886978 0.310000002384186 0.22000000211962 -0.0599999986588955 -0.330000013113022 -0.419999986886978 -0.300000011920929 -0.130000028850081 -0.0399999991059303 0.140000000596046 0.25 0.409999996423721 0.479999989271164 0.610000014305115 0.61000034779018
0.8299999833107 0.870000004768372 0.850000023841858 0.800000011920929 0.529999971389771 0.409999996423721 0.330000013113022 0.259999990460984 0.0799999982118607 0.0599999986588955 0.170000001788139 0.230000004172325 0.140000000693521 0.200000002980232 0.230000004172325 0.239999994635582 0.00999999977648258 -0.0700000002980232 -0.0500000007450581 0.0700000002980232 -0.00999999977648258 -0.0299999993294477 0.150000006204538 0.389999985694885 0.28999999165535 0.419999986886978 0.46000000834465 0.540000021457672 0.560000002384186 0.46000000834465 0.319999992847443 0.159999996423721 -0.0299999993294477 -0.219999998807907 -0.46000000834465 -0.579999983310699 -0.379999995231628 -0.28999999165535 -0.109999999403954 0.200000002980232 0.340000003576279 0.559999923070717 0.629999995231628 0.69000030600489 0.959999978542328
0.699999988079071 0.790000021457672 0.680000007152557 0.730000019073486 0.509999990463257 0.280000001192093 0.230000004172325 0.200000002978806 -0.0399999990877695 -0.189999997652648 -0.419999986886978 -0.0199999995529652 0.10000000154005 0.25 0.28999999165535 0.300000011920929 0.360000014305115 0.119999997317791 -0.0599999986588955 0.0299999993294477 -0.159999996423721 -0.25 -0.189999997615814 -0.140000000596046 0.100000001490116 0.310000002384186 0.33000001291337 0.370000004768372 0.419999986886978 0.349999994039536 0.200000002980232 -0.0899999987181274 -0.180000007152557 -0.319999992847443 -0.519999980926514 -0.529999971389771 -0.469999998807907 -0.360000014305115 -0.0599999986588955 0.180000007152557 0.46000000834465 0.550000011920929 0.720000028610229 1.03999996185303 1.17999994754791
0.529999971389771 0.730000019073463 0.67000001668956 0.579999983311119 0.460000008345628 0.419999986889749 0.370000004768372 0.200000002980232 0.0299999993294477 -0.389999985694885 -0.540000021457672 -0.109999999403954 0.00999999977648258 0.300000011920929 0.270000010728836 0.319999992847443 0.439999997615814 0.400000005960465 0.0599999986588955 0.0599999986588955 -0.140000000596046 -0.280000001192093 -0.340000003576279 -0.449999988079071 -0.219999998807907 0 0.200000002980232 0.280000001192093 0.25 0.25 0.00999999977648258 -0.0900000035762787 -0.310000002384186 -0.430000007152557 -0.529999971389771 -0.529999965525421 -0.439999997615814 -0.379999995231628 -0.109999999403954 0.170000001788139 0.310000002384186 0.649999976158142 1.02999997138977 1.21000003814697 1.34999989420807
0.620000004768372 0.759999990463257 0.850000023841849 0.829999983310699 0.850000023841858 0.670000016689301 0.550000011920929 0.349999994039536 0.25 0 -0.270000010728836 -0.0700000002980232 0 0.119999997317791 0.310000002384186 0.360000014305115 0.419999986867752 0.419999986886978 0.25 0.150000005960464 0.0399999991059303 -0.0100000001283363 -0.259999990463257 -0.400000005960464 -0.449999988079071 -0.330000013113022 0.0199999995529652 0.189999997615814 0.129999988585153 0.0599999986588955 0.0299999993294477 -0.180000007152557 -0.370000004768372 -0.5 -0.479999989271164 -0.560000002384186 -0.569999992847443 -0.46000000834465 -0.200000002980232 0.14999969216098 0.330000013113022 0.730000098589965 1.1599999666214 1.33000004291534 1.41999995708466
0.709999978542328 0.75 0.720000028610229 0.990000009536743 0.97000002861023 0.870000004768371 0.730000019073486 0.670000016689301 0.140000000596046 -0.119999997317791 0.119999997317791 0.0500000007450581 0.0900000035762787 0.170000001788139 0.28999999165535 0.419999986886978 0.460000008305942 0.419999986886978 0.379999995231628 0.319999992847443 0.189999997615814 0.119999997317791 -0.140000000596046 -0.319999992847443 -0.389999985694885 -0.300000011920929 0 0.159999988464267 0.0599999986588955 0.0399999991059303 -0.100000001490116 -0.270000010728836 -0.409999996423721 -0.5 -0.540000021457672 -0.680000007152557 -0.730000019073486 -0.660000026226044 -0.230000004172325 -0.0199999995529652 0.319999870998265 0.75 1.19000005722046 1.32000005245209 1.46000003814697
0.660000026226044 0.920000016689301 0.939999997615814 0.850000023841858 1.14999997615814 1.16999995708466 1 0.759999990463257 0.330000013113022 -0.00999999977648258 0.0700000002980232 -0.100000001493644 0 0.300000011920929 0.379999995231628 0.389999985694885 0.330000013113022 0.449999988079071 0.310000002384186 0.219999998807907 0.230000004108483 0.0799999982118607 -0.150000005960464 -0.300000011920929 -0.310000002384186 -0.209999993443489 0.0700000002980232 0.0199999995529652 0.0500000007450581 0.00999999977648258 -0.219999998807907 -0.340000003576279 -0.419999986886978 -0.649999976158142 -0.730000019073486 -0.730000019073486 -0.810000002384186 -0.649999976158142 -0.569999992847443 -0.119999997317791 -0.0700000002980232 0.529999971389771 0.979999787213955 1.1599999666214 1.42999994754791
0.75 0.939999997615814 1.02999997138977 1.12999999523163 1.20000004768372 1.19000005722046 1.03999996185303 0.889999985694885 0.680000007152557 0.259999990463257 0.0399999991059303 0.0399999991059303 0.119999997317791 0.200000002980232 0.150000005960464 0.170000001788139 0.330000013113022 0.5 0.270000010728836 0.219999998807907 0.170000001788139 0.100000001490116 -0.00999999977648258 -0.159999996423721 -0.180000007152557 0.00999999977648258 -0.239999994635582 -0.0399999991059303 -0.140000000596046 -0.230000004172325 -0.319999992847443 -0.400000005960464 -0.5 -0.579999983310699 -0.730000019073486 -0.870000004768372 -0.860000014305115 -0.88999998261483 -0.730000019073486 -0.610000014305115 -0.230000004172325 0.28999999165535 0.540000021457672 1.01999998092651 1.37000000476837
0.800000011920929 1.01999998092651 1.02999997138977 1.33000004291534 1.39999997615814 1.30999994277954 1.28999996185229 1.10000002384186 0.939999997615814 0.509999990463257 0.170000001788139 0.0900000035762787 0.0500000007450581 0.0799999982118607 0.0799999982118606 0.0500000007153256 0.129999995231628 0.360000014305115 0.430000007152557 0.170000001788139 0.140000000596046 0.159999996423721 0.0599999986588955 -0.0599999986588955 -0.0900000035762787 -0.100000001490116 -0.200000002980232 -0.109999999403954 -0.330000012501929 -0.379999995231628 -0.46000000834465 -0.5 -0.560000002384186 -0.639999985694885 -0.790000021457672 -0.920000016689301 -0.970000028610229 -1.00999999046326 -1.03999996185303 -0.790000021457672 -0.349999994039536 -0.109999999403954 0.360000014305115 0.870000004768372 1.28999996185303
0.699999988079071 1.05999994277954 1.0900000333786 1.38999998569489 1.52999997138977 1.48000001907349 1.45000004768324 1.16999995708466 1 0.779999971389771 0.5 0.280000001192093 0.0399999991059303 -0.00999999977648258 -0.0199999995529652 -0.0500000007450581 -0.109999999403954 0 0.0500000007450581 0.2500000001345 0.219999998807907 0.0299999993294477 0.0699999953887425 -0.0399999991059303 -0.0799999982118607 -0.219999998807907 -0.319999992847443 -0.310000002384186 -0.419999986886978 -0.529999971389771 -0.589999973773956 -0.569999992847443 -0.600000023841858 -0.730000019073486 -0.920000016689301 -1.04999995231628 -1.05999993371791 -1.07000013327079 -1.24000000953674 -1 -0.500000165421638 -0.25 0.219999998807907 0.75 1.21999969193568
0.800000011920929 1.13999998569489 1.25 1.39999997615814 1.54999995231628 1.42999994754791 1.41999995708434 1.32000005245209 1.04999995231628 0.779999971389771 0.730000019073486 0.479999989271164 0.109999999403954 -0.129999995231628 -0.129999995231628 -0.170000001788139 -0.300000011920929 -0.360000014305115 -0.409999996423721 -0.349999994039536 0.189999983005179 -0.0299999993294477 0.0299999993294477 -0.0199999997579493 -0.109999999403954 -0.200000002980232 -0.370000004768372 -0.499999999392836 -0.569999992847443 -0.660000026226044 -0.689999997615814 -0.649999976158142 -0.699999988079071 -0.9200000166893 -1 -1.08000004291534 -1.11000005499908 -1.22000002861023 -1.22000002861023 -1.03999996185303 -0.850000023841858 -0.389999985694885 0.109999999403954 0.649999976158142 0.879999995231628
0.980000019073486 1.20000004768372 1.32000005245209 1.52999997138977 1.54999995231628 1.62000000476837 1.55999994277954 1.50999999046326 1.04999995231628 0.819999992847443 0.749999999993172 0.46000000834465 0.230000004172325 -0.0299999993294477 -0.170000001788139 -0.239999994635582 -0.490000009536743 -0.469999998807907 -0.610000013952865 -0.579999983310699 -0.639999985694885 -0.5 -0.189999997615814 -0.0799999982118607 -0.109999999403954 -0.180000007152557 -0.360000014305115 -0.509999990463257 -0.699999988079071 -0.759999990463257 -0.730000019073486 -0.709999978542328 -0.829999983310699 -0.97000002861023 -0.980000019073486 -1.07000009779535 -1.13999998569489 -1.14999997615814 -1.10000002384186 -1.00999999046326 -0.810000002384186 -0.430000007152557 0.0299999993294477 0.28999999165535 0.800000011920929
