SnowAccumulation_R/test/tmin/final_tmin_23_04_2009.asc
NCOLS 97 
NROWS 69 
XLLCORNER 52512.810182332 
YLLCORNER 5316225.2758522 
CELLSIZE 10000 
NODATA_value -9999 
[rows 20 to 39 of 69, columns 0 to 44 of 97]
-9999 -9999 -9999 -9999 -18.2000007629395 -16.7800006866455 -16.5599994659424 -10.8699998855591 -14.4200000762939 -14.3800001144409 -13.1499996185303 -12.8699998855591 -12.1499996185303 -10.5500001907349 -10.8800001144409 -10.3199996948242 -9.10999965667725 -8.6899995803833 -8.26000022888184 -8.02999973297119 -7.61999988555908 -7.55999994277954 -7.61000013351441 -7.65999984520474 -7.65000009536743 -7.59000015258789 -7.80999994277954 -7.90999984741211 -7.78999996185303 -7.65999984741211 -7.07000017166138 -6.88000011444092 -6.57000017166138 -6.44000005722046 -6 -5.42000007629395 -5.53000020980835 -6.05000019073486 -6.19999980926514 -6.26999998092651 -6.32000017166138 -6.28999996185303 -6.59000015258789 -6.59999990463257 -6.71000003814697
-9999 -9999 -9999 -9999 -15.4899997711182 -15.8699998855591 -14.9499998092651 -13.4899997711182 -16.3099994659424 -15.4099998474121 -15.1999998092651 -13.0799999237061 -12.2600002288818 -12.3699998855591 -11.8400001525879 -10.7799997329712 -9.65999984741211 -8.85000038146973 -8.31999969482422 -8.13000011444092 -7.71000003814697 -7.59000015258789 -7.55000019073486 -7.57000017166138 -7.51000022688543 -7.3899998664856 -7.65999984741211 -7.69999980926514 -7.63999986648559 -7.59000015258789 -7.6399998664856 -7.19999980926514 -6.69000005722046 -6.6399998664856 -6.59999990463257 -6.76000022888184 -6.71000003814697 -7.17999982833862 -7.42000007629395 -6.67999982833862 -6.34000015258789 -6.28000020980835 -6.65999984741206 -6.71999979019165 -6.46999979019165
-9999 -9999 -9999 -9999 -13.8599996566772 -17.0200004577637 -14.9799995422363 -13.3599996566772 -15.7700004577637 -16.8500003814697 -14.4899997711182 -14.6899995803833 -12.7700004577637 -12.9899997711182 -12.7099999023931 -11.1499996185303 -10.3400001525879 -9.05000019073486 -8.47000026702881 -8.3100004196167 -7.80000019073486 -7.63999986648559 -7.65000009536743 -7.59000015258789 -7.40000009931158 -7.48000001907349 -7.63000011444092 -7.59999990463257 -7.59000015258789 -7.53999996185303 -7.51000022888184 -7.17000007629395 -6.94999980926514 -6.92999982833862 -6.96999979019165 -7.32000017166138 -7.8899998664856 -7.94999980926514 -7.92999982833862 -7.15000009536743 -6.78000020980835 -6.57000017166138 -6.67000007629395 -6.82999992370605 -6.90000009536743
-9999 -9999 -9999 -15.8400001525879 -15.1300001144409 -12.6899995803833 -14.9099998474121 -15.7799997329712 -17.1100006103516 -16.7199993133545 -15.6099996566772 -16.4400005340576 -13.3400001525879 -12.3800002197978 -11.7399997711182 -10.3400001525879 -9.56999969482422 -9.18000030517578 -8.56999969482422 -8.27000045776367 -8.15999984741211 -7.73999977111816 -7.73000001907349 -7.69999980926514 -7.73999977111816 -7.80000019073486 -7.73000001907349 -7.6100001335144 -7.57999992370605 -7.46999979019165 -7.44000005722046 -7.65000009536743 -7.76000022888184 -7.42000007629395 -7.25 -7.67999982833862 -8.65999984741211 -9.27000045776367 -8.85000038146973 -8.84000015258789 -7.11999988555908 -7.03999996185303 -6.90000009536743 -7.01000022888184 -7.07000017166138
-9999 -9999 -9999 -16.8899993896484 -16.2299995422363 -15.4200000762939 -17.8099994659424 -15.9899997711182 -17.4400005340576 -17.8600006103516 -16.3999996185303 -15.4099997989124 -14.2799997329712 -10.4300003051758 -10.2299995422363 -10.0799999237061 -9.53999996185303 -8.77999973297119 -8.57999992370605 -8.46000003814697 -8.27000045776367 -7.98999977111816 -7.98000001907349 -7.88000011444092 -7.75 -7.80000019034741 -7.73000001907349 -7.69999980926514 -7.61999988555908 -7.57000017166138 -7.53999996185303 -7.55999994277954 -7.51999998092651 -7.86999988555908 -7.96000003814697 -8.59000015258789 -8.81999969482422 -9.02000045776367 -8.88000011444092 -9.1899995803833 -7.11999988555871 -7.21000003814651 -7.09999990463241 -7.13999986648536 -7.11999988555908
-9999 -9999 -9999 -17.1000003814697 -15.9399990550234 -15.3000001907349 -16.3099994659424 -16.6000003814697 -19.25 -16.4300003051758 -17.3799991607666 -10.6199998855591 -10.5200004577637 -10.4099998474121 -9.90999984741211 -9.81999969482422 -9.51000022888183 -8.72000026702881 -8.57999992370605 -8.48999977111817 -8.31999969482422 -8.07999992370605 -8.09000015258789 -8.13000011444092 -7.92999982833862 -7.90000009536743 -7.78000020980835 -7.78999996139016 -7.57999992370605 -7.55999994277954 -7.51999998092651 -7.59999990463257 -7.78999996185303 -7.94999980926514 -8.02999973297119 -8.3100004196167 -8.93000030517578 -9.07999992370605 -9.06999969482422 -9.18000030517578 -9.27999973297119 -6.82000017166138 -6.86999988555908 -6.88000011444092 -6.76999998092651
-9999 -9999 -9999 -16.9599930511037 -17.7999992370605 -12.5500001907349 -16.8899993896484 -17.7000007629395 -17.2600002288818 -18.2999992370605 -17.4799995422363 -16.5200004577637 -10.3000001907349 -10.0600004196167 -10.0100002288818 -9.89999961853028 -9.43000030517578 -8.71000003814697 -8.63000011444092 -8.52999973297119 -8.5600004196167 -8.26000022888184 -8.1899995803833 -8.10999965667724 -8.07999992370605 -8.0600004196167 -7.78000021264709 -7.71999979143341 -7.84000015258789 -7.61000013351441 -7.40000009536743 -7.53999996185303 -7.78999996185303 -7.8899998664856 -8.10999965667724 -8.21000003814697 -8.57999992370605 -8.92000007629395 -9.17000007629395 -9.1899995803833 -9.3100004196167 -6.63000011444092 -6.67999982833862 -6.76999998092651 -6.59999990463257
-9999 -9999 -9999 -12.1700000762939 -13.4300003051758 -12.7500013233027 -18.5900001525879 -15.2299995422363 -17.0799999237061 -16.6200008392334 -16.1399993896484 -16.5900001525879 -16.4099998474121 -10.0500001907349 -9.97000026702881 -9.86999988555908 -9.13000011444092 -9.02000045776367 -8.89000034332275 -8.71000003814697 -8.65999984741211 -8.46000003814697 -8.39000034332275 -8.22000026702881 -8.30000019073486 -8.31999969482422 -8.30000019073486 -8.14000034332275 -7.69000005673365 -7.36999988528143 -7.57000017166138 -7.53999996185303 -7.80000019073486 -7.92999982833862 -8.0600004196167 -8.01000022888184 -8.46000003814697 -8.64000034332275 -8.89999961853027 -9.23999977111816 -9.21000003814697 -8.97999954223633 -6.48999977111816 -6.53000020980835 -6.55000019073486
-9999 -9999 -9999 -9.13000011444092 -14.8800001144409 -16.0699996948242 -15.6599998474121 -17.0599994659424 -15.9300003051758 -16.9599990844727 -16.1599998474121 -16.6900005340576 -15.9700002670288 -15.8999996185303 -9.85999965667725 -10.1999998092651 -9.28999996185303 -9.03999996185303 -8.96000003814697 -8.76000022888183 -8.60000038146972 -8.63000011444092 -8.52000045776367 -8.38000011444092 -8.38000011444092 -8.36999988555908 -8.35999965667725 -8.14000034332275 -7.59999990556939 -7.28000020980835 -7.51999998092651 -7.61000013351441 -7.84000015258789 -8.02000045776367 -7.8899998664856 -8.10000038146973 -8.1899995803833 -8.63000011444092 -8.80000019073486 -9.14000034332275 -9.0600004196167 -8.75 -8.60999965667725 -6.28999996185303 -6.32000017166138
-9999 -9999 -9999 -9.28999996185303 -13.75 -12.75 -13.8000001319199 -14.5600004196167 -12.5500001907349 -16.0300006866455 -17.8199996948242 -17.1000003814697 -17.5900001525879 -16.7299995422363 -10.3000001907349 -10.2600002288818 -10.1800003051758 -9.10999965667725 -9.01000022888184 -8.67000007629395 -8.69999980926514 -8.85000038146973 -8.60000038146973 -8.47999954223633 -8.52000045776367 -8.4399995803833 -8.47000026702881 -8.30000019073486 -8.05000019073486 -7.76000022888184 -7.57999992362568 -7.53000020963885 -7.40999984741211 -7.46999979019165 -7.48999977111816 -7.76999998092651 -8.21000003814697 -8.3100004196167 -8.22999954223633 -8.6899995803833 -8.96000003814697 -8.65999984741211 -8.47000026702881 -8.10999965667725 -6.21999979019165
-9999 -9999 -9999 -6.26000235694289 -10.5699996948242 -11.7600002288818 -13.7200004997668 -15.9300003051758 -15.7600002288818 -14.0200004577637 -17.3500003707918 -16.2000007629394 -14.8500003814697 -17.3899993896484 -10.3400001525879 -10.3299999237061 -10.0699996948242 -9.93000030517578 -9.13000011444092 -9.07999992370605 -8.6899995803833 -8.67000007629395 -8.64000034332275 -8.59000015258789 -8.60999965667725 -8.46000003814697 -8.27000045776367 -8.63000011444092 -8.75 -7.76000022931841 -7.53999996183319 -7.40000009536743 -7.01000022888184 -7.03999996185303 -7.26999998092651 -7.73999977111816 -7.71999979019165 -7.80000019073486 -8.17000007629395 -8.22999954223633 -8.67000007629395 -8.5 -8.05000019073486 -7.44000005722046 -7.30000019073486
-9999 -9999 -9999 -7.07999992370605 -11.7700004577637 -9.52999973297119 -14.7600002288818 -14.4700014139402 -16.7000007629395 -12.8699998855591 -14.1000003814697 -15.7399997711182 -15.9899997711182 -15.6499996185303 -10.7700004577637 -10.2700004577637 -10.1999998092651 -10 -9.65999984741211 -9.05000019073486 -8.82999992370605 -8.61999988555908 -8.59000015258789 -8.57999992370605 -8.60999965667725 -8.51000022888184 -8.21000003814697 -8.42000007629395 -8.25 -7.71999979019165 -7.40000009536743 -7.28000020980835 -6.92000007659653 -7.01000022895378 -7.09000015258789 -7.28999996185303 -7.6100001335144 -7.69999980926514 -7.78000020980835 -7.82999992370605 -7.98000001907349 -7.80999994277954 -7.51999998092651 -7.38000011444092 -7.03000020980835
-9999 -9999 -9999 -11.1999998092651 -8.03999986879848 -11.8500003814697 -10.5699996948242 -15.2299995422363 -14.3300002275824 -15.5200004577637 -14.3100004196167 -13.0900001525879 -13.6700000762939 -12.4200000762939 -10.8699998855591 -11.0200004577637 -10.9099998474121 -10.1599998474121 -9.72000026702881 -9.0600004196167 -8.77999973297119 -8.69999980926514 -8.63000011444092 -8.46000003814697 -8.42000007629394 -8.40999984741211 -8.26000022888184 -8.18000030517578 -7.76000022888184 -7.48000001907349 -7.05000019073486 -7.28000020985855 -7.30000019082902 -7.15999984741211 -7.13000011444092 -7.1100001335144 -7.40000009536743 -7.30000019073486 -7.57000017166138 -7.8899998664856 -7.94000005722046 -7.51000022888184 -7.5 -7.34000015258789 -6.92999982833862
-9999 -9999 -9999 -10.3599996566772 -8.22000026702881 -6.53000020980835 -11.3699998855591 -10.1999998092651 -13.8299999237061 -15.1299990567717 -15.9300003051758 -13.960000038147 -14.460000038147 -14.3400001525879 -11.2200002670288 -11.2299995422363 -10.9899997711182 -10.8699998855591 -10.0600004196167 -9.02000045776367 -8.85999965667725 -8.69999980926514 -8.64000034332276 -8.25 -8.26000022888184 -8.30000019073486 -8.09000015258789 -7.84000015258789 -7.53000020980835 -7.42999982833862 -7.3600001335144 -7.21999979019165 -7.21999979019165 -7.1100001335144 -7.21000003814697 -7.09999990462083 -7.09000015257821 -7.26999998092651 -7.44999980926514 -7.71000003814697 -7.88000011444092 -7.51999998092651 -7.05000019073486 -7.05000019073486 -6.90999984741211
-9999 -9999 -9999 -12.9799995422363 -10.5799999237061 -7.65999984741211 -7.01000022888184 -13.539999961853 -10.9700002670288 -14.0699996948242 -15.2499993975913 -16.0300006866455 -15.6700000762939 -15.0799999237061 -11.8900003433228 -11.7600002288818 -10.8000001907349 -11.0600004196167 -10.8599996566772 -9.81999969482422 -8.86999988555908 -8.68000030517578 -8.6899995803833 -8.39000034332275 -8.27999973297119 -8.23999977111816 -7.76999998092651 -7.61999988555908 -7.25 -7.48000001907349 -7.57000017166138 -7.13000011444092 -7.09000015258789 -7.03999996185303 -7.05000019073486 -6.84000015258789 -6.73999977111816 -6.94000005722046 -7.21000003814697 -8.14000034331877 -7.98999977111709 -7.34000015258787 -6.90999984741223 -6.92999982833867 -6.65000009536787
-9999 -9999 -13.1800003051758 -12.2399997711182 -16.0200004577637 -8.9399995803833 -6.80999994277954 -9.40999984741211 -12.539999961853 -8.51000022888183 -14.75 -16.180000104285 -16.5799999237061 -15.6000003814697 -12.8599996566772 -14.539999961853 -12.0299997329712 -11.5299997329712 -11.3500003814697 -10.9700002670288 -9.0600004196167 -8.78999996185303 -8.72000026702881 -8.63000011444092 -8.23999977111816 -8.14999961853027 -7.92999982833862 -7.61999988555908 -7.42999982833862 -7.51999998092651 -7.69000005722046 -7.44000005722046 -7.23000001907349 -7.17000007629394 -7.17000007629394 -6.71000003814697 -5.82999992370605 -6.73999977111816 -7.21000003814599 -7.57000017165961 -7.5300002098077 -7.32999992370605 -6.96000003814697 -6.94999980926514 -6.84000015258789
-9999 -9999 -14.8599996566772 -15.6499996185303 -13.1400003433228 -14.9200000762939 -11.460000038147 -7.19000005722046 -11.1000003814697 -13.3699995884046 -14.4200000762939 -14.4200000762939 -16.0499992370605 -15.8100004196167 -13.1899995803833 -13.710000038147 -12.8000001907349 -12.1499996185303 -11.6599998474121 -11.3599996566772 -9.02999973297119 -8.9399995803833 -8.90999984741211 -8.84000015258789 -8.32999992481087 -8.22000026725139 -7.78999996185303 -7.40999984741211 -7.51999998092651 -7.55999994277954 -7.44000005722046 -7.36999988555908 -7.21999979019165 -7.26000022888184 -7.3600001335144 -6.84999990463257 -6.65000009536743 -6.86999988555908 -6.92999982833862 -7.05000019073486 -7.11999988555908 -6.96000003814697 -6.84999990463257 -6.90999984741211 -7.03000020980835
-9999 -9999 -13.0799999237061 -11.7399997711182 -13.0200004577637 -14.4099998474121 -13.9499995097267 -7.46999979019165 -6.88000011444092 -13.1400003433228 -10.4700002670288 -12.6700000762939 -15.2200002670288 -15.4399995803833 -13.1499996185303 -13.6199998855591 -13.3299999237061 -12.6300001144409 -12 -11.5100002288818 -10.1199998855591 -9.11999988555908 -9.17000007629395 -8.98999977111816 -8.36999988555908 -8.25 -7.94000005722046 -7.78000020980835 -7.40000009536743 -7.38000011444092 -7.3899998664856 -7.23999977111816 -7.19999980926514 -7.19999980926514 -7.1100001335144 -7.03999996185303 -6.92999982833862 -6.86999988555908 -6.92999982833862 -7.01000022888184 -7.05000019073486 -6.90999984741211 -6.82000017166138 -6.86999988555908 -7.07000017166138
-9999 -9999 -12.2600002288818 -10.8199996948242 -11.6599998474121 -15.5600004196167 -13.3000001907349 -10.8299999237061 -5.71000003814697 -12.5299997329712 -12.8299999237061 -13.7600002288818 -13.4899997711182 -16.0400009098684 -16.2199993133545 -14.5299997329712 -14.1499996185303 -12.7399997711182 -12 -11.3299999237061 -10.2200002670288 -9.44999980926514 -9.52999973297119 -9.22000026702881 -8.65999984741211 -8.13000011444092 -7.92999982833862 -7.6100001335144 -7.46999979019165 -7.40000009536743 -7.32000017166138 -7.13000011444092 -7.1100001335144 -7.15000009536743 -7.09000015258789 -6.96000003814697 -6.8899998664856 -6.8899998664856 -7 -7.01999998092651 -6.90000009536743 -6.86999988555908 -6.78000020980835 -6.80999994277954 -6.84000015258789
-9999 -9999 -6.96999820054113 -10.1400003433228 -14.0699996948242 -12.7200002670288 -12.5699996948242 -11.3900003433228 -5.73000001907349 -9.60999965667725 -13.2700003886418 -8.8100004196167 -12.1800003051758 -14.2299995422363 -14.5299997329712 -13.3400001525879 -13.25 -12.5600004196167 -11.8900003433228 -11.1800003051758 -10.25 -10.0900001525879 -9.64000034332275 -9.39000034332275 -9.0600004196167 -8.65999984741211 -8.14000034332275 -7.51999998092651 -7.48999977111816 -7.3600001335144 -7.05000019073486 -7.26999998092651 -7.01999998092651 -7.01999998092651 -6.98999977111816 -6.73000001907349 -6.73999977111816 -6.84999990463257 -7.11999988555908 -6.98999977111816 -6.88000011444092 -6.84000015258789 -6.55000019073486 -6.59000015258789 -6.55000019073486
