SnowAccumulation_R/test/tmin/final_tmin_04_04_2009.asc
NCOLS 97 
NROWS 69 
XLLCORNER 52512.810182332 
YLLCORNER 5316225.2758522 
CELLSIZE 10000 
NODATA_value -9999 
[rows 40 to 59 of 69, columns 0 to 44 of 97]
-9999 -9999 -1.63999998569489 -12.2799982100266 -12.909999691725 -12.1300001144409 -12.8100004196167 -9.68000030517578 -9.47999954223633 -4.53999996185303 -12.25 -9.46000003814697 -12.2299995422363 -13.3000001907349 -13.5600004196167 -13.8199996948242 -14.4200000762939 -11.6700000762939 -11.710000038147 -11.9399995803833 -12.2200002670288 -13.8299999237061 -9.15999985305246 -9.06999969510697 -8.72999954223633 -7.34000015454915 -7.3400001427114 -5.67000007629394 -5.26999998092651 -4.69999980926514 -4.53999996185303 -4.55999994277954 -4.96999979019165 -5.34000015258789 -5.76999998092651 -6.21999979019165 -6.57999992370605 -6.71000003814697 -6.84999990463257 -6.90000009536743 -6.8600001335144 -6.73999977111816 -6.07999992370606 -5.86999988555908 -5.42000007629395
-9999 -9999 -1.05999994277954 -10.5699996948242 -11.2200002141315 -11.8800001144409 -10.3599996566772 -12.3299999237061 -11.4499998092651 -5.67000007629395 -12.0600004196167 -11.8100004196167 -11.5200004577637 -13.3000001907349 -13.5500001907349 -13.8599996566772 -14.3900003433228 -14.539999961853 -11.6599998474121 -11.2299995422363 -11.369999885952 -10.3699998899338 -9.19999980926514 -8.96000003814697 -8.71000003814697 -6.3600001335144 -5.86000013432546 -5.44000005722046 -5.38000011444092 -4.76000022888184 -4.55999994277954 -4.53000020980835 -4.69999980926514 -5.21999979019165 -5.80000019073486 -6.01999998092651 -6.48999977111816 -6.65999984741211 -7.03000020980835 -7.15999984741211 -6.96000003814697 -6.84999990463257 -6 -5.69999980926514 -5.32000017166138
-9999 -9999 -1.48000001907349 -9.40999984741211 -11.4700002670288 -11.3900009414194 -12.1899995803833 -11.3599996566772 -11.0200003315932 -7.80000019073486 -11.3000001907349 -7.94999987761598 -9.80000019073486 -13.0500001907349 -13.6400003433228 -13.8199996948242 -14.3999996185303 -14.1099996582822 -11.1400003621624 -11.0500001912227 -10.8699998855591 -10.3800001144409 -8.97000026702881 -8.40999984824187 -8.05000019167385 -6.6399998664856 -5.53999996185303 -5.21000003814697 -5.17000007629395 -4.71999979019165 -4.32999992370605 -4.26000022888184 -4.30000019073486 -4.63000011444092 -5.6100001335144 -5.84000015258789 -6.36000013351441 -6.59999990463257 -6.8899998664856 -7.15999984741211 -7.15000009536743 -6.44999980926514 -5.88000011444092 -5.61999988555908 -5.19000005722046
-9999 -9999 -5.96000003814697 -10.039999961853 -10.0299997329712 -11.7799997329712 -10.9200001963105 -11.539999961853 -8.27000045776367 -10.6000003814697 -8.22999954223633 -11.4200000762939 -12.7299995422363 -13.3000001907349 -13.4099998474121 -13.7299995422363 -14.1800003051758 -14.0600004196167 -11.2600002288818 -10.9899997711182 -11.3500003814697 -10.3999996185303 -8.81999969482422 -7.86000013351441 -7.40999984741211 -6.38000011444092 -5.42000007629395 -4.6100001335144 -4.90999984741211 -4.69000005722046 -4.26999998092651 -4.13000011444092 -4.32000017166138 -4.57000017166138 -5.19999980926514 -5.51000022888184 -6 -6.28000020980835 -6.71999979019165 -7.94000005722046 -7.01999998092651 -6.21000003814697 -5.73999977111816 -5.5 -4.96000003814697
-9999 -9999 -0.839999973773956 -8.78999996185303 -9.67000007629394 -12.0200004577637 -10.1700000762939 -11.3700004969222 -6.5 -7.51000022888184 -4.05999994277954 -8.64000034332276 -11.0699996948242 -12.4300003051758 -13.4399995803833 -13.5100002288818 -13.8299999237061 -13.8599996566772 -11.1300001144409 -10.8000001907349 -10.6800003051758 -10.0699996948242 -9 -7.57999992370605 -6.23000001907349 -6.57000017166138 -6.34999990463257 -4.90999984818811 -4.90999984741211 -4.59000015258789 -4.30999994277954 -4.30999994277954 -4.48999977111816 -4.69999980926514 -5.01999998092651 -5.53000020980835 -5.98999977111816 -6.21999979019165 -6.5 -6.76000022888184 -6.57999992370605 -6.17000007629395 -5.57999992370605 -5.28999996185303 -4.76000022888184
-9999 -9999 -0.200000002980232 -8.39000096773606 -10.7299995422363 -11.210000038147 -11.4799995616043 -11 -11.0099998367819 -10.2299994895666 -3.97000002861023 -9.19999980926514 -11.3100004254562 -13.0100002288818 -13.4499998092651 -13.1199998855591 -13.1599998474121 -13.3199996948242 -10.25 -9.80000019073486 -10.0100002288818 -9.35000038146972 -7.98000001907349 -6.92999982833862 -6.75 -6.61999988555908 -5.94000005722046 -5.03000021015945 -4.73000001935419 -4.69999980926514 -4.46000003814697 -4.42999982833862 -4.53999996185303 -4.69000005722046 -4.82999992370605 -5.51999998092651 -5.76999998092651 -6.07000017166138 -6.1100001335144 -6.30999994277954 -6.21999979019165 -5.6399998664856 -5.36999988555908 -5.05999994277954 -4.67999982833862
-9999 -9999 0.540000021457672 -10.2200002670288 -9.60000038146973 -8.94999980926514 -9.97999954223633 -11.0299997329712 -11.5799999237061 -7.43999946233261 -3.88000011444092 -9.27999973297119 -11.7799997329712 -12.7600002288818 -12.8500003814697 -13.0500001907349 -12.6499996185303 -12.9499998092651 -13.0100002288818 -8.39999961853027 -8.14000034332275 -7.63999986648559 -6.61999988555908 -6.46999979019165 -6.0000000007465 -6 -5.46999979180955 -5.13000011444092 -4.69000005722046 -4.65000009536743 -4.57000017166138 -4.40999984741211 -4.48000001907349 -4.65000009536743 -4.84999990463257 -5.46999979019165 -5.69999980926514 -5.86999988555908 -6 -6.07000017166138 -5.92000007629395 -5.53999996185303 -5.17999982833862 -5 -4.46999979019165
-9999 -9999 1.14999997615814 -9.65999984741211 -7.90999984741211 -8.52999973297119 -8.9399995803833 -11.25 -10.3599996566772 -4.94000005722046 -2.90999998392248 -8.13000011444092 -11.7299995422363 -12.4200000762939 -12.2600002288818 -12.6099996566772 -11.9899997711182 -11.710000038147 -7.96000028638711 -7.73000001907349 -7.57999992370606 -6.59000015258789 -6.36999988555908 -6.25 -5.75000000123174 -5.78000020974453 -5.67000007629395 -5.36999988555908 -5.34999990463257 -5.1100001335144 -4.80000019073486 -4.32000017166138 -4.55999994277954 -4.8600001335144 -4.82000017166138 -5.15000009536743 -5.09999990463257 -5.69000005722046 -5.94000005722046 -6.3600001335144 -5.82999992370605 -5.28000020980835 -5.01999998092651 -4.73999977111816 -4.59000015258789
-9999 -5.09000015258789 1.24000000953674 -6.3899998664856 -8.89999978239476 -7.80000019073486 -10.1899995803833 -10.4899996197501 -7.80999994277954 -3.04999995231628 -2.08999990873826 -8.07999949494493 -11.9099998474121 -11.3999996185303 -11.1400003433228 -12 -11.1700000762939 -11.2399997711182 -11.9200000762939 -7.30000019073486 -6.55999994277954 -5.63000011444092 -5.40000009536743 -5.30999994277954 -5.32999992370605 -5.34999990463257 -5.69999980926514 -5.57000017166138 -5.57999992370605 -5.82000017166138 -4.90999984761655 -4.48000001907349 -4.67999982829383 -4.8899998664856 -5.05000019073486 -5 -4.96999979019165 -5.03000020980835 -5.63999986648559 -6.05000019073486 -5.48999977111816 -5.17000007629395 -4.82999992370605 -4.80000019073486 -4.71000003814697
-9999 -1.25999999046326 1.14999997615814 -8.06999969482422 -7.67999982833862 -8.98999977111816 -6.01999998092651 -6.25 -5.03999996185303 -2.02999997138977 -1.57000005245209 -2.02999997138977 -11.3900002573002 -8.6800003060577 -8.81999969482422 -10.5900001525879 -10.7099997832496 -9.11999988555908 -10.6899995803833 -5.63000012120823 -5.40000009536743 -5.09999990463257 -5.01999998092651 -5.07999992370605 -5.07000017166138 -4.98999977111816 -5.5 -5.63000011444092 -5.82999992370605 -5.57999992381579 -5.21999979019165 -5.11999988555908 -4.98000001907349 -4.80999994277954 -4.84000015258789 -5.05000019073486 -4.98000001907349 -4.98999977111816 -5.28000020980835 -5.40000009536743 -5.21000003814697 -5.15000009536743 -4.96000003814697 -4.86999988555908 -4.55000019073486
-9999 -8.69999980926513 -4.09999816051476 -6.96000003814697 -10.1800003051758 -9.10000038146973 -9.14999961853027 -8.92000007629395 -7.57999992370606 -4.44999980926514 -2.75999999046326 -2.17000007629395 -5.94999980926514 -7.40999984741211 -8.27999973297119 -10.1599998474121 -9.48999977111816 -8.27999973297119 -8.94999980926514 -5.76999996660323 -5.01000022888184 -4.30999994277954 -4.76999998092651 -4.75 -4.44999980926514 -4.71000003814697 -5.25 -5.55999994261445 -5.55999994277954 -5.65000009531942 -5.51000022888184 -5.61000013351441 -5.1399998664856 -4.76999998092651 -4.78000020980835 -4.92000007629395 -4.78999996185303 -4.94999980926514 -5.09999990463257 -5.11999988555908 -5.09999990463257 -5.09000015258789 -5.21000003814697 -5.19000005722046 -4.67000007629395
-9999 -6.75000087725425 1.96000003814697 -6.09000015258789 -9.60999965667725 -7.55999994277954 -7.5 -8.52999973297119 -9.02999957576452 -3.51999998092651 -4.5 -6.32000017166138 -2.6800000667572 -6.48000001907349 -8.60000038146973 -6.9799999233988 -9.8100004196167 -8.68000030517578 -10.6000003814697 -5.25 -4.88999986605888 -4.48000001907349 -4.78000020980835 -4.90000009536743 -4.6199998853954 -4.61999988555908 -4.92999982837209 -5.17999982833862 -5.65000009492294 -6.30000019073486 -5.42000007629395 -5.23999977111816 -5.01000022888184 -4.92999982833862 -4.65999984741211 -4.44999980926514 -4.28999996185303 -4.65000009536743 -4.84999990463257 -4.94999980926514 -4.98999977111816 -5.17000007629395 -5.21000003814697 -5.19999980926514 -5.05000019073486
-9999 -7.55999994277954 1.14999997615814 -1.67999994754791 -8.31999969482422 -5.3899998664856 -7.23999977111816 -7.84999990463257 -7.19999980926514 -4.3600001335144 -8.1899995803833 -6.59999990463257 -4.69999980926514 -2.42000007629395 -4.34999990463257 -6.65999984741211 -9.35000033489846 -9.03999996185303 -10.0600004196167 -6.76000022888184 -4.88000011297828 -4.34999990463257 -4.67999982833862 -4.84000015258789 -4.5 -4.51000022888184 -4.57000017166138 -4.55000019073486 -4.92000007629395 -4.8899998664856 -5.13999986644658 -4.5999999048137 -4.32999992370605 -3.67000007629395 -3.69000005721867 -4.23000001907349 -3.78999996185303 -4.57999992370605 -4.80000019073486 -4.90999984741211 -5.01000022888184 -5.03999996185303 -5.17999982833862 -5.03000020980835 -5.01000022888184
-9999 -7.09999990463257 -7.73000001907349 1.67999859370563 -7.59999990463257 -3.82999992370605 -5.3899998664856 -7.46999979019165 -6.17000007629395 -4.76000022888184 -7.25 -5.67999982833862 -4.75 -2.28999996185303 -4.40999983803788 -5.75 -7.57999992370605 -7.98999977111816 -8.44999980926514 -8.15999984741211 -4.71999979019165 -4.55000019073486 -4.59000014913715 -4.48999977111816 -4.46999979019165 -4.48000001907349 -4.42000007629395 -4.36999988555908 -4.44999980926514 -4.05999994277954 -4.55999994262359 -4.76000022888184 -3.67000007629395 -3.69000005722046 -3.7300000190744 -3.73000001907349 -3.8199999332428 -3.93000006675645 -3.95000004768372 -4.11999988555908 -4.21000003814697 -4.88000011444092 -4.76999998092651 -5.01999998092651 -5.01999998092651
-9999 -6.78999996185303 -4.67000007629395 1.11000001430511 -1.80999994277954 -3.88000011444092 -4.61999988555908 -5.82999992370605 -4.96000003814697 -4.55999994277954 -7.30999994277954 -5.63999986648559 -4.42000007629395 -2.76999998092651 -3.30999994277954 -6.94999980926514 -7.78000020980835 -8.97000026702881 -8.1899995803833 -8.94999972472653 -7.75000000116901 -4.5500002971828 -4.42999982833862 -4.67999982833862 -4.67000007629395 -4.46000003814697 -4.51999998092651 -4.34999990463257 -4.05999994277954 -4.21000003791935 -4.46999979019165 -4.55999994277954 -4.15000009536743 -4.09000015258789 -3.94000005722046 -3.86999988555908 -3.96000003814697 -4.01000022888134 -4.07000017166138 -4.26999998092651 -4.46999979019165 -4.75 -4.98000001907349 -5.03999996185302 -4.75
-9999 -6.28999977685553 -5.19000005722046 -2.50999999046326 1.94000005722046 -3.85999989509583 -2.00999999046326 -4.26000022888184 -5.57000017166138 -6.38999986648559 -6.19999980926514 -5.65000009536743 -5.36999988555908 -2.92000007629394 -2.24000000953674 -6.82000017166138 -6.96000003814697 -8.32999992370605 -7.36999988555908 -5.75 -7.6100001335144 -8.06999968168029 -8.75 -5.48999977381107 -4.51999998092651 -4.46000003814697 -4.32999992370605 -4.1399998664856 -4.01000022817909 -4.1399998664856 -4.5 -4.57999992370605 -4.21999979019165 -4.21999979019165 -4.42000007629395 -4.32999992370605 -4.13999986648559 -4.19000005722017 -4.19000005722046 -4.42000007629395 -4.55999994277954 -4.94999980926514 -5 -5.09000015258789 -4.80999994277954
-9999 -3.8824999332428 -4.30749988555908 -2.83500003814697 0.412500197966743 -1.5 -2.29999995231628 -3.88000011444092 -4.17000007629395 -4.84000015258789 -4.36999988555908 -6.34999990463257 -6.94999980832253 -3.60999989509583 -1.8400000333786 -4.51999998092651 -7.30000019073486 -8.27999973297119 -7.11999988555908 -4.88000011444092 -7.63000011444092 -8.27000045776367 -8.35999965522232 -5.67999982833862 -5.48999977111816 -4.40999984741211 -4.28000020980835 -4.17000007629395 -3.94000005722046 -4.09999990463257 -4.30999994277954 -4.59000015258789 -4.6100001335144 -4.17999982833862 -4.15999984741211 -4.26000022888184 -4.32999992370605 -4.44000005722046 -4.3899998664856 -4.53999996185303 -4.69000005722043 -4.71999979019165 -4.86999988555908 -4.94999980926516 -4.78999996185303
-9999 -3.83750009536743 -5.24249982833862 -4.29500007629395 -1.06500005722046 1.17750000953674 -3.31750011444092 -3.02250016253031 -6.23000001907349 -4.03499984741211 -3.78500008583069 -4.12750005722046 -6.48000001907349 -4.51999998092651 -1.81500005722046 -7.23250003713072 -9.47749996185303 -7.73999977111816 -7.10750007629394 -6.07499980926514 -6.45749998092651 -9.27499961853028 -9.35750007629395 -6.71250009536743 -7.03000025390455 -5.6399998664856 -4.76000022888184 -4.42000007629395 -4.30000019073486 -4.30999994277954 -4.78000020980835 -4.98000001907349 -4.76000022888184 -4.36999988555908 -4.57000017166138 -4.78000020980835 -4.42999982833862 -4.48000001907349 -4.59999990463257 -4.69000005722046 -5.03999996185278 -4.98000001907349 -5.17999982833862 -5.19000005722047 -5.09000015258789
-9999 -1.64750003814697 -2.85000054050439 -5.62249994277954 -2.41000008583069 0.847500026226044 -1.48000001907349 -4.02500009536743 -6.42250013351441 -3.83500003814697 -3.32500004344509 -4.25 -5.9375 -5.2024998664856 -2.18249988555908 -3.83750009536743 -7.36499977111816 -7.74749994277954 -7.3350000449516 -6.8274998664856 -6.75750017166138 -8.46249961853027 -8.97500038146973 -8.63249969482422 -9.19750022888184 -11.1424999237061 -4.74999999938114 -5.25750017113136 -5.23750019073486 -5.49499988543987 -5.5 -5.49249982833862 -5.31750011444092 -4.79500007629395 -4.69250011444092 -4.58750009536743 -4.30000019073486 -4.16249990463257 -3.78250002861023 -3.47499990463257 -5.88000011443811 -4.90749979019165 -4.2975001335144 -4.43750000000042 -4.67000007629395
-9999 -1.46749997138977 -3.93499994277954 -4.89249992370606 -1.9099999666214 0.845000045410253 0.275000005960464 -1.87249994277954 -4.16249990463257 -3.21499991416931 -2.9375 -4.8274998664856 -4.80999994277954 -4.09999990463257 -4.26249980926514 -3.78999996185303 -4.84999990463257 -9.11999988555908 -9.07999992370605 -7.52500009536743 -7.76999998092651 -7.27750013642589 -8.75500011444092 -10.0050001144409 -10.0450000762939 -7.84749984741211 -5.87249994277954 -5.60500001907349 -6.14750003814697 -5.62500000046936 -5.62249994277954 -5.39499998092651 -5.24499988555908 -4.80249977111816 -4.4524998664856 -4.49249982833862 -4.52250003814697 -3.85500001907349 -3.91750001907349 -3.79749989509583 -5.62499999999952 -5.22249984741211 -5.1725001335144 -5.34250020980835 -5.61749982833862
