SnowAccumulation_R/test/tmin/final_tmin_20_04_2009.asc
NCOLS 97 
NROWS 69 
XLLCORNER 52512.810182332 
YLLCORNER 5316225.2758522 
CELLSIZE 10000 
NODATA_value -9999 
[rows 42 to 62 of 69, columns 46 to 91 of 97]
1.73000001907349 1.75 2 2.24000000953674 1.99000000953674 1.89999997615814 1.8400000333786 1.87999999523163 1.99000000953674 2.07999992370605 2.13000011444092 2.09999990463257 2.08999991416931 2.07999992370605 2.08999991416931 2.07999992370605 2.08999991421217 2.11999988555908 2.17000007629395 2.23000001858573 2.25999999046326 2.29999995231628 2.0899999291404 2.24000000953674 1.78999996185303 1.37999999523163 1.23000001907349 0.990000009536743 0.800000011920929 0.720000028610229 0.600000023841858 0.389999985694885 0.300000011920929 0.159999996423721 -0.0500000007450581 -0.159999996423721 -0.200000002980232 -0.319999992847443 -0.349999994039536 -0.560000002384186 -0.839999973773956 -1 -1.36000001430511 -1.64999997615814 -1.73000001907349 -1.83000004291534
1.66999995708466 1.70000004768372 1.80999994277954 2.08999991416931 2.05999994277954 1.82000005245209 2.04999995231628 2.09999990463257 2.1800000667572 2.24000000953674 2.27999997138977 2.28999996185303 2.25 2.23000001907349 2.21000003814697 2.19000005722046 2.1800000667572 2.25 2.29999995231628 2.34999990477823 2.4600000383599 2.65000009536743 2.60999989456881 2.3199999332428 1.91999995708466 1.61000001430511 1.47000002861023 1.22000002861023 1.01999998092651 0.930000007152557 0.800000011920929 0.629999995231628 0.519999980926514 0.349999994039535 0.150000005960464 0.0399999991059303 -0.25 -0.25 -0.379999995231628 -0.519999980926514 -0.769999980926514 -0.910000026226044 -1.21000003814697 -1.48000001907349 -1.57000005245209 -1.69000005722046
1.62999999523163 1.67999994754791 1.88999998569489 2.01999998092651 1.92999994754791 1.95000004768372 2.23000001907349 2.30999994277954 2.4300000667572 2.5 2.50999999046326 2.47000002861023 2.39000010490418 2.34999990463257 2.27999997138977 2.23000001907349 2.22000002861023 2.28999996185303 2.32999992370606 2.36999988349632 2.40000009536743 2.36999988555908 2.32999992370605 2.15000009536743 1.99000000953674 1.86000001430511 1.63999998569489 1.46000003814697 1.360000014036 1.13999998569489 0.990000009536743 0.910000026226044 0.759999990463257 0.579999983310699 0.469999998807907 0.25 0.12999997075474 -0.219999971994013 -0.389999985694885 -0.490000009536743 -0.699999968639512 -0.810000002384186 -1.05999994277954 -1.29999985499379 -1.39999997615814 -1.54999995231628
1.37999999523163 1.46000003814697 1.70000004768372 2.11999988555908 2.09999990463257 2.04999995231628 2.48000001907349 2.53999996185303 2.66000008583069 2.70000004768372 2.67000007629395 2.61999988555908 2.48000001907349 2.42000007629395 2.30999994277954 2.24000000953674 2.22000002805661 2.20000004580486 2.13000011444092 2.1800000667572 2.19000005722046 2.16000008583069 2.14000010490417 2.07999992370605 1.91999995708466 1.85000002384186 1.66999995708466 1.62000000476837 1.54999995231628 1.38999998569489 1.22000002861023 1.13999998569489 0.899999976158142 0.720000028610229 0.649999976158142 0.559999990661342 0.280000001192093 0.100000001490116 -0.219999998807907 -0.529999971389771 -0.709999978542328 -0.740000009536743 -0.97000002861023 -1.07000005245209 -1.24000000953674 -1.38999998569489
1.21000003814697 1.4099999666214 1.73000001907349 2.32999992370605 2.5699999332428 2.01999998092651 2.56999993324323 2.66000008583069 2.8199999332428 2.91000008583069 2.83999991416931 2.71000003814697 2.55999994277954 2.49000000953674 2.24999999982175 1.9099999666214 1.87999999523163 1.92999994754791 1.96000003814697 1.97000002861023 1.96000003814697 1.97000002861023 1.98000001907349 2.00999999046326 2.03999996185303 1.99000000953674 1.85000002384186 1.76999998092651 1.70000004768372 1.57000005245209 1.4099999666214 1.32000005245209 1.07000005245209 0.910000026226044 0.990000009536743 0.709999978542328 0.469999998807907 0.300000011920929 -0.100000001490116 -0.409999996423721 -0.5 -0.730000019073486 -0.850000023841858 -0.980000019073486 -1.13999998569489 -1.24999993970958
1.79999995231628 1.61000001430511 1.58000004291534 2.20000004768372 2.33999991416931 1.95000004768372 2.63000011443984 2.66000008583069 2.94000005722046 3.06999993324165 3 2.77999997118197 2.68000006644866 2.14000010490417 1.74000000953674 1.74000000963502 1.85000002384186 1.74000000953674 1.70000004768372 1.71000003814697 1.70000004768372 1.83000004291534 1.87999999523163 1.97000002861023 2.02999997138977 2.00999999046326 1.97000002861023 1.85000002384186 1.78999996185303 1.73000001907349 1.62000000498106 1.51999998092651 1.29999995231628 1.4099999666214 1.16999995708466 0.910000026226044 0.769999980926514 0.449999988079071 0.140000000596046 -0.0299999993294477 -0.360000014305115 -0.639999985694885 -0.759999990463257 -0.860000014305115 -1.03999996185303 -1.1099997704761
1.91999995708466 1.46000003814697 1.49000000953674 1.57000005245209 2.15000009536743 1.80999994277954 2.45000004768288 2.51999998092651 2.86999988550639 3.04999995216584 2.20000004768372 1.75 1.82000005240756 1.60000002384186 1.55999994277954 1.59000003348806 1.75999999046326 1.60000002384186 1.5399999617568 1.54999995231628 1.57000005245209 1.63999998604495 1.77999997138977 1.88999998569489 1.95000004781064 1.99000000953674 2 1.98000001907349 1.95000004768372 1.88999998569489 1.87000000476837 1.71000003814697 1.70000004768372 1.5900000333786 1.36000001430511 1.10000002384186 0.970000028610229 0.610000014305115 0.280000001192093 0.119999997317791 -0.209999993443489 -0.490000009536743 -0.620000004768372 -0.899999976158142 -0.909999868011276 -0.870000004768372
1.41999995708466 1.36000001430511 1.3400000333786 1.37000000476837 1.1599999666214 1.39999997615814 1.4099999666214 1.74000000953674 1.9099999666214 1.5 1.21000003814697 1.22000002861023 1.30999994277954 1.38999998569489 1.39999997615814 1.45000004768372 1.63999998569489 1.41999995708466 1.37999999523163 1.3400000333786 1.38999998569489 1.38999998569489 1.57000005245209 1.75999999046326 1.83000004291534 2 2.11999988555908 2.13000011444092 2.17000007629395 2.11999988555908 2.07999996574917 2.10999989509583 1.89999997615814 1.76999998092651 1.52999997138977 1.26999998092651 1.12999999523163 0.740000009536743 0.320000032789914 0.159999996423721 -0.0700000002980232 -0.3499999376535 -0.490000009536743 -0.720000028610229 -0.680000007152557 -0.779999971389771
1.35000002384186 1.20000004768372 1.39999997615814 1.1599999666214 1.00999999046326 1.25999999046326 1.21000003814697 1.29999995231628 1.36000001430511 1.1599999666214 1.32000005245209 1.32000005245209 1.37999999523163 1.38999998569489 1.36000001430511 1.55999994277954 1.49000000953674 1.24000000953674 1.14999997615814 1.07000005245209 1.0900000333786 1.12999999523163 1.22000002861023 1.58000004291534 1.71000003814697 2.02999997138977 2.25999999046326 2.33999991416931 2.35999989509583 2.34999994045662 2.51999998092651 2.34999990463257 2.0999999066749 1.96000003814697 1.67999994754791 1.51999998092651 1.20000004768372 0.860000014305115 0.610000014305115 0.28999999165535 0.0500000007450581 -0.109999999403954 -0.360000014305115 -0.509999990463257 -0.579999983310699 -0.689999997615814
1.29999995231628 1.30999994277954 1.25999999046326 1.0900000333786 1.25999999046326 1.23000001907349 1.20000004768372 1.44000005722046 1.64999997615814 1.52999997138977 1.62999999523163 1.64999997615814 1.46000003814697 1.49000000953674 1.62000000476837 1.54999995231628 1.30999994277954 1.02999997138977 0.980000019073486 0.839999973773956 0.810000002384186 0.810000002384186 0.990000009536743 1.39999997615814 1.69000005722046 2.08999991416931 2.41000008583069 2.49000000953674 2.54000000096168 2.86999988538078 2.74000000953674 2.53999996185303 2.45000004768372 2.17000007629395 1.86000001430511 1.6599999666214 1.33000004291534 1 0.810000002384186 0.430000007152557 0.200000002980232 0.0500000007450581 -0.119999997317791 -0.35999994062753 -0.449999988079071 -0.600000023841858
1.63999998569489 1.07000005245209 1.4099999666214 1.45000004768372 1.54999995231628 1.62999999523163 1.60000002384186 1.76999998092651 1.91999995708466 1.9099999666214 1.87000000476837 1.80999994277954 1.75999999046326 1.57000005245209 1.60000002384186 1.53999996185303 1.22000002861023 0.959999978542328 0.899999976158142 0.720000028610229 0.579999983310699 0.589999973773956 0.879999995231628 1.120000006235 1.6599999666214 2.19000005722046 2.40000009536743 2.95000004768372 3.14000010490418 3.13000011444092 2.97000002861023 2.6800000667572 2.59999990463257 2.30999994277954 1.94000005722046 1.76999998092651 1.30999994277954 0.940000016304843 0.819999992847443 0.569999992847443 0.430000007152557 0.15000008339327 -0.0900000035762787 -0.189999997615814 -0.330000013113022 -0.509999990463257
1.98000001907349 1.49000000953674 1.63999998569489 1.6599999666214 1.83000004291534 1.95000004768372 1.96000003814697 2.00999999046326 2.07999992370606 2.10999989509583 2.01999998092651 1.91999995708466 1.83000004291534 1.57000005245209 1.54999995231628 1.5 1.24000000953674 1.1000000235926 0.889999985694885 0.689999997615814 0.569999992393563 0.349999994039536 0.860000014305115 1.19000005722046 1.69000005722046 2.24000002775611 2.6800000667572 3.22000002861023 3.34999990463257 3.28999996185303 3.00999999046326 2.6800000667572 2.61999988555908 2.33999991416931 2.15000010024299 1.94000005722046 1.48000001907349 1.16999995708466 0.819999992847443 0.589999973773956 0.459999885317106 0.189999997615814 0.129999995231628 0.00999999977648258 -0.200000002980232 -0.32999994281804
2.26999998092651 1.88999998569489 2.02999997138977 2.05999994277954 2.13000011444092 2.25 2.19000005722046 2.21000003814697 2.21000003814697 2.23000001907349 2.08999991416931 1.99000000953674 1.89999997615814 1.72000002861023 1.6399999856462 1.51999998092651 1.24000000953674 1.12000000455685 0.920000016689301 0.759999990463257 0.699999988079071 0.670000016689301 1.16999995708466 1.46000003814697 2.41000008583069 2.98000001907349 3.05999994277954 3.34999990463257 3.58999991416931 3.38000011444092 3.10999989509583 3.04999995231628 2.72000002861023 2.52999997138977 2.40000009536743 2.11999988555908 1.60000002384186 1.30999994277954 0.829999983310699 0.450000020360405 0.400000005960464 0.280000001192093 0.200000002980232 0.209999993443489 0.0299999993294477 -0.0199999995529652
2.5699999332428 2.4300000667572 2.49000000953674 2.5699999332428 2.55999994277954 2.52999997138977 2.52999997138977 2.45000004768372 2.34999990463257 2.36999988555908 2.17000007629395 1.89999997615814 1.91999995708466 1.87999999523163 1.79999995223497 1.5900000333786 1.37000000476837 1.25 1.04999995231628 0.980000019073487 0.970000028610229 1.08000004291534 1.61000002519961 2.24000000953674 2.86999988555908 3.3199999332428 3.30999994277954 4.15000009536743 4.1199998847344 3.89000010490417 3.48000001907349 3.34999990463257 3.01999998092651 2.60999989509583 2.53999996185303 2.20000004768372 1.66999995708466 1.38999998569489 0.840000062937117 0.819999992847443 0.579999983310699 0.479999989271164 0.360000014305115 0.310000002384186 0.129999995231628 0.109999999403954
2.89000010490417 2.92000007629395 3.11999988555908 3.02999997138977 2.95000004768372 2.8199999332428 2.76999998092651 2.70000004768372 2.50999999046326 2.44000005722046 2.38000011444092 2.24999999997509 2.05999994277954 1.9099999666214 1.79999995231628 1.6599999666214 1.46000003814697 1.37999999523163 1.26999998092651 1.27999997138977 1.32000005880592 1.89999997615814 2.38000011444092 2.61999988555908 3.07999992370605 3.36999988746981 3.70000004768372 4.28000020980835 4.32999992370605 4.09000015258789 3.71000003814697 3.47000002861023 3.15000009536743 2.69000006153794 2.55999994277954 2.27999997138977 2.02999997138977 1.50999840923972 -0.922500014305115 -1.23500001430511 -1.01499998569489 -0.802500009536743 -0.90750002861023 -1.03999996185303 -0.767499963049075 -0.8125
3.0699999332428 3.26999998092651 3.34999990463257 3.30999994277954 3.19000005722046 3.03999996185303 2.95000004768372 2.89000010490417 2.73000001907349 2.60999989509582 2.51999998092651 2.41000008583069 2.27999997138977 1.88999998569489 1.80999994277954 1.70000004768372 1.54999995231628 1.49000000953674 1.46000003022241 0.507499992847443 0.237499997019768 -0.0924999862909317 0.215000002810259 -0.587499976158142 -1.00250005722046 -0.857500016689301 -0.267500013113022 -2.28250002861023 -2.30999994277954 -2.16750001907349 -1.83500003814697 -1.60000002384186 -2.02999997138977 -2.02250003814697 -1.23249995708466 -1.23500001430511 -1.16249993565124 -1.1599999666214 -1.23749995231628 -1.2775000333786 -0.639999985694885 -0.4375 -0.787500023841858 -0.912500023841858 -0.627499878406525 -0.670000016689301
2.86999988555908 2.51999998092651 2.45250010490417 2.12750005722046 1.84249997138977 1.67750000953674 1.61000001430511 1.45500004291534 1.57249999045453 1.30999994277954 1.05499994754791 1.04999995231628 1.23249995708466 0.847500026226044 0.652499973773956 0.572499990463257 0.677500009851344 0.897499978542328 0.990000009536743 0.829999982006749 0.144999995827675 0.0925000235438347 -0.194999992847443 -0.430000007152557 -0.899999976158142 -0.0625000074505806 -0.730000019073486 -2.41750001907349 -2.47499990463257 -2.1949999332428 -1.98249995619651 -1.30250000953674 -1.83249998092651 -1.77999997138977 -1.63999998569489 -0.792500229007467 -1.03250002861023 -1.05750000476837 -1.29250001907349 -1.24249994754791 -0.1875 -0.222499996423721 -0.642499923706055 -1.0900000333786 -0.922500014305115 -0.879999995231628
2.71499991416931 2.68249988555908 2.38499999046326 2.12249994277954 2 1.75 1.60249996185303 1.54250001907349 1.42999994755363 1.48500001430511 1.36000001430511 1.32749998569489 1.35000002384186 1.17999994781353 0.870000005522691 0.90499997138977 1.05750000476837 1.04250001907349 1.17750000953674 1.10000002384186 0.209999993443489 -0.172499999403954 -0.0349999889731407 -0.322499990463257 -0.667500019073486 -0.417499989271164 -0.797500014305115 -1.36000002000804 -2.02250003814697 -1.92750000953674 -1.63999998569489 -1.17999994754791 -1.67250001430511 -1.66250002384186 -1.46249996324468 -1.09000009604357 -1.0625 -0.535000026226044 -0.882499992847443 -0.964999973773956 -0.0200000405311584 -0.0574999786913395 -0.284999996423721 -0.109999999403954 -0.0824999809265137 -0.479999989271164
2.69250011444092 2.64249992370605 2.30749988555908 2.22000002861023 2.21250009536743 1.92499995231628 1.74000000953674 1.70000004768372 1.77250003814697 1.65750002861023 1.56500005726944 1.48000001907701 1.22749996185303 1.44249999523163 1.55250000953674 1.45749998092651 1.39499998072531 1.12999999523163 0.877499997615814 0.767499983310699 0.545000016689301 0.0849999934434891 0.262499988079071 -0.0324999801814556 0.0500000417232513 -0.127499997615814 -0.402500003576279 -0.842499971389771 -1.23749995231628 -1.25499999523163 -1.29750001430511 -1.20249998569489 -1.42499995216239 -1.54499988897833 -1.50750005245209 -1.35500001907349 -0.632499992847443 -0.732500016689301 -0.834999978542328 -0.632499992847443 -0.212500842320007 -0.0324999690055847 0.0800000131130218 -0.167500004172325 -0.137500002980232 -0.0524999983608723
2.84999990463257 2.59999990463257 2.34249997138977 2.31500005722046 2.35500001907349 2.43249988555908 2.19000005723536 1.97249996664695 2.25500011444092 2.38499999046326 1.76250004768372 1.45000004768372 1.10000002384186 1.57000005245209 1.43250000476837 1.63499999046326 1.62750005722046 1.08000004291534 0.670000016689301 0.822499990463257 0.492500007152557 0.485000014305115 0.519999980926514 0.300000011920929 0.122500002384186 0.379999995231628 0.412499994039536 0.377499997615814 -0.280000001192093 -0.857500016689301 -0.0474999994039536 -1.04499995708466 -0.615000009536743 -0.819999992847443 -1.04250001907349 -0.892499983310699 -0.532500028610229 -0.804999991158262 -1.07000005245209 -0.882499992847443 -0.882499992847443 0.314999997615814 -0.367500007152557 0.0374999791383743 0.0625000298023224 0.212499685202437
2.83999991416992 2.58500003814672 2.22250008583069 2.21749997138977 2.1175000667572 2.22000002861106 2.4300000667572 2.74000000953674 2.69250011444092 2.58999991416931 2.0625 1.6599999666214 1.55250000953674 1.84500002862046 1.90750002861023 2.32500004768372 2.32750010490417 1.51250004768372 0.837499976158142 0.717499971389771 0.677500009536743 0.66750001874726 0.462500005960464 0.067500002682209 0.140000000596046 0.419999986886978 0.405000001192093 0.327499985694885 0.159999996423721 -0.0424999999046962 -0.387499988079071 0.150000005960464 -0.0650000125169754 -0.504999995231629 -0.694999991729925 -0.634999990463257 -0.507499992847443 -0.482499986886978 -0.372500002384186 -0.155000001192093 -0.702499985694885 -0.275000095367432 0.409999996423721 -0.0374999605119228 -0.107500101046263 -0.0250000096857548
