SnowAccumulation_R/test/tmin/final_tmin_15_04_2009.asc
NCOLS 97 
NROWS 69 
XLLCORNER 52512.810182332 
YLLCORNER 5316225.2758522 
CELLSIZE 10000 
NODATA_value -9999 
[rows 40 to 59 of 69, columns 0 to 44 of 97]
-9999 -9999 -2.75999999046326 -10.1999980791163 -10.9300000848638 -9.77999973297119 -10.5100002288818 -6.42000007629395 -6.03000020980835 -2.78999996185303 -7.92999982833862 -4.6399998664856 -6.32999992370606 -7.69999980926514 -8.89000034332275 -9.77000045776367 -6.51000022888184 -4.44000005722046 -4.03000020980835 -3.90000009536743 -3.4300000667572 -3.82999992370605 -2.30999994490868 -2.11999988615599 -2.25 -2.31999993322215 -2.3199999324712 -2.47000002861023 -2.54999995231628 -2.83999991416931 -2.88000011444092 -3.05999994277954 -3.10999989509583 -3.29999995231628 -2.97000002861023 -3.0699999332428 -2.8199999332428 -2.67000007629395 -2.35999989509583 -2.5699999332428 -2.82999992370605 -2.83999991416931 -2.42000007629395 -1.92999994754791 -1.45000004768372
-9999 -9999 -2.58999991416931 -8.25 -8.74999991183811 -9.40999984741211 -7.40000009536743 -9.44999980926514 -7.94000005722046 -3.39000010490417 -7.48000001907349 -6.61999988555908 -5.36999988555908 -7.44000005722046 -7.76999998092651 -8.42000007629395 -6.67000007629395 -6.69999980926514 -3.90000009536743 -3.1800000667572 -3.20000004788019 -2.84999990616373 -2.47000002861023 -2.38000011444092 -2.38000011444092 -2.00999999046326 -2.03999996180436 -2.07999992370605 -2.46000003814697 -2.51999998092651 -2.59999990463257 -2.59999990463257 -2.59999990463257 -2.5699999332428 -2.58999991416931 -2.5699999332428 -2.63000011444092 -2.5699999332428 -2.38000011444092 -2.29999995231628 -2.08999991416931 -2.00999999046326 -1.86000001430511 -1.35000002384186 -1.32000005245209
-9999 -9999 -2.78999996185303 -7.19999980926514 -8.97999954223633 -8.78000045816427 -9.51000022888184 -8.03999996185303 -7.38999972999937 -4.44000005722046 -6.38000011444092 -3.79999998572248 -4.15000009536743 -6.40000009536743 -6.28000020980835 -8.8100004196167 -5.34000015258789 -9.18999956679501 -3.18000008598821 -3.1600000859391 -3.10999989509583 -2.97000002861023 -2.5 -2.36999988571865 -2.29999995249886 -2.03999996185303 -1.96000003814697 -1.9099999666214 -2.07999992370606 -1.98000001907349 -2.14000010490417 -2.16000008583069 -1.97000002861023 -1.77999997138977 -2.11999988555908 -2.10999989509583 -1.86000001430511 -1.87000000476837 -1.77999997138977 -1.80999994277954 -2 -1.47000002861023 -1.33000004291534 -1.25999999046326 -1.21000003814697
-9999 -9999 -4.98999977111816 -7.73999977111816 -7.53000020980835 -9.10999965667725 -7.94999994823209 -8.27999973297119 -4.94999980926514 -6.36999988555908 -4.21000003814697 -5.69999980926514 -7.40999984741211 -8.14000034332275 -5.75 -7.53999996185303 -4.73000001907349 -7.59000015258789 -3.23000001907349 -3.1800000667572 -3.29999995231628 -3.0699999332428 -2.72000002861023 -2.45000004768372 -2.34999990463257 -2.04999995231628 -1.87999999523163 -1.69000005722046 -1.85000002384186 -1.88999998569489 -2.07999992370605 -2.10999989509583 -1.71000003814697 -1.55999994277954 -1.46000003814697 -1.29999995231628 -1.24000000953674 -1.07000005245209 -1.27999997138977 -1.76999998092651 -1.48000001907349 -1.21000003814697 -1.07000005245209 -1.1599999666214 -0.949999988079071
-9999 -9999 -2.42000007629395 -6.73000001907349 -7.23999977111816 -9.4399995803833 -7.25 -8.09000102976049 -4.11999988555908 -4.38000011444092 -2.52999997138977 -3.95000004768372 -5.07999992370605 -5.65999984741211 -8 -7.03000020980835 -4.76999998092651 -6.48999977111816 -3.21000003814697 -3.16000008583069 -3.15000009536743 -3.00999999046326 -2.78999996185303 -2.65000009536743 -2.72000002861023 -2.11999988555908 -1.85000002384186 -1.48000001936136 -1.48000001907349 -1.44000005722046 -1.67999994754791 -1.72000002861023 -1.51999998092651 -1.16999995708466 -1.32000005245209 -1.03999996185303 -0.930000007152557 -0.959999978542328 -1.12999999523163 -1.25 -1.22000002861023 -1.16999995708466 -1.00999999046326 -0.910000026226044 -0.720000028610229
-9999 -9999 -2.01999998092651 -6.47000026593529 -8.25 -8.52000045776367 -8.69999981203204 -7.80999994277954 -7.25999987688292 -6.19000000455073 -2.65000009536743 -4.30999994277954 -5.51000023254244 -8.09000015258789 -9.05000019073487 -6.26000022888184 -4.82000017166138 -5.42999982833862 -3.11999988555908 -3.0699999332428 -3.01999998092651 -2.89000010490417 -2.58999991416931 -2.25999999046326 -2.21000003814697 -1.98000001907349 -1.67999994754791 -1.38999998571996 -1.38999998569489 -1.30999994277954 -1.24000000953674 -1.26999998092651 -1.0900000333786 -1 -0.949999988079071 -0.769999980926514 -0.769999980926514 -0.759999990463257 -0.790000021457672 -0.899999976158142 -0.839999973773956 -0.939999997615814 -0.870000004768372 -0.779999971389771 -0.689999997615814
-9999 -9999 -1.51999998092651 -7.8899998664856 -7.25 -6.5 -7.05000019073486 -7.94999980926514 -8.27000045776367 -4.28000000159752 -2.78999996185303 -4.48999977111816 -6.09999990463257 -7.94000005722046 -7.42000007629395 -7.48000001907349 -5.42999982833862 -6.67000007629395 -7.42999982833862 -2.69000005722046 -2.67000007629395 -2.71000003814697 -2.48000001907349 -2.21000003814697 -1.73000001989996 -1.73000001907349 -1.30999994276303 -1.29999995231628 -1.08000004291534 -1.08000004291534 -1.02999997138977 -1.14999997615814 -0.920000016689301 -0.670000016689301 -0.550000011920929 -0.560000002384186 -0.660000026226044 -0.620000004768372 -0.589999973773956 -0.660000026226044 -0.75 -0.839999973773956 -0.839999973773956 -0.769999980926514 -0.610000014305115
-9999 -9999 -1.0900000333786 -7.44999980926514 -6.03999996185303 -6.26000022888184 -6.28000020980835 -8.32999992370605 -7 -3.48000001907349 -2.51999998401464 -4.01000022888184 -6.57999992370605 -7.69000005722046 -6.65999984741211 -7.17000007629395 -5.40999984741211 -5.05000019073486 -2.31000016475749 -2.73000001907349 -2.76999998092651 -2.53999996185303 -2.45000004768372 -2.17000007629395 -1.72000002954742 -1.47000002914203 -1.25999999046326 -1.05999994277954 -0.939999997615814 -0.970000028610229 -0.930000007152557 -0.879999995231628 -0.819999992847443 -0.589999973773956 -0.400000005960464 -0.360000014305115 -0.270000010728836 -0.340000003576279 -0.5 -0.620000004768372 -0.709999978542328 -0.860000014305115 -0.860000014305115 -0.689999997615814 -0.639999985694885
-9999 -4.57999992370605 -1.00999999046326 -5.21000003814697 -6.8000003045296 -5.82000017166138 -7.46000003814697 -7.6299999657129 -5.13000011444092 -2.92000007629394 -2.43000005737629 -4.1099999599682 -7.46000003814697 -6.32000017166138 -5.44999980926514 -6.65999984741211 -5.15999984741211 -5.36999988555908 -6.80999994277954 -2.60999989509582 -2.57999992370605 -2.4300000667572 -2.35999989509583 -2.08999991416931 -2.00999999046326 -1.76999998092651 -1.44000005722046 -1.02999997138977 -0.810000002384186 -1.19000005722046 -0.930000007201233 -0.879999995231628 -0.730000019107079 -0.490000009536743 -0.219999998807907 -0.100000001490116 0.0500000007450581 -0.0599999986588955 -0.349999994039536 -0.529999971389771 -0.620000004768372 -0.730000019073486 -0.779999971389771 -0.699999988079071 -0.660000026226044
-9999 -2.47000002861023 -1.04999995231628 -6.32000017166138 -5.90000009536743 -6.75 -4.63000011444092 -4.51000022888184 -3.82999992370606 -2.58999991416931 -2.00999999046326 -2.0699999332428 -7.07000014228781 -3.73000001999526 -3.64000010490417 -5.19999980926514 -5.33999991285161 -3.89000010490417 -5.71999979019165 -2.3499998993154 -2.35999989509583 -2.33999991416931 -2.3199999332428 -2.11999988555908 -2.07999992370606 -1.78999996185303 -1.46000003814697 -1.14999997615814 -0.930000007152557 -1.01999998092651 -0.949999988079071 -0.769999980926514 -0.75 -0.560000002384186 -0.170000001788139 -0.0500000007450581 0.0500000007450581 -0.0799999982118607 -0.270000010728836 -0.419999986886978 -0.589999973773956 -0.730000019073486 -0.740000009536743 -0.699999988079071 -0.689999997615814
-9999 -6.98000001907349 -4.00999924227273 -5.61999988555908 -7.96999979019165 -6.92999982833862 -6.76000022888184 -6.32000017166138 -5.19999980926514 -3.33999991416931 -2.5699999332428 -2.24000000953674 -2.78999996185303 -3.28999996185303 -3.55999994277954 -5.30999994277954 -4.65000009536743 -3.6800000667572 -4.55999994277954 -2.24000000189766 -2.30999994277954 -2.22000002861023 -2.30999994277954 -2.28999996185303 -2.22000002861023 -2.07999992370605 -1.6599999666214 -1.36000001424162 -1.36000001430511 -0.990000009598468 -1.04999995231628 -1.12000000476837 -0.819999992847443 -0.600000023841858 -0.310000002384186 -0.200000002980232 -0.100000001490116 -0.180000007152557 -0.28999999165535 -0.409999996423721 -0.560000002384186 -0.639999985694885 -0.810000002384186 -0.800000011920929 -0.699999988079071
-9999 -5.6300007513512 -0.28999999165535 -5.1100001335144 -7.53000020980835 -5.76000022888184 -5.61999988555908 -6.13999986648559 -6.42999971291444 -2.98000001907349 -2.99000000953674 -3.65000009536743 -1.86000001430511 -2.75 -4.65999984741211 -2.4100000049628 -5.48999977111816 -4.44000005722046 -6.67999982833862 -2 -2.30999994448643 -2.32999992370605 -2.38000011444092 -2.34999990463257 -2.10999989555959 -2.10999989509583 -1.57000005278678 -1.49000000953674 -1.13999998602589 -1.10000002384186 -1.13999998569489 -1.22000002861023 -0.959999978542328 -0.769999980926514 -0.689999997615814 -0.360000014305115 -0.340000003576279 -0.259999990463257 -0.330000013113022 -0.46000000834465 -0.540000021457672 -0.699999988079071 -0.800000011920929 -0.779999971389771 -0.740000009536743
-9999 -6.26000022888184 -0.810000002384186 -2.60999989509583 -6.55000019073486 -4.48000001907349 -5.51999998092651 -5.73999977111816 -5.03000020980835 -3.28999996185303 -5.34999990463257 -3.77999997138977 -2.29999995231628 -0.959999978542328 -0.990000009536743 -2.92000007629394 -5.42999981372805 -5.17999982833862 -6.44999980926514 -3.77999997138977 -2.34999990646088 -2.45000004768372 -2.35999989509583 -2.32999992370605 -2.33999991416931 -2.27999997138977 -1.97000002861023 -1.6599999666214 -1.5 -1.45000004768372 -1.22000002860048 -0.99000000961389 -0.790000021457672 -0.769999980926514 -0.790000021455879 -0.509999990463257 -0.400000005960464 -0.310000002384186 -0.409999996423721 -0.439999997615814 -0.709999978542328 -0.720000028610229 -0.790000021457672 -0.790000021457672 -0.779999971389771
-9999 -5.96000003814697 -6.36999988555908 -0.300000869269111 -6.07999992370606 -3.64000010490417 -4.42999982833862 -5.57000017166138 -4.44999980926514 -3.5 -4.78999996185303 -3.30999994277954 -2.46000003814697 -0.980000019073486 -1.08000004197792 -2.25999999046326 -4.30000019073486 -4.76999998092651 -5.13000011444092 -5.09000015258789 -2.39000010490417 -2.39000010490417 -2.39000010490417 -2.32999992370605 -2.42000007629395 -2.25999999046326 -2.08999991416931 -1.87999999523163 -1.79999995231628 -1.62000000476837 -1.30999994292574 -1.35000002384186 -1.47000002861023 -1.16999995708466 -1.07000005246209 -0.980000019073486 -0.930000007152557 -0.829999983311759 -0.730000019073486 -0.860000014305115 -0.97000002861023 -0.75 -1.21000003814697 -0.800000011920929 -0.779999971389771
-9999 -5.76999998092651 -4.32000017166138 -0.579999983310699 -2.57999992370605 -3.66000008583069 -3.92000007629395 -4.53999996185303 -3.79999995231628 -3.4300000667572 -5 -3.44000005722046 -2.42000007629395 -1.22000002861023 -0.970000028610229 -3.92000007629395 -4.78000020980835 -6.1100001335144 -5.36999988555908 -6.07999985007565 -5.15000009577659 -2.39000020054099 -2.39000010490417 -2.41000008583069 -2.29999995231628 -2.42000007629395 -2.26999998092651 -1.99000000953674 -1.70000004768372 -1.67999994763758 -1.72000002861023 -1.75999999046326 -2.65000009536743 -2.38000011444092 -1.60000002384186 -1.26999998092651 -1.10000002384186 -0.87000000477018 -0.829999983310699 -0.899999976158142 -1.08000004291534 -1.25 -1.26999998092651 -1.24000000953673 -1.08000004291534
-9999 -5.43999992566656 -4.65999984741211 -2.94000005722046 0.100000001490116 -3.64000010490417 -2.48000001907349 -3.64000010490417 -4.21999979019165 -4.55999994277954 -4.28999996185303 -3.61999988555908 -3.25 -1.35000002384186 -0.670000016689301 -4.05999994277954 -4.19000005722046 -5.67999982833862 -4.73999977111816 -3.19000005722046 -5.30999994277954 -5.71000002911051 -6.55000019073486 -3.29999995566515 -2.54999995231628 -2.51999998092651 -2.49000000953674 -2.33999991416931 -2.0099999903303 -2.14000010490417 -1.89999997615814 -1.91999995708466 -2.5699999332428 -2.45000004768372 -2.47000002861023 -2.0699999332428 -1.29999995231628 -1.01999998092855 -0.870000004768372 -0.899999976158142 -0.980000019073486 -1.30999994277954 -1.14999997615814 -1.13999998569489 -1.04999995231628
-9999 -6.14750003814697 -6.80249977111816 -4.45749998092651 -2.5824998396801 -2.83249998092651 -2.59999990463257 -3.4300000667572 -3.40000009536743 -3.58999991416931 -3.15000009536743 -4.32999992370606 -4.65999984673882 -1.85000002384186 -0.509999990463257 -2.09999990463257 -4.76999998092651 -5.82999992370605 -4.67000007629395 -2.35999989509583 -5.46999979019165 -6.19000005722046 -6.30999994381878 -3.4300000667572 -2.95000004768372 -2.77999997138977 -2.79999995231628 -2.5699999332428 -2.32999992370605 -2.39000010490417 -2.28999996185303 -2.20000004768372 -2.09999990463257 -2.09999990463257 -1.79999995231628 -1.79999995231628 -1.49000000953674 -1.29999995231628 -1.04999995231628 -0.899999976158142 -0.949999988079045 -0.930000007152557 -1.01999998092651 -1.10000002384194 -1.12000000476837
-9999 -5.67000007629395 -6.71999979019165 -5.59499979019165 -2.81500005722046 -1.36249995231628 -3.74000000953674 -3.85250004362755 -6.38000011444092 -6.34999990463257 -5.61250019073486 -4.85500001907349 -5.65000009536743 -4.32499980926514 -1.32749998569489 -4.20749995744581 -5.6875 -3.78250002861023 -3.38000011444092 -2.73749995231628 -2.93249988555908 -5.24749994277954 -5.44500017166138 -3.48000001907349 -5.42999984320284 -4.21000003814697 -3.28999996185303 -2.85999989509583 -2.67000007629395 -2.54999995231628 -2.97000002861023 -2.86999988555908 -2.67000007629395 -2.1800000667572 -2.28999996185303 -2.47000002861023 -1.61000001430511 -1.35000002384186 -1.35000002384186 -1.17999994754791 -1.50999999046303 -1.35000002384186 -1.58000004291534 -1.60000002384188 -1.62000000476837
-9999 -3.7425000667572 -4.76000059867438 -6.81750011444092 -3.21499991416931 -1.16499996185303 -2.50250005722046 -4.12750005722046 -6.16499996185303 -5.3274998664856 -5.40000008556846 -4.78249979019165 -5.2975001335144 -4.18499994277954 -1.78750002384186 -2.19250011444092 -3.95000004768372 -3.83999991416931 -3.71000004373227 -3.27999997138977 -2.98499989509583 -4.34999990463257 -5.15250015258789 -4.59999990463257 -5.34250020980835 -7.05999994277954 -2.27999997121958 -2.46499991427973 -2.27749991416931 -2.52250003801394 -2.58500003814697 -2.57999992370605 -2.39249992370605 -2.26500010490418 -2.58249998092651 -2.52749991416931 -2.1800000667572 -1.93250000476837 -1.66750001907349 -1.74500000476837 -3.78500008582774 -2.62750005722046 -1.95000004768372 -2.04749989509613 -2.3199999332428
-9999 -3.76250004768372 -5.3600001335144 -6.25500011444092 -2.98749995231628 -0.852500033575719 -1.27250003814697 -2.99749994277954 -4.06750011444092 -4.40000009536743 -4.17749977111816 -4.6725001335144 -3.83750009536743 -3.40499997138977 -2.875 -1.93250000476837 -1.97500002384186 -5.53999996185303 -5.5 -3.91000008583069 -3.93499994277954 -3.32500003921171 -4.78999996185303 -5.05249977111816 -5.30999994277954 -4.67500019073486 -3.32750010490417 -2.95250010490417 -3.14000010490418 -2.70250010506075 -2.625 -2.57249999046326 -2.47250008583069 -2.48499989509582 -2.46499991416931 -2.50500011444092 -2.66499996185303 -1.8125 -1.35500001907349 -1.75 -2.84999990463221 -2.49499988555908 -2.67249989509583 -2.7574999332428 -3.32999992370605
