SnowAccumulation_R/test/tmin/final_tmin_04_04_2009.asc
NCOLS 97 
NROWS 69 
XLLCORNER 52512.810182332 
YLLCORNER 5316225.2758522 
CELLSIZE 10000 
NODATA_value -9999 
[rows 0 to 19 of 69, columns 0 to 44 of 97]
-9999.000000000000000 -9999 -9999 -9999 -9999 -9999 -9999 -9999 -9999 -9999 -9999 -9999 -9999 -9999 -9999 -9999 -9999 -9999 -9999 -9999 -9999 -9999 -9999 -9999 -9999 -9999 -9999 -9999 -9999 -9999 -9999 -9999 -9999 -9999 -9999 -9999 -9999 -9999 -9999 -9999 -9999 -9999 -9999 -9999 -9999
-9999 -9999 -9999 -9999 -9999 -9.13000011444092 -10.6899995803833 -11.0900001525879 -11.5 -10.289999961853 -10.3400001525879 -9.60000038146973 -8.60999946879896 -6.71000003814697 -7.71000003814697 -7.90999984741211 -7.3899998664856 -7.3600001335144 -7.40999984753078 -9999 -9999 -9999 -9999 -9999 -9999 -9999 -9999 -9999 -9999 -9999 -9999 -9999 -9999 -9999 -9999 -9999 -9999 -9999 -9999 -9999 -9999 -9999 -9999 -9999 -9999
-9999 -9999 -9999 -9999 -9999 -11.3199996948242 -11.6800003051758 -11.3599996566772 -10.9899997711182 -9.64000034332275 -9.27999973297119 -7.63000011444092 -6.82999992370605 -7.11000016578208 -8.02000045776367 -7.53999996185303 -7.55000019073486 -7.71000003814697 -7.6399998664856 -7.51000024437619 -7.76000022888184 -7.96000003814697 -8.40999984741211 -8.85999965667725 -9.15999984741211 -9.82999992370605 -9.68000030517578 -9.5 -9.57999992370605 -10.039999961853 -10.3500003814697 -10.960000038147 -11.460000038147 -11.6700000762939 -11.9399995803833 -12.25 -12.4499998092651 -12.1300001144409 -11.7700004577637 -11.3999996185303 -11.2200002670288 -11.2600002288818 -11.3699998855591 -11.6800003051758 -11.8299999237061
-9999 -9999 -9999 -9999 -9999 -10.3000001907349 -9.88000011444092 -10.1899995803833 -10.0699995077907 -8.60999965667725 -8.22999954223633 -8.1899995803833 -7.30999994277954 -7.92000007629395 -8.22999954223633 -8.22000026702881 -8.35000038146973 -8.52000045776367 -8.10000038146973 -8.14000034305519 -7.82000017166138 -7.55999994277954 -7.86999988555908 -8.34000015258789 -8.98999977051853 -9.27000045776367 -9.4399995803833 -9.52999973297119 -9.90999984741211 -10.1499996185303 -10.4099998474121 -10.8699998855591 -11.3800001144409 -11.7700004577637 -12.1300001144409 -12.4300003051758 -12.5299997329712 -12.1700000762939 -11.789999961853 -11.3800001144409 -11.1800003051758 -11.2600002288817 -11.4399995803833 -11.7799997329712 -12
-9999 -9999 -9999 -9999 -9999 -9.40999984741211 -9.43000030517578 -9.31000034064688 -8.98999977111816 -8.74999991529054 -8.02000045776367 -7.76999998092652 -7.69999980926514 -7.76999998092651 -7.84999991108217 -8.15999984741211 -8.77000045776367 -9.09000015258789 -8.55000019073486 -8.15999984741211 -7.82000017166138 -7.1100001335144 -7.46000001259776 -7.63000011444092 -8.02000045776367 -8.22000026702881 -8.71000003814697 -9.22000026702881 -9.86999988555908 -10.289999961853 -10.4899997710652 -10.8199996948242 -11.4399995803833 -11.7299995422363 -12.0600004196167 -12.1999998092651 -12.2200002670288 -11.9300003051758 -11.6400003433228 -11.1499996185303 -10.8800001144409 -11.0500001907349 -11.2399997711182 -11.789999961853 -12.1499996185303
-9999 -9999 -9999 -9999 -9999 -8.75 -8.9399995803833 -9.06999969482422 -8.97000018624369 -8.23999977111816 -8.47999954223633 -8.27000045776367 -8.13000011444092 -8.10000038146973 -8.22000026702881 -8.30000019073486 -8.73999977111816 -9.14000034332275 -9.02000045776367 -8 -7.63000011444092 -7.03999996185303 -6.53000020980835 -6.05000019073486 -6.98999977111816 -7.40000009504998 -7.69000005722046 -8.55000019073486 -9.76000022888184 -10.1099996566772 -10.3199996948242 -10.75 -11.4899997711182 -11.6099996566772 -11.8100004196167 -11.9099998474121 -11.8400001525893 -11.7299995422363 -11.3900003433228 -10.8800001144409 -10.5900001525879 -10.710000038147 -10.8599996566772 -11.5500001907349 -12.1000003814697
-9999 -9999 -9999 -9999 -9999 -8.76000022888184 -8.97999954223633 -9.10000038146973 -9.5600004196167 -8.89000061875407 -8.85999965667725 -8.77000045776367 -8.60999965667725 -8.52999973297119 -8.63000011444092 -8.89999961853028 -9.07999992370605 -9.4399995803833 -8.80000019073486 -7.98000001907349 -6.9899997712721 -6.65999984741211 -6.07999992370606 -5.42999982833862 -5.28000020980835 -6.4800000071662 -6.71000003814697 -7.42000007629395 -8.72999954223633 -9.36999988555908 -10.1899995803833 -10.5299997329712 -11.1499996185303 -11.4200000762939 -11.5299997329712 -11.539999961853 -11.6000003814677 -11.6000003814697 -11.289999961853 -10.6999998092651 -10.2200002670288 -10.2299995422363 -10.2700004577637 -10.710000038147 -11.5100002288818
-9999 -9999 -9999 -9999 -9999 -8.47000026702881 -8.6000004953314 -9.06999969482422 -9.64999961853028 -9.77000045776367 -9.05000020596856 -9.06999970190556 -9.15999984741211 -9.15999984741211 -8.89999961853028 -8.89000034332275 -8.84000015472443 -8.94999980926514 -8.5600004196167 -7.65000009536743 -6.96000003814697 -6.6399998664856 -5.96000003814697 -5.53999996185303 -5.32999992370605 -5.42999982833862 -5.5 -6.30000018546283 -7.07999992370606 -8.71000003814697 -9.65999984741211 -10.4799995421164 -10.7600002288818 -11.1999998092651 -11.3699998855591 -11.3699998855591 -11.5500001907289 -11.710000038147 -11.3599996566772 -10.7799997329712 -10.2600002288818 -9.96000003814697 -9.85000038146973 -9.92000007629395 -11.0799999237061
-9999 -9999 -9999 -9999 -9999 -8.26000022888183 -8.75 -8.6899995803833 -9.38000011444092 -9.43000030517578 -9.1899995803833 -9.000000012577 -8.94999980926513 -8.93000030517578 -8.90999984741211 -8.71000003814697 -8.64000034332275 -8.46000003814697 -8.27999973297119 -7.48000001907349 -6.94999980926514 -6.44999980976707 -6.09999990463257 -5.92999982833862 -5.67999982833862 -5.53999996185303 -5.36999988562504 -5.46999979019165 -6.19999980926514 -7.99999999781996 -9.11999988555908 -10.0600004196167 -10.4799995422363 -11 -11.3500003814697 -11.5100002288818 -11.6199998855591 -11.6400003433228 -11.3699998855591 -10.8999996185303 -10.3900003433228 -10.0299997329712 -9.89999961853028 -10.1499996185303 -10.9899997711182
-9999 -9999 -9999 -9999 -9999 -8.3100004196167 -8.63000011444092 -8.78999996185303 -9.09000015258789 -9.40999984741211 -9.30000019073486 -9.15999984741211 -8.8800000960587 -8.63000011444092 -8.6899995803833 -8.65999984741211 -8.21000003814697 -8.19999980971552 -8.03999996185303 -7.73000001907349 -7.28000020980835 -6.94999980926514 -6.78999996185303 -6.42000007629395 -6.19000005722046 -6.13000011444092 -5.69999980926514 -5.55000019073486 -5.94999980926514 -7.01000022888184 -8.1899995803833 -9.7399997707203 -10.2200002668938 -10.9099998474121 -11.4300003051758 -11.6199998855591 -11.5900001525879 -11.4899997711182 -11.1800003051758 -10.8000001907349 -10.3199996948242 -10.0100002288818 -10 -10.2600002288818 -10.9799995422363
-9999 -9999 -9999 -9999 -9999 -9.35000038146972 -8.55000019073486 -8.90999984741211 -9.11999992976935 -9.36999988555908 -9.4399995803833 -9.22999954223633 -8.64000034332275 -8.56999965263856 -8.5 -8.5 -8 -8.10000038146973 -7.96000003814697 -8.09000015258789 -7.96000003814697 -7.44000005722046 -7.11000013380243 -7.01999998092651 -6.88000011444092 -6.86999988555908 -5.90000009536743 -5.67999982833862 -5.98999977111816 -6.82999992370606 -8.02999973297119 -9.43000030517578 -10.0600004196167 -10.8800001144409 -11.4499998092404 -11.6499996185148 -11.5200004577637 -11.3199996948242 -10.8800001144409 -10.460000038147 -10.0299997329712 -9.86999988555908 -9.93000030517578 -10.2700004577637 -10.8900003433228
-9999 -9999 -9999 -9999 -9.85999965667725 -10 -9.44999980926514 -9.11999988555908 -9.47000026702881 -9.60999965667725 -9.69999980926514 -9.6899995803833 -9.05000019073486 -8.56999969482422 -8.4200000991289 -8.27000045776367 -8.0600004196167 -8.0600004196167 -8.01000022972881 -8.43000030517578 -8.34000015258789 -8.22000026702881 -8.07999992370605 -7.80000019073486 -7.19000005722046 -6.57999992370605 -5.78000020980835 -5.61000013348195 -5.84000015258789 -6.69999980926514 -8 -9.39999961853027 -10.5600004195006 -10.9099998474121 -11.3199996948242 -11.3400001525879 -11.0200004577637 -10.6300001144409 -10.4399995803697 -9.89000034331726 -9.56000041961442 -9.60000038146777 -9.74999999999909 -10.1199998855581 -10.6400003433228
-9999 -9999 -9999 -9999 -10.6899995803833 -10.1300001144409 -9.52000045776367 -9.1899995803833 -9.72999954223633 -9.64000024098756 -9.30000019073487 -9.23999977111816 -8.96000003814697 -8.46000003814697 -8.60999965667725 -8.93999955090771 -8.09000015258789 -8.21000003814697 -8.85000038146973 -8.9399995803833 -9.15999984741211 -9.01000022888184 -8.71000003814697 -8.38000011444092 -7.48999977111816 -6.46999979019165 -5.32000017166138 -5.34000015258789 -5.57000017166138 -6.53000020980835 -7.94999980926514 -9.44999980926514 -10.6499996184162 -10.9300003051758 -11.1000003814697 -11.0100002288818 -10.4799995422363 -9.6899995803892 -9.23999977111816 -8.65999984741211 -8.42000007629394 -8.51000022888184 -8.68000030517578 -9.14999961853027 -9.67000007629395
-9999 -9999 -9999 -9999 -10.8199996948242 -10.3000001907349 -9.64999961853027 -9.28999996185303 -8.85999965667725 -8.85000038146972 -9.0600004196167 -8.89999961853028 -8.63000011444092 -8.72999954223633 -8.75 -8.72000026702881 -8.89999961853027 -8.88000011444092 -9.38000011444092 -9.48999977111816 -9.68000028511602 -9.64999961853027 -8.40999984741211 -8.06999969482422 -7.82999992370605 -6.76999998092651 -5.21999979019165 -5.32999992370605 -5.53999996185303 -6.57999992370605 -7.8899998664856 -9.23999977111816 -10.3400001525879 -10.6700000762939 -10.8400001525879 -10.6400003433228 -9.94999980926514 -9.00000000000747 -8.46000003814697 -7.82999992370605 -7.69000005722046 -7.71000003814697 -7.92000007629415 -8.40999984741211 -9.1899995803833
-9999 -9999 -9999 -9999 -11.6500031629404 -9.69999980926514 -10.4799996002279 -10.6199998855591 -9.46000003814697 -8.47999954223633 -8.71000003814697 -8.75 -8.82999992370605 -8.98999977111816 -9.09000015258789 -9.39999961853027 -9.61999988555908 -10.3400001525879 -10.1400003799003 -9.89000034332275 -9.34000015258789 -8.55000019073486 -8.46000003814697 -8.14000034332275 -8.25 -7.05999994277954 -6.07999992370605 -6 -6.30999994252516 -6.78000020980835 -7.94000005722046 -9.11999988555908 -9.96000003814697 -10.25 -10.6000003814697 -10.3599996566772 -9.4399995803833 -8.28999996186189 -7.65000009536743 -6.80999994277954 -6.76999998092651 -6.78999996185303 -6.9499998092652 -7.3899998664856 -8.02000045776367
-9999 -9999 -9999 -9999 -14.0100002288818 -10.2000004601487 -11.1499996185303 -10.6199998855591 -9.86999988555908 -9.14000034332275 -8.86999988555908 -9.14000034332275 -9.02000045776367 -9.34000015258789 -9.5 -9.77999973297119 -10 -10.5299997329712 -11.1199998855591 -11.1000003814697 -11.1999998092651 -10.350000417689 -9.78999996185303 -8.0900001534785 -8.09000015258789 -7.67999982833862 -6.8600001335144 -6.42999982833862 -6.61999988555908 -6.92000007629395 -7.98000001907349 -9.02000045776367 -9.94999980926514 -10.1000003814697 -10.3400001525879 -10.1099996566772 -8.92000007629395 -7.61999988555908 -6.94999980926514 -6 -5.71999979019165 -5.84999990463257 -6.13000011444092 -6.57999992370605 -7.32000017166138
-9999 -9999 -9999 -9999 -13.289999961853 -15.289999961853 -13.0299994316931 -11.9699999832669 -10.4099998474121 -10.3000001907349 -9.93000030517578 -10 -9.86999988555908 -9.72999954223633 -9.59000015258789 -9.94999980926514 -10.0299997329712 -10.6400003433228 -11.3400001525879 -11.5699996948242 -11.5900001525879 -11.1599998474121 -9.31000042343171 -7.92999982833862 -8.85000037957924 -8.31999969482422 -7.25 -6.80999994277954 -7.09999990463257 -7.05999994277954 -7.78999996185303 -8.6899995803833 -9.48999977111816 -9.93999958035928 -9.92000007629395 -9.55000019073486 -8.39999961853028 -6.96999979019165 -6.34999990463257 -5.53999996185303 -5.19000005722046 -5.11999988555908 -5.5799999237058 -5.96999979019165 -6.90000009536743
-9999 -9999 -9999 -9999 -14.4099998474121 -14.3199996948242 -15.0900001525879 -13.2999994978048 -10.6599998474121 -10.7600002288818 -11.25 -10.8000001907349 -10.7100000097399 -9.85000038146973 -9.77000045776367 -9.97999954223633 -10.3100004221177 -11.0699996948242 -12.0600004196167 -12.1700000762939 -11.8900003433228 -11.4399995821984 -9.31999971225254 -8.72999954223633 -7.96999979019165 -7.36999988555908 -7.32000017166138 -6.76999998092651 -6.84999990463257 -7.05000019073486 -8.27999973297119 -8.80000019073487 -8.68000030517578 -8.75 -9.39000034332275 -8.94999980926514 -7.75 -6.23000001907349 -5.76000022888184 -5.03000020980835 -4.6100001335144 -4.55000019073486 -5.17000007629378 -5.76999998092651 -6.65999984741211
-9999 -9999 -9999 -9999 -14.5300006462592 -15.4399995803833 -15.4200000762939 -12.2399997711182 -12.3299999237061 -9.8100004196167 -11.3999996185303 -10.4899997711182 -10.2700004577637 -10.1099996566772 -10.5799999237061 -9.93000030517578 -10.7399997711182 -11.4600000421884 -12.500000000115 -11.9499998092651 -11.6999998098591 -11.289999961853 -9.84000015258789 -9.15999984741211 -8.65999984741211 -7.6100001335144 -6.69999980926514 -6.94999980926514 -7.1399998664856 -7.15999984741211 -8 -8.63000011444092 -8.25 -8.35000038146973 -8.65999984741211 -8.65999984741211 -6.78000020980835 -5.30000019073486 -5.03999996185303 -4.65999984741211 -4.69000005722046 -4.65000009536743 -5.13000011444092 -5.84000015258789 -6.46999979019165
-9999 -9999 -9999 -9999 -15.289999961853 -15.8800001144409 -15.4200000762939 -14.7299995422363 -8.67000007629395 -9.32999992370606 -11.1400003433228 -11.5500001907349 -11.8800001144409 -11.039999961853 -10.1599998474121 -10.4099998474121 -10.8400001525879 -13.0900001525879 -12.7299995422363 -12.1099996566772 -12.0900001525879 -11.3999996185303 -9.9399995803833 -9.10999965618068 -8.48999977111817 -7.96000003814697 -7.01000022888184 -6.38999986648559 -7.01000022888184 -7.28000020980835 -7.21000003814697 -7.80000019073486 -7.3899998664856 -7.46999979019165 -7.75 -7.71000003814697 -6.07000017166138 -4.71999979019165 -4.53999996185303 -4.55000019073486 -5.11999988555908 -5.48999977111816 -5.61999988555908 -6.01000022888184 -6.42999982833862
