SnowAccumulation_R/test/tmin/final_tmin_25_04_2009.asc
NCOLS 97 
NROWS 69 
XLLCORNER 52512.810182332 
YLLCORNER 5316225.2758522 
CELLSIZE 10000 
NODATA_value -9999 
[rows 40 to 59 of 69, columns 0 to 44 of 97]
-9999 -9999 0.939999997615814 -8.01999919382241 -8.57999980033131 -7.96999979019165 -8.59000015258789 -6.01000022888184 -5.84999990463257 -1.48000001907349 -8.22000026702881 -5.69999980926514 -8.22999954223633 -8.85000038146973 -8.98999977111816 -9.14000034332275 -8.72999954223633 -6.61999988555908 -5.98000001907349 -5.48000001907349 -4.67000007629395 -4.67000007629395 -2.28999996540159 -1.90999996781521 -2.34999990463257 -3.17000007522042 -3.1700000752137 -3.38000011444092 -3.76999998092651 -4.42000007629395 -4.48999977111816 -4.3899998664856 -4.82999992370605 -5.78000020980835 -5.75 -6.34999990463257 -6.34000015258789 -6.51000022888184 -6.86999988555908 -6.84999990463257 -6.71999979019165 -6.5 -6.17000007629395 -5.59000015258789 -5.42000007629395
-9999 -9999 1.22000002861023 -6.61999988555908 -7.21000002051468 -7.80000019073486 -6.57000017166138 -8.26000022888183 -7.55000019073486 -2.51999998092651 -8.0600004196167 -7.84000015258789 -7.42999982833862 -8.76000022888184 -8.85999965667725 -8.94999980926514 -8.63000011444092 -8.5 -5.92000007629394 -4.8600001335144 -4.09000015425794 -3.14000010906018 -2.46000003814697 -2.36999988555908 -2.45000004768372 -2.65000009536743 -2.63000011447336 -3.08999991416931 -2.94000005722046 -3.4300000667572 -3.92000007629395 -3.86999988555908 -3.97000002861023 -4.71999979019165 -5.32999992370605 -5.55999994277954 -6.03000020980835 -6.25 -6.40000009536743 -6.32999992370605 -5.78999996185303 -5.55999994277954 -5.59999990463257 -4.78000020980835 -5.25
-9999 -9999 0.889999985694885 -5.65000009536743 -7.48000001907349 -7.41000037822342 -8.13000011444092 -7.46000003814697 -7.19999970134581 -4.40000009536743 -7.36999988555908 -4.27000004048624 -5.61999988555908 -8.39000034332275 -8.51000022888184 -8.97000026702881 -8.03999996185303 -8.9499998061088 -4.80999996066885 -3.359999902956 -3.02999997138977 -2.98000001907349 -2.26999998092651 -2.25 -2.27999997131152 -2.23000001907349 -2.67000007629395 -2.82999992370605 -2.8199999332428 -2.92000007629395 -3.10999989509583 -2.85999989509583 -3.30999994277954 -3.82999992370606 -4.53999996185303 -4.80999994277954 -4.65000009536743 -4.96000003814697 -5.32999992370605 -5.6399998664856 -5.80999994277954 -5.01999998092651 -4.78999996185303 -4.59999990463257 -5.05999994277954
-9999 -9999 -2.71000003814697 -6.21000003814697 -6.28000020980835 -7.78999996185303 -7.08000002477271 -7.61999988555908 -4.86000013351441 -6.80000019073486 -4.63000011444092 -7.21999979019165 -8.34000015258789 -8.69999980926514 -8.10000038146973 -8.61999988555908 -7.55999994277954 -8.38000011444092 -4.80999994277954 -3.08999991416931 -1.6599999666214 -2.55999994277954 -2.27999997138977 -2.25999999046326 -2.25999999046326 -2.10999989509583 -2.60999989509582 -3.05999994277954 -2.91000008583069 -2.80999994277954 -3 -2.61999988555908 -3.28999996185303 -3.39000010490417 -3.88000011444092 -3.60999989509583 -3.73000001907349 -4.05999994277954 -4.65999984741211 -6.53000020980835 -5.07000017166138 -4.65999984741211 -4.09000015258789 -4.40000009536743 -4.03999996185303
-9999 -9999 1.25 -5.15999984741211 -5.98000001907349 -8 -6.44999980926514 -7.47000030586282 -3.45000004768372 -4.21000003814697 -1.45000004768372 -4.75 -6.67999982833862 -7.59000015258789 -8.59000015258789 -8.31999969482422 -7.40000009536743 -7.82999992370605 -3.98000001907349 -3.11999988555908 -2.55999994277954 -2.66000008583069 -2.65000009536743 -2.3199999332428 -2.52999997138977 -2.09999990463257 -2.0699999332428 -2.83999991348093 -2.83999991416931 -3.00999999046326 -3.39000010490417 -3.39000010490417 -3.19000005722046 -3.24000000953674 -3.57999992370605 -3.11999988555908 -3.61999988555908 -3.76999998092651 -4.15000009536743 -4.53999996185303 -4.19999980926514 -4.01999998092651 -3.8199999332428 -3.70000004768372 -3.47000002861023
-9999 -9999 1.77999997138977 -4.85000044314796 -6.88000011444092 -7.30999994277954 -7.55000020733591 -7.1399998664856 -7.12999977580913 -6.44000001019391 -1.51999998092651 -5.21000003814697 -6.8899998707563 -8.42000007629395 -8.80000019073486 -7.82999992370605 -7.07000017166138 -7.11999988555908 -3.97000002861023 -3.35999989509583 -2.85999989509583 -2.6800000667572 -2.02999997138977 -1.8400000333786 -2.02999997138977 -1.79999995231628 -1.6599999666214 -2.82999992321702 -3.08999991392603 -3.10999989509583 -3.35999989509583 -3.38000011444092 -3.20000004768372 -3.02999997138977 -3.01999998092651 -3.39000010490417 -3.39000010490417 -3.39000010490417 -3.0699999332428 -3.60999989509583 -3.46000003814697 -3.32999992370605 -3.25 -3.4300000667572 -3.36999988555908
-9999 -9999 2.42000007629395 -6.42999982833862 -5.92999982833862 -5.42000007629395 -6.28000020980835 -7.15999984741211 -7.59999990463257 -4.12999969058326 -1.58000004291534 -5.28999996185303 -7.23000001907349 -8.21000003814697 -8.05000019073486 -8.0600004196167 -7.05999994277954 -7.51000022888184 -7.69999980926514 -3.23000001907349 -2.69000005722046 -2.3199999332428 -1.57000005245209 -1.63999998569489 -1.50999999120975 -1.50999999046326 -2.19000005426532 -2.95000004768372 -3.25999999046326 -3.38000011444092 -3.44000005722046 -3.58999991416931 -3.26999998092651 -3.11999988555908 -2.9300000667572 -3.19000005722046 -3.20000004768372 -2.70000004768372 -2.63000011444092 -2.60999989509583 -2.53999996185303 -2.6800000667572 -3.13000011444092 -3.25999999046326 -3.16000008583069
-9999 -9999 2.99000000953674 -5.96000003814697 -4.51999998092651 -5.07999992370605 -5.42000007629395 -7.34999990463257 -6.53999996185303 -2.39000010490418 -0.979999972751586 -4.40999984741211 -7.26999998092651 -7.92000007629395 -7.46999979019165 -7.71000003814697 -6.71999979019165 -6.26999998092651 -2.93000029311218 -2.88000011444092 -2.96000003814697 -1.63999998569489 -1.32000005245209 -1.41999995708466 -1.5 -1.45000004779008 -2.10999989509583 -2.98000001907349 -3.11999988555908 -3.52999997138977 -3.78999996185303 -4.09999990463257 -3.5 -3.23000001907349 -2.69000005722046 -2.45000004768372 -2.41000008583069 -2.28999996185303 -2.16000008583069 -2.0699999332428 -2.24000000953674 -2.28999996185303 -2.75 -2.70000004768372 -3.08999991416931
-9999 -2.00999999046326 3.13000011444092 -3.25 -5.34000029369334 -4.48000001907349 -6.44999980926514 -6.68999993049362 -4.46999979019165 -1.12999999523163 -0.529999966946184 -4.38999956277981 -7.55999994277954 -6.94000005722046 -6.44000005722046 -7.21000003814697 -6.21000003814697 -6.19999980926514 -6.98999977111816 -2.6800000667572 -2.22000002861023 -1.52999997138977 -1.36000001430511 -1.23000001907349 -1.14999997615814 -1.6599999666214 -1.8400000333786 -2.58999991416931 -2.75999999046326 -3.41000008583069 -3.79999995216052 -4.15999984741211 -3.18000006697668 -2.80999994277954 -2.21000003814697 -1.89999997615814 -1.62999999523163 -1.55999994277954 -1.62999999523163 -1.66999995708466 -1.95000004768372 -2.11999988555908 -2.32999992370605 -2.70000004768372 -2.94000005722046
-9999 1.21000003814697 3.11999988555908 -4.63000011444092 -4.3600001335144 -5.44000005722046 -3.08999991416931 -3.26999998092651 -2.39000010490417 -0.409999996423721 -0.189999997615814 -0.600000023841858 -7.11999982051778 -4.46000003897906 -4.46999979019165 -5.96000003814697 -6.02999997860023 -4.61999988555908 -6 -1.6399999711935 -1.63999998569489 -1.37000000476837 -1.23000001907349 -1.12999999523163 -1.03999996185303 -1.22000002861023 -1.77999997138977 -2.15000009536743 -2.53999996185303 -3.33999991418303 -3.05999994277954 -2.70000004768372 -2.69000005722046 -2.38000011444092 -2.17000007629395 -1.60000002384186 -1.49000000953674 -1.46000003814697 -1.55999994277954 -1.58000004291534 -1.77999997138977 -1.49000000953674 -2.38000011444092 -2.78999996185303 -3.29999995231628
-9999 -5.07000017166138 -1.24999856258081 -3.71000003814697 -6.42999982833862 -5.53000020980835 -5.57000017166138 -5.34999990463257 -4.25 -1.94000005722046 -0.97000002861023 -0.759999990463257 -2.65000009536743 -3.54999995231628 -4.1399998664856 -5.75 -5.13000011444092 -4.15000009536743 -4.78000020980835 -1.34000003576581 -1.38999998569489 -1.17999994754791 -1.05999994277954 -0.970000028610229 -0.810000002384186 -1 -1.62000000476837 -2.51999998013915 -2.51999998092651 -3.02999997152008 -2.91000008583069 -2.75999999046326 -2.5 -2.30999994277954 -1.63999998569489 -1.5 -1.49000000953674 -1.55999994277954 -1.55999994277954 -1.74000000953674 -1.86000001430511 -1.9099999666214 -2.57999992370605 -3.10999989509582 -3.70000004768372
-9999 -3.43000081182258 3.79999995231628 -3 -5.94000005722046 -4.26000022888184 -4.21000003814697 -5.03000020980835 -5.42999970194655 -1.25 -1.87000000476837 -3.05999994277954 -0.910000026226044 -2.80999994277954 -4.65000009536743 -2.9299999801944 -5.57999992370605 -4.63000011444092 -6.32999992370605 -1.50999999046326 -1.30999994918038 -1.16999995708466 -0.939999997615814 -0.860000014305115 -0.990000009318499 -0.990000009536743 -2.06999993282443 -2.55999994277954 -2.78999996163551 -3.29999995231628 -2.79999995231628 -2.63000011444092 -2.27999997138977 -1.97000002861023 -1.80999994277954 -1.80999994277954 -1.70000004768372 -1.85000002384186 -1.4099999666214 -1.78999996185303 -1.78999996185303 -1.98000001907349 -2.79999995231628 -3.65000009536743 -4.73999977111816
-9999 -4.13000011444092 3.1800000667572 0.680000007152557 -4.8600001335144 -2.50999999046326 -3.99000000953674 -4.46000003814697 -3.90000009536743 -1.74000000953674 -4.61000013351441 -3.20000004768372 -1.67999994754791 0.0500000007450581 -0.939999997615814 -2.91000008583069 -5.28999992897919 -5.03999996185303 -5.96999979019165 -3.45000004768372 -1.46000007946661 -0.589999973773956 -0.759999990463257 -0.790000021457672 -1.26999998092651 -1.47000002861023 -1.71000003814697 -2.25999999046326 -2.52999997138977 -2.41000008583069 -2.40000009537231 -1.95000004783466 -1.24000000953674 -1.64999997615814 -1.74999999999552 -2.09999990463257 -1.87000000476837 -1.71000003814697 -1.63999998569489 -1.97000002861023 -1.75 -1.88999998569489 -2.71000003814697 -3.44000005722046 -4.11999988555908
-9999 -3.74000000953674 -4.32000017166138 3.60999872296015 -4.26000022888184 -1.25 -2.5 -4.15000009536743 -3.0699999332428 -1.96000003814697 -3.83999991416931 -2.46000003814697 -1.63999998569489 0.389999985694885 -0.82999997733463 -2.0699999332428 -3.86999988555908 -4.26000022888184 -4.67000007629395 -4.51000022888184 -1.52999997138977 -1.62000000476837 -1.04999996353118 -1.37999999523163 -1.54999995231628 -1.63999998569489 -1.8400000333786 -2.08999991416931 -2.60999989509582 -2.32999992370605 -2.22000002865409 -2.11999988555908 -2.25 -1.99000000953674 -2.00000000000455 -1.97000002861023 -2.02999997138977 -2.05999994277954 -2.02999997138977 -2.33999991416931 -2.5699999332428 -2.30999994277954 -3.50999999046326 -3.29999995231628 -3.67000007629395
-9999 -3.49000000953674 -1.77999997138977 3.13000011444092 0.490000009536743 -1.25999999046326 -1.86000001430511 -2.80999994277954 -2.09999990463257 -1.75999999046326 -3.89000010490417 -2.41000008583069 -1.35000002384186 0.189999997615814 -0.00999999977648258 -3.3199999332428 -4.09000015258789 -5.21000003814697 -4.53000020980835 -5.22999994544307 -4.28999996255443 -1.62000009569265 -1.57000005245209 -1.63999998569489 -1.79999995231628 -2.14000010490417 -2.26999998092651 -2.27999997138977 -2.49000000953674 -2.24000000969539 -2.36999988555908 -2.46000003814697 -3.27999997138977 -3.16000008583069 -2.52999997138977 -2.28999996185303 -2.26999998092651 -2.16000008583135 -2.17000007629394 -2.36999988555908 -2.63000011444092 -3.05999994277954 -3.42000007629395 -3.5999999046326 -4.07000017166138
-9999 -3.07999977981909 -2.21000003814697 -0.0399999991059303 3.74000000953674 -1.21000003814697 0.239999994635582 -1.53999996185303 -2.53999996185303 -3.15000009536743 -2.96000003814697 -2.42000007629395 -2.11999988555908 0.100000001490116 0.779999971389771 -3.24000000953674 -3.36999988555908 -4.67000007629395 -3.79999995231628 -2.25999999046326 -4.17999982833862 -4.63999985498464 -5.38000011444092 -2.25000000321077 -1.96000003814697 -2.50999999046326 -2.75 -2.52999997138977 -2.40000009484512 -2.27999997138977 -2.52999997138977 -2.64000010490417 -3.11999988555908 -3.17000007629394 -3.33999991416931 -3.05999994277954 -2.54999995231628 -2.36999988556068 -2.24000000953674 -2.34999990463257 -2.5 -3.05999994277954 -3.20000004768372 -3.33999991416931 -3.85999989509583
-9999 -7.28000020980835 -7.7350001335144 -4.90999984741211 -1.07999978961628 -2.84500002861023 0.0500000007450581 -1.21000003814697 -1.39999997615814 -1.87999999523163 -1.45000004768372 -3.01999998092651 -3.4800000182992 -0.490000009536743 1.02999997138977 -1.11000001430511 -3.72000002861023 -4.65999984741211 -3.57999992370605 -1.37000000476837 -4.21999979019165 -4.88000011444092 -5.059999942156 -2.32999992370605 -1.97000002861023 -3.01999998092651 -3.51999998092651 -2.78999996185303 -2.55999994277954 -2.59999990463257 -2.77999997138977 -2.41000008583069 -2.64000010490417 -2.80999994277954 -2.73000001907349 -2.8199999332428 -2.77999997138977 -2.71000003814697 -2.45000004768372 -2.3199999332428 -2.56999993324271 -2.70000004768372 -3.08999991416931 -3.33999991416962 -3.89000010490417
-9999 -6.82999992370605 -7.61999988555908 -6.36000013351441 -2.42249989509583 -0.254999995231628 -4.66499996185303 -4.17749989722308 -7.36499977111816 -7.59749984741211 -6.61999988555908 -5.46000003814697 -6.86499977111816 -5.34499979019165 -2.34750008583069 -8.54749961456278 -10.7825002670288 -9.07499980926514 -8.11499977111816 -5.90000009536743 -7.28000020980835 -10.9375 -11.7224998474121 -9.61499977111816 -4.17000019211218 -3.30999994277954 -3.10999989509582 -3.19000005722046 -3.01999998092651 -2.78999996185303 -3.17000007629395 -3.07999992370606 -3.02999997138977 -2.8199999332428 -3.09999990463257 -3.33999991416931 -2.82999992370605 -2.72000002861023 -2.75 -2.65000009536743 -3.14000010490378 -3.11999988555908 -3.65000009536743 -3.86999988555913 -4.34999990463257
-9999 -4.3899998664856 -5.51500031352702 -7.52500009536743 -3.85249996185303 -0.270000010728836 -3.43499994277954 -5.125 -7.0625 -6.15999984741211 -5.98750017797341 -5.40500020980835 -6.3899998664856 -5.3899998664856 -3.16249990463257 -4.96500015258789 -8.54749965667725 -9.26000022888184 -7.72499991476084 -6.625 -6.35750007629395 -9.59749984741211 -11.4300003051758 -10.9674997329712 -12.3549995422363 -14.5050001144409 -10.3874998093116 -10.8850002275237 -10.2650003433228 -9.41249942793362 -9.65499973297119 -9.60999965667725 -9.10750007629395 -9.09249973297119 -9.83749961853027 -9.90000057220459 -8.85000038146972 -8.3100004196167 -7.93499994277954 -7.96000003814697 -9.47000026702664 -8.69250011444092 -7.82999992370605 -7.59000015258823 -7.61250019073486
-9999 -4.34999990463257 -6.61999988555908 -6.90999984741211 -3.46749997138977 -0.00500003024316936 -1.0974999666214 -3.28749990463257 -5.11499977111816 -4.85249996185303 -4.33750009536743 -5.03749990463257 -4.69750022888184 -4.375 -4.98250007629395 -4.10750007629395 -5.05499982833862 -10.2150001525879 -9.38749980926514 -7.48250007629395 -5.69999980926514 -6.36749986535479 -10.7025003433228 -12.1000003814697 -12.5550003051758 -11.789999961853 -10.5675001144409 -10.6049995422363 -11.5625 -10.260000230229 -9.875 -9.75750064849854 -9.59249973297119 -10.0024995803833 -9.88749980926514 -9.97999954223633 -9.77000045776367 -8.42249965667724 -7.60750007629394 -8.19999980926514 -8.24499988555892 -8.26000022888184 -8.57999992370605 -8.46500015258789 -8.40750026702881
