SnowAccumulation_R/test/tmin/final_tmin_12_04_2009.asc
NCOLS 97 
NROWS 69 
XLLCORNER 52512.810182332 
YLLCORNER 5316225.2758522 
CELLSIZE 10000 
NODATA_value -9999 
[rows 0 to 19 of 69, columns 0 to 45 of 97]
-9999.000000000000000 -9999 -9999 -9999 -9999 -9999 -9999 -9999 -9999 -9999 -9999 -9999 -9999 -9999 -9999 -9999 -9999 -9999 -9999 -9999 -9999 -9999 -9999 -9999 -9999 -9999 -9999 -9999 -9999 -9999 -9999 -9999 -9999 -9999 -9999 -9999 -9999 -9999 -9999 -9999 -9999 -9999 -9999 -9999 -9999 -9999
-9999 -9999 -9999 -9999 -9999 -4.21999979019165 -4.57000017166138 -4.6100001335144 -4.57000017166138 -3.71000003814697 -3.52999997138977 -2.96000003814697 -2.41999998323273 -1.26999998092651 -1.22000002861023 -0.800000011920929 -0.0299999993294477 0.430000007152557 0.600000024909869 -9999 -9999 -9999 -9999 -9999 -9999 -9999 -9999 -9999 -9999 -9999 -9999 -9999 -9999 -9999 -9999 -9999 -9999 -9999 -9999 -9999 -9999 -9999 -9999 -9999 -9999 -9999
-9999 -9999 -9999 -9999 -9999 -5.76999998092651 -5.40000009536743 -4.86000013351441 -4.48999977111816 -3.59999990463257 -3.21000003814697 -2.20000004768372 -1.46000003814697 -1.37000000596347 -1.32000005245209 -0.529999971389771 -0.00999999977648258 0.340000003576279 0.689999997615814 0.920000005498925 1.12000000476837 1.35000002384186 1.48000001907349 1.67999994754791 1.75 1.91999995708466 2.14000010490417 2.30999994277954 2.48000001907349 2.83999991416931 2.9300000667572 2.99000000953674 2.89000010490417 2.79999995231628 2.69000005722046 2.64000010490417 2.5699999332428 2.60999989509582 2.5699999332428 2.50999999046326 2.34999990463257 2.18000006675721 2.10999989509582 1.8400000333786 1.6599999666214 1.47000002861023
-9999 -9999 -9999 -9999 -9999 -5.38000011444092 -4.78999996185303 -4.44000005722046 -4.23999964642919 -3.29999995231628 -2.82999992370606 -2.48000001907349 -1.63999998569489 -1.46000003814697 -1.36000001430511 -0.779999971389771 -0.28999999165535 0.0500000007450581 0.5 0.540000021663487 0.769999980926514 1.23000001907349 1.41999995708466 1.61000001430511 1.77999997127633 1.9099999666214 2.09999990463257 2.3199999332428 2.53999996185303 3.04999995231628 3.15000009536743 3.15000009536743 2.90000009536743 2.64000010490417 2.45000004768372 2.46000003814697 2.50999999046326 2.59999990463257 2.55999994277954 2.55999994277954 2.45000004768372 2.27999997138988 2.13000011444092 1.98000001907349 1.88999998569489 1.83000004291534
-9999 -9999 -9999 -9999 -9999 -5.05000019073486 -4.69000005722046 -4.19000013619027 -3.76999998092651 -3.49999992355487 -2.78999996185303 -2.27999997138977 -1.80999994277954 -1.33000004291534 -1.08000003494821 -0.639999985694885 -0.360000014305115 -0.0700000002980232 0.330000013113022 0.490000009536743 0.629999995231628 1 1.26999998092651 1.53999996185303 1.78999996185303 1.92999994754791 2.10999989509583 2.36999988555908 2.70000004768372 3.16000008583069 3.43000006674395 3.21000003814697 2.66000008583069 2.36999988555908 2.17000007629394 2.29999995231628 2.39000010490418 2.63000011444092 2.59999990463257 2.67000007629395 2.64000010490417 2.39000010490417 2.27999997138977 2.20000004768372 2.07999992370605 1.87000000476837
-9999 -9999 -9999 -9999 -9999 -4.80000019073486 -4.51000022888184 -4.23999977111816 -3.91000004911025 -3.14000010490418 -3.08999991416931 -2.5699999332428 -2.03999996185303 -1.49000000953674 -0.949999988079071 -0.660000026226044 -0.219999998807907 0.100000001490116 0.150000005960464 0.449999988079071 0.560000002384186 0.779999971389771 1.04999995231628 1.36000001430511 1.75 2.0499999520593 2.17000007629394 2.41000008583069 2.6800000667572 3.26999998092651 3.45000004768372 2.97000002861023 2.21000003814697 1.89999997615814 1.8400000333786 2.05999994277954 2.4300000667517 2.59999990463257 2.71000003814697 2.72000002861023 2.54999995231628 2.28999996185303 2.23000001907349 2.21000003814697 2.15000009536743 2.05999994277954
-9999 -9999 -9999 -9999 -9999 -4.71999979019165 -4.61999988555908 -4.23000001907349 -4.13000011444092 -3.53000013664862 -3.15000009536743 -2.90000009536743 -2.36999988555908 -1.79999995231628 -1.25 -0.730000019073486 -0.479999989271164 -0.0500000007450581 0.129999995231628 0.25 0.61000001425103 0.759999990463257 1.02999997138977 1.33000004291534 1.55999994277954 1.89999997310087 2.07999992370605 2.4300000667572 2.69000005722046 3.14000010490417 2.70000004768372 2.35999989509582 1.60000002384186 1.13999998569489 1.46000003814697 1.87999999523163 2.38000011443361 2.59999990463257 2.74000000953674 2.66000008583069 2.47000002861023 2.44000005722046 2.3199999332428 2.1800000667572 2.1800000667572 2.25999999046326
-9999 -9999 -9999 -9999 -9999 -4.65999984741211 -4.49999996496558 -4.30000019073486 -4.30999994277954 -4.17000007629394 -3.33999998526057 -3.17000006010816 -2.80999994277954 -2.32999992370606 -1.5900000333786 -0.949999988079071 -0.600000021838844 -0.25 -0.0599999986588955 0.129999995231628 0.370000004768372 0.569999992847443 0.990000009536743 1.17999994754791 1.37000000476837 1.45000004768372 1.46000003814697 2.27999996908326 2.76999998092651 2.52999997138977 2.19000005722046 1.47000002873017 1.05999994277954 0.430000007152557 1.08000004291534 1.66999995708466 2.29999995230773 2.60999989509583 2.65000009536743 2.50999999046326 2.40000009536743 2.3199999332428 2.34999990463257 2.10999989509582 2.16000008583069 2.41000008583069
-9999 -9999 -9999 -9999 -9999 -4.67000007629395 -4.53000020980835 -4.26000022888184 -4.3600001335144 -4.13000011444092 -3.71000003814697 -3.08000001593825 -2.83999991416931 -2.35999989509583 -1.82000005245209 -1.12000000476837 -0.620000004768372 -0.349999994039535 -0.209999993443489 0.100000001490116 0.349999994039535 0.680000006791791 0.930000007152557 1.04999995231628 1.26999998092651 1.3400000333786 1.47000002845193 1.69000005722046 2.04999995231628 2.21000003764089 1.9099999666214 1.30999994277954 0.959999978542328 0.600000023841858 0.910000026226044 1.41999995708466 2.04999995231628 2.35999989509582 2.4300000667572 2.34999990463257 2.27999997138977 2.1800000667572 2.1800000667572 2.15000009536743 2.26999998092651 2.5
-9999 -9999 -9999 -9999 -9999 -4.82999992370605 -4.61999988555908 -4.34999990463257 -4.38000011444092 -4.30000019073486 -3.96000003814697 -3.5699999332428 -3.01000003986952 -2.38000011444092 -1.89999997615814 -1.37999999523163 -0.649999976158142 -0.509999990205897 -0.259999990463257 -0.0500000007450581 0.230000004172325 0.430000007152557 0.569999992847443 0.949999988079071 1.24000000953674 1.33000004291534 1.46000003814697 1.61000001430511 1.94000005722046 2.0699999332428 1.97000002861023 1.3400000335278 1.05999994288338 0.769999980926514 0.800000011920929 1.22000002861023 1.77999997138977 2.01999998092651 2.26999998092651 2.29999995231628 2.27999997138977 2.22000002861023 2.170000076294 2.28999996185303 2.42000007629395 2.65000009536743
-9999 -9999 -9999 -9999 -9999 -5.5 -4.71000003814697 -4.59000015258789 -4.55999993812584 -4.42999982833862 -4.19999980926514 -3.78999996185303 -3.02999997138977 -2.55999996246628 -1.98000001907349 -1.5 -0.759999990463257 -0.550000011920929 -0.310000002384186 -0.239999994635582 -0.0799999982118607 0.230000004172325 0.660000025835147 0.800000011920929 1.11000001430511 1.32000005245209 1.5 1.62000000476837 1.79999995231628 1.97000002861023 1.87999999523163 1.44000005722046 1.22000002861023 1.00999999046326 0.81999999289345 1.11000001430511 1.58000004291534 1.83000004291534 2.17000007629395 2.34999990463257 2.33999991416931 2.21000003814697 2.13000011444092 2.14000010490417 2.29999995231628 2.63000011444092
-9999 -9999 -9999 -9999 -5.90999984741211 -5.84999990463257 -5.28999996185303 -4.80999994277954 -4.71999979019165 -4.65999984741211 -4.44000005722046 -4.15000009536743 -3.46000003814697 -2.58999991416931 -2.09999994573534 -1.5 -0.949999988079071 -0.589999973773956 -0.370000005036924 -0.379999995231628 -0.150000005960464 0.119999997317791 0.360000014305115 0.560000002384186 0.959999978542328 1.22000002861023 1.46000003814697 1.67999994743972 1.75 1.85000002384186 1.71000003814697 1.44000005722046 1.19000005725055 1.0900000333786 1.02999997138977 1.22000002861023 1.50999999046326 1.73000001907349 2.11999988555755 2.40000009536641 2.35999989509503 2.10999989509527 1.98000001907331 1.95000004768348 2.13000011444092 2.58999991416931
-9999 -9999 -9999 -9999 -6.30000019073486 -5.90999984741211 -5.34000015258789 -4.8899998664856 -4.90000009536743 -4.71999964399902 -4.28999996185303 -4.01000022888184 -3.5 -2.55999994277954 -2.38000011444092 -2.04999993389404 -0.980000019073486 -0.639999985694885 -0.680000007152557 -0.560000002384186 -0.389999985694885 0.0299999993294477 0.239999994635582 0.409999996423721 0.819999992847443 1.11000001430511 1.44000005722046 1.6599999666214 1.75999999046326 1.82000005245209 1.5900000333786 1.28999996185303 1.22000002861884 1.03999996185303 1.19000005722046 1.4099999666214 1.67999994754791 1.94000005721879 2.04999995231628 2.0699999332428 1.99000000953674 1.94000005722046 1.95000004768372 2.03999996185303 2.34999990463257 2.79999995231628
-9999 -9999 -9999 -9999 -6.34000015258789 -5.84000015258789 -5.3899998664856 -4.94999980926514 -4.44999980926514 -4.17999982833862 -4.17000007629395 -3.79999995231628 -3.23000001907349 -2.75 -2.19000005722046 -1.87000000476837 -1.44000005722046 -1 -0.889999985694885 -0.75 -0.519999958506786 -0.239999994635582 0.379999995231628 0.629999995231628 0.779999971389771 1.02999997138977 1.38999998569489 1.62000000476837 1.70000004768372 1.71000003814697 1.51999998092651 1.17999994754791 0.600000023841858 0.879999995231628 1.37999999523163 1.69000005722046 1.9099999666214 2.05999994277861 2.11999988555908 1.92999994754791 1.74000000953674 1.92999994754791 2.03999996185316 2.35999989509582 2.54999995231628 3.01999998092651
-9999 -9999 -9999 -9999 -6.70000164343562 -5.51000022888184 -5.76999996280417 -5.57000017166138 -4.73999977111816 -3.95000004768372 -3.77999997138977 -3.64000010490417 -3.27999997138977 -2.88000011444092 -2.38000011444092 -2.29999995231628 -1.85000002384186 -1.75 -1.23000002657659 -0.569999992847443 -0.140000000596046 0.340000003576279 0.439999997615814 0.709999978542328 0.810000002384186 1.14999997615814 1.32000005245209 1.39999997615814 1.61000001426272 1.5900000333786 1.47000002861023 1.25999999046326 1.14999997615814 1.29999995231628 1.72000002861023 2.02999997138977 2.1800000667572 2.24000000953644 2.25999999046326 1.80999994277954 1.47000002861023 1.97000002861023 2.2699999809266 2.84999990463257 3.23000001907349 3.24000000953674
-9999 -9999 -9999 -9999 -7.86999988555908 -5.70000007171824 -5.92000007629394 -5.51999998092651 -4.88000011444092 -4.25 -3.79999995231628 -3.76999998092651 -3.30999994277954 -3.02999997138977 -2.59999990463257 -2.20000004768372 -2.02999997138977 -1.73000001907349 -1.51999998092651 -0.920000016689301 -0.529999971389771 -0.120000003577908 0.0399999991059303 1.00999998950413 1.00999999046326 1.16999995708466 1.17999994754791 1.32000005245209 1.5 1.55999994277954 1.48000001907349 1.52999997138977 1.55999994277954 1.70000004768372 2.11999988555908 2.41000008583069 2.47000002861023 2.41000008583069 2.3199999332428 1.53999996185303 1.24000000953674 2.19000005722046 2.50999999046326 3.21000003814697 3.5699999332428 3.5699999332428
-9999 -9999 -9999 -9999 -7.44000005722046 -8.42000007629395 -6.84999968310469 -6.13999968685649 -5.07999992370606 -4.73999977111816 -4.26000022888184 -3.94000005722046 -3.69000005722046 -3.19000005722046 -2.60999989509583 -2.26999998092651 -1.98000001907349 -1.67999994754791 -1.1599999666214 -0.829999983310699 -0.680000007152557 -0.259999990463257 0.469999997361694 1 0.779999971841843 0.910000026226044 1.01999998092651 0.959999978542328 0.949999988079071 1.45000004768372 1.60000002384186 1.76999998092651 1.92999994754791 2.10999989507746 2.35999989509582 2.65000009536743 2.72000002861023 2.66000008583069 2.5 1.92999994754791 1.87000000476837 2.60999989509583 3.26999998092626 3.48000001907349 3.6800000667572 3.77999997138977
-9999 -9999 -9999 -9999 -8.06999969482422 -7.78000020980835 -8.03999996185303 -6.64999964831602 -5.1100001335144 -4.86999988555908 -4.78999996185303 -4.25 -4.01999995700477 -3.1800000667572 -2.6800000667572 -2.28999996185303 -2.17000007528004 -1.86000001430511 -1.66999995708466 -1.08000004291534 -0.850000023841858 -0.41999998790957 0.360000009612878 0.579999983310699 0.730000019073486 0.829999983310699 0.819999992847443 1.01999998092651 1.0900000333786 0.910000026226044 1.08000004291534 1.51999998092651 1.95000004768372 2.14000010490417 2.49000000953674 2.88000011444092 3.04999995231628 3.04999995231628 2.91000008583069 2.64000010490417 2.73000001907349 3.20000004768372 3.58999991416918 3.58999991416931 3.73000001907349 3.79999995231628
-9999 -9999 -9999 -9999 -8.12000044884402 -8.51000022888184 -8.27000045776367 -5.86999988555908 -5.69999980926514 -4.30000019073486 -4.73999977111816 -3.98000001907349 -3.5 -3.23000001907349 -3.08999991416931 -2.27999997138977 -2.0699999332428 -2.05999994372639 -1.62000000490604 -0.810000002384186 -0.649999976538296 -0.340000003576279 0.219999998807907 0.389999985694885 0.5 0.439999997615814 0.680000007152557 0.779999971389771 0.990000009536743 1.05999994277954 1.04999995231628 1.27999997138977 1.86000001430511 2.10999989509583 2.61999988555908 3.04999995231628 3.46000003814697 3.52999997138977 3.40000009536743 3.24000000953674 3.26999998092651 3.60999989509583 3.8199999332428 3.67000007629395 3.76999998092651 3.84999990463257
-9999 -9999 -9999 -9999 -8.52000045776367 -8.85000038146973 -8.27000045776367 -7.44999980926514 -3.63000011444092 -3.94000005722046 -4.46999979019165 -4.34999990463257 -4.19000005722046 -3.60999989509583 -2.77999997138977 -2.51999998092651 -2.16000008583069 -2.4300000667572 -1.78999996185303 -0.980000019073486 -0.46000000834465 -0.270000010728836 0.0799999982118607 0.189999998608977 0.409999996423721 0.189999997615814 0.430000007152557 0.740000009536743 0.860000014305115 0.939999997615814 1.25999999046326 1.74000000953674 2.05999994277954 2.23000001907349 2.63000011444092 3.0699999332428 3.58999991416931 3.77999997138977 3.71000003814697 3.57999992370605 3.5699999332428 3.74000000953674 3.83999991416931 3.71000003814697 3.6800000667572 3.82999992370605
