SnowAccumulation_R/test/tmin/final_tmin_28_04_2009.asc
NCOLS 97 
NROWS 69 
XLLCORNER 52512.810182332 
YLLCORNER 5316225.2758522 
CELLSIZE 10000 
NODATA_value -9999 
[rows 20 to 39 of 69, columns 45 to 89 of 97]
-6.13000011444092 -6 -5.96999979019165 -5.96000003814697 -6.09000015258789 -6.03000020980835 -6.01000022888184 -6.01000022888184 -6.32999992370605 -6.40000009536743 -6.48999977113172 -6.63000011444092 -6.53000020980835 -6.69000005722046 -6.73999977109065 -6.65000009536743 -6.59000015311888 -6.53999996185303 -6.23999977111816 -6.15999984741211 -5.98000001907349 -5.67000007629394 -5.26999998092651 -5.21000003814697 -5.19000005722046 -5.23000001907349 -5.38000011444092 -5.55000019073486 -5.73000001907349 -5.61999988555908 -5.36999988555908 -5.42999982833862 -5.30999994277954 -5.34999990463257 -5.2600000921309 -5.03999996185303 -4.84000015258789 -4.63000011444092 -4.57999992370605 -4.44999980926514 -4.40999984741211 -4.25 -4.01000022888184 -3.84999990463257 -3.63000011444092
-6.48999977111816 -6.17999982833862 -6.15000009536743 -6.11999988555908 -6.15999984741211 -6.26999998092651 -6.28000020980835 -6.26000022888184 -6.69000005722046 -6.78999996185303 -6.80999994277954 -6.86000013351441 -6.5 -6.92000007629395 -6.92000007657118 -7 -6.78000020980835 -6.59000015258789 -6.42999982809227 -6.19999980926514 -6 -5.71000003814697 -5.46000003762541 -5.23000001907349 -5.11999988555908 -5.15000009536743 -5.19999980926912 -5.3600001335144 -5.57000017166138 -5.3600001335144 -5.21999979019165 -5.28999996185303 -5.1399998664856 -5.05000007750168 -4.76000022888184 -4.55000019073486 -4.46999979019165 -4.30999994277954 -4.25 -4.09000015258789 -4.01000022888184 -3.8199999332428 -3.65000009536743 -3.34999990463257 -3.13000011444092
-6.84999990463257 -6.46999979019165 -6.3600001335144 -6.26999998092651 -6.46000003814697 -6.42999982833862 -6.34000015258789 -6.73999977111816 -6.90000009536743 -7.03000020980835 -7.01000022888184 -7.03999996213654 -7.01000022925294 -7.34999990463257 -7.26000022888184 -7.17999982833862 -6.98999977111816 -6.67000007629394 -6.51999998092651 -6.26999998092651 -6.15999984741211 -5.78999996185303 -5.48999977111816 -5.23000001907349 -5.09000015258789 -5.11000013351441 -5.07999992370605 -5.15999984741211 -5.13000011444092 -4.90000009536743 -4.92999982833862 -4.90999984741211 -4.8200000301237 -4.34999990463257 -4.30999994277954 -4.15999984741211 -4.05000019073486 -3.94000005722046 -3.86999988555908 -3.70000004768371 -3.57999992370605 -3.30000008062095 -3.14000010490417 -2.82999992370605 -2.61999872921234
-7.01000022888184 -6.92000007629394 -6.71999979019165 -6.42999982833862 -6.5 -6.61000013351441 -6.73999977111816 -6.76999998096526 -7.03000020984872 -7.48999977111816 -7.51999998092651 -7.59000015258789 -7.55000019073486 -7.61000013351441 -7.48000001907349 -7.44000005722046 -7.26999998092651 -7.01999998092651 -6.86000013351441 -6.46000003814697 -6.17000007629395 -5.78000020980835 -5.57000017166138 -5.21000003814697 -5.07999992370605 -5 -4.90000009536743 -4.8899998664856 -4.65999984741211 -4.59000015235991 -4.57000017166138 -4.48999968677246 -4.01999998092651 -3.92000009428771 -3.86999988555908 -3.80999994277954 -3.74000000953674 -3.70000004768372 -3.50999999046326 -3.27999997138977 -3.08999991416931 -2.97000002861023 -2.65000009536743 -2.33999914117673 -1.62999999523163
-7.26000022888184 -7.01999998092679 -7.03999996185279 -6.88999986648559 -7.28999996185303 -7.34000015258789 -7.40999984741211 -7.73000001907349 -7.71000003814697 -7.84999990463257 -7.80999994277954 -7.78999996185303 -7.82999992370605 -7.80999994277954 -7.82000017166138 -7.61999988555908 -7.55999994277954 -7.32999992370605 -7.13999986648559 -6.80000019073486 -6.28000020980835 -6.07999992288508 -5.51000022888184 -5.19000005722046 -5.01000022888184 -4.94000005691195 -4.71000003814697 -4.6100001335144 -4.30999994277954 -4.26999998092651 -4.2299999482117 -3.85999989509583 -3.72000002861023 -3.65000009536743 -3.50999999046326 -3.41000008583069 -3.39000010490417 -3.34999990463257 -3.13000011444092 -2.85999989509582 -2.61999994900408 -2.48000001907349 -2.20000004768372 -1.5 -1.36000001430511
-7.53000020980835 -7.38000011444095 -7.32000017166138 -7.05000019073486 -7.36999988555908 -7.55999994277954 -7.61999988555908 -7.84000015258789 -7.92000007629395 -8.0600004196167 -8.07999992370605 -8.14000034332275 -8.17000007629394 -8.06000041960486 -8 -7.75 -7.65000009536743 -7.59000015257455 -7.44999980926514 -6.98999977111816 -6.51999998092651 -6.05999994277954 -5.67000007629395 -5.15999984741211 -4.8899998664856 -4.78000020980835 -4.51000022888184 -4.28999996185303 -4 -3.60999989509583 -3.57999992370605 -3.70000004768372 -3.57999992631874 -3.49000000953674 -3.21000003814697 -3.02999997138977 -2.99000000953674 -2.97000002861023 -2.73000001907349 -2.44000005722046 -2.30999994277954 -2.0699999332428 -1.39999997615814 -1.14999997615839 -1.04999995231628
-7.48000001907349 -7.53000020980835 -7.71000003814697 -7.44999980926514 -7.3899998664856 -7.75 -7.75 -7.8899998664856 -8.09000015258789 -8.1199998855632 -8.26000022888183 -8.38000011444092 -8.39999961853027 -8.34000015257602 -8.19999980926514 -7.84000015258789 -7.5 -7.42999982833862 -7.3899998664856 -7.05999994277954 -6.36999988555908 -6.03000020980835 -5.48999977111816 -5.09000015258789 -4.71000003814697 -4.55000019073486 -4.30999994277954 -3.99999996721591 -3.57999992370605 -3.41000008583069 -3.25 -3.69000005722046 -3.66000008583069 -3.49000000953674 -3.10999989509583 -2.75999999046326 -2.66000008583069 -2.57999992370605 -2.30999994277954 -2.02000003899341 -1.88999998569489 -1.23000029509689 -1.04999995231628 -0.949999988079071 -0.879999995231628
-7.55000019073486 -7.53000020980833 -7.63999986648559 -7.53000020980835 -7.55999994277954 -7.6799998283392 -7.82000017166138 -7.8600001335144 -8.09000015258789 -8.25000000001026 -8.35999965667725 -8.60000038146973 -8.64999961853027 -8.60000038146973 -8.48999977111817 -8.17000007629395 -7.94999980926514 -7.61999988555908 -7.36999988555908 -6.94000005722046 -6.23999977111816 -5.94000005722046 -5.42000007629395 -4.98999977111816 -4.71000003741991 -4.32999992370605 -4.05000016296383 -3.40000009536743 -3.25999999046326 -3.10999989509583 -2.96000003814697 -3.17000007629395 -3.19000005722046 -3.14000010490418 -2.94000005722046 -2.75999999046326 -2.4300000667572 -2.19000005722046 -1.91999995708466 -1.69000005722046 -1.41999941280526 -0.879999995231628 -0.73000008265398 -0.699999988079071 -0.819999992847443
-7.40000009536743 -7.36000013351441 -7.3600001335144 -7.38000011444092 -7.71999979019165 -7.88999986648515 -7.46000003814697 -7.90999984741211 -8.10000038146973 -8.22999954223633 -8.40999984741211 -8.76000022888183 -8.86999988555908 -8.8100004196167 -8.57999992370605 -8.51000022888184 -8.35000038146973 -8.06999969482422 -7.17999982833862 -6.75 -6.469999789393 -5.8899998664856 -5.3600001335144 -4.84999990463257 -4.6100001335144 -3.91000008583069 -3.42000007629395 -3.11999988555908 -2.98000001907349 -2.83999991416931 -2.65000009536743 -2.55999994277954 -2.6800000667572 -2.75999999046326 -2.5699999332428 -2.46000003814697 -2.27999997138977 -1.74000000953674 -1.36000007571299 -1.16999944680247 -0.5 -0.5 -0.490000009536743 -0.550000011920929 -0.730000019073486
-7.07999992370605 -7.11000013351438 -7.19999980926514 -7.21999979019165 -7.40999984741211 -7.63000011444082 -7.05999994277954 -7.6399998664856 -8 -8.22999954223633 -8.5 -8.80000019073486 -9.02999973297119 -8.96000003814697 -8.68000030517578 -8.63000011444092 -8.60999965658368 -8.22999954223633 -7.42000007629395 -6.73999977111816 -6.40000009536743 -5.8600001335144 -5.19999980926514 -4.59000013674366 -4 -3.6800000667572 -3.08999991416931 -2.80999994275117 -2.72000002861023 -2.61999988555908 -2.35999989509583 -2.20000004768372 -2.25999999046326 -2.29999995231628 -2.19000006348681 -2.05999994277954 -2.04999995231628 -1.37999999523163 -1.07999970892077 -0.28999999165535 -0.219999998807907 -0.259999978610189 -0.280000001192093 -0.409999996423721 -0.610000014305115
-7.1399998664856 -7.07999992370606 -7.15999984741211 -6.80999994277954 -6.88000011444092 -6.78000020980835 -6.8899998664856 -7.34999990463257 -7.88000011444092 -8.18000030517578 -8.35999965667725 -8.5600004196167 -8.84000015258789 -8.89999961853027 -8.80000019073486 -8.60000038146973 -8.60000038146973 -8.22999954223633 -7.76000022888184 -6.90000009536743 -6.38000011444092 -5.6399998664856 -4.5 -4.1700000753456 -3.67000007629394 -3.30999994277954 -2.78999996185303 -2.42000007629395 -2.29999995231628 -2.24000000953674 -2.02999997301486 -1.87999999523163 -1.8400000333786 -1.86000001430511 -1.82000005245209 -1.62000000476837 -1.73000001907349 -1.07999990813094 -0.370000004768372 -0.100000001490116 -0.0900000035762787 -0.109999999403954 -0.129999995231628 -0.209999993443489 -0.439999811286204
-6.92000007629395 -6.84999990463257 -6.78000020980835 -6.6399998664856 -7.23000001907349 -6.61999988555908 -6.65000009536743 -7.05000019073486 -7.65000009536743 -7.80999994277954 -8.28999996185303 -8.30000019073487 -8.34000015263134 -8.67000007629395 -8.57999992370605 -8.47999954223633 -8.4399995803833 -7.94999980926514 -7.67000007629395 -6.53999996185303 -6.05000018459581 -4.92000007629395 -4.07999992370605 -3.74000000953674 -3.35999989509582 -2.96000003814697 -2.50999999046326 -2.17000007629395 -1.72000002861023 -1.79999995231628 -1.74000000953674 -1.52999997138977 -1.45000004768372 -1.46000003814697 -1.42999994754791 -1.23000001907349 -1.21000003814697 -0.790000021457672 -0.159999996423721 0.0399999991059303 1.74564538347024e-08 0.0399999991059303 0 -0.0399999991059303 -0.100000001490116
-6.42000007629395 -6.40000009536743 -6.42000007629395 -6.38000011444092 -6.65000009536743 -6.6399998664856 -6.55000019073486 -6.76999998092651 -7.23999977111816 -7.51000022888184 -8.03999996185303 -8.02000045776367 -7.98000001908706 -8.17000007629395 -8.18000030517578 -8.18000030517578 -8.11999988555908 -7.96000003814697 -7.349999898524 -6.26999997989158 -5.34000015258789 -4.3899998664856 -3.67000007629395 -3.39000010490417 -3.07999992370606 -2.69000005722046 -2.55999994196507 -1.97000002861023 -1.38999998569489 -1.29999995231628 -1.26999998092651 -1.12000000476837 -1.03999996185303 -1.07000005245209 -1.0900000333786 -0.930000007152557 -0.550000011920929 -0.469999998807907 -0.0199999995529652 0.150000005960464 0.129999995231628 0.100000001490116 -0.360000014305115 0.0299999111227811 -0.0299999993294477
-6.01000022888184 -6.30000019073486 -6.34000015258789 -6.3600001335144 -6.34000015258789 -6.44999980926514 -6.46000003814697 -6.78000020980835 -6.88000011444092 -7.09000015258789 -7.5 -7.57999992370605 -7.5 -7.73000001907349 -7.67000007629394 -7.67000007629394 -7.59000014906586 -6.42999982833862 -6.28999996185303 -5.84999990463257 -4.84999990463257 -3.99000000953674 -3.42000007629394 -3.17000007629395 -2.64000010490417 -2.03999996185303 -1.80999994277954 -1.37999999523163 -0.990000009536743 -0.769999981326517 -0.720000028610229 -0.720000028610229 -0.699999988079071 -0.800000011920929 -0.899999976158142 -0.579999983310699 -0.370000004768372 -0.25 0.0599999986588955 0.239999994635582 0.25 0.140000000596046 -0.0599999986588955 -0.0799999982118606 0.0399999991059303
-5.88999986648525 -5.98000001907349 -6.23999977111816 -6.26999998092651 -5.96999979018876 -5.7500000000017 -6.32000017166138 -6.38000011444092 -6.23000001907543 -6.67999982833862 -6.96999979019165 -7.07000017166138 -7 -7.34000015141182 -7.1399998650217 -6.40999984731795 -6.1100001335144 -5.59999990463257 -5.25 -5.13000011444092 -4.09000015258789 -3.66000008583069 -3.59999990321652 -2.82999992370605 -2.17000007629395 -1.4099999666214 -1.1599999666214 -0.870000004768372 -0.589999973773956 -0.509999990463257 -0.419999986886978 -0.360000014305115 -0.370000005048734 -0.439999894608421 -0.280000001192093 -0.430000007152557 -0.400000005960465 -0.150000005960464 0.0599999986588955 0.150000005960464 0.300000011920929 0.209999993443489 0.0800000510964531 -0.0199999995529652 0
-5.73999977111816 -5.82999992370605 -6.07000017166138 -5.8600001335144 -5.34999990463343 -5.74999999999776 -6.03999996184022 -5.94000005722046 -5.98999977111334 -6.17000007629395 -6.44000005698802 -6.48999977085795 -6.17000007629395 -6.23999977111816 -5.67000007629395 -5.4999999999213 -5.23000001907349 -4.80999994277954 -4.42000007629395 -4.19999980926514 -3.44000005722046 -3.26999998092651 -3.15000009536743 -2.36999988555908 -1.70000004768372 -1.22000004540714 -0.970000028610229 -0.629999995231628 -0.310000002384186 -0.349999994039536 -0.300000011920929 -0.189999997615814 -0.149999989530676 -0.170000001788139 -0.0399999991059303 -0.159999984958701 -0.230000004172325 -0.0599999986588955 0.0799999982118607 0.0900000035762787 0.25 0.270000010728836 0.170000001788139 0.0299999993294477 0
-4.98999977111816 -5.07999992370605 -5.26999998092651 -5.32999992370605 -5.34999990463257 -5.3600001335144 -5.40000009536743 -5.07999992369786 -5.07000017166609 -5.30000019073486 -5.5 -5.53000020980835 -5.53000020980835 -5.44999980926514 -5.26000022888184 -4.94000005722046 -4.69999980926514 -4.07999992370605 -3.91000008601081 -3.64000010490417 -2.96000003814697 -2.73000001907349 -2.73000001907349 -1.75999999046326 -1.01999998092651 -0.839999973773956 -0.589999973773956 -0.370000004768372 -0.129999995231628 -0.259999990463257 -0.200000002980232 -0.0699999845872633 0.0399999991059303 -0.0900000035762787 -0.0900000035762787 -0.0299999993294477 0.0399999991059303 0 0.0199999995529652 0.129999995231628 0.140000000596046 0.310000002384186 0.28999999165535 0.109999999403954 -0.279999641162546
-4.48000001907349 -4.75 -5.13000011444092 -5.19000005722046 -5.21999979019165 -5.23999977111816 -5.26000022888184 -4.59999990463257 -4.69999980926514 -4.8600001335144 -4.98000001907349 -5.09000015258789 -5.07000017166138 -5 -4.76000022888184 -4.55000019073486 -3.86999988555908 -3.49000000953674 -3.36999988552289 -3.11999988555908 -2.53999996185303 -2.00999999046326 -1.98000001907349 -1.21000003814697 -0.879999995231628 -0.430000007152557 0.0700000002980232 0.109999999403954 0.150000005960465 -0.109999999403954 -0.109999977457058 0.0700000001639244 0.119999997317791 0.0799999982118607 -0.0500000007450581 -0.0799999982118607 0.0399999991059303 0.150000005960464 0.0599999986588955 0.0700000002980232 0.159999996423721 0.159999996423721 0.150000005960464 0.179999914768602 -0.169999836095753
-3.73000001907349 -3.49000000953674 -3.84999990463257 -4.46000003814697 -4.48000001907349 -4.55999994277954 -5.07000017166138 -4.17000007629395 -4.30999994277954 -4.48999977111816 -4.46000003814697 -4.46999979019527 -4.53999996185303 -4.48999977111816 -4.23000001907349 -4.03999996185303 -3.70000004768372 -3.09999990463257 -2.78999996185303 -2.46000003814697 -1.96000003814697 -1.59000003206274 -1.01999998092651 -0.689999997615814 -0.0500000007450581 0.170000001788139 0.239999994635582 0 -0.28999999165535 -0.0500000125939018 0.140000000596046 0.129999995231628 0.189999997615814 0.150000005960465 0.200000002980232 0 0.0500000007450581 0.209999984332223 0.200000002980232 0.0700000002980232 0.189999997615814 0.180000007152557 0.169999975376628 0.00999999977648258 -0.0199999995529652
-3 -2.94000005722046 -2.35999989509582 -2.88000011444092 -2.88000011444092 -2.89000010490418 -2.94000005722046 -3.72000002861023 -3.76999998092651 -3.96000003814697 -4 -3.89000010490599 -3.9300000667572 -3.91000008583069 -3.6800000667572 -3.54999995231628 -3.25999999046326 -2.65000009536743 -2.41000008583069 -2.0699999332428 -1.58000004291534 -1.24000000953674 -0.730000019073486 -0.319999992847443 -0.00999999943169533 -0.150000005960464 -0.259999990463257 -0.189999980274495 0.0299999993294477 -0.150000005960465 -0.0199999995529652 -0.0399999991059303 -0.0399999991059303 0.219999998807907 0.25 0.209999993443489 0.0799999982118607 0.129999995231628 0.140000000596046 0.0900000035762787 0.140000000596046 0.0599999986588955 0.0900000035762787 0.0700000223143239 0.0399999991059303
