SnowAccumulation_R/test/tmin/final_tmin_29_04_2009.asc
NCOLS 97 
NROWS 69 
XLLCORNER 52512.810182332 
YLLCORNER 5316225.2758522 
CELLSIZE 10000 
NODATA_value -9999 
[rows 20 to 39 of 69, columns 0 to 44 of 97]
-9999 -9999 -9999 -9999 -17.1200008392334 -16.2800006866455 -16.2199993133545 -11.9499998092651 -15.3500003814697 -15.6000003814697 -14.7799997329712 -14.6000003814697 -13.6499996185303 -11.4499998092651 -11.710000038147 -10.7399997711182 -9.22000026702881 -9.05000019073486 -9.3100004196167 -9.10999965667725 -8.5600004196167 -7.98999977111816 -8.43000030517578 -8.64000033866273 -8.48999977111816 -8.21000003814697 -8.10000038146973 -8 -8.17000007629395 -8.23999977111816 -8.46000003814697 -8.55000019073486 -8.96000003814697 -8.97000026702881 -9.02999973297119 -9.3100004196167 -9.30000019073486 -9.32999992370605 -9.38000011444092 -9.28999996185303 -8.69999980926514 -7.92999982833862 -7.57000017166138 -7.36999988555908 -7.23999977111816
-9999 -9999 -9999 -9999 -15.1700000762939 -15.6099996566772 -15.1000003814697 -14.3500003814697 -16.2700004577637 -15.9899997711182 -15.9899997711182 -15.1199998855591 -14.0299997329712 -13.8500003814697 -13.0699996948242 -11.539999961853 -10.0900001525879 -9.31999969482422 -9.38000011444092 -9.19999980926514 -8.64000034332275 -8.44999980926514 -8.40999984741211 -8.27999973297119 -8.36999989608559 -7.84000015258789 -8.14999961853027 -8.10000038146973 -7.94000005722046 -8.05000019073486 -8.27000045776367 -8.53999996185303 -8.76000022888184 -8.65999984741211 -8.68000030517578 -9 -9.01000022888184 -9.55000019073486 -9.80000019073486 -9.80000019073486 -8.85000038146973 -8.03999996185303 -7.69999980926522 -7.48000001907349 -7.03000020980835
-9999 -9999 -9999 -9999 -13.8500003814697 -16.25 -15.1000003814697 -14.1400003433228 -15.8500003814697 -16.4899997711182 -15.6300001144409 -15.7399997711182 -14.8400001525879 -14.6000003814697 -14.1299999334358 -12.1400003433228 -11.0600004196167 -10.2299995422363 -9.25 -9.06999969482422 -8.71000003814697 -8.39000034332275 -8.30000019073486 -8.40999984741211 -8.94999979886692 -8.57999992370605 -8.14999961853027 -8.14999961853027 -8.19999980926514 -8.48999977111816 -8.10000038146972 -8.0600004196167 -8.27999973297119 -8.38000011444092 -8.55000019073487 -9.01000022888184 -9.26000022888184 -9.63000011444092 -9.77000045776367 -9.64999961853027 -9.07999992370606 -8.32999992370605 -7.82999992370606 -7.69999980926514 -7.44999980926514
-9999 -9999 -9999 -15.1300001144409 -14.6800003051758 -13 -14.8800001144409 -15.5100002288818 -16.3799991607666 -16.2299995422363 -15.7700004577637 -16.1499996185303 -14.8199996948242 -13.9499998547603 -12.9499998092651 -11.710000038147 -10.6199998855591 -10.1099996566772 -9.13000011444092 -9.11999988555908 -8.93000030517578 -8.27999973297119 -8.23999977111816 -8.27000045776367 -8.55000019073486 -8.43000030517578 -8.30000019567459 -8.30000019073486 -8.25 -8.10999965667725 -7.90000009536743 -8.17000007629395 -7.98999977111816 -8.47000026702881 -8.56999969482422 -9.09000015258789 -9.40999984741211 -9.65999984741211 -9.65999984741211 -9.71000003814697 -9.18000030517578 -8.71000003814697 -8.11999988555908 -7.98000001907349 -7.71999979019165
-9999 -9999 -9999 -15.7399997711182 -15.3199996948242 -14.8699998855591 -16.5300006866455 -15.4799995422363 -16.3799991607666 -16.6499996185303 -15.8699998855591 -15.3900003207262 -14.8299999237061 -12 -11.6400003433228 -11.3599996566772 -10.6199998855591 -9.44999980926514 -9.30000019073486 -9.10000038146973 -8.85000038146972 -8.36999988555908 -8.22000026702881 -8.27000045776367 -8.40999984741211 -8.43000030905031 -8.81999969482422 -8.57999992370605 -8.43000030517578 -8.27000045776367 -8 -7.82999992370605 -6.23000001907349 -8.13000011444092 -8.59000015258789 -9.25 -9.43000030517578 -9.52000045776367 -9.67000007629395 -9.80000019073486 -9.09000015258752 -8.8599996566769 -8.36999988555915 -8.19999980926523 -7.88000011444092
-9999 -9999 -9999 -15.7399997711182 -14.9299999473876 -14.5799999237061 -15.3599996566772 -15.6199998855591 -17.3400001525879 -15.5799999237061 -16.1399993896484 -11.8699998855591 -11.6899995803833 -11.5200004577637 -10.8000001907349 -10.9099998474121 -10.5299997329712 -9.5 -9.27000045776367 -9.22000026702881 -8.90999984741211 -8.44999980926514 -8.11999988555908 -7.98999977111816 -8.35000038146973 -8.6899995803833 -8.90999984741211 -8.80000019086711 -8.6899995803833 -8.71000003814697 -8.61999988555908 -8.10000038146972 -7.96999979019165 -8.59000015258789 -8.89999961853027 -9.18000030517578 -9.82999992370605 -9.81999969482422 -9.75 -9.59000015258789 -9.5600004196167 -8.59000015258789 -8.36999988555908 -8.23999977111816 -7.88000011444092
-9999 -9999 -9999 -15.4799944732171 -16.1200008392334 -12.210000038147 -15.539999961853 -16.1100006103516 -15.8299999237061 -16.5100002288818 -15.960000038147 -15.3100004196167 -10.6099996566772 -10.3699998855591 -10.1599998474121 -10.0500001907349 -9.80000019073486 -9.1899995803833 -9.31999969482422 -9.43000030517578 -8.77999973297119 -8.57999992370605 -8.10999965667725 -7.75 -8.47999954223633 -8.96000003814697 -8.90999985116657 -8.81999969600062 -9.06999969482422 -8.86999988555908 -8.77999973297119 -8.53999996185303 -8.64999961853027 -8.93000030517578 -9.27000045776367 -9.64000034332276 -9.81999969482422 -9.88000011444092 -9.85999965667725 -9.27000045776367 -8.96000003814697 -8.47999954223633 -8.3100004196167 -8.26000022888184 -7.8899998664856
-9999 -9999 -9999 -11.2399997711182 -12.6099996566772 -12.1000014085105 -16.5499992370605 -14.1499996185303 -15.4499998092651 -15.1300001144409 -14.7799997329712 -15.039999961853 -14.8500003814697 -9.94999980926514 -9.86999988555908 -9.77999973297119 -8.67000007629395 -9.02000045776367 -9.01000022888184 -8.97000026702881 -8.90999984741211 -8.48999977111816 -8.31999969482422 -8.35999965667725 -8.77999973297119 -9.40999984741211 -9.81999969482422 -9.53999996185303 -9.21000003793062 -9.06999969488592 -8.86999988555908 -8.8100004196167 -9.05000019073486 -9.22000026702881 -9.40999984741211 -10.0500001907349 -10.0100002288818 -9.63000011444092 -9.5600004196167 -9.53999996185303 -9.23999977111816 -9.02999973297119 -8.19999980926514 -8.14000034332275 -7.96000003814697
-9999 -9999 -9999 -8.27999973297119 -13.3000001907349 -14.4700002670288 -14.1599998474121 -15.210000038147 -14.3400001525879 -15.0699996948242 -14.460000038147 -14.789999961853 -14.1700000762939 -14.0799999237061 -9.44999980926514 -9.10999965667725 -8.52000045776367 -8.8100004196167 -8.76000022888183 -8.73999977111816 -8.5600004196167 -8.51000022888184 -8.31999969482422 -8.35000038146973 -9.06999969482422 -9.65999984741211 -9.78999996185303 -9.39999961853027 -9.17000007691849 -9.09000015258789 -8.86999988555908 -8.89000034332275 -9.1899995803833 -9.44999980926514 -9.21000003814697 -9.35999965667724 -9.39000034332275 -9.72999954223633 -9.5600004196167 -9.47999954223633 -9.1899995803833 -8.89999961853027 -8.78999996185303 -8 -7.88000011444092
-9999 -9999 -9999 -8.21000003814697 -12.1099996566772 -11.210000038147 -12.3900002915655 -12.9799995422363 -11.2700004577637 -14.0600004196167 -15.4499998092651 -14.8000001907349 -15.1300001144409 -14.3500003814697 -8.84000015258789 -8.89999961853027 -8.93000030517578 -8.17000007629395 -8.46000003814697 -8.10000038146972 -8.14000034332275 -8.32999992370605 -8.26000022888183 -8.14000034332275 -8.64000034332275 -9.22000026702881 -9.46000003814697 -9.44999980926514 -9.3100004196167 -8.92000007629395 -8.81000041933539 -8.77999973272346 -8.60000038146973 -8.69999980926514 -8.76000022888184 -8.8100004196167 -9.17000007629395 -9.10000038146973 -8.88000011444092 -9.22999954223633 -9.19999980926513 -8.88000011444092 -8.39999961853027 -8.14000034332275 -7.82999992370605
-9999 -9999 -9999 -5.40000192305635 -9.06999969482422 -10.039999961853 -11.6600001166582 -13.8100004196167 -13.5900001525879 -12.0100002288818 -14.81999968289 -13.7399997711182 -12.4499998092651 -14.6199998855591 -8.60999965667725 -8.72000026702881 -8.43000030517578 -8.43000030517578 -8.10000038146973 -8.13000011444092 -7.96000003814697 -7.88000011444092 -8.03999996185303 -8.52000045776367 -8.4399995803833 -8.90999984741211 -8.98999977111816 -9.27000045776367 -9.53999996185303 -8.92000007603928 -8.67000007601622 -8.59000015258789 -8.14000034332275 -8.18000030517578 -8.35000038146973 -8.64000034332275 -8.56999969482422 -8.5600004196167 -8.72999954223633 -8.68000030517578 -8.88000011444092 -8.85999965667725 -8.14999961853027 -7.69999980926514 -7.65999984741211
-9999 -9999 -9999 -5.90999984741211 -9.86999988555908 -7.82999992370605 -12.3100004196167 -12.2600010795491 -14.1400003433228 -10.5600004196167 -11.5299997329712 -12.9899997711182 -13.1099996566772 -12.6800003051758 -7.98999977111816 -8.31999969482422 -8.39999961853027 -8.35999965667725 -8.09000015258789 -7.65000009536743 -7.61000013351441 -7.67999982833862 -7.82000017166138 -8.14999961853027 -8.19999980926514 -8.27999973297119 -8.75 -8.97999954223633 -9.02999973297119 -8.52999973297119 -8.15999984741211 -8.01000022888184 -7.94999980909792 -8.02000045752385 -7.96000003814697 -8.14000034332275 -8.27999973297119 -8.3100004196167 -8.3100004196167 -8.14999961853027 -8.23999977111817 -8.26000022888184 -7.48000001907349 -7.46000003814697 -7.59999990463257
-9999 -9999 -9999 -9.19999980926514 -6.46999970085937 -9.56999969482422 -8.27999973297119 -12.3500003814697 -11.6899997218432 -12.6700000762939 -11.3199996948242 -10.039999961853 -10.4200000762939 -9.1899995803833 -7.96999979019165 -8.18000030517578 -8.23999977111816 -8.09000015258789 -8.10000038146973 -7.61999988555908 -7.6399998664856 -7.57000017166138 -7.36999988555908 -7.53000020980835 -7.59999990463257 -8.02999973297119 -8.1899995803833 -8.52999973297119 -8.57999992370605 -8.26000022888184 -7.80000019073486 -8.01000022865594 -7.73999977109463 -7.51999998092651 -7.71999979019165 -7.65999984741211 -7.94000005722046 -8 -7.88000011444092 -8 -8.11999988555908 -7.30999994277954 -7.40999984741211 -7.36999988555908 -7.07000017166138
-9999 -9999 -9999 -8.26000022888183 -6.36999988555908 -5.05000019073486 -8.6899995803833 -7.48999977111816 -10.6300001144409 -11.989998573592 -12.6400003433228 -10.3400001525879 -10.7600002288818 -10.4700002670288 -8 -8.22000026702881 -8.14999961853027 -8.15999984741211 -8.15999984741211 -7.57999992370605 -7.55999994277954 -7.59000015258789 -6.94999980926514 -6.84000015258789 -7.17999982833862 -7.36999988555908 -7.73999977111816 -7.90000009536743 -7.75 -7.76000022888184 -7.71000003814697 -7.59000015258789 -7.42000007629395 -7.15999984741211 -6.94000005722046 -7.24999999998973 -7.5700001716353 -7.82000017166138 -7.75 -7.32000017166138 -7.28999996185303 -7.26000022888184 -7.19999980926514 -7 -6.96999979019165
-9999 -9999 -9999 -10.4200000762939 -8.10000038146972 -5.69999980926514 -5.13000011444092 -10.2200002670288 -7.59000015258789 -10.3500003814697 -11.6399995703525 -12.3400001525879 -11.8199996948242 -10.8800001144409 -8.57999992370605 -8.72000026702881 -8.4399995803833 -8.39999961853027 -8.19999980926514 -8 -7.51999998092651 -7.19999980926514 -6.44000005722046 -6.73999977111816 -6.88000011444092 -7.26000022888184 -7.3899998664856 -7.5 -7.51999998092651 -7.59000015258789 -7.61999988555908 -7.28000020980835 -7.13000011444092 -7 -7.07000017166138 -6.78999996185303 -6.71000003814697 -6.78000020980835 -6.73000001907349 -7.38999986648238 -7.13000011444029 -6.73999977111782 -6.84999990463145 -6.88999986648478 -6.69000005722009
-9999 -9999 -10.5299997329712 -9.59000015258789 -12.9499998092651 -6.40000009536743 -4.82000017166138 -6.44999980926514 -8.73999977111817 -5.55000019073486 -10.6199998855591 -12.3199993889907 -12.7399997711182 -11.2700004577637 -9.3100004196167 -10.9700002670288 -9.07999992370605 -8.56999969482422 -8.36999988555908 -8.10999965667725 -7.26000022888184 -6.84000015258789 -6.80000019073486 -6.76999998092651 -6.61999988555908 -6.65999984741211 -7.09000015258789 -7.40999984741211 -7.44999980926514 -7.53999996185303 -7.76000022888184 -7.5 -7.19000005722046 -7.05999994277954 -7.01000022888184 -6.69999980926514 -6.28999996185303 -6.65000009536743 -6.73000001907097 -6.92999982833699 -6.86000013351352 -6.59000015258789 -6.36999988555908 -6.53999996185303 -6.53000020980835
-9999 -9999 -11.960000038147 -12.6300001144409 -10.1000003814697 -11.6400003433228 -8.1899995803833 -4.80000019073486 -7.30000019073486 -9.23999952006164 -10.0799999237061 -9.67000007629395 -11.7600002288818 -11.3900003433228 -9.31999969482422 -9.84000015258789 -9.09000015258789 -8.6899995803833 -8.40999984741211 -8.10999965667724 -7.01999998092652 -6.67999982833862 -6.59999990463257 -6.53000020980835 -6.34999990495899 -6.42999982817675 -6.69000005722046 -6.8600001335144 -7.25 -7.42999982833862 -7.44999980926514 -7.32000017166138 -7.09999990463257 -7.09000015258789 -7.07000017166138 -6.6399998664856 -6.46999979019165 -6.40000009536743 -6.38999986648559 -6.36999988555908 -6.26999998092651 -6.19000005722046 -5.92999982833862 -5.73000001907349 -5.51999998092651
-9999 -9999 -10.210000038147 -8.88000011444092 -9.86999988555908 -11.039999961853 -10.4699999473993 -4.84999990463257 -4.34999990463257 -8.72999954223633 -6.26999998092651 -7.57000017166138 -10.5100002288818 -10.75 -8.69999980926514 -8.5600004196167 -8.46000003814697 -8.55000019073486 -8.25 -8.0600004196167 -6.96999979019165 -6.67000007629395 -6.59999990463257 -6.44000005722046 -6.25 -6.36999988555908 -6.6399998664856 -6.67999982833862 -6.65999984741211 -6.6100001335144 -6.78999996185303 -6.96999979019165 -6.96000003814697 -6.73000001907349 -6.53000020980835 -6.38000011444092 -6.42000007629395 -6.30999994277954 -6.23000001907349 -5.82000017166138 -6.1100001335144 -6.07000017166138 -5.8600001335144 -5.61000013351441 -5.09000015258789
-9999 -9999 -9.35000038146973 -7.8600001335144 -8.52000045776367 -12.1099996566772 -9.64000034332276 -7.19000005722046 -3.53999996185303 -8.10000038146973 -8.19999980926514 -8.85999965667725 -7.94999980926514 -11.7700004488466 -11.960000038147 -7.78999996185303 -8 -8.35999965667725 -8.13000011444092 -7.82000017166138 -6.92999982833862 -6.76000022888184 -6.65999984741211 -6.44999980926514 -6.21999979019165 -6.26999998092651 -6.30999994277954 -6.3899998664856 -6.17999982833862 -6.11999988555908 -6.15000009536743 -6.28000020980835 -6.40999984741211 -6.21000003814697 -5.90000009536743 -5.80000019073486 -6.30999994277954 -5.73000001907349 -5.59999990463257 -5.59999990463257 -5.69000005722046 -5.76999998092651 -5.84000015258789 -5.28000020980835 -4.8600001335144
-9999 -9999 -4.70999870332569 -7.19000005722046 -10.7399997711182 -9.25 -8.89000034332275 -7.65999984741211 -3.45000004768372 -5.76000022888184 -8.80000011532916 -5.03000020980835 -6.96000003814697 -9.13000011444092 -9.59000015258789 -8.13000011444092 -8.22000026702881 -8.30000019073486 -8.14999961853027 -7.67000007629395 -7.03000020980835 -7.01999998092651 -6.82999992370606 -6.55000019073486 -6.38999986648559 -6.15000009536743 -6.15999984741211 -6.1100001335144 -6.01999998092651 -5.84000015258789 -5.1100001335144 -5.61999988555908 -5.63000011444092 -5.63000011444092 -5.61999988555908 -5.55999994277954 -5.07999992370605 -5.26999998092651 -5.01000022888184 -5.15000009536743 -5.30999994277954 -5.26999998092651 -4.57000017166138 -4.8600001335144 -4.80000019073486
