SnowAccumulation_R/test/tmin/final_tmin_07_04_2009.asc
NCOLS 97 
NROWS 69 
XLLCORNER 52512.810182332 
YLLCORNER 5316225.2758522 
CELLSIZE 10000 
NODATA_value -9999 
[rows 0 to 19 of 69, columns 45 to 89 of 97]
-9999 -9999 -9999 -9999 -9999 -9999 -9999 -9999 -9999 -9999 -9999 -9999 -9999 -9999 -9999 -9999 -9999 -9999 -9999 -9999 -9999 -9999 -9999 -9999 -9999 -9999 -9999 -9999 -9999 -9999 -9999 -9999 -9999 -9999 -9999 -9999 -9999 -9999 -9999 -9999 -6.05999994277954 -6.34000015258789 -6.59000015258789 -6.78000020980835 -6.86999988555908
-9999 -9999 -9999 -9999 -9999 -9999 -9999 -9999 -9999 -9999 -9999 -9999 -9999 -9999 -9999 -9999 -9999 -9999 -9999 -9999 -9999 -9999 -9999 -9999 -9999 -9999 -3.75 -3.69000005722046 -3.67000007629395 -3.65000009536743 -3.55999994277954 -3.51999998092651 -3.57999992370605 -3.85999989509583 -4.17000007629394 -4.5 -4.84999990463257 -5.23999968106302 -5.42999982833862 -5.88000002449855 -6.19999980926514 -6.51999998092651 -6.78000020980835 -6.90999984741211 -7.07999992370606
-2.09999990463257 -1.44000005722046 -0.920000016689301 -1.13999998569489 -1.51999998092651 -1.80999994277954 -2.16000008583069 -2.53999996185303 -2.92000007629394 -3.09999990463257 -3.5 -3.84999990463257 -4.17999982833862 -4.46999979019165 -4.57999992374211 -4.69999980926514 -4.80000019073486 -4.78999996185303 -4.67000007629395 -4.51999998092651 -4.44000005709156 -4.28000020980835 -4.1399998664856 -4.01000022888184 -3.89000010643187 -3.80999994296777 -3.76999998092651 -3.71000003814697 -3.70000004768372 -3.74000000953674 -3.69000005722046 -3.60999989509583 -3.64000010490417 -3.9300000667572 -4.25 -4.59000015258789 -4.94000000028375 -5.11999988555908 -5.52000009543554 -5.98999977111816 -6.34999990463257 -6.69999980926514 -6.84999990463257 -7.11999988555908 -7.34000015258789
-2.27999997138977 -1.75 -1.25999999046336 -1.25999999046326 -1.54999995231628 -1.79999995231628 -2.15000009536743 -2.55999994277954 -2.75999999047145 -3.15000009536743 -3.47000002861023 -3.86999988555908 -4.17000007629395 -4.40000009536743 -4.46000003814697 -4.5 -4.51999998092651 -4.65999984741211 -4.59999990463257 -4.48000001907349 -4.40000009536743 -4.26000022888184 -4.13000011444092 -4.01000022829281 -3.91000008583069 -3.86999988555908 -3.79999995231628 -3.75 -3.74000000953674 -3.78999996185303 -3.75999999285942 -3.73000001907349 -3.80999994277954 -4.05000019073486 -4.36000013351441 -4.69999980926514 -4.86999988555908 -5.23999988681057 -5.75 -6.13000011444092 -6.51000022888184 -6.69000005722046 -7.05000019073486 -7.34999990463257 -7.6100001335144
-2.23000001907349 -1.78999996185303 -1.62000000476837 -1.5900000333786 -1.62000000476837 -1.85000002384186 -2.17000007629395 -2.5699999332428 -2.78999996186161 -3.21000003814697 -3.50999999046326 -3.80999994277954 -4.07999992370606 -4.30000019073486 -4.34000015258789 -4.42999982833862 -4.5 -4.55000019073486 -4.51000022888184 -4.46999979009662 -4.34999990463257 -4.21999979019165 -4.05999994277954 -3.97000002861023 -3.91000008585348 -3.88000011444092 -3.83999991416931 -3.79999995231628 -3.78999996185303 -3.83999991416931 -3.86999988555908 -3.86999988555908 -3.98000001907349 -4.19999980926514 -4.48000001907349 -4.65000009536743 -5.02000006987002 -5.51000022888184 -5.88000011444092 -6.28000020980835 -6.66999989905951 -6.8600001335144 -7.23999977111816 -7.59000015258789 -7.84999990463257
-2.22000002861023 -1.92999994754791 -1.79999995231628 -1.83000004291534 -1.87000000476837 -1.96000003814697 -2.26999998092651 -2.67000007629395 -2.82999992370605 -3.22000002861023 -3.53999996185303 -3.83999991416931 -4.09000015258789 -4.15999984744207 -4.28999996185303 -4.38000011444092 -4.42999982833862 -4.38000011444092 -4.3899998664856 -4.38000011444092 -4.28999996031914 -4.1100001335144 -4.01000022888184 -3.94000005722046 -3.92000007629394 -3.90000009536743 -3.88000011444092 -3.86999988555908 -3.86999988555908 -3.88000011444092 -3.94000005722046 -4.01000022888184 -4.13000011444092 -4.32999992370605 -4.59999988214537 -4.76000022888184 -5.21999979019165 -5.6100001335144 -6.01000022888184 -6.40999971199654 -6.6100001335144 -7.01000022888184 -7.42000007629394 -7.80999994277954 -8.1199995864893
-2.04999995231628 -1.96000003814697 -1.95000004768373 -2.01999998092651 -2.01999998092651 -2.13000011444092 -2.47000002861023 -2.84999990463257 -3.00999999046326 -3.25999999046326 -3.61999988555908 -3.86999988555908 -4.03000020980835 -4.09999990466644 -4.19000005722046 -4.30000019073486 -4.28999996185303 -4.26000022888184 -4.28000020896871 -4.15999984741211 -4.15000009536743 -4.05000019073486 -3.96000003814697 -3.91000008583069 -3.91000008583069 -3.92000007629395 -3.92000007629395 -3.94000005722046 -3.96000003814697 -3.98000001907349 -4.03999996185303 -4.13000011444092 -4.26999998092651 -4.46999979019165 -4.59000015258789 -4.96999979019165 -5.32000017166138 -5.69999980926514 -6.1100001335144 -6.30999994277954 -6.71999979019165 -7.13000011444092 -7.55999994277954 -7.98999977111816 -8.19999980926514
-1.82000005245209 -2.00999999046326 -2.0699999332428 -2.13000011444092 -2.14000010490417 -2.33999991416931 -2.58999991416931 -2.91000008583069 -3.04999995231628 -3.29999995231628 -3.60999989509583 -3.91000008583069 -3.99000000953674 -4.03000020980835 -4.03999996185303 -4.15000009536743 -4.17000007574093 -4.1399998664856 -4.15000009536743 -4.1100001335144 -4.05999994277954 -3.99000000953674 -3.89000010490417 -3.88000011444092 -3.90000009536743 -3.95000004768372 -3.98000001907349 -4.01999998092651 -4.03999996185303 -4.09999990463257 -4.15999984741211 -4.26999998092651 -4.40000009536743 -4.48000001907349 -4.80000019073486 -5.07000017166138 -5.42000007629395 -5.80000019073486 -6.01000022888184 -6.40000009536743 -6.80999994277954 -7.23000001907349 -7.65999984741211 -7.88000011444092 -8.32999992370605
-1.74000000953674 -2.07999992370605 -2.15000009536743 -2.17000007629395 -2.28999996185303 -2.46000003814697 -2.6800000667572 -2.89000010490417 -2.98000001907349 -3.10999989509583 -3.30999994277954 -3.90000009536743 -3.82999992370605 -3.86999988555908 -3.9300000659911 -3.90000009536743 -4 -4.05999994277954 -4.09000015258789 -4.07999992370605 -4.03999996185303 -3.96000003814697 -3.82999992370605 -3.85999989509583 -3.92000007629395 -3.99000000953674 -4.05000019073486 -4.11000013322847 -4.1399998664856 -4.21000003814697 -4.30000019073486 -4.40000009536743 -4.53000020401284 -4.73999977111816 -4.90999984741211 -5.15000009536743 -5.51999998092651 -5.9099997764398 -6.1100001335144 -6.5 -6.90000009536743 -7.28000020980835 -7.48000001907349 -7.8899998664856 -8.33999989605993
-2.03999996185303 -2.09999990463257 -2.07999992370605 -2.14000010490418 -2.23000001907349 -2.5 -2.58999991416931 -2.58999991416972 -2.61999988555908 -2.61999988555908 -2.88000011444092 -3.28999996185303 -3.35999989447623 -3.22000002861023 -3.54999995231628 -3.79999995231628 -3.91000008583069 -3.96000003820694 -4.05000019073486 -4.09999990463257 -4.03999996185303 -3.97000002861023 -3.94000005718291 -3.92000007629395 -3.97000002861023 -4.05000019073486 -4.11999988555908 -4.15999984741211 -4.23999977111816 -4.32999992370605 -4.42999982833862 -4.55000019073486 -4.76000022888184 -4.90000009536743 -5.03999996185303 -5.25 -5.65000009536743 -5.84999990463257 -6.23999977111816 -6.57999992370605 -6.94999980926514 -7.28999978339792 -7.48000001907349 -7.85999993526393 -8.06999969482422
-1.96000003814697 -1.92999994754791 -1.80999994277954 -1.89999997615814 -2.00999999046326 -2.3199999332428 -2.29999995231628 -2.2200000286086 -2.01999998085806 -1.87000000456842 -1.10000002384186 -1.97000002861023 -2.33999991426918 -2.9300000667572 -3.38000011444092 -3.73000001907349 -4.01000022888184 -4.01999998092651 -4.07000017166138 -4.1399998664856 -4.05999994277954 -4 -3.99000000953674 -3.99000000953674 -4.03999996185303 -4.11999988555908 -4.19999980910542 -4.25 -4.34999990463257 -4.46000003814697 -4.57000017166138 -4.86999988124073 -4.94000005722046 -5.09000015258789 -5.26999998092651 -5.5 -5.67000007629395 -6.03999996185303 -6.36999988555908 -6.69999980926514 -6.98999977111816 -7.1399998664856 -7.44999980926514 -7.63999986648559 -7.88000011444092
-1.66999995708466 -1.58000004291434 -1.47000002860925 -1.42999994754586 -1.54999995231428 -1.77999997138064 -1.24000000953674 -1.17999994754791 -1.01999998092651 -0.569999992847443 -0.360000014305115 -1.51999998092651 -1.96000003814697 -2.74000000953674 -3.23000001907349 -3.6800000667572 -4.05000019073486 -4.15999984741211 -4.17999982833862 -4.21999979019165 -4.13000011444092 -4.05999994277954 -4.03000020980835 -4.01999998092651 -4.09000015258789 -4.17999982833862 -4.23999977111816 -4.34000015258789 -4.46000003814697 -4.57999992370605 -4.86999988555908 -4.94999980926514 -5.13000011444092 -5.32000017166138 -5.51999998092651 -5.78000018048656 -5.92000007629395 -6.26000022888184 -6.55999994277954 -6.82000017166138 -6.94999980926514 -7.15999984741211 -7.32999992370605 -7.51999998092651 -7.7099998714748
-1.12999999523163 -0.730000019073486 -0.620000004768345 -0.620000004768371 -0.740000009536743 -0.670000016689301 -0.879999995231628 -0.870000004768372 -0.889999985694885 -0.720000028610229 -0.680000007152557 -1.42999994754791 -1.80999994277954 -2.51999998092651 -3.1800000667572 -3.69000005722046 -3.92000007645737 -4.25 -4.36999988555908 -4.36999988555908 -4.28000020980835 -4.23000001889756 -4.1100001335144 -4.07999992370605 -4.1100001335144 -4.21000003814697 -4.30000019073486 -4.42999982833862 -4.55999995939572 -4.82999992370605 -4.92000007629395 -5.1100001335144 -5.32000017166138 -5.53999996185303 -5.76000022888184 -5.90999984741211 -6.21000003814697 -6.51000022888184 -6.78000020980835 -6.97999984474061 -7.05999994277954 -7.19000015264023 -7.26999998092651 -7.42000007629395 -7.51000022888184
-0.709999978542328 -0.330000013113022 -0.209999993443489 -0.370000004768372 -0.490000009536743 -0.569999992847443 -0.790000021457672 -0.889999985694885 -0.769999980926514 -0.740000009536743 -1.12999999523163 -1.55999994277954 -1.87999999523163 -2.52999997138977 -3.16000008583069 -3.74000000953674 -3.99000000973028 -4.38000011444092 -4.57000017166138 -4.55999994277954 -4.42000007629395 -4.34000015258789 -4.19000005722046 -4.11999988555908 -4.15999984741211 -4.21000003814697 -4.3600001335144 -4.51000023551468 -4.73999977111816 -4.94000005722046 -5.03999996185303 -5.26000022888184 -5.48999977111816 -5.73999977111816 -5.88000011444092 -6.17999982833862 -6.5 -6.80999994277954 -7 -7.07999992370605 -7.21000033600027 -7.3899998664856 -7.30000019073486 -7.34000015258789 -7.48999977111816
-0.140000000596046 -0.0299999993294477 0.00999999977648258 -0.00999999977648258 -0.46000000834465 -0.800000011920929 -0.990000009536743 -0.980000019073486 -0.959999978542328 -1 -1.27999997138977 -1.39999997619518 -1.92999994754791 -2.64000010490417 -3.23000001907349 -3.76999998092651 -4.01999998092651 -4.53000020980835 -4.75 -4.63000011444092 -4.5599999426093 -4.3600001335144 -4.19000005722046 -4.13000011444092 -4.17999982833862 -4.25 -4.4099998495142 -4.59999990463257 -4.80999994277954 -4.92000007629395 -5.15000009536743 -5.3899998664856 -5.65000009536743 -5.94999980926514 -6.1100001335144 -6.42000007629395 -6.76999998092651 -7.05999994277954 -7.19999980926514 -7.34000015258789 -7.76000022888184 -7.65999984741211 -7.57000021582505 -7.55999994277954 -7.57000017166138
0.319999992847443 0.370000004768372 0.280000001192093 0.0299999993294477 -0.519999980926514 -0.930000007152557 -1.16999995708466 -1.22000002861023 -1.3400000333786 -1.35000002384186 -1.50999999046326 -1.66999995708466 -2.11999988555908 -2.64000010490418 -3.14000010490417 -3.69000005722046 -4.03999996185303 -4.61999988555908 -4.92999982833862 -4.67000007629395 -4.53999996185303 -4.34000015258789 -4.19999980926514 -4.1399998664856 -4.19000005722046 -4.26000022888184 -4.36999988555908 -4.6100001335144 -4.82999992370606 -4.94999980926514 -5.21999979019165 -5.48999977111816 -5.78999996185303 -5.94999980926514 -6.28999996185303 -6.65999984741211 -7.01999998092651 -7.38000005899977 -7.5 -8.02999973297119 -8.06999969482422 -7.96999979019165 -7.90999984741211 -7.78999996185303 -7.69999980926514
0.779999971389771 0.709999978542328 0.550000011920929 -0.239999994635582 -0.910000026226044 -1.26999998092651 -1.41999995708581 -1.5900000333786 -1.73000001907349 -1.72000002861023 -1.79999995231628 -1.89999997615814 -2.22000002861023 -2.64000010490417 -3.08999991416931 -3.31999993340633 -3.86999988555908 -4.48000001907349 -4.75 -4.51999998092651 -4.40000009536743 -4.25 -4.1399998664856 -4.09999989860682 -4.01999998092651 -4.17000007629394 -4.34000015258789 -4.59999990463257 -4.82999992238202 -4.96999979019165 -5.26000022888184 -5.57000017166138 -5.90000009536743 -6.07999992370605 -6.44999980926514 -6.84999990463257 -7.26000022888184 -7.46999979019165 -8.13000011444092 -8.39000034332275 -8.38000011444092 -8.31999969482422 -8.18000030517578 -8.01000022888184 -7.84999990463257
1.25999999046326 1.05999994277954 0.680000007152557 -0.5 -1.39999997615814 -1.69000005722046 -1.82000005245324 -1.94000005722046 -2.05999994277954 -2.11999988555908 -2.17000007629395 -2.1800000667572 -2.32999992370605 -2.63000011444092 -3 -3.19000005722046 -3.5699999332428 -4.01000022888184 -4.23000001907349 -4.34000015253025 -4.21000003814697 -4.01000022888184 -3.98999999930908 -3.84999990463257 -3.90000009536743 -4.05000019073486 -4.26000022888184 -4.53999996185303 -4.67000007629395 -4.96000003814697 -5.28999996185303 -5.63000011444092 -5.80000019073486 -6.17000007629395 -6.57999992370605 -7.01000022888184 -7.46999958177393 -7.69999994665712 -8.38000011444092 -8.77000045776367 -8.65999989194851 -8.57999992370605 -8.40999984741211 -8.21000003814697 -8.0100003892021
1.14999997615814 1 0.540000021457672 -0.540000021457672 -1.54999995231628 -1.88999998569489 -2.08999991417109 -2.34999990463257 -2.39000010490417 -2.38000011444092 -2.48000001907349 -2.44000005722046 -2.46000003814697 -2.58999991416931 -2.88000011444092 -3.01999998092651 -3.26999998092651 -3.5 -3.58999991416931 -3.64000010490417 -3.91000007078391 -3.47000002861023 -3.5699999332428 -3.60999989522394 -3.75 -3.96000003814697 -4.17999982833862 -4.46000003766124 -4.6100001335144 -4.94000005722046 -5.28999996185303 -5.65999984741211 -5.84000015258789 -6.23000001907349 -6.65000009536743 -7.1100001335144 -7.36000016064371 -7.92999982833862 -8.47000026702881 -8.88000011444092 -8.86999988555908 -8.75 -8.59000015258789 -8.39000034332276 -8.28999996185303
0.560000002384186 0.589999973773956 0.330000013113022 -0.540000021457672 -1.4099999666214 -2.17000007629394 -2.44000005722046 -2.79999995231628 -2.6800000667572 -2.64000010490417 -2.63000011444206 -2.58999991416931 -2.59999990463257 -2.64000010490417 -2.77999997138977 -2.88000011444092 -3 -3.20000004768372 -3.20000004533539 -2.98000001907349 -2.85999989509583 -2.83999991416931 -3.22000002861023 -3.40000009536743 -3.60999989509583 -3.84999990463257 -4.09999990463257 -4.23000001907349 -4.53000020980835 -4.90000009536743 -5.28999996185303 -5.48000001907349 -5.84000015258789 -6.23999977111816 -6.67999982833862 -6.90999982474048 -7.3600001335144 -7.88000011444092 -8.36999988555908 -8.57999992370605 -8.78999996185303 -8.80000019073486 -8.71000003814697 -8.64000034332275 -8.43000030517578
