SnowAccumulation_R/test/tmin/final_tmin_30_04_2009.asc
NCOLS 97 
NROWS 69 
XLLCORNER 52512.810182332 
YLLCORNER 5316225.2758522 
CELLSIZE 10000 
NODATA_value -9999 
[rows 20 to 39 of 69, columns 45 to 89 of 97]
-7.23000001907349 -6.92000007629395 -6.82000017166138 -6.67000007629395 -6.6399998664856 -6.6100001335144 -6.65000009536743 -6.57999992370605 -6.48999977111816 -6.30000019073486 -6.23999977111365 -6.11999988555908 -5.8899998664856 -5.82000017166138 -5.78000020976982 -5.69000005722046 -5.65999984711711 -5.53000020980835 -5.36999988555908 -5.32000017166138 -5.21000003814697 -5.03000020980835 -4.82999992370605 -4.80999994277954 -4.82000017166138 -4.8600001335144 -4.96999979019165 -5.07999992370606 -5.17999982833862 -5.05999994277954 -4.78000020980835 -4.71000003814697 -4.44999980926514 -4.26000022888184 -3.98999995766583 -3.80999994277954 -3.46000003814697 -3.08999991416931 -2.75999999046326 -2.53999996185303 -2.1800000667572 -2.64000010490417 -3.32999992370605 -3.58999991416931 -4
-7.69000005722046 -7.23000001907349 -7.09999990463257 -6.8899998664856 -6.73999977111816 -6.75 -6.76999998092651 -6.69999980926514 -6.65000009536743 -6.46999979019165 -6.36999988555908 -6.19000005722046 -5.82000017166138 -5.86999988555908 -5.80999994275712 -5.71999979019165 -5.57999992370606 -5.46000003814697 -5.3699998854277 -5.25 -5.13999986648559 -4.98000001907349 -4.84999990437179 -4.75 -4.71999979019165 -4.78000020980835 -4.82999992371084 -4.98999977111816 -5.15999984741211 -5.03000020980835 -4.88000011444092 -4.69999980926514 -4.40999984741211 -4.15000005632154 -3.95000004768372 -3.64000010490417 -3.36999988555908 -3.05999994277954 -2.90000009536743 -2.54999995231628 -2.3199999332428 -2.74000000953674 -3.0699999332428 -3.65000009536743 -4.01999998092651
-8.02000045776367 -7.51000022888184 -7.30999994277954 -7.01000022888184 -6.88000011444092 -6.71000003814697 -6.6399998664856 -6.76999998092651 -6.69000005722046 -6.53999996185303 -6.42000007629395 -6.2300000191703 -6.01999998105022 -5.98000001907349 -5.88000011444092 -5.75 -5.61000013351441 -5.42000007629395 -5.34000015258789 -5.19999980926514 -5.1399998664856 -4.94999980926514 -4.78999996185303 -4.65999984741211 -4.61999988555908 -4.67999982833862 -4.71000003814697 -4.84000015258789 -4.96999979019165 -4.86999988555908 -4.76999998092651 -4.53000020980835 -4.28000014547296 -3.90000009536743 -3.78999996185303 -3.54999995231628 -3.3199999332428 -3.07999992370606 -2.96000003814697 -2.74000000953674 -2.72000002861023 -3.0399998192923 -3.30999994277954 -3.85999989509582 -4.09000017400119
-8.1899995803833 -7.78999996185303 -7.53000020980835 -7.11999988555908 -6.88999986648559 -6.6399998664856 -6.67999982833862 -6.6700000763109 -6.65999984742517 -6.6399998664856 -6.55000019073486 -6.36999988555908 -6.15999984741211 -6.05000019073486 -5.92000007629394 -5.82000017166138 -5.67999982833862 -5.53000020980835 -5.44000005722046 -5.23000001907349 -5.07000017166138 -4.8600001335144 -4.75 -4.55999994277954 -4.51000022888184 -4.51999998092651 -4.51000022888184 -4.6100001335144 -4.6100001335144 -4.59000015270188 -4.51000022888184 -4.30000013538293 -3.90000009536743 -3.74000004102583 -3.65000009536743 -3.50999999046326 -3.34999990463257 -3.27999997138977 -3.08999991416931 -2.97000002861023 -3.02999997138977 -3.15000009536743 -3.51999998092651 -3.95999998293326 -4.07999992370605
-8.35999965667725 -7.84999990463271 -7.710000038147 -7.3800001144411 -7.40999984741211 -7.19999980926514 -7.1399998664856 -7.11999988555908 -6.92000007629395 -6.76999998092651 -6.6399998664856 -6.40000009536743 -6.23000001907349 -6.07000017166138 -6.01999998092651 -5.82999992370605 -5.76000022888184 -5.61999988555908 -5.51999998092651 -5.34000015258789 -5.05999994277954 -4.94999980881219 -4.6399998664856 -4.44999980926514 -4.3600001335144 -4.32999992361113 -4.26000022888184 -4.30000019073486 -4.23999977111816 -4.23999977111816 -4.19999974269806 -3.85999989509583 -3.75 -3.69000005722046 -3.55999994277954 -3.45000004768372 -3.39000010490417 -3.34999990463257 -3.23000001907349 -3.1800000667572 -3.26999994391701 -3.35999989509583 -3.64000010490417 -3.90000009536743 -3.97000002861023
-8.68000030517578 -8.18000030517601 -8.01000022888184 -7.65999984741211 -7.57000017166138 -7.42999982833862 -7.34000015258789 -7.21999979019165 -7.01000022888184 -6.82999992370605 -6.71000003814697 -6.5 -6.32000017166138 -6.1799998283031 -6.01999998092651 -5.80999994277954 -5.71999979019165 -5.69000005722046 -5.61999988555908 -5.38000011444092 -5.13000011444092 -4.88000011444092 -4.63999986648559 -4.32999992370606 -4.15999984741211 -4.1100001335144 -3.99000000953674 -3.94000005722046 -3.88000011444092 -3.52999997138977 -3.59999990463257 -3.72000002861023 -3.68000006762809 -3.64000010490417 -3.5 -3.42000007629395 -3.40000009536743 -3.41000008583069 -3.34999990463257 -3.34999990463257 -3.38000011444092 -3.52999997138977 -3.75 -3.85999989509573 -3.92000007629395
-8.82999992370605 -8.46000003814697 -8.36999988555908 -7.96999979019165 -7.69999980926514 -7.63999986648559 -7.5 -7.28999996185303 -7.09999990463257 -6.96999979018341 -6.75 -6.53999996185303 -6.34000015258789 -6.21999979016001 -6.03000020980835 -5.76999998092651 -5.55999994277954 -5.51999998092651 -5.51000022888184 -5.3600001335144 -5 -4.80999994277954 -4.46999979019165 -4.19000005722046 -3.9300000667572 -3.8199999332428 -3.69000005722046 -3.58999987121086 -3.20000004768372 -3.25999999046326 -3.30999994277954 -3.6800000667572 -3.71000003814697 -3.70000004768372 -3.55999994277954 -3.44000005722046 -3.42000007629395 -3.46000003814697 -3.4300000667572 -3.48999999792338 -3.52999997138977 -3.70000000916885 -3.76999998092651 -3.78999996185303 -3.90000009536743
-8.98999977111816 -8.61999988555927 -8.47000026702881 -8.10000038146973 -7.88000011444092 -7.82999992370565 -7.63000011444092 -7.32999992370605 -7.1100001335144 -7.01999998092036 -6.73999977111816 -6.55999994277954 -6.36000013351441 -6.25 -6.07999992370606 -5.84999990463257 -5.71000003814697 -5.53999996185303 -5.42999982833862 -5.23999977111816 -4.90000009536743 -4.73000001907349 -4.36999988555908 -4.03000020980835 -3.82999992311748 -3.52999997138977 -3.33999988012743 -2.82999992370606 -2.83999991416931 -2.96000003814697 -3.0699999332428 -3.35999989509583 -3.45000004768372 -3.5699999332428 -3.57999992370605 -3.54999995231628 -3.50999999046326 -3.52999997138977 -3.54999995231628 -3.55999994277954 -3.63000020515407 -3.75999999046326 -3.75000000794756 -3.75999999046326 -3.88000011444092
-8.97000026702881 -8.63000011444095 -8.39000034332275 -8.01000022888184 -7.96999979019165 -7.96999979019088 -8.4399995803833 -7.40000009536743 -7.11999988555908 -7 -6.71000003814697 -6.53999996185303 -6.34999990463257 -6.25 -6.03999996185303 -5.94999980926514 -5.84999990463257 -5.69999980926514 -5.25 -5.09000015258789 -4.98000001871281 -4.67999982833862 -4.28000020980835 -3.85999989509582 -3.66000008583069 -3.00999999046326 -2.55999994277954 -2.47000002861023 -2.51999998092651 -2.71000003814697 -2.84999990463257 -2.91000008583069 -3.19000005722046 -3.42000007629395 -3.49000000953674 -3.50999999046326 -3.60999989509583 -3.55999994277954 -3.63000010885832 -3.66000015322639 -3.75 -3.73000001907349 -3.72000002861023 -3.75 -3.80999994277954
-8.72000026702881 -8.38000011444097 -8.14000034332275 -7.76000022888184 -7.71999979019165 -7.78999996185278 -8.14999961853027 -7.28999996185303 -7.07999992370605 -7 -6.73999977111816 -6.48000001907349 -6.32000017166138 -6.25 -6.03000020980835 -5.94999980926514 -5.92000007624197 -5.69999980926514 -5.30000019073486 -5.01999998092651 -4.88000011444092 -4.63000011444092 -4.13000011444092 -3.6400000937704 -3.1800000667572 -2.84999990463257 -2.28999996185303 -2.0999999046964 -2.32999992370605 -2.57999992370605 -2.6800000667572 -2.72000002861023 -2.98000001907349 -3.21000003814697 -3.35999989039606 -3.41000008583069 -3.63000011444092 -3.57999992370605 -3.5899998408535 -3.67000007629395 -3.71000003814697 -3.69000006314699 -3.67000007629395 -3.6800000667572 -3.6800000667572
-8.47000026702881 -7.98999977111816 -7.75 -7.28000020980835 -7.38000011444092 -7.84999990463257 -7.92000007629395 -7.13000011444092 -7.01000022888184 -6.96999979019165 -6.67000007629395 -6.38999986648559 -6.25 -6.23000001907349 -6.09000015258789 -5.90000009536743 -5.8600001335144 -5.6100001335144 -5.3899998664856 -5 -4.76999998092651 -4.3899998664856 -3.61999988555908 -3.39000010418343 -3 -2.69000005722046 -2.26999998092651 -2.03999996185303 -2.17000007629395 -2.41000008583069 -2.52999997088974 -2.55999994277954 -2.77999997138977 -3.01999998092651 -3.10999989509583 -3.24000000953674 -3.54999995231628 -3.52999988513433 -3.32999992370605 -3.46000003814697 -3.5699999332428 -3.59999990463257 -3.57999992370605 -3.51999998092651 -3.49000000953674
-7.82000017166138 -7.57000017166138 -7.09999990463257 -6.28999996185303 -6.6399998664856 -7.78999996185303 -7.98999977111816 -6.90000009536743 -6.86999988555908 -6.78000020980835 -6.69000005722046 -6.34999990463257 -6.23000001906262 -6.19999980926514 -6.01000022888184 -5.82999992370605 -5.75 -5.38000011444092 -5.25 -4.73999977111816 -4.51000022478913 -3.88000011444092 -3.38000011444092 -3.16000008583069 -2.88000011444092 -2.59999990463257 -2.29999995231628 -2.07999992370606 -1.94000005722046 -2.23000001907349 -2.30999994277954 -2.42000007629395 -2.58999991416931 -2.82999992370605 -2.9300000667572 -3.0699999332428 -3.3199999332428 -3.21000003814697 -3.14000010490417 -3.24000000953674 -3.3900000743553 -3.40000009536743 -3.4300000667572 -3.3199999332428 -3.25999999046326
-7.13000011444092 -6.80999994277954 -6.46999979019165 -5.78000020980835 -6.40999984741211 -7.03999996185303 -7.34000015258789 -6.65999984741211 -6.6399998664856 -6.6399998664856 -6.63000011444092 -6.32000017166138 -6.15999984738767 -6.03999996185303 -5.86999988555908 -5.71999979019165 -5.6100001335144 -5.34999990463257 -5.03999995944966 -4.57000017115492 -4.1100001335144 -3.59999990463257 -3.19000005722046 -3.01999998092651 -2.83999991416931 -2.60999989509583 -2.52999997086851 -2.14000010490417 -1.87999999523163 -2.02999997138977 -2.11999988555908 -2.23000001907349 -2.38000011444092 -2.50999999046326 -2.74000000953674 -2.90000009536743 -2.89000010490417 -2.96000003814697 -2.94000005722046 -3 -3.0699999332428 -3.17000007629394 -3.4300000667572 -3.09000003765874 -3.03999996185303
-6.94999980926514 -6.6399998664856 -6.40999984741211 -6.26000022888184 -6.40000009536743 -6.69999980926514 -6.94000005722046 -6.55999994277954 -6.44999980926514 -6.44999980926514 -6.42000007629395 -6.21000003814697 -6.03999996185303 -5.94000005722046 -5.71000003814697 -5.53999996185303 -5.40999984620456 -4.80000019073486 -4.69999980926514 -4.44999980926514 -3.92000007629395 -3.45000004768372 -3.14000010490418 -2.99000000953674 -2.6800000667572 -2.30999994277954 -2.15000009536743 -1.88999998569489 -1.75 -1.79999995215628 -1.87000000476837 -2.03999996185303 -2.20000004768372 -2.34999990463257 -2.60999989509582 -2.57999992370606 -2.5699999332428 -2.72000002861023 -2.73000001907349 -2.74000000953674 -2.76999998092651 -2.90000009536743 -3 -2.97000002861023 -2.76999998092651
-6.8800001144408 -6.6399998664856 -6.36000013351441 -6.17999982833862 -6.09999990462954 -5.8600001335165 -6.67000007629395 -6.32000017166138 -6.19999980926397 -6.28999996185303 -6.25 -6.07000017166138 -5.90999984741211 -5.86999988514669 -5.55999994231481 -5.21000003803712 -4.90000009536743 -4.5 -4.26000022888184 -4.19000005722046 -3.59999990463257 -3.38000011444092 -3.36999988473926 -2.92000007629395 -2.50999999046326 -1.99000000953674 -1.82000005245209 -1.66999995708466 -1.5900000333786 -1.62000000476837 -1.72000002861023 -1.8400000333786 -1.9900000075742 -2.11999980581146 -2.11999988555908 -2.36999988555908 -2.44000005722046 -2.49000000953674 -2.51999998092651 -2.50999999046326 -2.49000000953674 -2.5699999332428 -2.64000008507231 -2.66000008583069 -2.52999997138977
-6.82999992370605 -6.6399998664856 -6.40000009536743 -6.01999998092651 -5.44999980926639 -5.86000013351329 -6.26000022887206 -6.11999988555908 -6.11999988555507 -6.1100001335144 -6.09000015251157 -5.88999986643237 -5.75 -5.57000017166138 -5.05000019073486 -4.86000013340423 -4.55999994277954 -4.21999979019165 -3.94000005722046 -3.79999995231628 -3.35999989509583 -3.29999995231628 -3.25 -2.77999997138977 -2.36999988555908 -2.01999999384722 -1.80999994277954 -1.61000001430512 -1.5 -1.58000004291534 -1.66999995708466 -1.73000001907349 -1.75999997129519 -1.8400000333786 -1.87000000476837 -2.06999992089585 -2.1800000667572 -2.21000003814697 -2.24000000953674 -2.26999998092651 -2.23000001907349 -2.25 -2.30999994277954 -2.34999990463257 -2.26999998092651
-6.63000011444092 -6.19999980926514 -5.78999996185303 -5.76000022888184 -5.73999977111816 -5.76999998092651 -5.84000015258789 -5.76000022888235 -5.82000017166256 -5.86999988555908 -5.86000013351441 -5.6399998664856 -5.53000020980835 -5.26999998092651 -4.96999979019165 -4.69999980926514 -4.42000007629395 -3.96000003814697 -3.81999993333286 -3.64000010490417 -3.23000001907349 -3.13000011444092 -3.15000009536743 -2.5699999332428 -2.10999989509583 -1.99000000953674 -1.75999999046326 -1.58000004291534 -1.47000002861023 -1.5900000333786 -1.62999999523163 -1.62999997727646 -1.55999994277954 -1.71000003814697 -1.77999997138977 -1.78999996185303 -1.83000004291534 -1.92999994754791 -1.96000003814697 -1.95000004768372 -2 -1.92999994754791 -1.94000005722046 -2.01999998092651 -1.91999999708802
-6.25 -6.21999979019165 -5.80000019073486 -5.76999998092651 -5.76000022888184 -5.78000020980835 -5.82000017166138 -5.71999979019165 -5.73000001907349 -5.71999979019165 -5.6399998664856 -5.51000022888184 -5.3899998664856 -5.15000009536743 -4.82999992370605 -4.61999988555908 -4.09000015258789 -3.76999998092651 -3.67000007623965 -3.48000001907349 -3.14000010490417 -2.83999991416931 -2.83999991416931 -2.38000011444092 -2.1800000667572 -1.91999995708466 -1.51999998092651 -1.4099999666214 -1.37000000476837 -1.53999996185303 -1.57000003782082 -1.47000002861023 -1.45000004768372 -1.50999999046326 -1.62999999523163 -1.6599999666214 -1.62999999523163 -1.60000002384186 -1.6599999666214 -1.67999994754791 -1.69000005722046 -1.71000003814697 -1.75 -1.71999970526638 -1.6299999270053
-6.67999982833862 -5.86999988555908 -5.53000020980835 -5.5 -5.46999979019165 -5.3899998664856 -5.76000022888184 -5.61000013351441 -5.63000011444092 -5.59999990463257 -5.44000005722046 -5.36000013349994 -5.21000003814697 -4.98999977111816 -4.65999984741211 -4.46999979019165 -4.1399998664856 -3.6800000667572 -3.46000003814697 -3.23000001907349 -2.9300000667572 -2.70000004687395 -2.36999988555908 -2.1800000667572 -1.76999998092651 -1.62999999523163 -1.51999998092651 -1.57000005245209 -1.72000002861023 -1.52999998027641 -1.37999999523163 -1.37999999523163 -1.3400000333786 -1.37000000476837 -1.3400000333786 -1.46000003814697 -1.42999994754791 -1.32000005852626 -1.32000005245209 -1.38999998569489 -1.38999998569489 -1.42999994754791 -1.46999973808351 -1.35000002384186 -1.37000000476837
-6.38000011444092 -6.28999996185303 -5.63000011444092 -5.6399998664856 -5.59999990463257 -5.57000017166138 -5.55999994277954 -5.48999977111816 -5.44999980926514 -5.42000007629395 -5.28000020980835 -5.1300001144246 -4.96999979019165 -4.76999998092651 -4.46999979019165 -4.30999994277954 -4.01000022888184 -3.53999996185303 -3.35999989509583 -3.11999988555908 -2.8199999332428 -2.60999989509583 -2.3199999332428 -2.03999996185303 -1.82000005215656 -1.87999999523163 -1.86000001430511 -1.73000000847601 -1.54999995231628 -1.5900000333786 -1.45000004768372 -1.44000005722046 -1.4099999666214 -1.22000002861023 -1.19000005722046 -1.19000005722046 -1.23000001907349 -1.17999994754791 -1.12000000476837 -1.0900000333786 -1.12000000476837 -1.25 -1.08000004291534 -1.11999998275209 -1.14999997615814
