SnowAccumulation_R/test/tmin/final_tmin_18_04_2009.asc
NCOLS 97 
NROWS 69 
XLLCORNER 52512.810182332 
YLLCORNER 5316225.2758522 
CELLSIZE 10000 
NODATA_value -9999 
[rows 0 to 19 of 69, columns 0 to 45 of 97]
-9999.000000000000000 -9999 -9999 -9999 -9999 -9999 -9999 -9999 -9999 -9999 -9999 -9999 -9999 -9999 -9999 -9999 -9999 -9999 -9999 -9999 -9999 -9999 -9999 -9999 -9999 -9999 -9999 -9999 -9999 -9999 -9999 -9999 -9999 -9999 -9999 -9999 -9999 -9999 -9999 -9999 -9999 -9999 -9999 -9999 -9999 -9999
-9999 -9999 -9999 -9999 -9999 -2.3199999332428 -2.76999998092651 -2.88000011444092 -2.9300000667572 -2.25999999046326 -2.05999994277954 -1.49000000953674 -0.89999987695138 0.28999999165535 0.180000007152557 0.430000007152557 0.9200000166893 1.14999997615814 1.23000001972616 -9999 -9999 -9999 -9999 -9999 -9999 -9999 -9999 -9999 -9999 -9999 -9999 -9999 -9999 -9999 -9999 -9999 -9999 -9999 -9999 -9999 -9999 -9999 -9999 -9999 -9999 -9999
-9999 -9999 -9999 -9999 -9999 -3.01999998092651 -3.14000010490418 -2.91000008583069 -2.6800000667572 -1.92999994754791 -1.62000000476837 -0.610000014305115 0.0599999986588955 0.0799999928339138 0 0.610000014305115 0.889999985694885 1.00999999046326 1.1599999666214 1.42999992947116 1.60000002384186 1.82000005245209 2.08999991416931 2.4300000667572 2.57999992370605 2.86999988555908 3.07999992370606 3.20000004768372 3.21000003814697 2.98000001907349 2.94000005722046 3.20000004768372 3.67000007629395 3.66000008583069 3.5 3.29999995231628 3.17000007629395 3.04999995231628 2.89000010490417 2.72000002861023 2.48000001907349 2.21000003814699 2.07999992370605 1.66999995708466 1.26999998092651 0.990000009536743
-9999 -9999 -9999 -9999 -9999 -2.52999997138977 -2.23000001907349 -2.29999995231628 -2.19999993716387 -1.37000000476837 -1.0900000333786 -0.939999997615814 -0.200000002980232 -0.189999997615814 -0.140000000596046 0.340000003576279 0.649999976158142 0.769999980926514 0.910000026226044 0.939999997821629 1.16999995708466 1.5900000333786 1.98000001907349 2.39000010490418 2.71000003790388 2.84999990463257 3.03999996185303 3.08999991416931 2.94000005722046 2.45000004768372 2.29999995231628 2.55999994277954 3.14000010490418 3.40000009536743 3.34999990463257 3.20000004768372 3.13000011444092 3.02999997138977 2.85999989509583 2.71000003814697 2.42000007629395 2.00000000000022 1.72000002861023 1.22000002861023 0.860000014305115 0.730000019073486
-9999 -9999 -9999 -9999 -9999 -2.24000000953674 -2.0699999332428 -1.78999990043222 -1.49000000953674 -1.34999997838798 -0.949999988079071 -0.720000028610229 -0.46000000834465 -0.109999999403954 0.0800000042820581 0.430000007152557 0.610000014305115 0.680000007152557 0.639999985694885 0.879999995231628 1.07000005245209 1.49000000953674 1.92999994872711 2.38000011444092 2.72000002861023 2.84999990463257 3.01999998092651 3.05999994277954 2.82999992370605 2 1.42999994756116 1.87999999523163 2.84999990463257 3.22000002861023 3.23000001907349 3.13000011444092 3.07999992370606 3.03999996185303 2.86999988555908 2.74000000953674 2.4300000667572 1.82000005245209 1.47000002861023 0.790000021457672 0.370000004768372 0.25
-9999 -9999 -9999 -9999 -9999 -2.11999988555908 -1.95000004768372 -1.70000004768372 -1.36000000696106 -1.04999995231628 -1.23000001907349 -1.11000001430511 -0.819999992847443 -0.360000014305115 0.159999996423721 0.419999986886978 0.769999980926514 0.800000011920929 0.280000001192093 0.790000021457672 1.02999997138977 1.48000001907349 1.97000002861023 2.49000000953674 2.75 2.94000005708441 3.01999998092651 3.14000010490417 3.08999991416931 2.11999988555908 0.9200000166893 1.79999995231628 3.09999990463257 3.17000007629395 3.15000009536743 3.03999996185303 2.98000001907406 2.98000001907349 2.88000011444092 2.74000000953674 2.34999990463257 1.5900000333786 1.21000003814697 0.419999986886978 -0.0199999995529652 0
-9999 -9999 -9999 -9999 -9999 -2.26999998092651 -2.22000002861023 -1.89999997615814 -1.99000000953674 -1.4900002910889 -1.64999997615814 -1.62999999523163 -1.37999999523163 -0.779999971389771 -0.140000000596046 0.439999997615814 0.689999997615814 1.05999994277954 0.490000009536743 0.850000023841858 1.22000002853118 1.39999997615814 1.88999998569489 2.48000001907349 2.74000000953674 2.89000010200781 2.97000002861023 3.27999997138977 3.58999991416931 2.90000009536743 2.27999997138977 2.46000003814697 3.02999997138977 3.11999988555908 3.07999992370606 2.96000003814697 2.90000009536743 2.90000009536743 2.77999997138977 2.60999989509583 2.25999999046326 1.5 1.0900000333786 0.379999995231628 -0.0299999993294477 -0.0599999986588955
-9999 -9999 -9999 -9999 -9999 -2.40000009536743 -2.25999997732535 -2.17000007629394 -2.38000011444092 -2.51999998092651 -1.91999998755235 -2.04999997052529 -2.26999998092651 -1.54999995231628 -0.430000007152557 0.319999992847443 0.629999996834039 0.810000002384186 0.660000026226044 0.889999985694885 1.08000004291534 1.13999998569489 1.64999997615814 2.27999997138977 2.55999994277954 2.46000003814697 2.42000007629395 3.24000000690073 3.63000011444092 3.32999992370605 2.86999988555908 2.89000010488839 2.95000004768372 3.00999999046326 3.02999997138977 2.91000008583069 2.82999992370634 2.82999992370605 2.53999996185303 2.15000009536743 1.74000000953674 1.19000005722046 0.959999978542328 0.349999994039536 -0.00999999977648258 -0.0399999991059303
-9999 -9999 -9999 -9999 -9999 -2.57999992370605 -2.5 -2.25 -2.51999998092651 -2.44000005722046 -2.10999989509583 -1.93999997756537 -1.79999995231628 -1.22000002861023 -0.479999989271164 0.300000011920929 0.660000026226044 0.670000016689301 0.419999986886978 0.119999997317791 0.170000001788139 0.899999975483665 1.3400000333786 2.08999991416931 2.4300000667572 2.4300000667572 2.55999994255529 2.96000003814697 3.32999992370605 3.27999997111727 3.02999997138977 2.95000004768372 2.96000003814697 3.01999998092651 3.02999997138977 2.9300000667572 2.78999996185303 2.71000003814697 2.24000000953674 1.5900000333786 1.14999997615814 0.769999980926514 0.629999995231629 0.270000010728836 0.0599999986588955 -0.0199999995529652
-9999 -9999 -9999 -9999 -9999 -2.92000007629394 -2.75 -2.50999999046326 -2.61999988555908 -2.66000008583069 -2.33999991416931 -1.87000000476837 -1.40999989627101 -0.730000019073486 -0.270000010728836 0.270000010728836 0.730000019073486 0.68000000599444 0.100000001490116 -0.920000016689301 -1.04999995231628 0.540000021457672 1.25 2.0699999332428 2.49000000953674 2.74000000953674 3.04999995231628 3.29999995231628 3.35999989509583 3.15000009536743 2.95000004768372 2.97000002861023 2.97000002861023 3.04999995231628 3.0699999332428 2.98000001907349 2.76999998092651 2.59999990463257 2.0699999332428 1.37999999523163 0.860000014305115 0.560000002384186 0.419999986886971 0.330000013113022 0.180000007152557 0.119999997317791
-9999 -9999 -9999 -9999 -9999 -3.79999995231628 -2.96000003814697 -2.91000008583069 -2.92000008094764 -2.85999989509583 -2.6800000667572 -2.1800000667572 -1.08000004291534 -0.610000022742261 -0.140000000596046 0.349999994039536 0.910000026226044 0.670000016689301 0.0399999991059303 -1.14999997615814 -1.67999994754791 1.07000005245209 1.91999995632344 2.24000000953674 2.69000005722046 3.02999997138977 3.22000002861023 3.30999994277954 3.29999995231628 3.13000011444092 2.97000002861023 2.97000002861023 2.97000002861023 3.0699999332428 3.10999989508875 3.03999996185883 2.79999995231628 2.55999994277954 1.9099999666214 1.46000003814697 0.660000026226044 0.340000003576279 0.230000004172325 0.129999995231628 0 -0.0199999995529652
-9999 -9999 -9999 -9999 -4.3600001335144 -4.30000019073486 -3.72000002861023 -3.25 -3.21000003814697 -3.1800000667572 -3.00999999046326 -2.75999999046326 -1.92999994754791 -0.810000002384186 -0.200000060067392 0.409999996423721 0.97000002861023 0.759999990463257 0.200000002546416 -0.370000004768372 -0.0299999993294477 1.73000001907349 2.25 2.44000005722046 2.80999994277954 3.09999990463257 3.25999999046326 3.29999995231628 3.25999999046326 3.13000011444092 3.01999998092651 3.01999998092651 3.04999995231843 3.03999996185303 2.97000002861023 2.9300000667572 2.60999989509583 2.27999997138977 1.62999999522471 0.600000023839343 0.159999996422231 0.0299999993284233 -0.0599999986592418 -0.0799999982118839 -0.280000001192093 -0.280000001192093
-9999 -9999 -9999 -9999 -4.86999988555908 -4.46000003814697 -3.85999989509582 -3.41000008583069 -3.44000005722046 -3.26999984935297 -2.89000010490417 -2.69000005722046 -2.19000005722046 -0.899999976158142 -0.680000007152557 -0.150000011487142 0.680000007152557 0.569999992847443 0.300000011920929 0.239999994635582 0.699999988079071 1.54999995231628 2.19000005722046 2.4300000667572 2.84999990463257 3.11999988555908 3.27999997138977 3.27999997138977 3.24000000953674 3.15000009536743 3 2.94000005722046 3.05999994277093 2.94000005722046 2.88000011444092 2.70000004768372 2.3199999332428 1.62999999523753 1.25 0.419999986886978 -0.0399999991059303 -0.150000005960464 -0.180000007152557 -0.259999990463257 -0.490000009536743 -0.529999971389771
-9999 -9999 -9999 -9999 -5 -4.46999979019165 -3.99000000953674 -3.51999998092651 -3.01999998092651 -2.76999998092651 -2.76999998092651 -2.48000001907349 -1.85000002384186 -1.20000004768372 -0.529999971389771 -0.219999998807907 0.129999995231628 0.419999986886978 0.370000004768372 0.419999986886978 0.810000006514135 1.44000005722046 1.55999994277954 1.76999998092651 2.86999988555908 3.15000009536743 3.3199999332428 3.27999997138977 3.22000002861023 3.07999992370605 2.90000009536743 2.80999994277954 2.77999997138977 2.73000001907349 2.71000003814697 2.52999997138977 2.14000010490417 1.52999997139491 1.23000001907349 0.540000021457672 0.0599999986588955 -0.0199999995529652 -0.100000001490177 -0.239999994635582 -0.720000028610229 -0.509999990463257
-9999 -9999 -9999 -9999 -5.46000203342652 -4.19999980926514 -4.44999978026953 -4.19999980926514 -3.3199999332428 -2.52999997138977 -2.36999988555908 -2.23000001907349 -1.82000005245209 -1.30999994277954 -0.740000009536743 -0.629999995231628 -0.219999998807907 -0.140000000596046 0.239999985256699 0.509999990463257 0.879999995231628 1.44000005722046 1.60000002384186 1.85000002384186 2.96000003814697 3.33999991416931 3.39000010490417 3.23000001907349 3.08999991425411 2.96000003814697 2.6800000667572 2.45000004768372 2.46000003814697 2.5 2.52999997138977 2.41000008583069 2.03999996185303 1.50999999046753 1.25 0.689999997615814 0.230000004172325 0.230000004172325 0.219999998807901 0.159999996423721 -0.0399999991059303 -0.400000005960464
-9999 -9999 -9999 -9999 -6.80000019073486 -4.47000011563394 -4.61999988555908 -4.19999980926514 -3.48000001907349 -2.75999999046326 -2.27999997138977 -2.21000003814697 -1.73000001907349 -1.37000000476837 -0.899999976158142 -0.509999990463257 -0.379999995231628 -0.170000001788139 -0.0299999993294477 1.04999995231628 1.48000001907349 0.960000014761579 1.1599999666214 2.63000011320776 2.63000011444092 3.53999996185303 3.45000004768372 3.25999999046326 3.03999996185303 2.90000009536743 2.45000004768372 2.03999996185303 1.78999996185303 2.00999999046326 2.3199999332428 2.3199999332428 1.98000001907349 1.57000005245209 1.35000002384186 0.829999983310699 0.519999980926514 0.589999973773956 0.469999998807907 0.479999989271164 0.230000004172325 -0.100000001490116
-9999 -9999 -9999 -9999 -6.40000009536743 -7.3600001335144 -5.58999996650444 -4.83999996254551 -3.69000005722046 -3.19000005722046 -2.54999995231628 -2.14000010490417 -1.87999999523163 -1.37000000476837 -0.829999983310699 -0.519999980926514 -0.319999992847443 -0.129999995231628 0.800000011920929 1.19000005722046 1.3400000333786 1.76999998092651 2.67000007479786 2.75999999046326 3.36999988430561 3.60999989509583 3.49000000953674 2.6800000667572 2.27999997138977 2.82999992370606 2.41000008583069 1.9099999666214 1.60000002384186 1.71000003813426 1.9099999666214 1.99000000953674 1.87000000476837 1.71000003814697 1.54999995231628 1.0900000333786 0.819999992847443 0.899999976158142 0.860000014305167 0.720000028610229 0.319999992847443 0.0700000002980232
-9999 -9999 -9999 -9999 -7.09999990463257 -6.71999979019165 -6.92000007629395 -5.32999949900737 -3.75 -3.3199999332428 -3.01999998092651 -2.26999998092651 -1.999999977075 -1.20000004768372 -0.75 -0.439999997615814 -0.360000013764365 -0.189999997615814 0.430000007152557 0.930000007152557 1.32000005245209 1.8799999933654 2.75999999113358 2.9300000667572 3.02999997138977 2.74000000953674 3.47000002861023 2.86999988555908 2.75 2.55999994277954 1.38999998569489 0.889999985694885 0.629999995231628 0.430000007152557 1.50999999046326 1.66999995708466 1.85000002384186 1.96000003814697 1.80999994277954 1.48000001907349 1.27999997138977 1.17999994754791 1.04999995231628 0.699999988079071 0.349999994039536 0
-9999 -9999 -9999 -9999 -7.20000040536303 -7.55000019073486 -7.19999980926514 -4.61999988555908 -4.26999998092651 -2.77999997138977 -2.95000004768372 -1.92999994754791 -1.36000001430511 -1.07000005245209 -0.8299999833107 -0.280000001192093 -0.180000007152557 -0.189999998262443 0.509999990304533 1.17999994754791 1.76999997952469 2.15000009536743 2.77999997138977 3 3.14000010490417 3.19000005722046 3.11999988555908 3.09999990463257 2.91000008583069 2.54999995231628 1.96000003814697 1.36000001430511 1.17999994754791 0.930000007152557 1.33000004291534 1.27999997138977 2.02999997138977 2.3199999332428 2.14000010490417 1.75999999046326 1.33000004291534 1.19000005722046 1.0900000333786 0.649999976158142 0.46000000834465 0.209999993443489
-9999 -9999 -9999 -9999 -7.6399998664856 -7.96000003814697 -7.23999977111816 -6.23999977111816 -2.50999999046326 -2.51999998092651 -2.6800000667572 -2.25 -1.8400000333786 -1.17999994754791 -0.419999986886978 -0.189999997615814 -0.0199999995529652 -0.280000001192093 0.360000014305115 1.28999996185303 1.73000001907349 2.73000001907349 2.98000001907349 2.81999993498084 3.22000002861023 3.3199999332428 3.42000007629394 3.09999990463257 2.94000005722046 2.63000011444092 2.66000008583069 2.00999999046326 1.5 1.14999997615814 1.26999998092651 1.29999995231628 2.05999994277954 2.44000005722046 2.30999994277954 1.86000001430511 1.21000003814697 0.870000004768371 0.870000004768372 0.649999976158142 0.540000021457672 0.560000002384186
