SnowAccumulation_R/test/tmin/final_tmin_08_04_2009.asc
NCOLS 97 
NROWS 69 
XLLCORNER 52512.810182332 
YLLCORNER 5316225.2758522 
CELLSIZE 10000 
NODATA_value -9999 
[rows 0 to 19 of 69, columns 46 to 91 of 97]
-9999 -9999 -9999 -9999 -9999 -9999 -9999 -9999 -9999 -9999 -9999 -9999 -9999 -9999 -9999 -9999 -9999 -9999 -9999 -9999 -9999 -9999 -9999 -9999 -9999 -9999 -9999 -9999 -9999 -9999 -9999 -9999 -9999 -9999 -9999 -9999 -9999 -9999 -9999 -8.52999973297119 -8.61999988555908 -8.67000007629395 -8.65999984741211 -8.64999961853027 -8.60000038146972 -9999
-9999 -9999 -9999 -9999 -9999 -9999 -9999 -9999 -9999 -9999 -9999 -9999 -9999 -9999 -9999 -9999 -9999 -9999 -9999 -9999 -9999 -9999 -9999 -9999 -9999 -7.28000020980835 -7.30999994277954 -7.3899998664856 -7.3899998664856 -7.21000003814697 -7.07999992370605 -7.11000013351441 -7.28999996185303 -7.46000003814697 -7.67000007629395 -7.8899998664856 -8.1700000087527 -8.28999996185303 -8.36999994552066 -8.5 -8.60999965667725 -8.67000007629395 -8.69999980926514 -8.68000030517578 -8.64000034332275 -9999
-3.96000003814697 -4.1399998664856 -4.11999988555908 -4.09999990463257 -4.21999979019165 -4.3899998664856 -4.63999986648559 -5 -5.23000001907349 -5.67999982833862 -6.19000005722046 -6.69000005722046 -7.17999982833862 -7.40999984752029 -7.78999996185303 -7.98999977111816 -8.02000045776367 -7.94999980926514 -7.84999990463257 -7.80000019067042 -7.71999979019165 -7.59000015258789 -7.46999979019165 -7.36000012587594 -7.15999984760034 -7.13000011444092 -7.1399998664856 -7.26000022888184 -7.38000011444092 -7.26000022888184 -7.07999992370605 -7.03999996185303 -7.21000003814697 -7.38000011444092 -7.59000015258789 -7.78999993171003 -7.90000009536743 -8.18000020211738 -8.28999996185303 -8.44999980926514 -8.61999988555908 -8.67000007629395 -8.72999954223633 -8.76000022888184 -8.72000026702881 -9999
-3.99000000953674 -4.11999988555905 -4.13000011444092 -4.11999988555908 -4.21999979019165 -4.36000013351441 -4.57999992370605 -4.73999977112518 -5.15000009536743 -5.67999982833862 -6.15999984741211 -6.65000009536743 -7.09999990463257 -7.30999994277954 -7.6100001335144 -7.80000019073486 -7.84000015258789 -7.78000020980835 -7.69000005722046 -7.65999984741211 -7.57999992370606 -7.5 -7.34999989874242 -7.15000009536743 -7.09999990463257 -7.03000020980835 -6.98000001907349 -7.09000015258789 -7.26000022888184 -7.150000100639 -7.01999998092651 -6.98000001907349 -7.17000007629395 -7.32999992370605 -7.55000019073486 -7.63999986648559 -7.8499998949918 -8.0600004196167 -8.26000022888184 -8.44999980926514 -8.52999973297119 -8.6899995803833 -8.77000045776367 -8.85999965667725 -8.84000015258789 -9999
-4.03999996185303 -4.05000019073486 -4.05000019073486 -4.09000015258789 -4.13000011444092 -4.25 -4.44999980926514 -4.59000015259491 -5 -5.57999992370606 -6.13000011444092 -6.61000013351441 -7 -7.17000007629395 -7.42999982833862 -7.59000015258789 -7.63000011444092 -7.59000015258789 -7.55000019067151 -7.46000003814697 -7.40000009536743 -7.17000007629394 -7.11999988555908 -6.98000001911906 -6.96000003814697 -6.90999984741211 -6.88000011444092 -6.92000007629395 -7.07999992370605 -7.13000011444092 -7 -6.98999977111816 -7.13000011444092 -7.28000020980835 -7.40000009536743 -7.67999977982409 -7.84999990463257 -8.05000019073486 -8.26000022888184 -8.45999994952954 -8.53999996185303 -8.71000003814697 -8.85999965667725 -8.89999961853027 -8.89999967253342 -9999
-3.99000000953674 -3.98000001907349 -3.94000005722046 -3.91000008583069 -3.96000003814697 -4 -4.15999984741211 -4.34999990463257 -4.80999994277954 -5.42999982833862 -6.03000020980835 -6.51000022888184 -6.7100000382069 -7.01000022888184 -7.23000001907349 -7.3600001335144 -7.44999980926514 -7.42000007629394 -7.34999990463257 -7.24999999412009 -6.98999977111816 -6.96999979019165 -6.96000003814697 -6.90999984741211 -6.80999994277954 -6.80999994277954 -6.80999994277954 -6.78999996185303 -6.82000017166138 -6.92999982833862 -6.94999980926514 -6.96999979019165 -7.07999992370605 -7.24999998962131 -7.34000015258789 -7.51999998092651 -7.78000020980835 -8.02000045776367 -8.2399997034107 -8.34000015258789 -8.52999973297119 -8.72999954223633 -8.90999984741211 -8.98999972839493 -8.97999954223633 -9999
-3.90000009536743 -3.89000010490416 -3.76999998092651 -3.71000003814697 -3.6800000667572 -3.61999988555908 -3.71000003814697 -3.88000011444092 -4.51000022888184 -5.25 -5.94999980926514 -6.42999982833862 -6.59999990467773 -6.84999990463257 -7.01000022888184 -7.15000009536743 -7.23999977111816 -7.23000001563399 -7.01999998092651 -6.84999990463257 -6.76999998092651 -6.73000001907349 -6.80000019073486 -6.84000015258789 -6.69000005722046 -6.69999980926514 -6.71999979019165 -6.73999977111816 -6.73999977111816 -6.78999996185303 -6.84999990463257 -6.92999982833862 -7.05999994277954 -7.13000011444092 -7.21000003814697 -7.44000005722046 -7.69000005722046 -7.96000003814697 -8.0600004196167 -8.30000019073486 -8.51000022888184 -8.72000026702881 -8.93000030517578 -9.02000045776367 -9.10000038146973 -9999
-3.79999995231628 -3.74999999999991 -3.57999992370605 -3.46000003814697 -3.33999991416931 -3.23000001907349 -3.24000000953674 -3.40000009536743 -4.11999988555908 -5.07000017166138 -5.92999982833862 -6.34999990463257 -6.46999979019165 -6.67000007629395 -6.80000019073486 -6.92000007449663 -6.71999979019165 -6.73999977111816 -6.78000020980835 -6.73999977111816 -6.55000019073486 -6.51999998092651 -6.55999994284506 -6.71000003814697 -6.57999992370605 -6.59000015258789 -6.6399998664856 -6.67000007629395 -6.71000003814697 -6.71000003814697 -6.82000017166138 -6.86000013351441 -6.90999984741211 -6.96999979019165 -7.1399998664856 -7.38000011444092 -7.61999988555908 -7.75 -7.98999977111816 -8.25 -8.48999977111816 -8.69999980926514 -8.8100004196167 -9.01000022888184 -9.11999988555908 -9999
-3.72000002861023 -3.59999990463257 -3.33999991416931 -3.16000008583069 -3.03999996185303 -2.86999988555908 -2.74000000953674 -2.80999994277954 -3.76999998092651 -4.8899998664856 -5.98000001907349 -6.19999980926514 -6.26999998092651 -6.42000007543208 -6.26000022888184 -6.38999986648559 -6.48999977111816 -6.51999998092651 -6.55999994277954 -6.53000020980835 -6.42000007629395 -6.32000017166138 -6.38000011444092 -6.53999996185303 -6.51999998092651 -6.51999998092651 -6.5599999423983 -6.59999990463257 -6.67000007629395 -6.71000003814697 -6.75 -6.78000020815249 -6.76999998092651 -6.90000009536743 -7.05000019073486 -7.28999996185303 -7.55000014217483 -7.67999982833862 -7.94000005722046 -8.21000003814697 -8.42000007629394 -8.52000045776367 -8.69999980926514 -8.91999974280858 -8.86999988555908 -9999
-3.61999988555908 -3.4300000667572 -3.05999994277954 -2.94000005722046 -2.82999992370606 -2.73000001907349 -2.69000005722005 -2.78999996185303 -3.58999991416931 -4.57000017166138 -5.46000003814697 -5.71999978951662 -5.55000019073486 -5.76999998092651 -5.92999982833862 -6.13000011444092 -6.21000003819495 -6.28999996185303 -6.30000019073486 -6.38999986648559 -6.42999982833862 -6.36000013342053 -6.28999996185303 -6.42999982833862 -6.44999980926514 -6.5 -6.48999977111816 -6.51000022888184 -6.57000017166138 -6.6399998664856 -6.69999980926514 -6.67999982833862 -6.73999977111816 -6.82999992370606 -6.96000003814697 -7.23000001907349 -7.36999988555908 -7.65000009536743 -7.8600001335144 -8.13000011444092 -8.31999958576856 -8.42000007629395 -8.62999985010765 -8.60000038146973 -8.57999992370605 -8.5600004196167
-3.32999992370605 -3.17000007629394 -2.91000008583069 -2.86999988555908 -2.8199999332428 -2.79999995231628 -2.80999994278056 -3.01999998094188 -3.54999995230313 -3.98000001907349 -4.53999996185303 -4.78000020985303 -5.15000009536743 -5.40999984741211 -5.59999990463257 -5.71000003814697 -5.86000013351441 -6.03999996185303 -6.09000015258789 -6.26000022888184 -6.36999988555908 -6.38000011444092 -6.42999982833862 -6.3899998664856 -6.38000011444092 -6.44000005718053 -6.44999980926514 -6.46999979019165 -6.53000020980835 -6.59999990463257 -6.65000009320826 -6.69000005722046 -6.73999977111816 -6.84000015258789 -6.96999979019165 -7.07999992370605 -7.36999988555908 -7.57999992370605 -7.82999992370606 -8.02999973297119 -8.14999961853027 -8.35000038146973 -8.35000038146973 -8.39999961853027 -8.38000011444092 -8.28999996185303
-2.85999989509471 -2.82999992370507 -2.83999991416871 -2.97000002861065 -3.02999997139466 -3.34999990463257 -3.33999991416931 -3.29999995231628 -3.49000000953674 -3.75 -4.25 -4.48000001907349 -4.80999994277954 -5.1100001335144 -5.30000019073486 -5.40000009536743 -5.48000001907349 -5.75 -5.8600001335144 -6.07000017166138 -6.23999977111816 -6.30999994277954 -6.46000003814697 -6.44000005722046 -6.42000007629394 -6.3600001335144 -6.40000009536743 -6.46000003814697 -6.48999977111816 -6.55000019073486 -6.59000015258789 -6.69999980926514 -6.76000022888184 -6.86000013351441 -7.01000020737917 -7.07999992370605 -7.3600001335144 -7.57000017166138 -7.80000019073486 -7.90999984741211 -8.06999969482422 -8.14000034332275 -8.22000026702881 -8.2100000566665 -8.17000007629395 -8.05000019073486
-2 -2.0899999141695 -2.58999991416931 -3.11999988555908 -3.74000000953674 -3.55999994277954 -3.5 -3.34999990463257 -3.4300000667572 -3.70000004768372 -4.07999992370605 -4.26999998092651 -4.61999988555908 -4.84000015258789 -5.01999998092651 -5.07999992378296 -5.21000003814697 -5.42000007629395 -5.6100001335144 -5.80999994277954 -5.9000000956753 -6.15000009536743 -6.32999992370605 -6.44000005722046 -6.48000001907349 -6.34999990463257 -6.34999990463257 -6.44000004891233 -6.44999980926514 -6.48000001907349 -6.57999992370605 -6.67999982833862 -6.76999998092651 -6.84000015258789 -6.94999980926514 -7.15999984741211 -7.3899998664856 -7.59000015258789 -7.76999982402651 -7.8600001335144 -7.99999988867655 -8.05000019073486 -8.10000038146972 -8.06999969482422 -7.96000003814697 -7.80999994277954
-1.83000004291534 -2.05999994277954 -2.5 -3.04999995231628 -3.54999995231628 -3.5 -3.40000009536743 -3.46000003814697 -3.53999996185303 -3.61999988555908 -3.96000003814697 -4.11999988555908 -4.42999982833862 -4.65000009536743 -4.78000020980835 -4.84000015265563 -4.96999979019165 -5.11999988555908 -5.32999992370605 -5.57999992370605 -5.69999980926514 -5.98000001907349 -6.17999982833862 -6.30999994277954 -6.30999994277954 -6.26000022888184 -6.26999997031392 -6.32000017166138 -6.40000009536743 -6.48000001907349 -6.55999994277954 -6.6399998664856 -6.73000001907349 -6.78999996185303 -7 -7.23000001907349 -7.46000003814697 -7.55999994277954 -7.61999988555908 -7.80999987508593 -7.84999990463257 -7.96999979019165 -7.96999979019165 -7.90999984741211 -7.75 -7.57000017166138
-1.69000005722046 -1.92999994754791 -2.47000002861023 -2.82999992370605 -3.08999991416931 -3.19000005722046 -3.26999998092651 -3.35999989509583 -3.50999999046326 -3.63000011444092 -3.81999993326925 -4.07999992370605 -4.26000022888184 -4.46999979019165 -4.63000011444092 -4.71000003814697 -4.73999977111816 -4.92999982833862 -5.21000003814697 -5.32000017191674 -5.6100001335144 -5.8899998664856 -6.07999992370605 -6.17999982833862 -6.17000007629395 -6.11000011985082 -6.09999990463257 -6.19999980926514 -6.28999996185303 -6.44000005722046 -6.48999977111816 -6.55999994277954 -6.75 -6.84999990463257 -6.98999977111816 -7.23000001907349 -7.40000009536743 -7.5 -7.59999990463257 -7.76999998092651 -7.80000019073486 -7.84000014154671 -7.82000017166138 -7.73999977111816 -7.55000019073486 -7.34000015258871
-1.61000001430511 -1.8400000333786 -2.30999994277954 -2.63000011444092 -2.83999991416931 -2.96000003814697 -3.01999998092651 -3.10999989509583 -3.35999989509583 -3.61999988555908 -3.74000000953674 -3.99000000953674 -4.23000001907349 -4.48000001907349 -4.63000011444092 -4.59999990463257 -4.57000017166138 -4.73999977111816 -5.09000015258789 -5.26000022888184 -5.51999998092651 -5.73999977111816 -5.92999982833862 -6.01000022888184 -5.82000017166138 -6 -5.94999980926514 -6.09999990463257 -6.19999980926514 -6.30999994277954 -6.38000011444092 -6.5 -6.57999992370605 -6.78000020980835 -7 -7.19000005722046 -7.44000001717966 -7.48999977111816 -7.59000015258789 -7.69000005722046 -7.73000001907349 -7.73000001907349 -7.67000007629394 -7.57000017166138 -7.3600001335144 -7.25
-1.54999995231628 -1.77999997138977 -2.08999991416931 -2.33999991416931 -2.51999998092651 -2.56999993324343 -2.71000003814697 -2.83999991416931 -3.15000009536743 -3.5 -3.67000007629394 -3.98000001907349 -4.25 -4.48999977111816 -4.59000015265479 -4.67000007629395 -4.59000015258789 -4.67999982833862 -5.09000015258789 -5.25 -5.44999980926514 -5.65000009536743 -5.80999993926451 -5.76000022888184 -5.75 -5.80000019073486 -5.78000020980835 -5.96999978947871 -6.03000020980835 -6.15999984741211 -6.26000022888184 -6.40000009536743 -6.5 -6.71000003814697 -6.94999980926514 -7.17000007629395 -7.28999996185303 -7.42000007629395 -7.53000020980835 -7.59999990463257 -7.61999988555908 -7.61999988555908 -7.53999996185303 -7.42000007629395 -7.32999992370605 -7.09000015258789
-1.50999999046326 -1.69000005722046 -1.92999994754791 -2.08999991416931 -2.1800000667572 -2.22000002861071 -2.40000009536743 -2.59999990463257 -2.89000010490417 -3.27999997138977 -3.51999998092651 -3.95000004768372 -4.28999996185303 -4.55000019073486 -4.65999984741211 -4.82999992370606 -4.86999988555908 -4.98999977111816 -4.96000003830069 -5.21000003814697 -5.53000020980835 -5.61000013637814 -5.65000009536743 -5.65000009536743 -5.67000007629395 -5.67000007629395 -5.65000009536743 -5.71999979019165 -5.84999990463257 -5.98000001907349 -6.1100001335144 -6.19999980926514 -6.42000007629395 -6.67999982833862 -6.92999982833862 -7.11999979494278 -7.22999998674601 -7.40000009536743 -7.48999977111816 -7.5199999745643 -7.53000020980835 -7.51999998092651 -7.42000007629395 -7.28000032203269 -7.19999980926514 -6.96999979019165
-1.42999994754791 -1.54999995231628 -1.75999999046326 -1.83000004291534 -1.87999999523163 -1.89999997615856 -2.02999997138977 -2.3199999332428 -2.71000003814697 -3.05999994277954 -3.33999991416931 -3.88000011444092 -4.34999990463257 -4.63999986648559 -4.76000022888184 -4.96999979019165 -5.13999986648559 -5.3600001335144 -5.42999982833862 -5.26999999226611 -5.61999988555908 -5.57999992370606 -5.59000015261351 -5.55000019073486 -5.48000001907349 -5.48000001907349 -5.4899997708753 -5.51999998092651 -5.6399998664856 -5.78999996185303 -5.96000003814697 -6.07999992370606 -6.38000011444092 -6.61999988555908 -6.84999990463257 -6.96999975628018 -7.1399998664856 -7.30999994277954 -7.40999984741211 -7.44000005722046 -7.46999979019165 -7.42999982833862 -7.32000017166138 -7.26000022888184 -7.09000015258789 -6.86999988555908
-1.32000005245209 -1.44000005722046 -1.54999995231628 -1.55999994277954 -1.48000001907349 -1.48000001907349 -1.60000002384186 -2.03999996185303 -2.47000002861023 -2.70000004770875 -3.22000002861023 -3.75999999046326 -4.32000017166138 -4.71999979019165 -4.84000015258789 -5.07000017166138 -5.21000003814697 -5.48000001860382 -5.57000017166138 -5.90000009536743 -6.09000015258789 -5.71000003814697 -5.53999996185303 -5.40000009536743 -5.28999996185303 -5.23999977111816 -5.26000022888184 -5.28999996185303 -5.40000009536743 -5.57999992370605 -5.69000005722046 -5.98000001907349 -6.28000020980835 -6.51999998092651 -6.67000005362232 -6.84999990463257 -7.05000019073486 -7.21000003814697 -7.26000022888184 -7.3600001335144 -7.38000011444092 -7.34000015258789 -7.28999996185303 -7.15999984741211 -6.98999977111816 -6.78999972872086
