SnowAccumulation_R/test/tmin/final_tmin_23_04_2009.asc
NCOLS 97 
NROWS 69 
XLLCORNER 52512.810182332 
YLLCORNER 5316225.2758522 
CELLSIZE 10000 
NODATA_value -9999 
[rows 20 to 39 of 69, columns 45 to 89 of 97]
-6.32000017166138 -6.17000007629395 -6.11999988555908 -5.92999982833862 -5.78999996185303 -5.44999980926514 -5.32999992370605 -5.07999992370605 -5.23000001907349 -5.05000019073486 -5.03000020981287 -4.98000001907349 -4.65000009536743 -4.71000003814697 -4.71999979013111 -4.51999998092651 -4.42999982763063 -4.21999979019165 -3.95000004768372 -3.94000005722046 -3.9300000667572 -3.75 -2.65000009536743 -2.38000011444092 -1.97000002861023 -1.67999994754791 -1.51999998092651 -1.55999994277954 -1.48000001907349 -1.23000001907349 -0.939999997615814 -1.00999999046326 -0.850000023841858 -0.910000026226044 -0.779999928949902 -0.790000021457672 -0.550000011920929 -0.340000003576279 -0.349999994039536 -0.25 -0.360000014305115 -0.439999997615814 -0.46000000834465 -0.409999996423721 -0.419999986886978
-6.59999990463257 -6.23000001907349 -6.21000003814697 -6.03000020980835 -5.76000022888184 -5.63000011444092 -5.51000022888184 -5.19000005722046 -5.42999982833862 -5.26999998092651 -5.15999984741211 -4.96999979019165 -4.30000019073486 -4.71000003814697 -4.6700000757698 -4.42000007629395 -4.17999982833862 -4.01999998092651 -3.8900001047071 -3.78999996185303 -3.75 -3.48000001907349 -3.02999997014381 -2.42000007629395 -1.97000002861023 -1.72000002861023 -1.63999998568691 -1.51999998092651 -1.42999994754791 -1.17999994754791 -1.07000005245209 -1.1599999666214 -0.939999997615814 -0.809999975052036 -0.720000028610229 -0.439999997615814 -0.360000014305115 -0.230000004172325 -0.200000002980232 -0.150000005960464 -0.259999990463257 -0.330000013113022 -0.28999999165535 -0.270000010728836 -0.310000002384186
-6.82000017166138 -6.38000011444092 -6.21999979019165 -5.94999980926514 -5.96000003814697 -5.6399998664856 -5.3600001335144 -5.55000019073486 -5.40999984741211 -5.26000022888184 -5.07999992370605 -4.86999988568355 -4.63000011453088 -4.61000013351441 -4.46000003814697 -4.32999992370605 -4.15000009536743 -3.84999990463257 -3.74000000953674 -3.60999989509583 -3.69000005722046 -3.30999994277954 -2.85999989509582 -2.35999989509583 -1.99000000953674 -1.83000004291534 -1.69000005722046 -1.57000005245209 -1.38999998569489 -1.22000002861023 -1.1599999666214 -1.03999996185303 -0.869999930782773 -0.529999971389771 -0.449999988079071 -0.239999994635582 -0.119999997317791 -0.0500000007450581 -0.0299999993294477 -0.00999999977648258 -0.119999997317791 -0.120000025829928 -0.119999997317791 -0.119999997317791 -0.209999672236049
-6.76000022888184 -6.71000003814697 -6.42000007629395 -5.86999988555908 -5.73999977111816 -5.63000011444092 -5.61999988555908 -5.26999998095739 -5.23999977113123 -5.15999984741211 -5.03999996185303 -4.86999988555908 -4.6100001335144 -4.57999992370605 -4.3899998664856 -4.34000015258789 -4.19999980926514 -4.01999998092651 -3.90000009536743 -3.57999992370605 -3.41000008583069 -3.02999997138977 -2.77999997138977 -2.27999997138977 -2.04999995231628 -1.85000002384186 -1.66999995708466 -1.57000005245209 -1.28999996185303 -1.21000003826096 -1.12000000476837 -0.879999976780989 -0.509999990463257 -0.290000032141356 -0.200000002980232 -0.0900000035762787 0 0 0.119999997317791 0.180000007152557 0.0900000035762787 0.0599999986588955 0.0500000007450581 0.0100001654177703 0.00999999977648258
-6.82000017166138 -6.59000015258775 -6.5799999237051 -6.19000005721969 -6.11999988555908 -5.86000013351441 -5.78000020980835 -5.84999990463257 -5.44999980926514 -5.28000020980835 -5.07000017166138 -4.75 -4.59999990463257 -4.46000003814697 -4.46000003814697 -4.21000003814697 -4.25 -4.11999988555908 -3.97000002861023 -3.75999999046326 -3.30999994277954 -3.15000009448984 -2.53999996185303 -2.22000002861023 -2.03999996185303 -1.95000004728028 -1.63999998569489 -1.51999998092651 -1.14999997615814 -1.10000002384186 -0.989999983768816 -0.709999978542328 -0.439999997615814 -0.300000011920929 -0.0299999993294477 0.140000000596046 0.159999996423721 0.180000007152557 0.319999992847443 0.389999985694885 0.320000013995764 0.28999999165535 0.209999993443489 0.219999998807907 0.170000001788139
-6.67999982833862 -6.57999992370607 -6.42999982833862 -5.78000020980835 -5.88000011444092 -5.80000019073486 -5.69999980926514 -5.65000009536743 -5.40000009536743 -5.21000003814697 -5.05999994277954 -4.82999992370605 -4.65999984741211 -4.44000005719283 -4.30999994277954 -4.01999998092651 -4.01000022888184 -4.03000020996844 -4.09999990463257 -3.75 -3.40000009536743 -2.91000008583069 -2.65000009536743 -2.17000007629395 -1.97000002861023 -1.88999998569489 -1.60000002384186 -1.37000000476837 -1.02999997138977 -0.819999992847443 -0.75 -0.8299999833107 -0.569999998943682 -0.409999996423721 0.0500000007450581 0.340000003576279 0.419999986886978 0.430000007152557 0.589999973773956 0.620000004768372 0.579999983310699 0.449999988079071 0.479999989271164 0.349999994039668 0.259999990463257
-6.42999982833862 -6.51999998092651 -6.71000003814697 -6.07000017166138 -5.59999990463257 -5.73000001907349 -5.55999994277954 -5.42999982833862 -5.32999992370605 -5.1700000762857 -4.96000003814697 -4.78000020980835 -4.57999992370605 -4.42999982831094 -4.21000003814697 -3.79999995231628 -3.48000001907349 -3.49000000953674 -3.69000005722046 -3.57999992370605 -2.97000002861023 -2.69000005722046 -2.32999992370605 -2.10999989509582 -1.86000001430511 -1.75 -1.58000004291534 -1.27999996121541 -1.07000005245209 -0.889999985694885 -0.649999976158142 -1.1599999666214 -1.05999994277954 -0.740000009536743 -0.140000000596046 0.400000005960464 0.560000002384186 0.680000007152557 0.920000016689301 0.860000029789595 0.790000021457672 0.809999874001198 0.610000014305115 0.540000021457672 0.259999990463257
-6.44000005722046 -6.40000009536743 -6.46999979019165 -6 -5.57999992370605 -5.5199999809264 -5.44000005722046 -5.19999980926514 -5.1100001335144 -5.11999988555703 -4.80999994277954 -4.73000001907349 -4.53999996185303 -4.40999984741211 -4.25 -3.90000009536743 -3.76999998092651 -3.45000004768372 -3.39000010490417 -3.17000007629395 -2.63000011444092 -2.46000003814697 -2.21000003814697 -2.0699999332428 -1.87999999478154 -1.66999995708466 -1.49999999104161 -1.11000001430511 -0.980000019073486 -0.839999973773956 -0.610000014305115 -0.810000002384186 -0.779999971389771 -0.610000014305115 -0.230000004172325 0.0500000007450581 0.540000021457672 0.860000014305115 1.08000004291534 1.1599999666214 1.03000023219036 0.930000007152557 0.730000090601536 0.610000014305115 0.200000002980232
-6.26999998092651 -6.17000007629396 -6.07000017166138 -5.76000022888184 -5.76999998092651 -5.78999996185153 -6.51000022888184 -5.19000005722046 -5.01999998092651 -4.94000005722046 -4.67000007629395 -4.63000011444092 -4.48999977111816 -4.36999988555908 -4.09000015258789 -4.09000015258789 -4.07000017166138 -3.78999996185303 -2.9300000667572 -2.75 -2.58999991367982 -2.29999995231628 -2.19000005722046 -2.02999997138977 -1.92999994754791 -1.69000005722046 -1.32000005245209 -1.11000001430511 -1 -0.860000014305115 -0.579999983310699 -0.409999996423721 -0.46000000834465 -0.430000007152557 -0.0599999986588955 0.129999995231628 0.400000005960465 1.05999994277954 1.33999998871831 1.39000025527791 1.46000003814697 1.08000004291534 0.920000016689301 0.569999992847443 0.200000002980232
-5.96000003814697 -5.94000005722044 -5.96000003814697 -5.65999984741211 -5.51999998092651 -5.65999984741117 -6.28000020980835 -4.88999986648559 -4.8899998664856 -4.92999982833862 -4.71000003814697 -4.48999977111816 -4.42000007629394 -4.3600001335144 -4.05999994277954 -4.09000015258789 -4.13000011443052 -3.80999994277954 -3.07999992370605 -2.66000008583069 -2.47000002861023 -2.30999994277954 -2.13000011444092 -1.91999994980488 -1.75 -1.80999994277954 -1.29999995231628 -1.01999998096198 -1.08000004291534 -1 -0.589999973773956 -0.319999992847443 -0.25 -0.129999995231628 0.159999983107712 0.370000004768372 0.409999996423721 1.17999994754791 1.46000025809459 1.8400000333786 1.53999996185303 1.09000016376232 0.920000016689301 0.529999971389771 0.25
-6.67000007629395 -6.09999990463257 -6.13000011444092 -6.34000015258789 -6.26999998092651 -6.07000017166138 -5.94000005722046 -4.67999982833862 -4.84999990463257 -4.98000001907349 -4.61000013351441 -4.28000020980835 -4.26999998092651 -4.34999990463257 -4.23999977111816 -3.99000000953674 -4.01999998092651 -3.65000009536743 -3.44000005722046 -2.89000010490417 -2.53999996185303 -2.25999999046326 -1.86000001430511 -1.76999998096445 -1.75 -1.78999996185303 -1.4099999666214 -0.970000028610229 -0.980000019073486 -0.939999997615814 -0.560000005259342 -0.270000010728836 -0.0299999993294477 0.159999996423721 0.310000002384186 0.720000028610229 0.600000023841858 1.33000013348858 1.98000001907349 1.96000003814697 1.52999997138977 1.25999999046326 0.839999973773956 0.579999983310699 0.330000199442632
-6.51000022888184 -6.44000005722046 -6.3600001335144 -6.23999977111816 -6.46000003814697 -5.90000009536743 -5.76000022888184 -4.51000022888184 -4.76999998092651 -4.69999980926514 -4.78000020980835 -4.23999977111816 -4.09999990465158 -4.32999992370605 -4.11000013351441 -3.92000007629395 -3.84999990463257 -3.22000002861023 -3.28999996185303 -2.59999990463257 -2.3599998937936 -2.05999994277954 -1.75 -1.6599999666214 -1.87000000476837 -1.87999999523163 -1.5900000333786 -1.17999994754791 -0.649999976158142 -0.800000011920929 -0.660000026226044 -0.189999997615814 0.189999997615814 0.439999997615814 0.600000023841858 1.03999996185303 1.12000000476837 1.60000002384186 2.23000001907349 2.10999989509583 1.56000007806709 1.3400000333786 0.769999980926514 0.639999985694885 0.600000023841858
-6.46000003814697 -6.28000020980835 -6.21999979019165 -6.15999984741211 -6.25 -6.17999982833862 -6.13999986648559 -4.42000007629395 -4.5 -4.59000015258789 -4.80999994277954 -4.28000020980835 -4.03999996183402 -4.03999996185303 -3.91000008583069 -3.80999994277954 -3.67000007629395 -3.32999992370605 -3.06999993134013 -2.66000008541231 -2.27999997138977 -1.87000000476837 -1.72000002861023 -1.74000000953674 -2.09999990463257 -2.16000008583069 -2.1400001040897 -1.47000002861023 -0.680000007152557 -0.560000002384186 -0.469999998807907 0 0.469999998807907 0.600000023841858 0.879999995231628 1.32000005245209 1.92999994754791 2.05999994277954 2.5 2.32999992370605 2.04999995231628 1.46000003814697 0.389999985694885 0.729999913225482 0.670000016689301
-6.48999977111816 -6.23999977111816 -6.11999988555908 -6.05000019073486 -6.17000007629395 -6.26000022888184 -6.28000020980835 -4.80000019073486 -4.38000011444092 -4.40000009536743 -4.46999979019165 -4.15000009536743 -3.88000011444092 -3.96000003814697 -3.71000003814697 -3.60999989509583 -3.47000002735236 -2.78999996185303 -3.05999994277954 -2.78999996185303 -2.23000001907349 -1.9099999666214 -1.97000002861023 -2.02999997138977 -2.05999994277954 -1.85000002384186 -1.6599999666214 -1.12999999523163 -0.560000002384186 -0.189999998295819 -0.0900000035762787 0.25 0.709999978542328 0.779999971389771 1 1.69000005722046 2.10999989509583 2.46000003814697 2.78999996185303 2.5699999332428 2.33999991416931 1.66999995708466 0.949999988079071 0.790000021457672 0.790000021457672
-6.51999998092665 -6.36999988555908 -6.09000015258789 -5.94000005722046 -6.2300000190746 -6.42999982833823 -6.36999988555908 -4.65999984741211 -4.17999982833121 -4.26999998092651 -4.21000003814697 -3.98000001907349 -3.73000001907349 -3.99999999935851 -3.58999991375105 -3.25999999034556 -2.9300000667572 -2.49000000953674 -2.45000004768372 -2.57999992370605 -1.88999998569489 -2.08999991416931 -2.41000008538351 -2.14000010490417 -1.92999994754791 -1.37000000476837 -1.12999999523163 -0.790000021457672 -0.310000002384186 -0.150000005960464 0.159999996423721 0.600000023841858 1.01999997447817 1.14000010531638 1.72000002861023 1.88999998569489 2.08999991416931 2.67000007629395 2.91000008583069 2.83999991416931 2.55999994277954 1.96000003814697 1.34000023830636 1.03999996185303 0.810000002384186
-6.57999992370605 -6.44999980926514 -6.23000001907349 -6.28999996185303 -6.46999979019158 -6.42999982833918 -6.44999980926793 -4.53000020980835 -4.32000017164451 -4.03999996185303 -3.97000002848534 -3.74000000953674 -3.82999992370606 -3.8199999332428 -2.99000000953674 -2.77999997131107 -2.52999997138977 -2.22000002861023 -2.09999990463257 -2.0699999332428 -1.69000005722046 -2.1800000667572 -2.39000010490418 -2.04999995231628 -1.78999996185303 -1.57000006343468 -1.33000004291534 -0.829999983310699 -0.200000002980232 -0.159999996423721 0.209999993443489 0.740000009536743 1.02999997686636 1.4099999666214 2.02999997138977 2.26999997916267 2.33999991416931 2.79999995231628 2.97000002861023 2.84999990463257 2.66000008583069 2.21000003814697 1.86000001430511 1.25999999046326 0.889999985694885
-6.94999980926514 -6.67999982833862 -6.55000019073486 -6.53000020980835 -6.53999996185303 -6.57999992370605 -6.6399998664856 -3.86999988557803 -4.21000003814304 -3.99000000953674 -3.83999991416931 -3.71000003814697 -3.64000010490417 -3.44000005722046 -3.16000008583069 -2.75 -2.55999994277954 -1.99000000953674 -1.91999995769708 -2.01999998092651 -1.69000005722046 -2.04999995231628 -2.35999989509583 -1.75 -1.37000000476837 -1.36000001430511 -1.20000004768372 -0.759999990463257 -0.159999996423721 -0.189999997615814 0.25 0.850000037308224 1.21000003814697 1.5 1.96000003814697 2.25999999046326 2.73000001907349 2.9300000667572 2.99000000953674 3.02999997138977 2.70000004768372 2.4300000667572 2.16000008583069 1.49000000953674 0.750000330027128
-7.05000019073486 -6.94000005722046 -6.63000011444092 -6.6100001335144 -6.61999988555908 -6.65000009536743 -6.71000003814697 -4.48000001907349 -4.3899998664856 -4.1399998664856 -3.9300000667572 -3.85999989509583 -3.75999999046326 -3.5699999332428 -3.22000002861023 -2.95000004768372 -2.17000007629395 -1.89999997615814 -1.89999997646579 -1.98000001907349 -1.74000000953674 -1.62000000476837 -1.87000000476837 -1.46000003814697 -1.53999996185303 -1.24000000953674 -0.589999973773956 -0.280000001192093 -0.0700000002980232 -0.0900000035762787 0.320000018452157 0.99999999664753 1.30999994277954 1.73000001907349 2.00999999046326 2.20000004768372 2.75 3.19000005722046 3.17000007629395 3.14000010490417 2.89000010490417 2.66000008583069 2.13000011444092 1.69000002642566 0.940000358240364
-6.84999990463257 -6.51999998092651 -6.38999986648559 -6.67000007629395 -6.69999980926514 -6.75 -6.76999998092651 -4.59999990463257 -4.59000015258789 -4.42000007629395 -4.01999998092651 -3.90000009535478 -3.80999994277954 -3.61999988555908 -3.23000001907349 -2.98000001907349 -2.61999988555908 -2.01999998092651 -1.75999999046326 -1.70000004768372 -1.5 -1.24999999908902 -1.02999997138977 -1.10000002384186 -0.680000007152557 -0.550000011920929 -0.490000009536743 -0.52999997138977 -0.720000028610229 -0.0400000124358799 0.649999976158142 0.860000014305115 1.39999997615814 1.82000005245209 2.10999989509583 2.30999994277954 2.79999995231628 3.32999989029807 3.45000004768372 3.34999990463257 3.0699999332428 2.78999996185303 2.239999996331 1.55999994277954 1.28999996185303
-6.42999982833862 -6.3899998664856 -6.15999984741211 -6.42000007629395 -6.46000003814697 -6.51999998092651 -6.57000017166138 -4.71999979019165 -4.59000015258789 -4.48999977111816 -4.19000005722046 -3.89000010488604 -3.73000001907349 -3.5699999332428 -3.19000005722046 -3.00999999046326 -2.69000005722046 -2.03999996185303 -1.8400000333786 -1.71000003814697 -1.46000003814697 -1.23000001907349 -1.00999999046326 -0.819999992847443 -0.550000012216461 -0.959999978542328 -1.02999997138977 -0.729999991134692 -0.239999994635582 -0.109999999403954 0.449999988079071 0.649999976158142 1.10000002384186 1.89999997615814 2.17000007629395 2.55999994277954 2.8199999332428 3.07999992370605 3.42000007629395 3.53999996185303 3.33999991416931 2.6800000667572 2.07999992370605 1.57000025059877 1.32000005245209
