SnowAccumulation_R/test/tmin/final_tmin_25_04_2009.asc
NCOLS 97 
NROWS 69 
XLLCORNER 52512.810182332 
YLLCORNER 5316225.2758522 
CELLSIZE 10000 
NODATA_value -9999 
[rows 0 to 19 of 69, columns 45 to 89 of 97]
-9999 -9999 -9999 -9999 -9999 -9999 -9999 -9999 -9999 -9999 -9999 -9999 -9999 -9999 -9999 -9999 -9999 -9999 -9999 -9999 -9999 -9999 -9999 -9999 -9999 -9999 -9999 -9999 -9999 -9999 -9999 -9999 -9999 -9999 -9999 -9999 -9999 -9999 -9999 -9999 -9.93000030517578 -9.98999977111816 -10.0200004577637 -10 -10
-9999 -9999 -9999 -9999 -9999 -9999 -9999 -9999 -9999 -9999 -9999 -9999 -9999 -9999 -9999 -9999 -9999 -9999 -9999 -9999 -9999 -9999 -9999 -9999 -9999 -9999 -8.85999965667725 -8.98999977111816 -9.22000026702881 -9.26000022888183 -8.97000026702881 -8.77000045776367 -8.77999973297119 -8.92000007629395 -9 -9.15999984741211 -9.35000038146973 -9.65999977086513 -9.80000019073486 -9.85999970164878 -9.93000030517578 -10.0100002288818 -10.0299997329712 -10.0699996948242 -10.0299997329712
-6.75 -6.96000003814697 -7.19999980926514 -7.32999992370605 -7.61999988555908 -8.09000015258789 -8.40999984741211 -8.63000011444092 -8.86999988555908 -9.01000022888184 -9.03999996185303 -9.13000011444092 -9.13000011444092 -9.14999961853027 -9.18999958042451 -9.34000015258789 -9.27999973297119 -9.14000034332275 -9.10999965667725 -9.10000038146972 -9.10999965669336 -9.14999961853027 -9.06999969482422 -8.97999954223633 -8.86999989701684 -8.88000011474208 -8.86999988555908 -8.9399995803833 -9.22000026702881 -9.47000026702881 -9.27000045776367 -8.97999954223633 -8.88000011444092 -8.96000003814697 -9.02999973297119 -9.1899995803833 -9.32999990361094 -9.42000007629395 -9.69999975201035 -9.80000019073486 -9.89000034332275 -10.0500001907349 -10.0699996948242 -10.1099996566772 -10.1499996185303
-6.75 -6.88000011444092 -7.23000001907339 -7.42999982833862 -7.73000001907349 -8.25 -8.59000015258789 -8.85000038146973 -8.97000026703232 -9.21000003814697 -9.51000022888184 -9.47000026702881 -9.5 -9.5600004196167 -9.67000007629395 -9.86999988555908 -9.96000003814697 -9.5 -9.34000015258789 -9.27999973297119 -9.30000019073486 -9.30000019073486 -9.28999996185303 -9.09000016495721 -9.17000007629395 -9.07999992370605 -8.97000026702881 -8.90999984741211 -9.15999984741211 -9.46000003814697 -9.26000023894572 -9.02999973297119 -8.88000011444092 -9.02999973297119 -9.10999965667725 -9.25 -9.30000019073486 -9.43999965751218 -9.68000030517578 -9.8100004196167 -9.9399995803833 -9.98999977111816 -10.1199998855591 -10.1700000762939 -10.2799997329712
-7.15999984741211 -7.28999996185303 -7.3600001335144 -7.5 -7.98000001907349 -8.35000038146973 -8.80000019073486 -9.11999988555908 -9.22000026703154 -9.39000034332275 -9.75 -9.93000030517578 -9.97999954223633 -9.97000026702881 -10.0299997329712 -10.0500001907349 -9.98999977111816 -9.77000045776367 -9.60000038146973 -9.529999732892 -9.42000007629394 -9.42000007629395 -9.53999996185303 -9.47999954223633 -9.18999958048205 -9.15999984741211 -9.0600004196167 -9 -9.0600004196167 -9.34000015258789 -9.40999984741211 -9.14000034332275 -9.02000045776367 -9.10000038146973 -9.14999961853027 -9.25 -9.5000000161719 -9.65999984741211 -9.73999977111816 -9.85999965667725 -9.98999971794838 -10.0200004577637 -10.1499996185303 -10.289999961853 -10.3000001907349
-7.36999988555908 -7.51000022888184 -7.61999988555908 -7.65000009536743 -7.94000005722046 -8.35000038146973 -8.78999996185303 -9.17000007629395 -9.43000030517578 -9.68000030517578 -9.97000026702881 -10.1599998474121 -10.1899995803833 -10.2299995422251 -10.210000038147 -10.1700000762939 -10.0900001525879 -10.1800003051758 -9.93000030517578 -9.75 -9.55000019380264 -9.64999961853027 -9.63000011444092 -9.60999965667725 -9.48999977111816 -9.22999954223633 -9.18000030517578 -9.14000034332275 -9.05000019073486 -9.07999992370605 -9.22999954223633 -9.1899995803833 -9.10000038146973 -9.14000034332275 -9.22000026875847 -9.26000022888184 -9.44999980926513 -9.64000034332276 -9.77999973297119 -9.89000031623964 -9.94999980926514 -10.0299997329712 -10.1899995803833 -10.3400001525879 -10.3999996185303
-7.51999998092651 -7.71999979019165 -7.76999998092651 -7.78999996185303 -8.11999988555908 -8.43000030517578 -8.72999954223633 -9.09000015258789 -9.3100004196167 -9.82999992370605 -10.0900001525879 -10.3699998855591 -10.4799995422363 -10.4600000381131 -10.4399995803833 -10.3000001907349 -10.3699998855591 -10.4200000762939 -10.289999962978 -10.3900003433228 -9.9399995803833 -9.77000045776367 -9.67000007629395 -9.73999977111817 -9.77999973297119 -9.35999965667724 -9.27000045776367 -9.22999954223633 -9.1899995803833 -9.14000034332275 -9.14000034332275 -9.14999961853027 -9.15999984741211 -9.23999977111816 -9.27000045776367 -9.3100004196167 -9.44999980926514 -9.57999992370605 -9.75 -9.77999973297119 -9.90999984741211 -10.0200004577637 -10.1800003051758 -10.3599996566772 -10.4499998092651
-7.67999982833862 -7.80000019073486 -7.82000017166152 -7.96000003814697 -8.34000015258789 -8.55000019073486 -8.89999961853027 -9.25 -9.46000003814697 -9.82999992370605 -10.2200002670288 -10.5600004196167 -10.6499996185303 -10.6099996566772 -10.6400003433228 -10.5100002288818 -10.5299997334551 -10.5200004577637 -10.5 -10.4700002670288 -10.3000001907349 -9.89999961853028 -9.77999973297119 -9.81000041963854 -9.92000007629395 -9.5 -9.35000038146973 -9.32999992370605 -9.31999969482422 -9.28999996185303 -9.17000007629395 -9.25 -9.1899995803833 -9.1899995803833 -9.27000045776367 -9.35000038146972 -9.47000026702881 -9.56999969482422 -9.64000034332275 -9.72999954223633 -9.86999988555908 -10.0200004577637 -10.1499996185303 -10.25 -10.4200000762939
-7.82999992370605 -7.84000015258789 -7.84999990463257 -8.09000015258789 -8.32999992370605 -8.65999984741211 -8.93000030517578 -9.39000034332275 -9.64999961853027 -9.89000034332275 -10.4300003051758 -10.7799997329712 -10.7600002288818 -10.6800003051758 -10.6499996187856 -10.6300001144409 -10.6599998474121 -10.6700000762939 -10.6400003433228 -10.6000003814697 -10.4200000762939 -10.1499996185303 -9.90999984741211 -9.89000034332275 -9.96000003814697 -9.69999980926513 -9.5 -9.3999996187209 -9.39999961853027 -9.39000034332275 -9.32999992370606 -9.27000045776367 -9.18000030931536 -9.22999954223633 -9.3100004196167 -9.35999965667725 -9.44999980926514 -9.56000040093971 -9.60999965667725 -9.71000003814697 -9.85000038146973 -9.9399995803833 -9.98999977111816 -10.0900001525879 -10.2899996540209
-7.82000017166138 -7.90000009536743 -7.96000003814697 -8.10999965667724 -8.46000003814697 -8.71000003814697 -9 -9.18999958038785 -9.61999988555908 -9.94999980926514 -10.2700004577637 -10.6099996566772 -10.7399997706912 -10.5500001907349 -10.5600004196167 -10.5600004196167 -10.75 -10.8000001907229 -10.7600002288818 -10.6099996566772 -10.6300001144409 -10.5699996948242 -10.3699998852775 -10.0699996948242 -10.0799999237061 -9.85999965667725 -9.72000026702881 -9.59000015258789 -9.4399995803833 -9.39000034332275 -9.35999965667725 -9.32999992370606 -9.35999965667724 -9.31999969482422 -9.31999969482422 -9.34000015258789 -9.46000003814697 -9.52999973297119 -9.64000034332275 -9.64000034332275 -9.77000045776367 -9.8100003700456 -9.85999965667724 -10.0200001493738 -9.94999980926514
-7.94000005722046 -7.94999980926514 -8.07999992370606 -8.13000011444092 -8.43000030517578 -8.72999954223633 -8.98999977111816 -9.14000034332662 -9.56999969479768 -9.93000030514947 -10.1000003814697 -10.210000038147 -10.2799997329633 -10.3699998855591 -10.4499998092651 -10.5 -10.4700002670288 -10.6700000762939 -10.8100004196167 -10.6999998092651 -10.8100004196167 -10.8299999237061 -10.7299995422363 -10.6099996566772 -10.289999961853 -9.97999954223633 -9.84000015302713 -9.73999977111816 -9.55000019073486 -9.46000003814697 -9.43000030517578 -9.50000000053981 -9.47999954223633 -9.42000007629395 -9.4399995803833 -9.42000007629395 -9.46000003814697 -9.61999988555908 -9.60999965667725 -9.65999984741211 -9.64999961853027 -9.6899995803833 -9.77000045776367 -9.68000030517578 -9.72999954223633
-8.02000045776367 -7.94000005722027 -8.02999973297078 -8.22999954223591 -8.4700002670282 -8.64000034332145 -8.89999961853028 -9.11999988555908 -9.38000011444092 -9.76000022888184 -9.94999980926513 -10.1199998855591 -10.210000038147 -10.2399997711182 -10.4300003051758 -10.4799995422363 -10.4200000762939 -10.460000038147 -10.7600002288818 -10.7399997711182 -10.8599996566772 -10.9099998474121 -10.9200000762939 -10.9200000762939 -10.6099996566772 -10.289999961853 -10.039999961853 -9.82999992370605 -9.71000003814697 -9.55000019073486 -9.59000015258789 -9.59000015258789 -9.61999988555908 -9.56999969482422 -9.55000019073486 -9.56000040984274 -9.55000019073486 -9.69999980926514 -9.6899995803833 -9.6899995803833 -9.68000030517578 -9.60999965667725 -9.47000026702881 -9.5 -9.53999994333351
-7.8899998664856 -7.82999992370605 -7.78999996185315 -8.09000015258789 -8.30000019073486 -8.59000015258789 -8.85999965667725 -9.10000038146973 -9.28999996185303 -9.5600004196167 -9.89999961853027 -10.0900001525879 -10.1899995803833 -10.3500003814697 -10.3800001144409 -10.4499998092651 -10.4399995804218 -10.4799995422363 -10.6400003433228 -10.710000038147 -10.7600002288818 -10.7799997331911 -10.9099998474121 -10.9300003051758 -10.8400001525879 -10.6099996566772 -10.2200002670288 -9.90999984741211 -9.81999970147069 -9.72000026702881 -9.65999984741211 -9.68000030517578 -9.69999980926514 -9.69999980926514 -9.60999965667725 -9.6899995803833 -9.78999996185303 -9.86999988555908 -9.85000038146973 -9.75000008716685 -9.6899995803833 -9.53999988233617 -9.32999992370605 -9.35999965667725 -9.36999988555908
-7.80999994277954 -8 -8.14999961853027 -8.18000030517578 -8.42000007629395 -8.64999961853028 -8.89999961853027 -9.01000022888184 -9.53999996185303 -9.82999992370605 -9.80000019073486 -10.0900001525879 -10.1800003051758 -10.3400001525879 -10.4200000762939 -10.4300003051758 -10.4300003052435 -10.5200004577637 -10.5799999237061 -10.6099996566772 -10.6899995803833 -10.7200002670288 -10.8599996566772 -10.8999996185303 -10.8199996948242 -10.6599998474121 -10.2299995422363 -9.93000030782887 -9.85999965667725 -9.72999954223633 -9.77999973297119 -9.76000022888184 -9.75 -9.72999954223633 -9.75 -9.89999961853028 -10.0500001907349 -10.1499996185303 -9.9399995803833 -9.84000015258789 -9.72000041595514 -9.51000022888183 -9.27000045776367 -9.22999954223633 -9.27999973297119
-7.88000011444092 -8.02000045776367 -8.18000030517578 -8.59000015258789 -8.5600004196167 -8.68000030517578 -8.92000007629395 -9.15999984741211 -9.60000038146973 -9.97000026702881 -10.0200004577637 -10.2500000000194 -10.3599996566772 -10.3100004196167 -10.3900003433228 -10.5 -10.5900001525879 -10.539999961853 -10.6899995803833 -10.7799997329712 -10.7499999999787 -10.8299999237061 -10.9300003051758 -10.9200000762939 -10.7600002288818 -10.5799999237061 -10.1400003370164 -9.96000003814697 -9.80000019073486 -9.78999996185303 -9.85000038146973 -9.77999973297119 -9.72999954223633 -9.89999961853027 -9.97000026702881 -10.0200004577637 -10.1999998092651 -10.210000038147 -10.2299995422363 -9.97999954223633 -10.1199998855591 -9.6899995803833 -9.4099999909443 -9.31999969482422 -9.23999977111816
-7.84999990463257 -8.17000007629395 -8.31999969482422 -8.68000030517578 -8.82999992370606 -8.94999980926514 -9.14999961853027 -9.3100004196167 -9.53999996185303 -9.96000003814697 -10.25 -10.3100004196167 -10.3900003433228 -10.4799995422363 -10.6599998474121 -10.7600002288818 -10.6599998474121 -10.5500001907349 -10.789999961853 -10.8500003814697 -10.8800001144409 -10.8800001144409 -10.8500003814697 -10.8299999237061 -10.6400003433228 -10.3000001907349 -10.3199996948242 -9.89999961853027 -9.85000038146973 -9.86999988555908 -9.8100004196167 -9.73999977111816 -9.76000022888184 -9.81999969482422 -9.97999954223633 -10.1800003051758 -10.3000001907349 -10.4999999691993 -10.4300003051758 -10.5100002288818 -10.2600002288818 -9.85999965667725 -9.68000030517578 -9.35999965667724 -9.1899995803833
-7.90000009536743 -8.26000022888184 -8.51000022888184 -8.72999954223633 -8.93000030517578 -9.13000011444092 -9.18000030517662 -9.38000011444092 -9.55000019073486 -9.96000003814697 -10.3100004196167 -10.4300003051758 -10.5799999237061 -10.6800003051758 -10.8100004196167 -10.8900003433897 -10.9200000762939 -10.75 -10.710000038147 -10.9799995422363 -10.9899997711182 -10.8900003433228 -10.8299999237061 -10.7500000005022 -10.6499996185303 -10.3400001525879 -10.1499996185303 -9.8100004196167 -9.85000038177527 -9.81999969482422 -9.77000045776367 -9.71000003814697 -9.72999954223633 -9.8100004196167 -9.98999977111816 -10.2299995422363 -10.4300003051758 -10.5500001907349 -10.789999961853 -10.6999998092651 -10.3299999237061 -10.1199998855591 -9.72000026702881 -9.35000038146972 -9.10000038146973
-8.13000011444092 -8.36999988555908 -8.61999988555908 -8.89000034332275 -9.10000038146973 -9.22999954223633 -9.27999973297177 -9.55000019073486 -9.69999980926514 -9.90999984741211 -10.1999998092651 -10.4099998474121 -10.6999998092651 -10.8500003814697 -10.9700002670288 -11.0500001907349 -11.1999998092651 -11.1700000762939 -11.1800003051758 -10.9799995420634 -10.9899997711182 -11.1000003814697 -10.8699998933321 -10.7299995422363 -10.6000003814697 -10.3900003433228 -10.1400003433228 -9.81999969482422 -9.8100004196167 -9.72999954223633 -9.68000030517578 -9.61999988555908 -9.64000034332276 -9.80000019073486 -10.0600004196167 -10.3100004196167 -10.4899996805023 -10.6000004137972 -10.9399995803833 -10.9200000762939 -10.3700000700678 -10.1000003814697 -9.67000007629395 -9.25 -8.96000023053221
-8.23999977111816 -8.47999954223633 -8.65999984741211 -9.02999973297119 -9.25 -9.46000003814697 -9.51000022888226 -9.61999988555908 -9.84000015258789 -10.0600004196167 -10.1199998855591 -10.3599996566772 -10.7299995422363 -11.0299997329712 -11.1300001144409 -11.2200002670288 -11.4200000762939 -11.5600004196167 -11.6899995803833 -11.6599998474121 -11.1000003991333 -11.3299999237061 -10.9799995422363 -10.8800001141591 -10.5699996948242 -10.2399997711182 -10.0100002288818 -9.77999973305215 -9.69999980926513 -9.60000038146973 -9.55000019073486 -9.52000045776367 -9.57999992370605 -9.85999965667725 -10.0600004196167 -10.2700004577637 -10.3800000873116 -10.5600004196167 -10.7799997329712 -10.7600002288818 -10.5299997329712 -10 -9.52000045776367 -9.09000015258789 -8.9399995803833
-8.32999992370605 -8.61999988555908 -8.76000022888184 -9.02000045776367 -9.3100004196167 -9.43000030517578 -9.52999973297119 -9.60999965667725 -9.96000003814697 -10.1199998855591 -10.1800003051826 -10.4399995803833 -10.6899995803833 -10.9799995422363 -11.1999998092651 -11.3000001907349 -11.6099996566772 -11.6999998092651 -11.9099998474121 -11.9700002670288 -12.1300001144409 -12.0299997329712 -11.2799997329712 -10.9200000762939 -10.4799995422363 -10.0900001525879 -9.80000019073486 -9.72999954223633 -9.55000019073486 -9.40999984741211 -9.34000015258789 -9.35000038146973 -9.55000019073486 -9.78999996185303 -9.93000030517578 -10.0900001299163 -10.1899995803833 -10.3299999237061 -10.3999996185303 -10.3500003814697 -10.1199998855591 -9.69999980926514 -9.27999973297119 -9.06999969482422 -8.72000026702881
