SnowAccumulation_R/test/tmin/final_tmin_26_04_2009.asc
NCOLS 97 
NROWS 69 
XLLCORNER 52512.810182332 
YLLCORNER 5316225.2758522 
CELLSIZE 10000 
NODATA_value -9999 
[rows 20 to 39 of 69, columns 45 to 89 of 97]
-4.90999984741211 -4.71000003814697 -4.6100001335144 -4.32000017166138 -3.99000000953674 -3.64000010490417 -3.51999998092651 -3.27999997138977 -3.25 -3.0699999332428 -3.03999996185416 -3 -2.82999992370605 -2.92000007629394 -2.97000002859372 -2.94000005722046 -3.00999999028626 -3.10999989509583 -3.19000005722046 -3.3199999332428 -3.60999989509583 -3.82999992370605 -3.49000000953674 -3.49000000953674 -3.58999991416931 -3.75999999046326 -4.01999998092651 -4.21999979019165 -4.48999977111816 -4.46999979019165 -4.28000020980835 -4.32999992370605 -4.25 -4.30000019073486 -4.23999964851418 -4.01999998092651 -3.84999990463257 -3.66000008583069 -3.52999997138977 -3.38000011444092 -3.16000008583069 -3.15000009536743 -3.19000005722046 -3.17000007629395 -3.16000008583069
-5.15999984741211 -4.82000017166138 -4.75 -4.46000003814697 -4.03000020980835 -3.75999999046326 -3.64000010490417 -3.34999990463257 -3.35999989509583 -3.1800000667572 -3.09999990463257 -2.98000001907349 -2.61999988555908 -2.92000007629394 -2.94000005692597 -2.91000008583069 -2.9300000667572 -3.03999996185303 -3.06999993332491 -3.25999999046326 -3.51999998092651 -3.66000008583069 -3.54999995202653 -3.5 -3.54999995231628 -3.72000002861023 -3.83999991417888 -4.13000011444092 -4.46999979019165 -4.34999990463257 -4.21999979019165 -4.25 -4.13000011444092 -4.05000009702453 -3.78999996185303 -3.59999990463257 -3.5 -3.32999992370605 -3.24000000953674 -3.01999998092651 -2.83999991416931 -2.82999992370605 -2.82999992370605 -2.83999991416931 -2.86999988555908
-5.30000019073486 -4.90999984741211 -4.73000001907349 -4.36999988555908 -4.1100001335144 -3.70000004768372 -3.47000002861023 -3.47000002861023 -3.28999996185303 -3.14000010490417 -3.00999999046326 -2.89000010493875 -2.77999997140102 -2.8199999332428 -2.78999996185303 -2.85999989509583 -2.9300000667572 -2.96000003814697 -3.00999999046326 -3.1800000667572 -3.49000000953674 -3.54999995231628 -3.4300000667572 -3.42000007629394 -3.49000000953674 -3.69000005722046 -3.75 -3.98000001907349 -4.11999988555908 -3.97000002861023 -4 -3.97000002861023 -3.88000000507086 -3.48000001907349 -3.4300000667572 -3.27999997138977 -3.14000010490418 -2.99000000953674 -2.91000008583069 -2.73000001907349 -2.61999988555908 -2.54999998082839 -2.53999996185303 -2.55999994277954 -2.59999930504539
-5.26999998092651 -5.05999994277954 -4.80000019073486 -4.26000022888184 -3.92000007629394 -3.58999991416931 -3.50999999046326 -3.22000002862294 -3.11999988555671 -2.9300000667572 -2.84999990463257 -2.75999999046326 -2.67000007629395 -2.75 -2.71000003814697 -2.83999991416931 -2.96000003814697 -3.0699999332428 -3.10999989509583 -3.17000007629394 -3.32999992370605 -3.36999988555908 -3.34999990463257 -3.3199999332428 -3.44000005722046 -3.5699999332428 -3.58999991416931 -3.75 -3.69000005722046 -3.6900000567645 -3.69000005722046 -3.64000003637323 -3.25999999046326 -3.15000011336119 -3.07999992370605 -2.98000001907349 -2.85999989509583 -2.80999994277954 -2.61999988555908 -2.44000005722046 -2.35999989509583 -2.3199999332428 -2.28999996185303 -2.29999951060617 -2.08999991416931
-5.28000020980835 -4.94999980926493 -4.82999992370538 -4.36999988555852 -4.01999998092651 -3.64000010490417 -3.5 -3.39000010490417 -3.04999995231628 -2.90000009536743 -2.76999998092651 -2.59999990463257 -2.57999992370605 -2.61999988555908 -2.70000004768372 -2.74000000953674 -2.97000002861023 -3.11999988555908 -3.16000008583069 -3.26999998092651 -3.25 -3.27999997121991 -3.17000007629394 -3.20000004768372 -3.3199999332428 -3.36999988558281 -3.40000009536743 -3.49000000953674 -3.38000011444092 -3.39000010490417 -3.41000003000018 -3.13000011444092 -3.01999998092651 -2.95000004768372 -2.79999995231628 -2.67000007629395 -2.57999992370606 -2.51999998092651 -2.33999991416931 -2.17000007629395 -2.08999993003053 -2.05999994277954 -2.03999996185303 -1.80999994277954 -1.83000004291534
-5.15000009536743 -4.84000015258803 -4.63000011444092 -4.01000022888184 -3.80999994277954 -3.52999997138977 -3.36999988555908 -3.1800000667572 -2.92000007629394 -2.75 -2.65000009536743 -2.52999997138977 -2.51999998092651 -2.46000003816276 -2.54999995231628 -2.59999990463257 -2.80999994277954 -2.9400000574606 -3.21000003814697 -3.25 -3.27999997138977 -3.11999988555908 -3.17000007629394 -3.08999991416931 -3.16000008583069 -3.20000004768372 -3.20000004768372 -3.20000004768372 -3.10999989509583 -2.84999990463257 -2.90000009536743 -3.00999999046326 -2.91000008844336 -2.82999992370605 -2.57999992370605 -2.38000011444092 -2.30999994277954 -2.22000002861023 -2.02999997138977 -1.89999997615814 -1.86000001430511 -1.82000005245209 -1.57000005245209 -1.58000004291533 -1.62000000476837
-4.98000001907349 -4.76999998092651 -4.73000001907349 -4.09999990463257 -3.55999994277954 -3.39000010490417 -3.19000005722046 -2.9300000667572 -2.75 -2.61999988555221 -2.46000003814697 -2.38000011444092 -2.35999989509582 -2.34999990465234 -2.42000007629395 -2.42000007629395 -2.49000000953674 -2.61999988555908 -2.97000002861023 -3.14000010490417 -3.01999998092651 -2.96000003814697 -2.9300000667572 -2.96000003814697 -2.96000003814697 -2.97000002861023 -3.00999999046326 -2.96000001101531 -2.70000004768372 -2.70000004768372 -2.66000008583069 -3.00999999046326 -2.98000001907349 -2.82999992370606 -2.50999999046326 -2.19000005722046 -2.07999992370605 -1.94000005722046 -1.72000002861023 -1.64000000117937 -1.62000000476837 -1.34000019385735 -1.33000004291534 -1.3400000333786 -1.47000002861023
-4.92000007629395 -4.63999986648574 -4.51999998092651 -3.95000004768372 -3.4300000667572 -3.26999998092576 -2.98000001907349 -2.66000008583069 -2.49000000953674 -2.4500000476803 -2.23000001907349 -2.20000004768372 -2.20000004768372 -2.21000003814697 -2.35999989509582 -2.4300000667572 -2.61999988555908 -2.57999992370605 -2.78999996185303 -2.90000009536743 -2.79999995231628 -2.77999997138977 -2.77999997138977 -2.8199999332428 -2.76999998089189 -2.76999998092651 -2.78999993945705 -2.48000001907349 -2.47000002861023 -2.5 -2.46000003814697 -2.65000009536743 -2.66000008583069 -2.58999991416931 -2.39000010490417 -2.24000000953674 -1.94000005722046 -1.72000002861023 -1.50999999046326 -1.42999994754791 -1.36999973262864 -1.11000001430511 -1.09000004132616 -1.12999999523163 -1.35000002384186
-4.73000001907349 -4.42999982833865 -4.19000005722046 -3.66000008583069 -3.36999988555908 -3.2400000095352 -3.5 -2.5 -2.28999996185303 -2.21000003814697 -2 -1.98000001907349 -2.00999999046326 -2.05999994277954 -2.19000005722046 -2.48000001907349 -2.75999999046326 -2.74000000953674 -2.51999998092651 -2.64000010490417 -2.65000009534167 -2.65000009536743 -2.6800000667572 -2.6800000667572 -2.67000007629395 -2.45000004768372 -2.30999994277954 -2.28999996185303 -2.28999996185303 -2.32999992370605 -2.26999998092651 -2.22000002861023 -2.30999994277954 -2.32999992370605 -2.15000009536743 -2.03999996185303 -1.87000000476837 -1.49000000953674 -1.28999999255697 -1.21999981679495 -0.899999976158142 -0.850000023841858 -0.839999973773956 -0.949999988079071 -1.17999994754791
-4.38000011444092 -4.11999988555911 -3.94000005722046 -3.40000009536743 -2.99000000953674 -2.93000006675601 -3.02999997138977 -2.15000009536743 -2.0699999332428 -2.05999994277954 -1.89999997615814 -1.75 -1.82000005245209 -1.94000005722046 -2.09999990463257 -2.44000005722046 -2.61999988569423 -2.73000001907349 -2.5699999332428 -2.52999997138977 -2.51999998092651 -2.5699999332428 -2.52999997138977 -2.48000000793971 -2.25 -2.34999990463257 -2.11999988555908 -2.00000000006383 -2.16000008583069 -2.24000000953674 -2.10999989509583 -2 -2.02999997138977 -2.00999999046326 -1.88000000149799 -1.76999998092651 -1.72000002861023 -1.29999995231628 -1.14999974806432 -0.75 -0.649999976158142 -0.600000029768388 -0.600000023841858 -0.730000019073486 -0.980000019073486
-3.94000005722046 -3.92000007629395 -3.75999999046326 -3.00999999046326 -2.84999990463257 -2.64000010490417 -2.64000010490417 -1.86000001430511 -1.9099999666214 -1.97000002861023 -1.75999999046326 -1.58000004291534 -1.70000004768372 -1.88999998569489 -2.15000009536743 -2.34999990463257 -2.52999997138977 -2.63000011444092 -2.73000001907349 -2.57999992370605 -2.44000005722046 -2.38000011444092 -2.01999998092651 -2.00000000015174 -2.05999994277954 -2.17000007629395 -2.02999997138977 -1.82000005245209 -1.95000004768372 -2.03999996185303 -1.92999994854797 -1.82000005245209 -1.75999999046326 -1.71000003814697 -1.64999997615814 -1.45000004768372 -1.48000001907349 -1.07999989514651 -0.569999992847443 -0.439999997615814 -0.389999985694885 -0.360000014305115 -0.340000003576279 -0.46000000834465 -0.739999811561509
-3.32999992370605 -3.21000003814697 -3.05999994277954 -2.84999990463257 -2.61999988555908 -2.32999992370606 -2.34999990463257 -1.62999999523163 -1.75999999046326 -1.73000001907349 -1.79999995231628 -1.57000005245209 -1.54999995235158 -1.88999998569489 -2.05999994277954 -2.27999997138977 -2.41000008583069 -2.38000011444092 -2.59999990463257 -2.28999996185303 -2.1800000626645 -1.87000000476837 -1.75 -1.73000001907349 -1.92999994754791 -2.04999995231628 -1.98000001907349 -1.78999996185303 -1.60000002384186 -1.79999995231628 -1.77999997138977 -1.61000001430511 -1.48000001907349 -1.4099999666214 -1.3400000333786 -1.13999998569489 -1.08000004291534 -0.689999997615814 -0.28999999165535 -0.159999996423721 -0.140000004960162 -0.0900000035762787 -0.0700000002980232 -0.209999993443489 -0.330000013113022
-3.00999999046326 -2.74000000953674 -2.70000004768372 -2.72000002861023 -2.55999994277954 -2.40000009536743 -2.34999990463257 -1.47000002861023 -1.53999996185303 -1.61000001430511 -1.79999995231628 -1.60000002384186 -1.5399999618666 -1.73000001907349 -1.91999995708466 -2.16000008583069 -2.25 -2.40000009536743 -2.38000011103614 -1.92999994732771 -1.73000001907349 -1.51999998092651 -1.48000001907349 -1.52999997138977 -1.8400000333786 -2.01999998092651 -2.05999994251891 -1.78999996185303 -1.44000005722046 -1.5 -1.5 -1.35000002384186 -1.17999994754791 -1.13999998569489 -1.04999995231628 -0.860000014305115 -0.430000007152557 -0.349999994039536 -0.0299999993294477 0.0900000035762787 0.0900000035762787 0.109999999403954 -0.150000005960464 -0.059999972196896 -0.180000007152557
-2.69000005722046 -2.61999988555908 -2.54999995231628 -2.48000001907349 -2.38000011444092 -2.29999995231628 -2.3199999332428 -1.57000005245209 -1.41999995708466 -1.47000002861023 -1.60000002384186 -1.53999996185303 -1.46000003814697 -1.66999995708466 -1.75999999046326 -1.95000004768372 -2.00999998895382 -1.63999998569489 -1.87000000476837 -1.74000000953674 -1.44000005722046 -1.26999998092651 -1.3400000333786 -1.4099999666214 -1.53999996185303 -1.60000002384186 -1.57000005245209 -1.37999999523163 -1.16999995708466 -1.10000002396186 -1.11000001430511 -1.03999996185303 -0.879999995231628 -0.889999985694885 -0.839999973773956 -0.400000005960464 -0.209999993443489 -0.0599999986588955 0.189999997615814 0.310000002384186 0.319999992847443 0.259999990463257 0.109999999403954 0.0500000007450581 -0.0700000002980232
-2.64000010490411 -2.53999996185303 -2.44000005722046 -2.33999991416931 -1.96000003814357 -1.64999997615967 -2.20000004768372 -1.45000004768372 -1.24999999999844 -1.39999997615814 -1.47000002861023 -1.45000004768372 -1.37999999523163 -1.65999996622428 -1.62000000435012 -1.42999994754007 -1.37999999523163 -1.24000000953674 -1.26999998092651 -1.35000002384186 -0.97000002861023 -1.07000005245209 -1.24999999981368 -1.13999998569489 -1.13999998569489 -1.00999999046326 -0.980000019073486 -0.949999988079071 -0.819999992847443 -0.800000011920929 -0.769999980926514 -0.660000026226044 -0.540000023700576 -0.529999855091114 -0.159999996423721 -0.159999996423721 -0.0900000035762787 0.159999996423721 0.349999994039536 0.409999996423721 0.5 0.430000007152557 0.280000060687263 0.159999996423721 -0.0199999995529652
-2.60999989509583 -2.5 -2.35999989509583 -2.01999998092651 -1.23000001907498 -1.64999997615954 -2.00999999046326 -1.36000001430511 -1.32000005244606 -1.28999996185303 -1.36000001424961 -1.33000004291534 -1.39999997615814 -1.47000002861023 -1.12999999523163 -1.0599999427638 -1 -0.889999985694885 -0.839999973773956 -0.819999992847443 -0.579999983310699 -0.810000002384186 -0.9200000166893 -0.75 -0.689999997615814 -0.76999997898841 -0.790000021457672 -0.709999978542328 -0.5 -0.569999992847443 -0.529999971389771 -0.389999985694885 -0.299999957154968 -0.0500000007450581 0.150000005960464 0.18000000979833 0.170000001788139 0.370000004768372 0.5 0.519999980926514 0.610000014305115 0.5799999833107 0.490000009536743 0.280000001192093 0.0599999986588955
-2.82999992370605 -2.46000003814697 -2.22000002861023 -2.11999988555908 -2.04999995231628 -2.05999994277954 -2.11999988555908 -1.07000005246438 -1.3400000333786 -1.33000004291534 -1.3400000333786 -1.29999995231628 -1.27999997138977 -1.22000002861023 -1.12000000476837 -0.930000007152557 -0.860000014305115 -0.579999983310699 -0.54000002174587 -0.550000011920929 -0.310000002384186 -0.439999997615814 -0.600000023841858 -0.230000004172325 -0.0299999993294477 -0.0799999982118607 -0.259999990463257 -0.319999992847443 -0.219999998807907 -0.340000003576279 -0.28999999165535 -0.129999945854955 0.170000001788139 0.170000001788139 0.280000001192093 0.370000004768372 0.509999990463257 0.560000002384186 0.589999973773956 0.680000007152557 0.680000007152557 0.720000028610229 0.670000016689301 0.430000007152557 0.110000089411344
-2.79999995231628 -2.73000001907349 -2.28999996185303 -2.23000001907349 -2.20000004768372 -2.20000004768372 -2.23000001907349 -1.5 -1.48000001907349 -1.41999995708466 -1.36000001430511 -1.35000002384186 -1.30999994277954 -1.22000002861023 -1.05999994277954 -0.930000007152557 -0.529999971389771 -0.370000004768372 -0.340000003684859 -0.310000002384186 -0.0799999982118607 0.0799999982118607 -0.0299999993294477 0.25 0.209999993443489 0.419999986886978 0.479999989271164 0.270000010728836 0.230000004172325 -0.0399999991059303 -0.039999949725414 0.319999992311047 0.389999985694885 0.46000000834465 0.46000000834465 0.5 0.660000026226044 0.800000011920929 0.769999980926514 0.790000021457672 0.819999992847443 0.800000011920929 0.709999978542328 0.590000096952609 0.290000206080788
-2.77999997138977 -2.38000011444092 -2.16000008583069 -2.26999998092651 -2.25999999046326 -2.50999999046326 -2.32999992370605 -1.62999999523163 -1.63999998569489 -1.58000004291534 -1.39999997615814 -1.34000003337137 -1.28999996185303 -1.19000005722046 -0.990000009536743 -0.860000014305115 -0.649999976158142 -0.28999999165535 -0.129999995231628 0.00999999977648258 0.239999994635582 0.439999998223136 0.670000016689301 0.680000007152557 0.899999976158142 0.949999988079071 0.759999990463257 0.360000014305115 0.0900000035762787 0.190000012426869 0.490000009536743 0.5 0.610000014305115 0.670000016689301 0.75 0.709999978542328 0.8299999833107 0.980000009962218 0.990000009536743 0.910000026226044 0.939999997615814 0.910000026226044 0.830000049339507 0.720000028610229 0.620000004768372
-2.5 -2.4300000667572 -2.20000004768372 -2.24000000953674 -2.26999998092651 -2.29999995231628 -2.32999992370605 -1.75999999046326 -1.70000004768372 -1.62999999523163 -1.47000002861023 -1.30999994276866 -1.21000003814697 -1.11000001430511 -0.889999985694885 -0.790000021457672 -0.589999973773956 -0.200000002980232 -0.0500000007450581 0.119999997317791 0.389999985694885 0.600000023841858 0.870000004768372 0.930000007152557 1.0399999615575 0.720000028610229 0.449999988079071 0.350000014271076 0.560000002384186 0.400000005960465 0.509999990463257 0.529999971389771 0.600000023841858 0.870000004768372 0.930000007152557 1 0.990000009536743 1.05999994277954 1.0900000333786 1.03999996185303 1.02999997138977 0.910000026226044 0.850000023841858 0.770000010281596 0.740000009536743
