SnowAccumulation_R/test/tmin/final_tmin_28_04_2009.asc
NCOLS 97 
NROWS 69 
XLLCORNER 52512.810182332 
YLLCORNER 5316225.2758522 
CELLSIZE 10000 
NODATA_value -9999 
[rows 0 to 19 of 69, columns 0 to 44 of 97]
-9999.000000000000000 -9999 -9999 -9999 -9999 -9999 -9999 -9999 -9999 -9999 -9999 -9999 -9999 -9999 -9999 -9999 -9999 -9999 -9999 -9999 -9999 -9999 -9999 -9999 -9999 -9999 -9999 -9999 -9999 -9999 -9999 -9999 -9999 -9999 -9999 -9999 -9999 -9999 -9999 -9999 -9999 -9999 -9999 -9999 -9999
-9999 -9999 -9999 -9999 -9999 -8.84000015258789 -9.63000011444092 -9.81999969482422 -9.97999954223633 -8.72000026702881 -8.77999973297119 -8.22000026702881 -7.51999985011407 -6.19999980926514 -6.80999994277954 -6.80000019073486 -6.17000007629395 -5.94999980926514 -5.90000009495209 -9999 -9999 -9999 -9999 -9999 -9999 -9999 -9999 -9999 -9999 -9999 -9999 -9999 -9999 -9999 -9999 -9999 -9999 -9999 -9999 -9999 -9999 -9999 -9999 -9999 -9999
-9999 -9999 -9999 -9999 -9999 -10.5100002288818 -10.5699996948242 -9.86999988555908 -9.35999965667724 -8.0600004196167 -7.78000020980835 -6.59999990463257 -6.03000020980835 -6.21999981230101 -6.82000017166138 -6.28999996185303 -6.09000015258789 -6.03999996185303 -5.88000011444092 -5.80000019934284 -5.82000017166138 -5.69999980926514 -5.69000005722046 -5.63999986648559 -5.67000007629395 -5.78000020980835 -5.84999990463257 -5.8600001335144 -5.92000007629394 -6.05999994277954 -6.13000011444092 -6.1399998664856 -6 -5.75 -5.55000019073486 -5.32000017166138 -5.30999994277954 -5.21999979019165 -5.30000019073486 -5.32000017166138 -5.46999979019165 -5.63000011444091 -5.69000005722046 -5.88000011444092 -5.67999982833862
-9999 -9999 -9999 -9999 -9999 -9.31999969482422 -8.47000026702881 -8.59000015258789 -8.37999993590888 -7.11000013351441 -6.80000019073486 -6.78000020980835 -6.13000011444092 -6.55999994277954 -6.76000022888184 -6.61000013351441 -6.53000020980835 -6.51000022888184 -6.11999988555908 -6.19999980920339 -6.09000015258789 -5.73999977111816 -5.65000009536743 -5.61999988555908 -5.69000005712322 -5.71000003814697 -5.94000005722046 -6.15000009536743 -6.42999982833862 -6.40999984741211 -6.48000001907349 -6.40000009536743 -6.28999996185303 -6.1399998664856 -5.98999977111816 -5.69000005722046 -5.53999996185303 -5.42000007629395 -5.53000020980835 -5.48999977111816 -5.55999994277954 -5.69999980926501 -5.86999988555908 -5.84999990463257 -5.57999992370605
-9999 -9999 -9999 -9999 -9999 -8.30000019073486 -7.8600001335144 -7.63999958570477 -7.21999979019165 -6.99999993388524 -6.42999982833862 -6.25 -6.19999980926514 -6.21999979019165 -6.23999977415328 -6.36000013351441 -6.69000005722046 -6.76999998092651 -6.30999994277954 -6.28000020980835 -6.17000007629395 -5.80999994277954 -5.73999976522221 -5.57999992370605 -5.59999990463257 -5.65000009536743 -6.01000022888184 -6.38000011444092 -6.73000001907349 -6.96000003814697 -6.82999992375022 -6.84999990463257 -6.84000015258789 -6.53999996185303 -6.38999986648559 -6.05999994277954 -5.92000007629394 -5.59999990463257 -5.71000003814697 -5.53999996185303 -5.44999980926514 -5.71999979019165 -5.80000019073486 -5.65000009536743 -5.53000020980835
-9999 -9999 -9999 -9999 -9999 -7.53000020980835 -7.25 -6.94999980926514 -6.97999978406342 -6.40000009536743 -6.57999992370605 -6.42999982833862 -6.32999992370606 -6.30000019073486 -6.32999992370606 -6.32999992370605 -6.51999998092651 -6.63999986648559 -6.5 -6.23999977111816 -6.17000007629395 -6.03999996185303 -5.78999996185303 -5.48000001907349 -5.53999996185303 -5.82000017143463 -6.03999996185303 -6.55000019073486 -7.09999990463257 -7.34999990463257 -7.30000019073486 -7.3600001335144 -7.42000007629395 -6.96000003814697 -6.69999980926514 -6.46000003814697 -6.09999990463807 -5.90999984741211 -5.78000020980835 -5.67999982833862 -5.82000017166138 -6.05000019073486 -6.05000019073486 -5.82000017166138 -5.65999984741211
-9999 -9999 -9999 -9999 -9999 -7.23999977111816 -7.19999980926514 -6.82999992370605 -6.98000001907349 -6.69000020411708 -6.71000003814697 -6.65999984741211 -6.57000017166138 -6.53000020980835 -6.59999990463257 -6.75 -6.84999990463257 -7.03999996185303 -6.57999992370605 -6.51000022888184 -6.15999984745371 -6.03999996185303 -5.80999994277954 -5.5 -5.65000009536743 -6.01999998655834 -6.23999977111816 -6.71999979019165 -7.28000020980835 -7.44999980926514 -7.76000022888184 -7.76999998092651 -7.69000005722046 -7.3600001335144 -6.94999980926514 -6.71999979019165 -6.38000011444648 -6.19000005722046 -5.98000001907349 -5.94999980926514 -6.09000015258789 -5.90999984741211 -6.01999998092651 -6.03999996185303 -5.82000017166138
-9999 -9999 -9999 -9999 -9999 -7 -6.8899998664856 -6.86999988555908 -7.21999979019165 -7.42999982833862 -6.78000023519792 -6.82999993078735 -6.94000005722046 -7.01000022888184 -6.82999992370605 -6.82000017166138 -6.76000023101838 -6.90999984741211 -6.8600001335144 -6.65999984741211 -6.53999996185303 -6.38999986648559 -6.03999996185303 -6.01000022888184 -6.26999998092651 -6.94999980926514 -7.3600001335144 -7.09999990941035 -7.28999996185303 -7.94000005722046 -8.01000022888184 -7.98000001908611 -7.88000011444092 -7.65999984741211 -7.21000003814697 -6.96000003814697 -6.65999984741639 -6.46999979019165 -6.30999994277954 -6.26999998092651 -6.23999977111816 -6.17000007629395 -6.03000020980835 -6.26999998092651 -5.96999979019165
-9999 -9999 -9999 -9999 -9999 -6.92999982833862 -7.01999998092651 -6.76000022888184 -7.26000022888184 -7.28000020980835 -7.07000017166138 -6.80000024942801 -6.78000020980835 -6.84000015258789 -6.88999986648559 -6.78000020980835 -6.82000017166138 -6.75 -6.94000005722046 -6.78000020980835 -6.73999977111816 -6.57000017191235 -6.36999988555908 -6.59000015258789 -6.88000011444092 -7.55999994277954 -8.34000015209981 -8.67000007629395 -8.72999954223633 -8.26000022985507 -8.18000030517578 -8.06999969482422 -8.02999973297119 -7.71000003814697 -7.3899998664856 -7.19999980926514 -6.94000005722046 -6.75 -6.65000009536743 -6.48999977111816 -6.42000007629395 -6.42999982833862 -6.30000019073486 -6.15999984741211 -5.78999996185303
-9999 -9999 -9999 -9999 -9999 -7.19999980926514 -7.17999982833862 -7.05999994277954 -7.28999996185303 -7.53999996185303 -7.40000009536743 -7.23999977111816 -6.80999997873095 -6.6399998664856 -6.76999998092651 -6.84999990463257 -6.6100001335144 -6.71999979147845 -6.90000009536743 -7.07999992370605 -7.09999990463257 -7.1100001335144 -7.09000015258789 -7.07999992370605 -7.36999988555908 -8.14000034332276 -9.0600004196167 -9.46000003814697 -9.13000011444092 -8.60000038146973 -8.14999961853027 -8.10999965667725 -8.06000041966862 -7.76000022888184 -7.53999996185303 -7.40000009536743 -7.17999982833862 -7.05000019073486 -6.88000011444092 -6.71000003814697 -6.53000020980835 -6.3600001335144 -6.28000020980814 -5.80999994277954 -5.5
-9999 -9999 -9999 -9999 -9999 -8.52000045776367 -7.38000011444092 -7.53000020980835 -7.65000012561651 -7.78000020980835 -7.78000020980835 -7.53000020980835 -6.90999984741211 -6.69000005159569 -6.67000007629394 -6.76000022888184 -6.5 -6.82000017166138 -6.80999994277954 -7.30000019073486 -7.63000011444092 -7.44000005722046 -7.38999986642388 -7.53000020980835 -7.8899998664856 -8.52999973297119 -9.17000007629395 -9.35999965667724 -9.3100004196167 -8.72999954223633 -8.26000022888183 -8.15999984741211 -8.14000034332275 -7.90999984741211 -7.67000007633995 -7.57999992373504 -7.3899998664856 -7.26000022888184 -7.1100001335144 -6.98999977111816 -6.69000005722046 -6.3899998664856 -6.26999998092651 -5.90999984741211 -5.63000011444092
-9999 -9999 -9999 -9999 -9.25 -9.30000019073487 -8.56999969482422 -8.02000045776367 -8.19999980926514 -8.26000022888183 -8.22000026702881 -8.11999988555908 -7.48000001907349 -6.84000015258789 -6.63999988475347 -6.53999996185303 -6.5 -6.6399998664856 -6.67000007718224 -7.23999977111816 -7.46000003814697 -7.53000020980835 -7.84000015258789 -7.94999980926514 -8.23999977111817 -8.73999977111816 -9.18000030517578 -9.35000038142645 -9.27999973297119 -8.81999969482422 -8.38000011444092 -8.10000038146973 -7.96000003815127 -7.90999984741211 -7.90999984741211 -7.82000017166138 -7.71000003814697 -7.55999994277954 -7.28000020981117 -7.19000005722065 -6.82999992370671 -6.51000022888235 -6.42999982833856 -6.03000020980809 -5.82999992370605
-9999 -9999 -9999 -9999 -10.1000003814697 -9.52999973297119 -8.8100004196167 -8.31999969482422 -8.64000034332276 -8.47000012083618 -8.02000045776367 -7.88000011444092 -7.51000022888184 -6.71000003814697 -6.73000001907349 -6.99999994104874 -6.28999996185303 -6.44000005722046 -7.03999996185303 -7.17999982833862 -7.5 -7.57000017166138 -7.96000003814697 -8.10999965667725 -8.40999984741211 -8.81999969482422 -9.09000015258789 -9.27999973297119 -9.22999954223633 -8.72000026702881 -8.38000011444092 -8.10000038146973 -7.82000017168075 -7.8899998664856 -7.8600001335144 -7.88000011444092 -7.76000022888184 -7.5599999427809 -7.40000009536743 -7.19999980926514 -6.90999984741211 -6.53000020980835 -6.34000015258789 -5.92000007629395 -5.53000020980835
-9999 -9999 -9999 -9999 -10.2700004577637 -9.71000003814697 -9.06999969482422 -8.60000038146973 -8.02000045776367 -7.82999992370605 -7.92000007629395 -7.61999988555908 -7.11999988555908 -6.86999988555908 -6.55999994277954 -6.38000011444092 -6.30000019073486 -6.57999992370605 -6.96999979019165 -7.09000015258789 -7.3899998576357 -7.67999982833862 -7.57000017166138 -8.42000007629395 -8.35999965667725 -8.76000022888184 -8.93000030517578 -9.10000038146973 -9.11999988555908 -8.65999984741211 -8.26000022888183 -7.92000007629395 -7.69999980926514 -7.78999996185303 -7.84999990463257 -7.90000009536743 -7.78999996185303 -7.57999992370777 -7.3899998664856 -7.1399998664856 -6.90000009536743 -6.44000005722046 -6.30999994277939 -5.92000007629394 -5.59999990463257
-9999 -9999 -9999 -9999 -11.0100033643205 -9.30000019073487 -9.88000013256326 -9.84000015258789 -8.71000003814697 -7.61999988555908 -7.55999994277954 -7.46000003814697 -7.19000005722046 -6.94000005722046 -6.63000011444092 -6.69000005722046 -6.48999977111816 -6.76999998092651 -7.01000020355881 -7.01000022888184 -7.23999977111816 -7.51999998092651 -7.88000011444092 -7.88999986648559 -8.17000007629395 -8.4399995803833 -8.65999984741211 -8.82999992370605 -8.57999992381629 -8.46000003814697 -8.19999980926514 -7.92999982833862 -7.69999980926514 -7.71999979019165 -7.88999986648559 -7.96000003814697 -7.80000019073486 -7.57999992370789 -7.38000011444092 -6.98000001907349 -6.76999998092651 -6.30000019073486 -6.13000011444087 -5.80000019073486 -5.48000001907349
-9999 -9999 -9999 -9999 -13.0299997329712 -9.7900004972576 -10.3800001144409 -9.90999984741211 -9.14999961853027 -8.27999973297119 -7.71000003814697 -7.73999977111816 -7.23999977111816 -7.07999992370606 -6.73999977111816 -6.48999977111816 -6.42000007629394 -6.40000009536743 -6.55999994277954 -6.34000015258789 -6.57999992370605 -7.17999980508676 -7.19000005722046 -7.32999992475652 -7.32999992370605 -8.14000034332275 -8.34000015258789 -8.34000015258789 -8.19999980926514 -8.09000015258789 -8.09000015258789 -7.94000005722046 -7.98999977111816 -7.90000009536743 -7.94999980926514 -8.02999973297119 -7.80999994277954 -7.53999996185303 -7.32999992370605 -6.86000013351441 -6.46999979019165 -6.15999984741211 -6.15999984741211 -5.82000017166138 -5.65999984741211
-9999 -9999 -9999 -9999 -12.3500003814697 -14.0799999237061 -11.8199994024075 -10.8999993972482 -9.60999965667725 -9.19999980926514 -8.5 -8.10000038146973 -7.78000020980835 -7.21999979019165 -6.59999990463257 -6.34000015258789 -6.07000017166138 -5.96000003814697 -6.17000007629395 -6.30000019073486 -6.57000017166138 -6.65999984741211 -6.38999986733338 -6.78000020980835 -7.76000022686806 -7.86999988555908 -7.84999990463257 -7.11999988555908 -7.17000007629394 -7.78999996185303 -7.76000022888184 -7.78000020980835 -7.88000011444092 -8.02999973296413 -7.98999977111816 -8 -7.82000017166138 -7.48000001907349 -7.30999994277954 -7 -6.69999980926514 -6.23000001907349 -5.86999988555919 -5.82000017166138 -5.80000019073486
-9999 -9999 -9999 -9999 -13.3299999237061 -13.0500001907349 -13.6000003814697 -11.7199996933124 -9.81999969482422 -9.52000045776367 -9.35000038146973 -8.52999973297119 -8.2299995103407 -7.11999988555908 -6.55999994277954 -6.15000009536743 -6.05000018965336 -5.76999998092651 -6.01999998092651 -6.23000001907349 -6.44999980926514 -6.42999982961686 -6.19000005085242 -6.01000022888184 -5.96999979019165 -6.26999998092651 -7.25 -6.46999979019165 -6.80000019073486 -6.98999977111816 -7.69999980926514 -8.10000038146973 -7.92000007629395 -7.8899998664856 -7.96000003814697 -7.88000011444092 -7.73000001907349 -7.40999984741211 -7.32999992370605 -7.07000017166138 -6.73999977111816 -6.44999980926514 -5.98999977111837 -6.15999984741211 -6.01000022888184
-9999 -9999 -9999 -9999 -13.4000005591618 -14.1700000762939 -13.9200000762939 -10.7600002288818 -10.6000003814697 -9 -9.34000015258789 -8.18000030517578 -7.5 -7.11999988555908 -6.96000003814697 -5.98999977111816 -5.67999982833862 -5.61999988659831 -5.98000001908806 -6.09000015258789 -6.15000009522487 -6.05999994277954 -6 -5.84000015258789 -5.75 -5.69000005722046 -5.98000001907349 -6.11999988555908 -6.32999992370605 -6.76000022888184 -7.28999996185303 -7.46999979019165 -7.71000003814697 -7.73000001907349 -7.78000020980835 -7.8600001335144 -7.51000022888184 -7.28999996185303 -7.30999994277954 -7.21000003814697 -7.15000009536743 -6.80999994277954 -6.23000001907349 -6.48000001907349 -6.17000007629395
-9999 -9999 -9999 -9999 -14.0900001525879 -14.6700000762939 -13.8900003433228 -12.7600002288818 -8.96000003814697 -8.88000011444092 -9.07999992370605 -8.69999980926514 -8.36999988555908 -7.55000019073486 -6.44000005722046 -6.13000011444092 -5.63000011444092 -6.13000011444092 -5.98000001907349 -5.75 -5.71000003814697 -5.76999998092651 -5.65999984741211 -5.67999982436598 -5.57999992370605 -5.61000013351441 -5.55999994277954 -5.61999988555908 -5.90000009536743 -6.11999988555908 -6.51999998092651 -7.13000011444092 -7.3899998664856 -7.61999988555908 -7.59000015258789 -7.71999979019165 -7.48000001907349 -7.3600001335144 -7.40000009536743 -7.48000001907349 -7.53999996185303 -7.19999980926514 -6.65000009536743 -6.65999984741211 -6.38000011444092
