SnowAccumulation_R/test/tmin/final_tmin_01_04_2009.asc
NCOLS 97 
NROWS 69 
XLLCORNER 52512.810182332 
YLLCORNER 5316225.2758522 
CELLSIZE 10000 
NODATA_value -9999 
[rows 0 to 19 of 69, columns 45 to 89 of 97]
-9999 -9999 -9999 -9999 -9999 -9999 -9999 -9999 -9999 -9999 -9999 -9999 -9999 -9999 -9999 -9999 -9999 -9999 -9999 -9999 -9999 -9999 -9999 -9999 -9999 -9999 -9999 -9999 -9999 -9999 -9999 -9999 -9999 -9999 -9999 -9999 -9999 -9999 -9999 -9999 -9.96000003814697 -10.1099996566772 -10.2299995422363 -10.2799997329712 -10.3199996948242
-9999 -9999 -9999 -9999 -9999 -9999 -9999 -9999 -9999 -9999 -9999 -9999 -9999 -9999 -9999 -9999 -9999 -9999 -9999 -9999 -9999 -9999 -9999 -9999 -9999 -9999 -8.52000045776367 -8.46000003814697 -8.46000003814697 -8.3100004196167 -7.82999992370605 -7.46999979019165 -7.46999979019165 -7.84000015258789 -8.19999980926514 -8.57999992370605 -8.94999980926514 -9.39000023975902 -9.57999992370605 -9.95999994070923 -10.1199998855591 -10.2700004577637 -10.3500003814697 -10.4099998474121 -10.4399995803833
-2.34999990463257 -3.19000005722046 -4.15999984741211 -4.53999996185303 -5.3899998664856 -6.32999992370606 -7.03999996185303 -7.53999996185303 -7.94999980926514 -8.14999961853027 -8.35999965667725 -8.60000038146973 -8.76000022888184 -8.92000007629395 -9.02000045782549 -9.23999977111817 -9.27999973297119 -9.22999954223633 -9.22999954223633 -9.21000003814697 -9.21000003814697 -9.21000003814697 -9.09000015258789 -8.93000030517578 -8.73999980014438 -8.86999988604848 -8.77999973297119 -8.67000007629395 -8.69999980926514 -8.72999954223633 -8.35000038146973 -7.96999979019165 -7.76999998092651 -8.10999965667724 -8.46000003814697 -8.84000015258789 -9.15999979717399 -9.31999969482422 -9.70000002683311 -10.1099996566772 -10.2700004577637 -10.4499998092651 -10.4899997711182 -10.5500001907349 -10.6199998855591
-2.34999990463257 -3.24000000953674 -4.4200000762936 -5 -6.09000015258789 -7.19000005722046 -7.92000007629395 -8.36999988555908 -8.53999996185849 -8.85000038146972 -9.17000007629395 -9.27999973297119 -9.40999984741211 -9.55000019073486 -9.67000007629395 -9.85999965667725 -9.97000026702881 -9.73999977111816 -9.64999961853027 -9.60000038146973 -9.60999965667725 -9.59000015258789 -9.52999973297119 -9.28999998718069 -9.48999977111816 -9.35000038146973 -9.11999988555908 -8.90999984741211 -8.90999984741211 -8.98999977111816 -8.64999963146957 -8.38000011444092 -8.25 -8.52000045776367 -8.82999992370605 -9.15999984741211 -9.3100004196167 -9.59000047074097 -10.1599998474121 -10.3400001525879 -10.4899997711182 -10.5500001907349 -10.6700000762939 -10.7200002670288 -10.8199996948242
-2.55999994277954 -3.53999996185303 -4.61999988555908 -5.26999998092651 -6.73000001907349 -8 -8.72000026702881 -9.10000038146973 -9.22999954224062 -9.44999980926514 -9.75 -9.94999980926514 -10.0699996948242 -10.1199998855591 -10.1800003051758 -10.2399997711182 -10.25 -10.1499996185303 -10.0600004196167 -10.0200004577162 -9.9399995803833 -9.93000030517578 -10.2399997711182 -10.1099996566772 -9.77000045788521 -9.67000007629394 -9.4399995803833 -9.23999977111816 -9.13000011444092 -9.19999980926514 -9.19999980926514 -8.88000011444092 -8.80000019073486 -8.98999977111816 -9.22000026702881 -9.39000034332275 -9.75000028300203 -10.3199996948242 -10.460000038147 -10.6099996566772 -10.7399997179484 -10.7600002288818 -10.8599996566772 -10.9399995803833 -10.9200000762939
-2.5699999332428 -3.59999990463257 -4.78000020980835 -5.42000007629395 -7 -8.77000045776367 -9.39999961853027 -9.60000038146973 -9.72000026702881 -9.96000003814697 -10.2299995422363 -10.4200000762939 -10.5 -10.5299997329712 -10.539999961853 -10.539999961853 -10.5200004577637 -10.6099996566772 -10.5 -10.3900003433228 -10.2700004651775 -10.5900001525879 -10.5600004196167 -10.4700002670288 -10.3199996948242 -9.97999954223633 -9.78999996185303 -9.61999988555908 -9.42000007629395 -9.39000034332275 -9.39999961853027 -9.32999992370605 -9.30000019073486 -9.44999980926514 -9.65999983357386 -9.77000045776367 -10.4099998474121 -10.6099996566772 -10.7700004577637 -10.8699998652469 -10.9200000762939 -10.960000038147 -11.0500001907349 -11.1199998855591 -11.090000259399
-2.5699999332428 -3.57999992370606 -4.11999988555925 -5.34000015258789 -6.96999979019165 -8.73999977111816 -9.39999961853027 -9.68000030517578 -9.85999965667724 -10.2700004577637 -10.5500001907349 -10.8100004196167 -10.8999996185303 -10.8900003433039 -10.8599996566772 -10.789999961853 -10.8500003814697 -10.9200000762939 -10.8699998880072 -11.1300001144409 -10.9399995803833 -10.8900003433228 -10.8299999237061 -10.8100004196167 -10.7700004577637 -10.3100004196167 -10.1000003814697 -9.94999980926514 -9.8100004196167 -9.72999954223633 -9.6899995803833 -9.69999980926513 -9.77000045776367 -9.9399995803833 -10.0299997329712 -10.5900001525879 -10.7600002288818 -10.8900003433228 -11.0200004577637 -11.039999961853 -11.1199998855591 -11.1700000762939 -11.2200002670288 -11.2700004577637 -11.3000001907349
-2.60999989509583 -3.44000005722046 -3.90000009536807 -5.03999996185303 -6.5 -7.96999979019165 -8.98999977111816 -9.60999965667725 -9.88000011444092 -10.3100004196167 -10.7399997711182 -11.1199998855591 -11.1599998474121 -11.1199998855591 -11.0900001525879 -11.0200004577637 -11.060000420308 -11.1800003051758 -11.210000038147 -11.289999961853 -11.3000001907349 -11.1700000762939 -11.1499996185303 -11.1400003432572 -11.0699996948242 -10.6099996566772 -10.3699998855591 -10.25 -10.1999998092651 -10.1199998855591 -10.0299997329712 -10.1199998855591 -10.1800003051758 -10.2399997711182 -10.8400001525879 -11.0100002288818 -11.1199998855591 -11.1800003051758 -11.2200002670288 -11.2600002288818 -11.3199996948242 -11.3800001144409 -11.3900003433228 -11.4200000762939 -11.4200000762939
-2.67000007629395 -3.28999996185303 -3.65000009536743 -4.55000019073486 -5.78999996185303 -7.15999984741211 -8.34000015258789 -9.35000038146972 -9.77999973297119 -10.1800003051758 -10.7799997329712 -11.3699998855591 -11.2600002288818 -11.1899995803833 -11.1300001143771 -11.1099996566772 -11.1999998092651 -11.289999961853 -11.3299999237061 -11.4200000762939 -11.4399995803833 -11.4499998092651 -11.460000038147 -11.3699998855591 -11.2399997711182 -10.9099998474121 -10.6499996185303 -10.5000000004765 -10.4799995422363 -10.4499998092651 -10.4200000762939 -10.460000038147 -10.5299997288315 -10.9499998092651 -11.2200002670288 -11.3900003433228 -11.4200000762939 -11.4399995766482 -11.4499998092651 -11.4700002670288 -11.5299997329712 -11.5299997329712 -11.5200004577637 -11.4799995422363 -11.4900001046035
-2.70000004768372 -3.22000002861023 -3.49000000953674 -4.03000020980835 -5.17000007629395 -6.40999984741211 -7.69000005722046 -8.28999996186439 -9.27999973297119 -9.85000038146973 -10.3800001144409 -10.9099998474121 -11.0399999611203 -10.7399997711182 -10.8699998855591 -10.9799995422363 -11.1999998092651 -11.289999961913 -11.3800001144409 -11.4200000762939 -11.5600004196167 -11.6599998474121 -11.619999885484 -11.4799995422363 -11.3800001144409 -11.1199998855591 -10.9399995803833 -10.8100004196167 -10.6700000762939 -10.6499996185303 -10.6800003051758 -10.7700004577637 -11.0699996948242 -11.2399997711182 -11.5 -11.6899995803833 -11.6599998474121 -11.6700000762939 -11.6899995803833 -11.6199998855591 -11.6800003051758 -11.6400003433228 -11.6400003433228 -11.6499999048918 -11.6899995803833
-2.84999990463257 -3.28999996185303 -3.55999994277954 -4 -4.96999979019165 -5.98000001907349 -7.19000005722046 -7.78000020981854 -8.71000003808131 -9.32999992356135 -9.22000026702881 -9.80000019073486 -10.0399999618898 -10.3800001144409 -10.6300001144409 -10.8100004196167 -10.9099998474121 -11.1300001144409 -11.3500003814697 -11.4099998474121 -11.6099996566772 -11.7299995422363 -11.7200002670288 -11.6899995803833 -11.4899997711182 -11.2399997711182 -11.100000381869 -11.0200004577637 -10.8900003433228 -10.8599996566772 -10.9200000762939 -11.2299995389976 -11.3000001907349 -11.4399995803833 -11.6700000762939 -11.789999961853 -11.8100004196167 -11.8699998855591 -11.8100004196167 -11.8199996948242 -11.7799997329712 -11.8000001907349 -11.8000001907349 -11.8500003814697 -11.75
-3.09999990463257 -3.50000000000063 -3.77999997139053 -4.38999986648704 -5.19000005722167 -6.05999994278329 -7.09999990463257 -7.46999979019165 -8.02000045776367 -8.43000030517578 -8.6899995803833 -9.4399995803833 -9.72000026702881 -10.0900001525879 -10.4499998092651 -10.6599998474121 -10.75 -10.8500003814697 -11.1999998092651 -11.3199996948242 -11.539999961853 -11.6800003051758 -11.7299995422363 -11.7799997329712 -11.6300001144409 -11.4399995803833 -11.2700004577637 -11.1300001144409 -11.0900001525879 -11.039999961853 -11.2600002288818 -11.3199996948242 -11.4799995422363 -11.6099996566772 -11.7600002288818 -11.8800000968478 -11.8800001144409 -12 -11.9799995422363 -11.9799995422363 -11.9799995422363 -11.9300003051758 -12.0100002288818 -11.960000038147 -11.8300000533392
-3.55999994277954 -4.03000020980835 -4.28000020980865 -4.96999979019165 -5.71999979019165 -6.65000009536743 -7.21000003814697 -7.51000022888184 -7.90999984741211 -8.27999973297119 -8.71000003814697 -9.27999973297119 -9.5600004196167 -10.0200004577637 -10.2799997329712 -10.5 -10.5600004197128 -10.710000038147 -10.960000038147 -11.1499996185303 -11.3299999237061 -11.3999996187942 -11.6000003814697 -11.6800003051758 -11.6899995803833 -11.5900001525879 -11.3599996566772 -11.210000038147 -11.2200002736753 -11.2799997329712 -11.289999961853 -11.4300003051758 -11.5600004196167 -11.710000038147 -11.7700004577637 -11.8999996185303 -12.039999961853 -12.1400003433228 -12.1599998474121 -12.1300001318746 -12.1099996566772 -12.0500003497671 -12.1300001144409 -12.0600004196167 -11.9799995422363
-3.72000002861023 -4.28999996185303 -4.6399998664856 -5.19999980926514 -5.96999979019165 -6.76000022888184 -7.28999996185303 -7.5 -8.07999992370605 -8.48999977111816 -8.73999977111816 -9.26000022888184 -9.5 -9.92000007629394 -10.1999998092651 -10.3599996566772 -10.4200000763907 -10.5900001525879 -10.7399997711182 -10.8900003433228 -11.0799999237061 -11.1700000762939 -11.3999996185303 -11.5299997329712 -11.5600004196167 -11.5100002288818 -11.3000001907349 -11.1899995737505 -11.2399997711182 -11.3000001907349 -11.3900003433228 -11.4799995422363 -11.5900001525879 -11.6999998092651 -11.7700004577637 -11.9899997711182 -12.1800003051758 -12.3100004196167 -12.2299995422363 -12.1999998092651 -12.2100001599964 -12.2200002670288 -12.210000038147 -12.1700000762939 -12.0299997329712
-3.78999996185303 -4.34999990463257 -4.71999979019165 -5.55000019073486 -6.11999988555908 -6.71999979019165 -7.28999996185303 -7.61999988555908 -8.17000007629394 -8.65999984741211 -8.94999980926514 -9.25000000004056 -9.63000011444092 -9.85000038146973 -10.1000003814697 -10.3100004196167 -10.4300003051758 -10.4399995803833 -10.6300001144409 -10.8199996948242 -10.8599996568049 -11.0600004196167 -11.2600002288818 -11.3800001144409 -11.3900003433228 -11.3199996948242 -11.1300000955221 -11.0500001907349 -11.1199998855591 -11.2200002670288 -11.3999996185303 -11.4399995803833 -11.5200004577637 -11.7600002288818 -11.8699998855591 -12 -12.2200002670288 -12.3100004196167 -12.3599996566772 -12.289999961853 -12.4499998092651 -12.3000001907349 -12.2200003222337 -12.1700000762939 -12.039999961853
-3.74000000953674 -4.46000003814697 -4.84000015258789 -5.63999986648559 -6.32000017166138 -6.92000007629395 -7.46000003814697 -7.73000001907349 -8.17000007629394 -8.72999954223633 -9.1899995803833 -9.36999988555908 -9.6899995803833 -9.97999954223633 -10.2799997329712 -10.4499998092651 -10.3800001144409 -10.289999961853 -10.5100002288818 -10.6700000762939 -10.7600002288818 -10.8800001144409 -11 -11.1199998855591 -11.1300001144409 -10.7799997329712 -10.9799995422363 -10.8599996566772 -11.0299997329712 -11.1499996185303 -11.2600002288818 -11.3299999237061 -11.460000038147 -11.5600004196167 -11.789999961853 -12.039999961853 -12.210000038147 -12.430000271295 -12.4300003051758 -12.5 -12.4399995803833 -12.3199996948242 -12.2600002288818 -12.1300001144409 -12
-3.74000000953674 -4.5 -4.94999980926514 -5.69999980926514 -6.42000007629395 -7.03999996185303 -7.28999996185554 -7.80000019073486 -8.22000026702881 -8.78999996185303 -9.3100004196167 -9.52000045776367 -9.88000011444092 -10.1599998474121 -10.3900003433228 -10.4899997711851 -10.5200004577637 -10.3500003814697 -10.3100004196167 -10.5900001525879 -10.6499996185303 -10.6800003051758 -10.7700004577637 -10.8599996456301 -10.6499996185303 -10.6199998855591 -10.6800003051758 -10.6300001144409 -10.8699998847443 -10.9499998092651 -11.0900001525879 -11.1899995803833 -11.3400001525879 -11.460000038147 -11.710000038147 -11.9799995422363 -12.1999998092651 -12.3299999237061 -12.4700002670288 -12.5 -12.3699998855591 -12.3000001907349 -12.1899995803833 -12.0500001907349 -11.9399995803833
-3.85999989509582 -4.51999998092651 -4.98000001907349 -5.80000019073486 -6.55999994277954 -7.1100001335144 -7.36000013351661 -7.92999982833862 -8.35999965667725 -8.77999973297119 -9.26000022888184 -9.5600004196167 -10.0299997329712 -10.3400001525879 -10.539999961853 -10.6199998855591 -10.710000038147 -10.6099996566772 -10.5699996948242 -10.409999847316 -10.4499998092651 -10.6199998855591 -10.5699996911423 -10.3999996185303 -10.3999996185303 -10.4499998092651 -10.4799995422363 -10.460000038147 -10.5699996948242 -10.7200002670288 -10.8699998855591 -10.9899997711182 -11.0900001525879 -11.3500003814697 -11.6700000762939 -11.9499998092651 -12.1499995279144 -12.2700003931079 -12.4399995803833 -12.5100002288818 -12.2500000827109 -12.1499996185303 -12.0600004196167 -11.960000038147 -11.8599997208057
-3.84999990463257 -4.48999977111816 -4.8899998664856 -5.78999996185303 -6.59000015258789 -7.25 -7.51000022888435 -7.98999977111816 -8.47999954223633 -8.92000007629395 -9.21000003814697 -9.52999973297119 -10.0799999237061 -10.5200004577637 -10.710000038147 -10.7700004577637 -10.8500003814697 -10.8400001525879 -10.8500003814697 -10.789999961853 -10.3400001610926 -10.3299999237061 -10.1999998092651 -10.1999998092908 -10.1700000762939 -10.1400003433228 -10.1999998092651 -10.2600002284366 -10.3199996948242 -10.460000038147 -10.6300001144409 -10.789999961853 -10.9300003051758 -11.3100004196167 -11.5799999237061 -11.8299999237061 -11.949999748224 -12.0500001907349 -12.1999998092651 -12.2200002670288 -12.0900001525879 -11.9200000762939 -11.8900003433228 -11.8500003814697 -11.8299999237061
-3.79999995231628 -4.44000005722046 -4.80000019073486 -5.59000015258789 -6.46999979019165 -7.17000007629394 -7.51000022888183 -8 -8.56999969482422 -8.94999980926514 -9.11999988557729 -9.57999992370605 -10.0500001907349 -10.539999961853 -10.8199996948242 -10.8599996566772 -10.9300003051758 -10.8400001525879 -10.8699998833282 -10.6599998474121 -10.6700000762939 -10.5500001907349 -10.1700000762939 -10.0100002288818 -9.89999961853028 -9.82999992370605 -9.85000038146973 -9.92000007629395 -10.039999961853 -10.1599998474121 -10.3199996948242 -10.4300003051758 -10.8000001907349 -11.1700000762939 -11.4200000762939 -11.6000003531301 -11.7299995422363 -11.8400001525879 -11.8500003814697 -11.7700004577637 -11.5699996948242 -11.5600004196167 -11.7200002670288 -11.7600002288818 -11.7700004577637
