SnowAccumulation_R/test/tmin/final_tmin_20_04_2009.asc
NCOLS 97 
NROWS 69 
XLLCORNER 52512.810182332 
YLLCORNER 5316225.2758522 
CELLSIZE 10000 
NODATA_value -9999 
[rows 42 to 62 of 69, columns 0 to 45 of 97]
-9999 -9999 2.55999994277954 -0.670000016689301 -1.45000004768372 -1.19000049084089 -1.37999999523163 -0.319999992847443 0.150000087693501 1.8400000333786 1.08000004291534 2.34999989210525 2.38000011444092 1.4099999666214 1.55999994277954 0.300000011920929 2.0699999332428 0.330000019639681 2.80999993635057 2.7200000290981 2.75999999046326 3.03999996185303 3.55999994277954 3.74999999980852 3.42000007715468 3.30999994277954 3.25999999046326 3.01999998092651 3.04999995231628 2.84999990463257 2.84999990463257 2.95000004768372 2.94000005722046 2.24000000953674 1.36000001430511 1.10000002384186 0.5 0.310000002384186 0.0599999986588955 0.0399999991059303 0.180000007152557 0.769999980926514 0.899999976158142 1.04999995231628 1.12999999523163 1.71000003814697
-9999 -9999 0.610000014305115 -1.01999998092651 -0.680000007152557 -1.3400000333786 -0.54000012884107 -0.519999980926514 1.4099999666214 0.810000002384186 1.97000002861023 1.49000000953674 0.689999997615814 0.439999997615814 1.75999999046326 0.970000028610229 2.26999998092651 1.19000005722046 2.75999999046326 2.59999990463257 2.17000007629395 3.11999988555908 3.67000007629395 3.98000001907349 4.01999998092651 3.58999991416931 3.36999988555908 2.80999994277954 3.27999997138977 2.96000003814697 2.94000005722046 3.19000005722046 2.88000011444092 2.53999996185303 1.62000000476837 1.38999998569489 0.970000028610229 0.759999990463257 0.5 0.0900000035762787 0.589999973773956 0.680000007152557 1.05999994277954 1.10000002384186 1.66999995708466 1.6599999666214
-9999 -9999 2.70000004768372 -0.469999998807907 -0.560000002384186 -1.53999996185303 -0.259999990463257 -0.460000502751127 1.62999999523163 1.62000000476837 2.36999988555908 2.13000011444092 1.77999997138977 1.64999997615814 0.660000026226044 1.22000002861023 2.26999998092651 1.73000001907349 3.46000003814697 3.35999989509582 2.83999991416931 3.25999999046326 3.76999998092651 4.21999979019165 5 4.5 4.59999990463257 4.03000021032151 4.03000020980835 3.76999998092651 3.58999991416931 3.51999998092651 2.73000001907349 2.09999990463257 1.5 1.80999994277954 1.10000002384186 1 0.75 0.629999995231628 1.10000002384186 1.17999994754791 1.24000000953674 1.32000005245209 1.75999999046326 1.67999994754791
-9999 -9999 2.96000003814697 -0.350000225303783 -1.12000000476837 -1.05999994277954 -1.04999993848207 -0.370000004768372 0.140000161000527 0.770000008672181 2.15000009536743 1.94000005722046 1.5399999608943 0.449999988079071 0.100000001490116 1.5900000333786 2.33999991416931 2.24000000953674 3.48000001907349 3.49000000953674 3.64000010490417 3.44000005722046 3.80999994277954 4.8600001335144 4.5 4.57000017166138 5.3899998664856 4.30999994314318 4.11999988573686 4.30000019073486 4.26000022888184 4.21999979019165 3.5 2.92000007629395 2.15000009536743 1.79999995231628 1.75999999046326 1.49000000953674 1.4099999666214 1.5 1.71000003814697 1.66999995708466 1.72000002861023 1.74000000953674 1.82000005245209 1.66999995708466
-9999 -9999 3.29999995231628 -1.03999996185303 -0.610000014305115 -0.0299999993294477 -0.109999999403954 -0.46000000834465 -0.419999986886978 1.57000008219645 1.9099999666214 1.8400000333786 1.36000001430511 0.550000011920929 0.990000009536743 1.13999998569489 2.19000005722046 1.80999994277954 1.62000000476837 4.01999998092651 4.03000020980835 4.42999982833862 5.11999988555908 5.11999988555908 5.51000022733552 5.51000022888184 5.28999996238132 4.6399998664856 3.97000002861023 4.78999996185303 5.46000003814697 5 4.3600001335144 3.8199999332428 2.90000009536743 2.11999988555908 1.82000005245209 1.5900000333786 1.80999994277954 1.83000004291534 1.87999999523163 1.9099999666214 1.82000005245209 1.85000002384186 2.08999991416931 1.87000000476837
-9999 -9999 3.58999991416931 -0.800000011920929 0.0199999995529652 0.0799999982118607 0.25 -0.660000026226044 0.219999998807907 1.67999994754791 1.96000003814697 1.97000002861023 1.14999997615814 0.689999997615814 1.4099999666214 1.36000001430511 2.30999994277954 2.70000004768372 3.76999990339056 3.79999995231628 4.17000007629394 4.94000005722046 5.28000020980835 5.26999998092651 5.67999982764242 5.90000009489945 5.94999980926514 5.40000009536743 5.94000005722046 6.17000007629395 5.96000003814697 5.21000003814697 5.36999988555908 4.17000007629395 3.0699999332428 2.21000003814697 2.11999988555908 1.94000005722046 1.9099999666214 1.96000003814697 2 2.1800000667572 1.87000000476837 2.28999996185303 2.25999999046326 2.52999997138977
-9999 0.639999985694885 3.55999994277954 0.379999995231628 -0.370000041182681 0.280000001192093 -0.310000002384186 -0.289999914211177 1.01999998092651 1.87000000476837 2.17000008444052 1.94000010060696 0.740000009536743 1.4099999666214 2.05999994277954 1.69000005722046 2.5699999332428 2.70000004768372 2.17000007629395 4.17000007629395 4.46000003814697 4.94999980926514 5.28000020980835 5.32999992370605 5.55999994277954 6.28000020980835 6.67000007629395 6.23000001907349 6.51999998092651 7.19000005722046 6.5199999810044 5.76999998092651 5.82000017165018 5.03999996185303 3.57999992370605 2.35999989509583 1.91999995708466 2.14000010490417 2.19000005722046 2.30999994277954 2.53999996185303 2.41000008583069 2.32999992370605 2.36999988555908 2.34999990463257 2.09999990463257
-9999 2.15000009536743 3.41000008583069 -0.200000002980232 0.170000001788139 -0.150000005960465 0.959999978542328 1.1599999666214 1.48000001907349 2.15000009536743 2.69000005722046 2.79999995231628 0.970000051689407 2.74000000907336 2.95000004768372 2.52999997138977 2.60000005245413 3.69000005722046 2.92000007629394 5.63000014972764 5.30000019073486 5.21999979019165 5.5 5.78999996185303 6.17999982833862 6.65999984741211 7.19000005722046 6.84000015258789 7.05000019073486 7.48999977093985 7.65999984741211 8.02000045776367 7.23000001907349 5.86999988555908 3.95000004768372 2.99000000953674 2.25 2.17000007629395 2.54999995231628 2.70000004768372 2.9300000667572 3.4300000667572 2.6800000667572 2.48000001907349 2.08999991416931 1.62000000476837
-9999 -0.740000009536743 0.970000741777084 0.180000007152557 -0.819999992847443 -0.219999998807907 0.0500000007450581 0.46000000834465 1.01999998092651 1.85000002384186 2.48000001907349 2.88000011444092 2.61999988555908 2.91000008583069 3.01999998092651 2.5699999332428 3.23000001907349 3.96000003814697 3.76999998092651 6.36000009531899 5.28000020980835 4.38000011444092 5.42000007629395 6.25 7.53000020980835 7.21999979019165 7.76000022888184 7.76000022864055 7.76000022888184 7.98999977085069 8.05000019073486 8.35999965667725 7.65000009536743 6.30000019073486 5.13000011444092 4.3899998664856 3.01999998092651 2.60999989509583 2.73000001907349 2.91000008583069 3.03999996185303 3.09999990463257 2.75 2.46000003814697 2.01999998092651 1.49000000953674
-9999 0.029999710917109 3.65000009536743 0.449999988079071 -0.569999992847443 0.430000007152557 0.579999983310699 0.560000002384186 0.540000071074398 2.00999999046326 2.19000005722046 2.15000009536743 3.17000007629395 3 2.6800000667572 3.78999995615811 2.86999988555908 3.63000011444092 2.59999990463257 5.17000007629395 5.19000006276786 4.5 5.55000019073486 6.57000017166138 7.26000022874543 7.26000022888184 7.76000022941735 7.73000001907349 8.13000011406263 8.97999954223633 8.0600004196167 8.02000045776367 7.67999982833862 6.65999984741211 5.94999980926514 4.67999982833862 3.57999992370605 2.86999988555908 2.92000007629395 3.03999996185303 3.30999994277954 3.46000003814697 2.77999997138977 2.32999992370605 1.9099999666214 1.88999998569489
-9999 -0.200000002980232 3.01999998092651 1.74000000953674 -0.0599999986588955 0.990000009536743 0.649999976158142 0.759999990463257 1.24000000953674 1.89999997615814 1.5 2.28999996185303 2.6800000667572 3.19000005722046 3.09999990463257 3.65000009536743 3.0000000146106 3.30999994277954 2.84999990463257 4.84999990463257 5.32000023711461 2.82999992370606 5.40999984741211 6.44000005722046 6.73999977111816 7.57999992370605 7.76000022888184 7.8600001335144 7.63999986648559 7.92999982833862 8.14999961856441 7.76000022901265 7.69999980926514 6.78000020980835 5.90999984745155 4.19000005722046 3.70000004768372 3.16000008583069 3.20000004768372 3.46000003814697 4.1100001335144 3.98000001907349 2.90000009536743 2.49000000953674 1.99000000953674 1.98000001907349
-9999 0.00999999977648258 -0.0900000035762787 3.19999954095256 0.200000002980232 1.3400000333786 1.11000001430511 0.860000014305115 1.47000002861023 1.86000001430511 1.74000000953674 2.41000008583069 2.67000007629395 2.97000002861023 3.27999996980787 3.69000005722046 3.70000004768372 3.6800000667572 3.78999996185303 4.17999982833862 6.17999982833862 6.01999998092651 5.6300001280282 6.23000001907349 7.15999984741211 7.44999980926514 7.98000001907349 8.0600004196167 7.76999998092651 7.25 7.90999984716356 7.67999982833862 7.32999992370605 6.75 6.01000022891549 5.63000011444092 4.96000003814697 4.51999998092939 4.3899998664856 4.19000005722046 4.09999990463257 3.38000011444092 3.50999999046326 2.72000002861023 2.35999989509582 2.32999992370605
-9999 0.170000001788139 0.939999997615814 2.67000007629395 1.73000001907349 1.37000000476837 1.4099999666214 1.27999997138977 1.71000003814697 1.9099999666214 1.71000003814697 2.42000007629395 2.69000005722046 2.83999991416931 3.21000003814697 3.44000005722046 3.50999999046326 3.13000011444092 3.76999998092651 3.58999996552879 4.59999990322975 6.01999993158346 6.26000022888184 7.05999994277954 7.38000011444092 7.65999984741211 7.59999990463257 8.05000019073486 8.06999969482422 7.21000003833321 7.40000009536743 7.44999980926514 6.94000005722046 6.59000015258789 6 5.67000007629395 5.03000020980835 4.59999990463569 4.44999980926514 4.19999980926514 4.05000019073486 3.77999997138977 3.47000002861023 3.289999961853 2.92000007629395 2.5
-9999 0.410000074533819 0.850000023841858 1.62999999523163 3.0699999332428 1.41999995708466 1.91999995708466 1.62000000476837 1.62999999523163 1.75999999046326 1.97000002861023 2.4300000667572 2.65000009536743 2.98000001907349 3.35999989509583 3.42000007629395 3.79999995231628 3.44000005722046 4.17000007629395 5.32999992370605 4.59999990463257 4.42999983655359 4.01999998092651 6.94999980629604 7.55000019073486 7.94000005722046 7.94000005722046 7.90000009536743 7.59000015349956 7.11999988555908 7.07000017166138 7.23999977111816 6.82000017166138 6.46000003814697 5.8899998664856 5.59000015258789 5 4.59000015259022 4.46999979019165 4.19000005722046 4.05000019073486 3.73000001907349 3.52999997138977 3.38000011444092 3.05999994277954 2.73000001907349
-9999 -0.162499994039535 -0.722500026226044 1.94500005245209 2.24250006804515 2.51749992370605 1.92999994754791 1.74000000953674 1.91999995708466 2.08999991416931 2.29999995231628 2.29999995231628 2.50999999039593 3.14000010490418 3.60999989509583 3.75999999046326 3.5699999332428 3.35999989509583 4.21999979019165 5.51000022888184 4.5 4.09000015258789 4.26000022805044 6.96000003814697 7.48999977111817 8.21000003814697 8.27000045776367 8.02000045776367 7.90000009536743 7.42999982833862 7.05000019073486 6.6100001335144 6.1100001335144 6.34999990463257 5.84999990463257 5.55000019073486 4.94000005722046 4.51999998092651 4.44000005722046 4.19000005722046 3.97000002861028 3.89000010490417 3.63000011444092 3.48000001907331 3.20000004768372 2.99000000953674
-9999 0.747500002384186 0.0649999976158142 0.852500021457672 2.2574999332428 2.85500001907349 2.17000007629394 1.55499992100706 0.0825000032782554 -0.667500019073486 0.207499995827675 0.197500005364418 -0.317499995231628 0.962499976158142 2.98250007629395 -1.06749996362962 -2.78749990463257 -1.97500002384186 -1.2224999666214 -0.257499992847443 0.572499990463257 -0.672500014305115 -0.455000013113022 1.77250003814697 5.47999994086843 6.78999996185303 7.73999977111816 7.40000009536743 7.23000001907349 7.19000005722046 6.65000009536743 6.36000013351441 6.34000015258789 6.17000007629394 5.69000005722046 5.40999984741211 5 4.6100001335144 4.44000005722046 4.19999980926514 3.8800001144412 3.8199999332428 3.52999997138977 3.42000007629392 3.20000004768372 3.0699999332428
-9999 0.574999988079071 0.999999783989583 -0.402500003576279 2.82750010490417 2.83500003814697 3.29250001907349 1.88750004768372 0.224999994039536 0.382499992847443 0.13750000127111 0.47749999165535 -0.0375000089406967 1.04250001907349 2.57750010490417 1.61000001430511 -1.18499994277954 -1.98500001430511 -0.935000009385478 -0.492500007152557 -0.00250000995583832 -0.277500003576279 -0.367500007152557 0.512500107288361 0.222499996423721 -1.61249995231628 3.5325000285174 3.35249996100279 3.64000010490417 3.62499999992744 3.34999990463257 3.4449999332428 3.36249995231628 3.42750000953674 3.47000002861023 3.51999998092651 3.21749997138977 2.91249990463257 3.08999991416931 3.11249995231628 2.112499952318 2.74000000953674 2.84999990463257 3.01999998092641 2.92750000953674 2.91249990463257
-9999 0.449999988079071 0.610000014305115 0.0350000113248825 3.15249991416931 2.70749998257899 3.03749990463257 1.77999997138977 1.71749997138977 0.814999997615814 -0.0650000125169754 0.697499990463257 1.28250002861023 1.44749999046326 0.987500011920929 1.84249997138977 0.997500002384186 -2.36500000953674 -1.78999996185303 -0.612500011920929 -0.897499978542328 -0.327499961060891 -0.00749997980892658 0.239999994635582 0.104999996721745 0.975000023841858 2.41750001907349 2.53749990463257 2.57750010490417 3.19499993292154 3.24749994277954 3.41499996185303 3.36999988555908 3.46000003814697 3.29250001907349 3.125 3.03250002861023 2.90750002861023 2.67000007629395 2.71749997138977 1.74749994277978 1.9375 2.25250005722046 2.37750005722046 2.34999990463257 2.86500000953674
-0.532500028610229 -0.490000009536743 0.917500019073486 0.819999992847443 3.98250007629395 2.47250008583069 2.67499995231628 2.2425000667572 2.0625 1.54499995708466 0.280000129274466 0.6700000166893 1.61500000953674 0.95749998580236 0.610000014305115 0.465000003576279 0.395000010728836 -1.06749999523163 -1.57749998569489 -0.497500002384186 -0.8924999833107 0.382499992847443 0.910000026226044 0.545000016689301 1.74249994754791 -1.28250002861023 1.35749995708466 1.99500000476837 2.61500000953674 3.05999994277954 3.57500004768372 3.72499990463257 3.44000005732647 3.42000007629395 3.1949999332428 3.08999991416931 3.27999997138977 2.98749995231628 2.51749992370605 2.16750001907349 1.13750004768409 1.36249995231628 2.09999990463257 2.32750010490417 2.64750003814697 2.70499992370605
-0.852500021457672 -0.714999973773956 1.35500001907349 1.80999994277974 3.32999992370605 3.07750010490417 2.625 3.02250003814697 2.47749996185303 2.19250011444092 1.54250001907349 0.757500094378991 1.3400000333786 1.12249994277954 0.367500007152557 -0.317499995231628 -0.150000008498315 -0.730000019073486 -0.84249997138977 -1.0275000333786 -0.167500004172325 0.157499998807907 1.1599999666214 0.902499973773956 -0.44749998707287 0.8924999833107 0.295000106096268 0.019999910145998 2.93499994277954 3.9375 3.99749994277954 3.94000005722046 3.64750003818355 3.61500000953674 3.54999995231628 3.30749988558393 3.41249990463712 2.63249993324312 2.36999988555908 1.7150000333786 0.615000009536743 0.699999988079071 1.37999999523163 1.89750003814697 2.74499988555908 2.77250003814697
-0.307500004768372 -0.597500026226044 1.83000004291534 2.75999999046326 2.46749997138977 2.17499995231628 1.81500005722046 2.10750007629395 1.73749995231628 2.42000007629395 2.24749994277954 1.46000003814697 1.33000013577267 0.877499997615814 1.0900000333786 -0.327499985694885 -0.174999997019768 -0.237499997019768 -1.68250000476837 -1.04750001430511 -0.354999989271164 0.194999992847443 0.389999985694885 0.552500009536743 -0.0324999988079071 -0.232500001788139 -0.247500002384186 -0.237499997019768 3.88499999046326 4.42749977111816 4.34999990463257 3.96250009536743 3.80999994277954 3.69250011444092 3.55250000953674 3.71499991416931 3.51250004768372 2.83750009536743 2.54500007629394 2.09249997138977 1.53999996185303 1.50499999523163 1.42499995231769 1.96000003814713 2.90000009536743 3.02250003814773
