SnowAccumulation_R/test/tmin/final_tmin_09_04_2009.asc
NCOLS 97 
NROWS 69 
XLLCORNER 52512.810182332 
YLLCORNER 5316225.2758522 
CELLSIZE 10000 
NODATA_value -9999 
[rows 0 to 19 of 69, columns 45 to 89 of 97]
-9999 -9999 -9999 -9999 -9999 -9999 -9999 -9999 -9999 -9999 -9999 -9999 -9999 -9999 -9999 -9999 -9999 -9999 -9999 -9999 -9999 -9999 -9999 -9999 -9999 -9999 -9999 -9999 -9999 -9999 -9999 -9999 -9999 -9999 -9999 -9999 -9999 -9999 -9999 -9999 -7.75 -7.82000017166138 -7.8899998664856 -7.90000009536743 -7.94000005722046
-9999 -9999 -9999 -9999 -9999 -9999 -9999 -9999 -9999 -9999 -9999 -9999 -9999 -9999 -9999 -9999 -9999 -9999 -9999 -9999 -9999 -9999 -9999 -9999 -9999 -9999 -5.09999990463257 -5.46000003814697 -5.90999984741211 -6.19000005722046 -6.15000009536743 -6.17000007629395 -6.26000022888184 -6.48000001907349 -6.6100001335144 -6.82000017166138 -7.05000019073486 -7.41999998173594 -7.57000017166138 -7.57000028408915 -7.6399998664856 -7.73999977111816 -7.76999998092651 -7.82999992370605 -7.84000015258789
0.839999973773956 0.829999983310699 0.740000009536743 0.670000016689301 0.490000009536743 0.109999999403954 -0.170000001788139 -0.400000005960464 -0.720000028610229 -0.930000007152557 -1.19000005722046 -1.61000001430511 -2.04999995231628 -2.57999992370605 -2.89000010506387 -3.48000001907349 -3.82999992370606 -4.01000022888184 -4.15000009536743 -4.26999998092651 -4.34999990477758 -4.53999996185303 -4.63000011444092 -4.71999979019165 -4.80000019226256 -4.90999984726153 -5 -5.30999994277954 -5.82999992370605 -6.30000019073486 -6.3600001335144 -6.21000003814697 -6.30999994277954 -6.46999979019165 -6.59000015258789 -6.78999996185303 -6.9600000147024 -7.05999994277954 -7.38999970617296 -7.40000009536743 -7.48999977111816 -7.67000007629395 -7.67999982833862 -7.73000001907349 -7.82000017166138
0.930000007152557 0.97000002861023 0.779999971389829 0.649999976158142 0.479999989271164 0.0799999982118607 -0.180000007152557 -0.400000005960465 -0.52999997139406 -0.829999983310699 -1.27999997138977 -1.52999997138977 -1.96000003814697 -2.49000000953674 -2.80999994277954 -3.41000008583069 -3.85999989509582 -3.89000010490417 -4.01999998092651 -4.17000007629395 -4.28000020980835 -4.46999979019165 -4.65999984741211 -4.67999982951665 -4.80999994277954 -4.84000015258789 -4.98000001907349 -5.17000007629395 -5.65999984741211 -6.21000003814697 -6.26000023223645 -6.15000009536743 -6.17000007629395 -6.44999980926514 -6.59000015258789 -6.78999996185303 -6.8600001335144 -7.0200000002085 -7.21000003814697 -7.32999992370605 -7.44000005722046 -7.48999977111816 -7.6100001335144 -7.65000009536743 -7.80999994277954
0.680000007152557 0.699999988079071 0.740000009536743 0.660000026226044 0.340000003576279 0.100000001490116 -0.219999998807907 -0.439999997615814 -0.509999990465987 -0.680000007152557 -1.12999999523163 -1.53999996185303 -1.94000005722046 -2.38000011444092 -2.6800000667572 -3.16000008583069 -3.52999997138977 -3.73000001907349 -3.89000010490417 -3.97000002873694 -4.11999988555908 -4.34999990463257 -4.48999977111816 -4.67999982833862 -4.67000007628635 -4.76000022888184 -4.92000007629395 -5.11999988555908 -5.44999980926514 -5.98000001907349 -6.17000007629395 -6.1399998664856 -6.19999980926514 -6.42000007629395 -6.55000019073486 -6.69000005722046 -6.99999995148547 -7.1100001335144 -7.19999980926514 -7.30000019073486 -7.40999980310382 -7.42000007629395 -7.53000020980835 -7.65000009536743 -7.65999984741211
0.600000023841858 0.569999992847443 0.569999992847443 0.600000023841858 0.449999988079071 0.200000002980232 -0.0500000007450581 -0.270000010728836 -0.469999998807907 -0.629999995231628 -0.949999988079071 -1.29999995231628 -1.66999995708466 -1.91999995716331 -2.40000009536743 -2.84999990463257 -3.22000002861023 -3.69000005722046 -3.83999991416931 -3.83999991416931 -3.9500000433377 -4.07000017166138 -4.34999990463257 -4.6100001335144 -4.6399998664856 -4.67000007629395 -4.8899998664856 -5.11999988555908 -5.30000019073486 -5.46000003814697 -5.86999988555908 -6.07000017166138 -6.15999984741211 -6.34999990463257 -6.5399999549339 -6.61999988555908 -6.80000019073486 -7.01999998092651 -7.17000007629395 -7.26000021533996 -7.30000019073486 -7.32999992370605 -7.46000003814697 -7.57000017166138 -7.5900002380364
0.540000021457672 0.439999997615814 0.430000007152578 0.509999990463257 0.340000003576279 0.209999993443489 0.129999995231628 0.00999999977648258 -0.100000001490116 -0.46000000834465 -0.629999995231628 -1.00999999046326 -1.47000002861023 -1.69000005727691 -2.1800000667572 -2.55999994277954 -3.09999990463257 -3.55999994277954 -3.64000010175792 -3.78999996185303 -3.75 -3.9300000667572 -4.15999984741211 -4.53000020980835 -4.71000003814697 -4.6100001335144 -4.80999994277954 -5.05999994277954 -5.28999996185303 -5.36999988555908 -5.6399998664856 -5.8899998664856 -6.1100001335144 -6.3600001335144 -6.44999980926514 -6.51000022888184 -6.71999979019165 -6.88000011444092 -7.05999994277954 -7.07999992370605 -7.19000005722046 -7.25 -7.3600001335144 -7.48000001907349 -7.55000019073486
0.439999997615814 0.379999995231628 0.389999985694815 0.360000014305115 0.150000005960464 0.159999996423721 0.0799999982118607 0.0299999993294477 -0.0399999991059303 -0.180000007152557 -0.360000014305115 -0.660000026226044 -1.1599999666214 -1.39999997615814 -2.00999999046326 -2.40000009536743 -2.90000009370837 -3.02999997138977 -3.22000002861023 -3.58999991416931 -3.80999994277954 -3.79999995231628 -4.03999996185303 -4.23000001927004 -4.65000009536743 -4.55999994277954 -4.71999979019165 -5 -5.13000011444092 -5.38000011444092 -5.53000020980835 -5.86000013351441 -6.01999998092651 -6.11999988555908 -6.28999996185303 -6.48999977111816 -6.67999982833862 -6.80000019073486 -6.86999988555908 -6.96000003814697 -7.07999992370605 -7.21000003814697 -7.28000020980835 -7.34999990463257 -7.42999982833862
0.28999999165535 0.319999992847443 0.340000003576279 0.200000002980232 0.140000000596046 0.0599999986588955 0.100000001490116 0 -0.0900000035762787 -0.0900000035762787 -0.340000003576279 -0.340000003576279 -0.930000007152557 -1.14999997615814 -1.7000000473645 -1.97000002861023 -2.47000002861023 -2.90000009536743 -3.07999992370606 -3.44000005722046 -3.65000009536743 -3.78999996185303 -3.94000005722046 -4.09999990463257 -4.48999977111816 -4.55999994277954 -4.69000005722046 -4.90000009412841 -5.05000019073486 -5.32999992370605 -5.55000019073486 -5.75 -5.90000008957192 -5.94999980926514 -6.25 -6.44000005722046 -6.57999992370605 -6.69999979058833 -6.76000022888184 -6.86000013351441 -7.01999998092651 -7.09000015258789 -7.11999988555908 -7.15000009536743 -7.280000158503
0.25 0.209999993443489 0.170000001788139 0.100000001490116 -0.0599999986588955 -0.0399999991059303 -0.00999999977648258 -0.0199999995539983 -0.100000001490116 -0.180000007152557 -0.219999998807907 -0.379999995231628 -0.629999995152117 -0.930000007152557 -1.32000005245209 -1.73000001907349 -2.32999992370605 -2.5899999143852 -2.94000005722046 -3.19000005722046 -3.59999990463257 -3.94000005722046 -3.94000005729556 -4.03000020980835 -4.3899998664856 -4.51999998092651 -4.71999979019165 -4.76000022888184 -4.92999982833862 -5.17999982833862 -5.44000005722046 -5.69000005722046 -5.69999980926514 -5.92000007629394 -6.15999984741211 -6.34999990463257 -6.48999977111816 -6.57000017166138 -6.71999979019165 -6.73000001907349 -6.90000009536743 -6.93999999773542 -6.98999977111816 -7.13999977837451 -7.17000007629395
0.0700000002980232 0.0700000002980232 -0.0399999991059303 -0.00999999977648258 -0.119999997317791 -0.150000005960465 -0.109999999403954 -0.0900000035768899 -0.230000004169531 -0.349999994076369 -0.610000014305115 -0.550000011920929 -0.610000014312999 -0.839999973773956 -1.17999994754791 -1.54999995231628 -1.86000001430511 -2.25 -2.75999999046326 -3.03999996185303 -3.53999996185303 -3.95000004768372 -4.05000019073486 -4.30999994277954 -4.38000011444092 -4.44999980926514 -4.67000007601443 -4.73999977111816 -4.8899998664856 -5.09999990463257 -5.36999988555908 -5.57999991668872 -5.69999980926514 -5.86999988555908 -6.11999988555908 -6.25 -6.32999992370606 -6.55000019073486 -6.59000015258789 -6.69999980926514 -6.75 -6.82000017166138 -6.94999980926514 -7 -7.09999990463257
-0.100000001490116 -0.0299999993295874 -0.109999999403881 -0.200000002980325 -0.24999999999986 -0.180000007153209 -0.28999999165535 -0.370000004768372 -0.379999995231628 -0.629999995231628 -0.730000019073486 -0.660000026226044 -0.709999978542328 -0.800000011920929 -1.13999998569489 -1.42999994754791 -1.66999995708466 -1.86000001430511 -2.49000000953674 -2.82999992370606 -3.33999991416931 -3.79999995231628 -4.01000022888184 -4.40000009536743 -4.48999977111816 -4.55999994277954 -4.5 -4.65999984741211 -4.8899998664856 -5.05000019073486 -5.26000022888184 -5.40000009536743 -5.69000005722046 -5.88000011444092 -6.05999994277954 -6.21999976477952 -6.25 -6.51000022888184 -6.57999992370605 -6.67999982833862 -6.73000001907349 -6.76000022888184 -6.80999994277954 -6.96000003814697 -7.0900000414734
-0.119999997317791 -0.119999997317791 -0.100000001490168 -0.209999993443489 -0.219999998807907 -0.370000004768372 -0.340000003576279 -0.439999997615814 -0.389999985694885 -0.5 -0.720000028610229 -0.740000009536743 -0.800000011920929 -0.959999978542328 -1.0900000333786 -1.32000005245209 -1.41999995723846 -1.71000003814697 -2.16000008583069 -2.57999992370605 -3.00999999046326 -3.23000001973321 -3.76999998092651 -4.19999980926514 -4.51999998092651 -4.69000005722046 -4.51000022888184 -4.59000015258789 -4.84999988967805 -4.96000003814697 -5.05999994277954 -5.36999988555908 -5.63999986648559 -5.84999990463257 -5.94000005722046 -6.1100001335144 -6.34000015258789 -6.53999996185303 -6.63000011444092 -6.67000004142737 -6.69000005722046 -6.70999999043671 -6.78000020980835 -6.96999979019165 -7.03000020980835
-0.0900000035762787 -0.219999998807907 -0.319999992847443 -0.230000004172325 -0.28999999165535 -0.370000004768372 -0.379999995231628 -0.360000014305115 -0.689999997615814 -0.8299999833107 -0.639999985694885 -0.800000011920929 -0.850000023841858 -0.980000019073486 -1.11000001430511 -1.24000000953674 -1.32000005259724 -1.60000002384186 -1.9099999666214 -2.26999998092651 -2.72000002861023 -2.95000004768372 -3.5 -3.97000002861023 -4.30999994277954 -4.36999988555908 -4.3600001335144 -4.46999977559936 -4.65000009536743 -4.86999988555908 -5.07000017166138 -5.32999992370605 -5.55999994277954 -5.75 -5.84999990463257 -6.15999984741211 -6.44999980926514 -6.67999982833862 -6.59000015258789 -6.57999992370605 -6.67000011690998 -6.67999982833862 -6.78999996185303 -6.86999988555908 -7.07000017166138
-0.170000001788139 -0.170000001788139 -0.259999990463257 -0.490000009536743 -0.310000002384186 -0.259999990463257 -0.330000013113022 -0.479999989271164 -0.75 -0.97000002861023 -0.879999995231628 -1.04999995232687 -1.05999994277954 -0.959999978542328 -1.07000005245209 -1.24000000953674 -1.37999999523163 -1.47000002861023 -1.83000004291534 -2.23000001907349 -2.39000010528723 -2.84999990463257 -3.36999988555908 -3.79999995231628 -4.09000015258789 -4.13000011444092 -4.13999984861786 -4.26999998092651 -4.5 -4.67999982833862 -5.05000019073486 -5.26000022888184 -5.44999980926514 -5.80000019073486 -5.96000003814697 -6.13000011444092 -6.44000005722046 -6.57000017166138 -6.65999984741211 -6.59999990463257 -6.90000009536743 -6.82000017166138 -6.90000004016258 -6.94999980926514 -7.11999988555908
-0.150000005960464 -0.230000004172325 -0.280000001192093 -0.439999997615814 -0.419999986886978 -0.409999996423721 -0.479999989271164 -0.569999992847443 -0.660000026226044 -0.959999978542328 -1.12000000476837 -1.12000000476837 -1.11000001430511 -1.14999997615814 -1.30999994277954 -1.44000005722046 -1.36000001430511 -1.37000000476837 -1.74000000953674 -2.11999988555908 -2.32999992370605 -2.71000003814697 -3.10999989509583 -3.52999997138977 -3.8199999332428 -3.60999989509583 -4.09000015258789 -4.1399998664856 -4.48999977111816 -4.69999980926514 -4.96000003814697 -5.15999984741211 -5.3899998664856 -5.53999996185303 -5.84999990463257 -6.17999982833862 -6.38999986648559 -6.70999998886609 -6.69999980926514 -6.80999994277954 -6.90999984741211 -6.92999982833862 -6.94999980926514 -7 -7.13000011444092
-0.159999996423721 -0.239999994635582 -0.349999994039536 -0.330000013113022 -0.360000014305115 -0.46000000834465 -0.469999998808326 -0.579999983310699 -0.639999985694885 -0.939999997615814 -1.19000005722046 -1.25999999046326 -1.32000005245209 -1.36000001430511 -1.45000004768372 -1.52999997145667 -1.55999994277954 -1.48000001907349 -1.60000002384186 -2.10999989509583 -2.28999996185303 -2.5699999332428 -2.9300000667572 -3.3099999367538 -3.33999991416931 -3.55999994277954 -3.86999988555908 -4.01999998092651 -4.44999980753371 -4.6100001335144 -4.88000011444092 -5.07999992370605 -5.30999994277954 -5.46999979019165 -5.78999996185303 -6.13000011444092 -6.3899998664856 -6.55999994277954 -6.71000003814697 -6.80000019073486 -6.8600001335144 -6.90000009536743 -7 -7.01999998092651 -7.11999988555908
-0.310000002384186 -0.270000010728836 -0.370000004768372 -0.330000013113022 -0.349999994039536 -0.469999998807907 -0.500000000000384 -0.720000028610229 -0.779999971389771 -0.889999985694885 -1.08000004291534 -1.25 -1.47000002861023 -1.54999995231628 -1.62000000476837 -1.69000005722046 -1.83000004291534 -1.8400000333786 -1.97000002861023 -1.89999997627343 -2.1800000667572 -2.61999988555908 -2.82999992534248 -3.0699999332428 -3.21000003814697 -3.52999997138977 -3.8199999332428 -4 -4.19999980926514 -4.53000020980835 -4.78999996185303 -4.98000001907349 -5.1100001335144 -5.42999982833862 -5.82000017166138 -6.15000009536743 -6.36999978588136 -6.48999977111816 -6.78000020980835 -6.80000019073486 -6.86000011442716 -6.88999986648559 -7.01000022888184 -7.01000022888184 -7.07999982751343
-0.340000003576279 -0.310000002384186 -0.340000003576279 -0.419999986886978 -0.449999988079071 -0.6700000166893 -0.709999978542537 -0.779999971389771 -0.930000007152557 -1.05999994277954 -1.01999998092651 -1.21000003814697 -1.51999998092651 -1.75999999046326 -1.79999995231628 -1.87000000476837 -2.05999994277954 -2.22000002861023 -2.44000005722046 -2.48000001907349 -2.19000007052268 -2.58999991416931 -2.73000001907349 -2.86999988596905 -3.13000011444092 -3.36999988555908 -3.69000005722046 -3.9800000181425 -4.13000011444092 -4.42999982833862 -4.69999980926514 -4.90000009536743 -5.05999994277954 -5.5 -5.80999994277954 -6.09000015258789 -6.23000001907349 -6.48999977111816 -6.67999982833862 -6.76000022888184 -6.82999992370606 -6.94000005722046 -7 -6.98999977111816 -7.01999998092651
-0.349999994039536 -0.400000005960464 -0.419999986886978 -0.449999988079071 -0.600000023841858 -0.680000007152557 -0.769999980926514 -0.810000002384186 -1.08000004291534 -1.14999997615814 -1.15999996662254 -1.33000004291534 -1.50999999046326 -1.74000000953674 -1.9099999666214 -1.99000000953674 -2.26999998092651 -2.34999990463257 -2.63000011397125 -2.6800000667572 -2.94000005722046 -3.01999998092651 -2.88000011444092 -2.85999989509583 -3.02999997138977 -3.24000000953674 -3.51999998092651 -3.72000002861023 -4.05000019073486 -4.32000017166138 -4.55000019073486 -4.67000007629395 -5.07000017166138 -5.44999980926514 -5.71000003814697 -5.90999987008374 -6.17999982833862 -6.40999984741211 -6.59000015258789 -6.61999988555908 -6.80999994277954 -6.92000007629394 -6.98000001907349 -6.96999979019165 -6.96999979019165
