SnowAccumulation_R/test/tmin/final_tmin_06_04_2009.asc
NCOLS 97 
NROWS 69 
XLLCORNER 52512.810182332 
YLLCORNER 5316225.2758522 
CELLSIZE 10000 
NODATA_value -9999 
[rows 0 to 19 of 69, columns 45 to 89 of 97]
-9999 -9999 -9999 -9999 -9999 -9999 -9999 -9999 -9999 -9999 -9999 -9999 -9999 -9999 -9999 -9999 -9999 -9999 -9999 -9999 -9999 -9999 -9999 -9999 -9999 -9999 -9999 -9999 -9999 -9999 -9999 -9999 -9999 -9999 -9999 -9999 -9999 -9999 -9999 -9999 -9.14000034332275 -9.46000003814697 -9.72999954223633 -9.89999961853027 -9.97999954223633
-9999 -9999 -9999 -9999 -9999 -9999 -9999 -9999 -9999 -9999 -9999 -9999 -9999 -9999 -9999 -9999 -9999 -9999 -9999 -9999 -9999 -9999 -9999 -9999 -9999 -9999 -3.75999999046326 -4.17999982833862 -4.67999982833862 -5.03999996185303 -5.15999984741211 -5.34000015258789 -5.53999996185303 -6.01999998092651 -6.46000003814697 -6.96000003814697 -7.48999977111816 -8.10000023738129 -8.38000011444092 -8.82999990871602 -9.22000026702881 -9.59000015258789 -9.85999965667724 -10.0100002288818 -10.1599998474121
-1.12000000476837 -1.10000002384186 -1.11000001430511 -1.08000004291534 -1.07000005245209 -1.25999999046326 -1.41999995708466 -1.53999996185303 -1.64999997615814 -1.71000003814697 -1.63999998569489 -1.60000002384186 -1.5 -1.45000004768372 -1.47000002864629 -1.62000000476837 -1.6599999666214 -1.72000002861023 -1.92999994754791 -2.17000007629395 -2.30999994303733 -2.63000011444092 -2.85999989509582 -3.08999991416931 -3.30999995194572 -3.61999988522027 -3.75999999046326 -4.13000011444092 -4.67000007629395 -5.19999980926514 -5.36999988555908 -5.30999994277954 -5.59000015258789 -6.03000020980835 -6.46000003814697 -6.98000001907349 -7.46999971315967 -7.73999977111816 -8.35000037001855 -8.84000015258789 -9.27999973297119 -9.72999954223633 -9.89000034332275 -10.1800003051758 -10.4099998474121
-1.11000001430511 -1.04999995231628 -1.12999999523161 -1.16999995708466 -1.21000003814697 -1.45000004768372 -1.6599999666214 -1.83000004291534 -1.89999997615931 -1.98000001907349 -2.05999994277954 -1.88999998569489 -1.79999995231628 -1.77999997138977 -1.85000002384186 -2.05999994277954 -2.24000000953674 -2.02999997138977 -2.11999988555908 -2.32999992370605 -2.47000002861023 -2.75999999046326 -3.03999996185303 -3.18000007735946 -3.54999995231628 -3.61999988555908 -3.82999992370605 -4.09000015258789 -4.59999990463257 -5.17000007629395 -5.34000015306711 -5.32999992370605 -5.55000019073486 -6.05000019073486 -6.5 -7.01000022888184 -7.26000022888184 -7.77000005805448 -8.39999961853027 -8.90999984741211 -9.39999961853027 -9.61999988555908 -10.0500001907349 -10.3699998855591 -10.6899995803833
-1.25999999046326 -1.24000000953674 -1.17999994754791 -1.21000003814697 -1.38999998569489 -1.58000004291534 -1.9099999666214 -2.17000007629395 -2.24000000953752 -2.26999998092651 -2.32999992370605 -2.26999998092651 -2.16000008583069 -2.07999992370606 -2.13000011444092 -2.20000004768372 -2.25999999046326 -2.25 -2.33999991416931 -2.40000009552581 -2.57999992370605 -2.86999988555908 -3.26999998092651 -3.50999999046326 -3.56999993321241 -3.6800000667572 -3.89000010490417 -4.13000011444092 -4.5 -5.05000019073486 -5.26999998092651 -5.38000011444092 -5.63000011444092 -6.07000017166138 -6.5 -6.78000020980835 -7.40999984741211 -7.96999979019165 -8.48999977111816 -9.02000045776367 -9.52999951142847 -9.75 -10.210000038147 -10.6300001144409 -10.8699998855591
-1.28999996185303 -1.28999996185303 -1.27999997138977 -1.26999998092651 -1.38999998569489 -1.62000000476837 -2.04999995231628 -2.44000005722046 -2.58999991416931 -2.64000010490417 -2.57999992370605 -2.45000004768372 -2.29999995231628 -2.27999997137479 -2.25 -2.26999998092651 -2.32999992370605 -2.58999991416931 -2.60999989509583 -2.58999991416931 -2.70000005024019 -3.07999992370605 -3.35999989509583 -3.63000011444092 -3.67000007629395 -3.74000000953674 -3.97000002861023 -4.23000001907349 -4.46000003814697 -4.63999986648559 -5.07999992370605 -5.3899998664856 -5.65000009536743 -6.05999994277954 -6.51999994633088 -6.76000022888184 -7.32999992370605 -7.96000003814697 -8.5600004196167 -9.10999948063733 -9.38000011444092 -9.85999965667724 -10.3699998855591 -10.8299999237061 -11.1400000869772
-1.27999997138977 -1.32000005245209 -1.33000004291534 -1.32000005245209 -1.50999999046326 -1.76999998092651 -2.24000000953674 -2.70000004768372 -2.84999990463257 -2.97000002861023 -2.75 -2.57999992370605 -2.46000003814697 -2.40000009533356 -2.38000011444092 -2.33999991416931 -2.53999996185303 -2.76999998092651 -2.76999998183689 -3.09999990463257 -3.02999997138977 -3.20000004768372 -3.41000008583069 -3.75 -3.91000008583069 -3.82999992370605 -4.03000020980835 -4.28000020980835 -4.53000020980835 -4.6399998664856 -4.96000003814697 -5.30000019073486 -5.65000009536743 -6.07999992370606 -6.30000019073486 -6.69000005722046 -7.30000019073486 -7.90999984741211 -8.56999969482422 -8.84000015258789 -9.43000030517578 -9.96000003814697 -10.4799995422363 -10.9899997711182 -11.2200002670288
-1.28999996185303 -1.29999995231628 -1.29999995231633 -1.37000000476837 -1.63999998569489 -1.98000001907349 -2.5699999332428 -3.1800000667572 -3.34999990463257 -3.21000003814697 -2.88000011444092 -2.61999988555908 -2.49000000953674 -2.4300000667572 -2.48000001907349 -2.47000002861023 -2.64000010504243 -2.79999995231628 -2.90000009536743 -3.14000010490417 -3.30999994277954 -3.30999994277954 -3.51999998092651 -3.68000006691008 -4.01999998092651 -3.9300000667572 -4.07000017166138 -4.32999992370605 -4.46000003814697 -4.73000001907349 -4.94999980926514 -5.32999992370605 -5.61999988555908 -5.78999996185303 -6.15999984741211 -6.65999984741211 -7.28000020980835 -7.90999984741211 -8.23999977111816 -8.85000038146973 -9.47000026702881 -10.0600004196167 -10.5799999237061 -10.8500003814697 -11.3299999237061
-1.33000004291534 -1.26999998092651 -1.25 -1.36000001430511 -1.60000002384186 -2.04999995231628 -2.71000003814697 -3.61999988555908 -3.96000003814697 -3.38000011444092 -2.99000000953674 -2.5699999332428 -2.47000002861023 -2.40000009536743 -2.42000007635779 -2.47000002861023 -2.67000007629395 -2.89000010490417 -2.98000001907349 -3.22000002861023 -3.36999988555908 -3.5 -3.66000008583069 -3.75999999046326 -4.03999996185303 -4.07000017166138 -4.15999984741211 -4.34999990348886 -4.5 -4.78000020980835 -5.03999996185303 -5.30999994277954 -5.55000018079969 -5.71999979019165 -6.13000011444092 -6.59000015258789 -7.23000001907349 -7.90999972414448 -8.25 -8.89000034332275 -9.53999996185303 -10.0799999237061 -10.3400001525879 -10.8000001907349 -11.3000000368176
-1.33000004291534 -1.25999999046326 -1.25 -1.27999997138977 -1.55999994277954 -1.94000005722046 -2.60999989509582 -3.01999998093457 -3.61999988555908 -3.26999998092651 -2.77999997138977 -2.48000001907349 -2.45000004735176 -2.22000002861023 -2.26999998092651 -2.38000011444092 -2.69000005722046 -2.83999991428925 -3.03999996185303 -3.1800000667572 -3.5 -3.77999997138977 -3.77999997146487 -3.83999991416931 -4.09000015258789 -4.15999984741211 -4.30999994277954 -4.32999992370605 -4.48999977111816 -4.75 -5.03000020980835 -5.32000017166138 -5.48000001907349 -5.78000020980835 -6.09999990463257 -6.51999998092651 -7.25 -7.63000011444092 -8.34000015258789 -8.89999961853027 -9.5600004196167 -10.0600001519333 -10.3199996948242 -10.8199996287414 -11.0699996948242
-1.39999997615814 -1.25 -1.25999999046326 -1.24000000953674 -1.47000002861023 -1.76999998092651 -2.3199999332428 -2.61999988556377 -2.98000001899525 -2.85999989496691 -2.17000007629395 -2.05999994277954 -2.03999996184252 -2.05999994277954 -2.16000008583069 -2.28999996185303 -2.42000007629395 -2.6800000667572 -3.02999997138977 -3.21000003814697 -3.59999990463257 -3.9300000667572 -4 -4.19999980926514 -4.21000003814697 -4.21999979019165 -4.36999988539936 -4.42000007629395 -4.55000019073486 -4.76999998092651 -5.05999994277954 -5.44000004858375 -5.59999990463257 -5.8899998664856 -6.28000020980835 -6.71000003814697 -7.01999998092651 -7.78000020980835 -8.38000011444092 -9.02000045776367 -9.5600004196167 -9.85000038146973 -10.3500003814697 -10.6899995803833 -10.8900003433228
-1.44000005722046 -1.21000003814669 -1.19000005722006 -1.25999999046274 -1.45000004768316 -1.67999994754612 -1.86000001430511 -1.99000000953674 -2.05999994277954 -2 -1.78999996185303 -1.87000000476837 -1.9099999666214 -1.94000005722046 -2.09999990463257 -2.24000000953674 -2.33999991416931 -2.46000003814697 -2.92000007629394 -3.17000007629395 -3.5699999332428 -3.9300000667572 -4.09999990463257 -4.40000009536743 -4.42999982833862 -4.44000005722046 -4.34999990463257 -4.46000003814697 -4.65000009536743 -4.82000017166138 -5.17999982833862 -5.3600001335144 -5.75 -6.09000015258789 -6.48000001907349 -6.96999973154816 -7.21999979019165 -7.94999980926514 -8.55000019073487 -9.14999961853027 -9.43000030517578 -9.89999961853028 -10.3599996566772 -10.6400003433228 -10.7600001548055
-1.1599999666214 -0.959999978542328 -0.879999995231681 -1.02999997138977 -1.21000003814697 -1.52999997138977 -1.6599999666214 -1.75999999046326 -1.75 -1.71000003814697 -1.71000003814697 -1.77999997138977 -1.8400000333786 -1.97000002861023 -2.03999996185303 -2.1800000667572 -2.24000000963287 -2.42000007629395 -2.75999999046326 -3.07999992370606 -3.42000007629395 -3.58999991469709 -4.01999998092651 -4.34999990463257 -4.59000015258789 -4.67999982833862 -4.46999979019165 -4.48999977111816 -4.71999979185331 -4.94000005722046 -5.05999994277954 -5.46000003814697 -5.86999988555908 -6.28000020980835 -6.63000011444092 -6.94999980926514 -7.55999994277954 -8.21000003814697 -8.78999996185303 -9.29999975490226 -9.55000019073486 -9.97000039425517 -10.4200000762939 -10.6300001144409 -10.6400003433228
-0.949999988079071 -0.930000007152557 -0.959999978542328 -0.930000007152557 -1.12000000476837 -1.35000002384186 -1.48000001907349 -1.50999999046326 -1.72000002861023 -1.75999999046326 -1.62000000476837 -1.75 -1.80999994277954 -1.94000005722046 -2.04999995231628 -2.14000010490417 -2.20000004779016 -2.40000009536743 -2.64000010490417 -2.9300000667572 -3.27999997138977 -3.46000003814697 -3.91000008583069 -4.26999998092651 -4.51000022888184 -4.53000020980835 -4.44000005722046 -4.48000001907349 -4.71000003814697 -4.94000005722046 -5.17999982833862 -5.57000017166138 -5.96999979019165 -6.3899998664856 -6.61999988555908 -7.23999977111816 -7.90999984741211 -8.5600004196167 -8.9399995803833 -9.15999984741211 -9.67000027937542 -10.1400003433228 -10.4899997711182 -10.5600004196167 -10.5600004196167
-0.850000023841858 -0.800000011920929 -0.829999983310699 -1.00999999046326 -0.990000009536743 -1.11000001430511 -1.26999998092651 -1.39999997615814 -1.61000001430511 -1.76999998092651 -1.72000002861023 -1.86000001431746 -1.91999995708466 -1.9099999666214 -2.01999998092651 -2.17000007629394 -2.28999996185303 -2.36999988555908 -2.67000007629395 -3 -3.13000011473885 -3.5 -3.92000007629395 -4.23999977111816 -4.42000007629395 -4.42000007629395 -4.3299999173998 -4.48999977111816 -4.67000007629395 -4.82999992370605 -5.26999998092651 -5.63000011444092 -6.03000020980835 -6.63000011444092 -6.92999982833862 -7.44999980926514 -8.14000034332275 -8.68000030517578 -8.97999954223633 -9.35000038146973 -10.1000003814697 -10.2799997329712 -10.4700001787015 -10.5 -10.4700002670288
-0.730000019073486 -0.769999980926514 -0.790000021457672 -0.839999973773956 -0.939999997615814 -1.05999994277954 -1.21000003814697 -1.30999994277954 -1.44000005722046 -1.69000005722046 -1.86000001430511 -1.88999998569489 -1.95000004768372 -2.03999996185303 -2.23000001907349 -2.36999988555908 -2.32999992370605 -2.34999990463257 -2.69000005722046 -3.01999998092651 -3.20000004768372 -3.50999999046326 -3.80999994277954 -4.11999988555908 -4.28000020980835 -4.13000011444092 -4.5 -4.46000003814697 -4.76000022888184 -4.96999979019165 -5.30999994277954 -5.67999982833862 -6.13999986648559 -6.42000007629395 -7.01999998092651 -7.69999980926514 -8.30000019073486 -9.02000034380125 -9.22000026702881 -9.86999988555908 -10.2200002670288 -10.3900003433228 -10.4399995803833 -10.4399995803833 -10.3599996566772
-0.670000016689301 -0.75 -0.810000002384186 -0.75 -0.8299999833107 -0.990000009536743 -1.04999995231702 -1.22000002861023 -1.3400000333786 -1.62999999523163 -1.88999998569489 -1.98000001907349 -2.10999989509583 -2.22000002861023 -2.36999988555908 -2.46000003822874 -2.55999994277954 -2.51999998092651 -2.65000009536743 -3.11999988555908 -3.27999997138977 -3.5 -3.76999998092651 -4.03000020980835 -4.1100001335144 -4.19000005722046 -4.38000011444092 -4.42999982833862 -4.84000015085646 -5 -5.3600001335144 -5.73999977111816 -6.19999980926514 -6.51000022888184 -7.1399998664856 -7.82999992370605 -8.5 -8.85999965667725 -9.60000038146973 -10.0299997329712 -10.289999961853 -10.3699998855591 -10.4799995422363 -10.4099998474121 -10.2799997329712
-0.759999990463257 -0.769999980926514 -0.819999992847443 -0.75 -0.779999971389771 -0.9200000166893 -0.980000019074159 -1.22000002861023 -1.37000000476837 -1.54999995231628 -1.77999997138977 -1.97000002861023 -2.23000001907349 -2.39000010490417 -2.53999996185303 -2.64000010490417 -2.84999990463257 -2.92000007629394 -3.08999991416931 -3.02999997148584 -3.28999996185303 -3.6800000667572 -3.7999999592711 -4.01000022888184 -4.07999992370605 -4.25 -4.40000009536743 -4.5 -4.67999982833862 -5.01999998092651 -5.38000011444092 -5.76000022888184 -6.01000022888184 -6.6100001335144 -7.32000017166138 -8.02000045776367 -8.6499993285581 -8.97999966346496 -9.81999969482422 -10.2200002670288 -10.3800000762664 -10.4300003051758 -10.5 -10.3800001144409 -10.2100001664038
-0.699999988079071 -0.740000009536743 -0.75 -0.790000021457672 -0.819999992847443 -1.00999999046326 -1.05999994278017 -1.20000004768372 -1.41999995708466 -1.63999998569489 -1.73000001907349 -1.94000005722046 -2.28999996185303 -2.59999990463257 -2.73000001907349 -2.83999991416931 -3.10999989509583 -3.33999991416931 -3.61999988555908 -3.69000005722046 -3.41000010284008 -3.92000007629395 -3.92000007629395 -3.99000000976735 -4.07999992370605 -4.15000009536743 -4.34000015258789 -4.53999996108395 -4.67000007629395 -4.98999977111816 -5.36999988555908 -5.76999998092651 -6.05999994277954 -6.78999996185303 -7.44000005722046 -8.10999965667725 -8.43999965498938 -9.22000026702881 -9.84000015258789 -10.2700004577637 -10.3900003433228 -10.5299997329712 -10.5299997329712 -10.3699998855591 -10.289999961853
-0.550000011920929 -0.689999997615814 -0.720000028610229 -0.759999990463257 -0.889999985694885 -0.959999978542328 -1.04999995231628 -1.1599999666214 -1.50999999046326 -1.70000004768372 -1.77999997139774 -2.04999995231628 -2.30999994277954 -2.61999988555908 -2.86999988555908 -2.99000000953674 -3.34999990463257 -3.52999997138977 -3.89000010537384 -4.07000017166138 -4.42999982833862 -4.59000015258789 -4.21000003814697 -4.05999994277954 -4.03000020980835 -4.07000017166138 -4.21000003814697 -4.34999990463257 -4.61999988555908 -4.92000007629394 -5.28000020980835 -5.51000022888184 -6.15000009536743 -6.84999990463257 -7.44999980926514 -7.84000022627055 -8.59000015258789 -9.21000003814697 -9.77000045776367 -9.97999954223633 -10.3699998855591 -10.5500001907349 -10.5500001907349 -10.4899997711182 -10.2799997329712
