SnowAccumulation_R/test/tmin/final_tmin_27_04_2009.asc
NCOLS 97 
NROWS 69 
XLLCORNER 52512.810182332 
YLLCORNER 5316225.2758522 
CELLSIZE 10000 
NODATA_value -9999 
[rows 0 to 19 of 69, columns 46 to 91 of 97]
-9999 -9999 -9999 -9999 -9999 -9999 -9999 -9999 -9999 -9999 -9999 -9999 -9999 -9999 -9999 -9999 -9999 -9999 -9999 -9999 -9999 -9999 -9999 -9999 -9999 -9999 -9999 -9999 -9999 -9999 -9999 -9999 -9999 -9999 -9999 -9999 -9999 -9999 -9999 -6.78000020980835 -6.69000005722046 -6.59000015258789 -6.42000007629395 -6.3600001335144 -6.25 -9999
-9999 -9999 -9999 -9999 -9999 -9999 -9999 -9999 -9999 -9999 -9999 -9999 -9999 -9999 -9999 -9999 -9999 -9999 -9999 -9999 -9999 -9999 -9999 -9999 -9999 -5.84999990463257 -6.1100001335144 -6.51000022888184 -6.69000005722046 -6.46999979019165 -6.34000015258789 -6.36999988555908 -6.40999984741211 -6.34000015258789 -6.40000009536743 -6.5 -6.7899998808034 -6.90999984741211 -6.66000004228759 -6.59999990463257 -6.55999994277954 -6.42999982833862 -6.40999984741211 -6.23999977111816 -6.13000011444092 -9999
-8.09000015258789 -7.92000007629395 -7.80000019073486 -7.57999992370605 -7.57000017166138 -7.46000003814697 -7.32000017166138 -7.28999996185303 -7.34000015258789 -7.23000001907349 -7.25 -7.23999977111816 -7.28000020980835 -7.3400001526291 -7.46999979019165 -7.32999992370605 -7.01999998092652 -6.76000022888184 -6.51999998092651 -6.42999982822584 -6.32999992370606 -6.11999988555908 -5.94999980926514 -5.8099999374326 -5.61999988578496 -5.63000011444092 -5.82000017166138 -6.30000019073486 -6.73000001907349 -6.63000011444092 -6.34999990463257 -6.30000019073486 -6.26000022888184 -6.17999982833862 -6.23000001907349 -6.26999998092651 -6.32000017166138 -6.58999983196207 -6.38999986648559 -6.38000011444092 -6.46000003814697 -6.40000009536743 -6.28999996185303 -6.21999979019165 -6.09999990463257 -9999
-7.98000001907349 -7.86000013351445 -7.80000019073486 -7.53999996185303 -7.53999996185303 -7.42000007629395 -7.30999994277954 -7.28000020980679 -7.30000019073486 -7.48000001907349 -7.34999990463257 -7.3600001335144 -7.40000009536743 -7.48999977111816 -7.61999988555908 -7.59000015258789 -7.01999998092651 -6.65999984741211 -6.40000009536743 -6.32999992370605 -6.19999980926514 -6.09000015258789 -5.82000016871629 -5.63999986648559 -5.55000019073486 -5.51000022888184 -5.53999996185303 -5.98000001907349 -6.48999977111816 -6.36000014309904 -6.11999988555908 -5.92999982833862 -6.05999994277954 -6.01999998092651 -6.09000015258789 -6.09000015258789 -6.15000000859824 -6.17999982833862 -6.25 -6.28999996185303 -6.28999996185303 -6.30999994277954 -6.21000003814697 -6.23999977111816 -6.1399998664856 -9999
-8.35000038146973 -7.8899998664856 -7.75 -7.63000011444092 -7.40999984741211 -7.38000011444092 -7.30999994277954 -7.24999999999766 -7.19000005722046 -7.44999980926514 -7.55999994277954 -7.55999994277954 -7.48999977111816 -7.53000020980835 -7.46000003814697 -7.28000020980835 -6.92000007629394 -6.55999994277954 -6.3899998662797 -6.1100001335144 -5.98999977111816 -5.71999979019165 -5.65000009536743 -5.36000013361315 -5.3600001335144 -5.34000015258789 -5.36999988555908 -5.59000015258789 -6.07999992370605 -6.23000001907349 -5.94999980926514 -5.78999996185303 -5.84000015258789 -5.80000019073486 -5.8899998664856 -6.14999991748042 -6.05999994277954 -6.09999990463257 -6.17999982833862 -6.23999975339476 -6.21000003814697 -6.23000001907349 -6.23999977111816 -6.07999992370606 -6.00000021600744 -9999
-8.52999973297119 -8.06999969482422 -7.76999998092651 -7.40000009536743 -7.15000009536743 -7.05000019073486 -7.01999998092651 -7.1399998664856 -7.15999984741211 -7.36999988555908 -7.5 -7.46999979019165 -7.46999979016543 -7.36999988555908 -7.21999979019165 -7 -6.94999980926514 -6.53000020980835 -6.25 -5.86999987865658 -5.48999977111816 -5.44999980926514 -5.46999979019165 -5.3600001335144 -5.15000009536743 -5.21000003814697 -5.28999996185303 -5.30000019073486 -5.40000009536743 -5.69000005722046 -5.69999980926514 -5.55999994277954 -5.57000017166138 -5.59999991501126 -5.61999988555908 -5.57999992370606 -5.82999992370605 -6 -6.11000011997285 -6.15000009536743 -6.13000011444092 -6.19000005722046 -6.19999980926514 -6.05000046844201 -5.92999982833862 -9999
-8.72000026702881 -8.47999954223622 -7.82000017166138 -7.42000007629395 -7 -6.67999982833862 -6.55000019073486 -6.59000015258789 -6.96000003814697 -7.15000009536743 -7.40999984741211 -7.44999980926514 -7.38000011438447 -7.23999977111816 -6.96000003814697 -6.90000009536743 -6.80999994277954 -6.59000014795893 -6.17000007629395 -5.5 -5.21999979019165 -5.07999992370605 -5.26000022888184 -5.36999988555908 -5 -5.05000019073486 -5.13999986648559 -5.21000003814697 -5.19999980926514 -5.28000020980835 -5.32999992370605 -5.32999992370605 -5.3899998664856 -5.40000009536743 -5.09999990463257 -5.32999992370605 -5.55000019073486 -5.82999992370605 -5.86999988555908 -6.03000020980835 -6.09000015258789 -6.1399998664856 -6.15999984741211 -6.15999984741211 -5.94999980926514 -9999
-8.84000015258789 -8.52999973297089 -7.90999984741211 -7.51999998092651 -6.96000003814697 -6.57999992370605 -6.32999992370605 -6.32999992370605 -6.57000017166138 -6.96999979019165 -7.32000017166138 -7.30999994277954 -7.19999980926514 -7.09000015258789 -6.78999996185303 -6.67000007394361 -6.09000015258789 -6 -5.84000015258789 -5.53000020980835 -4.94000005722046 -4.78999996185303 -4.88999986660571 -5.21999979019165 -4.88000011444092 -4.88000011444092 -5.01999998092651 -5.07999992370606 -5.1399998664856 -5.05999994277954 -5.17999982833862 -5.07000017166138 -5.03999996185303 -4.78999996185303 -4.88000011444092 -5.13000011444092 -5.38000011444092 -5.53000020980835 -5.73999977111816 -5.96000003814697 -6.13000011444092 -6.15000009536743 -6.17999982833862 -6.1100001335144 -6.03999996185303 -9999
-8.96000003814697 -8.57999992370605 -7.96000003814697 -7.38999986648559 -6.94999980926514 -6.42000007629395 -6.09999990463257 -6.07999992370606 -6.30999994277954 -6.92000007629395 -7.30999994277954 -7.11999988555908 -6.94000005722046 -6.71999978926594 -6.1100001335144 -5.98000001907349 -5.84000015258789 -5.73999977111816 -5.59000015258789 -5.26999998092651 -4.86999988555908 -4.51999998092651 -4.61999988555908 -4.96000003814697 -4.8600001335144 -4.82000017166138 -4.88000011386906 -4.96000003814697 -5.05999994277954 -5.03999996185303 -4.96000003814697 -4.78000021808763 -4.57000017166138 -4.55999994277954 -4.59999990463257 -4.8899998664856 -5.22999995930741 -5.40000009536743 -5.67999982833862 -5.98999977111816 -6.1100001335144 -6.13000011444092 -6.07999992370606 -6.08000033414884 -6.07999992370606 -9999
-9.10999965667725 -8.71000003814697 -7.90999984741211 -7.46000003814697 -6.94999980926514 -6.44999980926514 -6.23999977111507 -6.01999998092651 -6.21000003814697 -6.5 -6.78999996185303 -6.84999990369452 -6.07000017166138 -5.84000015258789 -5.63000011444092 -5.65999984741211 -5.65000009525949 -5.46000003814697 -5.17999982833862 -5.15999984741211 -5.1100001335144 -4.84000015228749 -4.57000017166138 -4.84000015258789 -4.82000017166138 -4.8899998664856 -4.82999992370605 -4.82000017166138 -4.88000011444092 -4.88999986648559 -4.84000015258789 -4.67999982833862 -4.51999998092651 -4.38000011444092 -4.34000015258789 -4.76999998092651 -5 -5.42000007629395 -5.61999988555908 -5.98000001907349 -6.09999980549084 -6.15999984741211 -6.27000037742642 -6.34999990463257 -6.09000015258789 -6.03999996185303
-9.10999965667725 -8.78999996185303 -7.94999980926514 -7.46999979019165 -7.01999998092651 -6.51000022888184 -6.28999996184977 -6.13999986646324 -6.17000007625974 -5.98999977111816 -5.78000020980835 -5.71000003809704 -5.51999998092651 -5.32999992370605 -5.13999986648559 -4.8899998664856 -5.05999994277954 -5.1100001335144 -4.90000009536743 -5.05000019073486 -5.15000009536743 -5.07000017166138 -5.07000017166138 -4.88000011444092 -4.76999998092651 -4.86999988555908 -4.8600001335144 -4.82000017166138 -4.82999992370605 -4.84000015258789 -4.82000017328075 -4.76000022888184 -4.57000017166138 -4.48999977111816 -4.46999979019165 -4.61000013351441 -5.09000015258789 -5.3600001335144 -5.73999977111816 -5.96999979019165 -6.13000011444092 -6.34999990463257 -6.57999992370605 -6.48999977111816 -6.3600001335144 -6.13000011444092
-8.90999984741129 -8.64000034332164 -8.06999969482347 -7.59000015258733 -7.03999996185335 -6.65000009536743 -6.48999977111816 -6.01999998092651 -5.90000009536743 -5.67000007629395 -5.42000007629395 -5.34000015258789 -5.03000020980835 -4.92999982833862 -4.71000003814697 -4.40999984741211 -4.36999988555908 -4.61000013351441 -4.53999996185303 -4.73999977111816 -4.94000005722046 -5.03999996185303 -5.26999998092651 -5.11000013351441 -4.98999977111816 -4.82000017166138 -4.84000015258789 -4.90999984741211 -4.84999990463257 -4.92000007629395 -4.92000007629395 -4.90000009536743 -4.73999977111816 -4.65000009536743 -4.69999978776257 -4.75 -5.21000003814697 -5.51000022888184 -5.86999988555908 -6.05999994277954 -6.28000020980835 -6.73000001907349 -6.82000017166138 -6.69000020537311 -6.55999994277954 -6.28999996185303
-8.07999992370606 -7.8800001144408 -7.59000015258789 -7.26999998092651 -7.19000005722046 -6.57000017166138 -6.40000009536743 -5.80000019073486 -5.48000001907349 -5.36999988555908 -5.11000013351441 -5.01999998092651 -4.82000017166138 -4.51000022888184 -4.28000020980835 -4.13000011437363 -3.96000003814697 -4.03000020980835 -4.09999990463257 -4.25 -4.34000015307169 -4.71999979019165 -5.01999998092651 -5.21999979019165 -5.25 -4.90999984741211 -4.8600001335144 -5.00000000664647 -5.05000019073486 -5 -5.03999996185303 -4.98999977111816 -4.90000009536743 -4.73000001907349 -4.84999990463257 -5.09000015258789 -5.42999982833862 -5.73000001907349 -6.02999994830862 -6.19999980926514 -6.47000006054806 -7.03000020980835 -7.09000015258789 -6.96999979019165 -6.69999980926514 -6.42000007629394
-7.61000013351441 -7.57999992370605 -7.17000007629394 -6.98000001907349 -6.82000017166138 -6.32000017166138 -6.01000022888184 -5.90000009536743 -5.59999990463257 -4.96999979019165 -4.82000017166138 -4.71000003814697 -4.48000001907349 -4.19000005722046 -3.86999988555908 -3.73000001901542 -3.58999991416931 -3.52999997138977 -3.57999992370605 -3.79999995231628 -3.9300000667572 -4.36999988555908 -4.75 -4.98999977111816 -4.98000001907349 -4.82000017166138 -4.82000016900823 -5.05999994277954 -5.11999988555908 -5.21999979019165 -5.15999984741211 -5.05000019073486 -4.94999980926514 -4.92999982833862 -5.11999988555908 -5.40999984741211 -5.76999998092651 -5.80999994277954 -5.90999984741211 -6.31000006462894 -6.71999979019165 -7.23000001907349 -7.26000022888184 -7.07999992370605 -6.75 -6.5
-6.96999979019165 -6.94999980926514 -6.96000003814697 -6.5 -6.13999986648559 -5.80999994277954 -5.78000020980835 -5.63000011444092 -5.46000003814697 -4.94999980926514 -4.96999979017225 -4.61999988555908 -4.1100001335144 -3.8199999332428 -3.58999991416931 -3.52999997138977 -3.20000004768372 -3.23000001907349 -3.40000009536743 -3.44000005743327 -3.75999999046326 -4.19000005722046 -4.55000019073486 -4.75 -4.73000001907349 -4.61999987084448 -4.78000020980835 -4.98000001907349 -5.15000009536743 -5.34999990463257 -5.19000005722046 -5.03999996185303 -5.15999984741211 -5.23000001907349 -5.23999977111816 -5.53999996185303 -5.71999979019165 -5.88000011444092 -5.98999977111816 -6.57000017166138 -6.76999998092651 -7.05000005824333 -7.09000015258789 -7.01999998092651 -6.73000001907349 -6.51000022888265
-6.48000001907349 -6.42999982833862 -6.32999992370606 -6.1100001335144 -5.82999992370605 -5.55000019073486 -5.44999980926514 -5.13999986648559 -5.09999990463257 -4.92000007629395 -4.73999977111816 -4.34999990463257 -4.01000022888184 -3.8199999332428 -3.5699999332428 -3.25999999046326 -2.84999990463257 -2.9300000667572 -3.14000010490418 -3.27999997138977 -3.52999997138977 -3.83999991416931 -4.21000003814697 -4.44000005722046 -4.15999984741211 -4.69000005722046 -4.67000007629395 -5.01000022888184 -5.19999980926514 -5.26000022888184 -5.13999986648559 -5.07000017166138 -5.09999990463257 -5.19999980926514 -5.40999984741211 -5.55999994277954 -5.93999999253922 -5.94999980926514 -6.1399998664856 -6.44000005722046 -6.67999982833862 -6.78000020980835 -6.86999988555908 -6.8600001335144 -6.63000011444092 -6.53999996185303
-5.94000005722046 -5.98000001907349 -5.73000001907349 -5.55000019073486 -5.3899998664856 -5.2399997711168 -5.01999998092651 -4.71999979019165 -4.71999979019165 -4.67999982833862 -4.57999992370605 -4.30000019073486 -3.97000002861023 -3.72000002861023 -3.61999988550705 -3.28999996185303 -2.79999995231628 -2.63000011444092 -3.01999998092651 -3.14000010490417 -3.28999996185303 -3.58999991416931 -3.94000004918612 -3.92000007629395 -4.11999988555908 -4.44999980926514 -4.53000020980835 -4.96999978876577 -5.07999992370605 -5.17000007629395 -5.09000015258789 -5.03000020980835 -5.07999992370605 -5.21000003814697 -5.40999984741211 -5.59000015258789 -5.76000022888184 -5.84999990463257 -5.98999977111816 -6.21000003814697 -6.34999990463257 -6.59000015258789 -6.65999984741211 -6.65999984741211 -6.61999988555908 -6.42000007629395
-5.44000005722046 -5.46999979019165 -5.26999998092651 -5.07999992370606 -4.90000009536743 -4.7800002098072 -4.71999979019165 -4.48000001907349 -4.30000019073486 -4.19999980926514 -4.25 -4.19000005722046 -3.9300000667572 -3.67000007629395 -3.58999991416931 -3.44000005722046 -3.11999988555908 -3 -2.77999997133213 -2.9300000667572 -3.30999994277954 -3.44000005762957 -3.60999989509583 -3.75999999046326 -4.09999990463257 -4.40000009536743 -4.53999996185303 -4.75 -4.98000001907349 -5.05999994277954 -4.98000001907349 -4.98999977111816 -5.07999992370605 -5.30000019073486 -5.48000001907349 -5.5700001172916 -5.65000007920369 -5.84000015258789 -5.80999994277954 -6.03000013982218 -6.15000009536743 -6.40000009536743 -6.44000005722046 -6.44000004118797 -6.42000007629395 -6.26999998092651
-4.92000007629394 -4.8899998664856 -4.8600001335144 -4.69999980926514 -4.65000009536743 -4.53999996185177 -4.32999992370605 -4.26000022888184 -4.15999984741211 -3.8199999332428 -3.91000008583069 -3.97000002861023 -3.94000005722046 -3.66000008583069 -3.59999990463257 -3.5699999332428 -3.50999999046326 -3.52999997138977 -3.47000002861023 -2.88000013057803 -3.1800000667572 -3.24000000953674 -3.38000011487651 -3.64000010490417 -3.90000009536743 -4.26000022888184 -4.55000018972292 -4.69000005722046 -4.88000011444092 -4.94999980926514 -4.90000009536743 -4.94999980926514 -5.21000003814697 -5.32000017166138 -5.42999982833862 -5.48000003263814 -5.61000013351441 -5.67000007629394 -5.67999982833862 -5.80999994277954 -6.07000017166138 -6.23000001907349 -6.26000022888184 -6.28000020980835 -6.23999977111816 -6.09000015258789
-4.44999980926514 -4.42000007629395 -4.32999992370605 -4.32000017166138 -4.15000009536743 -4.11999988555908 -3.91000008583069 -4.05999994277954 -3.95000004768372 -3.83999991415566 -3.78999996185303 -3.71000003814697 -3.6800000667572 -3.57999992370606 -3.54999995231628 -3.70000004768372 -3.5699999332428 -3.71000003673797 -3.59999990463257 -3.74000000953674 -3.67000007629395 -3.40000009536743 -3.33999991416931 -3.5 -3.73000001907349 -4.05999994277954 -4.28999996185303 -4.63000011444092 -4.76999998092651 -4.76999998092651 -4.76000022888184 -4.96999979019165 -5.15999984741211 -5.19999980926514 -5.32999996338154 -5.44999980926514 -5.51999998092651 -5.57000017166138 -5.55000019073486 -5.75 -5.94999980926514 -6.09000015258789 -6.1100001335144 -6.1100001335144 -6.03000020980835 -5.90999929372251
