SnowAccumulation_R/test/tmin/final_tmin_05_04_2009.asc
NCOLS 97 
NROWS 69 
XLLCORNER 52512.810182332 
YLLCORNER 5316225.2758522 
CELLSIZE 10000 
NODATA_value -9999 
[rows 0 to 19 of 69, columns 45 to 89 of 97]
-9999 -9999 -9999 -9999 -9999 -9999 -9999 -9999 -9999 -9999 -9999 -9999 -9999 -9999 -9999 -9999 -9999 -9999 -9999 -9999 -9999 -9999 -9999 -9999 -9999 -9999 -9999 -9999 -9999 -9999 -9999 -9999 -9999 -9999 -9999 -9999 -9999 -9999 -9999 -9999 -11.1599998474121 -11.0900001525879 -11 -10.8599996566772 -10.8100004196167
-9999 -9999 -9999 -9999 -9999 -9999 -9999 -9999 -9999 -9999 -9999 -9999 -9999 -9999 -9999 -9999 -9999 -9999 -9999 -9999 -9999 -9999 -9999 -9999 -9999 -9999 -11.0299997329712 -11.0200004577637 -11.0699996948242 -11.0299997329712 -10.8100004196167 -10.6400003433228 -10.6400003433228 -10.7299995422363 -10.789999961853 -10.8900003433228 -10.9899997711182 -11.1599998023848 -11.2299995422363 -11.1499996859872 -11.0900001525879 -11.0299997329712 -10.9099998474121 -10.8699998855591 -10.7200002670288
-9.59000015258789 -9.89000034332275 -9.92000007629395 -9.65999984741211 -9.22000026702881 -8.94999980926514 -8.88000011444092 -8.97999954223633 -9.22000026702881 -9.39000034332275 -9.73999977111816 -10.1599998474121 -10.5799999237061 -11.0100002288818 -11.2200002671267 -11.5600004196167 -11.7700004577637 -11.8100004196167 -11.7600002288818 -11.6700000762939 -11.6199998854946 -11.5500001907349 -11.4200000762939 -11.289999961853 -11.1499996192941 -11.010000229183 -10.9700002670288 -10.9300003051758 -11.0100002288818 -11.0900001525879 -10.9300003051758 -10.7299995422363 -10.6300001144409 -10.710000038147 -10.7600002288818 -10.8599996566772 -10.9300002984772 -10.9700002670288 -11.1099995765212 -11.0600004196167 -11.0100002288818 -11 -10.9399995803833 -10.8000001907349 -10.6999998092651
-9.47000026702881 -9.60999965667725 -9.5500001907349 -9.38000011444092 -9.02000045776367 -8.80000019073486 -8.77000045776367 -8.90999984741211 -9.03999996185849 -9.35999965667724 -9.76000022888184 -10.1499996185303 -10.5600004196167 -10.9399995803833 -11.1099996566772 -11.3699998855591 -11.5500001907349 -11.6599998474121 -11.6400003433228 -11.5799999237061 -11.5600004196167 -11.5 -11.4300003051758 -11.2700004577637 -11.1400003433228 -11.0600004196167 -10.9399995803833 -10.8400001525879 -10.9099998474121 -11.0200004577637 -10.8599996633865 -10.7200002670288 -10.6099996566772 -10.710000038147 -10.7700004577637 -10.8599996566772 -10.8900003433228 -10.9499998478291 -11.039999961853 -11.0500001907349 -11.0200004577637 -10.9799995422363 -10.9099998474121 -10.7600002288818 -10.6899995803833
-9.11999988555908 -9.18000030517578 -9.0600004196167 -8.9399995803833 -8.67000007629395 -8.5 -8.55000019073486 -8.76000022888184 -8.92000007630057 -9.27999973297119 -9.69999980926514 -10.1099996566772 -10.4899997711182 -10.8199996948242 -10.960000038147 -11.210000038147 -11.3800001144409 -11.4799995422363 -11.5 -11.4799995422205 -11.4399995803833 -11.4200000762939 -11.3000001907349 -11.2299995422363 -11.0500001908032 -11 -10.8800001144409 -10.789999961853 -10.7700004577637 -10.8800001144409 -10.9099998474121 -10.7299995422363 -10.6599998474121 -10.7200002670288 -10.7700004577637 -10.8299999237061 -10.9999999919141 -11.0699996948242 -11.0799999237061 -11.0900001525879 -11.0500002084578 -10.9899997711182 -10.8999996185303 -10.8000001907349 -10.5900001525879
-8.71000003814697 -8.67000007629395 -8.55000019073486 -8.44999980926514 -8.22999954223633 -8.07999992370606 -8.21000003814697 -8.53999996185303 -8.73999977111817 -9.15999984741211 -9.60999965667725 -10.0200004577637 -10.3800001144409 -10.5299997330236 -10.789999961853 -11 -11.1599998474121 -11.289999961853 -11.3400001525879 -11.3199996948242 -11.289999957507 -11.1700000762939 -11.1899995803833 -11.1599998474121 -11.0900001525879 -10.9099998474121 -10.8299999237061 -10.7600002288818 -10.6700000762939 -10.6700000762939 -10.7299995422363 -10.710000038147 -10.6599998474121 -10.710000038147 -10.7799997329712 -10.8199996948242 -10.9399995803833 -11.0600004196167 -11.1300001144409 -11.1300001279822 -11.1199998855591 -11.0200004577637 -10.9300003051758 -10.789999961853 -10.5600007400481
-8.17000007629394 -8.10999965667725 -8.0699996948242 -7.94999980926514 -7.78000020980835 -7.69000005722046 -7.8899998664856 -8.27000045776367 -8.5 -8.98999977111816 -9.47999954223633 -9.92000007629395 -10.2399997711182 -10.3699998856005 -10.5900001525879 -10.7600002288818 -10.9300003051758 -11.0699996948242 -11.1099996531568 -10.9899997711182 -10.9799995422363 -11.0200004577637 -11.039999961853 -11.0799999237061 -11.0799999237061 -10.8299999237061 -10.7399997711182 -10.6800003051758 -10.6300001144409 -10.6000003814697 -10.5900001525879 -10.6099996566772 -10.6499996185303 -10.7299995422363 -10.7700004577637 -10.8100004196167 -10.9399995803833 -11.0299997329712 -11.1400003433228 -11.1300001144409 -11.1499996185303 -11.0699996948242 -10.960000038147 -10.8100004196167 -10.7200002670288
-7.57000017166138 -7.57000017166138 -7.53999996185297 -7.44000005722046 -7.32000017166138 -7.32000017166138 -7.55999994277954 -8.01000022888184 -8.26000022888184 -8.77000045776367 -9.3100004196167 -9.8100004196167 -10.0699996948242 -10.1700000762939 -10.3500003814697 -10.5 -10.6599998452692 -10.5 -10.5699996948242 -10.7299995422363 -10.8400001525879 -10.8599996566772 -10.9200000762939 -10.9499998092651 -10.9700002670288 -10.7399997711182 -10.6199998855591 -10.5900001525879 -10.5799999237061 -10.5600004196167 -10.5100002288818 -10.5900001525879 -10.6000003814697 -10.6300001144409 -10.6899995803833 -10.8199996948242 -10.9499998092651 -11.0500001907349 -11.1099996566772 -11.1599998474121 -11.210000038147 -11.1899995803833 -11.0600004196167 -10.9899997711182 -10.75
-7.05000019073486 -7.05999994277954 -7.03999996185303 -6.96999979019165 -6.88000011444092 -6.8899998664856 -7.19999980926514 -7.71999979019165 -8.01000022888184 -8.5 -9.06999969482422 -9.6899995803833 -9.82999992370605 -9.89000034332275 -10.0399999607358 -9.82999992370605 -10.0200004577637 -10.1999998092651 -10.2799997329712 -10.4499998092651 -10.5900001525879 -10.6999998092651 -10.8100004196167 -10.789999961853 -10.789999961853 -10.6499996185303 -10.5200004577637 -10.4700002671241 -10.4700002670288 -10.4899997711182 -10.4799995422363 -10.5 -10.5200004569357 -10.5 -10.6599998474121 -10.789999961853 -10.9200000762939 -11.0600003972042 -11.1199998855591 -11.2200002670288 -11.3199996948242 -11.2799997329712 -11.2299995422363 -11.0299997329712 -10.8200003104908
-6.65000009536743 -6.6100001335144 -6.59999990463257 -6.55999994277954 -6.48000001907349 -6.42000007629394 -6.78999996185303 -7.07999992371205 -7.65000009536743 -8.14999961853028 -8.67000007629395 -9.18000030517578 -9.34000015188922 -9.0600004196167 -9.25 -9.42000007629395 -9.65999984741211 -9.77999973307913 -9.96000003814697 -10.1099996566772 -10.3400001525879 -10.5200004577637 -10.5600004196542 -10.5699996948242 -10.6000003814697 -10.5 -10.4399995803833 -10.3800001144409 -10.3199996948242 -10.3299999237061 -10.3699998855591 -10.4200000762939 -10.3599996566772 -10.4499998092651 -10.5900001525879 -10.7399997711182 -10.8999996185303 -11 -11.1899995803833 -11.2600002288818 -11.4099998474121 -11.3900003433228 -11.3699998855591 -11.2800003277226 -11.3000001907349
-6.46000003814697 -6.26999998092651 -6.23999977111816 -6.23000001907349 -6.21000003814697 -6.09999990463257 -6.5 -6.80000019074016 -7.30999994274322 -7.74999999990002 -7.71000003814697 -8.14000034332275 -8.31999969486101 -8.60000038146972 -8.81999969482422 -9 -9.14999961853027 -9.32999992370606 -9.59000015258789 -9.77000045776367 -10.0600004196167 -10.289999961853 -10.3500003814697 -10.460000038147 -10.4200000762939 -10.3199996948242 -10.2899999620128 -10.2600002288818 -10.1999998092651 -10.1999998092651 -10.2600002288818 -10.2399997684192 -10.289999961853 -10.3800001144409 -10.5500001907349 -10.6800003051758 -10.7799997329712 -11.0299997329712 -11.1800003051758 -11.3800001144409 -11.5 -11.5699996948242 -11.6199998855591 -11.789999961853 -11.5600004196167
-6.36999988555908 -5.98999977111739 -5.92000007629311 -5.98999977111728 -6.11999988555913 -6.21999979019491 -6.61999988555908 -6.71999979019165 -6.90000009536743 -7.09999990463257 -7.28999996185303 -7.75 -7.94000005722046 -8.19999980926514 -8.4399995803833 -8.60000038146973 -8.71000003814697 -8.8100004196167 -9.14999961853027 -9.38000011444092 -9.72000026702881 -10 -10.1099996566772 -10.3000001907349 -10.289999961853 -10.2299995422363 -10.1300001144409 -10.0900001525879 -10.0900001525879 -10.0799999237061 -10.0100002288818 -10.0699996948242 -10.2200002670288 -10.3299999237061 -10.4700002670288 -10.6499995950729 -10.7200002670288 -11.0200004577637 -11.2399997711182 -11.4899997711182 -11.6199998855591 -11.7700004577637 -12.1499996185303 -12.1099996566772 -11.850000640736
-5.73999977111816 -5.40999984741211 -5.32999992370619 -5.73999977111816 -6.19999980926514 -6.69999980926514 -6.71000003814697 -6.73999977111816 -6.76999998092651 -6.90999984741211 -7.15000009536743 -7.48999977111816 -7.65000009536743 -7.92999982833862 -8.09000015258789 -8.22999954223633 -8.27000045783096 -8.39000034332276 -8.64999961853027 -8.94999980926514 -9.27999973297119 -9.43999958082312 -9.77999973297119 -10.0100002288818 -10.1400003433228 -10.1499996185303 -9.97999954223633 -9.90999984741211 -9.94999977769444 -9.78999996185303 -9.8100004196167 -9.94999980926514 -10.0900001525879 -10.2399997711182 -10.3500003814697 -10.4899997711182 -10.7399997711182 -11.0299997329712 -11.3000001907349 -11.5799996796392 -11.7200002670288 -11.9700005214815 -12.4899997711182 -12.4300003051758 -12.25
-5.34999990463257 -5.38000011444092 -5.48999977111816 -5.82000017166138 -6.23999977111816 -6.59999990463257 -6.63000011444092 -6.6100001335144 -6.75 -6.88999986648559 -7.01999998092651 -7.30999994277954 -7.44999980926514 -7.67999982833862 -7.82999992370605 -7.8899998664856 -7.90999984746049 -7.98999977111816 -8.17000007629395 -8.47000026702881 -8.85999965667724 -9.03999996185303 -9.4399995803833 -9.72000026702881 -9.86999988555908 -9.85999965667725 -9.75 -9.68999955385181 -9.5600004196167 -9.60000038146973 -9.6899995803833 -9.81999969482422 -9.94999980926514 -10.0900001525879 -10.1700000762939 -10.4399995803833 -10.7399997711182 -11.0600004196167 -11.25 -11.3900003433228 -11.7799996923552 -12.1599998474121 -12.6800003051758 -12.6700000762939 -12.3699998855591
-5.15999984741211 -5.3600001335144 -5.53999996185303 -5.98999977111816 -6.17999982833862 -6.28000020980835 -6.36999988555908 -6.46000003814697 -6.61999988555908 -6.82999992370605 -6.98000001907349 -7.15000009539212 -7.36999988555908 -7.48999977111816 -7.59999990463257 -7.65999984741211 -7.67999982833862 -7.61000013351441 -7.78000020980835 -8.1899995803833 -8.36999988596342 -8.80000019073486 -9.19999980926514 -9.47000026702881 -9.59000015258789 -9.56999969482422 -9.47000024075271 -9.28999996185303 -9.31999969482422 -9.38000011444092 -9.55000019073486 -9.64999961853027 -9.77000045776367 -10.0100002288818 -10.1300001144409 -10.3199996948242 -10.6300001144409 -10.8900003433228 -11.0600004196167 -11.3199996948242 -11.6800003051758 -12.0500001907349 -12.3799999598675 -12.4200000762939 -12.289999961853
-5.07000017166138 -5.32999992370605 -5.51999998092651 -6.09000015258789 -6.03000020980835 -6.03999996185303 -6.15999984741211 -6.23999977111816 -6.40999984741211 -6.69999980926514 -6.96999979019165 -7.07999992370606 -7.28999996185303 -7.44999980926514 -7.59000015258789 -7.6100001335144 -7.5 -7.32999992370605 -7.42000007629395 -7.92999982833862 -8.18000030517578 -8.57999992370605 -8.90999984741211 -9.18000030517578 -9.28999996185303 -8.97999954223633 -9.17000007629395 -9.06999969482422 -9.17000007629395 -9.25 -9.35999965667725 -9.46000003814697 -9.60999965667725 -9.72000026702881 -9.94999980926514 -10.2200002670288 -10.460000038147 -10.8100003641756 -10.9200000762939 -11.0299997329712 -11.4300003051758 -11.8100004196167 -11.960000038147 -12.1199998855591 -12.1000003814697
-5.05000019073486 -5.19999980926514 -5.34000015258789 -5.51999998092651 -5.53999996185303 -5.67000007629395 -5.75000000000115 -5.98000001907349 -6.21000003814697 -6.55999994277954 -6.90999984741211 -7.05999994277954 -7.32000017166138 -7.5 -7.61999988555908 -7.65999984742698 -7.57999992370605 -7.32999992370605 -7.36000013351441 -7.88000011444092 -8.10000038146973 -8.42000007629395 -8.72000026702881 -8.93999957285113 -8.84000015258789 -8.84000015258789 -8.89999961853027 -8.84000015258789 -9.01000022827074 -9.0600004196167 -9.18000030517578 -9.27999973297119 -9.43000030517578 -9.55000019073486 -9.77999973297119 -10.0500001907349 -10.3000001907349 -10.460000038147 -10.4700002670288 -10.7399997711182 -11.1199998855591 -11.3199996948242 -11.6800003051758 -11.8400001525879 -11.8800001144409
-5.09999990463257 -5.05999994277954 -5.07000017166138 -4.94999980926514 -4.92999982833862 -5.26999998092651 -5.42000007629539 -5.76999998092651 -6.07000017166138 -6.40000009536743 -6.76999998092651 -6.98999977111816 -7.36000013351441 -7.6100001335144 -7.73999977111816 -7.78000020980835 -7.80999994277954 -7.69999980926514 -7.75 -7.71999979040301 -8.05000019073486 -8.46000003814697 -8.60999965790459 -8.64999961853027 -8.67000007629395 -8.72000026702881 -8.72999954223633 -8.6899995803833 -8.75 -8.85999965667725 -8.97999954223633 -9.09000015258789 -9.18000030517578 -9.39999961853027 -9.67000007629395 -9.93000030517578 -10.1199997949432 -10.2399996337262 -10.2799997329712 -10.4200000762939 -10.8500002414974 -11.0600004196167 -11.4200000762939 -11.5900001525879 -11.6400003112578
-5.05999994277954 -4.90999984741211 -4.82999992370605 -4.65999984741211 -4.63999986648559 -5.05999994277954 -5.23000001907516 -5.57000017166138 -5.96000003814697 -6.34999990463257 -6.65999984741211 -6.90999984741211 -7.38000011444092 -7.76000022888184 -7.92000007629395 -7.96999979019165 -8.05000019073486 -8.10999965667724 -8.27000045776367 -8.31999969482422 -8.11999989907937 -8.53999996185303 -8.52000045776367 -8.55000019081173 -8.53999996185303 -8.48999977111816 -8.51000022888184 -8.52000045748033 -8.55000019073486 -8.64000034332275 -8.77000045776367 -8.90999984741211 -9.02000045776367 -9.31999969482422 -9.53999996185303 -9.76000022888184 -9.86999981095365 -9.94999980926514 -10.1000003814697 -10.25 -10.4700002670288 -10.9099998474121 -11.2200002670288 -11.3699998855591 -11.4200000762939
-4.98000001907349 -4.80999994277954 -4.71999979019165 -4.55999994277954 -4.65999984741211 -4.90000009536743 -5.07999992370605 -5.40000009536743 -5.88000011444092 -6.28000020980835 -6.46999979021213 -6.90999984741211 -7.3600001335144 -7.82000017166138 -8.10000038146973 -8.14000034332275 -8.25 -8.27000045776367 -8.48999977100075 -8.59000015258789 -8.89999961853027 -9.0600004196167 -8.65999984741211 -8.48999977111817 -8.36999988555908 -8.27999973297119 -8.25 -8.27000045776367 -8.31999969482422 -8.39999961853027 -8.53999996185303 -8.63000011444092 -8.89999961853027 -9.18000030517578 -9.38000011444092 -9.52999969896402 -9.65999984741211 -9.84000015258789 -10.0200004577637 -10.1000003814697 -10.4399995803833 -10.8000001907349 -11.0699996948242 -11.1499996185303 -11.2399997711182
