SnowAccumulation_R/test/tmin/final_tmin_19_04_2009.asc
NCOLS 97 
NROWS 69 
XLLCORNER 52512.810182332 
YLLCORNER 5316225.2758522 
CELLSIZE 10000 
NODATA_value -9999 
[rows 20 to 39 of 69, columns 0 to 44 of 97]
-9999 -9999 -9999 -9999 -6.19999980926514 -5.48999977111816 -5.36999988555908 -1.89999997615814 -4.34000015258789 -4.42999982833862 -3.64000010490417 -3.65000009536743 -3.36999988555908 -2.75999999046326 -2.96000003814697 -2.92000007629394 -3.0699999332428 -3.78999996185303 -3.64000010490417 -3.36999988555908 -2.83999991416931 -2.73000001907349 -3.05999994277954 -3.13000011468618 -3.0699999332428 -2.82999992370605 -2.79999995231628 -2.70000004768372 -2.91000008583069 -2.6800000667572 -2.40000009536743 -1.8400000333786 -1.58000004291534 -1.12000000476837 -1.02999997138977 -0.930000007152557 -0.560000002384186 -0.419999986886978 -0.550000011920929 -1.02999997138977 -1.6599999666214 -2.09999990463257 -2.00999999046326 -1.86000001430511 -1.70000004768372
-9999 -9999 -9999 -9999 -4.96999979019165 -5.1100001335144 -4.6399998664856 -3.84999990463257 -5.28000020980835 -4.94999980926514 -4.90999984741211 -4.05000019073486 -3.60999989509583 -3.74000000953674 -3.49000000953674 -3.20000004768372 -3.25999999046326 -3.61999988555908 -3.59999990463257 -3.47000002861023 -3.20000004768372 -3.30999994277954 -2.84999990463257 -3.09999990463257 -3.13000012387847 -2.78999996185303 -3.00999999046326 -2.9300000667572 -2.75999999046326 -2.72000002861023 -2.45000004768372 -1.94000005722046 -1.29999995231628 -1.35000002384186 -1.10000002384186 -1.07000005245209 -0.97000002861023 -1.30999994277954 -1.45000004768372 -1.45000004768372 -2.17000007629394 -2.76999998092651 -2.5000000000001 -2.23000001907349 -1.77999997138977
-9999 -9999 -9999 -9999 -4.21000003814697 -5.67000007629394 -4.71999979019165 -3.91000008583069 -5.1100001335144 -5.53999996185303 -4.78999996185303 -4.90000009536743 -4.17999982833862 -4.23000001907349 -4.07000010701665 -3.4300000667572 -3.49000000953674 -3.71000003814697 -3.47000002861023 -3.60999989509583 -3.5 -3.30999994277954 -3.33999991416931 -3.09999990463257 -3.65000008927192 -3.28999996185303 -3.05999994277954 -2.89000010490417 -2.66000008583069 -2.51999998092651 -2.34999990463257 -1.6599999666214 -1.53999996185303 -1.48000001907349 -1.14999997615814 -1.05999994277954 -0.879999995231628 -1.22000002861023 -1.69000005722046 -1.94000005722046 -2.70000004768372 -3.14000010490417 -2.86999988555908 -2.57999992370605 -2.01999998092651
-9999 -9999 -9999 -5.25 -4.8899998664856 -3.64000010490417 -4.75 -5.1399998664856 -5.67000007629395 -5.51999998092651 -5.17000007629394 -5.42999982833862 -4.6100001335144 -4.06000001940284 -3.75999999046326 -3.55999994277954 -3.74000000953674 -3.59999990463257 -3.57999992370605 -3.53999996185303 -3.52999997138977 -3.28999996185303 -3.27999997138977 -3.53999996185303 -3.57999992370605 -3.61999988555908 -3.43000007017702 -3.33999991416931 -3.19000005722046 -2.57999992370605 -2.40000009536743 -2 -2.00999999046326 -1.55999994277954 -1.47000002861023 -1.10000002384186 -0.800000011920929 -1.25 -1.89999997615814 -2.30999994277954 -3.10999989509583 -3.71000003814697 -3.24000000953674 -2.89000010490417 -2.14000010490418
-9999 -9999 -9999 -5.75 -5.42999982833862 -5.03999996185303 -6.01000022888184 -5.26999998092651 -5.82000017166138 -5.94999980926514 -5.44000005722046 -5.15000008269136 -4.86999988555908 -3.53999996185303 -3.61999988555908 -3.64000010490417 -3.73000001907349 -3.58999991416931 -3.6800000667572 -3.83999991416931 -3.67000007629395 -3.34999990463257 -3.55999994277954 -3.52999997138977 -3.40000009536743 -3.61999988465502 -3.78999996185303 -3.50999999046326 -3.33999991416931 -3.09999990463257 -2.44000005722046 -2.09999990463257 -1.61000001430511 -1.67999994754791 -1.6599999666214 -1.5900000333786 -1.44000005722046 -1.62999999523163 -2.25 -2.58999991416931 -3.28999996185289 -3.96000003814616 -3.43000006675706 -3.03999996185307 -2.1800000667572
-9999 -9999 -9999 -5.8600001335144 -5.32999968819989 -5.01999998092651 -5.42999982833862 -5.53000020980835 -6.51000022888184 -5.46000003814697 -5.76999998092651 -3.55999994277954 -3.57999992370605 -3.59999990463257 -3.95000004768372 -3.97000002861023 -3.8199999332428 -4.01999998092651 -4.28000020980835 -4.32000017166138 -3.75999999046326 -3.66000008583069 -3.52999997138977 -3.33999991416931 -3.39000010490417 -3.69000005722046 -3.90000009536743 -3.66000008629356 -3.42000007629395 -3.5 -2.83999991416931 -2.24000000953674 -2.16000008583069 -2.29999995231628 -2.23000001907349 -2.21000003814697 -2.4300000667572 -2.60999989509582 -2.89000010490417 -2.86999988555908 -3.05999994277954 -3.40000009536743 -3.32999992370605 -3.11999988555908 -2.40000009536743
-9999 -9999 -9999 -5.81999762478774 -6.1100001335144 -3.85999989509583 -5.67999982833862 -5.96000003814697 -5.76999998092651 -6.11999988555908 -5.80999994277954 -5.48999977111816 -3.79999995231628 -4.19999980926514 -4.01000022888184 -4.05999994277954 -3.90000009536743 -4 -4.36999988555908 -4.63000011444092 -4.11999988555908 -3.76999998092651 -3.34999990463257 -2.19000005722046 -3.55999994277954 -4.01000022888184 -3.90000009729045 -3.73000001953098 -3.57999992370605 -3.41000008583069 -3.29999995231628 -3.26999998092651 -2.54999995231628 -2.47000002861023 -2.52999997138977 -2.66000008583069 -2.90000009536743 -2.86999988555908 -2.99000000953674 -2.97000002861023 -2.85999989509583 -3.28999996185303 -3.34999990463257 -3.26999998092651 -2.65000009536743
-9999 -9999 -9999 -3.84999990463257 -4.30999994277954 -4.01000077532017 -6.34999990463257 -5.03999996185303 -5.71999979019165 -5.55000019073486 -5.38000011444092 -5.51000022888184 -5.42999982833862 -4.19999980926514 -4.23000001907349 -4.26999998092651 -4.09000015258789 -4.19000005722046 -4.25 -4.25 -4.01000022888184 -3.86999988555908 -3.75 -3.50999999046326 -3.90000009536743 -4.28999996185303 -4.53000020980835 -3.9300000667572 -3.14000010506644 -2.72000002827088 -3.25 -3.44000005722046 -3.00999999046326 -2.79999995231628 -2.76999998092651 -2.95000004768372 -3.07999992370605 -3.07999992370606 -3.01999998092651 -3.01999998092651 -2.99000000953674 -3.02999997138977 -3.26999998092651 -3.20000004768372 -2.85999989509583
-9999 -9999 -9999 -2.75999999046326 -4.96000003814697 -5.40000009536743 -5.21999979019165 -5.73999977111816 -5.30999994277954 -5.65000009536743 -5.38000011444092 -5.53000020980835 -5.30000019073486 -5.26999998092651 -4.23000001907349 -4.34999990463257 -4.30000019073486 -4.23000001907349 -4.1100001335144 -3.64000010490417 -3.60999989509583 -3.4300000667572 -3.5699999332428 -3.61999988555908 -3.96000003814697 -4.40999984741211 -4.3600001335144 -4.03000020980835 -3.17000007807836 -2.60999989509582 -3.13000011444092 -3.24000000953674 -3.35999989509583 -3.82999992370605 -2.86999988555908 -2.72000002861023 -2.78999996185303 -3.02999997138977 -3.27999997138977 -3.26999998092651 -3.01999998092651 -3.0699999332428 -3.07999992370605 -3.11999988555908 -2.96000003814697
-9999 -9999 -9999 -2.86999988555908 -4.51999998092651 -4.11999988555908 -4.51000020770842 -4.80999994277954 -4.09999990463257 -5.32999992370605 -5.92000007629394 -5.65000009536743 -5.76000022888184 -5.46000003814697 -4.28999996185303 -4.34999990463257 -4.40999984741211 -4.28999996185303 -4.15000009536743 -3.69000005722046 -3.3199999332428 -3.10999989509583 -3.40000009536743 -3.14000010490417 -3.72000002861023 -3.92000007629395 -4.30000019073486 -4.01000022888184 -3.9300000667572 -3.25999999046326 -3.31999993259981 -2.89000010511279 -3.0699999332428 -3.09999990463257 -2.73000001907349 -2.54999995231628 -2.6800000667572 -2.80999994277954 -2.78999996185303 -3.32999992370605 -3.44000005722046 -3.03999996185303 -3 -2.73000001907349 -2.89000010490417
-9999 -9999 -9999 -1.93000064502258 -3.34999990463257 -3.77999997138977 -4.48999985782454 -5.30999994277954 -5.23999977111816 -4.63999986648559 -5.74999999560318 -5.3600001335144 -4.96000003814697 -5.63000011444092 -4.26999998092651 -4.34999990463257 -4.3600001335144 -4.42000007629395 -4.09000015258789 -3.96000003814697 -3.45000004768372 -3.05999994277954 -3.1800000667572 -3.49000000953674 -3.5 -3.8199999332428 -3.79999995231628 -4.34999990463257 -4.73000001907349 -3.25999999082707 -2.99999999976195 -3.04999995231628 -2.71000003814697 -2.71000003814697 -2.10999989509583 -2.27999997138977 -2.24000000953674 -2.42000007629395 -2.44000005722046 -2.48000001907349 -2.77999997138977 -3.01999998092651 -2.73000001907349 -2.19000005722046 -2.13000011444092
-9999 -9999 -9999 -2.25999999046326 -3.78999996185303 -3.0699999332428 -4.8600001335144 -4.76000063510888 -5.55000019073486 -4.23999977111816 -4.67000007629395 -5.19000005722046 -5.26000022888184 -5.13999986648559 -4.34999990463257 -4.28999996185303 -4.36999988555908 -4.48000001907349 -4.42999982833862 -4 -3.39000010490417 -2.99000000953674 -3.03999996185303 -3.38000011444092 -3.39000010490417 -3.40000009536743 -3.58999991416931 -3.9300000667572 -3.8199999332428 -2.84999990463257 -2.27999997138977 -2.17000007629395 -2.56999993303576 -2.53999996155566 -2.10999989509582 -2.05999994277954 -2.01999998092651 -2.39000010490417 -2.3199999332428 -2.4300000667572 -2.60999989509583 -2.24000000953674 -2.46000003814697 -2.35999989509583 -2.35999989509583
-9999 -9999 -9999 -3.59999990463257 -2.59999989718821 -3.8199999332428 -3.4300000667572 -4.98999977111816 -4.6999998983324 -5.09999990463257 -4.71000003814697 -4.34000015258789 -4.57000017166138 -4.30999994277954 -4.32000017166138 -4.32999992370605 -4.40000009536743 -4.09999990463257 -4.42999982833862 -3.91000008583069 -3.1800000667572 -2.88000011444092 -2.70000004768372 -2.89000010490417 -2.79999995231628 -3.16000008583069 -3.14000010490417 -3.29999995231628 -2.9300000667572 -2.32999992370605 -1.5900000333786 -2.17000007611825 -2.30999994260692 -1.91999995708466 -1.61000001430511 -1.77999997138977 -2.19000005722046 -2.30999994277954 -2.27999997138977 -2.46000003814697 -2.63000011444092 -2.59999990463257 -2.44000005722046 -2.30999994277954 -1.88999998569489
-9999 -9999 -9999 -3.30999994277954 -2.71000003814697 -2.32999992370605 -3.66000008583069 -3.35999989509583 -4.46000003814697 -4.92999946995498 -5.19000005722046 -4.59999990463257 -4.75 -4.76000022888184 -4.1100001335144 -4.26000022888184 -4.30999994277954 -4.21000003814697 -3.86999988555908 -3.49000000953674 -3.04999995231628 -2.58999991416931 -2.10999989509583 -2.4300000667572 -2.52999997138977 -2.5699999332428 -2.5 -2.8199999332428 -2.48000001907349 -2.25999999046326 -2.13000011444092 -1.58000004291534 -1.45000004768372 -1.12999999523163 -1.14999997615814 -1.64999997610974 -1.80999994275048 -2.20000004768372 -2.33999991416931 -2.5699999332428 -2.67000007629395 -2.63000011444092 -2.26999998092651 -1.99000000953674 -1.82000005245209
-9999 -9999 -9999 -4.21999979019165 -3.39000010490417 -2.61999988555908 -2.58999991416931 -4.32000017166138 -3.58999991416931 -4.48999977111816 -4.91999987307174 -5.15000009536743 -5.03999996185303 -4.8899998664856 -4.26999998092651 -4.36999988555908 -4.30000019073486 -4.19000005722046 -3.94000005722046 -3.42000007629395 -2.9300000667572 -2.26999998092651 -1.38999998569489 -2.25999999046326 -2.17000007629395 -2.42000007629395 -2.5699999332428 -2.28999996185303 -1.55999994277954 -2.0699999332428 -2.17000007629395 -1.28999996185303 -1.22000002861023 -1.35000002384186 -1.39999997615814 -1.12999999523163 -1.25999999046326 -1.79999995231628 -2.41000008583069 -3.30999994277633 -3.06999993324219 -2.70000004768365 -1.92999994754852 -2.11999988555915 -1.80999994277989
-9999 -9999 -4.28999996185303 -3.92000007629395 -5.26999998092651 -2.97000002861023 -2.55999994277954 -3.17000007629394 -3.97000002861023 -3.14000010490417 -4.61999988555908 -5.13000002448977 -5.25 -4.94000005722046 -4.44999980926514 -4.80000019073486 -4.3600001335144 -4.19999980926514 -3.96000003814697 -3.66000008583069 -2.8199999332428 -2.32999992370605 -2.10999989509583 -2.21000003814697 -2.16000008583069 -2.19000005722046 -2.44000005722046 -2.36999988555908 -2.13000011444092 -2.17000007629395 -2.14000010490417 -1.63999998569489 -1.51999998092651 -1.60000002384186 -1.71000003814697 -1.00999999046326 0.9200000166893 -1.70000004768372 -2.41000008583027 -2.84999990463266 -2.80999994277996 -2.67000007629395 -2.19000005722046 -2.15000009536743 -1.96000003814697
-9999 -9999 -4.8899998664856 -5.15000009536743 -4.15999984741211 -4.75 -3.59999990463257 -2.75 -3.54999995231628 -4.13000005415897 -4.42000007629394 -4.42999982833862 -4.84999990463257 -4.8899998664856 -4.73000001907349 -4.80999994277954 -4.69000005722046 -4.3600001335144 -4.17000007629395 -3.63000011444092 -2.47000002861023 -2.16000008583069 -2.09999990463257 -2.05999994277954 -2.01999998095162 -2.14000010466136 -2.46000003814697 -2.3199999332428 -2.53999996185303 -2.41000008583069 -1.77999997138977 -1.71000003814697 -1.63999998569489 -1.95000004768372 -2.4300000667572 -1.61000001430511 -1.72000002861023 -2.86999988555908 -2.95000004768372 -3.01999998092651 -3.07999992370606 -3.09999990463257 -2.72000002861023 -2.1800000667572 -2.33999991416931
-9999 -9999 -4.17999982833862 -3.6800000667572 -4.07000017166138 -4.51000022888184 -4.309999844151 -2.76999998092651 -2.79999995231628 -3.97000002861023 -3.47000002861023 -3.95000004768372 -4.46999979019165 -4.51000022888184 -4.76000022888184 -4.86999988555908 -4.82999992370605 -4.63000011444092 -3.96000003814697 -3.74000000953674 -2.76999998092651 -2.30999994277954 -2.24000000953674 -2.04999995231628 -1.96000003814697 -2.22000002861023 -2.64000010490417 -2.86999988555908 -2.77999997138977 -2.59999990463257 -2.26999998092651 -1.79999995231628 -2.03999996185303 -2.09999990463257 -2.15000009536743 -2.26999998092651 -2.75999999046326 -3.53999996185303 -3.28999996185303 -3.26999998092651 -3.25 -3.22000002861023 -2.8199999332428 -2.64000010490417 -2.53999996185303
-9999 -9999 -3.82999992370605 -3.30999994277954 -3.5699999332428 -4.86999988555908 -4 -3.30999994277954 -2.58999991416931 -3.69000005722046 -3.75999999046326 -3.96000003814697 -3.97000002861023 -4.53000020757907 -4.5 -4.8899998664856 -4.63000011444092 -4.11999988555908 -4.11999988555908 -3.59999990463257 -2.82999992370606 -2.48000001907349 -2.41000008583069 -2.13000011444092 -2.24000000953674 -2.45000004768372 -2.88000011444092 -3.82999992370606 -3.41000008583069 -2.77999997138977 -2.5 -2.26999998092651 -2.23000001907349 -2.21000003814697 -2.28999996185303 -2.44000005722046 -3.09999990463257 -3.45000004768372 -3.63000011444092 -3.63000011444092 -3.65000009536743 -3.38000011444092 -2.95000004768372 -2.76999998092651 -3.19000005722046
-9999 -9999 -2.11999943657394 -3.04999995231628 -4.32999992370606 -3.78999996185303 -3.6800000667572 -3.33999991416931 -2.52999997138977 -3.04999995231628 -3.70000003344041 -3.0699999332428 -3.49000000953674 -3.75 -3.78999996185303 -4.25 -4.15000009536743 -3.90000009536743 -3.42000007629395 -3.0699999332428 -3.14000010490418 -3.19000005722046 -2.25999999046326 -2.04999995231628 -2.1800000667572 -2.41000008583069 -2.55999994277954 -3.53999996185303 -3.27999997138977 -2.73000001907349 -2.09999990463257 -2.50999999046326 -2.39000010490417 -2.44000005722046 -2.54999995231628 -3.03999996185303 -3.33999991416931 -3.95000004768372 -4.55000019073486 -4.28000020980835 -3.90000009536743 -3.6800000667572 -4.01999998092651 -4.23999977111816 -3.61999988555908
