SnowAccumulation_R/test/tmin/final_tmin_25_04_2009.asc
NCOLS 97 
NROWS 69 
XLLCORNER 52512.810182332 
YLLCORNER 5316225.2758522 
CELLSIZE 10000 
NODATA_value -9999 
[rows 20 to 39 of 69, columns 0 to 44 of 97]
-9999 -9999 -9999 -9999 -8.8100004196167 -7.78999996185303 -7.59000015258789 -4.8600001335144 -5.96000003814697 -5.71000003814697 -4.8600001335144 -4.44999980926514 -3.9300000667572 -3.14000010490418 -3.3199999332428 -3.14000010490417 -2.74000000953674 -2.78999996185303 -2.71000003814697 -2.48000001907349 -2.04999995231628 -1.83000004291534 -2.1800000667572 -2.13000011910093 -2.11999988555908 -2.08999991416931 -2.66000008583069 -2.90000009536743 -2.98000001907349 -3.24000000953674 -3.70000004768372 -3.83999991416931 -4.5 -4.55000019073486 -4.71999979019165 -5.15999984741211 -5.44999980926514 -5.82000017166138 -6.05000019073486 -6.55999994277954 -7.32000017166138 -7.94999980926514 -8.26000022888184 -8.27000045776367 -8.44999980926514
-9999 -9999 -9999 -9999 -7.17999982833862 -7.26999998092651 -6.65000009536743 -5.69000005722046 -7.17000007629394 -6.40000009536743 -6.17999982833862 -4.55000019073486 -4.01000022888184 -4.05999994277954 -3.8199999332428 -3.40000009536743 -3.03999996185303 -2.88000011444092 -2.6800000667572 -2.52999997138977 -2.19000005722046 -2.1800000667572 -2.30999994277954 -2.51999998092651 -2.24000001117016 -1.97000002861023 -2.44000005722046 -2.88000011444092 -3.24000000953674 -3.38000011444092 -3.64000010490417 -4.42000007629395 -4.48000001907349 -4.48999977111816 -4.71000003814697 -5.09000015258789 -5.44999980926514 -6.07000017166138 -6.34999990463257 -7.09999990463257 -7.75 -8.47999954223633 -8.68000030517578 -8.64000034332275 -8.48999977111816
-9999 -9999 -9999 -9999 -6.30999994277954 -8.02000045776367 -6.59999990463257 -5.61000013351441 -6.84000015258789 -7.44999980926514 -5.61999988555908 -5.69000005722046 -4.25 -4.40999984741211 -4.30000012824501 -3.59999990463257 -3.40000009536743 -2.95000004768372 -2.99000000953674 -2.64000010490417 -2.82999992370605 -2.55999994277954 -2.71000003814697 -2.71000003814697 -2.32999993016012 -2.41000008583069 -2.83999991416931 -3.22000002861023 -3.39000010490417 -3.51999998092651 -3.6800000667572 -4.40000009536743 -4.73999977111816 -4.84000015258789 -4.84999990463257 -5.26999998092651 -5.53000020980835 -6.32000017166138 -7.03000020980835 -7.73000001907349 -8.3100004196167 -8.76000022888184 -8.92000007629395 -8.97000026702881 -9
-9999 -9999 -9999 -7.51999998092651 -7.03000020980835 -5.55000019073486 -6.57999992370605 -7.03999996185303 -7.78999996185303 -7.40000009536743 -6.48000001907349 -7.03999996185303 -4.69000005722046 -4.09999997167797 -3.84999990463257 -3.34999990463257 -3.13000011444092 -3.20000004768372 -3.10999989509583 -3 -3.29999995231628 -3.17000007629395 -3.21000003814697 -3.33999991416931 -3.36999988555908 -3.80999994277954 -3.39000011269376 -3.46000003814697 -3.52999997138977 -3.64000010490417 -3.69000005722046 -4.67999982833862 -4.84000015258789 -5.1399998664856 -5.11999988555908 -5.57000017166138 -5.92000007629394 -6.6100001335144 -7.40999984741211 -7.80999994277954 -8.71000003814697 -9.22000026702881 -9.22999954223633 -9.27000045776367 -9.28999996185303
-9999 -9999 -9999 -8.21000003814697 -7.73000001907349 -7.07999992370605 -8.5 -7.1399998664856 -8.06999969482422 -8.26000022888184 -7.11999988555908 -6.34000011400853 -5.42999982833862 -3.61999988555908 -3.27999997138977 -3.44000005722046 -3.36999988555908 -3.47000002861023 -3.5 -3.51999998092651 -3.52999997138977 -3.48000001907349 -4.09999990463257 -4.09000015258789 -4.23999977111816 -3.80999994988286 -4.21000003814697 -4.17000007629395 -4.03999996185303 -3.99000000953674 -4.84000015258789 -4.69999980926514 -4.36000013351441 -5.05000019073486 -5.26000022888184 -6.21000003814697 -6.38000011444092 -6.84000015258789 -7.59999990463257 -8.39999961853027 -8.88000011444099 -9.42000007629357 -9.42000007629378 -9.43000030517562 -9.43000030517578
-9999 -9999 -9999 -8.39000034332276 -7.58999979479968 -7.05000019073486 -7.53999996185303 -7.59999990463257 -9.39999961853027 -7.30000019073486 -7.88000011444092 -3.59999990463257 -3.55999994277954 -3.52999997138977 -3.33999991416931 -3.72000002861023 -3.41000008583069 -3.84999990463257 -3.84999990463257 -3.75999999046326 -3.75 -4.23000001907349 -4.59999990463257 -4.73000001907349 -4.76000022888184 -4.75 -4.86999988555908 -4.55000019397493 -4.36999988555908 -5.21999979019165 -5.55000019073486 -5.40999984741211 -4.98000001907349 -5.28999996185303 -5.5 -6.19000005722046 -6.96000003814697 -7.19999980926514 -8.17000007629395 -8.57999992370605 -8.85000038146973 -9.10999965667725 -9.17000007629395 -9.18000030517578 -9.1899995803833
-9999 -9999 -9999 -8.349996721884 -8.77000045776367 -5.40999984741211 -7.98999977111816 -8.42000007629395 -7.98999977111816 -8.68000030517578 -8.01000022888184 -7.25 -3.4300000667572 -3.16000008583069 -3.38000011444092 -3.44000005722046 -3.88000011444092 -3.99000000953674 -3.95000004768372 -3.92000007629395 -4.51000022888184 -4.59000015258789 -4.78000020980835 -5.15999984741211 -5.11999988555908 -5.48000001907349 -4.86999989480789 -5.03999996766967 -5.76999998092651 -5.76000022888184 -5.51000022888184 -5.65000009536743 -5.71000003814697 -6.05000019073486 -6.21999979019165 -6.69000005722046 -6.76999998092651 -7.19000005722046 -7.94999980926514 -8.85999965667725 -9.28999996185303 -8.90999984741211 -8.93000030517578 -8.96000003814697 -8.97999954223633
-9999 -9999 -9999 -5.44000005722046 -6.03000020980835 -5.53000103275756 -9.19999980926513 -6.78999996185303 -7.92999982833862 -7.55999994277954 -7.1100001335144 -7.3600001335144 -7.19999980926514 -3.17000007629395 -3.23000001907349 -3.29999995231628 -3.53999996185303 -3.9300000667572 -4.13000011444092 -4.6100001335144 -4.78999996185303 -5.05999994277954 -5.09000015258789 -5.40000009536743 -5.59000015258789 -5.80999994277954 -6.48000001907349 -6.30999994277954 -5.80999994386133 -5.67999982852372 -5.96999979019165 -5.92000007629394 -5.96000003814697 -6.15999984741211 -6.26999998092651 -6.73999977111816 -6.75 -6.98000001907349 -7.71000003814697 -8.43000030517578 -8.80000019073486 -8.85000038146973 -8.72000026702881 -8.75 -8.82999992370606
-9999 -9999 -9999 -3.47000002861023 -7.05999994277954 -7.63000011444092 -7.28999996185303 -8.10999965667724 -7.21000003814697 -7.82000017166138 -7.21000003814697 -7.51000022888184 -6.94999980926514 -6.90000009536743 -3.11999988555908 -3.72000002861023 -3.40000009536743 -3.9300000667572 -4.21000003814697 -4.42999982833862 -4.82999992370605 -5.05000019073486 -5.03999996185303 -4.96000003814697 -5.55999994277954 -6.42000007629394 -6.51999998092651 -6.36999988555908 -6.0100002304432 -5.73999977111816 -6.26000022888184 -6.46000003814697 -6.17000007629395 -6.09999990463257 -6.1399998664856 -6.67000007629395 -6.76999998092651 -7.21999979019165 -7.55999994277954 -8.10999965667724 -8.42000007629394 -8.69999980926514 -8.67000007629395 -8.52000045776367 -8.59000015258789
-9999 -9999 -9999 -3.53999996185303 -6.38000011444092 -5.55000019073486 -6.11000007469945 -6.46999979019165 -4.90000009536743 -7.26000022888184 -8.46000003814697 -7.8899998664856 -8.18000030517578 -7.57999992370605 -3.55999994277954 -3.66000008583069 -3.78999996185303 -3.46000003814697 -4.01000022888184 -4.23999977111816 -4.59000015258789 -5.30999994277954 -5.01000022888184 -4.5 -5.17000007629395 -5.40000009536743 -6.44999980926514 -6.44999980926514 -6.55999994277954 -6.82000017166138 -6.9699997924421 -6.86000013474002 -6.25 -6.03000020980835 -6.01999998092651 -6.48999977111816 -6.80000019073486 -6.57000017166138 -6.94999980926514 -7.67999982833862 -8.21000003814697 -8.53999996185303 -8.5600004196167 -8.56999969482422 -8.39999961853028
-9999 -9999 -9999 -1.33000152441248 -4.25 -4.92000007629395 -6.15000023455396 -7.51000022888184 -7.26999998092651 -5.92000007629395 -8.22000025760703 -7.3600001335144 -6.3600001335144 -8.10000038146973 -3.42000007629394 -3.55999994277954 -3.66000008583069 -3.86999988555908 -3.77999997138977 -3.90000009536743 -4.21999979019165 -4.3899998664856 -4.26000022888184 -4.26000022888184 -4.65999984741211 -5.13999986648559 -5.84000015258789 -6.38000011444092 -6.69000005722046 -6.8200001710429 -8.09000015000906 -7.80000019073486 -5.80000019073486 -5.46000003814697 -5.8600001335144 -6.3899998664856 -6.69999980926514 -6.57000017166138 -6.78000020980835 -6.94000005722046 -7.90999984741211 -8.14999961853027 -8.5600004196167 -8.21000003814697 -8.15999984741211
-9999 -9999 -9999 -1.80999994277954 -5.13999986648559 -3.39000010490417 -6.98999977111816 -6.61000097919217 -8.02000045776367 -5.17999982833862 -6.01000022888184 -7.17000007629394 -7.30999994277954 -7.07000017166138 -3.80999994277954 -3.36999988555908 -3.53999996185303 -3.83999991416931 -4.44000005722046 -4.01000022888184 -3.80999994277954 -3.97000002861023 -3.90000009536743 -4 -4.15999984741211 -4.55999994277954 -5.59000015258789 -6.15999984741211 -6.44999980926514 -6.30000019073486 -6 -5.98999977111816 -5.69000005731601 -5.53999996206406 -5.96999979019165 -6.15000009536743 -6.44000005722046 -6.48999977111816 -6.63000011444092 -6.98000001907349 -7.48999977111816 -7.73999977111816 -7.80000019073486 -7.80000019073486 -8.09000015258789
-9999 -9999 -9999 -4.86999988555908 -2.44999996207352 -5.15999984741211 -4.07999992370605 -7.34000015258789 -6.53000050320622 -7.26999998092651 -6.34000015258789 -5.34000015258789 -5.75 -4.6100001335144 -3.70000004768372 -3.9300000667572 -3.96000003814697 -3.50999999046326 -4.30999994277954 -3.80999994277954 -3.55999994277954 -3.36999988555908 -3.40000009536743 -3.51999998092651 -3.6800000667572 -4.09000015258789 -4.57999992370605 -5.78999996185303 -5.94000005722046 -5.80000019073486 -5.26000022888184 -5.98999977086717 -5.80999994285016 -5.98000001907349 -6.09999990463257 -6.23000001907349 -6.17999982833862 -6.59000015258789 -6.86999988555908 -7.38000011444092 -7.53000020980835 -7.88000011444092 -7.67999982833862 -7.69999980926514 -7.40999984741211
-9999 -9999 -9999 -4.30999994277954 -2.5699999332428 -1.28999996185303 -4.80999994277954 -3.79999995231628 -6.51999998092651 -7.16999939012005 -7.63000011444092 -6.23000001907349 -6.59999990463257 -6.51000022888184 -3.76999998092651 -3.49000000953674 -3.03999996185303 -3.57999992370605 -3.57999992370605 -2.98000001907349 -2.89000010490417 -3.02999997138977 -2.96000003814697 -2.92000007629394 -3.23000001907349 -3.52999997138977 -4.30999994277954 -5.21999979019165 -5.32000017166138 -5.57000017166138 -5.82000017166138 -5.8899998664856 -6.03999996185303 -5.90999984741211 -5.8899998664856 -6.5100002288613 -6.38000011445954 -6.71999979019165 -6.76999998092651 -6.96999979019165 -7.34999990463257 -7.73999977111816 -7.53000020980835 -7.32000017166138 -7.34999990463257
-9999 -9999 -9999 -6.34999990463257 -4.48000001907349 -2.17000007629395 -1.64999997615814 -6.51999998092651 -4.5 -6.84999990463257 -7.38999954350747 -7.84000015258789 -7.63999986648559 -7.32000017166138 -4.3899998664856 -3.82999992370605 -2.1800000667572 -3.39000010490417 -4.03999996185303 -3.1800000667572 -2.75999999046326 -2.88000011444092 -2.51999998092651 -2.79999995231628 -2.95000004768372 -3.44000005722046 -4.21999979019165 -4.46999979019165 -4.73999977111816 -5.53000020980835 -5.92000007629394 -6.09000015258789 -6.21000003814697 -6.21000003814697 -6.53999996185303 -6.80999994277954 -7.13000011444092 -7.1100001335144 -7.03000020980835 -6.7100000381483 -7.0799999237061 -7.11999988555918 -7.3299999237058 -7.30000019073477 -7.42000007629357
-9999 -9999 -6.63000011444092 -5.92000007629394 -8.39000034332276 -3.25 -1.60000002384186 -3.55999994277954 -5.98999977111816 -2.77999997138977 -7.55000019073486 -8.10000035148591 -8.27000045776367 -7.88000011444092 -5.44000005722046 -6.69000005722046 -4.23000001907349 -4.09000015258789 -4.40000009536743 -4.30000019073486 -2.63000011444092 -3.02999997138977 -2.85999989509583 -2.88000011444092 -2.91000008583069 -3.03999996185303 -3.88000011444092 -4.38000011444092 -4.75 -5.40000009536743 -5.69999980926514 -5.86999988555908 -6.40000009536743 -6.75 -7.17000007629394 -7.3899998664856 -7.73000001907349 -7.40999984741211 -7.03000020981338 -6.9000000953693 -7.09999990463283 -7.15999984741211 -7.21999979019165 -7.26000022888184 -7.26000022888184
-9999 -9999 -7.84999990463257 -8.31999969482422 -6.65000009536743 -7.78999996185303 -5.40999984741211 -2.03999996185303 -5.13999986648559 -6.86999965081414 -7.61000013351441 -7.73000001907349 -8.47000026702881 -8.22000026702881 -6.21000003814697 -6.57999992370605 -5.8600001335144 -5.38000011444092 -5.07000017166138 -4.57999992370605 -2.80999994277954 -2.83999991416931 -2.80999994277954 -2.77999997138977 -2.80999994262889 -2.92000007607137 -3.86999988555908 -4.19000005722046 -5.07999992370605 -5.46000003814697 -5.76999998092651 -5.90000009536743 -6.55999994277954 -7.09000015258789 -7.59999990463257 -7.53000020980835 -7.73999977111816 -7.92999982833862 -7.61999988555908 -7.40000009536743 -7.26999998092651 -7.40999984741211 -7.21999979019165 -7.07999992370605 -6.90000009536743
-9999 -9999 -6.76999998092651 -5.78000020980835 -6.69000005722046 -7.6100001335144 -7.32999972462248 -2.45000004768372 -2.04999995231628 -7.03999996185303 -4.98000001907349 -6.8899998664856 -8.47000026702881 -8.59000015258789 -6.86000013351441 -7.78000020980835 -7.46000003814697 -6.44999980926514 -5.40000009536743 -4.92000007629395 -3.95000004768372 -2.98000001907349 -2.96000003814697 -2.85999989509583 -2.76999998092651 -2.88000011444092 -3.67000007629395 -3.85999989509583 -4.65999984741211 -4.8600001335144 -5.17999982833862 -5.82000017166138 -6.42999982833862 -7.03000020980835 -7.23999977111816 -7.46000003814697 -7.73999977111816 -8.03999996185303 -7.63000011444092 -7.42000007629395 -7.30000019073486 -7.42000007629395 -7.21999979019165 -7.07000017166138 -6.71999979019165
-9999 -9999 -6.28000020980835 -5.19999980926514 -5.8600001335144 -8.40999984741211 -7.1100001335144 -5.3899998664856 -1.37000000476837 -6.90000009536743 -7.19000005722046 -7.96000003814697 -8.06999969482422 -8.84000015224493 -8.90999984741211 -10.3599996566772 -9.64999961853027 -7.30000019073486 -5.78999996185303 -5.21999979019165 -4.1100001335144 -3.04999995231628 -3.14000010490418 -2.95000004768372 -2.77999997138977 -3.13000011444092 -3.64000010490417 -3.72000002861023 -3.79999995231628 -4.57000017166138 -4.94999980926514 -5.67000007629395 -5.92999982833862 -6.53000020980835 -6.75 -7.1100001335144 -7.53999996185303 -7.42999982833862 -7.46000003814697 -7.34999990463257 -7.17000007629395 -7.42000007629395 -7.23999977111816 -7.1399998664856 -6.76999998092651
-9999 -9999 -1.90999855899191 -4.78999996185303 -7.61999988555908 -6.80000019073486 -6.78999996185303 -6.03999996185303 -1.61000001430511 -4.92999982833862 -7.69999976862985 -4.3899998664856 -7.46000003814697 -8.82999992370605 -8.93000030517578 -8.17000007629395 -8.06999969482422 -7 -6.23000001907349 -5.67000007629395 -4.23000001907349 -4.05999994277954 -3.00999999046326 -2.72000002861023 -2.71000003814697 -3.17000007629395 -3.3199999332428 -3.57999992370605 -3.75 -4.53999996185303 -5.36999988555908 -4.82000017166138 -5.57000017166138 -6.09999990463257 -6.32000017166138 -6.63000011444092 -6.78999996185303 -7.03999996185303 -7.1399998664856 -7.11999988555908 -7.1100001335144 -7.05999994277954 -6.69000005722046 -6.59000015258789 -6.32999992370605
