SnowAccumulation_R/test/tmin/final_tmin_10_04_2009.asc
NCOLS 97 
NROWS 69 
XLLCORNER 52512.810182332 
YLLCORNER 5316225.2758522 
CELLSIZE 10000 
NODATA_value -9999 
[rows 40 to 59 of 69, columns 45 to 89 of 97]
-0.300000011920929 -0.469999998807907 -0.870000004768371 -1.01999998092651 -1.51999998092651 -1.67999994754791 -1.78999996185303 -1.98000001907349 -1.86000001430511 -1.6599999666214 -1.42999994754791 -1.30999994277954 -1.20000004768372 -1.13999998569489 -1.09000003333841 -0.949999988079071 -0.839999973773956 -0.689999997615814 -0.709999978542328 -0.759999990463257 -0.839999973773956 -0.850000023841858 -0.8299999833107 -0.829999983310699 -0.870000004768372 -0.97000002861023 -1.16999994257687 -1.12000000569822 -1.38999998569489 -1.49000000953674 -1.7400000090268 -1.92999994754791 -2.20000004768372 -2.40000009536743 -2.49000000953674 -2.82999992370605 -3.16000008583069 -3.36999988555908 -3.75 -3.90000009536743 -3.75999999046326 -3.16000008583069 -2.78999996185303 -2.59999990463257 -2.34999990463257
-0.0399999991059303 -0.370000004768372 -0.509999990463257 -0.939999997615814 -1.17999994754791 -1.51999998092651 -1.67999994754791 -1.97000002861023 -1.82000005245209 -1.60000002384186 -1.27999997138977 -1.17999994754791 -1.10000002384186 -1.03999996185303 -0.980000019056295 -0.899999976158142 -0.75 -0.689999997615814 -0.740000009536743 -0.75 -0.75 -0.740000009536743 -0.810000002384186 -0.850000023841858 -0.980000019073486 -0.939999997615814 -1.02999997138977 -1.07000005245209 -1.3400000333786 -1.45000004768372 -1.54999995231628 -1.8400000333786 -2.27999997138977 -2.48000001907349 -2.50999999046326 -3.00999999046326 -3.10999989509583 -3.1800000667572 -3.39000010490417 -3.42000008125447 -3 -2.80999994277954 -2.54999995231628 -2.41000008583069 -2.19000005722046
0.129999995231628 0.0500000007450581 -0.100000001490116 -0.550000011920929 -0.910000026226044 -1.60000002384186 -2.45000004768372 -2.02999997138977 -1.9099999666214 -1.54999995231628 -1.23000001907349 -1.03999996185303 -0.97000002861023 -0.870000004768371 -0.850000023841858 -0.740000009536743 -0.730000019073486 -0.699999987993349 -0.680000007152557 -0.660000026226044 -0.660000026226044 -0.660000026226044 -0.839999973773956 -0.750000004381779 -0.870000004768371 -0.899999976158142 -1.21000003814697 -1.25999999046326 -1.3400000333786 -1.5 -1.57000005245209 -1.74000000953674 -2.16000008583069 -2.34999990463257 -2.60999989509582 -2.99000000953674 -3.1800000667572 -3.1800000667572 -3.20000004768372 -2.85999989509583 -2.69000005722046 -2.48000001907349 -2.36999988555908 -2.16000008583069 -1.96000003814697
0.270000010728836 0.209999993443489 0.0599999986588955 -0.569999992847443 -0.939999997615814 -1.62000000476837 -2.36999988555908 -1.73000001907349 -1.62999999523163 -1.37000000476837 -1.12999999523163 -0.980000019073486 -0.800000011920929 -0.720000028610229 -0.689999997615814 -0.649999976158142 -0.629999995231628 -0.660000026226044 -0.550000011920929 -0.610000014305115 -0.589999973890488 -0.73000002226734 -0.850000023841858 -0.959999978590239 -0.980000019073486 -1.11000001430511 -1.08000004291534 -1.14999997615814 -1.28999996185303 -1.47000002861023 -1.57000005245209 -1.69000005722046 -1.95000004768372 -2.14000010490417 -2.40000009536743 -2.6800000667572 -2.82999992370605 -3.17000007629395 -2.75 -2.75999999046326 -2.46000003814697 -2.23000001907349 -2.11999988555908 -1.94000005722046 -1.87000000476837
0.479999989271164 0.46000000834465 -0.0299999993294477 -0.270000010728836 -0.629999995231628 -1.10000002384186 -1.30999994277954 -1.48000001907349 -1.30999994277954 -1.02999997138977 -0.77999997138977 -0.689999997615814 -0.600000023841858 -0.579999983310699 -0.569999992847443 -0.569999992847443 -0.620000004768372 -0.639999985694885 -0.540000021457672 -0.629999995231628 -0.690000000630622 -0.800000011920929 -1.04999995231628 -1.11000001430511 -1.21000003814697 -1.04999995231628 -1.07000005245209 -1.08000004291534 -1.11000001430511 -1.20000004797729 -1.48000001907349 -1.62000000476837 -1.71000003814697 -1.87000000476837 -2.10999989509583 -2.23000001907349 -2.45000004768372 -2.40000014432119 -2.63000010270981 -2.70000004768372 -2.29999995231628 -2.05000004951406 -1.92999994754791 -1.78999996185303 -1.75999998235306
0.870000004768372 0.579999983310699 0.330000013113022 -0.159999996423721 -0.469999998807907 -0.790000021457672 -0.9200000166893 -1.01999998092651 -0.949999988079071 -0.720000028610229 -0.560000002384186 -0.550000011920929 -0.419999986886978 -0.46000000834465 -0.479999989271164 -0.529999971389771 -0.569999992847443 -0.61000001455117 -0.699999990214128 -0.759999990463257 -0.730000019073486 -0.899999976158142 -1.05999994277954 -1.11000001430511 -1.11000001430511 -1.16999995708466 -1.16999995708466 -1.25999999046326 -1.04999995231628 -1.0900000333786 -1.25999999046326 -1.44000005722046 -1.52999997138977 -1.86000001430511 -1.99000000953674 -2.01999998092651 -2.01000000553549 -2.14000010490417 -2.25 -2.33999991416931 -2.36999988555908 -2.4300000667572 -1.83000004291534 -1.74000000953674 -1.71000003814697
0.689999997615814 0.889999985694885 0.479999989271164 -0.129999995231628 -0.509999990463257 -0.730000019073486 -1 -0.7900000214592 -0.790000021457672 -0.529999971389771 -0.310000002384186 -0.340000003576279 -0.319999992847443 -0.310000002384186 -0.319999992847443 -0.569999992788024 -0.899999976158142 -0.910000026226044 -0.800000011920929 -0.779999971389771 -0.810000002384186 -0.939999997615814 -1.02999997138977 -1.03999996185303 -0.959999978542328 -0.769999980926514 -0.819999992847443 -0.97000002861023 -0.970000028610229 -1.04999995231628 -1.19000005722046 -1.3400000333786 -1.42999994754791 -1.75999999046326 -1.82000005245209 -1.67999994754791 -1.8400000333786 -1.80999994277954 -1.89999997615814 -2.11999988555908 -2.13000011444092 -2.00999999046326 -1.87000000476837 -1.62999999523163 -1.67999994754791
0.850000023841858 0.569999992847443 0.129999995231628 -0.349999994039536 -0.529999971389771 -0.779999971389771 -1.01999998092651 -0.680000007156649 -0.769999980926514 -0.360000014305115 -0.159999996422572 -0.129999995231628 -0.170000001962692 -0.180000007379692 -0.620000004768372 -1.0900000333786 -1.02999997116046 -0.75 -0.860000014305115 -0.9200000166893 -0.9200000166893 -1 -0.860000014305115 -0.829999983310699 -0.740000009536743 -0.639999985694885 -0.709999978542328 -0.810000002384186 -1.02999997138977 -1.12999999523163 -1.12999999523163 -1.20000004750647 -1.29999995231628 -1.52999997138977 -1.4099999666214 -1.51999998092651 -1.5900000333786 -1.60000002384186 -1.64999997615814 -1.67999994754791 -1.70000004768372 -1.75 -1.74000000953674 -1.75 -1.60000002384186
0.400000005960464 0.25 -0.0399999991059303 -0.639999985694885 -0.870000004768371 -0.970000028610229 -1.14999997615814 -0.949999988080957 -0.879999995231628 -0.370000004805764 -0.119999997435475 -0.740000009536743 -1.12000000476837 -1.00000000004048 -1.22000002861023 -1.17999994754791 -1.08000004265264 -0.639999985694885 -0.800000011920929 -0.870000004840543 -0.790000021457672 -0.790000021457672 -0.70999997814851 -0.589999973773956 -0.589999973773956 -0.589999974154739 -0.720000028610229 -0.850000023841858 -0.949999988079071 -1.03999996185303 -1.0900000333786 -1.07000005245209 -1.22000002861023 -1.25 -1.28999996185303 -1.3400000333786 -1.37000000476837 -1.29999995231628 -1.42999994754791 -1.46000003814697 -1.45000004768372 -1.51999998092651 -1.52999997138977 -1.58000004291534 -1.8400000333786
0.129999995231628 -0.129999995231628 -0.419999986886978 -0.779999971389771 -1.20000004768372 -1.27999997138977 -1.07000005245209 -2.49000000953674 -1.69000005722046 -1.19000005722046 -1.48000001907349 -1.58000004291534 -1.6599999666214 -1.52999997138977 -1.38999998569489 -1.27999997138977 -1.12999999523163 -0.589999973773956 -0.810000002384186 -0.779999971389771 -0.75 -0.620000004768372 -0.699999988079071 -0.579999983310699 -0.579999983310699 -0.639999985694885 -0.670000016689301 -0.720000028610229 -0.800000011920929 -0.829999983310699 -0.910000026226044 -0.939999976594254 -1.00999999046326 -1.12000000476837 -1.20000004768372 -1.20000004768372 -1.1599999666214 -1.12000000476837 -1.25999999046326 -1.46000001912674 -1.47000002861023 -1.33000004291534 -1.39999996314599 -1.48000001907349 -1.62000000476837
-0.0700000002980232 -0.300000011920929 -0.810000002384186 -1.71000003814697 -2.21000003814697 -1.79999995231628 -1.32000005245209 -2.94000005722046 -2.41000008583069 -1.82000005245209 -2.01999998092651 -1.4099999666214 -1.42999994754791 -1.36000001430511 -1.29999995231628 -1.22000002861023 -0.75 -0.600000023841858 -0.8299999833107 -0.899999976158142 -0.8299999833107 -0.699999988079071 -0.6700000166893 -0.879999995231629 -0.670000016689301 -0.709999978542328 -0.629999995231628 -0.610000014305115 -0.600000023841858 -0.740000009536743 -0.769999965350848 -0.75 -0.860000014305115 -1.00999998967774 -1.08000004291534 -1.12000000476837 -1.12999999523163 -1.10000002384186 -1.0900000333786 -1.26999998092651 -1.25999999046326 -1.17999994754791 -1.25999999046326 -1.37000000476837 -1.52999997138977
-0.519999980926514 -0.600000023841858 -1.23000001907349 -2.25 -3.8199999332428 -3.25999999046326 -3.09999990463257 -3.03999996185303 -2.20000004768372 -1.48000001907349 -1.48000001907349 -1.12999999523163 -1 -1.24000000953674 -1.10000002384186 -0.629999995231628 -0.600000023841858 -0.740000009536743 -1.01999998092651 -0.949999988079071 -0.949999988079071 -0.730000019073486 -0.819999992847443 -1.07000005245209 -0.850000023841858 -0.670000016689301 -0.620000004768372 -0.560000002384186 -0.589999973773956 -0.749999976030179 -0.54000002177862 -0.709999978542328 -0.870000004768372 -0.839999973773956 -0.939999997615814 -0.990000009536743 -1.07000005245209 -0.970000028610229 -0.870000004768372 -0.920000016689301 -1.04999995231628 -0.970000028610229 -1.03999996185303 -1.14999997615814 -1.3699999444867
-0.810000002384186 -1.03999996185303 -1.13999998569489 -2.97000002861023 -2.82999992370605 -2.59999990463257 -2.32999992370605 -2.29999995231628 -1.71000003814697 -1.19000005722046 -1.07000005245209 -0.899999976158142 -0.810000002384186 -0.810000002384186 -0.949999988079071 -0.560000002384186 -0.5 -0.759999990463257 -0.97000002861023 -0.829999983310699 -0.800000011920929 -0.839999973773956 -0.870000004768371 -0.819999992847443 -0.850000024147404 -0.769999980926514 -0.649999976158142 -0.620000004768372 -0.610000014305115 -0.479999989271164 -0.519999980926514 -0.699999988079071 -0.959999978542328 -0.920000016689301 -0.990000009536743 -1.12999999523163 -1.10000002384186 -1.25 -1.1100000317482 -0.930000007152557 -0.790000021457672 -0.790000021457672 -0.939999886997483 -1.19000005722046 -1.27999997138977
-0.8299999833107 -0.959999978542328 -1.51999998092651 -2.29999995231628 -2.44000005722046 -2.14000010490418 -1.8400000333786 -1.74000000953674 -1.41999995708466 -1.03999996185303 -0.870000004768372 -0.75 -0.680000007152557 -0.709999978542328 -0.930000007152557 -0.610000014305115 -0.490000009536743 -0.600000023841858 -0.689999997788377 -0.699999988079071 -0.639999985694885 -0.639999985619239 -0.610000014305115 -0.620000004768372 -0.649999976158142 -1 -0.899999969651227 -0.910000026226044 -0.660000026226044 -0.660000026226044 -0.730000019073486 -1 -1.23000001907349 -1.16999995708466 -1.23000001907349 -0.980000022823923 -0.990000009536743 -0.990000009536743 -1.20000004768372 -0.930000007152557 -0.720000028610229 -0.730000274592224 -0.970000028610229 -0.889999985694885 -1.02999997138977
-0.910000026226044 -0.980000019073486 -1.53999996185303 -1.77999997138977 -1.89999997615814 -1.86000001430511 -1.49000000953674 -1.50999999046326 -1.23000001907349 -0.949999988079071 -0.779999971389771 -0.720000028610229 -0.610000014305115 -0.620000004768372 -0.639999985694885 -0.600000023776945 -0.419999986886978 -0.569999992847443 -0.629999995308544 -0.680000007152557 -0.649999976158142 -0.620000004768372 -0.550000011920929 -0.379999995231628 -0.469999998807907 -0.419999986886978 -0.490000009536743 -0.730000019073486 -0.819999992847443 -0.699999988079071 -0.889999985694885 -1.04999995231628 -1.01999998092651 -1.17999994754791 -1.11000001430511 -1.12000000476837 -0.860000014305115 -0.819999992847443 -0.889999985694885 -0.829999983310699 -0.979999954510818 -0.879999995231628 -0.889999985694885 -0.890000009765971 -0.810000002384186
-1.07000005245209 -1.21000003814697 -1.51999998092651 -1.70000004768372 -1.58000004291534 -1.44000005722046 -1.26999998092651 -1.12000000476837 -0.980000019073487 -0.860000014305115 -0.660000026226044 -0.689999997615814 -0.850000023841858 -0.639999985694885 -0.379999995231628 -0.33000001310489 -0.310000002384186 -0.349999994039535 -0.400000005960464 -0.509999990463257 -0.469999998807907 -0.46000000834465 -0.519999980926514 -0.230000003861054 -0.200000002980232 -0.0900000035762787 -0.319999992847443 -0.660000026226044 -0.340000003576279 -0.409999996648636 -0.449999988079071 -0.689999997615814 -0.699999988079071 -0.829999983310699 -1.07000005245209 -0.949999988079071 -0.899999976158142 -0.75 -0.720000028610229 -0.639999917107892 -0.379999995231628 -0.639999985694885 -0.660000026226044 -0.800000011920929 -0.790000021457672
-1.20000004768372 -1.33000004291534 -1.42999994754791 -1.49000000953674 -1.39999997615814 -1.11000001430511 -1.00999999046326 -0.930000007152557 -0.730000019073486 -0.720000028610229 -0.680000007152557 -0.46000000834465 -0.509999990460489 -0.490000009536743 -0.400000005960464 -0.409999996423721 -0.280000001192093 -0.270000010728836 -0.25 -0.270000010728836 -0.239999994635582 -0.239999991730973 -0.119999997317791 0 -0.00999999977648258 -0.0700000002980232 -3.98067647003645e-10 -0.330000013113022 -0.140000000596046 -0.100000001490116 -0.180000007152557 -0.389999985694885 -0.569999992847443 -0.649999976158142 -0.939999994507228 -0.889999985694885 -0.600000023841858 -0.579999983310699 -0.490000903966209 -1.87999999523163 -2.13499999046326 -2.13499999046326 -2.09750008583069 -2.3050000667572 -2.49749994277954
-1.5900000333786 -1.53999996185303 -1.23000001907349 -1.12000000476837 -1.10000002384186 -0.939999997615814 -0.829999983310699 -0.810000002384186 -0.560000002384186 -0.509999990463257 -0.529999971389771 -0.349999994039536 -0.370000004768372 -0.230000004172325 -0.579999983310699 -0.540000021457672 -0.360000014305115 -0.270000010728836 -0.209999993443489 -0.150000025583197 -2.08999991416931 -2.08999991416931 -1.97000002861023 -2.01999998088473 -1.7224999666214 -1.51999998092651 -1.25250005722046 -1.15750002861023 -1.12999999523163 -1.00250005722046 -1.19249999523163 -1.66999995708466 -1.85000002384186 -2.39249992370605 -2.47499990463257 -1.94000005722046 -1.95249998569489 -1.92499991312049 -2.03250002861023 -2.125 -2.1949999332428 -1.79250001907349 -1.69749999046326 -2.09999990463257 -2.38000011444092
-2.06750011444092 -1.91999995708466 -2.2574999332428 -2.95499992370605 -3.05250000953674 -3.05999994277954 -3.03999996185303 -3.15000009536743 -3.34750008583069 -3.18000006676297 -3.27999997138977 -3.04250001907349 -3.14750003814697 -2.93499994277954 -3.11999988555908 -3.1800000667572 -2.77999997138977 -2.53500008590934 -2.41499996185303 -2.08249998092651 -1.92999994710017 -1.67499995231628 -1.83000004291534 -1.72749996185303 -1.58000004291534 -1.46749997138977 -1.02499997615814 -0.832499980926514 -0.827499985694885 -0.540000021457672 -0.714999973773956 -1.05499995149382 -2.03749990463257 -2.42000007629395 -2.43499994277954 -2.27749991416931 -1.77500011714326 -1.93499994277954 -1.89750003814697 -2.02999997138977 -2.08999991416931 -1.32749998569489 -1.32249999046326 -1.90750002861023 -2.44250011444092
-1.98249995708466 -2.23749995231628 -2.66000008583069 -2.94749999046326 -3.0550000667572 -2.83249998092651 -3.1175000667572 -3.39750003814697 -3.47000002861023 -3.38499999044646 -3.01500010490417 -2.90750002861023 -2.98000001907349 -2.8824999332428 -3.20749998084083 -3.20000004802601 -2.82999992370605 -2.42000007629395 -2.16000008583069 -1.78250002861023 -1.75 -1.41499996185303 -1.20249998569489 -1.47000002861023 -0.915000021457672 -1.25 -1.14250004291534 -0.297500014305115 -0.550000009895809 -0.0625000074505806 -0.647499978542328 -1.25750005245209 -2.26500010490418 -2.71499991416931 -2.6949999332428 -2.38750013893876 -2.15000018936481 -2.10999989509583 -1.65750002861023 -1.75999999046326 -1.85749995708466 -1.1875 -1.11500000953674 -1.57749998569489 -1.5
