SnowAccumulation_R/test/tmin/final_tmin_16_04_2009.asc
NCOLS 97 
NROWS 69 
XLLCORNER 52512.810182332 
YLLCORNER 5316225.2758522 
CELLSIZE 10000 
NODATA_value -9999 
[rows 20 to 39 of 69, columns 45 to 89 of 97]
-4.17999982833862 -4.21999979019165 -4.25 -4.36999988555908 -4.59999990463257 -4.67000007629395 -4.69000005722046 -4.6100001335144 -4.57999992370605 -4.34999990463257 -4.26000022887506 -4.07000017166138 -3.71000003814697 -3.54999995231628 -3.46000003807543 -3.24000000953674 -3.09999990362958 -2.75 -2.46000003814697 -2.39000010490418 -2.23000001907349 -1.98000001907349 -1.16999995708466 -0.930000007152557 -0.550000011920929 -0.239999994635582 -0.0299999993294477 0 0.109999999403954 0.270000010728836 0.379999995231628 0.270000010728836 0.25 0.100000001490116 0.0600000033744386 -0.0599999986588955 -0.00999999977648258 0.0500000007450581 -0.0399999991059303 -0.00999999977648258 -0.159999996423721 -0.300000011920929 -0.379999995231628 -0.379999995231628 -0.439999997615814
-4.40999984741211 -4.32000017166138 -4.3600001335144 -4.46000003814697 -4.6399998664856 -4.82000017166138 -4.84999990463257 -4.73999977111816 -4.73000001907349 -4.48999977111816 -4.34999990463257 -4.05999994277954 -3.50999999046326 -3.50999999046326 -3.39000010451071 -3.04999995231628 -2.75999999046326 -2.52999997138977 -2.36999988532916 -2.17000007629394 -1.99000000953674 -1.70000004768372 -1.35000002288566 -0.839999973773956 -0.439999997615814 -0.159999996423721 -0.0500000007362862 0.119999997317791 0.259999990463257 0.409999996423721 0.419999986886978 0.200000002980232 0.189999997615814 0.119999997317791 0.0500000007450581 0.0900000035762787 0.0199999995529652 0 -0.0199999995529652 -0.0599999986588955 -0.189999997615814 -0.300000011920929 -0.28999999165535 -0.310000002384186 -0.389999985694885
-4.59999990463257 -4.48000001907349 -4.46999979019165 -4.55000019073486 -4.80999994277954 -4.8899998664856 -4.82999992370605 -4.90999984741211 -4.73999977111816 -4.51000022888184 -4.32000017166138 -4.01000022894407 -3.67000007631644 -3.41000008583069 -3.22000002861023 -2.95000004768372 -2.66000008583069 -2.3199999332428 -2.17000007629395 -1.92999994754791 -1.8400000333786 -1.47000002861023 -1.12999999523163 -0.689999997615814 -0.349999994039536 -0.150000005960464 -0.00999999977648258 0.159999996423721 0.370000004768372 0.449999988079071 0.389999985694885 0.280000001192093 0.210000022394379 0.180000007152557 0.140000000596046 0.119999997317791 0.0599999986588955 0 -0.0399999991059303 -0.0900000035762787 -0.209999993443489 -0.240000008891648 -0.25 -0.25 -0.339999896507103
-4.65000009536743 -4.69999980926514 -4.63999986648559 -4.6100001335144 -4.78999996185303 -4.96999979019165 -4.98999977111816 -4.80000019074879 -4.67000007629988 -4.46000003814697 -4.30000019073486 -3.99000000953674 -3.61999988555908 -3.35999989509583 -3.14000010490418 -2.89000010490417 -2.59999990463257 -2.30999994277954 -2.15000009536743 -1.78999996185303 -1.53999996185303 -1.17999994754791 -0.959999978542328 -0.550000011920929 -0.300000011920929 -0.0900000035762787 0.0599999986588955 0.189999997615814 0.409999996423721 0.400000006530419 0.379999995231628 0.339999995668861 0.300000011920929 0.240000012629365 0.200000002980232 0.100000001490116 0 -0.0599999986588955 -0.0799999982118607 -0.100000001490116 -0.189999997615814 -0.219999998807907 -0.219999998807907 -0.230000059386061 -0.300000011920929
-4.73000001907349 -4.69000005722046 -4.76000022888158 -4.80999994277938 -5.05999994277954 -5.07000017166138 -5.07000017166138 -5.05999994277954 -4.76000022888184 -4.5 -4.28999996185303 -3.90000009536743 -3.57999992370605 -3.25 -3.13000011444092 -2.74000000953674 -2.53999996185303 -2.25999999046326 -2.07999992370605 -1.77999997138977 -1.35000002384186 -1.19000005651273 -0.709999978542328 -0.409999996423721 -0.219999998807907 -0.129999994923122 0.109999999403954 0.219999998807907 0.439999997615814 0.439999997615814 0.379999993084303 0.270000010728836 0.239999994635582 0.230000004172325 0.189999997615814 0.109999999403954 -0.0399999991059303 -0.100000001490116 -0.109999999403954 -0.119999997317791 -0.179999986004244 -0.189999997615814 -0.219999998807907 -0.270000010728836 -0.280000001192093
-4.82999992370605 -4.82000017166135 -4.84000015258789 -4.78999996185303 -5.01999998092651 -5.07999992370605 -5.05000019073486 -4.96999979019165 -4.71999979019165 -4.44999980926514 -4.26999998092651 -3.91000008583069 -3.5699999332428 -3.31999993317176 -2.98000001907349 -2.54999995231628 -2.29999995231628 -2.20000004763035 -2.03999996185303 -1.64999997615814 -1.28999996185303 -0.9200000166893 -0.660000026226044 -0.28999999165535 -0.109999999403954 -0.0399999991059303 0.159999996423721 0.300000011920929 0.46000000834465 0.469999998807907 0.349999994039535 0.0900000035762787 0.0300000006357848 0.0299999993294477 0.100000001490116 0.0900000035762787 0.0500000007450581 -0.109999999403954 -0.109999999403954 -0.129999995231628 -0.159999996423721 -0.219999998807907 -0.259999990463257 -0.280000001192074 -0.310000002384186
-4.82999992370605 -4.92999982833862 -5.07999992370605 -5 -4.96999979019165 -5.09999990463257 -5.01999998092651 -4.86999988555908 -4.67000007629394 -4.48999977110717 -4.17999982833862 -3.84999990463257 -3.48000001907349 -3.25999999039206 -2.84999990463257 -2.32999992370605 -1.88999998569489 -1.76999998092651 -1.66999995708466 -1.41999995708466 -0.899999976158142 -0.6700000166893 -0.360000014305115 -0.170000001788139 0.00999999977648258 0.0900000035762787 0.189999997615814 0.330000017634965 0.389999985694885 0.360000014305115 0.319999992847443 -0.239999994635582 -0.300000011920929 -0.319999992847443 -0.159999996423721 -0.0299999993294477 -0.0299999993294477 -0.129999995231628 -0.0900000035762787 -0.14999999434709 -0.180000007152557 -0.25 -0.280000001192093 -0.280000001192093 -0.389999985694885
-4.90000009536743 -4.9699997901916 -5.05999994277954 -5.03999996185303 -5.03000020980835 -5.05999994277954 -4.98999977111816 -4.73999977111816 -4.51999998092651 -4.42000007628574 -4.05000019073486 -3.76999998092651 -3.40000009536743 -3.1800000667572 -2.78999996185303 -2.28999996185303 -1.94000005722046 -1.62000000476837 -1.36000001430511 -1.02999997138977 -0.560000002384186 -0.400000005960465 -0.189999997615814 -0.0799999982118607 0.0500000009874115 0.170000001788139 0.250000006270874 0.400000005960465 0.409999996423721 0.319999992847443 0.259999990463257 -0.119999997317791 -0.230000004172325 -0.370000004768372 -0.370000004768372 -0.310000002384186 -0.209999993443489 -0.189999997615814 -0.170000001788139 -0.129999995231628 -0.190000008954975 -0.280000001192093 -0.280000009139649 -0.300000011920929 -0.509999990463257
-4.86999988555908 -4.90000009536743 -4.92999982833862 -4.96999979019165 -5.15000009536743 -5.19999980926442 -5.48000001907349 -4.69999980926514 -4.40999984741211 -4.26000022888184 -3.90000009536743 -3.65000009536743 -3.29999995231628 -3.07999992370605 -2.59999990463257 -2.28999996185303 -2 -1.70000004768372 -0.959999978542328 -0.649999976158142 -0.469999998344178 -0.180000007152557 -0.0900000035762787 0 0.0599999986588955 0.180000007152557 0.370000004768372 0.370000004768372 0.360000014305115 0.239999994635582 0.189999997615814 0.170000001788139 -0.129999995231628 -0.389999985694885 -0.409999996423721 -0.409999996423721 -0.46000000834465 -0.230000004172325 -0.180000021108891 -0.170000021044068 -0.209999993443489 -0.259999990463257 -0.270000010728836 -0.370000004768372 -0.550000011920929
-4.73999977111816 -4.78999996185301 -4.8600001335144 -4.8899998664856 -4.98999977111816 -5.09000015258745 -5.09999990463257 -4.46000003814697 -4.23999977111816 -4.1399998664856 -3.80999994277954 -3.48000001907349 -3.1800000667572 -2.98000001907349 -2.46000003814697 -2.16000008583069 -2.03999996169709 -1.58000004291534 -0.920000016689301 -0.490000009536743 -0.300000011920929 -0.100000001490116 -0.00999999977648258 0.090000008286722 0.180000007152557 0.0900000035762787 0.349999994039535 0.469999998729888 0.25 0.0700000002980232 0.0900000035762787 0.129999995231628 -0.109999999403954 -0.319999992847443 -0.409999994857131 -0.409999996423721 -0.600000023841858 -0.310000002384186 -0.209999960858661 -0.180000007152557 -0.219999998807907 -0.279999983412486 -0.28999999165535 -0.389999985694885 -0.509999990463257
-4.80999994277954 -4.78999996185303 -4.84000015258789 -4.73000001907349 -4.84999990463257 -5 -5 -4.21000003814697 -4.05999994277954 -4.01000022888184 -3.59999990463257 -3.20000004768372 -2.9300000667572 -2.80999994277954 -2.42000007629395 -1.96000003814697 -1.83000004291534 -1.3400000333786 -1.01999998092651 -0.550000011920929 -0.28999999165535 -0.0599999986588955 0.170000001788139 0.20000000286643 0.159999996423721 0.0500000007450581 0.200000002980232 0.419999986886978 0.230000004172325 0.0299999993294477 0.00999999965147581 0.0599999986588955 -0.0900000035762787 -0.270000010728836 -0.319999992847443 -0.330000013113022 -0.629999995231628 -0.360000021458458 -0.109999999403954 -0.109999999403954 -0.230000004172325 -0.270000010728836 -0.300000011920929 -0.300000011920929 -0.399999901150052
-4.71000003814697 -4.69999980926514 -4.65999984741211 -4.55000019073486 -4.84000015258789 -5 -5.01000022888184 -3.91000008583069 -3.79999995231628 -3.65000009536743 -3.47000002861023 -2.96000003814697 -2.7599999904361 -2.60999989509582 -2.1800000667572 -1.76999998092651 -1.58000004291534 -0.939999997615814 -0.810000002384186 -0.319999992847443 -0.150000004844274 0.0500000007450581 0.209999993443489 0.230000004172325 0.0299999993294477 -0.0799999982118607 -0.00999999977648258 0.189999997615814 0.360000014305115 0.0399999991059303 0 0.00999999977648258 -0.0599999986588955 -0.219999998807907 -0.270000010728836 -0.280000001192093 -0.449999988079071 -0.389999985694885 -0.0500000007450581 -0.0500000007450581 -0.209999954166469 -0.200000002980232 -0.270000010728836 -0.170000001788139 -0.140000000596046
-4.25 -4.40000009536743 -4.42000007629394 -4.3600001335144 -4.55999994277954 -4.61999988555908 -4.6100001335144 -3.57999992370605 -3.40000009536743 -3.33999991416931 -3.23000001907349 -2.74000000953674 -2.4900000094933 -2.24000000953674 -1.89999997615814 -1.57000005245209 -1.35000002384186 -0.879999995231628 -0.610000013003289 -0.330000012848782 -0.0900000035762787 0.140000000596046 0.189999997615814 0.150000005960465 -0.180000007152557 -0.360000014305115 -0.409999996097933 -0.0900000035762787 0.25 0.109999999403954 0.0500000007450581 0.0399999991059303 0 -0.0799999982118607 -0.230000004172325 -0.239999994635582 -0.25 -0.25 -0.00999999977648258 0.0199999995529652 -0.0500000007450581 -0.129999995231628 -0.519999980926514 -0.0400001666986021 0
-4.26000022888184 -4.32999992370605 -4.42999982833862 -4.48999977111816 -4.3899998664856 -4.3600001335144 -4.34999990463257 -3.45000004768372 -3.03999996185303 -2.95000004768372 -2.78999996185303 -2.41000008583069 -2.16000008583069 -1.99000000953674 -1.62000000476837 -1.33000004291534 -1.13999998458796 -0.529999971389771 -0.610000014305115 -0.430000007152557 -0.0900000035762787 0.0799999982118607 0 -0.0799999982118607 -0.200000002980232 -0.200000002980232 -0.140000000596046 0.0700000002980232 0.25 0.259999990503257 0.209999993443489 0.100000001490116 0.0399999991059303 -0.0900000035762787 -0.280000001192093 -0.280000001192093 -0.150000005960464 -0.159999996423721 0.0199999995529652 0.100000001490116 0.0900000035762787 -0.0199999995529652 -0.140000000596046 -0.0900000035762787 0.200000002980232
-4.15000009536701 -4.21000003814697 -4.36999988555908 -4.48999977111816 -4.01999998092288 -3.54999995231829 -4.1100001335144 -3.02999997138977 -2.69000005721344 -2.5699999332428 -2.35999989509583 -2.05999994277954 -1.8400000333786 -1.8099999421075 -1.38999998511397 -0.990000009419047 -0.680000007152557 -0.330000013113022 -0.25 -0.319999992847443 0.0900000035762787 -0.0700000002980232 -0.300000011734606 -0.189999997615814 -0.150000005960465 0.109999999403954 0.189999997615814 0.230000004172325 0.319999992847443 0.300000011920929 0.239999994635582 0.200000002980232 0.119999997878517 0.0200000327811555 -0.0700000002980232 -0.270000010728836 -0.270000010728836 -0.129999995231628 0 0.0599999986588955 0.180000007152557 0.140000000596046 0.120000003928364 0.109999999403954 0.319999992847443
-3.97000002861023 -4.05000019073486 -4.13000011444092 -3.77999997138977 -3.2400000095374 -3.54999995231517 -3.73000001906534 -2.58999991416931 -2.4200000762819 -2.11999988555908 -1.92999994737445 -1.66999995693089 -1.4099999666214 -1.30999994277954 -0.759999990463257 -0.600000023763161 -0.379999995231628 -0.150000005960464 -0.0500000007450581 -0.0299999993294477 0.170000001788139 -0.180000007152557 -0.340000003576279 -0.180000007152557 -0.0799999982118607 -0.050000003975234 0.0299999993294477 0.150000005960465 0.310000002384186 0.200000002980232 0.140000000596046 0.159999996423721 0.16999997440516 -0.0399999991059303 0.0199999995529652 -0.119999985852771 -0.209999993443489 -0.0900000035762787 0.00999999977648258 0.0199999995529652 0.200000002980232 0.28999999165535 0.270000010728836 0.300000011920929 0.479999989271164
-3.05999994277954 -3.46000003814697 -3.30999994277954 -3.38000011444092 -3.38000011444092 -3.34999990463257 -3.28999996185303 -1.88999998568566 -1.63999998569096 -1.42999994754791 -1.25999999046326 -1.13999998569489 -1.07000005245209 -0.920000016689301 -0.709999978542328 -0.46000000834465 -0.319999992847443 0.0199999995529652 0.0599999982806359 -0.0299999993294477 0.129999995231628 -0.159999996423721 -0.389999985694885 -0.0399999991059303 0.170000001788139 0.140000000596046 0.0900000035762787 0.129999995231628 0.239999994635582 0.0799999982118607 0.0500000007450581 0.109999983693194 0.0599999986588955 -0.0799999982118607 -0.109999999403954 -0.0700000002980232 -0.0199999995529652 -0.0599999986588955 -0.0500000007450581 0.0799999982118607 0.170000001788139 0.419999986886978 0.479999989271164 0.5 0.470000218825963
-2.66000008583069 -3.20000004768372 -3.1800000667572 -3.27999997138977 -3.29999995231628 -3.27999997138977 -3.23000001907349 -1.46000003814697 -1.37999999523163 -1.19000005722046 -1.02999997138977 -0.970000028610229 -0.910000026226044 -0.800000011920929 -0.600000023841858 -0.449999988079071 -0.0199999995529652 0.109999999403954 0.0900000033410208 -0.0199999995529652 0.0500000007450581 0.0399999991059303 -0.159999996423721 0.0700000002980232 -0.00999999977648258 0.189999997615814 0.430000007152557 0.360000014305115 0.349999994039536 0.0500000007450581 -0.0100000016053905 1.34098806215104e-10 0.0399999991059303 -0.0199999995529652 -0.150000005960464 -0.170000001788139 -0.0700000002980232 0.0500000007450581 -0.00999999977648258 0.0599999986588955 0.230000004172325 0.300000011920929 0.449999988079071 0.670000062881226 0.650000024891208
-2.47000002861023 -2.15000009536743 -2.35999989509583 -2.61999988555908 -2.64000010490417 -2.77999997138977 -3.1800000667572 -1.14999997615814 -1.12999999523163 -1.01999998092651 -0.810000002384186 -0.749999999994578 -0.720000028610229 -0.649999976158142 -0.469999998807907 -0.349999994039536 -0.200000002980232 0.0799999982118607 0.189999997615814 0.140000000596046 0.150000005960464 0.239999995074203 0.28999999165535 0.209999993443489 0.46000000834465 0.519999980926514 0.389999985694885 0.100000001490116 -0.159999996423721 -0.0300000215460325 0.00999999977648258 -0.00999999977648258 0.0199999995529652 -0.0199999995529652 0.00999999977648258 -0.150000005960464 -0.0799999982118607 0.0899999929464649 0.109999999403954 0.0799999982118607 0.310000002384186 0.379999995231628 0.550000077949736 0.689999997615814 0.759999990463257
-1.92999994754791 -1.95000004768372 -1.62999999523163 -1.60000002384186 -1.64999997615814 -1.67999994754791 -1.69000005722046 -0.850000023841858 -0.790000021457672 -0.75 -0.639999985694885 -0.499999999994561 -0.469999998807907 -0.449999988079071 -0.310000002384186 -0.25 -0.159999996423721 0.109999999403954 0.180000007152557 0.129999995231628 0.129999995231628 0.200000002980232 0.189999997615814 0.280000001192093 0.439999997320282 0.100000001490116 -0.109999999403954 -0.1399999938522 -0.0700000002980232 -0.259999990463257 -0.189999997615814 -0.209999993443489 -0.230000004172325 -0.0199999995529652 0.00999999977648258 -0.00999999977648258 -0.0799999982118607 -0.0199999995529652 0.0599999986588955 0.119999997317791 0.230000004172325 0.319999992847443 0.589999973773956 0.789999962747508 0.879999995231628
