SnowAccumulation_R/test/tmin/final_tmin_26_04_2009.asc
NCOLS 97 
NROWS 69 
XLLCORNER 52512.810182332 
YLLCORNER 5316225.2758522 
CELLSIZE 10000 
NODATA_value -9999 
[rows 0 to 19 of 69, columns 45 to 89 of 97]
-9999 -9999 -9999 -9999 -9999 -9999 -9999 -9999 -9999 -9999 -9999 -9999 -9999 -9999 -9999 -9999 -9999 -9999 -9999 -9999 -9999 -9999 -9999 -9999 -9999 -9999 -9999 -9999 -9999 -9999 -9999 -9999 -9999 -9999 -9999 -9999 -9999 -9999 -9999 -9999 -6.78999996185303 -6.73999977111816 -6.65999984741211 -6.51000022888184 -6.46000003814697
-9999 -9999 -9999 -9999 -9999 -9999 -9999 -9999 -9999 -9999 -9999 -9999 -9999 -9999 -9999 -9999 -9999 -9999 -9999 -9999 -9999 -9999 -9999 -9999 -9999 -9999 -5.28999996185303 -5.59999990463257 -6.01000022888184 -6.21000003814697 -6.09000015258789 -6.03000020980835 -6.09000015258789 -6.21999979019165 -6.25 -6.36000013351441 -6.48999977111816 -6.74999993245854 -6.84999990463257 -6.82999996867724 -6.78999996185303 -6.76999998092651 -6.67000007629395 -6.65999984741211 -6.5
-4.19000005722046 -4.03000020980835 -3.88000011444092 -3.80999994277954 -3.70000004768372 -3.80999994277954 -3.8199999332428 -3.77999997138977 -3.84999990463257 -3.94000005722046 -3.91000008583069 -4.01999998092651 -4.1100001335144 -4.28000020980835 -4.40999984749968 -4.73000001907349 -4.80999994277954 -4.76999998092651 -4.80999994277954 -4.86000013351441 -4.90999984750878 -5.05000019073486 -5.05999994277954 -5.07999992370606 -5.09000015946249 -5.17999982833862 -5.23999977111816 -5.48000001907349 -5.96999979019165 -6.38000011444092 -6.3600001335144 -6.15999984741211 -6.19000005722046 -6.26999998092651 -6.28999996185303 -6.40000009536743 -6.48000001237506 -6.53000020980835 -6.76000014872524 -6.75 -6.73999977111816 -6.80999994277954 -6.76999998092651 -6.69000005722046 -6.63000011444092
-4.26999998092651 -3.99000000953674 -3.8900001049042 -3.85999989509582 -3.71000003814697 -3.8199999332428 -3.8199999332428 -3.8199999332428 -3.82999992370605 -3.92000007629395 -4.17000007629395 -4.11999988555908 -4.23000001907349 -4.42999982833862 -4.6100001335144 -4.96999979019165 -5.19000005722046 -4.8899998664856 -4.84000015258789 -4.88000011444092 -4.94999980926514 -5.07000017166138 -5.19000005722046 -5.11000013999355 -5.23999977111816 -5.21000003814697 -5.26999998092651 -5.36999988555908 -5.82000017166138 -6.30999994277954 -6.28999996712459 -6.1399998664856 -6.09000015258789 -6.28999996185303 -6.34999990463257 -6.46000003814697 -6.48999977111816 -6.56000001026674 -6.71000003814697 -6.75 -6.76999998092651 -6.78000020980835 -6.80000019073486 -6.73999977111816 -6.76999998092651
-4.71000003814697 -4.40000009536743 -4 -3.90000009536743 -3.86999988555908 -3.75999999046326 -3.85999989509582 -3.90000009536743 -3.8699998855583 -3.86999988555908 -4.15999984741211 -4.34000015258789 -4.44999980926514 -4.55999994277954 -4.71000003814697 -4.8899998664856 -4.96999979019165 -4.90999984741211 -4.88000011444092 -4.86999988559076 -4.90000009536743 -5.03999996185303 -5.17999982833862 -5.28000020980835 -5.13999986652358 -5.17999982833862 -5.23999977111816 -5.3600001335144 -5.61999988555908 -6.09999990463257 -6.26999998092651 -6.15000009536743 -6.1399998664856 -6.30000019073486 -6.36000013351441 -6.44999980926514 -6.67999981216711 -6.75 -6.75 -6.78000020980835 -6.80999992505614 -6.78000020980835 -6.80999994277954 -6.84999990463257 -6.76000022888184
-4.94999980926514 -4.6399998664856 -4.26000022888184 -4.01000022888184 -3.74000000953674 -3.58999991416931 -3.64000010490417 -3.73000001907349 -3.88000011444092 -3.92000007629395 -4.11999988555908 -4.28000020980835 -4.36999988555908 -4.46000003816196 -4.59999990463257 -4.71999979019165 -4.80000019073486 -5.07000017166138 -4.98000001907349 -4.88000011444092 -4.84000015028705 -4.94000005722046 -5.11000013351441 -5.26999998092651 -5.23000001907349 -5.13000011444092 -5.23999977111816 -5.3899998664856 -5.48000001907349 -5.61999988555908 -5.96000003814697 -6.09999990463257 -6.11999988555908 -6.26000022888184 -6.38000011444092 -6.42000007629395 -6.55000019073486 -6.67999982833862 -6.75 -6.76999998769745 -6.78000020980835 -6.75 -6.80999994277954 -6.86999988555908 -6.83000005187882
-5.1100001335144 -4.86999988555908 -4.67999982833854 -4.15000009536743 -3.89000010490417 -3.59999990463257 -3.44000005722046 -3.4300000667572 -3.5 -3.82999992370606 -3.94000005722046 -4.19000005722046 -4.36999988555908 -4.40999984739706 -4.53999996185303 -4.55999994277954 -4.82000017166138 -5.05000019073486 -5.01000022655713 -5.05999994277954 -4.80999994277954 -4.86999988555908 -4.98000001907349 -5.25 -5.36999988555908 -5.09999990463257 -5.19000005722046 -5.34000015258789 -5.48000001907349 -5.53000020980835 -5.73000001907349 -5.92999982833862 -6.09000015258789 -6.28000020980835 -6.34999990463257 -6.36000013351441 -6.5 -6.55999994277954 -6.65999984741211 -6.6399998664856 -6.67999982833862 -6.69000005722046 -6.75 -6.84999990463257 -6.90000009536743
-5.26999998092651 -4.98999977111816 -4.76000022888165 -4.34000015258789 -4.13000011444092 -3.74000000953674 -3.54999995231628 -3.4300000667572 -3.45000004768372 -3.57999992370605 -3.79999995231628 -4.05999994277954 -4.23999977111816 -4.26999998092651 -4.48000001907349 -4.5 -4.7100000366953 -4.6100001335144 -4.69000005722046 -4.88000011444092 -4.94999980926514 -4.78999996185303 -4.92000007629395 -5.05999994288874 -5.34999990463257 -5.07999992370605 -5.09999990463257 -5.28000020980835 -5.3600001335144 -5.53000020980835 -5.6100001335144 -5.8899998664856 -6 -6.07999992370606 -6.19999980926514 -6.34999990463257 -6.44999980926514 -6.48000001907349 -6.5 -6.5 -6.55999994277954 -6.63000011444092 -6.67000007629395 -6.73000001907349 -6.80999994277954
-5.46999979019165 -5.07000017166138 -4.80999994277954 -4.48000001907349 -4.15000009536743 -3.90000009536743 -3.54999995231628 -3.4300000667572 -3.47000002861023 -3.47000002861023 -3.83999991416931 -3.97000002861023 -4.09999990463257 -4.09000015258789 -4.21000003770008 -4.09000015258789 -4.28999996185303 -4.48999977111816 -4.55999994277954 -4.75 -4.80999994277954 -4.82000017166138 -4.88000011444092 -4.94999980926514 -5.19000005722046 -5.09000015258789 -5.07000017166138 -5.15999984664964 -5.26999998092651 -5.46000003814697 -5.6100001335144 -5.76000022888184 -5.86000012937475 -5.86999988555908 -6.15000009536743 -6.30000019073486 -6.32999992370605 -6.34999990463257 -6.34999990463257 -6.36999988555908 -6.44000005722046 -6.46000003814697 -6.46999979019165 -6.48000001907349 -6.61999944946302
-5.55999994277954 -5.13000011444092 -4.90999984741211 -4.48999977111816 -4.30000019073486 -4.01000022888184 -3.6800000667572 -3.53999996185179 -3.45000004768372 -3.5 -3.58999991416931 -3.75999999046326 -3.89000010440863 -3.61999988555908 -3.6800000667572 -3.76999998092651 -4.1100001335144 -4.25000000008396 -4.3899998664856 -4.46000003814697 -4.75 -4.96999979019165 -4.90999984737456 -4.86000013351441 -5.07000017166138 -5.03999996185303 -5.09000015258789 -5.05000019073486 -5.09999990463257 -5.26999998092651 -5.46000003814697 -5.65000009536743 -5.59000015258789 -5.78999996185303 -6.01999998092651 -6.17999982833862 -6.19000005722046 -6.21000003814697 -6.25 -6.15000009536743 -6.23999977111816 -6.21999976044937 -6.23999977111816 -6.34999944204882 -6.15999984741211
-5.44000005722046 -5.03000020980835 -4.90000009536743 -4.44000005722046 -4.23000001907349 -4.03999996185303 -3.70000004768372 -3.53999996185119 -3.49999999997346 -3.53999996183987 -3.52999997138977 -3.35999989509583 -3.33999991414303 -3.3199999332428 -3.36999988555908 -3.45000004768372 -3.5 -3.79999995231628 -4.1399998664856 -4.25 -4.6399998664856 -4.94999980926514 -4.98999977111816 -5.11999988555908 -5.03000020980835 -4.92999982833862 -5.00000000003993 -5 -5.01000022888184 -5.13000011444092 -5.32000017166138 -5.40999984147439 -5.51000022888184 -5.65999984741211 -5.88000011444092 -5.96999979019165 -5.98999977111816 -6.09000015258789 -6.01000022888184 -6.01999998092651 -5.98000001907349 -6.01000022888184 -6.05999994277954 -5.84000015258789 -5.8600001335144
-5.07000017166138 -4.76000022888104 -4.65999984741106 -4.38999986648434 -4.13000011443943 -3.79999995231205 -3.4300000667572 -3.44000005722046 -3.30999994277954 -3.44000005722046 -3.41000008583069 -3.23000001907349 -3.20000004768372 -3.05999994277954 -3.16000008583069 -3.19000005722046 -3.16000008583069 -3.25 -3.75 -3.95000004768372 -4.38000011444092 -4.73999977111816 -4.90000009536743 -5.19000005722046 -5.11999988555908 -5.03000020980835 -4.86999988555908 -4.86999988555908 -4.94999980926514 -5 -5.05000019073486 -5.15999984741211 -5.40999984741211 -5.55999994277954 -5.69999980926514 -5.80000017314177 -5.78000020980835 -5.92000007629395 -5.88000011444092 -5.84999990463257 -5.84999990463257 -5.78000020980835 -5.53000020980835 -5.57000017166138 -5.57999992370605
-4.19000005722046 -4.09000015258789 -3.97000002861018 -3.8199999332428 -3.53999996185303 -3.39000010490417 -3.24000000953674 -3.29999995231628 -3.13000011444092 -3.11999988555908 -3.22000002861023 -3.10999989509582 -3.08999991416931 -3.04999995231628 -2.9300000667572 -2.92000007629395 -2.89000010495224 -2.96000003814697 -3.25999999046326 -3.5699999332428 -3.9300000667572 -4.11000013413015 -4.59000015258789 -4.92999982833862 -5.13000011444092 -5.15000009536743 -4.84000015258789 -4.73999977111816 -4.84999987638503 -4.73000001907349 -4.78000020980835 -5.03999996185303 -5.26000022888184 -5.42999982833862 -5.46000003814697 -5.59000015258789 -5.71999979019165 -5.80000019073486 -5.76999998092651 -5.69000012695361 -5.65000009536743 -5.54999980905501 -5.26999998092651 -5.32000017166138 -5.30999994277954
-3.83999991416931 -3.91000008583069 -3.9300000667572 -3.58999991416931 -3.39000010490417 -3.23000001907349 -3.10999989509583 -3.04999995231628 -3.29999995231628 -3.3199999332428 -2.97000002861023 -2.99000000953674 -2.96000003814697 -2.89000010490417 -2.77999997138977 -2.66000008583069 -2.61999988559779 -2.69000005722046 -2.83999991416931 -3.11999988555908 -3.51999998092651 -3.73000001907349 -4.25 -4.6399998664856 -4.86999988555908 -4.84999990463257 -4.65000009536743 -4.5599999242075 -4.48999977111816 -4.53000020980835 -4.69999980926514 -4.92000007629395 -5.09000015258789 -5.21999979019165 -5.28000020980835 -5.5 -5.67000007629395 -5.78000020980835 -5.55999994277954 -5.48999977111816 -5.4399998135223 -5.09000015258789 -5.03999996185303 -5.03999996185303 -5.05999994277954
-3.79999995231628 -3.70000004768372 -3.69000005722046 -3.70000004768372 -3.25999999046326 -3.02999997138977 -2.96000003814697 -3.05999994277954 -3.24000000953674 -3.34999990463257 -3.09999990463257 -3.20000004768019 -3.02999997138977 -2.70000004768372 -2.57999992370605 -2.51999998092651 -2.53999996185303 -2.39000010490417 -2.59999990463257 -2.97000002861023 -3.1099998954576 -3.55999994277954 -4.07000017166138 -4.42999982833862 -4.6100001335144 -4.57000017166138 -4.38999984756682 -4.32000017166138 -4.30999994277954 -4.3600001335144 -4.61999988555908 -4.78000020980835 -4.90000009536743 -5.15999984741211 -5.26999998092651 -5.32999992370605 -5.51000022888184 -5.5 -5.51999998092651 -5.30999994277954 -5.21999979019165 -4.96999979019165 -4.86999994076393 -4.84000015258789 -4.82000017166138
-3.82999992370606 -3.76999998092651 -3.69000005722046 -3.50999999046326 -3.29999995231628 -3.14000010490417 -3.05999994277954 -3.07999992370606 -3.03999996185303 -3.22000002861023 -3.24000000953674 -3.15000009536743 -2.94000005722046 -2.76999998092651 -2.72000002861023 -2.60999989509582 -2.40000009536743 -2.14000010490417 -2.34999990463257 -2.75999999046326 -2.98000001907349 -3.36999988555908 -3.75 -4.11999988555908 -4.30999994277954 -4.03000020980835 -4.3899998664856 -4.23000001907349 -4.3600001335144 -4.46000003814697 -4.55999994277954 -4.65999984741211 -4.78000020980835 -4.8600001335144 -5.03999996185303 -5.23000001907349 -5.30000019073486 -5.4600000104264 -5.36999988555908 -5.1100001335144 -5 -4.82000017166138 -4.73999977111816 -4.6100001335144 -4.55999994277954
-4.01999998092651 -3.90000009536743 -3.88000011444092 -3.48000001907349 -3.25999999046326 -3.1800000667572 -3.09999990463215 -3.04999995231628 -2.95000004768372 -3.10999989509583 -3.21000003814697 -3.1800000667572 -3.04999995231628 -2.88000011444092 -2.75999999046326 -2.73000001906605 -2.52999997138977 -2.19000005722046 -2.17000007629394 -2.71000003814697 -2.90000009536743 -3.1800000667572 -3.53999996185303 -3.88000010891731 -3.88000011444092 -4.01999998092651 -4.21000003814697 -4.17000007629395 -4.42999982762568 -4.48000001907349 -4.55999994277954 -4.57999992370605 -4.63000011444092 -4.71999979019165 -4.8600001335144 -5.01999998092651 -5.11999988555908 -5.19999980926514 -4.98999977111816 -4.88999986648559 -4.71000003814697 -4.61999988555908 -4.5 -4.3600001335144 -4.28999996185303
-4.44999980926514 -4.15000009536743 -4.09000015258789 -3.64000010490417 -3.3199999332428 -3.22000002861023 -3.15000009536676 -3.1800000667572 -3.03999996185303 -2.96000003814697 -2.97000002861023 -3.05999994277954 -3.09999990463257 -2.98000001907349 -2.84999990463257 -2.8199999332428 -2.78999996185303 -2.59999990463257 -2.60999989509583 -2.48000001916956 -2.75999999046326 -3.24000000953674 -3.43000006921184 -3.64000010490417 -3.76999998092651 -4.03999996185303 -4.23000001907349 -4.26000022888184 -4.3899998664856 -4.51000022888184 -4.53999996185303 -4.48000001907349 -4.5 -4.59000015258789 -4.76999998092651 -4.8899998664856 -4.90999982928885 -4.93999987133726 -4.80999994277954 -4.67000007629395 -4.409999930123 -4.32000017166138 -4.21000003814697 -4.07000017166138 -4.01000024491356
-4.65999984741211 -4.38000011444092 -4.23000001907349 -3.9300000667572 -3.5699999332428 -3.51999998092651 -3.42000007629279 -3.23000001907349 -3.16000008583069 -3.0699999332428 -2.79999995231628 -2.91000008583069 -3.04999995231628 -3.10999989509583 -2.96000003814697 -2.94000005722046 -2.99000000953674 -3.03999996185303 -3.19000005722046 -3.19000005722046 -2.77999998774496 -3.23000001907349 -3.32999992370605 -3.47000002899457 -3.69000005722046 -3.89000010490417 -4.17000007629395 -4.36000013278581 -4.44000005722046 -4.51999998092651 -4.5 -4.40000009536743 -4.40999984741211 -4.57999992370605 -4.61000013351441 -4.65000009536743 -4.65999969820092 -4.44000005722046 -4.42000007629395 -4.28999996185303 -4.17999982833862 -4.01000022888184 -3.89000010490417 -3.76999998092651 -3.75999999046326
-4.76999998092651 -4.59999990463257 -4.46999979019165 -4.13000011444092 -3.88000011444092 -3.57999992370605 -3.50999999046326 -3.23000001907349 -3.26999998092651 -3.08999991416931 -2.98000001906097 -2.95000004768372 -2.92000007629394 -2.99000000953674 -2.98000001907349 -2.99000000953674 -3.17000007629395 -3.15000009536743 -3.39000010384742 -3.38000011444092 -3.67000007629395 -3.75 -3.50999999046326 -3.44000005722046 -3.5699999332428 -3.75999999046326 -4.03999996185303 -4.23000001907349 -4.46999979019165 -4.51000022888184 -4.3899998664856 -4.32000017166138 -4.3600001335144 -4.40999984741211 -4.34999990463257 -4.40000000468064 -4.15000009536743 -4.07000017166138 -3.96000003814697 -3.83999991416931 -3.70000004768372 -3.58999991416931 -3.54999995231628 -3.50999999046326 -3.48000001907349
