SnowAccumulation_R/test/tmin/final_tmin_06_04_2009.asc
NCOLS 97 
NROWS 69 
XLLCORNER 52512.810182332 
YLLCORNER 5316225.2758522 
CELLSIZE 10000 
NODATA_value -9999 
[rows 20 to 39 of 69, columns 45 to 89 of 97]
-0.479999989271164 -0.610000014305115 -0.670000016689301 -0.759999990463257 -0.889999985694885 -0.959999978542328 -1.00999999046326 -1.16999995708466 -1.52999997138977 -1.75999999046326 -1.90999996663947 -2.19000005722046 -2.35999989509583 -2.69000005722046 -2.84999990469311 -3.05999994277954 -3.32999992423705 -3.71000003814697 -3.9300000667572 -4.1100001335144 -4.48999977111816 -4.78000020980835 -4.28000020980835 -4.19999980926514 -4.11999988555908 -4.1100001335144 -4.19999980926514 -4.32000017166138 -4.53000020980835 -4.80000019073486 -5.21999979019165 -5.59999990463257 -6.21000003814697 -6.96000003814697 -7.61999989499016 -8.03999996185303 -8.60999965667725 -9.14000034332275 -9.72000026702881 -9.90999984741211 -10.3199996948242 -10.539999961853 -10.5699996948242 -10.4799995422363 -10.2299995422363
-0.589999973773956 -0.629999995231628 -0.709999978542328 -0.829999983310699 -0.930000007152557 -1.0900000333786 -1.1599999666214 -1.29999995231628 -1.71000003814697 -1.96000003814697 -2.0699999332428 -2.29999995231628 -2.32999992370605 -2.80999994277954 -2.95000004786958 -3.27999997138977 -3.49000000953674 -3.74000000953674 -3.84999990481322 -4.1399998664856 -4.46999979019165 -4.6399998664856 -4.48999977062558 -4.30000019073486 -4.17999982833862 -4.17000007629395 -4.19000005722205 -4.26999998092651 -4.40999984741211 -4.65000009536743 -4.90000009536743 -5.67999982833862 -6.30000019073486 -6.98000003469185 -7.36999988555908 -7.94000005722046 -8.5600004196167 -9.11999988555908 -9.38000011444092 -9.85000038146973 -10.2600002288818 -10.5299997329712 -10.5699996948242 -10.5 -10.1700000762939
-0.769999980926514 -0.759999990463257 -0.790000021457672 -0.879999995231628 -1.10000002384186 -1.19000005722046 -1.21000003814697 -1.58000004291534 -1.83000004291534 -2.07999992370606 -2.16000008583069 -2.38000011458613 -2.58999991434924 -3.00999999046326 -3.09999990463257 -3.35999989509583 -3.59999990463257 -3.77999997138977 -3.89000010490417 -4.15000009536743 -4.5 -4.57999992370605 -4.42999982833862 -4.32000017166138 -4.25 -4.28999996185303 -4.26999998092651 -4.32000017166138 -4.32000017166138 -4.55999994277954 -4.92999982833862 -5.65999984741211 -6.32999992048937 -7.01000022888184 -7.32999992370605 -7.90999984741211 -8.5 -9.0600004196167 -9.31999969482422 -9.77999973297119 -10.1999998092651 -10.4499997451127 -10.539999961853 -10.5600004196167 -10.079999366946
-0.879999995231628 -1.00999999046326 -0.980000019073486 -0.980000019073486 -1.14999997615814 -1.32000005245209 -1.46000003814697 -1.62000000479319 -1.90999996664871 -2.33999991416931 -2.4300000667572 -2.65000009536743 -2.82999992370605 -3.11999988555908 -3.19000005722046 -3.48000001907349 -3.74000000953674 -3.97000002861023 -4.07000017166138 -4.21999979019165 -4.42000007629395 -4.46999979019165 -4.44000005722046 -4.34000015258789 -4.3600001335144 -4.3899998664856 -4.34999990463257 -4.42999982833862 -4.42999982833862 -4.78000020695857 -5.07000017166138 -5.69000009675757 -6.40999984741211 -7.01000008942985 -7.30999994277954 -7.92999982833862 -8.51000022888183 -8.80000019073486 -9.27000045776367 -9.6899995803833 -10.0799999237061 -10.2299995422363 -10.4099998474121 -10.3899996807565 -9.5
-1.05999994277954 -1.10000002384216 -1.20000004768374 -1.2699999809267 -1.72000002861023 -1.87999999523163 -1.99000000953674 -2.28999996185303 -2.38000011444092 -2.5699999332428 -2.60999989509582 -2.74000000953674 -2.96000003814697 -3.19000005722046 -3.34999990463257 -3.54999995231628 -3.88000011444092 -4.11999988555908 -4.21000003814697 -4.3899998664856 -4.44000005722046 -4.48000001893194 -4.36999988555908 -4.38000011444092 -4.44999980926514 -4.46999979016792 -4.46999979019165 -4.57999992370605 -4.63000011444092 -4.78000020980835 -5.26000027397561 -6.01999998092651 -6.55000019073486 -6.82999992370605 -7.36999988555908 -7.92999982833862 -8.52000045776367 -8.77999973297119 -9.22000026702881 -9.61999988555908 -9.97000018243565 -10.0799999237061 -10.1899995803833 -9.80000019073486 -9.5600004196167
-1.36000001430511 -1.48000001907339 -1.53999996185303 -1.57000005245209 -1.88999998569489 -2.13000011444092 -2.22000002861023 -2.44000005722046 -2.5699999332428 -2.72000002861023 -2.76999998092651 -2.92000007629394 -3.10999989509583 -3.1600000858741 -3.40000009536743 -3.57999992370605 -3.88000011444092 -4.03999996213319 -4.36999988555908 -4.48000001907349 -4.55999994277954 -4.42999982833862 -4.51000022888184 -4.44000005722046 -4.51000022888184 -4.55999994277954 -4.59999990463257 -4.69999980926514 -4.84000015258789 -5.19000005722046 -5.65999984741211 -6.30999994277954 -6.82999991238448 -7.07000017166138 -7.48999977111816 -7.96999979019165 -8.22000026702881 -8.76000022888184 -9.15999984741211 -9.5600004196167 -9.75 -10.0100002288818 -9.98999977111816 -9.73999977111845 -9.52999973297119
-1.48000001907349 -1.72000002861023 -1.94000005722046 -1.96000003814697 -2.0699999332428 -2.39000010490417 -2.45000004768372 -2.60999989509583 -2.75999999046326 -2.7799999713932 -2.89000010490417 -3.02999997138977 -3.19000005722046 -3.26999998097002 -3.47000002861023 -3.58999991416931 -3.75999999046326 -3.91000008583069 -4.28999996185303 -4.5 -4.44000005722046 -4.40999984741211 -4.42999982833862 -4.5 -4.55999994277954 -4.59999990463257 -4.73999977111816 -4.86000014934119 -5.11999988555908 -5.44999980926514 -5.84000015258789 -6.71000003814697 -6.96999979019165 -7.42999982833862 -7.76999998092651 -8.10999965667725 -8.3100004196167 -8.77000045776367 -9.09000015258789 -9.57999983467038 -9.77000045776367 -10.0799998787722 -10.0600004196167 -9.97000026702881 -9.72999954223633
-1.72000002861023 -1.94000005722033 -2.11999988555908 -2.24000000953674 -2.38000011444092 -2.4900000095375 -2.70000004768372 -2.76999998092651 -2.89000010490417 -2.96000003815176 -2.98000001907349 -3.13000011444092 -3.27999997138977 -3.35999989509583 -3.59999990463257 -3.75999999046326 -4.01000022888184 -4.01000022888184 -4.26000022888184 -4.40999984741211 -4.36999988555908 -4.3899998664856 -4.44999980926514 -4.57000017166138 -4.57000017179986 -4.67999982833862 -4.84999991179927 -5.11999988555908 -5.25 -5.63000011444092 -6.03000020980835 -6.71999979019165 -7.01000022888184 -7.55000019073486 -7.98999977111816 -8.15999984741211 -8.52000045776367 -8.89000034332275 -9.23999977111816 -9.44999980926514 -9.87000008966422 -10.2700004577637 -10.2200003067668 -10.1599998474121 -10.0600004196167
-1.9099999666214 -2.10999989509581 -2.24000000953674 -2.46000003814697 -2.78999996185303 -2.95000004768377 -2.72000002861023 -3.04999995231628 -3.0699999332428 -3.07999992370605 -3.05999994277954 -3.19000005722046 -3.33999991416931 -3.4300000667572 -3.63000011444092 -3.97000002861023 -4.28000020980835 -4.30000019073486 -4.17000007629395 -4.32000017166138 -4.34999990465833 -4.40000009536743 -4.51999998092651 -4.63000011444092 -4.67999982833862 -4.88000011444092 -4.98999977111816 -5.26000022888184 -5.40000009536743 -5.80999994277954 -6.19000005722046 -6.40000009536743 -7.01999998092651 -7.61999988555908 -8.07999992370605 -8.28999996185303 -8.77999973297119 -9.0600004196167 -9.47999948641104 -9.68999982108246 -10.2799997329712 -10.4499998092651 -10.4799995422363 -10.4499998092651 -10.3800001144409
-2.07999992370605 -2.33999991416926 -2.52999997138977 -2.73000001907349 -3.00999999046326 -3.24000000953704 -3.01999998092651 -3.17000007629395 -3.20000004768372 -3.25 -3.22000002861023 -3.22000002861023 -3.38000011444092 -3.51999998092651 -3.72000002861023 -4.09000015258789 -4.28000020996429 -4.44000005722046 -4.36999988555908 -4.38000011444092 -4.3899998664856 -4.48999977111816 -4.57000017166138 -4.63999986520094 -4.71000003814697 -4.98000001907349 -5.05999994277954 -5.11000013367754 -5.55999994277954 -6 -6.34999990463257 -6.5 -7.07000017166138 -7.63000011444092 -8.11999986676003 -8.34000015258789 -8.9399995803833 -9.23999977111816 -9.43000033776059 -10.039999961853 -10.4399995803833 -10.6800002459102 -10.7299995422363 -10.7299995422363 -10.6199998855591
-2.53999996185303 -2.78999996185303 -2.98000001907349 -3.00999999046326 -3.0699999332428 -3.21000003814697 -3.33999991416931 -3.27999997138977 -3.34999990463257 -3.42000007629395 -3.28999996185303 -3.23000001907349 -3.4300000667572 -3.61999988555908 -3.91000008583069 -4.15999984741211 -4.34999990463257 -4.51999998092651 -4.67000007629395 -4.59000015258789 -4.5 -4.51999998092651 -4.51000022888184 -4.55000019107627 -4.73000001907349 -4.98999977111816 -5.1399998664856 -5.13999986648559 -5.59000015258789 -6.07999992370606 -6.44999980714003 -6.6100001335144 -7.07999992370605 -7.6100001335144 -7.84999990463257 -8.30000019073486 -8.97999954223633 -9.31999963480916 -9.39000034332275 -9.93000030517578 -10.4899997711182 -10.710000038147 -10.9700002670288 -10.8999996185303 -10.7500000582282
-2.86999988555908 -2.96000003814697 -3.10999989509583 -3.28999996185303 -2.92000007629395 -3.35999989509583 -3.48000001907349 -3.32999992370605 -3.42000007629394 -3.39000010490417 -3.47000002861023 -3.32999992370605 -3.35999989513384 -3.72000002861023 -3.95000004768372 -4.23000001907349 -4.3899998664856 -4.44999980926514 -4.73000001907349 -4.53000020980835 -4.46999979019165 -4.48000001907349 -4.46999979019165 -4.5 -4.76999998092651 -5.01999998092651 -5.21999979019165 -5.23999977111816 -5.48000001907349 -6.07999992370606 -6.30999994277954 -6.67000007629395 -7.07000017166138 -7.55999994277954 -7.80000019073486 -8.22999954223633 -8.82999992370605 -8.9399995803833 -9.22999954223633 -9.76000022888184 -10.419999927914 -10.6599998474121 -11.1300001144409 -10.9200000762939 -10.7700004577637
-2.85999989509583 -3.11999988555908 -3.26999998092651 -3.47000002861023 -3.23000001907349 -3.27999997138977 -3.30999994277954 -3.32999992370605 -3.33999991416931 -3.39000010490418 -3.54999995231628 -3.4300000667572 -3.41000008585241 -3.67000007629395 -3.9300000667572 -4.25 -4.38000011444092 -4.61999988555908 -4.69999980806345 -4.53000020974229 -4.46999979019165 -4.3899998664856 -4.44999980926514 -4.53000020980835 -4.84999990463257 -5.09999990463257 -5.23999977131364 -5.32000017166138 -5.48999977111816 -6.01999998092651 -6.28999996185303 -6.65000009536743 -7 -7.23000001907349 -7.71000003814697 -8.13000011444092 -8.4399995803833 -8.68000030517578 -9.01000022888184 -9.5 -9.81999969482422 -10.4099998474121 -11.1099996566772 -10.7100002498428 -10.5900001525879
-2.91000008583069 -3.19000005722046 -3.42000007629395 -3.55999994277954 -3.32999992370605 -3.28999996185303 -3.25999999046326 -3.5 -3.26999998092651 -3.28999996185303 -3.40000009536743 -3.39000010490417 -3.36999988555908 -3.67000007629395 -3.86999988555908 -4.17999982833862 -4.28999996114862 -4.23999977111816 -4.59000015258789 -4.55000019073486 -4.42999982833862 -4.40000009536743 -4.55000019073486 -4.6399998664856 -4.78999996185303 -4.86999988555908 -4.92000007629395 -5.09999990463257 -5.40999984741211 -5.86999988455907 -6.15000009536743 -6.55999994277954 -6.90000009536743 -7.15000009536743 -7.63000011444092 -7.84999990463257 -7.96000003814697 -8.39000034332275 -8.72999954223633 -9.14999961853027 -9.39999961853027 -9.97000026702881 -10.4099998474121 -10.4399995803833 -10.210000038147
-2.85999989509552 -3.07999992370606 -3.46000003814697 -3.75 -3.26999998092549 -3.11999988555965 -3.22000002861023 -3.35999989509583 -3.10999989509232 -3.1800000667572 -3.24000000953674 -3.29999995231628 -3.29999995231628 -3.70000004737824 -3.81999993303367 -3.81999993331342 -3.97000002861023 -4.03999996185303 -4.25 -4.40000009536743 -4.23000001907349 -4.46000003814697 -4.67999982833862 -4.67999982833862 -4.71000003814697 -4.59000015258789 -4.59999990463257 -4.86999988555908 -5.26000022888184 -5.48999977111816 -5.98000001907349 -6.36000013351441 -6.71999978542549 -6.93999997747272 -7.15000009536743 -7.63000011444092 -7.80999994277954 -8.10000038146972 -8.43000030517578 -8.60999965667725 -8.97000026702881 -9.42000007629395 -9.76000012972285 -9.86999988555908 -9.8100004196167
-2.73000001907349 -2.9300000667572 -3.21000003814697 -3.25 -3.04999995231631 -3.11999988555887 -3.13000011443975 -3.19000005722046 -3.08999991416088 -2.97000002861023 -3.03999996175936 -3.15000009533786 -3.28999996185303 -3.59999990463257 -3.51999998092651 -3.56999993332936 -3.75 -3.86999988555908 -4.03999996185303 -4.11999988555908 -4.1100001335144 -4.48999977111816 -4.65999984741211 -4.65000009536743 -4.67000007629395 -4.67000007823203 -4.57999992370605 -4.80999994277954 -5.17000007629395 -5.44000005722046 -5.8899998664856 -6.21999979019165 -6.36999986091449 -6.6399998664856 -6.88000011444092 -7.28000018864214 -7.5 -7.76999998092651 -8.06999969482422 -8.27000045776367 -8.56999969482422 -8.89000034332275 -9.09000015258789 -9.31999969482422 -9.35999965667725
-1.94000005722046 -2.57999992370606 -2.89000010490417 -3 -3.02999997138977 -3.03999996185303 -3.01999998092651 -2.72000002861382 -2.80999994277875 -2.75 -2.79999995231628 -3.0699999332428 -3.19000005722046 -3.42000007629395 -3.58999991416931 -3.54999995231628 -3.74000000953674 -3.72000002861023 -3.80999994324786 -4.05999994277954 -4.09000015258789 -4.42000007629394 -4.65000009536743 -4.55000019073486 -4.57000017166138 -4.65000009536743 -4.71000003814697 -4.86999988555908 -5.15999984741211 -5.44000005722046 -5.82000017166138 -6.09999988218865 -6.11999988555908 -6.48999977111816 -6.76000022888184 -6.8600001335144 -7.09999990463257 -7.42000007629395 -7.57000017166138 -7.84000015258789 -8.1899995803833 -8.39999961853027 -8.53999996185303 -8.8100004196167 -8.72999970225026
-1.77999997138977 -2.19000005722046 -2.77999997138977 -2.90000009536743 -2.96000003814697 -2.97000002861023 -2.97000002861023 -2.80999994277954 -2.82999992370605 -2.82999992370606 -2.91000008583069 -3.17000007629394 -3.26999998092651 -3.49000000953674 -3.63000011444092 -3.64000010490417 -3.54999995231628 -3.67000007629394 -3.77999997171551 -4.01000022888184 -4.09000015258789 -4.21999979019165 -4.42999982833862 -4.46000003814697 -4.73999977111816 -4.76999998092651 -4.69000005722046 -4.84000015258789 -4.94999980926514 -5.42000007629395 -5.74999998536875 -5.90000009375825 -6 -6.26999998092651 -6.57999992370605 -6.71000003814697 -6.8600001335144 -7.01999998092651 -7.17999982833862 -7.46000003814697 -7.75 -7.92000007629395 -8.21000003814697 -8.37999968331628 -8.3799999682412
-1.35000002384186 -1.55999994277954 -1.86000001430511 -2.29999995231628 -2.36999988555908 -2.47000002861023 -2.92000007629394 -2.77999997138977 -2.88000011444092 -2.99000000953674 -3.00999999046326 -3.08999991418919 -3.33999991416931 -3.54999995231629 -3.65000009536743 -3.6800000667572 -3.75999999046326 -3.72000002861023 -3.71000003814697 -3.88000011444092 -3.97000002861023 -3.96000003807949 -4.05999994277954 -4.32000017166138 -4.44000005722046 -4.53999996185303 -4.76999998092651 -5.05000019073486 -5.30999994277954 -5.42999983870639 -5.57000017166138 -5.69000005722046 -5.88000011444092 -6.1100001335144 -6.17999982833862 -6.48000001907349 -6.61999988555908 -6.69000004962771 -6.76999998092651 -7.05000019073486 -7.36999988555908 -7.55999994277954 -7.86999960823811 -7.92999982833862 -8.02000045776367
-1.03999996185303 -1.10000002384186 -0.910000026226044 -1.28999996185303 -1.37000000476837 -1.42999994754791 -1.48000001907349 -2.75999999046326 -2.82999992370606 -3.03999996185303 -3.15000009536743 -3.14000010492049 -3.35999989509583 -3.5699999332428 -3.67000007629395 -3.72000002861023 -3.8199999332428 -3.74000000953674 -3.75 -3.89000010490417 -3.95000004768372 -3.9300000667572 -4.03000020980835 -4.21000003814697 -4.2399997719555 -4.69999980926514 -5.01999998092651 -5.19999980155789 -5.19999980926514 -5.51000022888184 -5.6399998664856 -5.75 -5.94000005722046 -5.96999979019165 -6.03000020980835 -6.21000003814697 -6.40999984741211 -6.44000005722046 -6.55000019073486 -6.71000003814697 -6.90999984741211 -7.38999986648559 -7.6100001335144 -7.80999987673053 -7.86999988555908
