SnowAccumulation_R/test/tmin/final_tmin_06_04_2009.asc
NCOLS 97 
NROWS 69 
XLLCORNER 52512.810182332 
YLLCORNER 5316225.2758522 
CELLSIZE 10000 
NODATA_value -9999 
[rows 40 to 59 of 69, columns 0 to 44 of 97]
-9999 -9999 -2.85999989509582 -6.73999944995289 -6.82000015109887 -6.73000001907349 -6.78000020980835 -6.11999988555908 -6 -2.76999998092651 -7 -5.53000020980835 -7.25 -7.28000020980835 -6.84999990463257 -6.48999977111816 -7.53000020980835 -5.03999996185303 -4.84000015258789 -4.69999980926514 -4.48999977111816 -5.26000022888184 -1.47000003357822 -0.94999998971271 -1.44000005722046 -1.83000004266761 -1.83000004129498 -1.91999995708466 -2.36999988555908 -2.57999992370605 -2.66000008583069 -2.4300000667572 -2.25 -1.88999998569489 -1.50999999046326 -1.37999999523163 -0.949999988079071 -0.819999992847443 -0.579999983310699 -0.689999997615814 -0.639999985694885 -0.75 -0.0700000002980232 -0.0199999995529652 -0.170000001788139
-9999 -9999 -2.77999997138977 -6.3600001335144 -6.55999991633131 -6.69000005722046 -6.3899998664856 -6.78000020980835 -6.73999977111816 -3.49000000953674 -7.01000022888184 -7.03000020980835 -6.78999996185303 -7.30999994277954 -7.23000001907349 -6.94000005722046 -7.3899998664856 -7.28000020980835 -4.82000017166138 -4.09000015258789 -3.76999998205626 -2.73000002362322 -1.71000003814697 -1.49000000953674 -1.5 -1.39999997615814 -1.69000005675005 -1.87000000476837 -2.05999994277954 -2.15000009536743 -2.21000003814697 -2.11999988555908 -2.08999991416931 -1.55999994277954 -1.24000000953674 -1.12000000476837 -0.889999985694885 -0.810000002384186 -0.680000007152557 -0.560000002384186 -0.519999980926514 -0.449999988079071 0.00999999977648258 0.0399999991059303 -0.0599999986588955
-9999 -9999 -2.84999990463257 -5.98999977111816 -6.57000017166138 -6.59999997191862 -6.73000001907349 -6.67999982833862 -6.63999981411298 -4.90000009536743 -6.80999994277954 -4.48999981661213 -5.44000005722046 -7.34999990463257 -7.42999982833862 -6.76999998092651 -7.25 -6.40999985121041 -3.92000009245023 -3.2200000324048 -3.00999999046326 -2.54999995231628 -1.86000001430511 -1.51999998134139 -1.6000000236332 -1.30999994277954 -1.6599999666214 -1.87999999523163 -1.8400000333786 -2.33999991416931 -2.05999994277954 -2.01999998092651 -1.87000000476837 -1.50999999046326 -0.790000021457672 -0.699999988079071 -0.5 -0.469999998807907 -0.389999985694885 -0.389999985694885 -0.5 -0.209999993443489 0.0199999995529652 0.109999999403954 0.0599999986588955
-9999 -9999 -4.57999992370605 -6.15999984741211 -6.19999980926514 -6.6100001335144 -6.51999998092651 -6.67999982833862 -5.3600001335144 -6.51000022888184 -4.96000003814697 -6.75 -7.07000017166138 -6.96000003814697 -7.23999977111816 -7 -6.92000007629395 -6.59000015258789 -3.91000008583069 -3.19000005722046 -3.4300000667572 -2.63000011444092 -1.55999994277954 -0.879999995231629 -1.10000002384186 -1.25999999046326 -1.5 -1.99000000953674 -1.77999997138977 -2.29999995231628 -1.99000000953674 -1.86000001430511 -1.51999998092651 -1.21000003814697 -0.660000026226044 -0.540000021457672 -0.759999990463257 -0.5 -0.629999995231628 -0.409999996423721 -0.439999997615814 0 0.0299999993294477 0.180000007152557 0.439999997615814
-9999 -9999 -2.51999998092651 -5.73000001907349 -6.05999994277954 -6.59999990463257 -6.25 -6.61000016009525 -4.38000011444092 -4.84999990463257 -2.5 -5.01000022888184 -6.44000005722046 -6.94000005722046 -6.78000020980835 -6.90000009536743 -6.78000020980835 -6.48000001907349 -3.67000007629395 -3.24000000953674 -2.96000003814697 -2.44000005722046 -1.67999994754791 -0.439999997615814 1.86000001430511 -0.219999998807907 -1.01999998092651 -1.5299999710268 -1.52999997138977 -1.72000002861023 -1.71000003814697 -1.64999997615814 -1.35000002384186 -0.860000014305115 -0.529999971389771 -0.449999988079071 -0.490000009536743 -0.519999980926514 -0.689999997615814 -0.660000026226044 -0.400000005960464 -0.25 0.0299999993294477 0.200000002980232 0.5
-9999 -9999 -2.17000007629394 -5.57000036988786 -6.30000019073486 -6.42000007629394 -6.48000002184033 -6.42000007629395 -6.53000007613786 -6.30000016487025 -2.49000000953674 -5.5 -6.55999994443553 -6.69000005722046 -6.46999979019165 -6.73000001907349 -6.44000005722046 -6.09999990463257 -3.50999999046326 -3.01999998092651 -2.50999999046326 -2.16000008583069 -1.01999998092651 -0.219999998807907 -0.100000001490116 -0.639999985694885 -1.07000005245209 -1.41999995713481 -1.42999994753856 -1.6599999666214 -1.26999998092651 -1.19000005722046 -0.800000011920929 -0.959999978542328 -0.860000014305115 -0.370000004768372 -0.360000014305115 -0.579999983310699 -0.649999976158142 -0.860000014305115 -0.769999980926514 -0.150000005960464 -0.00999999977648258 0.0299999993294477 0.550000011920929
-9999 -9999 -1.75 -6.09999990463257 -5.96000003814697 -5.78000020980835 -6.1100001335144 -6.34999990463257 -6.42999982833862 -4.89999979420546 -2.47000002861023 -5.65999984741211 -6.55999994277954 -6.51999998092651 -6.44999980926514 -6.26000022888184 -6.1399998664856 -5.82999992370605 -5.51000022888184 -2.91000008583069 -1.87000000476837 -0.910000026226044 -0.100000001490116 -0.239999994635582 -1.24000000716395 -1.24000000953674 -1.16999995954452 -1.3400000333786 -1.42999994754791 -1.46000003814697 -1.03999996185303 -1.00999999046326 -0.819999992847443 -0.819999992847443 -0.75 -0.790000021457672 -0.430000007152557 -0.649999976158142 -0.800000011920929 -0.839999973773956 -0.839999973773956 -0.409999996423721 -0.300000011920929 -0.0299999993294477 0.400000005960465
-9999 -9999 -1.39999997615814 -5.90000009536743 -5.36999988555908 -5.6100001335144 -5.75 -6.28999996185303 -6.13000011444092 -3.77999997138977 -2.17000011335142 -5.17000007629395 -6.36999988555908 -6.32999992370605 -6.21999979019165 -6 -5.73999977111816 -5.17000007629394 -2.47000017492808 -1.3400000333786 -1.12999999523163 0.189999997615814 0.409999996423721 0.0299999993294477 -0.360000013501805 -0.699999987355823 -1 -0.990000009536743 -1.10000002384186 -0.649999976158142 -1.04999995231628 -1.4099999666214 -0.550000011920929 -0.829999983310699 -0.730000019073486 -0.870000004768372 -0.709999978542328 -0.839999973773956 -0.870000004768372 -0.9200000166893 -0.910000026226044 -0.889999985694885 -0.529999971389771 -0.219999998807907 0.360000014305115
-9999 -4.17000007629394 -1.3400000333786 -4.76999998092651 -5.65000014316123 -5.32999992370605 -6.01000022888184 -6.07000013381931 -5.32000017166138 -3.08999991416931 -2.55999994055775 -5.26999982269326 -6.17000007629395 -6.07000017166138 -5.84000015258789 -5.67999982833862 -5.32000017166138 -4.84000015258789 -4.75 -1.16999995708466 -0.28999999165535 0.479999989271164 1.05999994277954 1.0900000333786 1.00999999046326 0.730000019073486 0.0199999995529652 -0.550000011920929 -0.439999997615814 -0.25 -1.01999998069774 -1.64999997615814 -0.839999973955359 -0.600000023841858 -0.389999985694885 -0.759999990463257 -1.37000000476837 -0.810000002384186 -0.930000007152557 -0.990000009536743 -1.00999999046326 -1.12999999523163 -0.680000007152557 -0.379999995231628 -0.0500000007450581
-9999 -2.45000004768372 -1.37000000476837 -5.32999992370606 -5.23999977111816 -5.63000011444092 -4.69000005722046 -4.76999998092651 -4.30999994277954 -3.05999994277954 -2.79999995231628 -2.97000002861023 -5.92999977588595 -5.38000011461531 -5.32999992370605 -5.17000007629395 -4.97999998306566 -4.1100001335144 -3.98000001907349 -0.229999992571212 0.280000001192093 0.660000026226044 1.35000002384186 1.45000004768372 1.58000004291534 1.28999996185303 0.850000023841858 0.28999999165535 -0.389999985694885 -0.449999988024204 -0.280000001192093 -0.0199999995529652 -0.0399999991059303 -0.280000001192093 -0.529999971389771 -0.629999995231629 -1.4099999666214 -0.949999988079071 -1.01999998092651 -1.04999995231628 -1.28999996185303 -1.19000005722046 -0.75 -0.589999973773956 -0.670000016689301
-9999 -5.42000007629395 -3.77999918062448 -4.92999982833862 -5.84000015258789 -5.59000015258789 -5.59000015258789 -5.51999998092651 -5.17000007629394 -4.19999980926514 -3.58999991416931 -3.47000002861023 -4.90000009536743 -5.03000020980835 -5.13000011444092 -4.84999990463257 -4.21999979019165 -3.75999999046326 -3.0699999332428 0.0100000117125451 0.490000009536743 1.14999997615814 1.83000004291534 2 2.5 1.96000003814697 1.25 0.449999988167967 0.449999988079071 -0.370000004850671 -0.00999999977648258 0.370000004768372 0.25 -0.0799999982118607 0.0500000007450581 -0.270000010728836 -0.680000007152557 -0.990000009536743 -1.03999996185303 -1.05999994277954 -1.32000005245209 -1.22000002861023 -1.38999998569489 -1.50999999046326 -1.13999998569489
-9999 -4.75000022832651 -0.910000026226044 -4.59000015258789 -5.63000011444092 -5.1100001335144 -5.09000015258789 -5.34000015258789 -5.42000003921197 -4.01999998092651 -4.42999982833862 -4.84000015258789 -4.32000017166138 -4.90999984741211 -4.57000017166138 -4.78999995843611 -4.05000019073486 -3.47000002861023 -3.75999999046326 0.579999983310699 0.910000044148391 2.00999999046326 2.76999998092651 2.70000004768372 2.15000009741347 2.15000009536743 0.839999975313549 0.310000002384186 -0.0199999992408746 -1.12999999523163 -0.0500000007450581 0.370000004768372 0.509999990463257 0.319999992847443 0.129999995231628 -0.180000007152557 -0.620000004768372 -1.13999998569489 -1.02999997138977 -1.3400000333786 -1.3400000333786 -1.03999996185303 -1.5 -1.76999998092651 -2.03999996185303
-9999 -4.90999984741211 -1.23000001907349 -2.75999999046326 -5.23000001907349 -4.40999984741211 -4.94999980926514 -5.07999992370605 -4.92000007629395 -4.32000017166138 -4.98000001907349 -4.75 -4.82999992370606 -4.71999979019165 -5.28999996185303 -3.97000002861023 -3.71999999756274 -3.33999991416931 -3.35999989509583 -0.930000007152557 1.33000004364666 3.55999994277954 2.97000002861023 2.78999996185303 2.51999998092651 2 0.860000014305115 0.569999992847443 0.319999992847443 0.129999995231628 0.370000004617205 0.680000007048577 1.3400000333786 0.419999986886978 -0.340000003542216 -0.490000009536743 -0.699999988079071 -0.910000026226044 -1.07000005245209 -1.01999998092651 -1.04999995231628 -1.10000002384186 -1.44000005722046 -1.57000005245209 -2.20000004768372
-9999 -4.71999979019165 -4.92000007629395 -0.820000717114721 -4.96999979019165 -3.85999989509582 -4.38000011444092 -4.90000009536743 -4.61999988555908 -4.38000011444092 -4.71000003814697 -4.57000017166138 -4.69000005722046 -5.03000020980835 -4.92000007822738 -3.90000009536743 -2.85999989509583 -2.63000011444092 -2.34999990463257 -1.62000000476837 1.52999997138977 2.20000004768372 2.57999991917696 2.44000005722046 2.32999992370605 1.82000005245209 1.28999996185303 0.699999988079071 -0.140000000596046 0.129999995231628 0.090000003702988 0.370000004768372 -0.370000004768372 -0.379999995231628 -0.8199999928338 -0.970000028610229 -1.23000001907349 -1.12999999523329 -0.949999988079071 -0.899999976158142 -0.97000002861023 -1.17999994754791 -1.69000005722046 -1.87000000476837 -1.98000001907349
-9999 -4.55999994277954 -3.91000008583069 -0.860000014305115 -2.90000009536743 -3.83999991416931 -4.13000011444092 -4.44999980926514 -4.30000019073486 -4.26000022888184 -4.55999994277954 -4.36999988555908 -4.51000022888184 -5.13000011444092 -4.88999986648559 -3.25 -2.74000000953674 -2.75 -2.04999995231628 -2.16000002219947 -0.810000004546861 2.1999999520469 2.36999988555908 2.25999999046326 2.07999992370605 1.52999997138977 0.990000009536743 0.419999986886978 0.00999999977648258 -0.0799999983705056 -0.150000005960465 -0.0500000007450581 -2.09999990463257 -2.19000005722046 -1.70000004768372 -1.54999995231628 -1.58000004291534 -1.14999997616225 -0.899999976158142 -0.610000014305115 -0.709999978542328 -1.03999996185303 -1.49000000953674 -1.75000000000004 -2.39000010490417
-9999 -4.34999985118878 -4.03000020980835 -3.10999989509583 -0.540000021457672 -3.77999997138977 -3.26999998092651 -4 -4.28999996185303 -4.34999990463257 -4.28000020980835 -4.15999984741211 -4.1100001335144 -4.65999984741211 -4.48000001907349 -3.01999998092651 -2.40000009536743 -2.35999989509583 -1.55999994277954 0 -0.740000009536743 -0.970000017656944 -1.51999998092651 1.99000000656764 1.63999998569489 1 0.310000002384186 -0.0500000007450581 -0.709999978684776 -0.629999995231628 -0.46000000834465 -0.560000002384186 -2.40000009536743 -2.57999992370605 -2.8199999332428 -2.59999990463257 -2.11999988555908 -1.40999996662824 -0.850000023841858 -0.209999993443489 -0.170000001788139 -0.829999983310699 -1.23000001907349 -1.5 -2.28999996185303
-9999 -5.66499996185303 -6.51249980926514 -3.54250001907349 -2.46999998739547 -3.20499992370606 -3.3199999332428 -3.8199999332428 -3.94000005722046 -4.03999996185303 -4.01000022888184 -3.96000003814697 -3.72000002881222 -4.01999998092651 -3.91000008583069 -3.1800000667572 -2.39000010490417 -2.32999992370605 -1.44000005722046 -0.0399999991059303 -0.870000004768372 -1.33000004291534 -1.20000004830726 1.74000000953674 1.80999994277954 0.300000011920929 -0.779999971389771 -0.280000001192093 -0.449999988079071 -0.479999989271164 -0.730000019073486 -1.32000005245209 -1.44000005722046 -2.5 -2.46000003814697 -2.57999992370605 -2.58999991416931 -1.98000001907349 -1.11000001430511 0.129999995231628 -0.0700000002978573 -0.409999996423721 -1.14999997615814 -1.55999994278001 -2.4300000667572
-9999 -4.95499992370605 -6.30749988555908 -4.94500017166138 -2.54250001907349 -2.22000002861023 -3.93499994277954 -4.54000001665629 -6.92500019073486 -7.29250001907349 -6.53499984741211 -6.65000009536743 -7.5774998664856 -6.24749994277954 -4.42250013351441 -7.40000007511802 -8.81750011444092 -8.69499969482422 -8.6850004196167 -7.92000007629395 -8.67000007629395 -10.1875 -10.2650003433228 -9.88999938964844 0.0199998657166085 0.819999992847443 0.259999990463257 -0.0799999982118607 -0.239999994635582 -0.46000000834465 -2.48000001907349 -3.13000011444092 -3.01999998092651 -2.72000002861023 -2.9300000667572 -3.08999991416931 -2.55999994277954 -1.95000004768372 -1.61000001430511 -0.670000016689301 -1.1100000143047 -1.04999995231628 -1.87000000476837 -2.2200000286103 -2.98000001907349
-9999 -4.63749980926514 -4.78500013566447 -6.13250017166138 -2.40750002861023 -2.07999992370606 -2.53250002861023 -4.61250019073486 -6.79250001907349 -6.30499982833862 -6.53249978820907 -6.62249994277954 -7.35500001907349 -6.30000019073486 -4.94000005722046 -5.73999977111816 -7.33500003814697 -8.57499980926514 -8.80499935407779 -8.36250019073486 -8.65250015258789 -9.66749954223633 -10.227499961853 -10.3299999237061 -10.9650001525879 -11.7250003814697 -9.40999984817022 -9.97249984679376 -10.2075004577637 -9.35750007668613 -8.92250061035156 -8.50250053405762 -8.13249969482422 -7.59000015258789 -7.78499984741211 -7.71750020980835 -6.87249994277954 -6.57999992370605 -6.24499988555908 -6.09749984741211 -8.32499980926231 -7.09499979019165 -6.625 -6.95749998092695 -6.68249988555908
-9999 -4.80000019073486 -4.86000013351441 -5.4850001335144 -1.96000003814697 -2.22499994071133 -2.40249991416931 -4.34250020980835 -5.20749998092651 -5.72249984741211 -6.27750015258789 -6.74749994277954 -6.23250007629395 -5.84250020980835 -6.60500001907349 -5.15749979019165 -5.50250005722046 -8.83749961853027 -9.72999954223633 -8.9350004196167 -9.40250015258789 -9.01000023077175 -10.0600004196167 -10.8900003433228 -10.897500038147 -10.9449996948242 -10.1000003814697 -10.3175001144409 -10.7349996566772 -9.28250026790722 -9.11999988555908 -8.50750064849854 -8.19500064849854 -7.92000007629395 -7.40999984741211 -7.32000017166138 -7.48000001907349 -6.33750009536743 -5.57499980926514 -5.89750003814697 -6.63999986648528 -6.05749988555908 -6.85249996185303 -7.1100001335144 -7.39499998092651
