SnowAccumulation_R/test/tmin/final_tmin_11_04_2009.asc
NCOLS 97 
NROWS 69 
XLLCORNER 52512.810182332 
YLLCORNER 5316225.2758522 
CELLSIZE 10000 
NODATA_value -9999 
[rows 40 to 59 of 69, columns 45 to 89 of 97]
0.370000004768372 1.25 1.33000004291534 1.46000003814697 1.38999998569489 1.28999996185303 1.20000004768372 0.239999994635582 0.180000007152557 0.0299999993294477 -0.0799999982118607 -0.119999997317791 -0.219999998807907 -0.310000002384186 -0.319999992847443 -0.310000002384186 -0.280000001192093 -0.209999993443489 -0.230000004172325 -0.25 -0.280000001192093 -0.28999999165535 -0.280000001192093 -0.379999995231628 -0.46000000834465 -0.639999985694885 -0.829999964985064 -0.69999998874325 -0.870000004768371 -0.860000014305115 -0.89999997607969 -0.959999978542328 -0.980000019073486 -0.889999985694885 -0.829999983310699 -0.819999992847443 -0.790000021457672 -0.800000011920929 -0.8299999833107 -0.850000023841858 -0.829999983310699 -0.959999978542328 -0.990000009536743 -1.00999999046326 -1.04999995231628
0.709999978542328 1.35000002384186 1.42999994754791 1.58000004291534 1.48000001907349 1.35000002384186 1.24000000953674 0.430000007152557 0.379999995231628 0.239999994635582 0.170000001788139 0.129999995231628 -0.00999999977648258 -0.119999997317791 -0.140000000613238 -0.180000007152557 -0.140000000596046 -0.129999995231628 -0.170000001788139 -0.170000001788139 -0.140000000596046 -0.129999995231628 -0.170000001788139 -0.270000010728836 -0.409999996423721 -0.430000007152557 -0.569999992847443 -0.620000004768372 -0.800000011920929 -0.810000002384186 -0.829999983310699 -0.910000026226044 -1.0900000333786 -1.1599999666214 -0.920000016689301 -1.11000001430511 -0.88000001098476 -0.810000002384186 -0.790000021457672 -0.809999999903925 -0.879999995231629 -0.959999978542328 -1.04999995231628 -1.08000004291534 -1.10000002384186
1.37000000476837 1.5 1.58000004291534 2.01999998092651 1.94000005722046 1.38999998569489 1.14999997615814 0.560000002384186 0.490000009536743 0.419999986886978 0.349999994039536 0.340000003576279 0.180000007152557 0.0799999982118607 0.0299999993294477 -0.00999999977648258 -0.0599999986588955 -0.070000000255162 -0.0799999982118607 -0.0599999986588955 -0.029999999654619 -0.00999999977648258 -0.100000001490116 -0.11000000013425 -0.209999993443489 -0.379999995231628 -0.689999997615814 -0.75 -0.810000002384186 -0.870000004768372 -0.879999995231628 -0.870000004768372 -1.05999994277954 -1.12000000476837 -1.13999998569489 -1.26999998092651 -1.3400000333786 -1.07000005245209 -0.920000016689301 -0.990000009536743 -0.959999978542328 -0.990000009536743 -1.01999998092651 -1.10000002384186 -1.13999998569489
1.53999996185303 1.67999994754791 1.75 1.74000000953674 1.66999995708466 1.45000004768372 1.02999997138977 0.860000014305115 0.769999980926514 0.629999995231628 0.5 0.469999998807907 0.370000004768372 0.239999994635582 0.189999997615814 0.100000001490116 0.0399999991059303 -0.0199999995529652 0.0199999995529652 -0.0199999995529652 0.00999999974734965 -0.0400000025127084 -0.129999995231628 -0.219999999095371 -0.349999994039536 -0.579999983310699 -0.639999985694885 -0.709999978542328 -0.819999992847443 -0.899999976158142 -0.939999997615814 -0.910000026226044 -0.980000019073487 -1.04999995231628 -1.10000002384186 -1.1599999666214 -1.21000003814697 -1.41999995708466 -1.24000000953674 -1.27999997138977 -1.0900000333786 -1.05999994277954 -1.07000005245209 -1.11000001430511 -1.16999995708466
1.67999994754791 1.85000002384186 1.94000005722046 1.96000003814697 1.89999997615814 1.50999999046326 1.3400000333786 1.08000004291534 1.02999997138977 0.899999976158142 0.769999980926514 0.709999978542328 0.550000011920929 0.370000004768372 0.300000011920929 0.170000001788139 0.0399999991059303 0 0.00999999977648258 -0.0599999986588955 -0.100000004980946 -0.259999990463257 -0.449999988079071 -0.52999997138977 -0.680000007152557 -0.639999985694885 -0.689999997615814 -0.730000019073486 -0.75 -0.790000021628925 -0.949999988079071 -0.959999978542328 -0.959999978542328 -0.959999978542328 -1 -1.02999997138977 -1.0900000333786 -1.23000003253578 -1.47000001520328 -1.55999994277954 -1.26999998092651 -1.19000011553911 -1.14999997615814 -1.1599999666214 -1.20000002335302
2.01999998092651 2.26999998092651 2.21000003814697 2.13000011444092 2.16000008583069 1.87000000476837 1.54999995231628 1.37000000476837 1.26999998092651 1.12000000476837 0.930000007152557 0.810000002384186 0.670000016689301 0.46000000834465 0.370000004768372 0.200000002980232 0.0599999986588955 -0.0100000003301073 -0.140000002816506 -0.330000013113022 -0.340000003576279 -0.490000009536743 -0.649999976158142 -0.709999978542328 -0.769999980926514 -0.879999995231628 -0.899999976158142 -1 -0.810000002384186 -0.819999992847443 -0.879999995231628 -0.930000007152557 -0.949999988079071 -1.11000001430511 -1.0900000333786 -1.04999995231628 -1.16999995122324 -1.25999999046326 -1.37999999523163 -1.51999998092651 -1.64999997615814 -1.75999999046326 -1.32000005245209 -1.30999994277954 -1.29999995231628
2.11999988555908 2.41000008583069 2.25999999046326 2.16000008583069 2.57999992370606 2.82999992370606 1.64999997615814 1.64999997615421 1.37000000476837 1.23000001907349 1.07000005245209 0.930000007152557 0.730000019073486 0.550000011920929 0.46000000834465 0.140000000506919 -0.270000010728836 -0.349999994039536 -0.389999985694885 -0.469999998807907 -0.540000021457672 -0.699999988079071 -0.819999992847443 -0.860000014305115 -0.850000023841858 -0.740000009536743 -0.790000021457672 -0.910000026226043 -0.879999995231629 -0.9200000166893 -0.959999978542328 -0.990000009536743 -1.01999998092651 -1.19000005722046 -1.12000000476837 -1.13999998569489 -1.24000000953674 -1.21000003814697 -1.30999994277954 -1.60000002384186 -1.71000003814697 -1.64999997615814 -1.62000000476837 -1.41999995708466 -1.46000003814697
2.22000002861023 2.0699999332428 2.03999996185303 2.07999992370606 2.21000003814697 2.23000001907349 1.41999995708466 1.7000000476779 1.3400000333786 1.28999996185303 1.25999999044716 1.01999998092651 0.800000011763 0.699999987831665 0.189999997615814 -0.300000011920929 -0.349999993963097 -0.310000002384186 -0.540000021457672 -0.720000028610229 -0.779999971389771 -0.930000007152557 -0.899999976158142 -0.910000026226043 -0.879999995231628 -0.819999992847443 -0.879999995231628 -0.939999997615814 -1.0900000333786 -1.13999998569489 -1.05999994277954 -1.02999997142522 -1.05999994277954 -1.1599999666214 -1.19000005722046 -1.19000005722046 -1.21000003814697 -1.23000001907349 -1.33000004291534 -1.42999994754791 -1.5 -1.6599999666214 -1.75 -1.75999999046326 -1.55999994277954
1.87999999523163 1.80999994277954 1.91999995708466 1.73000001907349 1.70000004768372 1.58000004291534 1.00999999046326 1.45000004767911 1.20000004768372 1.24000000950445 1.24999999989471 0.519999980926514 0.0500000007450581 0.0599999985981704 -0.259999990463257 -0.400000005960464 -0.430000007075936 -0.319999992847443 -0.610000014305115 -0.750000000264629 -0.860000014305115 -0.980000019073486 -0.970000028478957 -0.939999997615814 -0.980000019073486 -0.990000009790598 -1.08000004291534 -1.1599999666214 -1.22000002861023 -1.23000001907349 -1.19000005722046 -1.12999999523163 -1.16999995708466 -1.27999997138977 -1.26999998092651 -1.23000001907349 -1.22000002861023 -1.17999994754791 -1.3400000333786 -1.45000004768372 -1.49000000953674 -1.6599999666214 -1.75999999046326 -1.77999997138977 -1.89999997615814
1.66999995708466 1.8400000333786 1.58000004291534 1.24000000953674 1.10000002384186 0.680000007152557 0.800000011920929 0.0199999995529652 0.439999997615814 0.540000021457672 0.129999995231628 -0.209999993443489 -0.349999994039536 -0.319999992847443 -0.379999995231628 -0.490000009536743 -0.5 -0.370000004768372 -0.740000009536743 -0.829999983310699 -1 -1.07000005245209 -1.19000005722046 -1.16999995708466 -1.19000005722046 -1.24000000953674 -1.23000001907349 -1.23000001907349 -1.26999998092651 -1.23000001907349 -1.21000003814697 -1.19000007250885 -1.3400000333786 -1.36000001430511 -1.38999998569489 -1.32000005245209 -1.25999999046326 -1.23000001907349 -1.39999997615814 -1.63999996287061 -1.69000005722046 -1.62999999523163 -1.72000001559808 -1.77999997138977 -1.79999995231628
1.66999995708466 1.37000000476837 1.22000002861023 0.519999980926514 -0.25 -0.0199999995529652 0.449999988079071 -0.330000013113022 -0.0900000035762787 0.0599999986588955 -0.129999995231628 -0.0500000007450581 -0.170000001788139 -0.180000007152557 -0.300000011920929 -0.46000000834465 -0.28999999165535 -0.46000000834465 -0.860000014305115 -1.03999996185303 -1.23000001907349 -1.35000002384186 -1.39999997615814 -1.62000000476837 -1.48000001907349 -1.50999999046326 -1.39999997615814 -1.32000005245209 -1.27999997138977 -1.32000005245209 -1.26000000448137 -1.37999999523163 -1.38999998569489 -1.44000005706335 -1.47000002861023 -1.45000004768372 -1.45000004768372 -1.41999995708466 -1.44000005722046 -1.62000000476837 -1.64999997615814 -1.61000001430511 -1.67999994754791 -1.74000000953674 -1.85000002384186
1.37999999523163 1.32000005245209 1.32000005245209 -0.100000001490116 -2.33999991416931 -0.419999986886978 -0.379999995231628 -0.389999985694885 0.0900000035762787 0.370000004768372 0.219999998807907 0.259999990463257 0.189999997615814 -0.0500000007450581 -0.119999997317791 -0.109999999403954 -0.230000004172325 -0.610000014305115 -1.07000005245209 -1.17999994754791 -1.46000003814697 -1.5900000333786 -1.73000001907349 -1.95000004768372 -1.83000004291534 -1.66999995708466 -1.57000005245209 -1.46000003814697 -1.45000004768372 -1.49999999873843 -1.42999994769056 -1.5 -1.55999994277954 -1.49000000953674 -1.51999998092651 -1.51999998092651 -1.58000004291534 -1.49000000953674 -1.4099999666214 -1.47000002861023 -1.5900000333786 -1.51999998092651 -1.58000004291534 -1.67999994754791 -1.75999997706735
1.58000004291534 1.45000004768372 1.47000002861023 0.0599999986588955 0.170000001788139 0.280000001192093 0.349999994039536 0.270000010728836 0.509999990463257 0.649999976158142 0.610000014305115 0.479999989271164 0.360000014305115 0.270000010728836 0.0199999995529652 -0.0900000035762787 -0.209999993443489 -0.689999997615814 -1.12000000476837 -1.21000003814697 -1.51999998092651 -1.83000004291534 -1.95000004768372 -2.00999999046326 -2.01999998092651 -1.91999995708466 -1.75999999046326 -1.70000004768372 -1.75999999046326 -1.57000005245209 -1.55999994277954 -1.62999999523163 -1.77999997138977 -1.71000003814697 -1.72000002861023 -1.80999994277954 -1.76999998092651 -1.88999998569489 -1.77999998509506 -1.62000000476837 -1.49000000953674 -1.48000001907349 -1.57000005245209 -1.77999997138977 -1.79999995231628
1.76999998092651 1.8400000333786 1.60000002384186 0.860000014305115 0.680000007152557 0.819999992847443 0.860000014305115 0.810000002384186 0.800000011920929 0.800000011920929 0.790000021457672 0.610000014305115 0.430000007152557 0.310000002384186 -0.0199999995529652 -0.159999996423721 -0.25 -0.639999985694885 -0.860000014726934 -1.21000003814697 -1.52999997138977 -1.70000004832671 -2.03999996185303 -2.03999996185303 -2.01999998092651 -2.16000008583069 -2.05999994343023 -2.11999988555908 -1.89999997615814 -1.8400000333786 -1.86000001430511 -2 -2.11999988555908 -2.03999996185303 -2.04999995231628 -1.80999994615493 -1.80999994277954 -1.79999995231628 -1.98000001907349 -1.75999999046326 -1.54999995231628 -1.54000027415377 -1.75999999046326 -1.55999994277954 -1.62000000476837
1.76999998092651 1.87999999523163 1.69000005722046 1.50999999046326 1.3400000333786 1.17999994754791 1.22000002861023 1.05999994277954 0.990000009536743 0.889999985694885 0.870000004768371 0.620000004768372 0.439999997615814 0.300000011920929 0.0399999991059303 -0.0700000003791647 -0.259999990463257 -0.670000016689301 -0.870000005133721 -1.23000001907349 -1.54999995231628 -1.70000004768372 -1.95000004768372 -1.88999998569489 -1.92999994754791 -1.85000002384186 -1.88999998569489 -2.04999995231628 -2.08999991416931 -1.97000002861023 -2.0699999332428 -2.13000011444092 -2.07999992370605 -2.15000009536743 -2.04999995231628 -2.03999996185303 -1.82000005245209 -1.77999997138977 -1.85000002384186 -1.78999996185303 -1.88000001944259 -1.86000001430511 -1.74000000953674 -1.61000007207571 -1.46000003814697
1.69000005722046 1.76999998092651 1.78999996185303 1.72000002861023 1.75999999046326 1.61000001430511 1.45000004768372 1.39999997615814 1.20000004768372 0.97000002861023 0.959999978542328 0.629999995231628 0.219999998807907 0.209999993443489 0.129999995231628 0.0299999992237368 -0.239999994635582 -0.560000002384186 -0.75 -1.12999999523163 -1.41999995708466 -1.54999995231628 -1.80999994277954 -1.71000003503426 -1.61000001430511 -1.55999994277954 -1.76999998092651 -2.01999998092651 -1.80999994277954 -1.84000003330363 -1.79999995231628 -1.91999995708466 -1.89999997615814 -1.95000004768372 -2.09999990463257 -1.99000000953674 -1.94000005722046 -1.82000005245209 -1.79999995231628 -1.75 -1.62999999523163 -1.71000003814697 -1.5900000333786 -1.63999998569489 -1.48000001907349
1.62000000476837 1.70000004768372 1.89999997615814 2.04999995231628 1.98000001907349 1.87999999523163 1.64999997615814 1.55999994277954 1.38999998569489 1.07000005245209 0.939999997615814 0.769999980926514 0.569999992803158 0.25 0.0599999986588955 -0.0700000002980232 -0.239999994635582 -0.519999980926514 -0.649999976158142 -0.949999988079071 -1.20000004768372 -1.33000003928458 -1.33000004291534 -1.35000002384186 -1.38999998569489 -1.5 -1.47000002916752 -1.76999998092651 -1.6599999666214 -1.61000001430511 -1.61000001430511 -1.72000002861023 -1.8400000333786 -1.86000001430511 -2.04999995024389 -2 -1.75999999046326 -1.74000000953674 -1.69000017773611 -1.54499995708466 -1.8400000333786 -1.74249994754791 -1.50750005245209 -1.69749999046326 -1.85500001907349
1.36000001430511 1.52999997138977 1.97000002861023 2.11999988555908 2.07999992370605 1.95000004768372 1.75 1.62000000476837 1.49000000953674 1.22000002861023 1.03999996185303 0.839999973773956 0.6700000166893 0.46000000834465 -0.0599999986588955 -0.159999996423721 -0.28999999165535 -0.5 -0.600000023841858 -0.829999985499389 -1.21749997138977 -1.38499999046326 -1.49500000476837 -1.42250001451403 -1.50750005245209 -1.58000004291534 -1.44249999523163 -1.04499995708466 -1.68250000476837 -1.48000001907349 -1.58249998092651 -1.8474999666214 -1.82749998569489 -2.40750002861023 -2.46749997138977 -1.80750000476837 -1.80999994277954 -1.79749998245848 -1.89999997615814 -1.88499999046326 -1.9375 -1.47000002861023 -1.21000003814697 -1.52999997138977 -1.81500005722046
-0.387499988079071 -0.347499996423721 -0.572499990463257 -0.65499997138977 -0.899999976158142 -1.24749994277954 -1.3400000333786 -1.4650000333786 -1.58500003814697 -1.4374999999993 -1.41250002384186 -1.4099999666214 -1.49000000953674 -1.29750001430511 -1.57000005245209 -1.61249995231628 -1.30499994754791 -1.129999995035 -1.00750005245209 -0.995000004768372 -1.03999996237932 -1.32749998569489 -1.44249999523163 -1.44249999523163 -1.42499995231628 -1.44000005722046 -1.03999996185303 -1.04999995231628 -1.37999999523163 -1.05750000476837 -1.20249998569489 -1.45500004565591 -1.96749997138977 -2.42000007629395 -2.39750003814697 -2.20000004768372 -1.62500016979951 -1.79750001430511 -1.73500001430511 -1.85749995708466 -1.86749994754791 -1.00499999523163 -0.947499990463257 -1.37000000476837 -1.99749994277954
-0.322499990463257 -0.382499992847443 -0.455000013113022 -0.699999988079071 -0.707499980926514 -1.0900000333786 -1.36500000953674 -1.64499998092651 -1.69749999046326 -1.61749994753423 -1.27250003814697 -1.0974999666214 -1.05750000476837 -1.14999997615814 -1.54499995683618 -1.62000000513602 -1.19500005245209 -0.972500026226044 -0.917500019073486 -1.01250004768372 -1.10249996185303 -1.30750000476837 -1.36000001430511 -1.37249994277954 -1.21749997138977 -1.34249997138977 -1.26499998569489 -0.819999992847443 -1.00499999476608 -0.649999976158142 -1.0974999666214 -1.57249999046326 -2.15000009536743 -2.64000010490417 -2.60999989509582 -2.30250010423546 -2.04250012538013 -1.9650000333786 -1.50250005722046 -1.69000005722046 -1.73500001430511 -0.87500011920929 -0.832499980926514 -1.14999997615814 -1.03999996185303
