SnowAccumulation_R/test/tmin/final_tmin_08_04_2009.asc
NCOLS 97 
NROWS 69 
XLLCORNER 52512.810182332 
YLLCORNER 5316225.2758522 
CELLSIZE 10000 
NODATA_value -9999 
[rows 20 to 39 of 69, columns 46 to 91 of 97]
-1.21000003814697 -1.32000005245209 -1.37999999523163 -1.26999998092651 -1.10000002384186 -1.02999997138977 -1.17999994754791 -1.73000001907349 -2.24000000953674 -2.51999998096039 -3.08999991416931 -3.63000011444092 -4.26999998092651 -4.59000015268145 -4.82000017166138 -4.98000001842449 -5.09999990463257 -5.32000017166138 -5.48000001907349 -5.82000017166138 -6.13000011444092 -5.63999986648559 -5.51999998092651 -5.32999992370605 -5.17999982833862 -5.07000017166138 -5.05999994277954 -5.03000020980835 -5.1399998664856 -5.3899998664856 -5.57999992370606 -5.8899998664856 -6.23000001907349 -6.48999973810951 -6.57999992370605 -6.78999996185303 -6.96000003814697 -7.13000011444092 -7.17000007629395 -7.26000022888184 -7.28999996185303 -7.23999977111816 -7.19000005722046 -7.05999994277954 -6.90000009536743 -6.62000011352448
-1.1599999666214 -1.24000000953674 -1.24000000953674 -1.03999996185303 -0.870000004768371 -0.810000002384186 -0.959999978542328 -1.57000005245209 -2.09999990463257 -2.36999988555908 -2.92000007629395 -3.38000011444092 -4.09999990463257 -4.38000011366301 -4.44000005722046 -4.67999982833862 -4.92999982833862 -5.05000019093194 -5.32999992370605 -5.63000011444092 -5.78999996185303 -5.6599998469485 -5.42000007629395 -5.21000003814697 -5.07000017166138 -4.99999999999442 -4.88000011444092 -4.76000022888184 -4.90000009536743 -5.07999992370605 -5.5 -5.82000017166138 -6.1300000871087 -6.21999979019165 -6.46000003814697 -6.71000003814697 -6.88999986648559 -6.96999979019165 -7.09000015258789 -7.17000007629394 -7.19000005722046 -7.17000007629395 -7.09000015258789 -6.96999979019165 -6.71999979019165 -6.63000011444092
-1.17999994754791 -1.17999994754791 -1.0900000333786 -0.930000007152557 -0.699999988079071 -0.649999976158142 -0.990000009536743 -1.44000005722046 -1.95000004768372 -2.19000005722046 -2.73000001897668 -3.25999999023834 -3.5699999332428 -3.77999997138977 -4.17000007629395 -4.48000001907349 -4.73000001907349 -4.86000013351441 -5.11999988555908 -5.40999984741211 -5.5 -5.40000009536743 -5.25 -5.09000015258789 -4.98999977111816 -4.90999984741211 -4.80000019073486 -4.69000005722046 -4.8899998664856 -5.05000019073486 -5.40999984741211 -5.73999974538407 -5.98000001907349 -6.13000011444092 -6.3899998664856 -6.63000011444092 -6.82999992370606 -6.90000009536743 -7.01000022888184 -7.07000017166138 -7.07999993083425 -7.05999994277954 -7 -6.86999962859337 -6.60000024185039 -6.51999998092651
-1.30999994277954 -1.25 -1.02999997138977 -0.819999992847443 -0.569999992847443 -0.649999976158142 -0.89999997617146 -1.34000003338098 -1.74000000953674 -1.94000005722046 -2.38000011444092 -2.82999992370605 -3.30999994277954 -3.50999999046326 -3.9300000667572 -4.28000020980835 -4.57999992370605 -4.71000003814697 -4.92999982833862 -5.13000011444092 -5.19999980926514 -5.17000007629394 -5.05999994277954 -4.98000001907349 -4.8899998664856 -4.82000017166138 -4.76999998092651 -4.76000022888184 -4.94000005596656 -5.05999994277954 -5.34999989936096 -5.6100001335144 -5.90999977993561 -6.05999994277954 -6.34000015258789 -6.59000015258789 -6.69999980926514 -6.84000015258789 -6.92000007629395 -6.96000003814697 -6.96000003814697 -6.92999982833862 -6.86999957268096 -6.6100001335144 -6.55000019073486 -6.42999982833862
-1.37999999523191 -1.37999999523158 -1.17999994754794 -1.1599999666214 -1.03999996185303 -1.04999995231628 -1.24000000953674 -1.4099999666214 -1.71000003814697 -1.85000002384186 -2.20000004768372 -2.61999988555908 -3.04999995231628 -3.27999997138977 -3.67000007629395 -4.07000017166138 -4.40000009536743 -4.53000020980835 -4.76999998092651 -4.90000009536743 -4.94999980926514 -4.92000007629395 -4.88000011444092 -4.84999990463257 -4.82000017156645 -4.73999977111816 -4.73999977111816 -4.76000022888184 -4.84000015258789 -5.05999994063227 -5.30999994277954 -5.59000015258789 -5.73000001907349 -6.01000022888184 -6.28000020980835 -6.55000019073486 -6.65999984741211 -6.78999996185303 -6.84000015258789 -6.84000015258789 -6.82000017166138 -6.76999998092651 -6.51000022888184 -6.46999979019165 -6.40999984741211 -6.34999990463257
-1.5299999713897 -1.5 -1.26999998092651 -1.25 -1.21000003814697 -1.21000003814697 -1.30999994277954 -1.44000005722046 -1.64999997615814 -1.76999998092651 -2.0699999332428 -2.4300000667572 -2.60999989517475 -3.02999997138977 -3.42000007629395 -3.8199999332428 -4.01000022914866 -4.3600001335144 -4.57999992370605 -4.73000001907349 -4.71999979019165 -4.76999998092651 -4.71000003814697 -4.69000005722046 -4.69000005722046 -4.65999984741211 -4.67999982833862 -4.75 -4.78999996185303 -5.01999998092651 -5.32000017166138 -5.59000014649164 -5.71999979019165 -5.96999979019165 -6.23000001907349 -6.3600001335144 -6.61000013351441 -6.73999977111816 -6.75 -6.73000001907349 -6.67000007629395 -6.36999988555908 -6.2899999618531 -6.26999998092651 -6.28000020980835 -6.26999998092651
-1.48000001907349 -1.57000005245209 -1.45000004768372 -1.3400000333786 -1.37000000476837 -1.3400000333786 -1.37000000476837 -1.47000002861023 -1.51999998093132 -1.67999994754791 -1.9099999666214 -2.22000002861023 -2.40000009545049 -2.80999994277954 -3.19000005722046 -3.54999995231628 -3.74000000953674 -4.11999988555908 -4.38000011444092 -4.48999977111816 -4.51000022888184 -4.53999996185303 -4.53999996185303 -4.53000020980835 -4.53000020980835 -4.55999994277954 -4.61000012447053 -4.59000015258789 -4.76999998092651 -4.98000001907349 -5.34000015258789 -5.46999979019165 -5.73000001907349 -5.94999980926514 -6.17999982833862 -6.30999994277954 -6.55999994277954 -6.69000005722046 -6.65000011085191 -6.59999990463257 -6.26000037652199 -6.11999988555908 -6.07000017166138 -6.05000019073486 -6.11999988555908 -6.13000011444092
-1.44000005722038 -1.52999997138977 -1.51999998092651 -1.48000001907349 -1.49000000953668 -1.46000003814697 -1.42999994754791 -1.48000001907349 -1.52999997139319 -1.5900000333786 -1.75999999046326 -2.01999998092651 -2.20000004768372 -2.63000011444092 -3.03999996185303 -3.45000004768372 -3.58999991416931 -3.92000007629395 -4.17000007629395 -4.30000019073486 -4.32999992370605 -4.3600001335144 -4.36999988555908 -4.36000013354903 -4.38000011444092 -4.4499997967234 -4.42999982833862 -4.51000022888184 -4.69999980926514 -4.92999982833862 -5.23999977111816 -5.38000011444092 -5.65000009536743 -5.90000009536743 -6.01000022888184 -6.23999977111816 -6.46000003814697 -6.59999990463257 -6.55999994277954 -6.42999959021632 -5.98000001907349 -5.80999999841262 -5.76999998092651 -5.80000019073486 -5.90999984741211 -5.94000005722046
-1.39999997615813 -1.48000001907349 -1.54999995231628 -1.63999998569489 -1.66999995708427 -1.73000001907349 -1.53999996185303 -1.53999996185303 -1.54999995231628 -1.53999996185303 -1.60000002384186 -1.82000005245209 -2.01999998092651 -2.47000002861023 -2.95000004768372 -3.36999988555908 -3.51999998092651 -3.73000001907349 -3.99000000953674 -4.07999992388639 -4.19999980926514 -4.21000003814697 -4.19000005722046 -4.19999980926514 -4.05000019073486 -4.17000007629395 -4.32999992370605 -4.42000007629395 -4.63000011444092 -4.8600001335144 -4.98000001907349 -5.26999998092651 -5.55000019073486 -5.78999996185303 -5.90000009536743 -6.11999988555908 -6.30000019073486 -6.40999983624705 -6.38999971243828 -5.96000003814697 -5.61999988555908 -5.5 -5.42000007629395 -5.51999998092651 -5.67999970647285 -5.73999977111816
-1.40999996662136 -1.51999998092651 -1.62999999523163 -1.66999995708466 -1.71000003814673 -1.75 -1.5900000333786 -1.62000000476837 -1.63999998569489 -1.60000002384186 -1.50999999046326 -1.64999997615814 -1.91999995708466 -2.41000008583069 -2.89000010490417 -3.10999989529335 -3.44000005722046 -3.66000008583069 -3.84999990463257 -3.94000005722046 -4.05999994277954 -4.01999998092651 -3.99000000011586 -3.76999998092651 -3.8199999332428 -4 -4.11000013357824 -4.30999994277954 -4.55999994277954 -4.80000019073486 -4.90999984741211 -5.17999982833862 -5.44000005722046 -5.65999983879589 -5.76000022888184 -5.94999980926514 -6.09000015258789 -6.14999986727342 -5.8899998664856 -5.55999994277954 -5.15999995408993 -5.03999996185303 -5.01000022888184 -5.21000003814697 -5.34000015258789 -5.57000017166138
-1.50999999046326 -1.63999998569489 -1.71000003814697 -1.73000001907349 -1.69000005722046 -1.66999995708466 -1.67999994754791 -1.76999998092651 -1.82000005245209 -1.75 -1.6599999666214 -1.78999996185303 -2.02999997138977 -2.48000001907349 -2.88000011444092 -3.07999992370606 -3.36999988555908 -3.60999989509583 -3.75 -3.78999996185303 -3.83999991416931 -3.60999989509583 -3.57999992359225 -3.53999996185303 -3.55999994277954 -3.76999998092651 -3.9300000667572 -4.17999982833862 -4.46000003814697 -4.7300000174484 -4.84000015258789 -5.09000015258789 -5.32000017166138 -5.42000007629395 -5.59999990463257 -5.75 -5.83999995928575 -5.53999996185303 -5.40999984741211 -5.05000019073486 -4.82000017166138 -4.48000001907349 -4.57000017166138 -4.91999984338159 -5.11000013351441 -5.51000022888184
-1.57000005245209 -1.64999997615814 -1.77999997138977 -1.80999994277954 -1.6599999666214 -1.62000000476837 -1.82000005245209 -1.97000002861023 -1.99000000953674 -2.04999995231628 -1.99000000953674 -2.01999998095367 -2.27999997138977 -2.58999991416931 -2.92000007629394 -3.07999992370606 -3.30999994277954 -3.53999996185303 -3.59999990463257 -3.6300001120225 -3.5 -3.45000004768372 -3.41000008583069 -3.28999996185303 -3.24000000953674 -3.50999999046326 -3.74000000953674 -4.09999990463257 -4.40000009536743 -4.53999996185303 -4.78000020980835 -5 -5.19999980926514 -5.28999996185303 -5.42999982833862 -5.53999996185303 -5.34000015258789 -5.23999977111816 -5.01999998092651 -4.61000023388902 -4.36999988555908 -3.92000007629395 -4.21999979019165 -4.44999980926514 -4.94999980926514 -5.40999984741211
-1.6599999666214 -1.70000004768372 -1.78999996185303 -1.75 -1.82000005245209 -1.85000002384186 -2 -2.1800000667572 -2.25999999046326 -2.38000011444092 -2.35999989509583 -2.36999988557537 -2.52999997138977 -2.74000000953674 -2.99000000953674 -3.10999989509582 -3.32999992370605 -3.47000002760882 -3.39000010492619 -3.41000008583069 -3.39000010490417 -3.34999990463257 -3.29999995231628 -3.05999994277954 -2.84999990463257 -2.99000001041637 -3.57999992370605 -4.05999994277954 -4.36999988555908 -4.51000022888184 -4.73000001907349 -4.90999984741211 -5 -5.15999984741211 -5.26999998092651 -5.15000009536743 -5.13999986648559 -5 -4.73000001907349 -4.55999994277954 -4.1399998664856 -3.83999991416931 -4.11999967386328 -4.36999988555908 -4.88000011444092 -5.34999990463257
-1.62999999523163 -1.62999999523163 -1.62000000476837 -1.62999999523163 -1.79999995231628 -1.87999999523163 -2.25999999046326 -2.45000004768372 -2.54999995231628 -2.69000005722046 -2.71000003814697 -2.70000004768372 -2.78999996185303 -2.89000010490417 -3.04999995231628 -3.11999988555908 -3.19000005722046 -3.3199999332428 -3.32999992370605 -3.33999991416931 -3.33999991416931 -3.30999994277954 -3.25999999046326 -3.07999992370606 -2.88000011444092 -3.10999989509583 -3.73000001907349 -4.13000011444092 -4.38999986600559 -4.51000022888184 -4.69000005722046 -4.84000015258789 -4.90999984741211 -5.03999996185303 -4.96000003814697 -4.96000003814697 -4.96999979019165 -4.82999992370605 -4.53999996185303 -4.3899998664856 -4.09000015258789 -3.97000002861023 -4.05999994277954 -4.44000005722046 -4.92000007629395 -5.16000009060558
-1.44000005722046 -1.58000004291534 -1.53999996185303 -1.49000000953637 -1.65999996662166 -1.87999999523163 -2.44000005722046 -2.55999994278461 -2.88000011444092 -3.03999996185303 -3.04999995231628 -3 -3.01999998112507 -3.01999998108917 -3.07999992370605 -3.08999991416931 -3.11999988555908 -3.20000004768372 -3.25 -3.26999998092651 -3.32999992370605 -3.34999990466983 -3.35999989509583 -3.35999989509583 -3.55999994277954 -3.74000000953674 -4.05000019073486 -4.26000022888184 -4.34999990463257 -4.51999998092651 -4.65000009536743 -4.76000022748002 -4.80999990955138 -4.76999998092651 -4.80999994277954 -4.80000019073486 -4.76999998092651 -4.6399998664856 -4.5 -4.26000022888184 -4.09999990463257 -4.11000011368254 -4.21999979019165 -4.57000017166138 -5.01999998092651 -5.38000011444092
-1.41999995708466 -1.57000005245209 -1.63999998569489 -1.40999996662205 -1.65999996662189 -1.91999995708419 -2.59999990463257 -2.79999995232311 -3.19000005722046 -3.41000008593129 -3.32999992384207 -3.45000004768372 -3.25999999046326 -3.07999992370606 -3.0299999713819 -3.01999998092651 -3.03999996185303 -3.09999990463257 -3.14000010490418 -3.21000003814697 -3.33999991416931 -3.40000009536743 -3.51999998092651 -3.70000004768372 -3.98999999855414 -4.23000001907349 -4.38000011444092 -4.40999984741211 -4.46000003814697 -4.55000019073486 -4.63000011444092 -4.65000008715248 -4.65999984741211 -4.6399998664856 -4.63999986560369 -4.61999988555908 -4.53000020980835 -4.38000011444092 -4.28999996185303 -4.1399998664856 -4.09000015258789 -4.11999988555908 -4.32000017166138 -4.67000007629395 -4.90000009536743 -5.34000015258789
-1.37000000476837 -1.73000001907349 -1.73000001907349 -1.75999999046326 -1.83000004291534 -1.96000003814697 -2.63000011444399 -2.96000003815797 -3.52999997138977 -3.90000009536743 -3.5699999332428 -3.4300000667572 -3.21000003814697 -3.05999994277954 -2.98000001907349 -2.96000003814697 -2.94000005722046 -2.97000002873632 -3.05999994277954 -3.16000008583069 -3.3199999332428 -3.42000007629395 -3.66000008583069 -4.01999998092651 -4.21000003814697 -4.51000022888184 -4.57000017166138 -4.53000020980835 -4.55000019073486 -4.57999992370605 -4.59999989789944 -4.57000017166138 -4.59000015258789 -4.55999994277954 -4.53000020980835 -4.42999982833862 -4.30999994277954 -4.23000001907349 -4.07000017166138 -4.01000022888184 -4.05000019073486 -4.11999988555908 -4.3600001335144 -4.76000016887649 -4.92999982833862 -5.23999977111816
-1.29999995231628 -1.74000000953674 -1.75999999046326 -1.79999995231628 -1.87000000476837 -1.98000001907349 -2.57999992370605 -2.79999995231628 -3.24000000953674 -3.47000002861023 -3.34999990463257 -3.25 -3.07999992370605 -2.95000004768372 -2.90000009536743 -2.79999995231628 -2.8199999332428 -2.85999989520441 -2.96000003814697 -3.07999992370606 -3.26999998092651 -3.39000010490417 -3.72000002861023 -4.13000011444092 -4.42999982833862 -4.61999988555908 -4.59999990463257 -4.57000017166138 -4.57999992370605 -4.57999991639043 -4.53000020980835 -4.51999998092651 -4.51000022888184 -4.48999977111816 -4.46000003814697 -4.32000017166138 -4.11999988555908 -4.01999998092651 -3.85999989509582 -3.88000011444092 -3.94000005722046 -4.11999988555908 -4.3699999163537 -4.71999962449966 -4.88000011444092 -5.1399998664856
-1.16999995708466 -1.24000000953674 -1.6599999666214 -1.70000004768372 -1.5 -1.95000004768372 -2.34999990463257 -2.51999998092651 -2.82999992370606 -3 -3.00999999045964 -2.95000004768372 -2.84999990463257 -2.75999999046326 -2.73000001907349 -2.70000004768372 -2.70000004768372 -2.72000002861023 -2.8199999332428 -2.96000003814697 -3.03999996225791 -3.29999995231628 -3.66000008583069 -4.11999988555908 -4.32999992370605 -4.55999994277954 -4.57000017166138 -4.55999994277954 -4.5500001803671 -4.46999979019165 -4.46999979019165 -4.46000003814697 -4.46000003814697 -4.42999982833862 -4.40000009536743 -4.26000022888184 -4.01000025014144 -3.86999988555908 -3.64000010490417 -3.76999998092651 -3.88000011444092 -4.11999995158813 -4.44000005722046 -4.57000017166138 -4.82000017166138 -5.03999996185303
-1.26999998092651 -0.660000026226044 -0.990000009536743 -1.01999998092651 -1.05999994277954 -1.13999998569489 -2.03999996185303 -2.16000008583069 -2.39000010490417 -2.52999997138977 -2.5499999523181 -2.55999994277954 -2.53999996185303 -2.51999998092651 -2.50999999046326 -2.52999997138977 -2.53999996185303 -2.57999992370606 -2.6800000667572 -2.80999994277954 -2.90000009536743 -3.13000011444092 -3.5 -3.71000003918133 -4.09000015258789 -4.30999994277954 -4.42999981196075 -4.30999994277954 -4.38000011444092 -4.40999984741211 -4.42999982833862 -4.44000005722046 -4.40999984741211 -4.3899998664856 -4.3600001335144 -4.28999996185303 -4.19000005722046 -3.89000010490417 -3.51999998092651 -3.64000010490418 -3.9300000667572 -4.26999998092651 -4.47999993834696 -4.59000015258789 -4.78000020980835 -4.96000003814697
