SnowAccumulation_R/test/tmin/final_tmin_21_04_2009.asc
NCOLS 97 
NROWS 69 
XLLCORNER 52512.810182332 
YLLCORNER 5316225.2758522 
CELLSIZE 10000 
NODATA_value -9999 
[rows 0 to 19 of 69, columns 0 to 46 of 97]
-9999.000000000000000 -9999 -9999 -9999 -9999 -9999 -9999 -9999 -9999 -9999 -9999 -9999 -9999 -9999 -9999 -9999 -9999 -9999 -9999 -9999 -9999 -9999 -9999 -9999 -9999 -9999 -9999 -9999 -9999 -9999 -9999 -9999 -9999 -9999 -9999 -9999 -9999 -9999 -9999 -9999 -9999 -9999 -9999 -9999 -9999 -9999 -9999
-9999 -9999 -9999 -9999 -9999 0.439999997615814 0.159999996423721 0.189999997615814 0.370000004768372 1.22000002861023 1.48000001907349 2.03999996185303 2.55000003220846 3.46000003814697 3.30999994277954 3.48000001907349 3.94000005722046 4.17000007629395 4.25000000047467 -9999 -9999 -9999 -9999 -9999 -9999 -9999 -9999 -9999 -9999 -9999 -9999 -9999 -9999 -9999 -9999 -9999 -9999 -9999 -9999 -9999 -9999 -9999 -9999 -9999 -9999 -9999 -9999
-9999 -9999 -9999 -9999 -9999 -0.300000011920929 -0.170000001788139 0.280000001192093 0.620000004768372 1.54999995231628 1.97000002861023 2.88000011444092 3.36999988555908 3.35999988852279 3.22000002861023 3.6800000667572 3.9300000667572 4.09000015258789 4.26000022888184 4.38000010669372 4.44000005722046 4.53999996185303 4.57999992370605 4.63999986648559 4.65999984741211 4.69000005722046 4.71999979019165 4.76000022888184 4.73999977111816 4.82999992370605 4.80999994277954 4.69999980926514 4.53000020980835 4.36999988555908 4.17000007629395 3.98000001907349 3.84999990463257 3.69000005722046 3.46000003814697 3.23000001907349 2.94000005722046 2.6400001049042 2.50999999046326 2.1800000667572 1.92999994754791 1.74000000953674 1.5900000333786
-9999 -9999 -9999 -9999 -9999 0.180000007152557 0.709999978542328 0.870000004768372 1.09000016940299 2.07999992370605 2.47000002861023 2.67000007629395 3.22000002861023 3.1800000667572 3.17000007629395 3.44000005722046 3.66000008583069 3.82999992370605 4.09999990463257 4.11000013357615 4.19000005722046 4.44000005722046 4.53999996185303 4.63000011444092 4.73000001900866 4.80999994277954 4.86999988555908 4.94999980926514 4.96999979019165 5.11999988555908 5.07999992370605 4.94000005722046 4.69000005722046 4.46000003814697 4.23999977111816 4.09000015258789 4.01999998092651 3.85999989509583 3.60999989509583 3.39000010490417 3.09999990463257 2.77999997138994 2.57999992370606 2.26999998092651 2.04999995231628 1.95000004768372 1.87999999523163
-9999 -9999 -9999 -9999 -9999 0.629999995231628 0.980000019073486 1.37000008373808 1.87000000476837 2.10999995088017 2.59999990463257 2.85999989509583 3.0699999332428 3.25 3.33999991644564 3.48000001907349 3.51999998092651 3.65000009536743 3.97000002861023 4.03999996185303 4.09999990463257 4.26999998092651 4.42000007550782 4.59000015258789 4.76000022888184 4.8600001335144 4.98000001907349 5.15000009536743 5.30000019073486 5.34000015258789 5.26999998095743 5.07999992370606 4.69000005722046 4.53000020980835 4.32999992370605 4.21999979019165 4.15999984741211 4.05999994277954 3.78999996185303 3.59999990463257 3.33999991416931 2.94000005722046 2.75 2.39000010490418 2.15000009536743 2.04999995231628 2.00999999046326
-9999 -9999 -9999 -9999 -9999 0.990000009536743 1.24000000953674 1.53999996185303 2.00999999780731 2.46000003814697 2.4300000667572 2.65000009536743 2.88000011444092 3.08999991416931 3.28999996185303 3.39000010490417 3.51999998092651 3.66000008583069 3.8199999332428 3.99000000953674 4.03000020980835 4.09000015258789 4.17999982833862 4.34000015258789 4.69000005722046 4.92999982814211 5.05000019073486 5.28999996185303 5.51000022888184 5.57000017166138 5.38000011444092 5.07999992370605 4.51999998092651 4.55000019073486 4.44000005722046 4.32000017166138 4.25000000000087 4.21999979019165 4.03000020980835 3.78999996185303 3.45000004768372 3.07999992370605 2.91000008583069 2.53999996185303 2.30999994277954 2.29999995231628 2.27999997138977
-9999 -9999 -9999 -9999 -9999 1.19000005722046 1.24000000953674 1.5 1.54999995231628 2.15999990220969 2.28999996185303 2.40000009536743 2.61999988555908 2.83999991416931 3.01999998092651 3.17000007629395 3.24000000953674 3.38000011444092 3.69000005722046 3.79999995231628 3.96000003813033 4 4.05999994277954 4.17000007629394 4.28000020980835 4.73999976564726 4.90000009536743 5.26000022888184 5.53999996185303 5.57999992370606 5.13999986648559 4.92000007629395 4.59000015258789 4.57999992370605 4.55000019073486 4.44000005722046 4.40000009536743 4.38000011444092 4.21000003814697 3.9300000667572 3.59999990463257 3.38000011444092 3.21000003814697 2.89000010490418 2.69000005722046 2.66000008583069 2.60999989509582
-9999 -9999 -9999 -9999 -9999 1.37000000476837 1.44000006597907 1.49000000953674 1.45000004768372 1.58000004291534 2.13000006366141 2.1900000612669 2.28999996185303 2.45000004768372 2.75 2.97000002861023 3.10999989549643 3.24000000953674 3.42000007629395 3.63000011444092 3.71000003814697 3.75 3.84999990463257 3.83999991416931 3.85999989509582 3.90000009536743 3.92000007629395 4.90000009017777 5.28000020980835 5.03999996185303 4.84999990463257 4.61999988558749 4.6100001335144 4.59999990463257 4.59000015258789 4.51000022888184 4.51999998092594 4.53999996185303 4.32999992370605 4.03999996185303 3.78999996185303 3.58999991416931 3.51999998092651 3.25999999046326 3.07999992370606 3.05999994277954 3.01999998092651
-9999 -9999 -9999 -9999 -9999 1.52999997138977 1.53999996185303 1.66999995708466 1.55999994277954 1.69000005722046 1.9099999666214 2.1999999973752 2.27999997138977 2.42000007629395 2.5699999332428 2.80999994277954 2.98000001907349 3.09999990463257 3.1800000667572 3.40000009536743 3.47000002861023 3.50999999038483 3.5699999332428 3.46000003814697 3.4300000667572 3.35999989509583 3.34999990460619 3.39000010490417 3.67000007629395 4.46999978805054 4.46999979019165 4.44000005722046 4.40999984741211 4.53000020980835 4.55999994277954 4.53000020980835 4.55000019073486 4.57000017166138 4.38000011444092 4.15999984741211 3.95000004768372 3.76999998092651 3.72000002861023 3.57999992370605 3.48000001907349 3.45000004768372 3.45000004768372
-9999 -9999 -9999 -9999 -9999 1.61000001430512 1.6599999666214 1.75 1.70000004768372 1.70000004768372 1.83000004291534 1.96000003814697 2.2000000234042 2.41000008583069 2.5 2.58999991416931 2.85999989509583 2.89000010477549 2.97000002861023 3.04999995231628 3.11999988555908 3.11999988555908 3.09999990463257 3.05999994277954 2.97000002861023 2.76999998092651 2.60999989509582 2.5699999332428 3 3.42000007629395 3.74000000953674 4.1399998658888 4.15999984702789 4.32999992370605 4.44999980926514 4.46999979019165 4.51999998092651 4.51999998092651 4.42999982833862 4.28000020980835 4.1399998664856 4.01000022888184 3.95000004768372 3.92000007629395 3.86999988555908 3.86999988555908 3.82999992370605
-9999 -9999 -9999 -9999 -9999 1.35000002384186 1.79999995231628 1.77999997138977 1.75999998348271 1.75 1.77999997138977 1.87999999523163 2.14000010490418 2.30999993153001 2.42000007629395 2.47000002861023 2.6800000667572 2.66000008583069 2.76999998092651 2.71000003814697 2.69000005722046 2.80999994277954 2.7300000192175 2.63000011444092 2.4300000667572 2.22000002861023 2.11999988555908 2.15000009536743 2.39000010490417 2.84999990463257 3.20000004768372 3.29999995231628 3.33999991416931 3.60999989509583 4.21000003801957 4.32000017161693 4.44000005722046 4.46999979019165 4.44000005722046 4.3899998664856 4.28999996185303 4.19999980926514 4.1399998664856 4.09999990463257 4.09000015258789 4.1399998664856 4.1399998664856
-9999 -9999 -9999 -9999 1.21000003814697 1.24000000953674 1.60000002384186 1.83000004291534 1.77999997138977 1.75999999046326 1.75 1.75 1.92999994754791 2.17000007629395 2.32999989630424 2.41000008583069 2.47000002861023 2.50999999046326 2.5899999138801 2.47000002861023 2.50999999046326 2.5699999332428 2.27999997138977 2.15000009536743 1.92999994754791 1.73000001907349 1.6599999666214 1.75999999038752 1.88999998569489 2.27999997138977 2.60999989509582 2.82999992370605 3.02999997137043 3.16000008583069 3.42000007629395 3.74000000953674 4.01999998092651 4.13000011444092 4.38999986648227 4.38999986648532 4.38000011444097 4.30999994277991 4.25000000000028 4.219999790192 4.23000001907349 4.32999992370605 4.40999984741264
-9999 -9999 -9999 -9999 1.00999999046326 1.33000004291534 1.73000001907349 1.96000003814697 1.8400000333786 1.88000002447015 1.95000004768372 1.89999997615814 1.94000005722046 2.1800000667572 2.15000009536743 2.09999990831702 2.41000008583069 2.40000009536743 2.21000003814697 2.20000004768372 2.15000009536743 2.1800000667572 1.85000002384186 1.70000004768372 1.46000003814697 1.26999998092651 1.25 1.30999994277954 1.4099999666214 1.82000005245209 2.08999991416931 2.3199999332428 2.57999992368023 2.70000004768372 3.02999997138977 3.32999992370605 3.66000008583069 3.96000003814501 4.1100001335144 4.30999994277954 4.44000005722046 4.51999998092651 4.53000020980835 4.57999992370605 4.69000005722046 4.75 4.80999994277954
-9999 -9999 -9999 -9999 1.0900000333786 1.5 1.85000002384186 2.08999991416931 2.26999998092651 2.24000000953674 2.15000009536743 2.08999991416931 2.11999988555908 2.10999989509583 2.11999988555908 2.14000010490417 2.09999990463257 2.13000011444092 1.98000001907349 1.94000005722046 1.8300000216756 1.66999995708466 1.76999998092651 1.45000004768372 1.03999996185303 0.860000014305115 0.879999995231628 0.949999988079071 1 1.37000000476837 1.66999995708466 1.94000005722046 2.28999996185303 2.32999992370605 2.59999990463257 2.91000008583069 3.29999995231628 3.7000000476806 3.9300000667572 4.25 4.44999980926514 4.63000011444092 4.65999984741214 4.75 4.82999992370605 4.8899998664856 4.84000015258789
-9999 -9999 -9999 -9999 0.829998347429474 1.9099999666214 1.65999997024585 1.75 2.27999997138977 2.5 2.33999991416931 2.27999997138977 2.17000007629395 2.07999992370606 2.03999996185303 1.94000005722046 1.87999999523163 1.6599999666214 1.70000003549117 1.53999996185303 1.47000002861023 1.61000001430511 1.49000000953674 1.14999997615814 0.680000007152557 0.550000011920929 0.610000014305115 0.709999978542328 0.959999978440575 1.07000005245209 1.25 1.42999994754791 1.75999999046326 1.88999998569489 2.13000011444092 2.46000003814697 2.92000007629395 3.42000007629013 3.72000002861023 4.23000001907349 4.48999977111816 4.73000001907349 4.78999996185304 4.8899998664856 4.96000003814697 4.8899998664856 4.8899998664856
-9999 -9999 -9999 -9999 -0.159999996423721 1.83999985491041 1.5900000333786 1.91999995708466 2.33999991416931 2.54999995231628 2.49000000953674 2.34999990463257 2.24000000953674 2.0699999332428 1.96000003814697 1.85000002384186 1.78999996185303 1.62999999523163 1.41999995708466 1.57000005245209 0.9200000166893 1.05999993830803 0.949999988079071 0.500000000981962 0.5 0.270000010728836 0.449999988079071 0.670000016689301 0.870000004768372 0.949999988079071 0.959999978542328 0.939999997615814 1 1.28999996185303 1.67999994754791 2.00999999046326 2.52999997138977 3.11999988555908 3.46000003814697 4.11999988555908 4.55999994277954 4.76000022888184 4.78000020980835 4.88000011444092 4.90000009536743 4.86999988555908 4.82999992370605
-9999 -9999 -9999 -9999 0.270000010728836 -0.629999995231628 0.730000267184687 1.39000015230737 2.30999994277954 2.36999988555908 2.39000010490417 2.22000002861023 2.17000007629394 2.04999995231628 1.97000002861023 1.82000005245209 1.79999995231628 1.62999999523163 1.47000002861023 0.930000007152557 0.889999985694885 0.959999978542328 0.790000021258194 0.490000009536743 0.200000003576146 0.180000007152557 0.5 0.899999976158142 0.97000002861023 0.939999997615814 0.930000007152557 0.810000002384186 0.819999992847443 1.12999999520902 1.3400000333786 1.6599999666214 2.13000011444092 2.77999997138977 3.11999988555908 3.75 4.26000022888184 4.6399998664856 4.7600002288818 4.76999998092651 4.73999977111816 4.76999998092651 4.75
-9999 -9999 -9999 -9999 -0.280000001192093 -0.0500000007450581 -0.310000002384186 0.860000476258321 2.36999988555908 2.36999988555908 2.08999991416931 2.10999989509583 2.05999994576976 2.09999990463257 1.96000003814697 1.82000005245209 1.72000002806948 1.57000005245209 1.16999995708466 0.899999976158142 0.819999992847443 0.839999973441614 0.959999984240044 0.850000023841858 0.730000019073486 0.740000009536743 0.740000009536743 1.12999999523163 1.11000001430511 1.01999998092651 1.50999999046326 1.12000000476837 1.14999997615814 1.4099999666214 1.17999994754791 1.39999997615814 1.78999996185303 2.44000005722046 2.74000000953674 3.35999989509582 3.96000003814697 4.40999984741211 4.48999977111813 4.42000007629395 4.46999979019165 4.55000019073486 4.63999986648559
-9999 -9999 -9999 -9999 -0.32000045222556 -0.649999976158142 -0.479999989271164 1.63999998569489 1.67999994754791 3 2.19000005722046 2.32999992370605 2.17000007629394 2.08999991416931 1.79999995231628 1.80999994277954 1.62999999523163 1.50999998838481 0.7699999809006 0.8299999833107 1.12999999451884 1.07000005245209 1.12999999523163 1.14999997615814 1.12999999523163 1.24000000953674 1.45000004768372 1.58000004291534 1.37999999523163 1.58000004291534 1.6599999666214 1.49000000953674 1.55999994277954 1.52999997138977 1.25999999046326 1.14999997615814 1.69000005722046 2.24000000953674 2.45000004768372 2.90000009536743 3.29999995231628 3.8199999332428 4 3.90000009536743 4.1100001335144 4.32999992370605 4.5
-9999 -9999 -9999 -9999 -0.639999985694885 -0.899999976158142 -0.469999998807907 0.140000000596046 4.03999996185303 3.48000001907349 2.45000004768372 2.07999992370605 1.76999998092651 1.9099999666214 1.9099999666214 1.71000003814697 1.5900000333786 0.75 0.839999973773956 1.19000005722046 1.28999996185303 1.33000004291534 1.49000000953674 1.44000005895849 1.37000000476837 1.39999997615814 1.87999999523163 2 1.55999994277954 1.71000003814697 1.86000001430511 1.87000000476837 1.86000001430511 1.67999994754791 1.55999994277954 1.32000005245209 1.69000005722046 2.07999992370605 2.16000008583069 2.3199999332428 2.48000001907349 2.8199999332428 3.23000001907349 3.29999995231628 3.65000009536743 4.07999992370605 4.32999992370605
