SnowAccumulation_R/test/tmin/final_tmin_18_04_2009.asc
NCOLS 97 
NROWS 69 
XLLCORNER 52512.810182332 
YLLCORNER 5316225.2758522 
CELLSIZE 10000 
NODATA_value -9999 
[rows 20 to 39 of 69, columns 0 to 45 of 97]
-9999 -9999 -9999 -9999 -7.92999982833862 -6.84999990463257 -6.6100001335144 -2.85999989509583 -4.82999992370606 -4.55000019073486 -3.48000001907349 -2.91000008583069 -1.94000005722046 -0.620000004768372 -0.620000004768372 -0.189999997615814 0.140000000596046 0.209999993443489 0.740000009536743 1.19000005722046 1.98000001907349 4.84000015258789 2.95000004768372 2.89000010367785 2.97000002861023 3.3199999332428 3.25 3.20000004768372 3.05999994277954 2.96000003814697 2.88000011444092 2.65000009536743 1.82000005245209 1.42999994754791 1.3400000333786 1.42999994754791 1.83000004291534 2.09999990463257 2.11999988555908 1.91999995708466 1.24000000953674 0.629999995231628 0.519999980926514 0.629999995231629 0.610000014305115 0.779999971389771
-9999 -9999 -9999 -9999 -6.34000015258789 -6.34999990463257 -5.67999982833862 -4.53000020980835 -6.05000019073486 -5.23999977111816 -4.98999977111816 -3.24000000953674 -2.0699999332428 -1.69000005722046 -1.03999996185303 -0.0900000035762787 0.259999990463257 0.419999986886978 0.860000014305115 1.23000001907349 2.01999998092651 2.6800000667572 2.9300000667572 2.67000007629395 2.75999997231411 3.29999995231628 3.32999992370605 3.21000003814697 3.26999998092651 3.40000009536743 3.25999999046326 2.50999999046326 2.00999999046326 1.77999997138977 1.64999997615814 1.3400000333786 1.12999999523163 0.610000014305115 0.340000003576279 1.66999995708466 1.12000000476837 0.379999995231628 0.400000005960412 0.550000011920929 0.870000004768371 0.620000004768372
-9999 -9999 -9999 -9999 -5.3899998664856 -7.11000013351441 -5.6100001335144 -4.46999979019165 -5.76000022888184 -6.19999980926514 -4.46000003814697 -4.44000005722046 -2.64000010490417 -2.29999995231628 -1.78999978084791 0.0199999995529652 0.340000003576279 0.349999994039536 0.850000023841858 1.04999995231628 1.42999994754791 1.85000002384186 2.38000011444092 2.59999990463257 1.76000000050291 2.51999998092651 3.0699999332428 3.10999989509583 3.33999991416931 3.85999989509583 3.64000010490417 2.91000008583069 2.47000002861023 2.22000002861023 1.96000003814697 1.3400000333786 1.12000000476837 0.529999971389771 0.209999993443489 1.24000000953674 0.920000016689301 0.550000011920929 0.449999988079071 0.400000005960464 0.360000014305115 0.300000011920929
-9999 -9999 -9999 -6.76000022888184 -6.19999980926514 -4.42000007629395 -5.59000015258789 -6.03999996185303 -6.65999984741211 -6.17000007629395 -5.19000005722046 -5.61999988555908 -3.1800000667572 -1.75000012211832 -0.560000002384186 0.430000007152557 0.300000011920929 0.310000002384186 0.680000007152557 0.810000002384186 0.980000019073486 1.75999999046326 1.82000005245209 1.74000000953674 2.14000010490417 2.21000003814697 2.60999989167601 3.01999998092651 3.23000001907349 3.32999992370605 3.33999991416931 2.80999994277954 2.67000007629395 2.25 2.09999990463257 1.38999998569489 1.02999997138977 0.560000002384186 0.300000011920929 0.119999997317791 0.879999995231628 0.529999971389771 0.319999992847443 0.159999996423721 -0.0399999991059303 0.0500000007450581
-9999 -9999 -9999 -7.46000003814697 -6.92999982833862 -6.19000005722046 -7.5 -6.07999992370605 -6.92999982833862 -6.98999977111816 -5.76999998092651 -4.96999974830552 -3.88000011444092 -0.990000009536743 0.0900000035762787 0.379999995231628 0.180000007152557 0.430000007152557 0.319999992847443 0.400000005960465 0.620000004768372 1.41999995708466 1.12000000476837 1.53999996185303 1.88999998569489 2.2100000359514 2.25 2.5699999332428 2.72000002861023 2.89000010490417 2.90000009536743 2.98000001907349 3.83999991416931 2.49000000953674 2.04999995231628 1.12000000476837 0.939999997615814 0.769999980926514 0.28999999165535 -0.180000007152557 0.970000028610532 0.51999998092649 0.10000000148972 -0.109999999404373 -0.360000014305115 -0.349999994039536
-9999 -9999 -9999 -7.63000011444092 -6.7799998203173 -6.13999986648559 -6.55999994277954 -6.51999998092651 -8.21000003814697 -6.05999994277954 -6.48999977111816 -1.45000004768372 -1.25999999046326 -1.01999998092651 -0.610000014305115 -0.589999973773956 0.00999999977648258 0.0500000007450581 -0.319999992847443 -0.360000014305115 0.340000003576279 0.769999980926514 0.949999988079071 1.03999996185303 1.16999995708466 1.58000004291534 1.75 2.32999992039986 2.39000010490417 2.44000005722046 2.36999988555908 2.73000001907349 2.64000010490417 2.17000007629395 1.75999999046326 1.22000002861023 0.779999971389771 0.620000004768372 0.00999999977648258 -0.170000001788139 -0.300000011920929 0.490000009536743 -0.25 -0.5 -0.610000014305115 -0.610000014305115
-9999 -9999 -9999 -7.58999624573314 -7.90999984741211 -4.32999992370605 -6.98999977111816 -7.30999994277954 -6.78999996185303 -7.40999984741211 -6.61999988555908 -5.71000003814697 -0.829999983310699 -0.639999985694885 -0.439999997615814 -0.439999997615814 -0.610000014305115 0.00999999977648258 -0.490000009536743 -0.850000023841858 -0.0900000035762787 0.610000014305115 0.839999973773956 1.04999995231628 0.610000014305115 0.699999988079071 1.7499999907512 1.83000004088932 1.88999998569489 1.97000002861023 2.05999994277954 2.26999998092651 2.00999999046326 1.79999995231628 1.28999996185303 1.12000000476837 0.97000002861023 0.680000007152557 0.0799999982118607 -0.180000007152557 -0.310000002384186 0.479999989271164 -0.370000004768372 -0.779999971389771 -0.550000011920929 -0.310000002384186
-9999 -9999 -9999 -4.5 -5.05999994277954 -4.46000089730616 -8.18000030517578 -5.65000009536743 -6.71000003814697 -6.28000020980835 -5.69999980926514 -5.80999994277954 -5.46000003814697 -0.569999992847443 -0.540000021457672 -0.560000002384186 -0.219999998807907 -0.28999999165535 -0.469999998807907 -0.680000007152557 -0.469999998807907 -0.140000000596046 0.119999997317791 0.479999989271164 0.409999996423721 0.330000013113022 0.180000007152557 0.819999992847443 1.67999994576296 1.76999998043291 1.80999994277954 1.96000003814697 1.60000002384186 1.46000003814697 1.16999995708466 1.01999998092651 0.990000009536743 0.829999983310699 0.259999990463257 -0.0900000035762787 -0.280000001192093 -0.340000003576279 -0.109999999403954 -0.340000003576279 -0.349999994039536 -0.0900000035762787
-9999 -9999 -9999 -2.47000002861023 -6.09000015258789 -6.61999988555908 -6.21999979019165 -6.96999979019165 -5.92999982833862 -6.44999980926514 -5.76000022888184 -5.92999982833862 -5.17000007629395 -5.03000020980835 -0.509999990463257 -0.819999992847443 -0.330000013113022 -0.349999994039536 -0.310000002384186 -0.28999999165535 -0.280000001192093 -0.140000000596046 0.119999997317791 0.519999980926514 0.529999971389771 0.239999994635582 0.310000002384186 0.779999971389771 1.35000002281582 1.61000001430511 1.57000005245209 1.51999998092651 1.24000000953674 0.990000009536743 1.23000001907349 1.0900000333786 1.07000005245209 0.46000000834465 0.28999999165535 -0.0700000002980232 -0.270000010728836 -0.439999997615814 -0.519999980926514 0.119999997317791 0.0599999986588955 0.28999999165535
-9999 -9999 -9999 -2.5699999332428 -5.32999992370605 -4.34000015258789 -4.92999975305556 -5.21000003814697 -3.44000005722046 -5.80999994277954 -7.03000020980835 -6.28999996185303 -6.46999979019165 -5.63000011444092 -0.800000011920929 -0.850000023841858 -0.899999976158142 -0.490000009536743 -0.449999988079071 -0.129999995231628 0.0299999993294477 0.0700000002980232 0.239999994635582 0.620000004768372 0.620000004768372 0.569999992847443 0.540000021457672 0.75 0.930000007152557 1.00999999046326 1.4900000087732 1.47000002842769 1.41999995708466 1.37000000476837 1.44000005722046 1.28999996185303 0.689999997615814 0.620000004768372 0.379999995231628 -0.0199999995529652 -0.280000001192093 -0.439999997615814 -0.439999997615814 -0.699999988079071 0.370000004768372 0.680000007152557
-9999 -9999 -9999 -0.590001302539593 -3.13000011444092 -3.65000009536743 -4.76000039544918 -6.23000001907349 -5.86999988555908 -4.28999996185303 -6.73999975667153 -5.65000009536743 -4.36999988555908 -6.21000003814697 -0.800000011920929 -0.850000023841858 -0.980000019073486 -1.03999996185303 -0.430000007152557 -0.379999995231628 0.109999999403954 0.469999998807907 0.5 0.439999997615814 0.800000011920929 0.75 0.879999995231628 0.800000011920929 0.629999995231628 1.00999999053602 1.11000001450349 1.33000004291534 1.28999996185303 1.26999998092651 1.51999998092651 0.939999997615814 0.709999978542328 0.629999995231628 0.360000014305115 0.259999990463257 -0.189999997615814 -0.310000002384186 -0.46000000834465 -0.46000000834465 -0.430000007152557 -0.100000001490116
-9999 -9999 -9999 -0.990000009536743 -3.98000001907349 -2.11999988555908 -5.57000017166138 -5.18000068554498 -6.61999988555908 -3.40000009536743 -4.11999988555908 -5.32000017166138 -5.32000017166138 -4.8600001335144 -1.08000004291534 -0.870000004768371 -0.920000016689301 -1.04999995231628 -1.05999994277954 -0.319999992847443 0.449999988079071 0.620000004768372 0.699999988079071 0.589999973773956 0.939999997615814 0.889999985694885 1.00999999046326 0.930000007152557 0.879999995231628 1.1599999666214 1.54999995231628 1.53999996185303 1.33000004297905 1.35000002388023 1.38999998569489 1.10000002384186 0.709999978542328 0.610000014305115 0.5 0.270000010728836 0 -0.109999999403954 -0.170000001788139 -0.129999995231628 -0.159999996423721 0.170000001788139
-9999 -9999 -9999 -3.76999998092651 -1.4899998978713 -3.75999999046326 -2.51999998092651 -5.69000005722046 -4.83000017518998 -5.51000022888184 -4.28999996185303 -3.1800000667572 -3.4300000667572 -2.25 -1.02999997138977 -0.910000026226044 -0.889999985694885 -0.670000016689301 -1.03999996185303 -0.219999998807907 0.319999992847443 0.670000016689301 0.949999988079071 1.16999995708466 1.30999994277954 1.05999994277954 1.16999995708466 0.959999978542328 1.02999997138977 1.33000004291534 2.36999988555908 1.53999996206637 1.40999996666063 1.42999994754791 1.48000001907349 1.17999994754791 0.920000016689301 0.670000016689301 0.28999999165535 -0.0299999993294477 -0.200000002980232 -0.119999997317791 -0.119999997317791 -0.0599999986588955 0.159999996423721 0.5
-9999 -9999 -9999 -3.24000000953674 -1.5 -0.360000014305115 -3.11999988555908 -1.97000002861023 -4.48999977111816 -5.21999895104922 -5.63999986648559 -3.75999999046326 -4.07000017166138 -3.78999996185303 -0.949999988079071 -0.670000016689301 -0.259999990463257 -0.699999988079071 -0.449999988079071 0.400000005960465 0.629999995231628 0.699999988079071 1.32000005245209 1.83000004291534 1.50999999046326 1.21000003814697 1.3400000333786 0.800000011920929 0.870000004768372 0.990000009536743 1.29999995231628 1.5 1.44000005722046 1.39999997615814 1.32000005245209 1.10000002383746 0.899999976155907 0.579999983310699 0.330000013113022 0.0700000002980232 -0.0399999991059303 -0.129999995231628 0.150000005960465 0.200000002980232 0.270000010728836 0.569999992847443
-9999 -9999 -9999 -5.1100001335144 -3.10999989509583 -1.08000004291534 -0.439999997615814 -4.44999980926514 -2.21000003814697 -4.40999984741211 -5.09999940383499 -5.53999996185303 -5.11999988555908 -4.38000011444092 -1.44000005722046 -1.0900000333786 -0.230000004172325 -0.790000021457672 -0.660000026226044 0.0199999995529652 0.75 0.790000021457672 1.55999994277954 1.61000001430511 1.36000001430511 1.19000005722046 0.779999971389771 0.600000023841858 0.319999992847443 0.540000021457672 0.740000009536743 1.14999997615814 1.23000001907349 1.28999996185303 1.1599999666214 1.00999999046326 0.709999978542328 0.509999990463257 0.379999995231628 -0.550000011916528 -0.200000002979394 0.170000001788838 0.400000005961 0.310000002384512 0.629999995231489 0.68000000715286
-9999 -9999 -5.44000005722046 -4.6399998664856 -7.03000020980835 -1.78999996185303 -0.439999997615814 -1.60000002384186 -3.41000008583069 -0.560000002384186 -4.71000003814697 -5.69999963535972 -5.96000003814697 -4.84000015258789 -2.27999997138977 -3.82999992370605 -1.62999999523163 -1.20000004768372 -1.11000001430511 -0.879999995231628 0.75 0.740000009536743 1.05999994277954 1.13999998569489 0.870000004768372 0.639999985694885 0.5799999833107 0.479999989271164 0.360000014305115 0.389999985694885 0.519999980926514 0.649999976158142 0.959999978542328 1.11000001430511 1.0900000333786 0.97000002861023 0.879999995231628 0.490000009536743 0.379999995232327 0.0799999982132111 0.159999996424327 0.469999998807907 0.629999995231628 0.449999988079071 0.569999992847443 0.810000002384186
-9999 -9999 -6.65000009536743 -7.05999994277954 -5.01999998092651 -6.01999998092651 -3.35999989509582 -0.5 -2.44000005722046 -3.91999986211577 -4.46000003814697 -4.1399998664856 -5.40999984741211 -5.03999996185303 -2.5699999332428 -3.02999997138977 -2.23000001907349 -1.60000002384186 -1.27999997138977 -0.910000026226044 0.490000009536743 0.689999997615814 0.689999997615814 0.689999997615814 0.509999990965443 0.379999995494676 -0.100000001490116 0.129999995231628 -0.0599999986588955 0.239999994635582 0.430000007152557 0.560000002384186 0.910000026226044 1.17999994754791 1.4099999666214 0.699999988079071 0.389999985694885 0.209999993443489 0.400000005960464 0.490000009536743 0.579999983310699 0.670000016689301 0.860000014305115 1.24000000953674 1.48000001907349 1.32000005245209
-9999 -9999 -5.48000001907349 -4.40999984741211 -4.98999977111816 -5.69999980926514 -5.20999979157558 -0.779999971389771 -0.239999994635582 -3.63000011444092 -1.62000000476837 -2.74000000953674 -4.63000011444092 -4.71999979019165 -2.34999990463257 -2.52999997138977 -2.33999991416931 -2.01999998092651 -1.33000004291534 -1.04999995231628 -0.449999988079071 0.379999995231628 0.219999998807907 0.189999997615814 0.189999997615814 0.129999995231628 -0.589999973773956 -0.769999980926514 -0.600000023841858 -0.100000001490116 0.340000003576279 0.379999995231628 0.310000002384186 0.790000021457672 1 0.560000002384186 0.230000004172325 0.0299999993294477 0.419999986886978 0.560000002384186 0.660000026226044 0.75 0.920000016689301 1.30999994277954 2.09999990463257 1.69000005722046
-9999 -9999 -4.98000001907349 -3.71000003814697 -4.11999988555908 -6.59000015258789 -4.6399998664856 -2.77999997138977 0.0399999991059303 -3.25 -3.28999996185303 -3.66000008583069 -3.04999995231628 -5.36999987878552 -5.32000017166138 -2.70000004768372 -2.47000002861023 -1.79999995231628 -1.63999998569489 -1.52999997138977 -0.370000004768372 0.0799999982118607 -0.230000004172325 -0.150000005960464 -0.0299999993294477 -0.28999999165535 -1.10000002384186 -1.6599999666214 -1.17999994754791 -0.579999983310699 -0.180000007152557 0.0299999993294477 0.270000010728836 0.860000014305115 0.879999995231629 0.75 0.340000003576279 0.509999990463257 0.560000002384186 0.629999995231628 0.819999992847443 0.769999980926514 0.899999976158142 1.1599999666214 1.45000004768372 1.5900000333786
-9999 -9999 -1.6599991778635 -3.35999989509583 -5.84000015258789 -4.6100001335144 -4.19000005722046 -3.24000000953674 -0.159999996423721 -1.55999994277954 -3.69999999196728 -0.740000009536743 -2.20000004768372 -3.46000003814697 -3.63000011444092 -1.9099999666214 -1.87999999523163 -1.51999998092651 -1.37000000476837 -1.04999995231628 -0.430000007152557 -0.430000007152557 -0.0599999986588955 -0.109999999403954 -0.389999985694885 -0.730000019073486 -0.97000002861023 -1.26999998092651 -1.0900000333786 -0.629999995231629 -0.870000004768372 -0.0700000002980232 0.46000000834465 0.949999988079071 0.970000028610229 0.910000026226044 0.829999983310699 0.790000021457672 0.75 0.810000002384186 0.860000014305115 0.949999988079071 0.930000007152557 1.08000004291534 1.38999998569489 1.63999998569489
