SnowAccumulation_R/test/tmin/final_tmin_04_04_2009.asc
NCOLS 97 
NROWS 69 
XLLCORNER 52512.810182332 
YLLCORNER 5316225.2758522 
CELLSIZE 10000 
NODATA_value -9999 
[rows 0 to 19 of 69, columns 45 to 89 of 97]
-9999 -9999 -9999 -9999 -9999 -9999 -9999 -9999 -9999 -9999 -9999 -9999 -9999 -9999 -9999 -9999 -9999 -9999 -9999 -9999 -9999 -9999 -9999 -9999 -9999 -9999 -9999 -9999 -9999 -9999 -9999 -9999 -9999 -9999 -9999 -9999 -9999 -9999 -9999 -9999 -10.0900001525879 -9.89999961853027 -9.71000003814697 -9.47000026702881 -9.39000034332275
-9999 -9999 -9999 -9999 -9999 -9999 -9999 -9999 -9999 -9999 -9999 -9999 -9999 -9999 -9999 -9999 -9999 -9999 -9999 -9999 -9999 -9999 -9999 -9999 -9999 -9999 -9.44999980926514 -9.73999977111816 -10.1599998474121 -10.3699998855591 -10.1899995803833 -10.0600004196167 -10.1000003814697 -10.1899995803833 -10.1400003433228 -10.1700000762939 -10.1999998092651 -10.3800000604078 -10.4399995803833 -10.1499997609396 -9.94999980926514 -9.80000019073486 -9.56999969482422 -9.52000045776367 -9.28999996185303
-11.8900003433228 -11.8500003814697 -11.7200002670288 -11.5 -11.1300001144409 -11.0200004577637 -10.8999996185303 -10.789999961853 -10.8199996948242 -10.8999996185303 -10.8999996185303 -11.0699996948242 -11.25 -11.5100002288818 -11.6499996186024 -11.8699998855591 -11.7799997329712 -11.4200000762939 -10.9700002670288 -10.5299997329712 -10.3400001523301 -10.0500001907349 -9.73999977111816 -9.52000045776367 -9.36999986722676 -9.10000038150737 -9.15999984741211 -9.42000007629395 -9.96000003814697 -10.4399995803833 -10.3999996185303 -10.1599998474121 -10.1400003433228 -10.1800003051758 -10.1300001144409 -10.1400003433228 -10.090000169334 -10.0799999237061 -10.220000060912 -9.9399995803833 -9.77000045776367 -9.71000003814697 -9.60000038146973 -9.39999961853027 -9.27000045776367
-11.9499998092651 -11.75 -11.6599998474122 -11.5500001907349 -11.1999998092651 -11.1199998855591 -10.9700002670288 -10.8500003814697 -10.819999694823 -10.8400001525879 -11.0200004577637 -10.9899997711182 -11.1199998855591 -11.3000001907349 -11.4200000762939 -11.5699996948242 -11.5100002288818 -11.0200004577637 -10.5500001907349 -10.1099996566772 -9.94999980926514 -9.64999961853027 -9.44999980926514 -9.18000028750532 -8.85000038146973 -8.84000015258789 -8.94999980926514 -9.13000011444092 -9.67000007629395 -10.2700004577637 -10.25000000623 -10.0799999237061 -9.98999977111816 -10.1700000762939 -10.1499996185303 -10.1599998474121 -10.1199998855591 -10.0500002196576 -10 -9.85000038146973 -9.6899995803833 -9.60999965667725 -9.47999954223633 -9.28999996185303 -9.27999973297119
-12.1400003433228 -11.9700002670288 -11.5900001525879 -11.4499998092651 -11.289999961853 -11.0600004196167 -10.9799995422363 -10.8800001144409 -10.8100004196136 -10.6999998092651 -10.8699998855591 -10.960000038147 -11.0100002288818 -11.0500001907349 -11.1199998855591 -11.1099996566772 -10.9499998092651 -10.5699996948242 -10.1199998855591 -9.88000011409247 -9.4399995803833 -9.17000007629395 -8.52999973297119 -8.51000022888184 -8.4099998474273 -8.51000022888184 -8.71000003814697 -8.96000003814697 -9.35000038146973 -9.96000003814697 -10.1800003051758 -10.0699996948242 -10.0500001907349 -10.1700000762939 -10.1400003433228 -10.1899995803833 -10.3199996624812 -10.1899995803833 -9.97999954223633 -9.80000019073486 -9.63000018533452 -9.5 -9.35999965667725 -9.27999973297119 -9.06999969482422
-12.0500001907349 -11.9200000762939 -11.6099996566772 -11.3599996566772 -11.0500001907349 -10.8299999237061 -10.7200002670288 -10.6499996185303 -10.6999998092651 -10.6000003814697 -10.6300001144409 -10.6599998474121 -10.6499996185303 -10.6800003051683 -10.6700000762939 -10.6000003814697 -10.3999996185303 -10.2700004577637 -9.76000022888184 -9.43000030517578 -8.90999983335146 -8.07999992370605 -7.96000003814697 -8.07999992370606 -8.09000015258789 -8.18000030517578 -8.52000045776367 -8.86999988555908 -9.14999961853027 -9.35999965667725 -9.82999992370605 -10.0200004577637 -10.0500001907349 -10.1499996185303 -10.1800003155544 -10.1599998474121 -10.1499996185303 -10.0900001525879 -9.93000030517578 -9.71000013293819 -9.60000038146973 -9.34000015258789 -9.22000026702881 -9.14000034332275 -8.97000056609757
-11.8199996948242 -11.8199996948242 -11.6999998092651 -11.25 -10.960000038147 -10.6300001144409 -10.3699998855591 -10.25 -10.2399997711182 -10.3299999237061 -10.2399997711182 -10.289999961853 -10.3199996948242 -10.2899999618192 -10.2600002288818 -10.0900001525879 -10.0299997329712 -9.88000011444092 -9.63000010738821 -8.89000034332275 -8.01000022888184 -7.51000022888184 -7.30000019073486 -7.6399998664856 -7.8899998664856 -7.92999982833862 -8.34000015258789 -8.77000045776367 -9.14000034332275 -9.27000045776367 -9.60999965667725 -9.89000034332275 -10.0600004196167 -10.2200002670288 -10.25 -10.1800003051758 -10.1099996566772 -9.93000030517578 -9.77999973297119 -9.60999965667725 -9.40999984741211 -9.17000007629395 -9.02999973297119 -8.97000026702881 -8.96000003814697
-11.6099996566772 -11.6599998474121 -11.5200004577635 -11.1499996185303 -10.8699998855591 -10.4200000762939 -10.1800003051758 -10.0500001907349 -10.0100002288818 -9.88000011444092 -9.82999992370605 -9.85999965667725 -9.86999988555908 -9.82999992370605 -9.86999988555908 -9.69999980926514 -9.61999988244835 -8.90999984741211 -8.77000045776367 -8.46000003814697 -7.90999984741211 -6.98999977111816 -6.69000005722046 -6.88999986680227 -7.61999988555908 -7.76000022888184 -8.19999980926514 -8.71000003814697 -8.9399995803833 -9.34000015258789 -9.56999969482422 -9.93000030517578 -10.0600004196167 -10.1199998855591 -10.2600002288818 -10.25 -10.1000003814697 -9.82999992370605 -9.69999980926514 -9.39999961853027 -9.1899995803833 -9.02000045776367 -8.84000015258789 -8.81999969482422 -8.72999954223633
-11.5799999237061 -11.5200004577637 -11.3400001525879 -11.0299997329712 -10.5600004196167 -10.1400003433228 -9.8100004196167 -9.80000019073486 -9.82999992370605 -9.47999954223633 -9.47999954223633 -9.42000007629395 -9.39999961853027 -9.35000038146972 -9.34000015134297 -8.84000015258789 -8.80000019073486 -8.65999984741211 -8.52000045776367 -8.21000003814697 -7.6399998664856 -6.84999990463257 -6.09999990463257 -6.46999979019165 -7.34999990463257 -7.76000022888184 -8.21000003814697 -8.68000030279305 -8.9399995803833 -9.39000034332275 -9.6899995803833 -9.90999984741211 -10.0100002255701 -10.1199998855591 -10.3199996948242 -10.289999961853 -10 -9.67000014353096 -9.51000022888183 -9.19999980926514 -9 -8.75 -8.64000034332275 -8.44999980926514 -8.44999939882235
-11.6300001144409 -11.4099998474121 -11.2299995422363 -10.8100004196167 -10.3500003814697 -9.72000026702881 -9.42000007629395 -9.36999988555867 -9.30000019073486 -9.02999973297119 -8.82999992370606 -8.82999992370605 -8.89999961764472 -8.35000038146973 -8.40999984741211 -8.40999984741211 -8.55000019073487 -8.56000041950876 -8.34000015258789 -7.92000007629395 -7.69999980926514 -7.42999982833862 -6.98999977063002 -6.69999980926514 -7.40000009536743 -7.8600001335144 -8.38000011444092 -8.5600004196167 -8.94999980926514 -9.35999965667724 -9.69999980926513 -9.94999980926514 -10.0299997329712 -10.1400003433228 -10.2700004577637 -10.2399997711182 -9.86999988555908 -9.69999980926513 -9.36999988555908 -8.90999984741211 -8.69999980926514 -8.4099999366399 -8.32999992370605 -8.28999945521479 -8.02999973297119
-11.3800001144409 -11.1400003433228 -11.0200004577637 -10.5200004577637 -10.0200004577637 -9.35000038146972 -9.01000022888184 -8.90999984741028 -8.760000228805 -8.48999977097083 -7.65000009536743 -7.69999980926514 -7.76999998093177 -7.90000009536743 -8.02000045776367 -8.07999992370606 -8.01000022888184 -8.17000007629395 -8.19999980926514 -7.88000011444092 -7.8600001335144 -7.84000015258789 -7.69999980926514 -7.75 -7.75 -8.03999996185303 -8.55000018989632 -8.75 -9.10999965667725 -9.46000003814697 -9.77000045776367 -10.0600004152983 -10.1099996566772 -10.1099996566772 -10.1599998474121 -9.97000026702881 -9.81999969482422 -9.5600004196167 -9.06999969482422 -8.72000026702881 -8.34000015258789 -8.25 -8.10000038146973 -7.73000001907349 -7.76999998092651
-10.8800001144409 -10.6899995803822 -10.5900001525864 -10.2700004577619 -9.81000041961526 -9.17000007629134 -8.60999965667725 -8.46000003814697 -7.96000003814697 -7.55999994277954 -7.1100001335144 -7.34999990463257 -7.46000003814697 -7.57999992370606 -7.78999996185303 -7.86999988555908 -7.80999994277954 -7.82000017166138 -8.02000045776367 -7.8600001335144 -7.90000009536743 -7.98999977111816 -8.07999992370605 -8.36999988555908 -8.34000015258789 -8.51000022888183 -8.53999996185303 -8.93000030517578 -9.35999965667724 -9.60999965667725 -9.98999977111816 -10.0699996948242 -10.1700000762939 -10.1000003814697 -9.97999954223633 -9.76000024061044 -9.55000019073486 -9.34000015258789 -8.89000034332275 -8.5 -8.32999992370605 -7.94999980926514 -7.44000005722046 -7.46000003814697 -7.57999981259157
-9.90999984741211 -9.76000022888184 -9.60000038146973 -9.56999969482422 -9.27999973297119 -8.98999977111816 -8.47000026702881 -8.31999969482422 -7.75 -7.32999992370605 -7.15000009536743 -7.23000001907349 -7.32999992370605 -7.53000020980835 -7.61999988555908 -7.73000001907349 -7.73999977116623 -7.78000020980835 -7.86999988555908 -7.84999990463257 -7.82999992370605 -7.84999990498442 -8.14000034332275 -8.46000003814697 -8.78999996185303 -9.02999973297119 -8.88000011444092 -9.15999984741211 -9.60000041636374 -10.039999961853 -10.0600004196167 -10.1700000762939 -10.1499996185303 -10.0299997329712 -9.71000003814697 -9.69999980926514 -9.47999954223633 -9.1899995803833 -8.77000045776367 -8.29000038025193 -8.06999969482422 -7.64999965007439 -7.11000013351441 -7.23999977111816 -7.32999992370605
-9.36999988555908 -9.52000045776367 -9.60999965667725 -9.39000034332275 -9.19999980926514 -8.85999965667725 -8.38000011444092 -8.11999988555908 -7.96000003814697 -7.63000011444092 -7.15999984741211 -7.23999977111816 -7.30000019073486 -7.46000003814697 -7.57999992370605 -7.65999984741211 -7.69000005730755 -7.82000017166138 -7.86000013351441 -7.82999992370605 -7.8600001335144 -7.90000009536743 -8.19999980926514 -8.53999996185303 -8.86999988555908 -8.9399995803833 -9.05000019073487 -9.32999994493125 -9.97999954223633 -10.210000038147 -10.3299999237061 -10.2399997711182 -10.0699996948242 -9.84000015258789 -9.72000026702881 -9.60999965667725 -9.43000030517578 -9.1899995803833 -8.52000045776367 -8.23999977111816 -7.83999994950577 -7.19000005722046 -6.92000007629394 -6.94999980926514 -7.25
-8.81999969482422 -9.06999969482422 -9.25 -9.55000019073486 -9.10000038146973 -8.60000038146972 -8.21000003814697 -8.14000034332275 -7.98000001907349 -7.82000017166138 -7.44000005722046 -7.53999996185656 -7.48999977111817 -7.40999984741211 -7.51999998092651 -7.69999980926514 -7.82999992370605 -7.86999988555908 -8.0600004196167 -8.07999992370605 -8.02000045774239 -8.11999988555908 -8.39000034332276 -8.68000030517578 -8.93000030517578 -8.97999954223633 -9.090000155741 -9.57999992370605 -9.97000026702881 -10.2399997711182 -10.4399995803833 -10.1700000762939 -9.88000011444092 -9.8100004196167 -9.73999977111816 -9.42000007629395 -9.26000022888184 -8.85999965667725 -8.6899995803833 -8.0600004196167 -7.80999994277954 -7.26000022888184 -7.05000026802102 -7.03999996185303 -7.25
-8.17000007629395 -8.73999977111816 -8.96000003814697 -9.40999984741211 -9.06999969482422 -8.61999988555908 -8.26000022888184 -8.14999961853027 -7.84000015258789 -7.82999992370605 -7.75 -7.67000007629395 -7.55999994277954 -7.57999992370605 -7.76000022888184 -7.92999982833862 -7.88000011444092 -7.90000009536743 -8.26000022888184 -8.19999980926513 -8.19999980926514 -8.23999977111817 -8.39000034332275 -8.67000007629394 -8.89999961853027 -8.86999988555908 -9.40999984741211 -9.52000045776367 -9.96000003814697 -10.1899995803833 -10.2200002670288 -9.97000026702881 -9.72000026702881 -9.64000034332276 -9.47000026702881 -9.31999969482422 -9.02000045776367 -8.85999967515773 -8.5600004196167 -8 -7.69000005722046 -7.34000015258789 -7.23000001907349 -7.09000015258789 -7.23000001907349
-7.69000005722046 -8.32999992370605 -8.64000034332275 -8.81999969482422 -8.6899995803833 -8.47000026702881 -8.3000001907334 -8.0600004196167 -7.78000020980835 -7.82000017166138 -7.8600001335144 -7.84000015258789 -7.78999996185303 -7.78000020980835 -7.8899998664856 -7.98000001916268 -8.07999992370605 -8.0600004196167 -8.07999992370605 -8.30000019073486 -8.3100004196167 -8.27000045776367 -8.40999984741211 -8.64999961953459 -8.77000045776367 -8.9399995803833 -9.25 -9.36999988555908 -9.82999992217833 -9.9399995803833 -9.96000003814697 -9.73999977111816 -9.47999954223633 -9.40999984741211 -9.23999977111816 -9.09000015258789 -8.84000015258789 -8.77000045776367 -8.22000026702881 -7.82000017166138 -7.5 -7.38999986648559 -7.23999977111816 -7.09000015258789 -7.17000007629395
-7.51000022888184 -7.96000003814697 -8.22000026702881 -8.35000038146973 -8.3100004196167 -8.22999954223633 -8.13000011443996 -8.09000015258789 -7.88000011444092 -7.73999977111816 -7.73999977111816 -7.84000015258789 -7.94999980926514 -7.96000003814697 -8.02000045776367 -8.10000038146973 -8.28999996185303 -8.34000015258789 -8.39999961853027 -8.22000026687509 -8.23999977111816 -8.4399995803833 -8.43999958570169 -8.61999988555908 -8.72000026702881 -8.97999954223633 -9.22000026702881 -9.32999992370605 -9.51000022888184 -9.6899995803833 -9.68000030517578 -9.4399995803833 -9.34000015258789 -9.19999980926514 -9.11999988555908 -8.96000003814697 -8.64000047924699 -8.51000010765321 -8.15999984741211 -7.65000009536743 -7.40000017171581 -7.30000019073486 -7.19999980926514 -7.01000022888184 -7.03999986566041
-7.15999984741211 -7.55000019073486 -7.71000003814697 -7.98000001907349 -8.05000019073486 -8.19999980926513 -8.15999984741138 -8.02999973297119 -7.98000001907349 -7.90999984741211 -7.65999984741211 -7.78999996185303 -7.98000001907349 -8.14000034332275 -8.14000034332275 -8.22000026702881 -8.4399995803833 -8.60999965667725 -8.75 -8.73999977111817 -8.25000001395643 -8.47999954223633 -8.44999980926514 -8.52999973322742 -8.65999984741211 -8.8100004196167 -9.06999969482422 -9.27000045695412 -9.35000038146973 -9.44999980926514 -9.39000034332275 -9.15999984741211 -9.10999965667725 -9.13000011444092 -8.9399995803833 -8.72000026702881 -8.60000029329932 -8.23999977111816 -7.94999980926514 -7.55000019073486 -7.5 -7.3600001335144 -7.13000011444092 -6.8899998664856 -6.88999986648559
-6.76000022888184 -7.19000005722046 -7.32999992370605 -7.53999996185303 -7.84000015258789 -7.94000005722046 -8.02000045776367 -7.94000005722046 -8.09000015258789 -7.98000001907349 -7.88999986647649 -7.90999984741211 -7.94000005722046 -8.06999969482422 -8.18000030517578 -8.26000022888184 -8.57999992370605 -8.65999984741211 -8.89000034214859 -8.84000015258789 -9 -8.94999980926514 -8.64000034332275 -8.52000045776367 -8.55000019073486 -8.64000034332275 -8.82999992370606 -8.98999977111816 -9.18000030517578 -9.1899995803833 -9.03999996185303 -8.9399995803833 -8.9399995803833 -8.89000034332275 -8.64000034332275 -8.61999982888028 -8.26000022888184 -8.02999973297119 -7.78999996185303 -7.63000011444092 -7.57000017166138 -7.32999992370605 -7.01000022888184 -6.84999990463257 -6.69000005722046
