SnowAccumulation_R/test/tmin/final_tmin_10_04_2009.asc
NCOLS 97 
NROWS 69 
XLLCORNER 52512.810182332 
YLLCORNER 5316225.2758522 
CELLSIZE 10000 
NODATA_value -9999 
[rows 0 to 19 of 69, columns 45 to 89 of 97]
-9999 -9999 -9999 -9999 -9999 -9999 -9999 -9999 -9999 -9999 -9999 -9999 -9999 -9999 -9999 -9999 -9999 -9999 -9999 -9999 -9999 -9999 -9999 -9999 -9999 -9999 -9999 -9999 -9999 -9999 -9999 -9999 -9999 -9999 -9999 -9999 -9999 -9999 -9999 -9999 -3.00999999046326 -3.10999989509583 -3.20000004768372 -3.25 -3.29999995231628
-9999 -9999 -9999 -9999 -9999 -9999 -9999 -9999 -9999 -9999 -9999 -9999 -9999 -9999 -9999 -9999 -9999 -9999 -9999 -9999 -9999 -9999 -9999 -9999 -9999 -9999 -0.479999989271164 -0.790000021457672 -1.22000002861023 -1.47000002861023 -1.39999997615814 -1.39999997615814 -1.5 -1.71000003814697 -1.8400000333786 -2.03999996185303 -2.27999997138977 -2.65000000080943 -2.80999994277954 -2.90000014783381 -2.99000000953674 -3.10999989509583 -3.17000007629395 -3.24000000953674 -3.27999997138977
0.569999992847443 0.579999983310699 0.560000002384186 0.579999983310699 0.610000014305115 0.46000000834465 0.389999985694885 0.389999985694885 0.330000013113022 0.259999990463257 0.280000001192093 0.200000002980232 0.129999995231628 -0.00999999977648258 -0.119999997384759 -0.360000014305115 -0.389999985694885 -0.300000011920929 -0.259999990463257 -0.219999998807907 -0.230000004204549 -0.28999999165535 -0.259999990463257 -0.25 -0.270000016839615 -0.379999995193983 -0.46000000834465 -0.720000028610229 -1.22000002861023 -1.67999994754791 -1.71000003814697 -1.53999996185303 -1.62999999523163 -1.78999996185303 -1.89999997615814 -2.09999990463257 -2.26999995748202 -2.38000011444092 -2.70999996944156 -2.8199999332428 -2.9300000667572 -3.11999988555908 -3.15000009536743 -3.23000001907349 -3.34999990463257
0.610000014305115 0.680000007152557 0.579999983310728 0.529999971389771 0.540000021457672 0.349999994039535 0.28999999165535 0.259999990463257 0.25 0.180000007152557 0 0.0599999986588955 -0.0199999995529652 -0.170000001788139 -0.319999992847443 -0.589999973773956 -0.730000019073486 -0.419999986886978 -0.310000002384186 -0.259999990463257 -0.280000001192093 -0.319999992847443 -0.370000004768372 -0.289999998134515 -0.419999986886978 -0.419999986886978 -0.509999990463257 -0.660000026226044 -1.12999999523163 -1.6599999666214 -1.67999995234024 -1.57000005245209 -1.58000004291534 -1.85000002384186 -1.99000000953674 -2.19000005722046 -2.25999999046326 -2.4200001727039 -2.70000004768372 -2.82999992370605 -2.96000003814697 -3.01999998092651 -3.16000008583069 -3.23000001907349 -3.4300000667572
0.389999985694885 0.439999997615814 0.550000011920929 0.529999971389771 0.370000004768372 0.300000011920929 0.159999996423721 0.100000001490116 0.119999997318961 0.140000000596046 -0.0599999986588955 -0.180000007152557 -0.25 -0.330000013113022 -0.439999997615814 -0.569999992847443 -0.600000023841858 -0.479999989271164 -0.370000004768372 -0.319999992799928 -0.25 -0.300000011920929 -0.379999995231628 -0.449999988079071 -0.360000014327903 -0.419999986886978 -0.529999971389771 -0.689999997615814 -1 -1.50999999046326 -1.70000004768372 -1.64999997615814 -1.70000004768372 -1.9099999666214 -2.03999996185303 -2.1800000667572 -2.49000003379401 -2.6800000667572 -2.76999998092651 -2.89000010490418 -3.00999993729305 -3.02999997138977 -3.16000008583069 -3.3199999332428 -3.35999989509583
0.319999992847443 0.340000003576279 0.400000005960465 0.469999998807907 0.439999997615814 0.330000013113022 0.219999998807907 0.129999995231628 0.0199999995529652 0.00999999977648258 -0.100000001490116 -0.189999997615814 -0.239999994635582 -0.310000002395423 -0.409999996423721 -0.490000009536743 -0.519999980926514 -0.680000007152557 -0.509999990463257 -0.370000004768372 -0.230000003149733 -0.239999994635582 -0.330000013113022 -0.469999998807907 -0.449999988079071 -0.409999996423721 -0.589999973773956 -0.779999971389771 -0.939999997615814 -1.10000002384186 -1.48000001907349 -1.66999995708466 -1.75 -1.94000005722046 -2.11999988036974 -2.20000004768372 -2.46000003814697 -2.67000007629395 -2.8199999332428 -2.92000005598161 -2.97000002861023 -3.01999998092651 -3.17000007629394 -3.3199999332428 -3.3900001262663
0.28999999165535 0.239999994635582 0.25999999046328 0.389999985694885 0.310000002384186 0.28999999165535 0.300000011920929 0.280000001192093 0.219999998807907 0 -0.0199999995529652 -0.170000001788139 -0.300000011920929 -0.330000013101732 -0.439999997615814 -0.439999997615814 -0.610000014305115 -0.75 -0.660000025481544 -0.689999997615814 -0.310000002384186 -0.209999993443489 -0.219999998807907 -0.469999998807907 -0.610000014305115 -0.449999988079071 -0.610000014305115 -0.819999992847443 -1.02999997138977 -1.11000001430511 -1.35000002384186 -1.5900000333786 -1.79999995231628 -2.03999996185303 -2.13000011444092 -2.27999997138977 -2.48000001907349 -2.60999989509583 -2.78999996185303 -2.80999994277954 -2.9300000667572 -3.00999999046326 -3.15000009536743 -3.30999994277954 -3.40000009536743
0.25 0.230000004172325 0.249999999999942 0.25 0.109999999403954 0.170000001788139 0.170000001788139 0.189999997615814 0.159999996423721 0.109999999403954 0.0199999995529652 -0.100000001490116 -0.259999990463257 -0.28999999165535 -0.490000009536743 -0.490000009536743 -0.629999994955119 -0.600000023841858 -0.620000004768372 -0.649999976158142 -0.540000021457672 -0.180000007152557 -0.159999996423721 -0.289999991808226 -0.660000026226044 -0.5 -0.620000004768372 -0.870000004768372 -0.990000009536743 -1.21000003814697 -1.35000002384186 -1.6599999666214 -1.80999994277954 -1.9099999666214 -2.16000008583069 -2.35999989509582 -2.50999999046326 -2.60999989509582 -2.6800000667572 -2.75999999046326 -2.89000010490417 -3.03999996185303 -3.14000010490417 -3.23000001907349 -3.34999990463257
0.189999997615814 0.219999998807907 0.230000004172325 0.109999999403954 0.0700000002980232 0.0299999993294477 0.119999997317791 0.0799999982118607 0.0199999995529652 0.0799999982118607 -0.100000001490116 -0.0700000002980232 -0.230000004172325 -0.25 -0.379999995391234 -0.439999997615814 -0.569999992847443 -0.660000026226044 -0.670000016689301 -0.699999988079071 -0.560000002384186 -0.330000013113022 -0.129999995231628 -0.259999990463257 -0.610000014305115 -0.629999995231628 -0.709999978542328 -0.889999984551175 -1.02999997138977 -1.27999997138977 -1.47000002861023 -1.64999997615814 -1.77999996642221 -1.91999995708466 -2.21000003814697 -2.40000009536743 -2.49000000953674 -2.57999991249991 -2.63000011444092 -2.73000001907349 -2.89000010490417 -2.97000002861023 -3.01999998092651 -3.08999991416931 -3.27000005788453
0.25 0.170000001788139 0.109999999403954 0.00999999977648258 -0.129999995231628 -0.0900000035762787 -0.0299999993294477 -0.0199999995533784 -0.0500000007450581 -0.0500000007450581 -0.0399999991059303 -0.0900000035762787 -0.200000002843112 -0.200000002980232 -0.270000010728836 -0.349999994039536 -0.610000014305115 -0.699999988103058 -0.720000028610229 -0.629999995231628 -0.720000028610229 -0.75 -0.569999992640919 -0.409999996423721 -0.689999997615814 -0.740000009536743 -0.889999985694885 -0.889999985694885 -1.01999998092651 -1.24000000953674 -1.46000003814697 -1.67999994754791 -1.75999999046326 -1.96000003814697 -2.20000004768372 -2.38000011444092 -2.47000002861023 -2.52999997138977 -2.64000010490417 -2.64000010490417 -2.80999994277954 -2.88000004504147 -2.95000004768372 -3.13000013646869 -3.25999999046326
0.129999995231628 0.0799999982118607 -0.0500000007450581 -0.0799999982118607 -0.189999997615814 -0.209999993443489 -0.140000000596046 -0.10999999940375 -0.180000007148366 -0.20999999347243 -0.330000013113022 -0.159999996423721 -0.15000000593944 -0.150000005960464 -0.219999998807907 -0.300000011920929 -0.310000002384186 -0.540000021457672 -0.740000009536743 -0.689999997615814 -0.879999995231628 -1.00999999046326 -0.959999978542328 -1 -0.879999995231629 -0.839999973773956 -0.980000018953695 -1.01999998092651 -1.10000002384186 -1.26999998092651 -1.49000000953674 -1.73000001367554 -1.83000004291534 -1.97000002861023 -2.19000005722046 -2.30999994277954 -2.35999989509582 -2.53999996185303 -2.53999996185303 -2.65000009536743 -2.71000003814697 -2.78999996185303 -2.96000003814697 -3.07999992370605 -3.24000000953674
0 0.00999999977638945 -0.0900000035762001 -0.230000004172325 -0.310000002384046 -0.250000000000815 -0.330000013113022 -0.379999995231628 -0.310000002384186 -0.430000007152557 -0.400000005960464 -0.25 -0.230000004172325 -0.140000000596046 -0.259999990463257 -0.310000002384186 -0.270000010728836 -0.330000013113022 -0.6700000166893 -0.699999988079071 -0.899999976158142 -1.08000004291534 -1.1599999666214 -1.35000002384186 -1.22000002861023 -1.13999998569489 -1.00999999046326 -1.08000004291534 -1.23000001907349 -1.32000005245209 -1.54999995231628 -1.6599999666214 -1.87999999523163 -2.00999999046326 -2.16000008583069 -2.27999994988716 -2.28999996185303 -2.50999999046326 -2.55999994277954 -2.65000009536743 -2.71000003814697 -2.75999999046326 -2.88000011444092 -3.08999991416931 -3.26999981425478
0.00999999977648258 -0.0399999991059303 -0.0500000007451279 -0.200000002980232 -0.270000010728836 -0.449999988079071 -0.379999995231628 -0.439999997615814 -0.310000002384186 -0.310000002384186 -0.409999996423721 -0.330000013113022 -0.330000013113022 -0.330000013113022 -0.280000001192093 -0.310000002384186 -0.300000011968994 -0.360000014305115 -0.540000021457672 -0.660000026226044 -0.790000021457672 -0.850000024215702 -1.12999999523163 -1.33000004291534 -1.46000003814697 -1.46000003814697 -1.17999994754791 -1.14999997615814 -1.32000005577532 -1.44000005722046 -1.48000001907349 -1.70000004768372 -1.87999999523163 -2.01999998092651 -2.04999995231628 -2.20000004768372 -2.38000011444092 -2.54999995231628 -2.61999988555908 -2.66000005096411 -2.69000005722046 -2.73999997773015 -2.88000011444092 -3.11999988555908 -3.21000003814697
0.0599999986588955 -0.109999999403954 -0.230000004172325 -0.200000002980232 -0.319999992847443 -0.430000007152557 -0.409999996423721 -0.360000014305115 -0.600000023841858 -0.629999995231628 -0.340000003576279 -0.389999985694885 -0.389999985694885 -0.389999985694885 -0.360000014305115 -0.330000013113022 -0.319999992915182 -0.409999996423721 -0.490000009536743 -0.569999992847443 -0.699999988079071 -0.779999971389771 -1.05999994277954 -1.28999996185303 -1.41999995708466 -1.37000000476837 -1.19000005722046 -1.14999997748472 -1.33000004291534 -1.42999994754791 -1.58000004291534 -1.72000002861023 -1.8400000333786 -1.94000005722046 -2 -2.25 -2.48000001907349 -2.69000005722046 -2.57999992370605 -2.5699999332428 -2.68000009383477 -2.74000000953674 -2.92000007629394 -3.01999998092651 -3.26999998092651
0.0199999995529652 -0.0500000007450581 -0.150000005960464 -0.419999986886978 -0.310000002384186 -0.300000011920929 -0.340000003576279 -0.46000000834465 -0.639999985694885 -0.759999990463257 -0.589999973773956 -0.699999988080835 -0.610000014305115 -0.400000005960464 -0.379999995231628 -0.419999986886978 -0.5 -0.449999988079071 -0.610000014305115 -0.720000028610229 -0.720000028674072 -0.879999995231628 -1.12000000476837 -1.28999996185303 -1.3400000333786 -1.26999998092651 -1.08000003450699 -1.14999997615814 -1.25 -1.37000000476837 -1.62000000476837 -1.66999995708466 -1.74000000953674 -2 -2.11999988555908 -2.22000002861023 -2.47000002861023 -2.55999994277954 -2.64000010490417 -2.5699999332428 -2.90000009536743 -2.86999988555908 -3.01999989259917 -3.10999989509583 -3.33999991416931
0.0799999982118607 -0.0900000035762787 -0.170000001788139 -0.349999994039535 -0.409999996423721 -0.439999997615814 -0.479999989271164 -0.529999971389771 -0.550000011920929 -0.75 -0.819999992847443 -0.779999971389771 -0.6700000166893 -0.600000023841858 -0.660000026226044 -0.689999997615814 -0.569999992847443 -0.46000000834465 -0.720000028610229 -0.779999971389771 -0.829999983310699 -0.910000026226044 -1.00999999046326 -1.16999995708466 -1.20000004768372 -0.949999988079071 -1.23000001907349 -1.07000005245209 -1.26999998092651 -1.4099999666214 -1.52999997138977 -1.58000004291534 -1.69000005722046 -1.78999996185303 -2 -2.25999999046326 -2.41000008583069 -2.69000001101955 -2.66000008583069 -2.75 -2.89000010490417 -2.98000001907349 -3.03999996185303 -3.17000007629394 -3.38000011444092
0.0900000035762787 -0.100000001490116 -0.25 -0.300000011920929 -0.389999985694885 -0.490000009536743 -0.479999989271373 -0.540000021457672 -0.529999971389771 -0.740000009536743 -0.889999985694885 -0.899999976158142 -0.870000004768372 -0.810000002384186 -0.819999992847443 -0.850000023879023 -0.810000002384186 -0.639999985694885 -0.600000023841858 -0.870000004768372 -0.910000026226044 -0.879999995231628 -0.959999978542328 -1.0599999412731 -1.02999997138977 -0.97000002861023 -1.03999996185303 -0.959999978542328 -1.2400000086201 -1.32000005245209 -1.44000005722046 -1.5 -1.60000002384186 -1.71000003814697 -1.94000005722046 -2.19000005722046 -2.39000010490417 -2.53999996185303 -2.63000011444092 -2.71000003814697 -2.82999992370605 -2.91000008583069 -3.09999990463257 -3.21000003814697 -3.39000010490417
-0.0299999993294477 -0.140000000596046 -0.28999999165535 -0.370000004768372 -0.449999988079071 -0.509999990463257 -0.519999980926514 -0.660000026226044 -0.649999976158142 -0.670000016689301 -0.769999980926514 -0.889999985694885 -1 -0.980000019073486 -0.97000002861023 -1 -1.08000004291534 -1.00999999046326 -1.00999999046326 -0.810000002249685 -0.850000023841858 -1.03999996185303 -0.949999993806567 -0.959999978542328 -0.949999988079071 -0.990000009536743 -1.00999999046326 -0.949999988079071 -1.07000005245209 -1.21000003814697 -1.33000004291534 -1.37000000476837 -1.44000005722046 -1.6599999666214 -1.96000003814697 -2.22000002861023 -2.35999982260278 -2.45000004768372 -2.6800000667572 -2.6800000667572 -2.81999988870624 -2.91000008583069 -3.13000011444092 -3.23000001907349 -3.3799999541195
-0.0399999991059303 -0.170000001788139 -0.270000010728836 -0.469999998807907 -0.560000002384186 -0.699999988079071 -0.709999978542118 -0.699999988079071 -0.779999971389771 -0.8299999833107 -0.699999988079071 -0.839999973773956 -1.02999997138977 -1.16999995708466 -1.12000000476837 -1.14999997615814 -1.27999997138977 -1.36000001430511 -1.47000002861023 -1.44000005722046 -0.899999992295262 -1.13999998569489 -0.959999978542328 -0.949999988130317 -0.889999985694885 -0.829999983310699 -0.879999995231628 -0.930000006626349 -0.97000002861023 -1.0900000333786 -1.19000005722046 -1.26999998092651 -1.37999999523163 -1.73000001907349 -1.95000004768372 -2.16000008583069 -2.25000001356465 -2.47000002861023 -2.60999989509583 -2.67000007629395 -2.77999997138977 -3 -3.16000008583069 -3.24000000953674 -3.3199999332428
-0.0399999991059303 -0.25 -0.330000013113022 -0.469999998807907 -0.660000026226044 -0.689999997615814 -0.75 -0.709999978542328 -0.9200000166893 -0.910000026226044 -0.87000000476382 -0.939999997615814 -1 -1.11000001430511 -1.17999994754791 -1.22000002861023 -1.45000004768372 -1.47000002861023 -1.6599999659169 -1.63999998569489 -1.80999994277954 -1.75 -1.19000005722046 -0.949999988079071 -0.769999980926514 -0.670000016689301 -0.6700000166893 -0.740000009536743 -0.850000023841858 -0.9200000166893 -1.00999999046326 -1.07000005245209 -1.37000000476837 -1.67999994754791 -1.8400000333786 -2.02000002060187 -2.25 -2.4300000667572 -2.57999992370605 -2.60999989509582 -2.84999990463257 -3.04999995231628 -3.20000004768372 -3.24000000953674 -3.3199999332428
