SnowAccumulation_R/test/tmin/final_tmin_22_04_2009.asc
NCOLS 97 
NROWS 69 
XLLCORNER 52512.810182332 
YLLCORNER 5316225.2758522 
CELLSIZE 10000 
NODATA_value -9999 
[rows 0 to 20 of 69, columns 0 to 45 of 97]
-9999.000000000000000 -9999 -9999 -9999 -9999 -9999 -9999 -9999 -9999 -9999 -9999 -9999 -9999 -9999 -9999 -9999 -9999 -9999 -9999 -9999 -9999 -9999 -9999 -9999 -9999 -9999 -9999 -9999 -9999 -9999 -9999 -9999 -9999 -9999 -9999 -9999 -9999 -9999 -9999 -9999 -9999 -9999 -9999 -9999 -9999 -9999
-9999 -9999 -9999 -9999 -9999 -3.35999989509583 -3.94000005722046 -4.03000020980835 -4.01000022888184 -2.94000005722046 -2.66000008583069 -1.89999997615814 -1.14999985324711 0.180000007152557 -0.219999998807907 -0.140000000596046 0.370000004768372 0.490000009536743 0.490000009596077 -9999 -9999 -9999 -9999 -9999 -9999 -9999 -9999 -9999 -9999 -9999 -9999 -9999 -9999 -9999 -9999 -9999 -9999 -9999 -9999 -9999 -9999 -9999 -9999 -9999 -9999 -9999
-9999 -9999 -9999 -9999 -9999 -3.95000004768372 -4.25 -3.90000009536743 -3.55999994277954 -2.4300000667572 -1.91999995708466 -0.610000014305115 0.0700000002980232 -0.0100000147152235 -0.389999985694885 0.129999995231628 0.310000002384186 0.300000011920929 0.319999992847443 0.469999979009549 0.400000005960465 0.560000002384186 0.639999985694885 0.790000021457672 0.850000023841858 1.02999997138977 1.19000005722046 1.32000005245209 1.41999995708466 1.6599999666214 1.71000003814697 1.78999996185303 1.8400000333786 1.92999994754791 1.99000000953674 2.11999988555908 2.11999988555908 2.26999998092651 2.3199999332428 2.46000003814697 2.51999998092651 2.57999992370605 2.59999990463257 2.46000003814697 2.40000009536743 2.25
-9999 -9999 -9999 -9999 -9999 -3.11999988555908 -2.8199999332428 -3.03999996185303 -2.87999996141342 -1.70000004768372 -1.19000005722046 -0.949999988079071 -0.189999997615814 -0.389999985694885 -0.5 -0.270000010728836 -0.150000005960464 -0.159999996423721 0.00999999977648258 -0.140000000760698 -0.259999990463257 0.159999996423721 0.259999990463257 0.419999986886978 0.649999975979871 0.839999973773956 1.04999995231628 1.25 1.37999999523163 1.79999995231628 1.85000002384186 1.96000003814697 1.91999995708466 1.87999999523163 1.87000000476837 2.02999997138977 2.13000011444092 2.24000000953674 2.22000002861023 2.34999990463257 2.4300000667572 2.45000004768377 2.36999988555908 2.39000010490417 2.45000004768372 2.40000009536743
-9999 -9999 -9999 -9999 -9999 -2.47000002861023 -2.42000007629395 -2.36999974516867 -1.98000001907349 -1.70999995756965 -0.990000009536743 -0.639999985694885 -0.400000005960465 -0.25 -0.200000002980232 -0.170000001788139 -0.349999994039535 -0.430000007152557 -0.209999993443489 -0.439999997615814 -0.479999989271164 -0.419999986886978 -0.220000005883072 0.0199999995529652 0.379999995231628 0.639999985694885 0.939999997615814 1.26999998092651 1.55999994277954 1.82000005245209 2.09999990458399 2 1.75999999046326 1.80999994277954 1.75999999046326 1.94000005722046 2.01999998092651 2.25 2.16000008583069 2.33999991416931 2.49000000953674 2.35999989509583 2.33999991416931 2.50999999046326 2.46000003814697 2.08999991416931
-9999 -9999 -9999 -9999 -9999 -1.99000000953674 -1.98000001907349 -1.92999994754791 -1.88999980209337 -1.1599999666214 -1.24000000953674 -0.930000007152557 -0.670000016689301 -0.469999998807907 -0.330000013113022 -0.259999990463257 -0.280000001192093 -0.319999992847443 -0.400000005960464 -0.469999998807907 -0.560000002384186 -0.75 -0.850000023841858 -0.829999983310699 0.0700000002980232 0.740000008992548 1 1.37000000476837 1.6599999666214 1.97000002861023 2.11999988555908 1.87000000476837 1.48000001907349 1.6599999666214 1.72000002861023 1.82000005245209 2.03999996184955 2.15000009536743 2.20000004768372 2.25999999046326 2.13000011444092 1.98000001907349 2.00999999046326 2.25999999046326 2.26999998092651 1.97000002861023
-9999 -9999 -9999 -9999 -9999 -1.91999995708466 -1.92999994754791 -1.66999995708466 -1.77999997138977 -1.50000011629331 -1.36000001430511 -1.25 -1.01999998092651 -0.819999992847443 -0.709999978542328 -0.670000016689301 -0.6700000166893 -0.689999997615814 -0.519999980926514 -0.75 -0.670000016676819 -0.689999997615814 -0.790000021457672 -0.879999995231628 -0.370000004768372 0.560000002706004 0.990000009536743 1.49000000953674 1.75 2.11999988555908 1.76999998092651 1.62000000476837 1.38999998569489 1.45000004768372 1.69000005722046 1.82000005245209 1.99000000953411 2.08999991416931 2.16000008583069 2.07999992370605 1.87000000476837 2.03999996185303 1.9099999666214 1.83000004291534 1.87999999523163 1.86000001430511
-9999 -9999 -9999 -9999 -9999 -1.76999998092651 -1.67999994316861 -1.61000001430511 -1.87999999523163 -2.05999994277954 -1.47000005399992 -1.4600000411818 -1.47000002861023 -1.38999998569489 -1.05999994277954 -0.899999976158142 -0.75999999153153 -0.800000011920929 -0.829999983310699 -0.860000014305115 -0.870000004768372 -0.769999980926514 -0.550000011920929 -0.639999985694885 -0.150000005960464 0.759999990463257 1.12000000476837 1.58000004480998 2 1.72000002861023 1.5900000333786 1.36000001433352 1.33000004291534 1.28999996185303 1.62999999523163 1.82000005245209 1.96000003814583 2.01999998092651 2.04999995231628 1.95000004768372 1.85000002384186 1.78999996185303 1.8400000333786 1.41999995708466 1.51999998092651 1.72000002861023
-9999 -9999 -9999 -9999 -9999 -1.77999997138977 -1.78999996185303 -1.53999996185303 -1.9099999666214 -1.89999997615814 -1.69000005722046 -1.45000009799218 -1.38999998569489 -1.33000004291534 -1.25 -1.02999997138977 -0.959999978542328 -0.829999983310699 -0.949999988079071 -0.75 -0.639999985694885 -0.460000008611304 -0.219999998807907 -0.25 0.319999992847443 1.02999997138977 1.62000000443859 1.72000002861023 1.75 1.58000004275963 1.47000002861023 1.36000001430511 1.27999997138977 1.41999995708466 1.62999999523163 1.78999996185303 1.97000002861023 2.0699999332428 2.03999996185303 2 1.87000000476837 1.63999998569489 1.61000001430511 1.46000003814697 1.5 1.57000005245209
-9999 -9999 -9999 -9999 -9999 -2.0699999332428 -1.97000002861023 -1.77999997138977 -1.94000005722046 -2.08999991416931 -1.91999995708466 -1.75999999046326 -1.45000006507653 -1.23000001907349 -1.25 -1.25999999046326 -0.939999997615814 -0.970000029382308 -0.910000026226044 -0.75 -0.490000009536743 -0.409999996423721 -0.330000013113022 0.0700000002980232 0.649999976158142 1.08000004291534 1.41999995708466 1.58000004291534 1.73000001907349 1.60000002384186 1.50999999046326 1.38999998584408 1.37000000484106 1.53999996185303 1.64999997615814 1.85000002384186 2.07999992370605 2.17000007629395 2.22000002861023 2.1800000667572 2.04999995231628 1.85000002384186 1.72000002861027 1.74000000953674 1.64999997615814 1.62999999523163
-9999 -9999 -9999 -9999 -9999 -3.23000001907349 -2.1800000667572 -2.21000003814697 -2.2699999948876 -2.28999996185303 -2.19000005722046 -1.88999998569489 -1.39999997615814 -1.28999994779112 -1.25 -1.33000004291534 -1.03999996185303 -1.13999998569489 -0.870000004768371 -0.829999983310699 -0.610000014305115 -0.300000011920929 0.0500000004364556 0.180000007152557 0.629999995231628 1.04999995231628 1.3400000333786 1.48000001907349 1.51999998092651 1.5900000333786 1.60000002384186 1.57000005245209 1.54999995231628 1.78999996185303 1.77999997145701 2.00000000004058 2.25999999046326 2.36999988555908 2.4300000667572 2.4300000667572 2.27999997138977 2.01999998092651 1.86000001430511 1.67999994754791 1.53999996185303 1.55999994277954
-9999 -9999 -9999 -9999 -3.95000004768372 -3.94000005722046 -3.24000000953674 -2.6800000667572 -2.74000000953674 -2.75 -2.60999989509582 -2.39000010490417 -1.72000002861023 -1.4099999666214 -1.27999999650813 -1.24000000953674 -1.21000003814697 -1.0900000333786 -0.819999993322574 -0.889999985694885 -0.550000011920929 -0.230000004172325 -0.180000007152557 -0.00999999977648258 0.469999998807907 0.839999973773956 1.1599999666214 1.40999996651321 1.48000001907349 1.64999997615814 1.72000002861023 1.79999995231628 1.88999998569059 1.97000002861023 2.11999988555908 2.38000011444092 2.59999990463257 2.70000004768372 2.64000010490725 2.61999988556039 2.48000001907381 2.11999988555955 1.87999999523195 1.62999999523195 1.44000005722046 1.54999995231628
-9999 -9999 -9999 -9999 -4.69999980926514 -4.19000005722046 -3.49000000953674 -2.99000000953674 -3.21000003814697 -3.01999980549518 -2.47000002861023 -2.14000010490417 -1.71000003814697 -1.37999999523163 -1.49000000953674 -1.72999999328233 -1.05999994277954 -0.959999978542328 -1.1599999666214 -1.03999996185303 -0.850000023841858 -0.370000004768372 -0.310000002384186 -0.170000001788139 0.259999990463257 0.600000023841858 1.07000005245209 1.35000002384186 1.5 1.82000005245209 1.85000002384186 1.92999994754791 2.1300001144237 2.17000007629395 2.38000011444092 2.51999998092651 2.69000005722046 2.80999994277909 2.89000010490417 2.84999990463257 2.71000003814697 2.5 2.35999989509583 2.09999990463257 1.94000005722046 1.88999998569489
-9999 -9999 -9999 -9999 -4.88000011444092 -4.32000017166138 -3.75 -3.28999996185303 -2.72000002861023 -2.46000003814697 -2.50999999046326 -2.0699999332428 -1.6599999666214 -1.67999994754791 -1.60000002384186 -1.49000000953674 -1.4099999666214 -1.27999997138977 -1.30999994277954 -1.20000004768372 -1.00000010501873 -0.769999980926514 -2.64000010490417 -2.49000000953674 0.150000005960464 0.419999986886978 0.959999978542328 1.29999995231628 1.44000005722046 1.75999999046326 1.97000002861023 2.22000002861023 2.50999999046326 2.47000002861023 2.57999992370605 2.66000008583069 2.77999997138977 2.89000010490355 3 2.98000001907349 2.82999992370605 2.80999994277954 2.69000005722037 2.51999998092651 2.15000009536743 2.11999988555908
-9999 -9999 -9999 -9999 -5.51000289338489 -4 -4.46000004539587 -4.38999986648559 -3.44000005722046 -2.41000008583069 -2.32999992370606 -2.22000002861023 -2.04999995231628 -2.01999998092651 -1.91999995708466 -2.03999996185303 -1.87999999523163 -2.03999996185303 -1.64999998084759 -2.85999989509583 -2.77999997138977 -2.66000008583069 -2.59999990463257 -2.42000007629395 0.119999997317791 0.560000002384186 0.870000004768371 1.04999995231628 1.53999996169192 1.64999997615814 1.87000000476837 2.17000007629395 2.55999994277954 2.64000010490417 2.69000005722046 2.75 2.85999989509582 2.96000003814621 3.0699999332428 3.19000005722046 3.05999994277954 3.15000009536743 3.14000010490417 3.11999988555908 2.90000009536743 2.25
-9999 -9999 -9999 -9999 -7.26000022888184 -4.40000053628873 -4.8600001335144 -4.46000003814697 -3.86999988555908 -3.23000001907349 -2.74000000953674 -2.81999993324279 -2.4300000667572 -2.45000004768372 -2.32999992370605 -2.21000003814697 -2.16000008583069 -2.01999998092651 -1.92999994754791 -3.50999999046326 -3.34999990463257 -2.76999999165814 -2.67000007629395 -2.18000006705407 -2.1800000667572 0.569999992847443 0.730000019073486 1.03999996185303 1.41999995708466 1.60000002384186 1.67999994754791 1.98000001907349 2.15000009536743 2.42000007629395 2.69000005722046 2.77999997138977 2.89000010490417 3.01999998092651 3.13000011444092 3.30999994277954 3.39000010490417 3.46000003814697 3.34999990463257 3.41000008583069 3.10999989509582 2.46000003814697
-9999 -9999 -9999 -9999 -6.69000005722046 -8.13000011444092 -6.07999966673375 -5.26999979609077 -4.26000022888184 -4.1100001335144 -3.75999999046326 -3.49000000953674 -3.23000001907349 -2.85999989509583 -2.50999999046326 -2.42000007629395 -2.19000005722046 -1.97000002861023 -3.55999994277954 -3.44000005722046 -3.45000004768372 -3.00999999046326 -2.72000002955775 -2.1800000667572 0.0599999940559732 0.349999994039535 0.660000026226044 -1.98000001907349 -1.9099999666214 1.38999998569489 1.66999995708466 1.9099999666214 2.10999989509583 2.33999991414953 2.58999991416931 2.75999999046326 2.84999990463257 3.02999997138977 3.13000011444092 3.25 3.32999992370605 3.54999995231628 3.56999993324283 3.45000004768372 2.98000001907349 2.49000000953674
-9999 -9999 -9999 -9999 -7.57999992370605 -7.26000022888184 -7.69000005722046 -5.94999928025418 -4.3600001335144 -4.32000017166138 -4.3899998664856 -3.99000000953674 -3.76999995700477 -2.99000000953674 -2.74000000953674 -2.59999990463257 -2.5699999321613 -2.21000003814697 -3.59999990463257 -3.52999997138977 -3.4300000667572 -3.17000007782783 -2.53999996486947 -2.32999992370605 -2.19000005722046 -2.38000011444092 0.610000014305115 -2.26999998092651 -2.26999998092651 -1.94000005722046 -1.85000002384186 -1.24000000953674 -0.280000001192093 0.0599999986588955 2.48000001907349 2.80999994277954 2.83999991416931 3.01999998092651 3.07999992370606 3.25 3.41000008583069 3.48000001907349 3.49000000953669 3.15000009536743 2.77999997138977 2.27999997138977
-9999 -9999 -9999 -9999 -7.67000088567421 -8.28999996185303 -8.02000045776367 -5.01000022888184 -4.96000003814697 -3.88000011444092 -4.30000019073486 -3.74000000953674 -3.28999996185303 -3.08999991416931 -3.16000008583069 -2.75999999046326 -2.57999992370605 -2.45000005089377 -3.56999993328653 -3.40000009536743 -3.11999988622435 -2.83999991416931 -2.63000011444092 -2.42000007629395 -2.20000004768372 -2.25999999046326 -2.26999998092651 -2.26999998092651 -2.24000000953674 -2.27999997138977 -0.990000009536743 -0.819999992847443 0.230000004172325 0.479999989271164 2.49000000953674 2.84999990463257 3 3.08999991416931 3.11999988555908 3.19000005722046 3.04999995231628 3.09999990463257 3.24000000953674 2.80999994277954 2.67000007629395 2.34999990463257
-9999 -9999 -9999 -9999 -8.28999996185303 -8.77999973297119 -8.02999973297119 -6.92000007629394 -2.94000005722046 -3.46000003814697 -3.96000003814697 -3.88000011444092 -3.75999999046326 -3.33999991416931 -2.85999989509583 -2.9300000667572 -2.74000000953674 -3.75 -3.47000002861023 -3.30999994277954 -3.32999992370605 -2.71000003814697 -2.69000005722046 -2.68000006278455 -2.13000011444092 -2.30999994277954 -2.32999992370605 -2.40000009536743 -2.10999989509583 -2.04999995231628 -1.10000002384186 -1.05999994277954 0.0500000007450581 0.280000001192093 2.39000010490417 2.74000000953674 3.01999998092651 3.15000009536743 3.16000008583069 3.03999996185303 2.59999990463257 2.46000003814697 2.70000004768372 2.54999995231628 2.55999994277954 2.57999992370605
-9999 -9999 -9999 -9999 -8.64000034332275 -7.40999984741211 -7.17999982833862 -2.96000003814697 -5.25 -5.09000015258789 -4.28000020980835 -4.05999994277954 -3.67000007629395 -3 -3.17000007629395 -3.05999994277954 -2.73000001907349 -2.57999992370605 -3.27999997138977 -3.24000000953674 -3.29999995231628 -2.20000004768372 -2.58999991416931 -2.51999997430439 -2.26999998092651 -1.66999995708466 -1.87000000476837 -2.04999995231628 -1.96000003814697 -1.62000000476837 -1.03999996185303 -0.860000014305115 0.200000002980232 2.0699999332428 2.25999999046326 2.47000002861023 2.72000002861023 2.84999990463257 2.91000008583069 2.92000007629395 2.35999989509582 1.9099999666214 2.02999997138977 2.29999995231628 2.48000001907349 2.72000002861023
