SnowAccumulation_R/test/tmin/final_tmin_18_04_2009.asc
NCOLS 97 
NROWS 69 
XLLCORNER 52512.810182332 
YLLCORNER 5316225.2758522 
CELLSIZE 10000 
NODATA_value -9999 
[rows 40 to 59 of 69, columns 0 to 45 of 97]
-9999 -9999 -0.140000000596046 -6.3899984885828 -6.92999963446411 -5.8899998664856 -6.38999986648559 -2.90000009536743 -2.53999996185303 0.0299999993294477 -4.05999994277954 -1.33000004291534 -2.77999997138977 -3.74000000953674 -4.6100001335144 -5.21999979019165 -2.50999999046326 -1.33000004291534 -1.0900000333786 -0.850000023841858 -0.270000010728836 -0.449999988079071 0.100000001863649 0.310000001724447 0 -0.68000000634741 -0.680000006535277 -0.620000004768372 -0.519999980926514 -0.28999999165535 0 0.330000013113022 0.389999985694885 1.07000005245209 1.33000004291534 1 1.29999995231628 1.1599999666214 0.97000002861023 1.0900000333786 0.949999988079071 0.980000019073486 0.959999978542328 1.36000001430511 1.63999998569489 1.61000001430511
-9999 -9999 -0.159999996423721 -4.8899998664856 -5.13999983122101 -5.63000011444092 -3.83999991416931 -5.46999979019165 -4.17000007629394 -0.46000000834465 -3.63000011444092 -2.89000010490417 -1.76999998092651 -3.35999989509583 -3.5699999332428 -4.01999998092651 -2.3199999332428 -2.26999998092651 -0.759999990463257 0 0.0199999994547266 0.209999992612288 0.0700000002980232 0.100000001490116 0.0299999993294477 -0.270000010728836 -0.14000000080692 -0.300000011920929 0.00999999977648258 0.25 0.529999971389771 0.790000021457672 1.00999999046326 1.27999997138977 1.45000004768372 1.38999998569489 1.45000004768372 1.30999994277954 1.17999994754791 1.22000002861023 1.35000002384186 1.37000000476837 1.23000001907349 1.62999999523163 1.58000004291534 1.5
-9999 -9999 -0.439999997615814 -4.05000019073486 -5.40999984741211 -5.15000072336927 -5.65000009536743 -4.30000019073486 -3.68999993898528 -1.21000003814697 -2.61999988555908 -0.64999999725679 -0.689999997615814 -2.25 -1.92999994754791 -4.26999998092651 -0.529999971389771 -4.42000006318713 0.279999989396329 0.51999997962552 0.529999971389771 0.529999971389771 0.5 0.550000011857101 0.340000004124019 0.319999992847443 0.109999999403954 -0.239999994635582 0.0199999995529652 0.720000028610229 1.29999995231628 1.71000003814697 1.89999997615814 1.82000005245209 1.79999995231628 1.71000003814697 1.79999995231628 1.62999999523163 1.37000000476837 1.20000004768372 1.29999995231628 1.58000004291534 1.53999996185303 1.61000001430511 1.54999995231628 1.58000004291534
-9999 -9999 -2.30999994277954 -4.55000019073486 -4.23000001907349 -5.42999982833862 -4.35000004359952 -4.51999998092651 -1.62000000476837 -2.69000005722046 -0.939999997615814 -1.77999997138977 -3.22000002861023 -3.76999998092651 -1.12999999523163 -2.96000003814697 0.660000026226044 -2.78999996185303 0.490000009536743 0.699999988079071 0.949999988079071 0.920000016689301 0.759999990463257 0.939999997615814 1.02999997138977 0.810000002384186 0.189999997615814 -0.959999978542328 0.239999994635582 0.899999976158142 1.53999996185303 2.30999994277954 2.03999996185303 2.51999998092651 2.55999994277954 2.54999995231628 2.38000011444092 2.19000005722046 1.76999998092651 0.790000021457672 1.41999995708466 1.5 1.57000005245209 1.62000000476837 1.64999997615814 1.55999994277954
-9999 -9999 -0.330000013113022 -3.74000000953674 -4.01999998092651 -5.75 -3.80999994277954 -4.37000065109174 -1.07000005245209 -1.1599999666214 -0.360000014305115 -0.610000014305115 -1.05999994277954 -1.23000001907349 -3.45000004768372 -2.33999991416931 0.759999990463257 -1.48000001907349 1.02999997138977 0.939999997615814 0.939999997615814 1 1.11000001430511 1.36000001430511 2.08999991416931 1.57000005245209 1.62000000476837 1.27999997161506 1.27999997138977 1.91999995708466 1.92999994754791 2.0699999332428 2.47000002861023 2.76999998092651 2.66000008583069 2.79999995231628 2.57999992370605 2.28999996185303 2.00999999046326 1.6599999666214 1.66999995708466 1.74000000953674 1.64999997615814 1.67999994754791 1.67999994754791 1.58000004291534
-9999 -9999 -0.0799999982118607 -3.57000030656935 -4.90999984741211 -5 -5.07999991678899 -4.17000007629394 -3.50999969193266 -2.49999995438424 -0.560000002384186 -0.740000009536743 -1.37000000677299 -3.66000008583069 -4.46999979019165 -1.45000004768372 0.5 -0.200000002980232 1.13999998569489 1.05999994277954 1.04999995231628 1.25999999046326 1.12999999523163 1.5900000333786 1.63999998569489 1.66999995708466 2.02999997138977 1.89999997625846 2.00999999036033 2.1800000667572 2.4300000667572 2.53999996185303 3 3.03999996185303 3.03999996185303 2.80999994277954 2.92000007629395 2.52999997138977 2.45000004768372 2.03999996185303 1.92999994754791 1.95000004768372 1.94000005722046 1.61000001430511 1.70000004768372 1.47000002861023
-9999 -9999 0.270000010728836 -4.71999979019165 -4.1100001335144 -3.3199999332428 -3.63000011444092 -4.32000017166138 -4.46000003814697 -1.03999986518375 -0.730000019073486 -0.839999973773956 -1.77999997138977 -3.51999998092651 -2.84999990463257 -2.77999997138977 -0.439999997615814 -1.76999998092651 -2.53999996185303 1.20000004768372 1.20000004768372 1.48000001907349 1.63999998569489 2 2.16000008569739 2.16000008583069 2.24000000976787 2.23000001907349 2.10999989509583 2.54999995231628 3.09999990463257 3 3.17000007629395 3.23000001907349 3.21000003814697 2.89000010490417 2.95000004768372 2.74000000953674 2.58999991416931 2.5 2.34999990463257 2.09999990463257 1.71000003814697 1.64999997615814 1.62999999523163 1.60000002384186
-9999 -9999 0.639999985694885 -4.38999986648559 -3.16000008583069 -3.1800000667572 -3.02999997138977 -4.69999980926514 -3.38000011444092 -0.620000004768372 -0.739999981743599 -0.680000007152557 -2.30999994277954 -3.3199999332428 -2.11999988555908 -2.51999998092651 -0.649999976158142 -0.259999990463257 1.04999982288126 0.850000023841858 0.779999971389771 1.3400000333786 1.60000002384186 1.99000000953674 2.53999996070162 2.42000007654921 2.51999998092651 2.58999991416931 3.08999991416931 3.16000008583069 2.99000000953674 2.8199999332428 3.13000011444092 3.17000007629395 3.33999991416931 3.26999998092651 2.88000011444092 2.72000002861023 2.54999995231628 2.46000003814697 2.09999990463257 1.77999997138977 1.80999994277954 1.5900000333786 1.62000000476837 1.5900000333786
-9999 -2.41000008583069 0.649999976158142 -2.64000010490417 -3.83999998927388 -2.88000011444092 -4.07999992370605 -4.13999973535855 -1.9099999666214 -0.129999995231628 -0.36000002738901 -0.779999925451087 -3.23000001907349 -2.0699999332428 -1.10000002384186 -2.09999990463257 -0.649999976158142 -0.769999980926514 -2.07999992370606 0.850000023841858 0.810000002384186 1.36000001430511 1.58000004291534 1.97000002861023 2.08999991416931 2.74000000953674 2.8199999332428 3.10999989509583 3.38000011444092 3.83999991416931 2.88000011468917 2.78999996185303 3.13000011436477 3.25 3.52999997138977 3.35999989509583 2.8199999332428 2.60999989509583 2.46000003814697 2.48000001907349 2.04999995231628 1.85000002384186 1.72000002861023 1.52999997138977 1.45000004768372 1.28999996185303
-9999 -0.949999988079071 0.529999971389771 -3.57999992370605 -3.08999991416931 -3.70000004768372 -1.8400000333786 -1.5900000333786 -0.980000019073486 0.300000011920929 -1.04999995231628 -1.51999998092651 -2.95000004348751 -0.310000003002025 -0.189999997615814 -0.949999988079071 -1.00999986254075 -0.0500000007450581 -1.22000002861023 1.08000004291534 1.17999994754791 1.33000004291534 1.53999996185303 1.87000000476837 1.99000000953674 2.5699999332428 2.78999996185303 3.07999992370606 3.34999990463257 3.25000000006172 3.03999996185303 3.36999988555908 3.14000010490418 3.15000009536743 3.24000000953674 3.40000009536743 2.94000005722046 2.36999988555908 2.30999994277954 2.25999999046326 1.87999999523163 2.28999996185303 1.62000000476837 1.37000000476837 0.949999988079071 0.939999997615814
-9999 -4.3600001335144 -2.0699991350872 -3.09999990463257 -4.84000015258789 -3.91000008583069 -3.63000011444092 -3.13000011444092 -2.17000007629395 -0.730000019073486 -0.639999985694885 -1.8400000333786 -0.439999997615814 -0.379999995231628 -0.28999999165535 -1.23000001907349 -0.670000016689301 -0.0900000035762787 -0.529999971389771 1.08000004578 1.36000001430511 1.74000000953674 1.61000001430511 1.76999998092651 2.21000003814697 2.23000001907349 2.57999992370605 2.77999997146597 2.77999997138977 2.78999996201077 2.8199999332428 2.94000005722046 3.04999995231628 2.92000007629394 2.95000004768372 2.76999998092651 2.58999991416931 2.19000005722046 2.11999988555908 1.74000000953674 1.53999996185303 1.58000004291534 1.17999994754791 0.870000004768371 0.579999983310699 0.639999985694885
-9999 -3.37000042633229 1 -2.79999995231628 -4.53000020980835 -3 -2.8199999332428 -3.07999992370606 -3.23999992074891 -0.75 -0.829999983310699 -1.00999999046326 -2.73000001907349 -0.270000010728836 -1.23000001907349 0.31000003883168 -1.45000004768372 -0.660000026226044 -2.34999990463257 1.12000000476837 1.32000004434436 1.51999998092651 1.46000003814697 1.63999998569489 2.03999996163478 2.03999996185303 2.45000004741596 2.46000003814697 2.71000003791054 1.74000000953674 2.53999996185303 2.38000011444092 2.53999996185303 2.5 2.47000002861023 2.25 1.71000003814697 1.77999997138977 1.83000004291534 1.25999999046326 1.00999999046326 1.03999996185303 0.800000011920929 0.469999998807907 -0.109999999403954 0.419999986886978
-9999 -3.9300000667572 0.28999999165535 -1.17999994754791 -3.82999992370605 -2.17000007629395 -2.84999990463257 -2.88000011444092 -2.24000000953674 -1.1599999666214 -2.25999999046326 -1.16999995708466 -0.790000021457672 -1.85000002384186 -0.330000013113022 -0.200000002980232 -1.55999994551903 -1.32000005245209 -2.28999996185303 -0.100000001490116 1.1299999871871 0.870000004768371 1.37000000476837 1.5900000333786 1.6599999666214 1.66999995708466 1.92999994754791 1.92999994754791 2.13000011444092 2.01999998092651 2.259999990434 2.19000005724394 2.05999994277954 2.69000005722046 2.53999996186289 1.77999997138977 1.25 1.74000000953674 1.72000002861023 1.04999995231628 0.28999999165535 0.360000014305115 0.680000007152557 0.479999989271164 0.219999998807907 0.280000001192093
-9999 -3.75999999046326 -3.98000001907349 0.539999386764088 -3.54999995231628 -1.76999998092651 -2.21000003814697 -2.86999988555908 -2.00999999046326 -1.46000003814697 -2.02999997138977 -1.14999997615814 -0.920000016689301 -1.94000005722046 -0.1300000038442 -0.0500000007450581 -1.03999996185303 -1.30999994277954 -1.3400000333786 -1.22000002861023 1.24000000953674 1.28999996185303 1.33000004571907 1.52999997138977 1.53999996185303 1.5900000333786 1.72000002861023 1.70000004768372 1.60000002384186 1.96000003814697 2.23000001892728 2.07999992370605 2.19000005722046 2.41000008583069 2.41000008582796 2.38000011444092 2.13000011444092 1.78999996185575 1.60000002384186 0.949999988079071 0.610000014305115 0.550000011920929 0.699999988079071 0.660000026226044 0.509999990463257 1.10000002384186
-9999 -3.66000008583069 -2.61999988555908 -0.180000007152557 -1.39999997615814 -1.94000005722046 -2.00999999046326 -2.3199999332428 -1.80999994277954 -1.62000000476837 -2.30999994277954 -1.37000000476837 -1.12000000476837 -1.73000001907349 -0.970000028610229 -1.0900000333786 -1.51999998092651 -2.46000003814697 -1.80999994277954 -2.18000001221616 -1.3099999434225 1.28999987342362 1.46000003814697 1.5 1.58000004291534 1.25 1.44000005722046 1.45000004768372 1.47000002861023 1.76999998089892 1.54999995231628 1.63999998569489 1.27999997138977 1.46000003814697 2.19000005722046 2.44000005722046 2.44000005722046 2.18000006676016 1.94000005722046 1.37000000476837 1.07000005245209 0.870000004768372 1.17999994754791 1.41999995708468 1.60000002384186 1.29999995231628
-9999 -3.4599999394816 -2.90000009536743 -1.87000000476837 0.0500000007450581 -2.0699999332428 -1.52999997138977 -1.98000001907349 -2.1800000667572 -2.25 -2.04999995231628 -1.60000002384186 -1.38999998569489 -1.44000005722046 -1.23000001907349 -1.33000004291534 -1.26999998092651 -2.25 -1.46000003814697 -0.159999996423721 -1.74000000953674 -1.91999995325101 -2.64000010490417 0.740000005462862 1.29999995231628 1.19000005722046 1.17999994754791 1.16999995708466 1.3600000140582 1.37999999523163 1.28999996185303 1.35000002384186 1.28999996185303 1.4099999666214 1.48000001907349 1.97000002861023 2.82999992370606 2.61999988556199 2.34999990463257 1.78999996185303 1.57000005245209 1.29999995231628 1.71000003814697 1.97000002861023 1.96000003814697 1.46000003814697
-9999 -3.41000008583069 -4.09999990463257 -1.48249995708466 -0.582499953020687 -0.209999993443489 -1.72000002861023 -2.01999998092651 -1.95000004768372 -1.92999994754791 -1.73000001907349 -2.0699999332428 -2.1300001141716 -1.17999994754791 -1.01999998092651 -0.660000026226044 -1.80999994277954 -2.50999999046326 -1.54999995231628 0.180000007152557 -2.02999997138977 -2.63000011444092 -2.56999993719191 0.509999990463257 1.32000005245209 1.14999997615814 1.21000003814697 0.9200000166893 1 1.02999997138977 1.23000001907349 1.10000002384186 1.13999998569489 1.75999999046326 2.25999999046326 2.39000010490417 3.02999997138977 2.92000007629394 2.63000011444092 2.08999991416931 1.85000002384189 1.87999999523163 2 2.02999997138972 1.91999995708466 1.55999994277954
-9999 -2.26500010490418 -2.74749994277954 -2.33999991416931 -0.224999994039536 -0.0649999976158142 -0.589999973773956 -1.29750002133485 -2.5550000667572 -3.79250001907349 -2.92499995231628 -3.24000000953674 -3.38499999046326 -2.45250010490417 -2.51999998092651 -3.61999987761011 -4.95749998092651 -4.74749994277954 -4.44999980926514 -3.66750001907349 -3.69000005722046 -5.29250001907349 -5.32999992370605 -4.2024998664856 -1.9700000807372 -0.779999971389771 0.259999990463257 0.550000011920929 0.730000019073486 0.879999995231628 0.5 0.620000004768372 0.9200000166893 1.62000000476837 1.69000005722046 1.55999994277954 2.75 2.8199999332428 2.57999992370605 2.20000004768372 1.70000004768409 1.75999999046326 1.52999997138977 1.48000001907346 1.33000004291534 1.21000003814697
-9999 -2.10500001907349 -1.79250021577172 -3.28999996185303 0.150000005960464 -0.0874999910593033 0.46000000834465 -0.790000021457672 -2.40750002861023 -2.72000002861023 -3.26500010834521 -3.0074999332428 -3.26500010490417 -2.26749992370605 -2.76500010490417 -3.09999990463257 -3.75250005722046 -4.63749980926514 -4.42500019474684 -3.95499992370605 -3.5 -4.70499992370605 -5.19250011444092 -5.0475001335144 -5.58249998092651 -6.73750019073486 -3.46000003786848 -3.86500000930486 -3.59999990463257 -3.66750001899574 -3.71250009536743 -3.60500001907349 -3.45749998092651 -3.28999996185303 -3.45499992370606 -3.31750011444092 -2.83999991416931 -2.47749996185303 -2.15499997138977 -2.28999996185303 -3.4749999046311 -2.9300000667572 -2.28999996185303 -2.42499995231676 -2.41499996185303 -2.31750011444092
-9999 -2.49499988555908 -2.10750007629395 -2.78500008583069 0.654999971389771 -0.160000025617212 -0.077500008046627 -1.33000004291534 -1.01999998092651 -2.49749994277954 -3.70749998092651 -2.81500005722046 -2.10249996185303 -2.375 -2.83249998092651 -3.25 -3.29999995231628 -4.80749988555908 -5.25250005722046 -4.28499984741211 -3.97499990463257 -3.70000005022531 -4.98000001907349 -5.69750022888184 -5.77750015258789 -5.12750005722046 -4.16249990463257 -4.11749982833862 -4.32000017166138 -3.63249993357335 -3.74000000953674 -3.69749999046326 -3.60500001907349 -3.5 -3.42499995231628 -3.48250007629395 -3.54250001907349 -2.54500007629394 -1.92999994754791 -2.28500008583069 -2.93000006675691 -2.60999989509582 -2.8199999332428 -2.96499991416931 -3.07249999046326 -1.95249998569489
