SnowAccumulation_R/test/tmin/mint_2.asc
NCOLS 144 
NROWS 72 
XLLCORNER -107.999996877414 
YLLCORNER 47.0000011447333 
CELLSIZE 0.0833333376702586 
NODATA_value -3.4e+38 
[rows 40 to 59 of 72, columns 45 to 89 of 144]
-15.3500003814697 -15.4399995803833 -15.5299997329712 -15.6099996566772 -15.6999998092651 -15.789999961853 -15.9200000762939 -16.0499992370605 -16.1800003051758 -16.3099994659424 -16.4200000762939 -16.5400009155273 -16.6399993896484 -16.7099990844727 -16.7399997711182 -16.75 -16.7399997711182 -16.7399997711182 -16.7299995422363 -16.7199993133545 -16.7199993133545 -16.7399997711182 -16.7600002288818 -16.7700004577637 -16.75 -16.6900005340576 -16.6200008392334 -16.5799999237061 -16.5200004577637 -16.4799995422363 -16.4300003051758 -16.4200000762939 -16.3999996185303 -16.4200000762939 -16.4300003051758 -16.4599990844727 -16.5100002288818 -16.5400009155273 -16.6200008392334 -16.7099990844727 -16.8099994659424 -16.9099998474121 -17.0400009155273 -17.1800003051758 -17.3299999237061
-15.0900001525879 -15.1700000762939 -15.2600002288818 -15.3299999237061 -15.4200000762939 -15.5200004577637 -15.6099996566772 -15.7399997711182 -15.8900003433228 -16.0200004577637 -16.1299991607666 -16.2399997711182 -16.3400001525879 -16.4200000762939 -16.4699993133545 -16.5200004577637 -16.5499992370605 -16.5699996948242 -16.6000003814697 -16.6200008392334 -16.6499996185303 -16.6499996185303 -16.6700000762939 -16.6800003051758 -16.6599998474121 -16.6399993896484 -16.6200008392334 -16.5900001525879 -16.5499992370605 -16.5400009155273 -16.5 -16.4899997711182 -16.4699993133545 -16.4799995422363 -16.4699993133545 -16.4899997711182 -16.5100002288818 -16.5300006866455 -16.5799999237061 -16.6599998474121 -16.7299995422363 -16.8199996948242 -16.9300003051758 -17.0400009155273 -17.1599998474121
-14.8500003814697 -14.9300003051758 -15.0100002288818 -15.0900001525879 -15.1599998474121 -15.2399997711182 -15.3299999237061 -15.4300003051758 -15.5699996948242 -15.710000038147 -15.8299999237061 -15.9399995803833 -16.0400009155273 -16.1299991607666 -16.2099990844727 -16.2800006866455 -16.3400001525879 -16.3899993896484 -16.4300003051758 -16.4799995422363 -16.5200004577637 -16.5499992370605 -16.5900001525879 -16.6100006103516 -16.6200008392334 -16.6000003814697 -16.5900001525879 -16.5699996948242 -16.5699996948242 -16.5599994659424 -16.5400009155273 -16.5300006866455 -16.5200004577637 -16.5300006866455 -16.5100002288818 -16.5100002288818 -16.5100002288818 -16.5400009155273 -16.5699996948242 -16.6100006103516 -16.6700000762939 -16.7399997711182 -16.8199996948242 -16.9099998474121 -17
-14.6800003051758 -14.7299995422363 -14.7799997329712 -14.8500003814697 -14.8999996185303 -14.9700002670288 -15.0500001907349 -15.1400003433228 -15.2600002288818 -15.4099998474121 -15.539999961853 -15.6499996185303 -15.7600002288818 -15.8599996566772 -15.9499998092651 -16.0400009155273 -16.1299991607666 -16.2199993133545 -16.2900009155273 -16.3600006103516 -16.4200000762939 -16.4699993133545 -16.5200004577637 -16.5499992370605 -16.5699996948242 -16.5900001525879 -16.5699996948242 -16.5599994659424 -16.5699996948242 -16.5499992370605 -16.5400009155273 -16.5499992370605 -16.5499992370605 -16.5599994659424 -16.5400009155273 -16.5300006866455 -16.5200004577637 -16.5300006866455 -16.5499992370605 -16.5799999237061 -16.6100006103516 -16.6599998474121 -16.7199993133545 -16.7900009155273 -16.8799991607666
-14.6099996566772 -14.6700000762939 -14.6499996185303 -14.6400003433228 -14.6599998474121 -14.6999998092651 -14.7700004577637 -14.8800001144409 -15 -15.1300001144409 -15.2600002288818 -15.3999996185303 -15.5100002288818 -15.6099996566772 -15.710000038147 -15.8100004196167 -15.9200000762939 -16.0400009155273 -16.1399993896484 -16.2399997711182 -16.3199996948242 -16.3999996185303 -16.4599990844727 -16.5100002288818 -16.5300006866455 -16.5699996948242 -16.5599994659424 -16.5400009155273 -16.5400009155273 -16.5200004577637 -16.5200004577637 -16.5300006866455 -16.5300006866455 -16.5400009155273 -16.5200004577637 -16.5 -16.5 -16.5 -16.5100002288818 -16.5300006866455 -16.5599994659424 -16.6000003814697 -16.6399993896484 -16.6800003051758 -16.75
-14.5500001907349 -14.6099996566772 -14.6499996185303 -14.5699996948242 -14.4700002670288 -14.4499998092651 -14.5100002288818 -14.6499996185303 -14.8000001907349 -14.9399995803833 -15.0699996948242 -15.1700000762939 -15.289999961853 -15.4099998474121 -15.5100002288818 -15.6099996566772 -15.75 -15.8900003433228 -16.0100002288818 -16.1299991607666 -16.2199993133545 -16.3199996948242 -16.3999996185303 -16.4500007629395 -16.4799995422363 -16.5200004577637 -16.5300006866455 -16.5300006866455 -16.5 -16.4799995422363 -16.4699993133545 -16.4699993133545 -16.4599990844727 -16.4599990844727 -16.4500007629395 -16.4400005340576 -16.4400005340576 -16.4400005340576 -16.4300003051758 -16.4699993133545 -16.5200004577637 -16.5499992370605 -16.5699996948242 -16.6000003814697 -16.6200008392334
-14.539999961853 -14.5900001525879 -14.6199998855591 -14.6099996566772 -14.5299997329712 -14.4300003051758 -14.4200000762939 -14.5500001907349 -14.6999998092651 -14.8299999237061 -14.960000038147 -15.0699996948242 -15.1700000762939 -15.2700004577637 -15.3699998855591 -15.5 -15.6499996185303 -15.7799997329712 -15.8999996185303 -16.0100002288818 -16.1200008392334 -16.2299995422363 -16.3299999237061 -16.3999996185303 -16.4699993133545 -16.5 -16.5100002288818 -16.4799995422363 -16.4599990844727 -16.4300003051758 -16.3999996185303 -16.3899993896484 -16.3799991607666 -16.3700008392334 -16.3500003814697 -16.3400001525879 -16.3400001525879 -16.3500003814697 -16.3500003814697 -16.3999996185303 -16.4699993133545 -16.5100002288818 -16.5599994659424 -16.6000003814697 -16.6900005340576
-14.6300001144409 -14.6800003051758 -14.7299995422363 -14.7299995422363 -14.710000038147 -14.6999998092651 -14.6899995803833 -14.6899995803833 -14.7299995422363 -14.8199996948242 -14.9200000762939 -15.0200004577637 -15.1099996566772 -15.2200002670288 -15.3299999237061 -15.4499998092651 -15.5699996948242 -15.710000038147 -15.8500003814697 -15.9799995422363 -16.0799999237061 -16.1800003051758 -16.2800006866455 -16.3700008392334 -16.4400005340576 -16.4799995422363 -16.4699993133545 -16.4200000762939 -16.3999996185303 -16.3500003814697 -16.3299999237061 -16.3099994659424 -16.2900009155273 -16.2700004577637 -16.25 -16.25 -16.25 -16.2600002288818 -16.2800006866455 -16.3400001525879 -16.4300003051758 -16.5300006866455 -16.6000003814697 -16.6900005340576 -16.8899993896484
-14.7600002288818 -14.8400001525879 -14.8800001144409 -14.8800001144409 -14.8599996566772 -14.8599996566772 -14.8500003814697 -14.8299999237061 -14.8500003814697 -14.9099998474121 -14.9200000762939 -14.9700002670288 -15.0900001525879 -15.210000038147 -15.3400001525879 -15.460000038147 -15.5699996948242 -15.6899995803833 -15.8100004196167 -15.9200000762939 -16.0400009155273 -16.1399993896484 -16.2399997711182 -16.3400001525879 -16.4400005340576 -16.4599990844727 -16.3999996185303 -16.3099994659424 -16.2800006866455 -16.25 -16.2000007629395 -16.1700000762939 -16.1599998474121 -16.1599998474121 -16.1499996185303 -16.1399993896484 -16.1499996185303 -16.1700000762939 -16.2000007629395 -16.2800006866455 -16.4200000762939 -16.5400009155273 -16.6599998474121 -16.7999992370605 -17.0100002288818
-14.8900003433228 -15.0200004577637 -15.0699996948242 -15.039999961853 -15.0100002288818 -14.9799995422363 -14.960000038147 -14.9700002670288 -15.0600004196167 -15.0799999237061 -15.0500001907349 -15.039999961853 -15.1499996185303 -15.3100004196167 -15.4200000762939 -15.5200004577637 -15.5900001525879 -15.6599998474121 -15.75 -15.8299999237061 -15.9200000762939 -16.0100002288818 -16.0799999237061 -16.1499996185303 -16.2000007629395 -16.2000007629395 -16.1700000762939 -16.1499996185303 -16.0599994659424 -16.0699996948242 -16.0599994659424 -16.0400009155273 -16.0300006866455 -16.0400009155273 -16.0400009155273 -16.0499992370605 -16.0699996948242 -16.1100006103516 -16.1599998474121 -16.2600002288818 -16.4300003051758 -16.5900001525879 -16.7399997711182 -16.8899993896484 -17.0599994659424
-14.9200000762939 -15.0100002288818 -15.0600004196167 -15.0699996948242 -15.0699996948242 -15.0500001907349 -15.0600004196167 -15.0900001525879 -15.1199998855591 -15.1199998855591 -15.1499996185303 -15.2399997711182 -15.4200000762939 -15.5600004196167 -15.6300001144409 -15.6999998092651 -15.7600002288818 -15.8000001907349 -15.8299999237061 -15.8500003814697 -15.8500003814697 -15.8699998855591 -15.8999996185303 -15.9300003051758 -15.9399995803833 -15.9200000762939 -15.9099998474121 -15.8999996185303 -15.8900003433228 -15.8400001525879 -15.8800001144409 -15.8900003433228 -15.8999996185303 -15.9099998474121 -15.9099998474121 -15.9499998092651 -16 -16.0799999237061 -16.1800003051758 -16.3199996948242 -16.4899997711182 -16.6700000762939 -16.8400001525879 -16.9899997711182 -17.1399993896484
-14.8900003433228 -14.9399995803833 -14.9700002670288 -14.9700002670288 -14.9899997711182 -15.0200004577637 -15.039999961853 -15.0500001907349 -15.0799999237061 -15.1499996185303 -15.2799997329712 -15.4399995803833 -15.5600004196167 -15.6000003814697 -15.6300001144409 -15.6700000762939 -15.710000038147 -15.789999961853 -15.8299999237061 -15.8599996566772 -15.8900003433228 -15.8999996185303 -15.8199996948242 -15.7600002288818 -15.710000038147 -15.6400003433228 -15.6499996185303 -15.6599998474121 -15.6700000762939 -15.6599998474121 -15.6400003433228 -15.6899995803833 -15.6999998092651 -15.7299995422363 -15.7600002288818 -15.8199996948242 -15.8900003433228 -16.0100002288818 -16.1499996185303 -16.3099994659424 -16.5200004577637 -16.7299995422363 -16.9200000762939 -17.0699996948242 -17.2000007629395
-14.8299999237061 -14.8400001525879 -14.8400001525879 -14.8699998855591 -14.9200000762939 -14.9499998092651 -14.9399995803833 -14.9399995803833 -15.0200004577637 -15.1400003433228 -15.2600002288818 -15.4200000762939 -15.5200004577637 -15.5200004577637 -15.539999961853 -15.5500001907349 -15.5900001525879 -15.6300001144409 -15.6599998474121 -15.6999998092651 -15.7600002288818 -15.7700004577637 -15.7700004577637 -15.75 -15.6400003433228 -15.539999961853 -15.4399995803833 -15.4700002670288 -15.4700002670288 -15.4700002670288 -15.4399995803833 -15.4300003051758 -15.4799995422363 -15.5100002288818 -15.5600004196167 -15.6300001144409 -15.7299995422363 -15.8599996566772 -16.0300006866455 -16.2099990844727 -16.4599990844727 -16.7399997711182 -16.9899997711182 -17.0900001525879 -17.1900005340576
-14.7200002670288 -14.710000038147 -14.7200002670288 -14.75 -14.7799997329712 -14.789999961853 -14.7600002288818 -14.7799997329712 -14.8699998855591 -14.9799995422363 -15.0900001525879 -15.1999998092651 -15.3000001907349 -15.3500003814697 -15.3599996566772 -15.4300003051758 -15.4300003051758 -15.460000038147 -15.4899997711182 -15.5299997329712 -15.6099996566772 -15.6300001144409 -15.6499996185303 -15.6199998855591 -15.6099996566772 -15.5600004196167 -15.4499998092651 -15.3199996948242 -15.289999961853 -15.2799997329712 -15.25 -15.210000038147 -15.210000038147 -15.2700004577637 -15.3299999237061 -15.4099998474121 -15.5200004577637 -15.6499996185303 -15.8100004196167 -16 -16.2399997711182 -16.5 -16.7299995422363 -16.9099998474121 -17.0699996948242
-14.5699996948242 -14.5600004196167 -14.5600004196167 -14.5799999237061 -14.6099996566772 -14.5900001525879 -14.5799999237061 -14.5799999237061 -14.6800003051758 -14.7799997329712 -14.8800001144409 -14.9499998092651 -15.0200004577637 -15.0900001525879 -15.1499996185303 -15.1999998092651 -15.2399997711182 -15.2799997329712 -15.3299999237061 -15.3699998855591 -15.4899997711182 -15.5299997329712 -15.539999961853 -15.5 -15.460000038147 -15.4499998092651 -15.4499998092651 -15.3699998855591 -15.210000038147 -15.1000003814697 -15.0299997329712 -15 -14.9499998092651 -15.0500001907349 -15.0900001525879 -15.1700000762939 -15.2700004577637 -15.3900003433228 -15.5299997329712 -15.710000038147 -15.9099998474121 -16.1499996185303 -16.3999996185303 -16.6399993896484 -16.8799991607666
-14.3199996948242 -14.3100004196167 -14.3199996948242 -14.3400001525879 -14.3400001525879 -14.3500003814697 -14.3400001525879 -14.3199996948242 -14.3900003433228 -14.5200004577637 -14.6099996566772 -14.710000038147 -14.7700004577637 -14.8000001907349 -14.8699998855591 -14.9099998474121 -14.960000038147 -15.0200004577637 -15.1099996566772 -15.2600002288818 -15.3199996948242 -15.3599996566772 -15.3900003433228 -15.3400001525879 -15.3100004196167 -15.2799997329712 -15.3000001907349 -15.2600002288818 -15.1999998092651 -15.0900001525879 -14.9700002670288 -14.8800001144409 -14.8199996948242 -14.8500003814697 -14.8900003433228 -14.9399995803833 -15.0100002288818 -15.1099996566772 -15.210000038147 -15.3400001525879 -15.5200004577637 -15.7600002288818 -16.0400009155273 -16.3500003814697 -16.6299991607666
-14.0200004577637 -14.0299997329712 -14.039999961853 -14.0500001907349 -14.0600004196167 -14.0699996948242 -14.0699996948242 -14.0500001907349 -14.1099996566772 -14.25 -14.3199996948242 -14.4300003051758 -14.5100002288818 -14.5200004577637 -14.5500001907349 -14.6700000762939 -14.7799997329712 -14.8199996948242 -14.8699998855591 -15.0500001907349 -15.1199998855591 -15.1700000762939 -15.1599998474121 -15.1499996185303 -15.1300001144409 -15.1099996566772 -15.0900001525879 -15.0699996948242 -15.0500001907349 -15.0600004196167 -14.960000038147 -14.8500003814697 -14.75 -14.6800003051758 -14.710000038147 -14.7399997711182 -14.7799997329712 -14.8599996566772 -14.9200000762939 -15 -15.0900001525879 -15.3400001525879 -15.6899995803833 -16.0400009155273 -16.3400001525879
-13.6800003051758 -13.710000038147 -13.6999998092651 -13.7200002670288 -13.710000038147 -13.7299995422363 -13.7399997711182 -13.7399997711182 -13.8299999237061 -13.9499998092651 -14.0699996948242 -14.1400003433228 -14.1999998092651 -14.1999998092651 -14.2299995422363 -14.3299999237061 -14.4399995803833 -14.5100002288818 -14.6599998474121 -14.8100004196167 -14.8699998855591 -14.9099998474121 -14.9499998092651 -15.0100002288818 -14.960000038147 -14.8900003433228 -14.8900003433228 -14.8999996185303 -14.9099998474121 -14.9200000762939 -14.9499998092651 -14.8999996185303 -14.7700004577637 -14.6599998474121 -14.5699996948242 -14.5500001907349 -14.6099996566772 -14.6999998092651 -14.7799997329712 -14.8599996566772 -14.9799995422363 -15.1999998092651 -15.4799995422363 -15.789999961853 -16.0699996948242
-13.3000001907349 -13.3199996948242 -13.3500003814697 -13.3800001144409 -13.3699998855591 -13.3599996566772 -13.3800001144409 -13.4300003051758 -13.539999961853 -13.710000038147 -13.8000001907349 -13.8100004196167 -13.8299999237061 -13.8800001144409 -13.960000038147 -14.039999961853 -14.1300001144409 -14.1899995803833 -14.3100004196167 -14.5 -14.6000003814697 -14.6700000762939 -14.7399997711182 -14.7799997329712 -14.7799997329712 -14.7299995422363 -14.7399997711182 -14.7700004577637 -14.789999961853 -14.789999961853 -14.8100004196167 -14.8699998855591 -14.8400001525879 -14.7799997329712 -14.6700000762939 -14.6099996566772 -14.6199998855591 -14.6700000762939 -14.7700004577637 -14.8800001144409 -15.0100002288818 -15.1700000762939 -15.3999996185303 -15.6700000762939 -15.8800001144409
-12.960000038147 -12.9799995422363 -13.0299997329712 -13.0500001907349 -13.0200004577637 -13.0500001907349 -13.1400003433228 -13.2399997711182 -13.2700004577637 -13.3699998855591 -13.4399995803833 -13.5200004577637 -13.6199998855591 -13.6800003051758 -13.8199996948242 -13.9099998474121 -14.0100002288818 -14.0500001907349 -14.0900001525879 -14.1300001144409 -14.2399997711182 -14.460000038147 -14.4799995422363 -14.5 -14.5200004577637 -14.5600004196167 -14.6199998855591 -14.6599998474121 -14.6899995803833 -14.7200002670288 -14.75 -14.789999961853 -14.8199996948242 -14.8999996185303 -14.8999996185303 -14.8800001144409 -14.8000001907349 -14.8000001907349 -14.8400001525879 -14.8800001144409 -15 -15.1499996185303 -15.3299999237061 -15.5299997329712 -15.7299995422363
