SnowAccumulation_R/test/tmin/mint_4.asc
NCOLS 144 
NROWS 72 
XLLCORNER -107.999996877414 
YLLCORNER 47.0000011447333 
CELLSIZE 0.0833333376702586 
NODATA_value -3.4e+38 
[rows 40 to 59 of 72, columns 0 to 44 of 144]
-2.01999998092651 -2.02999997138977 -2.19000005722046 -2.22000002861023 -2.19000005722046 -2.07999992370605 -2.11999988555908 -2.05999994277954 -2.03999996185303 -2.02999997138977 -1.98000001907349 -1.92999994754791 -1.92999994754791 -1.97000002861023 -1.96000003814697 -1.89999997615814 -1.88999998569489 -1.91999995708466 -1.92999994754791 -1.92999994754791 -1.9099999666214 -1.9099999666214 -1.87000000476837 -1.79999995231628 -1.76999998092651 -1.69000005722046 -1.62000000476837 -1.6599999666214 -1.69000005722046 -1.75999999046326 -1.82000005245209 -1.83000004291534 -1.80999994277954 -1.72000002861023 -1.74000000953674 -1.75 -1.77999997138977 -1.75999999046326 -1.77999997138977 -1.76999998092651 -1.75 -1.75 -1.76999998092651 -1.80999994277954 -1.79999995231628
-2.15000009536743 -2.25 -2.38000011444092 -2.46000003814697 -2.48000001907349 -2.32999992370605 -2.19000005722046 -2.16000008583069 -2.14000010490417 -2.04999995231628 -2.05999994277954 -2.05999994277954 -2.07999992370605 -2.10999989509583 -1.97000002861023 -1.96000003814697 -1.97000002861023 -1.99000000953674 -1.95000004768372 -1.96000003814697 -1.95000004768372 -1.94000005722046 -1.92999994754791 -1.87000000476837 -1.83000004291534 -1.77999997138977 -1.74000000953674 -1.75 -1.70000004768372 -1.80999994277954 -1.82000005245209 -1.77999997138977 -1.74000000953674 -1.67999994754791 -1.71000003814697 -1.73000001907349 -1.73000001907349 -1.74000000953674 -1.75999999046326 -1.76999998092651 -1.77999997138977 -1.75 -1.71000003814697 -1.70000004768372 -1.72000002861023
-2.28999996185303 -2.36999988555908 -2.35999989509583 -2.39000010490417 -2.41000008583069 -2.44000005722046 -2.35999989509583 -2.38000011444092 -2.25999999046326 -2.23000001907349 -2.21000003814697 -2.20000004768372 -2.21000003814697 -2.08999991416931 -2.02999997138977 -2.05999994277954 -2.0699999332428 -2.09999990463257 -2.07999992370605 -1.99000000953674 -1.95000004768372 -1.95000004768372 -1.92999994754791 -1.87999999523163 -1.88999998569489 -1.80999994277954 -1.75999999046326 -1.73000001907349 -1.6599999666214 -1.66999995708466 -1.6599999666214 -1.72000002861023 -1.66999995708466 -1.5900000333786 -1.61000001430511 -1.69000005722046 -1.74000000953674 -1.78999996185303 -1.82000005245209 -1.79999995231628 -1.76999998092651 -1.75999999046326 -1.76999998092651 -1.6599999666214 -1.63999998569489
-2.21000003814697 -2.28999996185303 -2.32999992370605 -2.30999994277954 -2.3199999332428 -2.42000007629395 -2.54999995231628 -2.57999992370605 -2.5 -2.4300000667572 -2.33999991416931 -2.29999995231628 -2.28999996185303 -2.15000009536743 -2.15000009536743 -2.22000002861023 -2.19000005722046 -2.25 -2.26999998092651 -2.17000007629395 -2.13000011444092 -2.07999992370605 -2.14000010490417 -2.03999996185303 -1.98000001907349 -2.00999999046326 -2.01999998092651 -2.01999998092651 -1.91999995708466 -1.78999996185303 -1.73000001907349 -1.63999998569489 -1.60000002384186 -1.5900000333786 -1.60000002384186 -1.67999994754791 -1.69000005722046 -1.75 -1.76999998092651 -1.77999997138977 -1.79999995231628 -1.79999995231628 -1.82000005245209 -1.78999996185303 -1.75999999046326
-2.16000008583069 -2.17000007629395 -2.16000008583069 -2.10999989509583 -2.1800000667572 -2.25999999046326 -2.40000009536743 -2.48000001907349 -2.47000002861023 -2.55999994277954 -2.46000003814697 -2.42000007629395 -2.29999995231628 -2.40000009536743 -2.42000007629395 -2.54999995231628 -2.52999997138977 -2.54999995231628 -2.55999994277954 -2.45000004768372 -2.42000007629395 -2.3199999332428 -2.11999988555908 -1.99000000953674 -1.96000003814697 -1.92999994754791 -1.92999994754791 -2.05999994277954 -2 -1.9099999666214 -1.78999996185303 -1.72000002861023 -1.67999994754791 -1.72000002861023 -1.6599999666214 -1.71000003814697 -1.80999994277954 -1.83000004291534 -1.79999995231628 -1.79999995231628 -1.8400000333786 -1.85000002384186 -1.85000002384186 -1.80999994277954 -1.76999998092651
-1.92999994754791 -2.02999997138977 -1.97000002861023 -1.9099999666214 -2.02999997138977 -2.02999997138977 -2.15000009536743 -2.21000003814697 -2.27999997138977 -2.47000002861023 -2.54999995231628 -2.57999992370605 -2.50999999046326 -2.51999998092651 -2.60999989509583 -2.60999989509583 -2.66000008583069 -2.58999991416931 -2.55999994277954 -2.55999994277954 -2.46000003814697 -2.3199999332428 -2.20000004768372 -2.05999994277954 -1.91999995708466 -1.88999998569489 -1.9099999666214 -1.98000001907349 -2.01999998092651 -1.97000002861023 -2 -2.01999998092651 -2 -1.87999999523163 -1.86000001430511 -1.74000000953674 -1.69000005722046 -1.73000001907349 -1.71000003814697 -1.79999995231628 -1.79999995231628 -1.79999995231628 -1.79999995231628 -1.79999995231628 -1.77999997138977
-1.67999994754791 -1.75 -1.72000002861023 -1.78999996185303 -1.83000004291534 -1.83000004291534 -1.87000000476837 -1.95000004768372 -2.14000010490417 -2.41000008583069 -2.38000011444092 -2.32999992370605 -2.39000010490417 -2.40000009536743 -2.39000010490417 -2.41000008583069 -2.51999998092651 -2.5 -2.49000000953674 -2.47000002861023 -2.50999999046326 -2.40000009536743 -2.21000003814697 -2.02999997138977 -2 -1.96000003814697 -1.97000002861023 -1.98000001907349 -1.98000001907349 -1.99000000953674 -1.99000000953674 -2.07999992370605 -2.02999997138977 -1.94000005722046 -1.89999997615814 -1.87000000476837 -1.76999998092651 -1.64999997615814 -1.72000002861023 -1.67999994754791 -1.66999995708466 -1.72000002861023 -1.77999997138977 -1.83000004291534 -1.80999994277954
-1.42999994754791 -1.47000002861023 -1.51999998092651 -1.50999999046326 -1.5900000333786 -1.69000005722046 -1.75999999046326 -1.77999997138977 -1.87999999523163 -2.14000010490417 -2.17000007629395 -2.15000009536743 -2.14000010490417 -2.1800000667572 -2.20000004768372 -2.25999999046326 -2.35999989509583 -2.49000000953674 -2.53999996185303 -2.50999999046326 -2.47000002861023 -2.44000005722046 -2.29999995231628 -2.13000011444092 -2 -1.97000002861023 -1.95000004768372 -1.96000003814697 -2.05999994277954 -2.02999997138977 -1.95000004768372 -1.96000003814697 -1.96000003814697 -1.9099999666214 -1.82000005245209 -1.8400000333786 -1.80999994277954 -1.69000005722046 -1.73000001907349 -1.74000000953674 -1.69000005722046 -1.69000005722046 -1.70000004768372 -1.75 -1.76999998092651
-1.32000005245209 -1.25 -1.3400000333786 -1.41999995708466 -1.36000001430511 -1.50999999046326 -1.64999997615814 -1.75 -1.74000000953674 -1.97000002861023 -2.00999999046326 -1.97000002861023 -1.98000001907349 -2 -2.05999994277954 -2.1800000667572 -2.27999997138977 -2.5 -2.57999992370605 -2.50999999046326 -2.40000009536743 -2.36999988555908 -2.32999992370605 -2.22000002861023 -2.13000011444092 -2.02999997138977 -1.95000004768372 -1.9099999666214 -1.94000005722046 -2.00999999046326 -1.92999994754791 -1.89999997615814 -1.92999994754791 -1.98000001907349 -1.86000001430511 -1.71000003814697 -1.62000000476837 -1.67999994754791 -1.79999995231628 -1.80999994277954 -1.78999996185303 -1.85000002384186 -1.83000004291534 -1.82000005245209 -1.74000000953674
-1.28999996185303 -1.26999998092651 -1.14999997615814 -1.1599999666214 -1.1599999666214 -1.35000002384186 -1.55999994277954 -1.66999995708466 -1.48000001907349 -1.62999999523163 -1.72000002861023 -1.75 -1.74000000953674 -1.80999994277954 -1.97000002861023 -2.07999992370605 -2.20000004768372 -2.45000004768372 -2.52999997138977 -2.48000001907349 -2.42000007629395 -2.25999999046326 -2.13000011444092 -2.11999988555908 -2.11999988555908 -1.97000002861023 -1.87000000476837 -1.8400000333786 -1.87000000476837 -1.87999999523163 -1.86000001430511 -1.87000000476837 -1.91999995708466 -1.88999998569489 -1.79999995231628 -1.67999994754791 -1.54999995231628 -1.62999999523163 -1.67999994754791 -1.67999994754791 -1.69000005722046 -1.78999996185303 -1.85000002384186 -1.95000004768372 -1.86000001430511
-1.19000005722046 -1.16999995708466 -1.14999997615814 -1.02999997138977 -0.980000019073486 -1.25 -1.37000000476837 -1.48000001907349 -1.37999999523163 -1.35000002384186 -1.44000005722046 -1.45000004768372 -1.47000002861023 -1.62999999523163 -1.76999998092651 -1.88999998569489 -2.11999988555908 -2.29999995231628 -2.33999991416931 -2.34999990463257 -2.28999996185303 -2.21000003814697 -2.09999990463257 -1.92999994754791 -1.85000002384186 -1.89999997615814 -1.89999997615814 -1.80999994277954 -1.78999996185303 -1.79999995231628 -1.74000000953674 -1.76999998092651 -1.80999994277954 -1.82000005245209 -1.76999998092651 -1.60000002384186 -1.51999998092651 -1.5 -1.5 -1.53999996185303 -1.53999996185303 -1.60000002384186 -1.73000001907349 -1.87999999523163 -1.89999997615814
-1.0900000333786 -1.07000005245209 -1.08000004291534 -0.990000009536743 -0.850000023841858 -1.02999997138977 -1.13999998569489 -1.22000002861023 -1.17999994754791 -1.07000005245209 -1.20000004768372 -1.22000002861023 -1.27999997138977 -1.36000001430511 -1.50999999046326 -1.72000002861023 -1.91999995708466 -2.08999991416931 -2.05999994277954 -2.07999992370605 -2.01999998092651 -1.96000003814697 -1.91999995708466 -1.86000001430511 -1.75999999046326 -1.67999994754791 -1.66999995708466 -1.64999997615814 -1.63999998569489 -1.61000001430511 -1.46000003814697 -1.46000003814697 -1.54999995231628 -1.58000004291534 -1.57000005245209 -1.52999997138977 -1.5900000333786 -1.62999999523163 -1.63999998569489 -1.5900000333786 -1.67999994754791 -1.5900000333786 -1.53999996185303 -1.69000005722046 -1.78999996185303
-0.889999985694885 -0.879999995231628 -0.829999983310699 -0.769999980926514 -0.740000009536743 -0.759999990463257 -0.889999985694885 -0.949999988079071 -0.889999985694885 -0.980000019073486 -1.07000005245209 -1.03999996185303 -0.939999997615814 -1.08000004291534 -1.37000000476837 -1.62999999523163 -1.64999997615814 -1.67999994754791 -1.71000003814697 -1.71000003814697 -1.70000004768372 -1.69000005722046 -1.71000003814697 -1.69000005722046 -1.63999998569489 -1.5900000333786 -1.48000001907349 -1.39999997615814 -1.33000004291534 -1.32000005245209 -1.23000001907349 -1.12999999523163 -1.23000001907349 -1.28999996185303 -1.3400000333786 -1.44000005722046 -1.47000002861023 -1.49000000953674 -1.50999999046326 -1.5900000333786 -1.5900000333786 -1.55999994277954 -1.5 -1.64999997615814 -1.6599999666214
-0.839999973773956 -0.730000019073486 -0.600000023841858 -0.529999971389771 -0.560000002384186 -0.589999973773956 -0.639999985694885 -0.689999997615814 -0.680000007152557 -0.680000007152557 -0.720000028610229 -0.670000016689301 -0.720000028610229 -0.910000026226044 -1.05999994277954 -1.13999998569489 -1.24000000953674 -1.19000005722046 -1.23000001907349 -1.36000001430511 -1.4099999666214 -1.45000004768372 -1.44000005722046 -1.46000003814697 -1.45000004768372 -1.30999994277954 -1.23000001907349 -1.17999994754791 -1.12999999523163 -1.10000002384186 -1.01999998092651 -0.959999978542328 -0.959999978542328 -1.02999997138977 -1.19000005722046 -1.27999997138977 -1.37999999523163 -1.48000001907349 -1.47000002861023 -1.46000003814697 -1.44000005722046 -1.4099999666214 -1.45000004768372 -1.52999997138977 -1.47000002861023
-0.699999988079071 -0.529999971389771 -0.389999985694885 -0.379999995231628 -0.379999995231628 -0.449999988079071 -0.579999983310699 -0.610000014305115 -0.540000021457672 -0.439999997615814 -0.370000004768372 -0.349999994039536 -0.379999995231628 -0.469999998807907 -0.560000002384186 -0.660000026226044 -0.769999980926514 -0.850000023841858 -0.810000002384186 -0.939999997615814 -1 -1.16999995708466 -1.14999997615814 -1.20000004768372 -1.25999999046326 -1.25999999046326 -1.26999998092651 -1.25999999046326 -1.26999998092651 -1.24000000953674 -1.0900000333786 -0.959999978542328 -0.939999997615814 -1.02999997138977 -1.16999995708466 -1.28999996185303 -1.28999996185303 -1.33000004291534 -1.37999999523163 -1.42999994754791 -1.36000001430511 -1.32000005245209 -1.39999997615814 -1.36000001430511 -1.38999998569489
-0.310000002384186 -0.180000007152557 -0.159999996423721 -0.209999993443489 -0.230000004172325 -0.319999992847443 -0.519999980926514 -0.409999996423721 -0.310000002384186 -0.300000011920929 -0.239999994635582 -0.159999996423721 -0.100000001490116 -0.0599999986588955 -0.140000000596046 -0.270000010728836 -0.389999985694885 -0.540000021457672 -0.540000021457672 -0.560000002384186 -0.819999992847443 -0.939999997615814 -0.970000028610229 -1.02999997138977 -1.11000001430511 -1.11000001430511 -1.12999999523163 -1.14999997615814 -1.13999998569489 -1.16999995708466 -1.13999998569489 -1.14999997615814 -1.0900000333786 -1.04999995231628 -1.10000002384186 -1.23000001907349 -1.28999996185303 -1.27999997138977 -1.23000001907349 -1.23000001907349 -1.20000004768372 -1.21000003814697 -1.33000004291534 -1.37999999523163 -1.45000004768372
-0.310000002384186 -0.419999986886978 -0.379999995231628 -0.419999986886978 -0.209999993443489 -0.259999990463257 -0.389999985694885 -0.319999992847443 -0.170000001788139 -0.159999996423721 -0.140000000596046 -0.0799999982118607 -0.0399999991059303 0.0599999986588955 0.119999997317791 0.0599999986588955 -0.0199999995529652 -0.189999997615814 -0.349999994039536 -0.330000013113022 -0.639999985694885 -0.769999980926514 -0.759999990463257 -0.879999995231628 -0.990000009536743 -0.990000009536743 -0.959999978542328 -1.10000002384186 -1.07000005245209 -1.08000004291534 -1.12000000476837 -1.0900000333786 -1.16999995708466 -1.17999994754791 -1.13999998569489 -1.19000005722046 -1.17999994754791 -1.12999999523163 -1.10000002384186 -1.07000005245209 -1.1599999666214 -1.25 -1.25 -1.36000001430511 -1.37999999523163
-0.400000005960464 -0.449999988079071 -0.490000009536743 -0.469999998807907 -0.340000003576279 -0.170000001788139 -0.270000010728836 -0.270000010728836 -0.129999995231628 -0.119999997317791 -0.100000001490116 -0.00999999977648258 0.0599999986588955 0.109999999403954 0.189999997615814 0.280000001192093 0.200000002980232 0.0299999993294477 -0.0700000002980232 -0.150000005960464 -0.379999995231628 -0.509999990463257 -0.620000004768372 -0.689999997615814 -0.860000014305115 -0.959999978542328 -0.889999985694885 -0.930000007152557 -1 -0.949999988079071 -0.970000028610229 -0.980000019073486 -1.00999999046326 -1.02999997138977 -1.01999998092651 -1.08000004291534 -1.08000004291534 -1.12000000476837 -1.1599999666214 -1.01999998092651 -1.11000001430511 -1.24000000953674 -1.19000005722046 -1.20000004768372 -1.12999999523163
-0.529999971389771 -0.389999985694885 -0.409999996423721 -0.379999995231628 -0.28999999165535 -0.170000001788139 -0.25 -0.25 -0.140000000596046 -0.129999995231628 -0.0599999986588955 0.0199999995529652 0.0399999991059303 0.0599999986588955 0.100000001490116 0.159999996423721 0.180000007152557 0.150000005960464 0.100000001490116 -0.00999999977648258 -0.140000000596046 -0.28999999165535 -0.409999996423721 -0.490000009536743 -0.589999973773956 -0.660000026226044 -0.759999990463257 -0.759999990463257 -0.800000011920929 -0.769999980926514 -0.75 -0.779999971389771 -0.810000002384186 -0.850000023841858 -0.910000026226044 -0.970000028610229 -0.920000016689301 -0.920000016689301 -0.959999978542328 -0.939999997615814 -0.889999985694885 -0.930000007152557 -0.910000026226044 -0.949999988079071 -0.959999978542328
-0.560000002384186 -0.449999988079071 -0.430000007152557 -0.360000014305115 -0.259999990463257 -0.230000004172325 -0.370000004768372 -0.300000011920929 -0.300000011920929 -0.270000010728836 -0.150000005960464 -0.0799999982118607 0 0 0.0599999986588955 0.0900000035762787 0.0299999993294477 -0.0399999991059303 0.00999999977648258 -0.0900000035762787 -0.230000004172325 -0.200000002980232 -0.259999990463257 -0.319999992847443 -0.409999996423721 -0.469999998807907 -0.550000011920929 -0.620000004768372 -0.689999997615814 -0.759999990463257 -0.800000011920929 -0.800000011920929 -0.829999983310699 -0.839999973773956 -0.839999973773956 -0.860000014305115 -1.00999999046326 -0.980000019073486 -0.990000009536743 -1.01999998092651 -1.00999999046326 -0.920000016689301 -0.959999978542328 -0.899999976158142 -0.829999983310699
