SnowAccumulation_R/test/tmin/mint_3.asc
NCOLS 144 
NROWS 72 
XLLCORNER -107.999996877414 
YLLCORNER 47.0000011447333 
CELLSIZE 0.0833333376702586 
NODATA_value -3.4e+38 
[rows 0 to 19 of 72, columns 90 to 134 of 144]
-13.6400003433228 -13.6599998474121 -13.6899995803833 -13.7299995422363 -13.7700004577637 -13.8100004196167 -13.8699998855591 -13.9300003051758 -13.9700002670288 -14.0500001907349 -14.0900001525879 -14.1300001144409 -14.1899995803833 -14.2200002670288 -14.2200002670288 -14.2399997711182 -14.2600002288818 -14.210000038147 -14.2399997711182 -14.2399997711182 -14.2399997711182 -14.2399997711182 -14.2399997711182 -14.2299995422363 -14.2299995422363 -14.2299995422363 -14.2399997711182 -14.2399997711182 -14.25 -14.25 -14.2700004577637 -14.2700004577637 -14.2700004577637 -14.2799997329712 -14.3000001907349 -14.3299999237061 -14.3699998855591 -14.4200000762939 -14.4700002670288 -14.5200004577637 -14.6000003814697 -14.6599998474121 -14.710000038147 -14.7700004577637 -14.8199996948242
-13.5 -13.5200004577637 -13.5600004196167 -13.6000003814697 -13.6400003433228 -13.6800003051758 -13.7200002670288 -13.7700004577637 -13.8100004196167 -13.8500003814697 -13.9399995803833 -13.9899997711182 -14.039999961853 -14.0699996948242 -14.1099996566772 -14.1499996185303 -14.1499996185303 -14.1099996566772 -14.0699996948242 -14.0500001907349 -14.0699996948242 -14.0799999237061 -14.1000003814697 -14.1099996566772 -14.1199998855591 -14.1199998855591 -14.1300001144409 -14.1300001144409 -14.1400003433228 -14.1400003433228 -14.1499996185303 -14.1499996185303 -14.1499996185303 -14.1400003433228 -14.1499996185303 -14.1899995803833 -14.25 -14.3199996948242 -14.3900003433228 -14.460000038147 -14.5 -14.5600004196167 -14.6000003814697 -14.6700000762939 -14.7299995422363
-13.3599996566772 -13.3800001144409 -13.4200000762939 -13.4899997711182 -13.5299997329712 -13.5500001907349 -13.6000003814697 -13.6400003433228 -13.6800003051758 -13.7299995422363 -13.8000001907349 -13.8599996566772 -13.8999996185303 -13.9399995803833 -13.9799995422363 -14 -14 -13.9899997711182 -13.9799995422363 -13.960000038147 -13.960000038147 -13.9799995422363 -13.9899997711182 -14 -14.0100002288818 -14.0200004577637 -14.0299997329712 -14.0299997329712 -14.039999961853 -14.039999961853 -14.0500001907349 -14.0500001907349 -14.0500001907349 -14.039999961853 -14.0500001907349 -14.1000003814697 -14.1599998474121 -14.2200002670288 -14.3299999237061 -14.3900003433228 -14.4499998092651 -14.5100002288818 -14.5500001907349 -14.5900001525879 -14.6300001144409
-13.2200002670288 -13.2399997711182 -13.2799997329712 -13.3599996566772 -13.4200000762939 -13.4200000762939 -13.4700002670288 -13.5100002288818 -13.5600004196167 -13.6099996566772 -13.6599998474121 -13.7200002670288 -13.7700004577637 -13.8199996948242 -13.8599996566772 -13.8900003433228 -13.8800001144409 -13.8999996185303 -13.8999996185303 -13.8999996185303 -13.8599996566772 -13.8699998855591 -13.8900003433228 -13.8999996185303 -13.9200000762939 -13.9300003051758 -13.9399995803833 -13.9499998092651 -13.9499998092651 -13.960000038147 -13.9799995422363 -13.9799995422363 -13.9899997711182 -14 -14.0200004577637 -14.0600004196167 -14.1099996566772 -14.1599998474121 -14.2200002670288 -14.3199996948242 -14.3900003433228 -14.4300003051758 -14.4799995422363 -14.5200004577637 -14.5699996948242
-13.1000003814697 -13.1000003814697 -13.1499996185303 -13.1899995803833 -13.25 -13.289999961853 -13.3400001525879 -13.3900003433228 -13.4399995803833 -13.4899997711182 -13.539999961853 -13.5900001525879 -13.6499996185303 -13.6999998092651 -13.7399997711182 -13.7600002288818 -13.7799997329712 -13.789999961853 -13.8100004196167 -13.8199996948242 -13.789999961853 -13.7799997329712 -13.8000001907349 -13.8100004196167 -13.8299999237061 -13.8400001525879 -13.8599996566772 -13.8699998855591 -13.8800001144409 -13.8900003433228 -13.9200000762939 -13.9300003051758 -13.9499998092651 -13.9700002670288 -13.9899997711182 -14.0299997329712 -14.0699996948242 -14.1199998855591 -14.1700000762939 -14.2399997711182 -14.3299999237061 -14.3800001144409 -14.4200000762939 -14.460000038147 -14.5
-12.9700002670288 -12.9899997711182 -13.0299997329712 -13.0900001525879 -13.1300001144409 -13.1800003051758 -13.2200002670288 -13.2700004577637 -13.3199996948242 -13.3699998855591 -13.4200000762939 -13.4799995422363 -13.539999961853 -13.5900001525879 -13.6400003433228 -13.6599998474121 -13.6800003051758 -13.710000038147 -13.7200002670288 -13.7299995422363 -13.7299995422363 -13.7399997711182 -13.75 -13.7299995422363 -13.75 -13.7600002288818 -13.7799997329712 -13.8000001907349 -13.8100004196167 -13.8299999237061 -13.8800001144409 -13.8800001144409 -13.8999996185303 -13.9300003051758 -13.960000038147 -14 -14.039999961853 -14.0799999237061 -14.1300001144409 -14.1800003051758 -14.2700004577637 -14.3299999237061 -14.3599996566772 -14.3999996185303 -14.4399995803833
-12.8299999237061 -12.8599996566772 -12.9099998474121 -12.9499998092651 -13 -13.0500001907349 -13.1000003814697 -13.1599998474121 -13.210000038147 -13.2700004577637 -13.3400001525879 -13.3800001144409 -13.4399995803833 -13.4899997711182 -13.539999961853 -13.5699996948242 -13.6000003814697 -13.6300001144409 -13.6400003433228 -13.6599998474121 -13.6499996185303 -13.6800003051758 -13.6999998092651 -13.6800003051758 -13.6700000762939 -13.6899995803833 -13.710000038147 -13.7299995422363 -13.75 -13.7700004577637 -13.8699998855591 -13.8400001525879 -13.8599996566772 -13.8900003433228 -13.9300003051758 -13.960000038147 -14 -14.0500001907349 -14.0900001525879 -14.1400003433228 -14.1899995803833 -14.2799997329712 -14.3100004196167 -14.3400001525879 -14.3699998855591
-12.710000038147 -12.75 -12.789999961853 -12.8299999237061 -12.8699998855591 -12.9300003051758 -12.9899997711182 -13.0500001907349 -13.1000003814697 -13.1599998474121 -13.2200002670288 -13.2799997329712 -13.3400001525879 -13.3999996185303 -13.4499998092651 -13.4899997711182 -13.5299997329712 -13.5500001907349 -13.6000003814697 -13.5900001525879 -13.5600004196167 -13.5699996948242 -13.5799999237061 -13.5900001525879 -13.5900001525879 -13.6199998855591 -13.6400003433228 -13.6700000762939 -13.6899995803833 -13.7200002670288 -13.8299999237061 -13.789999961853 -13.8199996948242 -13.8500003814697 -13.8900003433228 -13.9200000762939 -13.960000038147 -14.0100002288818 -14.0500001907349 -14.1000003814697 -14.1400003433228 -14.210000038147 -14.25 -14.2700004577637 -14.3000001907349
-12.6000003814697 -12.6400003433228 -12.6700000762939 -12.710000038147 -12.7600002288818 -12.8199996948242 -12.8800001144409 -12.9399995803833 -13 -13.0600004196167 -13.1300001144409 -13.1899995803833 -13.25 -13.3100004196167 -13.3599996566772 -13.4099998474121 -13.4399995803833 -13.4799995422363 -13.5 -13.5 -13.4899997711182 -13.5 -13.5200004577637 -13.5299997329712 -13.5500001907349 -13.5600004196167 -13.5799999237061 -13.6000003814697 -13.6300001144409 -13.6599998474121 -13.7299995422363 -13.7399997711182 -13.7700004577637 -13.8000001907349 -13.8400001525879 -13.8800001144409 -13.9200000762939 -13.960000038147 -14 -14.039999961853 -14.0799999237061 -14.1300001144409 -14.1700000762939 -14.1999998092651 -14.2200002670288
-12.5500001907349 -12.5600004196167 -12.5600004196167 -12.5900001525879 -12.6499996185303 -12.7200002670288 -12.7799997329712 -12.8500003814697 -12.9399995803833 -12.9899997711182 -13.039999961853 -13.1000003814697 -13.1700000762939 -13.2299995422363 -13.2799997329712 -13.3199996948242 -13.3599996566772 -13.3900003433228 -13.4099998474121 -13.4200000762939 -13.4399995803833 -13.4499998092651 -13.4700002670288 -13.5 -13.4899997711182 -13.5200004577637 -13.5299997329712 -13.5500001907349 -13.5699996948242 -13.6000003814697 -13.6499996185303 -13.6899995803833 -13.7200002670288 -13.75 -13.789999961853 -13.8299999237061 -13.8599996566772 -13.8999996185303 -13.9399995803833 -13.9799995422363 -14.0100002288818 -14.0500001907349 -14.0799999237061 -14.1099996566772 -14.1400003433228
-12.5299997329712 -12.4899997711182 -12.4700002670288 -12.4899997711182 -12.5500001907349 -12.6199998855591 -12.6899995803833 -12.7600002288818 -12.8299999237061 -12.8900003433228 -12.9499998092651 -13.0100002288818 -13.0799999237061 -13.1400003433228 -13.1800003051758 -13.2299995422363 -13.2700004577637 -13.3100004196167 -13.3500003814697 -13.3599996566772 -13.3599996566772 -13.3800001144409 -13.4200000762939 -13.4399995803833 -13.4399995803833 -13.460000038147 -13.4799995422363 -13.5 -13.5100002288818 -13.539999961853 -13.5900001525879 -13.6300001144409 -13.6599998474121 -13.6999998092651 -13.7399997711182 -13.789999961853 -13.8000001907349 -13.8400001525879 -13.8800001144409 -13.9099998474121 -13.9399995803833 -13.9700002670288 -14 -14.0200004577637 -14.039999961853
-12.3699998855591 -12.3800001144409 -12.3699998855591 -12.3999996185303 -12.460000038147 -12.539999961853 -12.6099996566772 -12.6800003051758 -12.7399997711182 -12.8000001907349 -12.8699998855591 -12.9200000762939 -12.9799995422363 -13.039999961853 -13.0900001525879 -13.1300001144409 -13.1700000762939 -13.210000038147 -13.2600002288818 -13.2700004577637 -13.2799997329712 -13.3100004196167 -13.3299999237061 -13.3599996566772 -13.3800001144409 -13.3999996185303 -13.4300003051758 -13.4399995803833 -13.460000038147 -13.4799995422363 -13.5299997329712 -13.5699996948242 -13.6000003814697 -13.6499996185303 -13.710000038147 -13.7200002670288 -13.75 -13.7799997329712 -13.8100004196167 -13.8400001525879 -13.8699998855591 -13.8900003433228 -13.9099998474121 -13.9300003051758 -13.960000038147
-12.2299995422363 -12.2600002288818 -12.2700004577637 -12.3199996948242 -12.3900003433228 -12.460000038147 -12.539999961853 -12.6099996566772 -12.6700000762939 -12.7200002670288 -12.7799997329712 -12.8199996948242 -12.8699998855591 -12.9200000762939 -12.9700002670288 -13.0299997329712 -13.0600004196167 -13.1000003814697 -13.1499996185303 -13.1800003051758 -13.2200002670288 -13.2399997711182 -13.2600002288818 -13.2799997329712 -13.3199996948242 -13.3599996566772 -13.3800001144409 -13.3999996185303 -13.3999996185303 -13.4099998474121 -13.4499998092651 -13.4899997711182 -13.5200004577637 -13.5900001525879 -13.6499996185303 -13.6899995803833 -13.710000038147 -13.710000038147 -13.7299995422363 -13.7600002288818 -13.7799997329712 -13.8100004196167 -13.8299999237061 -13.8400001525879 -13.8599996566772
-12.1099996566772 -12.1400003433228 -12.1899995803833 -12.2600002288818 -12.3299999237061 -12.3999996185303 -12.4899997711182 -12.5600004196167 -12.6099996566772 -12.6499996185303 -12.6899995803833 -12.7200002670288 -12.7600002288818 -12.8000001907349 -12.8500003814697 -12.8900003433228 -12.9300003051758 -12.9799995422363 -13.0299997329712 -13.0699996948242 -13.1599998474121 -13.1800003051758 -13.1899995803833 -13.2200002670288 -13.2600002288818 -13.2799997329712 -13.3100004196167 -13.3299999237061 -13.3699998855591 -13.3999996185303 -13.4300003051758 -13.4399995803833 -13.4499998092651 -13.5100002288818 -13.5799999237061 -13.6300001144409 -13.6199998855591 -13.6300001144409 -13.6599998474121 -13.6899995803833 -13.710000038147 -13.7299995422363 -13.75 -13.7600002288818 -13.7799997329712
-12.0299997329712 -12.0799999237061 -12.1499996185303 -12.210000038147 -12.2799997329712 -12.3400001525879 -12.4399995803833 -12.5200004577637 -12.5500001907349 -12.5699996948242 -12.5900001525879 -12.6099996566772 -12.6400003433228 -12.6700000762939 -12.7200002670288 -12.75 -12.789999961853 -12.8500003814697 -12.8900003433228 -12.9499998092651 -13.0299997329712 -13.0799999237061 -13.1300001144409 -13.1400003433228 -13.1700000762939 -13.1899995803833 -13.2200002670288 -13.2700004577637 -13.3199996948242 -13.3699998855591 -13.4099998474121 -13.3999996185303 -13.3900003433228 -13.4399995803833 -13.4899997711182 -13.5299997329712 -13.5299997329712 -13.5600004196167 -13.5900001525879 -13.6099996566772 -13.6300001144409 -13.6499996185303 -13.6700000762939 -13.6800003051758 -13.6899995803833
-12.0600004196167 -12.0799999237061 -12.1300001144409 -12.1700000762939 -12.2200002670288 -12.2700004577637 -12.3400001525879 -12.4099998474121 -12.4399995803833 -12.460000038147 -12.4700002670288 -12.4899997711182 -12.5100002288818 -12.539999961853 -12.5799999237061 -12.6199998855591 -12.6599998474121 -12.710000038147 -12.75 -12.8000001907349 -12.8699998855591 -12.9200000762939 -12.960000038147 -13 -13.039999961853 -13.0900001525879 -13.1800003051758 -13.2399997711182 -13.289999961853 -13.3199996948242 -13.3599996566772 -13.3299999237061 -13.3500003814697 -13.3999996185303 -13.4099998474121 -13.4300003051758 -13.460000038147 -13.4899997711182 -13.5100002288818 -13.5299997329712 -13.5500001907349 -13.5699996948242 -13.5900001525879 -13.6000003814697 -13.6000003814697
-12.1099996566772 -12.0799999237061 -12.1000003814697 -12.1099996566772 -12.1199998855591 -12.1499996185303 -12.1999998092651 -12.2399997711182 -12.2799997329712 -12.3100004196167 -12.3299999237061 -12.3500003814697 -12.3699998855591 -12.4099998474121 -12.4399995803833 -12.4799995422363 -12.5200004577637 -12.5600004196167 -12.6000003814697 -12.6499996185303 -12.710000038147 -12.7700004577637 -12.8199996948242 -12.8599996566772 -12.9200000762939 -13.0299997329712 -13.1400003433228 -13.2200002670288 -13.25 -13.2700004577637 -13.2799997329712 -13.2600002288818 -13.289999961853 -13.3400001525879 -13.3500003814697 -13.3699998855591 -13.3900003433228 -13.4300003051758 -13.4399995803833 -13.4499998092651 -13.4700002670288 -13.4799995422363 -13.4899997711182 -13.5100002288818 -13.5100002288818
-12.1700000762939 -12.0900001525879 -12.0500001907349 -12.0299997329712 -12.0100002288818 -12.0100002288818 -12.0500001907349 -12.0900001525879 -12.1099996566772 -12.1499996185303 -12.1700000762939 -12.1899995803833 -12.2299995422363 -12.2700004577637 -12.3000001907349 -12.3400001525879 -12.3800001144409 -12.4200000762939 -12.460000038147 -12.5 -12.5600004196167 -12.6199998855591 -12.6700000762939 -12.7299995422363 -12.8199996948242 -12.9700002670288 -13.0799999237061 -13.1700000762939 -13.210000038147 -13.210000038147 -13.210000038147 -13.1999998092651 -13.2200002670288 -13.2700004577637 -13.289999961853 -13.3100004196167 -13.3400001525879 -13.3500003814697 -13.3599996566772 -13.3699998855591 -13.3800001144409 -13.3900003433228 -13.3999996185303 -13.3900003433228 -13.3999996185303
-12.2200002670288 -12.0900001525879 -12.0100002288818 -11.9499998092651 -11.9099998474121 -11.8900003433228 -11.8900003433228 -11.9200000762939 -11.9499998092651 -11.9899997711182 -12.0100002288818 -12.039999961853 -12.0799999237061 -12.1300001144409 -12.1599998474121 -12.210000038147 -12.2399997711182 -12.2799997329712 -12.3199996948242 -12.3599996566772 -12.3999996185303 -12.5 -12.5699996948242 -12.6400003433228 -12.7299995422363 -12.8599996566772 -12.9799995422363 -13.0699996948242 -13.1199998855591 -13.1099996566772 -13.1300001144409 -13.1300001144409 -13.1400003433228 -13.1899995803833 -13.2200002670288 -13.2299995422363 -13.25 -13.2600002288818 -13.2700004577637 -13.2799997329712 -13.2799997329712 -13.289999961853 -13.2799997329712 -13.2600002288818 -13.25
-12.2600002288818 -12.0600004196167 -11.9499998092651 -11.8699998855591 -11.8000001907349 -11.75 -11.7200002670288 -11.7399997711182 -11.7799997329712 -11.8100004196167 -11.8500003814697 -11.8900003433228 -11.9399995803833 -11.9899997711182 -12.039999961853 -12.0900001525879 -12.1199998855591 -12.1599998474121 -12.210000038147 -12.2600002288818 -12.3100004196167 -12.3900003433228 -12.4799995422363 -12.5600004196167 -12.6499996185303 -12.75 -12.8299999237061 -12.9099998474121 -12.9799995422363 -12.9899997711182 -13.0299997329712 -13.0299997329712 -13.0600004196167 -13.1099996566772 -13.1400003433228 -13.1499996185303 -13.1800003051758 -13.1999998092651 -13.1999998092651 -13.1999998092651 -13.1899995803833 -13.1899995803833 -13.1499996185303 -13.1199998855591 -13.1000003814697
