SnowAccumulation_R/test/tmin/mint_4.asc
NCOLS 144 
NROWS 72 
XLLCORNER -107.999996877414 
YLLCORNER 47.0000011447333 
CELLSIZE 0.0833333376702586 
NODATA_value -3.4e+38 
[rows 0 to 19 of 72, columns 90 to 134 of 144]
-4.19000005722046 -4.21000003814697 -4.25 -4.30000019073486 -4.34999990463257 -4.3899998664856 -4.46000003814697 -4.53000020980835 -4.57999992370605 -4.67000007629395 -4.71000003814697 -4.75 -4.82000017166138 -4.84000015258789 -4.84000015258789 -4.8600001335144 -4.86999988555908 -4.80000019073486 -4.82000017166138 -4.82000017166138 -4.80000019073486 -4.80000019073486 -4.78000020980835 -4.76000022888184 -4.75 -4.75 -4.73999977111816 -4.73999977111816 -4.73999977111816 -4.73000001907349 -4.73999977111816 -4.73999977111816 -4.73999977111816 -4.73999977111816 -4.73999977111816 -4.75 -4.76000022888184 -4.78000020980835 -4.78999996185303 -4.80999994277954 -4.84999990463257 -4.88000011444092 -4.90000009536743 -4.92999982833862 -4.96000003814697
-4.09000015258789 -4.11999988555908 -4.15999984741211 -4.21000003814697 -4.25 -4.30000019073486 -4.34999990463257 -4.3899998664856 -4.44000005722046 -4.48999977111816 -4.57999992370605 -4.63000011444092 -4.67999982833862 -4.71000003814697 -4.75 -4.78000020980835 -4.78000020980835 -4.73000001907349 -4.67000007629395 -4.6399998664856 -4.65000009536743 -4.65999984741211 -4.65999984741211 -4.65999984741211 -4.65999984741211 -4.65999984741211 -4.65999984741211 -4.65999984741211 -4.65999984741211 -4.65000009536743 -4.67000007629395 -4.65999984741211 -4.65999984741211 -4.65000009536743 -4.65000009536743 -4.65999984741211 -4.67999982833862 -4.71999979019165 -4.73999977111816 -4.76999998092651 -4.78000020980835 -4.80000019073486 -4.82000017166138 -4.8600001335144 -4.8899998664856
-3.99000000953674 -4.01000022888184 -4.05999994277954 -4.1399998664856 -4.17999982833862 -4.21000003814697 -4.25 -4.30000019073486 -4.34000015258789 -4.3899998664856 -4.46000003814697 -4.51999998092651 -4.55999994277954 -4.59999990463257 -4.6399998664856 -4.65000009536743 -4.6399998664856 -4.61999988555908 -4.6100001335144 -4.57000017166138 -4.55999994277954 -4.57000017166138 -4.57000017166138 -4.57999992370605 -4.57999992370605 -4.57999992370605 -4.57999992370605 -4.57999992370605 -4.57999992370605 -4.57999992370605 -4.59000015258789 -4.59000015258789 -4.59000015258789 -4.57999992370605 -4.57999992370605 -4.59000015258789 -4.6100001335144 -4.63000011444092 -4.69999980926514 -4.71999979019165 -4.75 -4.76999998092651 -4.78000020980835 -4.80000019073486 -4.80999994277954
-3.90000009536743 -3.9300000667572 -3.96000003814697 -4.05000019073486 -4.1100001335144 -4.1100001335144 -4.15000009536743 -4.19999980926514 -4.23999977111816 -4.28999996185303 -4.34999990463257 -4.40000009536743 -4.44999980926514 -4.48999977111816 -4.53000020980835 -4.55000019073486 -4.53999996185303 -4.55000019073486 -4.53999996185303 -4.53000020980835 -4.46999979019165 -4.48000001907349 -4.48999977111816 -4.5 -4.5 -4.51000022888184 -4.51000022888184 -4.51000022888184 -4.51000022888184 -4.51000022888184 -4.51999998092651 -4.53000020980835 -4.51999998092651 -4.51999998092651 -4.53000020980835 -4.53999996185303 -4.55000019073486 -4.57000017166138 -4.59999990463257 -4.65999984741211 -4.69000005722046 -4.71000003814697 -4.71999979019165 -4.73999977111816 -4.76000022888184
-3.82999992370605 -3.82999992370605 -3.86999988555908 -3.91000008583069 -3.97000002861023 -4.01000022888184 -4.05999994277954 -4.09999990463257 -4.15000009536743 -4.19000005722046 -4.23999977111816 -4.28999996185303 -4.34000015258789 -4.3899998664856 -4.42999982833862 -4.44000005722046 -4.44999980926514 -4.44999980926514 -4.46999979019165 -4.46000003814697 -4.42000007629395 -4.40000009536743 -4.40999984741211 -4.42000007629395 -4.42000007629395 -4.42999982833862 -4.42999982833862 -4.44000005722046 -4.44000005722046 -4.44000005722046 -4.46000003814697 -4.46999979019165 -4.46999979019165 -4.46999979019165 -4.48000001907349 -4.48999977111816 -4.5 -4.51999998092651 -4.53000020980835 -4.57000017166138 -4.63000011444092 -4.65000009536743 -4.67000007629395 -4.67999982833862 -4.69999980926514
-3.73000001907349 -3.75 -3.79999995231628 -3.84999990463257 -3.88000011444092 -3.9300000667572 -3.96000003814697 -4.01000022888184 -4.05000019073486 -4.09999990463257 -4.1399998664856 -4.19999980926514 -4.25 -4.30000019073486 -4.34000015258789 -4.34999990463257 -4.3600001335144 -4.3899998664856 -4.38000011444092 -4.3899998664856 -4.36999988555908 -4.38000011444092 -4.36999988555908 -4.34999990463257 -4.34999990463257 -4.3600001335144 -4.3600001335144 -4.36999988555908 -4.36999988555908 -4.38000011444092 -4.42000007629395 -4.40999984741211 -4.40999984741211 -4.42000007629395 -4.42999982833862 -4.44000005722046 -4.44999980926514 -4.46000003814697 -4.48000001907349 -4.48999977111816 -4.55999994277954 -4.59000015258789 -4.59999990463257 -4.6100001335144 -4.6399998664856
-3.64000010490417 -3.66000008583069 -3.71000003814697 -3.74000000953674 -3.77999997138977 -3.82999992370605 -3.86999988555908 -3.92000007629395 -3.96000003814697 -4.01000022888184 -4.07999992370605 -4.1100001335144 -4.17000007629395 -4.21000003814697 -4.25 -4.26999998092651 -4.28999996185303 -4.30999994277954 -4.32000017166138 -4.32000017166138 -4.30000019073486 -4.32000017166138 -4.34000015258789 -4.30999994277954 -4.26999998092651 -4.28000020980835 -4.28999996185303 -4.30000019073486 -4.30999994277954 -4.30999994277954 -4.40000009536743 -4.34999990463257 -4.34999990463257 -4.3600001335144 -4.36999988555908 -4.38000011444092 -4.3899998664856 -4.40999984741211 -4.42000007629395 -4.44000005722046 -4.46000003814697 -4.53000020980835 -4.53000020980835 -4.55000019073486 -4.57000017166138
-3.55999994277954 -3.58999991416931 -3.61999988555908 -3.65000009536743 -3.69000005722046 -3.73000001907349 -3.77999997138977 -3.82999992370605 -3.86999988555908 -3.92000007629395 -3.97000002861023 -4.01999998092651 -4.07999992370605 -4.13000011444092 -4.17999982833862 -4.19999980926514 -4.23000001907349 -4.25 -4.28999996185303 -4.26000022888184 -4.21999979019165 -4.21999979019165 -4.21999979019165 -4.21000003814697 -4.19999980926514 -4.21000003814697 -4.21999979019165 -4.23000001907349 -4.23999977111816 -4.25 -4.34999990463257 -4.28999996185303 -4.28999996185303 -4.30000019073486 -4.30999994277954 -4.32999992370605 -4.34000015258789 -4.34999990463257 -4.36999988555908 -4.38000011444092 -4.40000009536743 -4.44000005722046 -4.46999979019165 -4.46999979019165 -4.5
-3.49000000953674 -3.51999998092651 -3.53999996185303 -3.55999994277954 -3.59999990463257 -3.65000009536743 -3.70000004768372 -3.74000000953674 -3.78999996185303 -3.83999991416931 -3.89000010490417 -3.94000005722046 -4 -4.05000019073486 -4.09999990463257 -4.13000011444092 -4.15999984741211 -4.19000005722046 -4.19999980926514 -4.17999982833862 -4.15999984741211 -4.15999984741211 -4.17000007629395 -4.15999984741211 -4.15999984741211 -4.15999984741211 -4.15999984741211 -4.15999984741211 -4.17000007629395 -4.17999982833862 -4.23000001907349 -4.21999979019165 -4.23000001907349 -4.23999977111816 -4.25 -4.26999998092651 -4.28000020980835 -4.28999996185303 -4.30999994277954 -4.32000017166138 -4.34000015258789 -4.3600001335144 -4.3899998664856 -4.40000009536743 -4.42000007629395
-3.49000000953674 -3.49000000953674 -3.47000002861023 -3.47000002861023 -3.51999998092651 -3.5699999332428 -3.60999989509583 -3.66000008583069 -3.74000000953674 -3.77999997138977 -3.80999994277954 -3.85999989509583 -3.92000007629395 -3.98000001907349 -4.01999998092651 -4.05000019073486 -4.07999992370605 -4.1100001335144 -4.11999988555908 -4.1100001335144 -4.1100001335144 -4.1100001335144 -4.11999988555908 -4.13000011444092 -4.1100001335144 -4.1100001335144 -4.1100001335144 -4.1100001335144 -4.1100001335144 -4.11999988555908 -4.1399998664856 -4.15999984741211 -4.17000007629395 -4.17999982833862 -4.19000005722046 -4.19999980926514 -4.21000003814697 -4.23000001907349 -4.23999977111816 -4.25 -4.26999998092651 -4.28999996185303 -4.30000019073486 -4.32000017166138 -4.34000015258789
-3.51999998092651 -3.46000003814697 -3.41000008583069 -3.40000009536743 -3.44000005722046 -3.49000000953674 -3.52999997138977 -3.57999992370605 -3.63000011444092 -3.6800000667572 -3.73000001907349 -3.77999997138977 -3.82999992370605 -3.89000010490417 -3.9300000667572 -3.96000003814697 -4 -4.03000020980835 -4.05999994277954 -4.05999994277954 -4.05000019073486 -4.05000019073486 -4.07000017166138 -4.07999992370605 -4.05999994277954 -4.05999994277954 -4.05999994277954 -4.05000019073486 -4.03999996185303 -4.05000019073486 -4.07999992370605 -4.09000015258789 -4.09999990463257 -4.1100001335144 -4.13000011444092 -4.15999984741211 -4.1399998664856 -4.15999984741211 -4.17000007629395 -4.19000005722046 -4.19999980926514 -4.21000003814697 -4.23000001907349 -4.23999977111816 -4.25
-3.41000008583069 -3.40000009536743 -3.34999990463257 -3.33999991416931 -3.35999989509583 -3.41000008583069 -3.46000003814697 -3.5 -3.53999996185303 -3.58999991416931 -3.64000010490417 -3.69000005722046 -3.74000000953674 -3.78999996185303 -3.82999992370605 -3.88000011444092 -3.91000008583069 -3.94000005722046 -3.97000002861023 -3.97000002861023 -3.97000002861023 -3.99000000953674 -3.99000000953674 -4 -4.01000022888184 -4 -4.01000022888184 -3.99000000953674 -3.99000000953674 -3.97000002861023 -4 -4.01999998092651 -4.01999998092651 -4.05999994277954 -4.09000015258789 -4.07999992370605 -4.07999992370605 -4.09000015258789 -4.09999990463257 -4.1100001335144 -4.13000011444092 -4.1399998664856 -4.15000009536743 -4.15999984741211 -4.17999982833862
-3.32999992370605 -3.32999992370605 -3.28999996185303 -3.28999996185303 -3.30999994277954 -3.33999991416931 -3.39000010490417 -3.4300000667572 -3.47000002861023 -3.5 -3.54999995231628 -3.58999991416931 -3.63000011444092 -3.6800000667572 -3.72000002861023 -3.76999998092651 -3.79999995231628 -3.82999992370605 -3.88000011444092 -3.90000009536743 -3.92000007629395 -3.9300000667572 -3.9300000667572 -3.9300000667572 -3.95000004768372 -3.96000003814697 -3.96000003814697 -3.94000005722046 -3.92000007629395 -3.90000009536743 -3.92000007629395 -3.9300000667572 -3.94000005722046 -3.98000001907349 -4.01999998092651 -4.03000020980835 -4.03999996185303 -4.01999998092651 -4.01999998092651 -4.03000020980835 -4.03999996185303 -4.05000019073486 -4.05999994277954 -4.07999992370605 -4.09000015258789
-3.27999997138977 -3.25 -3.23000001907349 -3.25 -3.25999999046326 -3.27999997138977 -3.3199999332428 -3.35999989509583 -3.39000010490417 -3.42000007629395 -3.46000003814697 -3.49000000953674 -3.51999998092651 -3.55999994277954 -3.60999989509583 -3.65000009536743 -3.67000007629395 -3.72000002861023 -3.75999999046326 -3.79999995231628 -3.86999988555908 -3.88000011444092 -3.88000011444092 -3.88000011444092 -3.89000010490417 -3.89000010490417 -3.88000011444092 -3.86999988555908 -3.88000011444092 -3.88000011444092 -3.89000010490417 -3.85999989509583 -3.84999990463257 -3.89000010490417 -3.94000005722046 -3.96000003814697 -3.9300000667572 -3.9300000667572 -3.94000005722046 -3.95000004768372 -3.97000002861023 -3.98000001907349 -3.99000000953674 -4 -4.01000022888184
-3.23000001907349 -3.22000002861023 -3.22000002861023 -3.22000002861023 -3.22000002861023 -3.21000003814697 -3.25 -3.28999996185303 -3.3199999332428 -3.33999991416931 -3.35999989509583 -3.39000010490417 -3.41000008583069 -3.44000005722046 -3.48000001907349 -3.50999999046326 -3.53999996185303 -3.59999990463257 -3.63000011444092 -3.6800000667572 -3.75 -3.79999995231628 -3.82999992370605 -3.80999994277954 -3.79999995231628 -3.77999997138977 -3.77999997138977 -3.79999995231628 -3.82999992370605 -3.83999991416931 -3.85999989509583 -3.8199999332428 -3.77999997138977 -3.80999994277954 -3.82999992370605 -3.85999989509583 -3.83999991416931 -3.84999990463257 -3.85999989509583 -3.88000011444092 -3.89000010490417 -3.90000009536743 -3.91000008583069 -3.92000007629395 -3.9300000667572
-3.23000001907349 -3.21000003814697 -3.20000004768372 -3.19000005722046 -3.17000007629395 -3.15000009536743 -3.17000007629395 -3.20000004768372 -3.23000001907349 -3.25 -3.26999998092651 -3.27999997138977 -3.30999994277954 -3.32999992370605 -3.35999989509583 -3.39000010490417 -3.42000007629395 -3.46000003814697 -3.48000001907349 -3.51999998092651 -3.57999992370605 -3.63000011444092 -3.65000009536743 -3.65000009536743 -3.66000008583069 -3.6800000667572 -3.73000001907349 -3.75999999046326 -3.77999997138977 -3.78999996185303 -3.78999996185303 -3.73000001907349 -3.73000001907349 -3.75 -3.75 -3.75 -3.75 -3.76999998092651 -3.77999997138977 -3.79999995231628 -3.80999994277954 -3.8199999332428 -3.82999992370605 -3.83999991416931 -3.84999990463257
-3.23000001907349 -3.1800000667572 -3.16000008583069 -3.14000010490417 -3.09999990463257 -3.08999991416931 -3.08999991416931 -3.10999989509583 -3.13000011444092 -3.16000008583069 -3.1800000667572 -3.1800000667572 -3.20000004768372 -3.22000002861023 -3.25 -3.26999998092651 -3.28999996185303 -3.3199999332428 -3.33999991416931 -3.36999988555908 -3.41000008583069 -3.45000004768372 -3.47000002861023 -3.49000000953674 -3.50999999046326 -3.59999990463257 -3.6800000667572 -3.73000001907349 -3.72000002861023 -3.72000002861023 -3.69000005722046 -3.65000009536743 -3.66000008583069 -3.6800000667572 -3.67000007629395 -3.67000007629395 -3.6800000667572 -3.70000004768372 -3.70000004768372 -3.71000003814697 -3.72000002861023 -3.73000001907349 -3.74000000953674 -3.75999999046326 -3.75999999046326
-3.24000000953674 -3.15000009536743 -3.10999989509583 -3.0699999332428 -3.02999997138977 -3 -3.01999998092651 -3.02999997138977 -3.03999996185303 -3.05999994277954 -3.0699999332428 -3.07999992370605 -3.09999990463257 -3.13000011444092 -3.14000010490417 -3.15000009536743 -3.17000007629395 -3.1800000667572 -3.20000004768372 -3.22000002861023 -3.24000000953674 -3.27999997138977 -3.30999994277954 -3.32999992370605 -3.40000009536743 -3.51999998092651 -3.59999990463257 -3.66000008583069 -3.6800000667572 -3.65000009536743 -3.60999989509583 -3.57999992370605 -3.5699999332428 -3.58999991416931 -3.58999991416931 -3.59999990463257 -3.61999988555908 -3.61999988555908 -3.60999989509583 -3.61999988555908 -3.63000011444092 -3.64000010490417 -3.66000008583069 -3.66000008583069 -3.67000007629395
-3.25999999046326 -3.14000010490417 -3.0699999332428 -3.00999999046326 -2.96000003814697 -2.9300000667572 -2.92000007629395 -2.94000005722046 -2.96000003814697 -2.97000002861023 -2.98000001907349 -2.99000000953674 -3.00999999046326 -3.02999997138977 -3.02999997138977 -3.05999994277954 -3.04999995231628 -3.05999994277954 -3.0699999332428 -3.0699999332428 -3.07999992370605 -3.14000010490417 -3.19000005722046 -3.22000002861023 -3.28999996185303 -3.39000010490417 -3.48000001907349 -3.54999995231628 -3.5699999332428 -3.52999997138977 -3.51999998092651 -3.49000000953674 -3.47000002861023 -3.5 -3.50999999046326 -3.5 -3.50999999046326 -3.51999998092651 -3.52999997138977 -3.52999997138977 -3.53999996185303 -3.55999994277954 -3.55999994277954 -3.54999995231628 -3.54999995231628
-3.26999998092651 -3.10999989509583 -3.00999999046326 -2.95000004768372 -2.90000009536743 -2.84999990463257 -2.8199999332428 -2.83999991416931 -2.85999989509583 -2.88000011444092 -2.89000010490417 -2.90000009536743 -2.9300000667572 -2.94000005722046 -2.95000004768372 -2.96000003814697 -2.95000004768372 -2.95000004768372 -2.96000003814697 -2.97000002861023 -2.99000000953674 -3.02999997138977 -3.07999992370605 -3.14000010490417 -3.19000005722046 -3.26999998092651 -3.3199999332428 -3.36999988555908 -3.41000008583069 -3.39000010490417 -3.41000008583069 -3.38000011444092 -3.39000010490417 -3.41000008583069 -3.41000008583069 -3.41000008583069 -3.4300000667572 -3.45000004768372 -3.45000004768372 -3.46000003814697 -3.45000004768372 -3.47000002861023 -3.44000005722046 -3.4300000667572 -3.44000005722046
