SnowAccumulation_R/test/tmin/mint_2.asc
NCOLS 144 
NROWS 72 
XLLCORNER -107.999996877414 
YLLCORNER 47.0000011447333 
CELLSIZE 0.0833333376702586 
NODATA_value -3.4e+38 
[rows 0 to 19 of 72, columns 90 to 134 of 144]
-20.2399997711182 -20.2600002288818 -20.2900009155273 -20.3299999237061 -20.3600006103516 -20.3999996185303 -20.4500007629395 -20.5100002288818 -20.5499992370605 -20.6200008392334 -20.6599998474121 -20.6900005340576 -20.7399997711182 -20.7700004577637 -20.7800006866455 -20.7999992370605 -20.8199996948242 -20.7900009155273 -20.8199996948242 -20.8299999237061 -20.8199996948242 -20.8299999237061 -20.8299999237061 -20.8199996948242 -20.8099994659424 -20.8199996948242 -20.8099994659424 -20.8099994659424 -20.8099994659424 -20.7999992370605 -20.8099994659424 -20.7999992370605 -20.7999992370605 -20.8099994659424 -20.8299999237061 -20.8700008392334 -20.9200000762939 -20.9899997711182 -21.0599994659424 -21.1299991607666 -21.2199993133545 -21.2999992370605 -21.3700008392334 -21.4500007629395 -21.5200004577637
-20.1000003814697 -20.1299991607666 -20.1700000762939 -20.2099990844727 -20.25 -20.2900009155273 -20.3299999237061 -20.3700008392334 -20.4099998474121 -20.4599990844727 -20.5300006866455 -20.5799999237061 -20.6200008392334 -20.6499996185303 -20.6900005340576 -20.7299995422363 -20.7399997711182 -20.7099990844727 -20.6900005340576 -20.6800003051758 -20.6900005340576 -20.7099990844727 -20.7199993133545 -20.7199993133545 -20.7299995422363 -20.7299995422363 -20.7299995422363 -20.7199993133545 -20.7099990844727 -20.7000007629395 -20.7000007629395 -20.6900005340576 -20.6800003051758 -20.6599998474121 -20.6700000762939 -20.7199993133545 -20.7999992370605 -20.8899993896484 -20.9799995422363 -21.0699996948242 -21.1399993896484 -21.2099990844727 -21.2800006866455 -21.3600006103516 -21.4400005340576
-19.9699993133545 -20 -20.0400009155273 -20.1000003814697 -20.1399993896484 -20.1700000762939 -20.2199993133545 -20.2600002288818 -20.3099994659424 -20.3500003814697 -20.4200000762939 -20.4699993133545 -20.5100002288818 -20.5499992370605 -20.5900001525879 -20.6200008392334 -20.6200008392334 -20.6200008392334 -20.6200008392334 -20.6100006103516 -20.6100006103516 -20.6299991607666 -20.6399993896484 -20.6499996185303 -20.6499996185303 -20.6499996185303 -20.6499996185303 -20.6499996185303 -20.6399993896484 -20.6299991607666 -20.6299991607666 -20.6200008392334 -20.6000003814697 -20.5799999237061 -20.5799999237061 -20.6399993896484 -20.7299995422363 -20.8199996948242 -20.9300003051758 -21.0200004577637 -21.1000003814697 -21.1700000762939 -21.2399997711182 -21.3099994659424 -21.3700008392334
-19.8400001525879 -19.8700008392334 -19.9099998474121 -19.9799995422363 -20.0400009155273 -20.0599994659424 -20.1100006103516 -20.1499996185303 -20.2000007629395 -20.25 -20.3099994659424 -20.3600006103516 -20.4099998474121 -20.4599990844727 -20.5 -20.5300006866455 -20.5400009155273 -20.5599994659424 -20.5699996948242 -20.5699996948242 -20.5400009155273 -20.5599994659424 -20.5699996948242 -20.5799999237061 -20.5900001525879 -20.5900001525879 -20.6000003814697 -20.5900001525879 -20.5900001525879 -20.5900001525879 -20.5900001525879 -20.5900001525879 -20.5799999237061 -20.5900001525879 -20.6100006103516 -20.6499996185303 -20.7199993133545 -20.7900009155273 -20.8700008392334 -20.9799995422363 -21.0599994659424 -21.1299991607666 -21.1900005340576 -21.2600002288818 -21.3199996948242
-19.7199993133545 -19.7399997711182 -19.7900009155273 -19.8400001525879 -19.8899993896484 -19.9400005340576 -20 -20.0499992370605 -20.1000003814697 -20.1499996185303 -20.2099990844727 -20.2600002288818 -20.3199996948242 -20.3700008392334 -20.4099998474121 -20.4400005340576 -20.4599990844727 -20.4799995422363 -20.5100002288818 -20.5200004577637 -20.5 -20.5 -20.5100002288818 -20.5300006866455 -20.5400009155273 -20.5499992370605 -20.5499992370605 -20.5599994659424 -20.5599994659424 -20.5599994659424 -20.5799999237061 -20.5799999237061 -20.5900001525879 -20.6100006103516 -20.6299991607666 -20.6700000762939 -20.7299995422363 -20.7900009155273 -20.8500003814697 -20.9400005340576 -21.0400009155273 -21.1000003814697 -21.1599998474121 -21.2199993133545 -21.2800006866455
-19.5900001525879 -19.6299991607666 -19.6800003051758 -19.7399997711182 -19.7900009155273 -19.8500003814697 -19.8899993896484 -19.9500007629395 -20.0100002288818 -20.0599994659424 -20.1200008392334 -20.1800003051758 -20.2399997711182 -20.2900009155273 -20.3400001525879 -20.3700008392334 -20.3999996185303 -20.4300003051758 -20.4500007629395 -20.4699993133545 -20.4699993133545 -20.4899997711182 -20.5 -20.4899997711182 -20.5 -20.5100002288818 -20.5200004577637 -20.5300006866455 -20.5400009155273 -20.5499992370605 -20.5900001525879 -20.5900001525879 -20.6000003814697 -20.6200008392334 -20.6599998474121 -20.7000007629395 -20.7399997711182 -20.7999992370605 -20.8600006103516 -20.9200000762939 -21.0200004577637 -21.0900001525879 -21.1299991607666 -21.1900005340576 -21.2399997711182
-19.4699993133545 -19.5100002288818 -19.5599994659424 -19.6200008392334 -19.6700000762939 -19.7299995422363 -19.7900009155273 -19.8600006103516 -19.9200000762939 -19.9799995422363 -20.0499992370605 -20.1000003814697 -20.1700000762939 -20.2199993133545 -20.2800006866455 -20.3099994659424 -20.3500003814697 -20.3899993896484 -20.4099998474121 -20.4300003051758 -20.4400005340576 -20.4699993133545 -20.4899997711182 -20.4799995422363 -20.4699993133545 -20.4899997711182 -20.5 -20.5200004577637 -20.5300006866455 -20.5400009155273 -20.6200008392334 -20.5900001525879 -20.6100006103516 -20.6399993896484 -20.6700000762939 -20.7099990844727 -20.7600002288818 -20.8099994659424 -20.8600006103516 -20.9200000762939 -20.9799995422363 -21.0799999237061 -21.1200008392334 -21.1599998474121 -21.2099990844727
-19.3500003814697 -19.3999996185303 -19.4500007629395 -19.5 -19.5599994659424 -19.6299991607666 -19.7000007629395 -19.7700004577637 -19.8299999237061 -19.8999996185303 -19.9599990844727 -20.0300006866455 -20.1000003814697 -20.1599998474121 -20.2199993133545 -20.2600002288818 -20.3099994659424 -20.3500003814697 -20.3999996185303 -20.3999996185303 -20.3899993896484 -20.4099998474121 -20.4300003051758 -20.4400005340576 -20.4500007629395 -20.4699993133545 -20.4899997711182 -20.5100002288818 -20.5200004577637 -20.5400009155273 -20.6299991607666 -20.6000003814697 -20.6200008392334 -20.6499996185303 -20.6900005340576 -20.7199993133545 -20.7700004577637 -20.8099994659424 -20.8600006103516 -20.9200000762939 -20.9799995422363 -21.0499992370605 -21.1000003814697 -21.1299991607666 -21.1700000762939
-19.2399997711182 -19.2900009155273 -19.3400001525879 -19.3999996185303 -19.4599990844727 -19.5400009155273 -19.6100006103516 -19.6800003051758 -19.75 -19.8299999237061 -19.8999996185303 -19.9699993133545 -20.0400009155273 -20.1100006103516 -20.1700000762939 -20.2199993133545 -20.2700004577637 -20.3099994659424 -20.3500003814697 -20.3600006103516 -20.3700008392334 -20.3899993896484 -20.4200000762939 -20.4300003051758 -20.4500007629395 -20.4599990844727 -20.4799995422363 -20.5 -20.5200004577637 -20.5400009155273 -20.5900001525879 -20.6000003814697 -20.6299991607666 -20.6599998474121 -20.6900005340576 -20.7299995422363 -20.7700004577637 -20.8099994659424 -20.8500003814697 -20.8999996185303 -20.9500007629395 -21 -21.0499992370605 -21.0799999237061 -21.1200008392334
-19.1700000762939 -19.2099990844727 -19.2399997711182 -19.2900009155273 -19.3700008392334 -19.4500007629395 -19.5300006866455 -19.6100006103516 -19.7099990844727 -19.7800006866455 -19.8400001525879 -19.9099998474121 -19.9799995422363 -20.0499992370605 -20.1100006103516 -20.1700000762939 -20.2199993133545 -20.2700004577637 -20.2999992370605 -20.3299999237061 -20.3600006103516 -20.3799991607666 -20.4099998474121 -20.4400005340576 -20.4500007629395 -20.4699993133545 -20.4799995422363 -20.5 -20.5100002288818 -20.5400009155273 -20.5699996948242 -20.6000003814697 -20.6299991607666 -20.6599998474121 -20.6900005340576 -20.7199993133545 -20.7600002288818 -20.7900009155273 -20.8299999237061 -20.8700008392334 -20.9099998474121 -20.9599990844727 -20.9899997711182 -21.0300006866455 -21.0599994659424
-19.1299991607666 -19.1299991607666 -19.1499996185303 -19.2000007629395 -19.2800006866455 -19.3700008392334 -19.4599990844727 -19.5400009155273 -19.6299991607666 -19.7000007629395 -19.7800006866455 -19.8500003814697 -19.9200000762939 -19.9899997711182 -20.0499992370605 -20.1100006103516 -20.1700000762939 -20.2199993133545 -20.2800006866455 -20.3099994659424 -20.3400001525879 -20.3600006103516 -20.4099998474121 -20.4400005340576 -20.4500007629395 -20.4699993133545 -20.4899997711182 -20.5 -20.5100002288818 -20.5300006866455 -20.5699996948242 -20.6000003814697 -20.6200008392334 -20.6499996185303 -20.6900005340576 -20.7299995422363 -20.7399997711182 -20.7700004577637 -20.7999992370605 -20.8400001525879 -20.8700008392334 -20.8999996185303 -20.9300003051758 -20.9699993133545 -20.9899997711182
-18.9799995422363 -19.0200004577637 -19.0499992370605 -19.1200008392334 -19.2099990844727 -19.2999992370605 -19.3999996185303 -19.4899997711182 -19.5599994659424 -19.6399993896484 -19.7199993133545 -19.7900009155273 -19.8600006103516 -19.9300003051758 -19.9899997711182 -20.0499992370605 -20.1100006103516 -20.1700000762939 -20.2299995422363 -20.2700004577637 -20.2999992370605 -20.3500003814697 -20.3799991607666 -20.4200000762939 -20.4500007629395 -20.4599990844727 -20.4899997711182 -20.5 -20.5100002288818 -20.5200004577637 -20.5599994659424 -20.5900001525879 -20.6100006103516 -20.6499996185303 -20.6900005340576 -20.7000007629395 -20.7199993133545 -20.75 -20.7700004577637 -20.7999992370605 -20.8199996948242 -20.8500003814697 -20.8700008392334 -20.8999996185303 -20.9300003051758
-18.8500003814697 -18.9099998474121 -18.9699993133545 -19.0499992370605 -19.1499996185303 -19.25 -19.3500003814697 -19.4400005340576 -19.5200004577637 -19.5900001525879 -19.6599998474121 -19.7199993133545 -19.7800006866455 -19.8400001525879 -19.8999996185303 -19.9799995422363 -20.0300006866455 -20.1000003814697 -20.1700000762939 -20.2299995422363 -20.2900009155273 -20.3299999237061 -20.3700008392334 -20.4099998474121 -20.4400005340576 -20.4799995422363 -20.5 -20.5 -20.5 -20.5100002288818 -20.5400009155273 -20.5699996948242 -20.5900001525879 -20.6399993896484 -20.6800003051758 -20.7000007629395 -20.7199993133545 -20.7199993133545 -20.7299995422363 -20.75 -20.7700004577637 -20.7900009155273 -20.8099994659424 -20.8299999237061 -20.8500003814697
-18.7299995422363 -18.7999992370605 -18.8899993896484 -19 -19.1000003814697 -19.2099990844727 -19.3299999237061 -19.4200000762939 -19.4899997711182 -19.5400009155273 -19.5900001525879 -19.6399993896484 -19.6900005340576 -19.75 -19.8099994659424 -19.8700008392334 -19.9300003051758 -20.0100002288818 -20.0799999237061 -20.1599998474121 -20.2600002288818 -20.3199996948242 -20.3700008392334 -20.3999996185303 -20.4400005340576 -20.4599990844727 -20.4699993133545 -20.4899997711182 -20.5100002288818 -20.5400009155273 -20.5599994659424 -20.5599994659424 -20.5699996948242 -20.6100006103516 -20.6499996185303 -20.6800003051758 -20.6700000762939 -20.6800003051758 -20.6900005340576 -20.7099990844727 -20.7199993133545 -20.7399997711182 -20.75 -20.7700004577637 -20.7900009155273
-18.6599998474121 -18.75 -18.8600006103516 -18.9599990844727 -19.0699996948242 -19.1800003051758 -19.3099994659424 -19.4099998474121 -19.4500007629395 -19.4799995422363 -19.5100002288818 -19.5499992370605 -19.5900001525879 -19.6299991607666 -19.6900005340576 -19.7399997711182 -19.8099994659424 -19.8899993896484 -19.9599990844727 -20.0499992370605 -20.1700000762939 -20.2800006866455 -20.3600006103516 -20.3799991607666 -20.3899993896484 -20.4099998474121 -20.4300003051758 -20.4699993133545 -20.5100002288818 -20.5400009155273 -20.5799999237061 -20.5599994659424 -20.5499992370605 -20.5799999237061 -20.6100006103516 -20.6399993896484 -20.6299991607666 -20.6399993896484 -20.6599998474121 -20.6700000762939 -20.6700000762939 -20.6800003051758 -20.6900005340576 -20.7000007629395 -20.7099990844727
-18.7099990844727 -18.7600002288818 -18.8400001525879 -18.9300003051758 -19.0100002288818 -19.1100006103516 -19.2199993133545 -19.3099994659424 -19.3500003814697 -19.3799991607666 -19.4099998474121 -19.4300003051758 -19.4699993133545 -19.5100002288818 -19.5499992370605 -19.6100006103516 -19.6700000762939 -19.7399997711182 -19.8099994659424 -19.8999996185303 -20.0100002288818 -20.1100006103516 -20.1900005340576 -20.2399997711182 -20.2800006866455 -20.3299999237061 -20.4099998474121 -20.4599990844727 -20.5 -20.5300006866455 -20.5599994659424 -20.5400009155273 -20.5499992370605 -20.5799999237061 -20.5900001525879 -20.5900001525879 -20.6000003814697 -20.6200008392334 -20.6200008392334 -20.6299991607666 -20.6299991607666 -20.6299991607666 -20.6299991607666 -20.6299991607666 -20.6299991607666
-18.7900009155273 -18.7800006866455 -18.8199996948242 -18.8700008392334 -18.9300003051758 -18.9899997711182 -19.0599994659424 -19.1299991607666 -19.1900005340576 -19.2299995422363 -19.2700004577637 -19.2900009155273 -19.3299999237061 -19.3700008392334 -19.4099998474121 -19.4599990844727 -19.5100002288818 -19.5699996948242 -19.6399993896484 -19.7199993133545 -19.8099994659424 -19.9099998474121 -20 -20.0799999237061 -20.1599998474121 -20.2800006866455 -20.3799991607666 -20.4599990844727 -20.4899997711182 -20.5200004577637 -20.5300006866455 -20.5100002288818 -20.5400009155273 -20.5699996948242 -20.5699996948242 -20.5699996948242 -20.5799999237061 -20.6000003814697 -20.5900001525879 -20.5900001525879 -20.5900001525879 -20.5799999237061 -20.5699996948242 -20.5599994659424 -20.5499992370605
-18.8600006103516 -18.7999992370605 -18.7900009155273 -18.7999992370605 -18.8099994659424 -18.8500003814697 -18.9099998474121 -18.9699993133545 -19.0200004577637 -19.0699996948242 -19.1000003814697 -19.1299991607666 -19.1800003051758 -19.2199993133545 -19.2600002288818 -19.2999992370605 -19.3500003814697 -19.3999996185303 -19.4599990844727 -19.5200004577637 -19.6000003814697 -19.7099990844727 -19.8199996948242 -19.9300003051758 -20.0599994659424 -20.2199993133545 -20.3400001525879 -20.4300003051758 -20.4899997711182 -20.5 -20.5100002288818 -20.5 -20.5200004577637 -20.5499992370605 -20.5599994659424 -20.5699996948242 -20.5799999237061 -20.5799999237061 -20.5699996948242 -20.5599994659424 -20.5599994659424 -20.5499992370605 -20.5400009155273 -20.5300006866455 -20.5400009155273
-18.9200000762939 -18.7999992370605 -18.7399997711182 -18.7099990844727 -18.6900005340576 -18.7000007629395 -18.7299995422363 -18.7900009155273 -18.8500003814697 -18.9099998474121 -18.9400005340576 -18.9699993133545 -19.0100002288818 -19.0699996948242 -19.1000003814697 -19.1599998474121 -19.2000007629395 -19.25 -19.2900009155273 -19.3299999237061 -19.3799991607666 -19.5499992370605 -19.7000007629395 -19.8400001525879 -19.9799995422363 -20.1399993896484 -20.2800006866455 -20.3799991607666 -20.4500007629395 -20.4599990844727 -20.4799995422363 -20.4799995422363 -20.4899997711182 -20.5200004577637 -20.5400009155273 -20.5400009155273 -20.5499992370605 -20.5499992370605 -20.5400009155273 -20.5400009155273 -20.5300006866455 -20.5300006866455 -20.5100002288818 -20.4899997711182 -20.4899997711182
-18.9599990844727 -18.7800006866455 -18.6700000762939 -18.6100006103516 -18.5599994659424 -18.5300006866455 -18.5300006866455 -18.5799999237061 -18.6399993896484 -18.7000007629395 -18.7399997711182 -18.7900009155273 -18.8500003814697 -18.9099998474121 -18.9699993133545 -19.0300006866455 -19.0699996948242 -19.1299991607666 -19.2000007629395 -19.2600002288818 -19.3500003814697 -19.5 -19.6499996185303 -19.7999992370605 -19.9400005340576 -20.0900001525879 -20.2000007629395 -20.2999992370605 -20.3700008392334 -20.3999996185303 -20.4400005340576 -20.4400005340576 -20.4699993133545 -20.5 -20.5100002288818 -20.5200004577637 -20.5300006866455 -20.5400009155273 -20.5300006866455 -20.5200004577637 -20.5100002288818 -20.5 -20.4599990844727 -20.4400005340576 -20.4300003051758
