SnowAccumulation_R/test/tmin/mint_1.asc
NCOLS 144 
NROWS 72 
XLLCORNER -107.999996877414 
YLLCORNER 47.0000011447333 
CELLSIZE 0.0833333376702586 
NODATA_value -3.4e+38 
[rows 40 to 59 of 72, columns 0 to 44 of 144]
-16.1399993896484 -16.3099994659424 -16.3099994659424 -16.3999996185303 -16.5100002288818 -16.6200008392334 -16.6299991607666 -16.6900005340576 -16.7299995422363 -16.7800006866455 -16.8500003814697 -16.9200000762939 -16.9599990844727 -16.9699993133545 -16.9899997711182 -17.0300006866455 -17.0200004577637 -17.0200004577637 -17.0599994659424 -17.1000003814697 -17.1299991607666 -17.1399993896484 -17.1599998474121 -17.2000007629395 -17.2299995422363 -17.2999992370605 -17.3700008392334 -17.3899993896484 -17.4400005340576 -17.4699993133545 -17.5 -17.5499992370605 -17.6000003814697 -17.6599998474121 -17.6599998474121 -17.6700000762939 -17.6900005340576 -17.7299995422363 -17.7700004577637 -17.8500003814697 -18.0100002288818 -18.1599998474121 -18.2800006866455 -18.3799991607666 -18.4799995422363
-16.3500003814697 -16.4500007629395 -16.4599990844727 -16.4699993133545 -16.5300006866455 -16.7399997711182 -16.8600006103516 -16.8999996185303 -16.9300003051758 -17 -17.0300006866455 -17.0599994659424 -17.0599994659424 -17.0599994659424 -17.1200008392334 -17.1200008392334 -17.1000003814697 -17.0799999237061 -17.1000003814697 -17.0799999237061 -17.0799999237061 -17.0799999237061 -17.0699996948242 -17.1000003814697 -17.1200008392334 -17.1700000762939 -17.2299995422363 -17.2600002288818 -17.3500003814697 -17.3199996948242 -17.3600006103516 -17.4300003051758 -17.4799995422363 -17.5200004577637 -17.5200004577637 -17.5300006866455 -17.5599994659424 -17.6000003814697 -17.6399993896484 -17.7099990844727 -17.8199996948242 -17.9400005340576 -18.0699996948242 -18.1700000762939 -18.2399997711182
-16.4500007629395 -16.6200008392334 -16.8400001525879 -16.8700008392334 -16.8700008392334 -16.8500003814697 -16.9599990844727 -16.9599990844727 -17.0699996948242 -17.1200008392334 -17.1599998474121 -17.1800003051758 -17.1800003051758 -17.2399997711182 -17.2600002288818 -17.2199993133545 -17.1800003051758 -17.1299991607666 -17.1000003814697 -17.1100006103516 -17.0900001525879 -17.0400009155273 -17.0100002288818 -17.0200004577637 -17 -17.0699996948242 -17.1299991607666 -17.1900005340576 -17.2800006866455 -17.3099994659424 -17.3500003814697 -17.3299999237061 -17.3700008392334 -17.4200000762939 -17.4200000762939 -17.4099998474121 -17.4300003051758 -17.4699993133545 -17.5100002288818 -17.5900001525879 -17.6800003051758 -17.7800006866455 -17.8700008392334 -17.9799995422363 -18.0599994659424
-16.7800006866455 -17.0900001525879 -17.1399993896484 -17.1499996185303 -17.1000003814697 -16.9799995422363 -16.8400001525879 -16.8700008392334 -17.0100002288818 -17.1399993896484 -17.25 -17.3099994659424 -17.3199996948242 -17.3899993896484 -17.3700008392334 -17.2900009155273 -17.2600002288818 -17.1599998474121 -17.0699996948242 -17.0400009155273 -16.9699993133545 -16.9200000762939 -16.7700004577637 -16.7800006866455 -16.7999992370605 -16.7800006866455 -16.7999992370605 -16.8600006103516 -17 -17.1599998474121 -17.2299995422363 -17.2999992370605 -17.3199996948242 -17.3099994659424 -17.2999992370605 -17.3099994659424 -17.3600006103516 -17.3899993896484 -17.4400005340576 -17.5 -17.5599994659424 -17.6399993896484 -17.7099990844727 -17.7999992370605 -17.8700008392334
-16.5699996948242 -16.8799991607666 -17.0799999237061 -17.1800003051758 -17.1299991607666 -17.0900001525879 -16.9899997711182 -16.9899997711182 -17.0900001525879 -17.0799999237061 -17.2800006866455 -17.3700008392334 -17.5 -17.4099998474121 -17.3600006103516 -17.2000007629395 -17.1599998474121 -17.0499992370605 -16.9300003051758 -16.8899993896484 -16.7600002288818 -16.6800003051758 -16.6900005340576 -16.6900005340576 -16.6700000762939 -16.7199993133545 -16.7800006866455 -16.7299995422363 -16.8799991607666 -17.0300006866455 -17.1599998474121 -17.2299995422363 -17.25 -17.2299995422363 -17.2700004577637 -17.2700004577637 -17.2600002288818 -17.2900009155273 -17.3500003814697 -17.4099998474121 -17.4599990844727 -17.5200004577637 -17.6000003814697 -17.6900005340576 -17.7700004577637
-16.4500007629395 -16.5300006866455 -16.7900009155273 -16.9699993133545 -16.9799995422363 -17.0900001525879 -17.0900001525879 -17.1800003051758 -17.25 -17.1700000762939 -17.2000007629395 -17.2700004577637 -17.4400005340576 -17.4400005340576 -17.2999992370605 -17.25 -17.1399993896484 -17.1200008392334 -17.0300006866455 -16.8700008392334 -16.7700004577637 -16.6700000762939 -16.5300006866455 -16.4099998474121 -16.5799999237061 -16.6800003051758 -16.75 -16.7800006866455 -16.8500003814697 -16.9899997711182 -17.0200004577637 -17.0300006866455 -17.0699996948242 -17.1499996185303 -17.1700000762939 -17.25 -17.2900009155273 -17.2999992370605 -17.3400001525879 -17.3400001525879 -17.3899993896484 -17.4599990844727 -17.5499992370605 -17.6399993896484 -17.7199993133545
-16.2299995422363 -16.3099994659424 -16.5100002288818 -16.6299991607666 -16.7700004577637 -16.9400005340576 -17.1000003814697 -17.2099990844727 -17.2299995422363 -17.1000003814697 -17.3799991607666 -17.6700000762939 -17.6599998474121 -17.6299991607666 -17.5900001525879 -17.5300006866455 -17.3799991607666 -17.3400001525879 -17.2600002288818 -17.1100006103516 -16.8400001525879 -16.6900005340576 -16.6000003814697 -16.5499992370605 -16.4400005340576 -16.5900001525879 -16.7099990844727 -16.8199996948242 -16.9599990844727 -17.0499992370605 -17.0900001525879 -16.9899997711182 -17.0499992370605 -17.1200008392334 -17.1399993896484 -17.1599998474121 -17.2399997711182 -17.3299999237061 -17.3199996948242 -17.3700008392334 -17.4200000762939 -17.4799995422363 -17.5499992370605 -17.6399993896484 -17.7299995422363
-16.0200004577637 -16.0499992370605 -16.1599998474121 -16.4300003051758 -16.5699996948242 -16.7000007629395 -16.8500003814697 -17.0599994659424 -17.1900005340576 -17.1700000762939 -17.3899993896484 -17.6100006103516 -17.7000007629395 -17.6800003051758 -17.6599998474121 -17.6100006103516 -17.5300006866455 -17.4200000762939 -17.3600006103516 -17.2900009155273 -17.0799999237061 -16.8099994659424 -16.7000007629395 -16.6900005340576 -16.75 -16.7800006866455 -16.8600006103516 -16.9400005340576 -16.8899993896484 -17.0200004577637 -17.1599998474121 -17.1499996185303 -17.1100006103516 -17.1299991607666 -17.1800003051758 -17.1599998474121 -17.1800003051758 -17.2800006866455 -17.2999992370605 -17.3500003814697 -17.4500007629395 -17.5400009155273 -17.6299991607666 -17.7299995422363 -17.8199996948242
-15.7600002288818 -15.9200000762939 -15.9399995803833 -16.0900001525879 -16.4200000762939 -16.4899997711182 -16.5699996948242 -16.7099990844727 -16.9500007629395 -16.9500007629395 -17.1299991607666 -17.3500003814697 -17.4599990844727 -17.5200004577637 -17.5300006866455 -17.5 -17.4599990844727 -17.2999992370605 -17.1900005340576 -17.2600002288818 -17.1700000762939 -16.9500007629395 -16.7600002288818 -16.7000007629395 -16.6900005340576 -16.7600002288818 -16.9099998474121 -17.0400009155273 -17.0900001525879 -17.0699996948242 -17.2199993133545 -17.2099990844727 -17.1100006103516 -16.9799995422363 -17.0699996948242 -17.1800003051758 -17.25 -17.25 -17.2199993133545 -17.2999992370605 -17.4099998474121 -17.4899997711182 -17.6299991607666 -17.7700004577637 -17.9500007629395
-15.539999961853 -15.6499996185303 -15.9399995803833 -16.1000003814697 -16.2900009155273 -16.2700004577637 -16.2399997711182 -16.3500003814697 -16.7800006866455 -16.8299999237061 -16.9400005340576 -17.0900001525879 -17.2299995422363 -17.2900009155273 -17.2700004577637 -17.2900009155273 -17.2700004577637 -17.0599994659424 -16.9400005340576 -16.9599990844727 -16.9200000762939 -16.9300003051758 -16.8899993896484 -16.7600002288818 -16.6499996185303 -16.7800006866455 -16.9300003051758 -17.0400009155273 -17.1299991607666 -17.2700004577637 -17.3500003814697 -17.1900005340576 -16.9200000762939 -16.8700008392334 -16.9500007629395 -17.0599994659424 -17.2099990844727 -17.1900005340576 -17.2399997711182 -17.3299999237061 -17.4400005340576 -17.5200004577637 -17.6399993896484 -17.75 -17.9699993133545
-15.4300003051758 -15.5299997329712 -15.6700000762939 -15.960000038147 -16.2000007629395 -15.9899997711182 -16.0200004577637 -16.0900001525879 -16.4200000762939 -16.6700000762939 -16.7299995422363 -16.8700008392334 -16.9899997711182 -16.9799995422363 -17.0100002288818 -17.0400009155273 -16.9799995422363 -16.8700008392334 -16.8600006103516 -16.7999992370605 -16.75 -16.7000007629395 -16.6700000762939 -16.7199993133545 -16.7299995422363 -16.6200008392334 -16.5900001525879 -16.7600002288818 -16.8700008392334 -16.9699993133545 -17.1499996185303 -16.8400001525879 -16.6100006103516 -16.5499992370605 -16.6299991607666 -16.8799991607666 -17.0499992370605 -17.1700000762939 -17.2800006866455 -17.3700008392334 -17.4799995422363 -17.5900001525879 -17.7000007629395 -17.7800006866455 -17.9400005340576
-15.3000001907349 -15.3900003433228 -15.4799995422363 -15.7200002670288 -16.0599994659424 -15.9399995803833 -15.9300003051758 -15.9700002670288 -16.2199993133545 -16.5300006866455 -16.4799995422363 -16.5799999237061 -16.6200008392334 -16.6700000762939 -16.6800003051758 -16.6800003051758 -16.7000007629395 -16.7099990844727 -16.8600006103516 -16.7299995422363 -16.6499996185303 -16.5599994659424 -16.4799995422363 -16.4300003051758 -16.4500007629395 -16.4899997711182 -16.4799995422363 -16.4799995422363 -16.4899997711182 -16.4899997711182 -16.7000007629395 -16.5599994659424 -16.2800006866455 -16.2600002288818 -16.3600006103516 -16.5699996948242 -16.6800003051758 -16.8400001525879 -17.0300006866455 -17.2600002288818 -17.3700008392334 -17.6200008392334 -17.8099994659424 -17.8899993896484 -17.9699993133545
-15.2799997329712 -15.3400001525879 -15.4899997711182 -15.6999998092651 -15.9099998474121 -16.0799999237061 -16 -16.0100002288818 -16.2800006866455 -16.1200008392334 -16 -16.1299991607666 -16.3600006103516 -16.2800006866455 -16.1299991607666 -16.0799999237061 -16.2700004577637 -16.4400005340576 -16.5 -16.4500007629395 -16.3700008392334 -16.2900009155273 -16.1900005340576 -16.1399993896484 -16.1200008392334 -16.1299991607666 -16.2199993133545 -16.2900009155273 -16.3299999237061 -16.2399997711182 -16.2299995422363 -16.3299999237061 -15.8699998855591 -15.8900003433228 -16.0799999237061 -16.2600002288818 -16.5300006866455 -16.7900009155273 -17.0300006866455 -17.1800003051758 -17.4200000762939 -17.6599998474121 -17.8799991607666 -17.8899993896484 -17.9799995422363
-15.0500001907349 -15.210000038147 -15.4499998092651 -15.6899995803833 -15.8599996566772 -16.0699996948242 -16.25 -16.3299999237061 -16.3500003814697 -16.1900005340576 -15.8999996185303 -15.960000038147 -15.8800001144409 -15.6700000762939 -15.6499996185303 -15.7200002670288 -15.7700004577637 -15.9300003051758 -15.9899997711182 -15.960000038147 -15.9499998092651 -15.9200000762939 -15.8999996185303 -15.8500003814697 -15.8299999237061 -15.9700002670288 -16.0599994659424 -16.1100006103516 -16.1100006103516 -16.0499992370605 -16.0699996948242 -16.1499996185303 -15.7200002670288 -15.6899995803833 -15.8800001144409 -16.2000007629395 -16.4300003051758 -16.6200008392334 -16.9500007629395 -17.25 -17.5400009155273 -17.7999992370605 -17.9500007629395 -17.9599990844727 -18
-14.9300003051758 -15.0900001525879 -15.3100004196167 -15.4799995422363 -15.6899995803833 -15.8500003814697 -15.8100004196167 -16.1299991607666 -16.2000007629395 -16.0200004577637 -15.8900003433228 -15.7600002288818 -15.6099996566772 -15.460000038147 -15.3999996185303 -15.3800001144409 -15.3500003814697 -15.3500003814697 -15.5299997329712 -15.5699996948242 -15.6599998474121 -15.6099996566772 -15.6700000762939 -15.6400003433228 -15.5699996948242 -15.6199998855591 -15.6499996185303 -15.6700000762939 -15.6400003433228 -15.6099996566772 -15.6999998092651 -15.9200000762939 -16.1399993896484 -16.0100002288818 -15.960000038147 -16.1200008392334 -16.5100002288818 -16.75 -16.9500007629395 -17.1499996185303 -17.4799995422363 -17.75 -17.8899993896484 -17.9099998474121 -17.8500003814697
-15.0200004577637 -15.0600004196167 -15.1700000762939 -15.2600002288818 -15.4099998474121 -15.4200000762939 -14.8599996566772 -15.210000038147 -15.4899997711182 -14.7700004577637 -14.789999961853 -15.1899995803833 -15.3800001144409 -15.460000038147 -15.3400001525879 -15.210000038147 -15.1199998855591 -15.0200004577637 -15.210000038147 -15.4200000762939 -15.3400001525879 -15.3800001144409 -15.4700002670288 -15.5 -15.4899997711182 -15.5699996948242 -15.6199998855591 -15.6599998474121 -15.6999998092651 -15.6599998474121 -15.6999998092651 -15.6999998092651 -15.8999996185303 -16.2900009155273 -16.4400005340576 -16.3799991607666 -16.5100002288818 -16.7299995422363 -16.9799995422363 -17.1599998474121 -17.3400001525879 -17.4799995422363 -17.4899997711182 -17.4899997711182 -17.4300003051758
-14.8500003814697 -14.6700000762939 -14.6700000762939 -14.6199998855591 -14.960000038147 -14.8900003433228 -14.5299997329712 -14.5 -14.7700004577637 -14.3800001144409 -14.25 -14.539999961853 -14.7600002288818 -15.0799999237061 -15.2399997711182 -15.1999998092651 -15.1800003051758 -15.1099996566772 -15.1099996566772 -15.3500003814697 -15.2200002670288 -15.2700004577637 -15.4499998092651 -15.4700002670288 -15.4799995422363 -15.6099996566772 -15.7799997329712 -15.6700000762939 -15.789999961853 -15.8400001525879 -15.8299999237061 -15.9799995422363 -15.9399995803833 -16.1100006103516 -16.4500007629395 -16.4899997711182 -16.6000003814697 -16.75 -16.8799991607666 -17 -17.0300006866455 -17.0499992370605 -17.1100006103516 -17.0599994659424 -17.0599994659424
-14.6700000762939 -14.5 -14.3800001144409 -14.3199996948242 -14.4399995803833 -14.6499996185303 -14.3999996185303 -14.25 -14.4200000762939 -14.3000001907349 -14.25 -14.4799995422363 -14.6599998474121 -14.8000001907349 -14.9899997711182 -15.1599998474121 -15.1400003433228 -15.1300001144409 -15.2299995422363 -15.3599996566772 -15.3100004196167 -15.3800001144409 -15.460000038147 -15.5699996948242 -15.539999961853 -15.5900001525879 -15.8599996566772 -15.9399995803833 -15.960000038147 -16.1200008392334 -16.1399993896484 -16.1900005340576 -16.2299995422363 -16.2999992370605 -16.4099998474121 -16.4200000762939 -16.4799995422363 -16.5 -16.5400009155273 -16.7099990844727 -16.7000007629395 -16.6499996185303 -16.7199993133545 -16.7299995422363 -16.7700004577637
-14.4300003051758 -14.4700002670288 -14.3500003814697 -14.2799997329712 -14.3199996948242 -14.4200000762939 -14.210000038147 -14.1400003433228 -14.2600002288818 -14.2200002670288 -14.3299999237061 -14.4799995422363 -14.5500001907349 -14.6400003433228 -14.7600002288818 -14.9200000762939 -15.0699996948242 -15.1899995803833 -15.3400001525879 -15.4200000762939 -15.4799995422363 -15.5200004577637 -15.6000003814697 -15.710000038147 -15.8000001907349 -15.9399995803833 -16.0200004577637 -16.2600002288818 -16.3500003814697 -16.3600006103516 -16.3400001525879 -16.3099994659424 -16.2900009155273 -16.2800006866455 -16.2700004577637 -16.2600002288818 -16.3199996948242 -16.3600006103516 -16.3600006103516 -16.4099998474121 -16.4599990844727 -16.4599990844727 -16.4599990844727 -16.4300003051758 -16.3999996185303
-14.3199996948242 -14.3199996948242 -14.2399997711182 -14.1899995803833 -14.2200002670288 -14.1700000762939 -13.9399995803833 -14.0200004577637 -14.0100002288818 -14.0500001907349 -14.2299995422363 -14.3800001144409 -14.5299997329712 -14.6099996566772 -14.7600002288818 -14.9099998474121 -14.960000038147 -15.0299997329712 -15.25 -15.3100004196167 -15.3400001525879 -15.539999961853 -15.6599998474121 -15.7799997329712 -15.8699998855591 -15.9899997711182 -16.0900001525879 -16.2000007629395 -16.2299995422363 -16.1599998474121 -16.0799999237061 -16.0699996948242 -16.0300006866455 -16.0300006866455 -16.0400009155273 -16.0499992370605 -15.960000038147 -16 -16 -15.9899997711182 -16 -16.0300006866455 -16 -16 -16.0100002288818
