SnowAccumulation_R/test/tmin/mint_3.asc
NCOLS 144 
NROWS 72 
XLLCORNER -107.999996877414 
YLLCORNER 47.0000011447333 
CELLSIZE 0.0833333376702586 
NODATA_value -3.4e+38 
[rows 40 to 59 of 72, columns 90 to 134 of 144]
-10.3900003433228 -10.5 -10.6000003814697 -10.6800003051758 -10.7299995422363 -10.7299995422363 -10.7200002670288 -10.6199998855591 -10.460000038147 -10.3199996948242 -10.2399997711182 -10.1700000762939 -10.1199998855591 -10.1000003814697 -10.0799999237061 -10.1099996566772 -10.0699996948242 -10.0200004577637 -9.97000026702881 -9.97000026702881 -9.97999954223633 -9.97999954223633 -9.96000003814697 -9.78999996185303 -9.6899995803833 -9.75 -9.75 -9.77999973297119 -9.8100004196167 -9.85999965667725 -9.93000030517578 -10 -10.0799999237061 -10.1700000762939 -10.2399997711182 -10.2799997329712 -10.3000001907349 -10.3199996948242 -10.3400001525879 -10.3800001144409 -10.4300003051758 -10.4899997711182 -10.5699996948242 -10.6599998474121 -10.7700004577637
-10.2299995422363 -10.3500003814697 -10.4300003051758 -10.4899997711182 -10.4799995422363 -10.5200004577637 -10.5299997329712 -10.460000038147 -10.3199996948242 -10.3000001907349 -10.2399997711182 -10.1800003051758 -10.1199998855591 -10.1000003814697 -10.0799999237061 -10.0699996948242 -10.0200004577637 -10 -10.0600004196167 -10.0900001525879 -10.1300001144409 -10.210000038147 -10.210000038147 -10.1499996185303 -9.82999992370605 -9.67000007629395 -9.65999984741211 -9.68000030517578 -9.72000026702881 -9.77000045776367 -9.82999992370605 -9.89999961853027 -9.97999954223633 -10.0500001907349 -10.1099996566772 -10.1599998474121 -10.1899995803833 -10.2299995422363 -10.2700004577637 -10.3100004196167 -10.3599996566772 -10.4300003051758 -10.5100002288818 -10.6000003814697 -10.6999998092651
-10.1099996566772 -10.2200002670288 -10.3100004196167 -10.3900003433228 -10.4300003051758 -10.4300003051758 -10.3599996566772 -10.3000001907349 -10.289999961853 -10.2200002670288 -10.2399997711182 -10.2299995422363 -10.1599998474121 -10.1300001144409 -10.0900001525879 -10.0699996948242 -10.0500001907349 -10.0600004196167 -10.1599998474121 -10.1899995803833 -10.210000038147 -10.1899995803833 -10.2299995422363 -10.1800003051758 -10.0200004577637 -9.76000022888184 -9.5600004196167 -9.55000019073486 -9.57999992370605 -9.63000011444092 -9.69999980926514 -9.78999996185303 -9.88000011444092 -9.9399995803833 -9.98999977111816 -10.0299997329712 -10.0799999237061 -10.1199998855591 -10.1700000762939 -10.2200002670288 -10.2799997329712 -10.3400001525879 -10.4200000762939 -10.5299997329712 -10.6199998855591
-10.0600004196167 -10.1599998474121 -10.2399997711182 -10.289999961853 -10.3500003814697 -10.3800001144409 -10.3699998855591 -10.3299999237061 -10.2799997329712 -10.2200002670288 -10.1400003433228 -10.1899995803833 -10.2299995422363 -10.1599998474121 -10.1199998855591 -10.1199998855591 -10.0900001525879 -10.1099996566772 -10.1199998855591 -10.0699996948242 -10.1000003814697 -10.1800003051758 -10.210000038147 -10.2200002670288 -10.1599998474121 -9.9399995803833 -9.56999969482422 -9.42000007629395 -9.42000007629395 -9.4399995803833 -9.52000045776367 -9.63000011444092 -9.73999977111816 -9.80000019073486 -9.85000038146973 -9.89999961853027 -9.94999980926514 -10 -10.0600004196167 -10.1199998855591 -10.1800003051758 -10.2399997711182 -10.3199996948242 -10.4300003051758 -10.5100002288818
-9.96000003814697 -10.0600004196167 -10.1599998474121 -10.2200002670288 -10.289999961853 -10.3400001525879 -10.3599996566772 -10.3500003814697 -10.3299999237061 -10.2700004577637 -10.2299995422363 -10.1700000762939 -10.2200002670288 -10.25 -10.1300001144409 -10.1700000762939 -10.1599998474121 -10.1199998855591 -10.0799999237061 -10.1300001144409 -10.0500001907349 -10.0100002288818 -10.1099996566772 -10.1599998474121 -10.1499996185303 -10.0500001907349 -9.73999977111816 -9.32999992370605 -9.22000026702881 -9.22999954223633 -9.3100004196167 -9.43000030517578 -9.53999996185303 -9.61999988555908 -9.69999980926514 -9.77000045776367 -9.82999992370605 -9.89999961853027 -9.96000003814697 -10.0200004577637 -10.0900001525879 -10.1499996185303 -10.2399997711182 -10.3500003814697 -10.4099998474121
-9.85000038146973 -9.98999977111816 -10.1099996566772 -10.210000038147 -10.3000001907349 -10.3500003814697 -10.3800001144409 -10.3800001144409 -10.3699998855591 -10.3500003814697 -10.3100004196167 -10.2700004577637 -10.2200002670288 -10.1800003051758 -10.1800003051758 -10.1700000762939 -10.1300001144409 -10.0900001525879 -10.1300001144409 -10.1300001144409 -10.1000003814697 -10.039999961853 -10 -10.1099996566772 -10.1000003814697 -10.0299997329712 -9.77000045776367 -9.42000007629395 -9.07999992370605 -9.02999973297119 -9.14000034332275 -9.27000045776367 -9.38000011444092 -9.47999954223633 -9.56999969482422 -9.65999984741211 -9.73999977111816 -9.8100004196167 -9.86999988555908 -9.9399995803833 -10.0100002288818 -10.0799999237061 -10.1800003051758 -10.2799997329712 -10.3299999237061
-10.0299997329712 -10.2200002670288 -10.3999996185303 -10.5100002288818 -10.5600004196167 -10.5600004196167 -10.5500001907349 -10.539999961853 -10.539999961853 -10.5 -10.4399995803833 -10.3599996566772 -10.3100004196167 -10.2700004577637 -10.2600002288818 -10.2600002288818 -10.2399997711182 -10.1999998092651 -10.1899995803833 -10.1499996185303 -10.1000003814697 -10.0699996948242 -10.0100002288818 -9.98999977111816 -10.0500001907349 -9.90999984741211 -9.89999961853027 -9.6899995803833 -9.32999992370605 -9.07999992370605 -9.11999988555908 -9.22000026702881 -9.31999969482422 -9.40999984741211 -9.5 -9.57999992370605 -9.65999984741211 -9.72999954223633 -9.80000019073486 -9.86999988555908 -9.9399995803833 -10.0299997329712 -10.1400003433228 -10.2399997711182 -10.289999961853
-10.460000038147 -10.5799999237061 -10.6899995803833 -10.8299999237061 -10.9200000762939 -10.9799995422363 -10.8800001144409 -10.7700004577637 -10.7299995422363 -10.6999998092651 -10.6400003433228 -10.5299997329712 -10.4300003051758 -10.3699998855591 -10.3500003814697 -10.3800001144409 -10.3599996566772 -10.3199996948242 -10.2700004577637 -10.2399997711182 -10.1899995803833 -10.1199998855591 -10.1099996566772 -10 -9.96000003814697 -9.97000026702881 -9.89000034332275 -9.9399995803833 -9.82999992370605 -9.32999992370605 -9.21000003814697 -9.26000022888184 -9.31999969482422 -9.39000034332275 -9.47999954223633 -9.53999996185303 -9.60999965667725 -9.67000007629395 -9.73999977111816 -9.8100004196167 -9.89999961853027 -10 -10.1300001144409 -10.2200002670288 -10.2799997329712
-10.6300001144409 -10.6000003814697 -10.6999998092651 -10.789999961853 -10.8000001907349 -10.9899997711182 -11.0299997329712 -11 -11 -10.8699998855591 -10.789999961853 -10.7200002670288 -10.6000003814697 -10.5 -10.4200000762939 -10.3999996185303 -10.4399995803833 -10.4499998092651 -10.4099998474121 -10.3999996185303 -10.3699998855591 -10.3299999237061 -10.3199996948242 -10.3100004196167 -10.2799997329712 -10.25 -10.1899995803833 -10.0299997329712 -9.90999984741211 -9.64999961853027 -9.39000034332275 -9.35000038146973 -9.39000034332275 -9.42000007629395 -9.47000026702881 -9.52999973297119 -9.59000015258789 -9.65999984741211 -9.73999977111816 -9.81999969482422 -9.92000007629395 -10.0100002288818 -10.1199998855591 -10.2399997711182 -10.3000001907349
-10.1700000762939 -10.4799995422363 -10.6899995803833 -10.7700004577637 -10.7700004577637 -10.8699998855591 -10.9799995422363 -11.0600004196167 -11.0299997329712 -11.0100002288818 -10.8500003814697 -10.8000001907349 -10.710000038147 -10.5900001525879 -10.5 -10.4499998092651 -10.4700002670288 -10.5200004577637 -10.5 -10.4799995422363 -10.460000038147 -10.4200000762939 -10.4200000762939 -10.4399995803833 -10.4399995803833 -10.4399995803833 -10.3800001144409 -10.289999961853 -10.1700000762939 -9.85000038146973 -9.68000030517578 -9.57999992370605 -9.4399995803833 -9.46000003814697 -9.47000026702881 -9.5 -9.5600004196167 -9.63000011444092 -9.72000026702881 -9.81999969482422 -9.93000030517578 -10.039999961853 -10.1400003433228 -10.2200002670288 -10.2799997329712
-9.92000007629395 -10.0799999237061 -10.2299995422363 -10.3599996566772 -10.460000038147 -10.5600004196167 -10.6800003051758 -10.8000001907349 -10.8900003433228 -10.9200000762939 -10.8900003433228 -10.8400001525879 -10.7700004577637 -10.6700000762939 -10.5500001907349 -10.4899997711182 -10.4899997711182 -10.5299997329712 -10.539999961853 -10.539999961853 -10.5299997329712 -10.5 -10.5100002288818 -10.539999961853 -10.5699996948242 -10.5900001525879 -10.5600004196167 -10.4700002670288 -10.3199996948242 -10.1700000762939 -9.84000015258789 -9.60000038146973 -9.48999977111816 -9.44999980926514 -9.43000030517578 -9.46000003814697 -9.51000022888184 -9.57999992370605 -9.68000030517578 -9.78999996185303 -9.90999984741211 -10.0500001907349 -10.1999998092651 -10.2299995422363 -10.2399997711182
-9.88000011444092 -10.0100002288818 -10.1400003433228 -10.2600002288818 -10.3900003433228 -10.5200004577637 -10.6300001144409 -10.75 -10.8400001525879 -10.8599996566772 -10.8699998855591 -10.8400001525879 -10.7700004577637 -10.6700000762939 -10.5600004196167 -10.4899997711182 -10.4899997711182 -10.5200004577637 -10.539999961853 -10.5500001907349 -10.5500001907349 -10.5699996948242 -10.5699996948242 -10.5799999237061 -10.6099996566772 -10.6199998855591 -10.6000003814697 -10.5200004577637 -10.3900003433228 -10.25 -10 -9.51000022888184 -9.38000011444092 -9.35000038146973 -9.32999992370605 -9.35999965667725 -9.40999984741211 -9.48999977111816 -9.59000015258789 -9.6899995803833 -9.8100004196167 -9.9399995803833 -10.0600004196167 -10.1099996566772 -10.1300001144409
-9.85000038146973 -9.97000026702881 -10.1000003814697 -10.210000038147 -10.3299999237061 -10.5 -10.6300001144409 -10.75 -10.8500003814697 -10.8000001907349 -10.789999961853 -10.7600002288818 -10.6899995803833 -10.5799999237061 -10.4899997711182 -10.4300003051758 -10.4200000762939 -10.4399995803833 -10.460000038147 -10.4899997711182 -10.5200004577637 -10.5500001907349 -10.5500001907349 -10.5600004196167 -10.5799999237061 -10.5900001525879 -10.5600004196167 -10.4499998092651 -10.3500003814697 -10.1999998092651 -9.9399995803833 -9.52999973297119 -9.23999977111816 -9.17000007629395 -9.18000030517578 -9.22000026702881 -9.27000045776367 -9.35999965667725 -9.44999980926514 -9.55000019073486 -9.65999984741211 -9.76000022888184 -9.85000038146973 -9.90999984741211 -9.96000003814697
-9.78999996185303 -9.93000030517578 -10.0600004196167 -10.1599998474121 -10.2799997329712 -10.4399995803833 -10.539999961853 -10.6599998474121 -10.7299995422363 -10.6899995803833 -10.6499996185303 -10.5799999237061 -10.5200004577637 -10.4200000762939 -10.3599996566772 -10.3299999237061 -10.3299999237061 -10.3299999237061 -10.3199996948242 -10.3599996566772 -10.4300003051758 -10.460000038147 -10.4899997711182 -10.5 -10.5299997329712 -10.5299997329712 -10.5 -10.3999996185303 -10.2399997711182 -10.039999961853 -9.78999996185303 -9.42000007629395 -9.11999988555908 -8.97000026702881 -8.97999954223633 -9.02999973297119 -9.10999965667725 -9.1899995803833 -9.28999996185303 -9.39000034332275 -9.47999954223633 -9.56999969482422 -9.65999984741211 -9.72999954223633 -9.77999973297119
-9.72999954223633 -9.85000038146973 -9.97999954223633 -10.0699996948242 -10.1499996185303 -10.2799997329712 -10.3800001144409 -10.4300003051758 -10.5299997329712 -10.5600004196167 -10.4899997711182 -10.4200000762939 -10.3299999237061 -10.25 -10.1999998092651 -10.1800003051758 -10.1700000762939 -10.1700000762939 -10.1800003051758 -10.1999998092651 -10.2700004577637 -10.3199996948242 -10.3699998855591 -10.4399995803833 -10.4799995422363 -10.4300003051758 -10.3599996566772 -10.2700004577637 -10.1400003433228 -9.92000007629395 -9.61999988555908 -9.28999996185303 -9 -8.76000022888184 -8.77999973297119 -8.85000038146973 -8.9399995803833 -9.02999973297119 -9.11999988555908 -9.22999954223633 -9.31999969482422 -9.40999984741211 -9.5 -9.56999969482422 -9.63000011444092
-9.60999965667725 -9.76000022888184 -9.85000038146973 -9.93000030517578 -10 -10.0699996948242 -10.1499996185303 -10.1999998092651 -10.289999961853 -10.3000001907349 -10.3000001907349 -10.2600002288818 -10.1800003051758 -10.1199998855591 -10.0600004196167 -10 -9.94999980926514 -9.94999980926514 -9.94999980926514 -9.97999954223633 -10.039999961853 -10.1000003814697 -10.1599998474121 -10.2399997711182 -10.2700004577637 -10.2200002670288 -10.1700000762939 -10.1000003814697 -10.0200004577637 -9.85000038146973 -9.5600004196167 -9.19999980926514 -8.94999980926514 -8.65999984741211 -8.68000030517578 -8.75 -8.81999969482422 -8.90999984741211 -9 -9.09000015258789 -9.17000007629395 -9.26000022888184 -9.34000015258789 -9.43000030517578 -9.48999977111816
-9.39999961853027 -9.56999969482422 -9.67000007629395 -9.77999973297119 -9.89000034332275 -9.90999984741211 -9.9399995803833 -9.97999954223633 -10.0299997329712 -10.0699996948242 -10.0799999237061 -10.0699996948242 -10.0299997329712 -9.96000003814697 -9.88000011444092 -9.77000045776367 -9.71000003814697 -9.6899995803833 -9.68000030517578 -9.69999980926514 -9.75 -9.8100004196167 -9.88000011444092 -9.96000003814697 -9.98999977111816 -9.97999954223633 -9.94999980926514 -9.92000007629395 -9.88000011444092 -9.78999996185303 -9.55000019073486 -9.17000007629395 -9.01000022888184 -8.77000045776367 -8.72000026702881 -8.72000026702881 -8.75 -8.80000019073486 -8.88000011444092 -8.94999980926514 -9.02999973297119 -9.10000038146973 -9.18000030517578 -9.27000045776367 -9.32999992370605
-9.25 -9.42000007629395 -9.53999996185303 -9.60999965667725 -9.68000030517578 -9.72000026702881 -9.77000045776367 -9.80000019073486 -9.8100004196167 -9.85000038146973 -9.86999988555908 -9.86999988555908 -9.86999988555908 -9.77000045776367 -9.61999988555908 -9.51000022888184 -9.46000003814697 -9.42000007629395 -9.39000034332275 -9.39000034332275 -9.42000007629395 -9.48999977111816 -9.57999992370605 -9.65999984741211 -9.71000003814697 -9.73999977111816 -9.73999977111816 -9.76000022888184 -9.72000026702881 -9.67000007629395 -9.51000022888184 -9.22000026702881 -9.02000045776367 -8.90999984741211 -8.77999973297119 -8.72000026702881 -8.72000026702881 -8.75 -8.78999996185303 -8.84000015258789 -8.89999961853027 -8.96000003814697 -9.02999973297119 -9.09000015258789 -9.14999961853027
-9.10000038146973 -9.27000045776367 -9.38000011444092 -9.43000030517578 -9.46000003814697 -9.48999977111816 -9.52999973297119 -9.55000019073486 -9.5600004196167 -9.61999988555908 -9.61999988555908 -9.64000034332275 -9.59000015258789 -9.52000045776367 -9.38000011444092 -9.27000045776367 -9.19999980926514 -9.13000011444092 -9.07999992370605 -9.05000019073486 -9.13000011444092 -9.23999977111816 -9.34000015258789 -9.43000030517578 -9.5 -9.55000019073486 -9.57999992370605 -9.60999965667725 -9.61999988555908 -9.61999988555908 -9.53999996185303 -9.27000045776367 -9.07999992370605 -9.02000045776367 -8.85000038146973 -8.73999977111816 -8.71000003814697 -8.69999980926514 -8.71000003814697 -8.72999954223633 -8.77000045776367 -8.82999992370605 -8.88000011444092 -8.93000030517578 -8.97999954223633
-8.96000003814697 -9.09000015258789 -9.19999980926514 -9.25 -9.27999973297119 -9.27000045776367 -9.27999973297119 -9.28999996185303 -9.32999992370605 -9.38000011444092 -9.36999988555908 -9.35999965667725 -9.35000038146973 -9.32999992370605 -9.1899995803833 -9.10000038146973 -9 -8.9399995803833 -8.88000011444092 -8.86999988555908 -8.92000007629395 -9.02999973297119 -9.15999984741211 -9.25 -9.31999969482422 -9.39999961853027 -9.44999980926514 -9.51000022888184 -9.5600004196167 -9.60999965667725 -9.57999992370605 -9.39999961853027 -9.15999984741211 -9.05000019073486 -8.94999980926514 -8.77999973297119 -8.71000003814697 -8.67000007629395 -8.64000034332275 -8.64000034332275 -8.65999984741211 -8.69999980926514 -8.76000022888184 -8.8100004196167 -8.85999965667725
