SnowAccumulation_R/test/tmin/mint_2.asc
NCOLS 144 
NROWS 72 
XLLCORNER -107.999996877414 
YLLCORNER 47.0000011447333 
CELLSIZE 0.0833333376702586 
NODATA_value -3.4e+38 
[rows 20 to 39 of 72, columns 90 to 134 of 144]
-18.9200000762939 -18.7299995422363 -18.5900001525879 -18.4799995422363 -18.3999996185303 -18.3400001525879 -18.3299999237061 -18.3600006103516 -18.4099998474121 -18.4699993133545 -18.5400009155273 -18.6000003814697 -18.6800003051758 -18.7600002288818 -18.8400001525879 -18.9099998474121 -18.9699993133545 -19.0499992370605 -19.1399993896484 -19.2299995422363 -19.3400001525879 -19.4699993133545 -19.6000003814697 -19.75 -19.8999996185303 -20.0400009155273 -20.1499996185303 -20.2399997711182 -20.3099994659424 -20.3700008392334 -20.4300003051758 -20.4599990844727 -20.4699993133545 -20.5 -20.5 -20.5100002288818 -20.5499992370605 -20.5499992370605 -20.5300006866455 -20.5100002288818 -20.4799995422363 -20.4500007629395 -20.4099998474121 -20.3799991607666 -20.3600006103516
-18.9400005340576 -18.75 -18.5400009155273 -18.3600006103516 -18.2099990844727 -18.1299991607666 -18.1100006103516 -18.1399993896484 -18.2000007629395 -18.2700004577637 -18.3400001525879 -18.4099998474121 -18.5200004577637 -18.6200008392334 -18.7199993133545 -18.7999992370605 -18.8999996185303 -18.9899997711182 -19.0900001525879 -19.2000007629395 -19.3199996948242 -19.4500007629395 -19.5799999237061 -19.7199993133545 -19.8799991607666 -20.0200004577637 -20.1299991607666 -20.2099990844727 -20.2800006866455 -20.3500003814697 -20.4099998474121 -20.4400005340576 -20.4500007629395 -20.4599990844727 -20.4799995422363 -20.5 -20.5499992370605 -20.5499992370605 -20.5100002288818 -20.4699993133545 -20.4200000762939 -20.3600006103516 -20.3299999237061 -20.2999992370605 -20.2700004577637
-19.0400009155273 -18.8500003814697 -18.6399993896484 -18.3400001525879 -18.0799999237061 -17.9200000762939 -17.9500007629395 -18 -18.0499992370605 -18.1200008392334 -18.2000007629395 -18.2999992370605 -18.3999996185303 -18.5100002288818 -18.6200008392334 -18.7199993133545 -18.8299999237061 -18.9300003051758 -19.0499992370605 -19.1700000762939 -19.2900009155273 -19.4300003051758 -19.5599994659424 -19.6900005340576 -19.8400001525879 -19.9899997711182 -20.0900001525879 -20.1700000762939 -20.2399997711182 -20.2999992370605 -20.3600006103516 -20.3899993896484 -20.3999996185303 -20.4200000762939 -20.4400005340576 -20.4599990844727 -20.4799995422363 -20.4899997711182 -20.4699993133545 -20.4099998474121 -20.3400001525879 -20.2800006866455 -20.2299995422363 -20.1900005340576 -20.1499996185303
-19.1700000762939 -19.0499992370605 -18.8199996948242 -18.6000003814697 -18.3500003814697 -18.1700000762939 -18.0699996948242 -18.0300006866455 -18.0499992370605 -18.0900001525879 -18.1499996185303 -18.2199993133545 -18.3099994659424 -18.4200000762939 -18.5400009155273 -18.6499996185303 -18.7600002288818 -18.8799991607666 -18.9799995422363 -19.1200008392334 -19.2600002288818 -19.3899993896484 -19.5100002288818 -19.6299991607666 -19.75 -19.8700008392334 -19.9899997711182 -20.0799999237061 -20.1599998474121 -20.2299995422363 -20.2800006866455 -20.3199996948242 -20.3500003814697 -20.3700008392334 -20.3700008392334 -20.3700008392334 -20.3899993896484 -20.3500003814697 -20.3299999237061 -20.2900009155273 -20.2299995422363 -20.1700000762939 -20.1100006103516 -20.0599994659424 -20.0100002288818
-19.5699996948242 -19.5900001525879 -19.2299995422363 -19.2800006866455 -19.3099994659424 -19.5100002288818 -19.5900001525879 -18.75 -18.2199993133545 -18.1399993896484 -18.1399993896484 -18.1499996185303 -18.2000007629395 -18.3199996948242 -18.4799995422363 -18.6000003814697 -18.6900005340576 -18.7900009155273 -18.9099998474121 -19.0599994659424 -19.2099990844727 -19.3400001525879 -19.4500007629395 -19.5599994659424 -19.6599998474121 -19.7700004577637 -19.8700008392334 -19.9699993133545 -20.0599994659424 -20.1299991607666 -20.1900005340576 -20.2399997711182 -20.2700004577637 -20.2900009155273 -20.2700004577637 -20.25 -20.2299995422363 -20.2000007629395 -20.1800003051758 -20.1499996185303 -20.1200008392334 -20.0599994659424 -19.9599990844727 -19.8799991607666 -19.8199996948242
-19.7800006866455 -19.7700004577637 -19.6399993896484 -19.6399993896484 -19.7700004577637 -19.8899993896484 -19.7600002288818 -19.0900001525879 -18.75 -18.3500003814697 -18.1299991607666 -18.0799999237061 -18.1000003814697 -18.2199993133545 -18.3999996185303 -18.5200004577637 -18.6100006103516 -18.7099990844727 -18.8400001525879 -18.9599990844727 -19.1000003814697 -19.2299995422363 -19.3400001525879 -19.4400005340576 -19.5400009155273 -19.6399993896484 -19.7399997711182 -19.8400001525879 -19.9300003051758 -20.0200004577637 -20.0799999237061 -20.1399993896484 -20.1599998474121 -20.1700000762939 -20.1599998474121 -20.1299991607666 -20.1000003814697 -20.0499992370605 -20.0100002288818 -19.9699993133545 -19.9300003051758 -19.8400001525879 -19.7399997711182 -19.6599998474121 -19.6000003814697
-19.8299999237061 -19.8299999237061 -19.8099994659424 -19.7900009155273 -19.8099994659424 -19.7700004577637 -19.6800003051758 -19.6299991607666 -19.7099990844727 -19.2800006866455 -18.2999992370605 -18.0499992370605 -18.0300006866455 -18.1200008392334 -18.2800006866455 -18.4300003051758 -18.5200004577637 -18.6200008392334 -18.7299995422363 -18.8500003814697 -18.9599990844727 -19.0699996948242 -19.1900005340576 -19.2900009155273 -19.3899993896484 -19.4899997711182 -19.5900001525879 -19.6900005340576 -19.7900009155273 -19.8799991607666 -19.9599990844727 -20.0200004577637 -20.0400009155273 -20.0300006866455 -20.0200004577637 -19.9899997711182 -19.9400005340576 -19.8899993896484 -19.8299999237061 -19.7600002288818 -19.7000007629395 -19.6000003814697 -19.4799995422363 -19.4099998474121 -19.3500003814697
-19.8199996948242 -19.8299999237061 -19.8400001525879 -19.8799991607666 -19.8799991607666 -19.7999992370605 -19.8099994659424 -19.7600002288818 -19.7000007629395 -19.75 -19.3500003814697 -18.1800003051758 -18.0300006866455 -18.0699996948242 -18.1900005340576 -18.3299999237061 -18.4300003051758 -18.5300006866455 -18.6100006103516 -18.7199993133545 -18.8400001525879 -18.9200000762939 -19.0300006866455 -19.1299991607666 -19.2299995422363 -19.3299999237061 -19.4200000762939 -19.5200004577637 -19.6100006103516 -19.7099990844727 -19.7999992370605 -19.8799991607666 -19.8999996185303 -19.8799991607666 -19.8500003814697 -19.8199996948242 -19.7700004577637 -19.7000007629395 -19.6299991607666 -19.5400009155273 -19.4400005340576 -19.3199996948242 -19.2199993133545 -19.1700000762939 -19.1200008392334
-19.6700000762939 -19.75 -19.7299995422363 -19.7999992370605 -19.8099994659424 -19.7399997711182 -19.6900005340576 -19.6599998474121 -19.6800003051758 -19.6399993896484 -19.6200008392334 -18.75 -18.1599998474121 -18.1000003814697 -18.1399993896484 -18.2099990844727 -18.3099994659424 -18.4099998474121 -18.5 -18.5900001525879 -18.7099990844727 -18.7800006866455 -18.8600006103516 -18.9599990844727 -19.0599994659424 -19.1599998474121 -19.25 -19.3400001525879 -19.4200000762939 -19.5 -19.5799999237061 -19.6399993896484 -19.6599998474121 -19.6599998474121 -19.6399993896484 -19.6200008392334 -19.5699996948242 -19.5 -19.4300003051758 -19.3400001525879 -19.2399997711182 -19.1000003814697 -18.9899997711182 -18.9599990844727 -18.9300003051758
-19.4400005340576 -19.5200004577637 -19.5699996948242 -19.6800003051758 -19.7099990844727 -19.6700000762939 -19.5699996948242 -19.6100006103516 -19.5900001525879 -19.5400009155273 -19.5400009155273 -19.1399993896484 -18.3099994659424 -18.1499996185303 -18.1200008392334 -18.1399993896484 -18.2000007629395 -18.2700004577637 -18.3700008392334 -18.4400005340576 -18.5499992370605 -18.6299991607666 -18.6900005340576 -18.7800006866455 -18.8899993896484 -18.9799995422363 -19.0699996948242 -19.1499996185303 -19.2199993133545 -19.2800006866455 -19.3400001525879 -19.3899993896484 -19.4200000762939 -19.4300003051758 -19.4300003051758 -19.4099998474121 -19.3799991607666 -19.3199996948242 -19.25 -19.1800003051758 -19.0900001525879 -18.9799995422363 -18.8799991607666 -18.8400001525879 -18.8099994659424
-19.25 -19.3500003814697 -19.4400005340576 -19.5300006866455 -19.5699996948242 -19.5799999237061 -19.5499992370605 -19.6100006103516 -19.6000003814697 -19.5900001525879 -19.5300006866455 -19.1299991607666 -18.3999996185303 -18.1599998474121 -18.0799999237061 -18.0699996948242 -18.0799999237061 -18.1100006103516 -18.1700000762939 -18.2399997711182 -18.3400001525879 -18.4300003051758 -18.5100002288818 -18.6000003814697 -18.7099990844727 -18.7999992370605 -18.8799991607666 -18.9599990844727 -19.0200004577637 -19.0699996948242 -19.1100006103516 -19.1499996185303 -19.1800003051758 -19.2000007629395 -19.2000007629395 -19.2099990844727 -19.1900005340576 -19.1499996185303 -19.0900001525879 -19.0200004577637 -18.9500007629395 -18.8799991607666 -18.7999992370605 -18.7600002288818 -18.7299995422363
-19.0499992370605 -19.1900005340576 -19.3199996948242 -19.3700008392334 -19.3999996185303 -19.4300003051758 -19.4200000762939 -19.4799995422363 -19.5 -19.4599990844727 -19.3400001525879 -18.8099994659424 -18.3299999237061 -18.1399993896484 -18.0300006866455 -17.9599990844727 -17.9300003051758 -17.9200000762939 -17.9500007629395 -18.0100002288818 -18.1000003814697 -18.2099990844727 -18.3199996948242 -18.4200000762939 -18.5300006866455 -18.6299991607666 -18.7000007629395 -18.7700004577637 -18.8199996948242 -18.8600006103516 -18.8899993896484 -18.9200000762939 -18.9599990844727 -18.9799995422363 -18.9799995422363 -18.9899997711182 -19.0100002288818 -19.0100002288818 -18.9500007629395 -18.8899993896484 -18.8400001525879 -18.7800006866455 -18.7199993133545 -18.6800003051758 -18.6499996185303
-18.8799991607666 -19.0100002288818 -19.1499996185303 -19.25 -19.3199996948242 -19.3700008392334 -19.3799991607666 -19.3700008392334 -19.3099994659424 -19.1900005340576 -18.8700008392334 -18.4500007629395 -18.1800003051758 -18.0300006866455 -17.9500007629395 -17.8600006103516 -17.7800006866455 -17.7199993133545 -17.7099990844727 -17.7700004577637 -17.8799991607666 -18 -18.1100006103516 -18.2399997711182 -18.3700008392334 -18.4699993133545 -18.5300006866455 -18.5799999237061 -18.6100006103516 -18.6399993896484 -18.6700000762939 -18.7000007629395 -18.75 -18.7700004577637 -18.7700004577637 -18.7900009155273 -18.8199996948242 -18.8400001525879 -18.7999992370605 -18.7700004577637 -18.7399997711182 -18.6800003051758 -18.6299991607666 -18.6100006103516 -18.6000003814697
-18.6900005340576 -18.8099994659424 -18.9400005340576 -19.0499992370605 -19.1200008392334 -19.1800003051758 -19.1700000762939 -19.2099990844727 -19.1599998474121 -18.9500007629395 -18.6700000762939 -18.3500003814697 -18.1000003814697 -18.0400009155273 -17.9500007629395 -17.7800006866455 -17.6599998474121 -17.5699996948242 -17.4899997711182 -17.5699996948242 -17.6800003051758 -17.8099994659424 -17.9300003051758 -18.0599994659424 -18.2099990844727 -18.3299999237061 -18.3500003814697 -18.3700008392334 -18.3899993896484 -18.4099998474121 -18.4400005340576 -18.5 -18.5699996948242 -18.5900001525879 -18.5799999237061 -18.5900001525879 -18.6200008392334 -18.6399993896484 -18.6200008392334 -18.6000003814697 -18.5799999237061 -18.5599994659424 -18.5499992370605 -18.5400009155273 -18.5400009155273
-18.4699993133545 -18.5900001525879 -18.7099990844727 -18.7999992370605 -18.8199996948242 -18.9200000762939 -19.0200004577637 -19.0100002288818 -18.9200000762939 -18.75 -18.5400009155273 -18.3199996948242 -18.1700000762939 -18.1100006103516 -18.0400009155273 -17.8299999237061 -17.6499996185303 -17.5599994659424 -17.5 -17.5100002288818 -17.5599994659424 -17.6399993896484 -17.7299995422363 -17.8400001525879 -17.9500007629395 -18.0400009155273 -18.0799999237061 -18.1000003814697 -18.1200008392334 -18.1599998474121 -18.2000007629395 -18.2700004577637 -18.3500003814697 -18.3799991607666 -18.3899993896484 -18.3999996185303 -18.4400005340576 -18.4500007629395 -18.4400005340576 -18.4400005340576 -18.4300003051758 -18.4400005340576 -18.4500007629395 -18.4599990844727 -18.4699993133545
-18.2299995422363 -18.3400001525879 -18.4400005340576 -18.5300006866455 -18.6599998474121 -18.7600002288818 -18.7900009155273 -18.7600002288818 -18.6800003051758 -18.5400009155273 -18.3799991607666 -18.2600002288818 -18.1599998474121 -18.0799999237061 -18.0100002288818 -17.9099998474121 -17.7000007629395 -17.5699996948242 -17.5 -17.4599990844727 -17.4599990844727 -17.4899997711182 -17.5300006866455 -17.5900001525879 -17.6299991607666 -17.6900005340576 -17.7299995422363 -17.7800006866455 -17.8299999237061 -17.8899993896484 -17.9699993133545 -18.0499992370605 -18.1200008392334 -18.1800003051758 -18.2099990844727 -18.25 -18.2700004577637 -18.2700004577637 -18.2700004577637 -18.2700004577637 -18.2900009155273 -18.3299999237061 -18.3600006103516 -18.3999996185303 -18.4200000762939
-17.9500007629395 -18.1000003814697 -18.25 -18.3299999237061 -18.4200000762939 -18.5100002288818 -18.5400009155273 -18.5200004577637 -18.4699993133545 -18.3799991607666 -18.2900009155273 -18.2199993133545 -18.1399993896484 -18.0799999237061 -17.9799995422363 -17.8799991607666 -17.75 -17.6100006103516 -17.5 -17.4200000762939 -17.3700008392334 -17.3500003814697 -17.3500003814697 -17.3500003814697 -17.3600006103516 -17.3600006103516 -17.3700008392334 -17.4400005340576 -17.5499992370605 -17.6599998474121 -17.7700004577637 -17.8700008392334 -17.9699993133545 -18.0400009155273 -18.1000003814697 -18.1299991607666 -18.1399993896484 -18.1299991607666 -18.1100006103516 -18.1299991607666 -18.1800003051758 -18.2299995422363 -18.2999992370605 -18.3500003814697 -18.3899993896484
-17.75 -17.8700008392334 -18.0599994659424 -18.1800003051758 -18.2600002288818 -18.3500003814697 -18.3799991607666 -18.3199996948242 -18.2600002288818 -18.2299995422363 -18.1499996185303 -18.1000003814697 -18.0599994659424 -18.0100002288818 -17.9200000762939 -17.8199996948242 -17.7600002288818 -17.6299991607666 -17.5300006866455 -17.4500007629395 -17.3700008392334 -17.2600002288818 -17.2099990844727 -17.1900005340576 -17.1499996185303 -17.1399993896484 -17.1399993896484 -17.2199993133545 -17.3600006103516 -17.4899997711182 -17.6100006103516 -17.75 -17.8700008392334 -17.9699993133545 -18.0499992370605 -18.0799999237061 -18.0900001525879 -18.0699996948242 -18.0499992370605 -18.0699996948242 -18.1100006103516 -18.1800003051758 -18.2399997711182 -18.2999992370605 -18.3600006103516
-17.7299995422363 -17.8799991607666 -18.0200004577637 -18.1100006103516 -18.1499996185303 -18.2000007629395 -18.2099990844727 -18.1499996185303 -18.0699996948242 -18.0300006866455 -17.9799995422363 -17.9300003051758 -17.8999996185303 -17.8500003814697 -17.7999992370605 -17.7299995422363 -17.6399993896484 -17.5599994659424 -17.4799995422363 -17.4300003051758 -17.3500003814697 -17.2299995422363 -17.1599998474121 -17.1000003814697 -17.0599994659424 -17.0799999237061 -17.1200008392334 -17.1700000762939 -17.2700004577637 -17.3899993896484 -17.5100002288818 -17.6499996185303 -17.8099994659424 -17.9500007629395 -18.0499992370605 -18.0900001525879 -18.0799999237061 -18.0699996948242 -18.0699996948242 -18.0799999237061 -18.1100006103516 -18.1599998474121 -18.2199993133545 -18.2800006866455 -18.3400001525879
-17.6200008392334 -17.7700004577637 -17.8999996185303 -17.9899997711182 -18.0400009155273 -18.0599994659424 -18.0900001525879 -18.0499992370605 -17.9200000762939 -17.8299999237061 -17.7800006866455 -17.7600002288818 -17.7299995422363 -17.6900005340576 -17.6000003814697 -17.4799995422363 -17.4200000762939 -17.3700008392334 -17.2900009155273 -17.2600002288818 -17.2199993133545 -17.1599998474121 -17.1000003814697 -17.0200004577637 -17.0300006866455 -17.0499992370605 -17.0699996948242 -17.1200008392334 -17.2000007629395 -17.2999992370605 -17.4300003051758 -17.5699996948242 -17.7199993133545 -17.8799991607666 -18.0300006866455 -18.0499992370605 -18.0400009155273 -18.0400009155273 -18.0400009155273 -18.0699996948242 -18.1000003814697 -18.1499996185303 -18.2000007629395 -18.2600002288818 -18.3299999237061
