SnowAccumulation_R/test/tmin/mint_3.asc
NCOLS 144 
NROWS 72 
XLLCORNER -107.999996877414 
YLLCORNER 47.0000011447333 
CELLSIZE 0.0833333376702586 
NODATA_value -3.4e+38 
[rows 20 to 39 of 72, columns 0 to 44 of 144]
-8.64999961853027 -8.64000034332275 -8.60000038146973 -8.57999992370605 -8.56999969482422 -8.60000038146973 -8.65999984741211 -8.68000030517578 -8.71000003814697 -8.76000022888184 -8.75 -8.71000003814697 -8.73999977111816 -8.81999969482422 -9.03999996185303 -9.21000003814697 -9.35999965667725 -9.47000026702881 -9.5600004196167 -9.65999984741211 -9.8100004196167 -9.97000026702881 -10.1099996566772 -10.2399997711182 -10.3100004196167 -10.2799997329712 -10.3000001907349 -10.3100004196167 -10.3000001907349 -10.1800003051758 -10.039999961853 -9.98999977111816 -9.97000026702881 -9.94999980926514 -9.94999980926514 -9.9399995803833 -9.92000007629395 -9.9399995803833 -9.97000026702881 -10.0299997329712 -10.1099996566772 -10.2399997711182 -10.3400001525879 -10.460000038147 -10.6999998092651
-8.43000030517578 -8.38000011444092 -8.36999988555908 -8.39000034332275 -8.42000007629395 -8.52000045776367 -8.56999969482422 -8.56999969482422 -8.65999984741211 -8.72999954223633 -8.75 -8.72000026702881 -8.71000003814697 -8.75 -8.84000015258789 -9.03999996185303 -9.1899995803833 -9.3100004196167 -9.39999961853027 -9.51000022888184 -9.63000011444092 -9.77999973297119 -9.9399995803833 -10.0600004196167 -10.1300001144409 -10.1300001144409 -10.1099996566772 -10.1400003433228 -10.1400003433228 -10.0299997329712 -9.89999961853027 -9.85000038146973 -9.81999969482422 -9.8100004196167 -9.80000019073486 -9.76000022888184 -9.73999977111816 -9.80000019073486 -9.84000015258789 -9.90999984741211 -10 -10.1400003433228 -10.2600002288818 -10.3900003433228 -10.6099996566772
-8.34000015258789 -8.22000026702881 -8.21000003814697 -8.31999969482422 -8.36999988555908 -8.43000030517578 -8.4399995803833 -8.43000030517578 -8.4399995803833 -8.46000003814697 -8.52999973297119 -8.52999973297119 -8.56999969482422 -8.63000011444092 -8.72000026702881 -8.82999992370605 -8.96000003814697 -9.10000038146973 -9.21000003814697 -9.3100004196167 -9.4399995803833 -9.60999965667725 -9.76000022888184 -9.86999988555908 -9.92000007629395 -9.90999984741211 -9.90999984741211 -9.96000003814697 -9.94999980926514 -9.88000011444092 -9.77999973297119 -9.72000026702881 -9.68000030517578 -9.65999984741211 -9.64999961853027 -9.60000038146973 -9.64999961853027 -9.88000011444092 -9.80000019073486 -9.84000015258789 -9.94999980926514 -10.0699996948242 -10.1899995803833 -10.3100004196167 -10.4799995422363
-8.10000038146973 -8.15999984741211 -8.31999969482422 -8.31999969482422 -8.3100004196167 -8.35999965667725 -8.31999969482422 -8.27000045776367 -8.25 -8.26000022888184 -8.31999969482422 -8.38000011444092 -8.4399995803833 -8.5 -8.59000015258789 -8.69999980926514 -8.80000019073486 -8.88000011444092 -9 -9.11999988555908 -9.22000026702881 -9.35000038146973 -9.51000022888184 -9.64999961853027 -9.72999954223633 -9.76000022888184 -9.72999954223633 -9.77000045776367 -9.77999973297119 -9.75 -9.68000030517578 -9.60999965667725 -9.56999969482422 -9.52999973297119 -9.52999973297119 -9.51000022888184 -9.5 -9.65999984741211 -9.77000045776367 -9.81999969482422 -9.93000030517578 -10.0500001907349 -10.1800003051758 -10.3000001907349 -10.4499998092651
-7.92999982833862 -8.10999965667725 -8.22999954223633 -8.25 -8.22000026702881 -8.22999954223633 -8.23999977111816 -8.27999973297119 -8.28999996185303 -8.27999973297119 -8.31999969482422 -8.34000015258789 -8.32999992370605 -8.39999961853027 -8.52999973297119 -8.64999961853027 -8.71000003814697 -8.77000045776367 -8.85999965667725 -8.93000030517578 -9.02000045776367 -9.10999965667725 -9.22999954223633 -9.35000038146973 -9.46000003814697 -9.56999969482422 -9.60999965667725 -9.59000015258789 -9.61999988555908 -9.61999988555908 -9.59000015258789 -9.53999996185303 -9.48999977111816 -9.46000003814697 -9.46000003814697 -9.48999977111816 -9.53999996185303 -9.63000011444092 -9.77000045776367 -9.88000011444092 -9.97000026702881 -10.0500001907349 -10.1899995803833 -10.3299999237061 -10.460000038147
-7.90000009536743 -8 -8.17000007629395 -8.13000011444092 -8.07999992370605 -8.0600004196167 -8.07999992370605 -8.14000034332275 -8.19999980926514 -8.22999954223633 -8.3100004196167 -8.30000019073486 -8.22000026702881 -8.35000038146973 -8.48999977111816 -8.57999992370605 -8.63000011444092 -8.68000030517578 -8.72999954223633 -8.8100004196167 -8.93000030517578 -9 -9.03999996185303 -9.10999965667725 -9.18000030517578 -9.3100004196167 -9.39999961853027 -9.43000030517578 -9.4399995803833 -9.4399995803833 -9.46000003814697 -9.47999954223633 -9.44999980926514 -9.4399995803833 -9.43000030517578 -9.47999954223633 -9.56999969482422 -9.65999984741211 -9.77000045776367 -9.86999988555908 -9.97999954223633 -10.0799999237061 -10.210000038147 -10.3800001144409 -10.5100002288818
-7.75 -7.82000017166138 -7.96999979019165 -8.05000019073486 -7.96000003814697 -8 -8.11999988555908 -8.10000038146973 -8.05000019073486 -8.03999996185303 -8.11999988555908 -8.13000011444092 -8.17000007629395 -8.31999969482422 -8.40999984741211 -8.47000026702881 -8.53999996185303 -8.60999965667725 -8.61999988555908 -8.65999984741211 -8.76000022888184 -8.85999965667725 -8.94999980926514 -9 -9.03999996185303 -9.05000019073486 -9.14000034332275 -9.19999980926514 -9.27000045776367 -9.31999969482422 -9.35000038146973 -9.35999965667725 -9.39000034332275 -9.43000030517578 -9.44999980926514 -9.46000003814697 -9.52999973297119 -9.64999961853027 -9.73999977111816 -9.82999992370605 -9.93000030517578 -10.039999961853 -10.1599998474121 -10.2799997329712 -10.3999996185303
-7.57000017166138 -7.57000017166138 -7.65999984741211 -7.76000022888184 -7.82999992370605 -7.94000005722046 -7.84000015258789 -7.86999988555908 -7.90000009536743 -8.01000022888184 -8.09000015258789 -8.19999980926514 -8.35999965667725 -8.4399995803833 -8.35000038146973 -8.32999992370605 -8.43000030517578 -8.46000003814697 -8.51000022888184 -8.53999996185303 -8.59000015258789 -8.67000007629395 -8.76000022888184 -8.84000015258789 -8.92000007629395 -8.96000003814697 -9 -9.02000045776367 -9.06999969482422 -9.17000007629395 -9.23999977111816 -9.27999973297119 -9.30000019073486 -9.35999965667725 -9.42000007629395 -9.5 -9.56999969482422 -9.64000034332275 -9.71000003814697 -9.81999969482422 -9.98999977111816 -10.0799999237061 -10.1499996185303 -10.210000038147 -10.2600002288818
-7.5 -7.61999988555908 -7.63000011444092 -7.61999988555908 -7.71000003814697 -7.69000005722046 -7.78999996185303 -7.98000001907349 -8.09000015258789 -8.17000007629395 -8.22999954223633 -8.23999977111816 -8.27000045776367 -8.32999992370605 -8.34000015258789 -8.25 -8.3100004196167 -8.35999965667725 -8.40999984741211 -8.43000030517578 -8.47999954223633 -8.52999973297119 -8.55000019073486 -8.63000011444092 -8.73999977111816 -8.8100004196167 -8.85000038146973 -8.86999988555908 -8.90999984741211 -8.97999954223633 -9.09000015258789 -9.17000007629395 -9.22000026702881 -9.27000045776367 -9.35999965667725 -9.4399995803833 -9.52999973297119 -9.60999965667725 -9.69999980926514 -9.78999996185303 -9.89000034332275 -9.97999954223633 -10.039999961853 -10.0900001525879 -10.1599998474121
-7.53000020980835 -7.57000017166138 -7.61999988555908 -7.65000009536743 -7.71999979019165 -7.80000019073486 -7.86999988555908 -7.94999980926514 -8.03999996185303 -8.09000015258789 -8.14999961853027 -8.11999988555908 -8.14000034332275 -8.18000030517578 -8.28999996185303 -8.3100004196167 -8.31999969482422 -8.38000011444092 -8.48999977111816 -8.46000003814697 -8.38000011444092 -8.39999961853027 -8.40999984741211 -8.44999980926514 -8.52000045776367 -8.63000011444092 -8.71000003814697 -8.75 -8.81999969482422 -8.89000034332275 -8.96000003814697 -9.05000019073486 -9.11999988555908 -9.25 -9.31999969482422 -9.38000011444092 -9.47000026702881 -9.5600004196167 -9.68000030517578 -9.75 -9.82999992370605 -9.89999961853027 -9.97000026702881 -10.039999961853 -10.1099996566772
-7.40999984741211 -7.46999979019165 -7.53999996185303 -7.61999988555908 -7.65999984741211 -7.78000020980835 -7.80999994277954 -7.82000017166138 -7.90999984741211 -7.92999982833862 -7.98000001907349 -8.07999992370605 -8.10000038146973 -8.11999988555908 -8.11999988555908 -8.15999984741211 -8.21000003814697 -8.3100004196167 -8.40999984741211 -8.40999984741211 -8.40999984741211 -8.38000011444092 -8.34000015258789 -8.35999965667725 -8.43000030517578 -8.48999977111816 -8.55000019073486 -8.63000011444092 -8.71000003814697 -8.78999996185303 -8.86999988555908 -8.96000003814697 -9.02999973297119 -9.15999984741211 -9.25 -9.35000038146973 -9.43000030517578 -9.52000045776367 -9.61999988555908 -9.69999980926514 -9.77999973297119 -9.85000038146973 -9.93000030517578 -9.98999977111816 -10.0600004196167
-7.34000015258789 -7.40000009536743 -7.51000022888184 -7.53000020980835 -7.55000019073486 -7.59999990463257 -7.67999982833862 -7.76999998092651 -7.80000019073486 -7.84999990463257 -7.86999988555908 -7.92999982833862 -8.02000045776367 -8.06999969482422 -8.09000015258789 -8.14000034332275 -8.19999980926514 -8.28999996185303 -8.39999961853027 -8.51000022888184 -8.57999992370605 -8.52000045776367 -8.42000007629395 -8.47999954223633 -8.60999965667725 -8.59000015258789 -8.52000045776367 -8.52999973297119 -8.5600004196167 -8.61999988555908 -8.69999980926514 -8.77999973297119 -8.90999984741211 -9.03999996185303 -9.15999984741211 -9.27999973297119 -9.39000034332275 -9.51000022888184 -9.61999988555908 -9.71000003814697 -9.78999996185303 -9.84000015258789 -9.89999961853027 -9.96000003814697 -10.0299997329712
-7.3600001335144 -7.44000005722046 -7.42000007629395 -7.48999977111816 -7.57000017166138 -7.6100001335144 -7.6399998664856 -7.67999982833862 -7.75 -7.84999990463257 -7.88000011444092 -7.90999984741211 -7.98000001907349 -8.0600004196167 -8.13000011444092 -8.1899995803833 -8.23999977111816 -8.3100004196167 -8.4399995803833 -8.53999996185303 -8.60000038146973 -8.57999992370605 -8.61999988555908 -8.67000007629395 -8.71000003814697 -8.77000045776367 -8.69999980926514 -8.60000038146973 -8.53999996185303 -8.56999969482422 -8.60000038146973 -8.67000007629395 -8.77000045776367 -8.89000034332275 -9.02999973297119 -9.1899995803833 -9.32999992370605 -9.47999954223633 -9.60999965667725 -9.72999954223633 -9.80000019073486 -9.85999965667725 -9.90999984741211 -9.96000003814697 -10.0200004577637
-7.46999979019165 -7.44000005722046 -7.51000022888184 -7.59999990463257 -7.63000011444092 -7.65999984741211 -7.71000003814697 -7.76999998092651 -7.76000022888184 -7.75 -7.78000020980835 -7.8899998664856 -7.94999980926514 -8.02000045776367 -8.14999961853027 -8.25 -8.32999992370605 -8.39999961853027 -8.48999977111816 -8.56999969482422 -8.63000011444092 -8.64000034332275 -8.60999965667725 -8.60999965667725 -8.60999965667725 -8.63000011444092 -8.72000026702881 -8.77999973297119 -8.53999996185303 -8.5 -8.52000045776367 -8.5600004196167 -8.64999961853027 -8.77000045776367 -8.90999984741211 -9.0600004196167 -9.22999954223633 -9.40999984741211 -9.57999992370605 -9.72999954223633 -9.78999996185303 -9.84000015258789 -9.89999961853027 -9.94999980926514 -10.0200004577637
-7.46000003814697 -7.55000019073486 -7.67000007629395 -7.73999977111816 -7.76999998092651 -7.82999992370605 -7.84000015258789 -7.76000022888184 -7.78000020980835 -7.78999996185303 -7.80000019073486 -7.84999990463257 -7.90999984741211 -8 -8.11999988555908 -8.27000045776367 -8.36999988555908 -8.46000003814697 -8.55000019073486 -8.64000034332275 -8.60999965667725 -8.57999992370605 -8.55000019073486 -8.52000045776367 -8.51000022888184 -8.5 -8.53999996185303 -8.64000034332275 -8.59000015258789 -8.55000019073486 -8.56999969482422 -8.47999954223633 -8.55000019073486 -8.65999984741211 -8.80000019073486 -8.94999980926514 -9.10999965667725 -9.27000045776367 -9.43000030517578 -9.56999969482422 -9.67000007629395 -9.75 -9.82999992370605 -9.89999961853027 -9.98999977111816
-7.57999992370605 -7.67000007629395 -7.73999977111816 -7.80000019073486 -7.82999992370605 -7.82999992370605 -7.82999992370605 -7.90000009536743 -7.90000009536743 -7.92999982833862 -7.98999977111816 -7.96999979019165 -7.94000005722046 -8.01000022888184 -8.10000038146973 -8.19999980926514 -8.3100004196167 -8.39999961853027 -8.48999977111816 -8.59000015258789 -8.65999984741211 -8.63000011444092 -8.57999992370605 -8.51000022888184 -8.47999954223633 -8.47000026702881 -8.47000026702881 -8.51000022888184 -8.60999965667725 -8.65999984741211 -8.73999977111816 -8.46000003814697 -8.55000019073486 -8.72000026702881 -8.75 -8.85999965667725 -9 -9.13000011444092 -9.26000022888184 -9.39000034332275 -9.51000022888184 -9.60999965667725 -9.69999980926514 -9.78999996185303 -9.86999988555908
-7.67999982833862 -7.73999977111816 -7.78999996185303 -7.82999992370605 -7.82999992370605 -7.80999994277954 -7.73000001907349 -7.73000001907349 -7.76999998092651 -7.82000017166138 -7.90000009536743 -7.92999982833862 -7.96000003814697 -8.05000019073486 -8.13000011444092 -8.21000003814697 -8.28999996185303 -8.38000011444092 -8.46000003814697 -8.59000015258789 -8.64000034332275 -8.60000038146973 -8.55000019073486 -8.47000026702881 -8.47000026702881 -8.47999954223633 -8.46000003814697 -8.48999977111816 -8.5600004196167 -8.71000003814697 -8.65999984741211 -8.61999988555908 -8.81999969482422 -8.96000003814697 -8.80000019073486 -8.82999992370605 -8.92000007629395 -9.03999996185303 -9.14000034332275 -9.22999954223633 -9.32999992370605 -9.4399995803833 -9.53999996185303 -9.63000011444092 -9.71000003814697
-7.80000019073486 -7.73999977111816 -7.78000020980835 -7.78999996185303 -7.80000019073486 -7.76999998092651 -7.73000001907349 -7.73000001907349 -7.78999996185303 -7.82999992370605 -7.88000011444092 -7.96000003814697 -8.06999969482422 -8.14999961853027 -8.18000030517578 -8.21000003814697 -8.26000022888184 -8.31999969482422 -8.40999984741211 -8.51000022888184 -8.53999996185303 -8.52999973297119 -8.48999977111816 -8.44999980926514 -8.46000003814697 -8.47000026702881 -8.44999980926514 -8.42000007629395 -8.47999954223633 -8.64000034332275 -8.6899995803833 -8.80000019073486 -8.8100004196167 -8.8100004196167 -8.89000034332275 -8.89999961853027 -8.89000034332275 -8.93000030517578 -9.05000019073486 -9.14000034332275 -9.21000003814697 -9.27999973297119 -9.35999965667725 -9.44999980926514 -9.53999996185303
-7.76999998092651 -7.76000022888184 -7.75 -7.75 -7.76999998092651 -7.78999996185303 -7.78999996185303 -7.82999992370605 -7.88000011444092 -7.94000005722046 -8 -8.06999969482422 -8.13000011444092 -8.17000007629395 -8.19999980926514 -8.22000026702881 -8.22999954223633 -8.27000045776367 -8.35000038146973 -8.39000034332275 -8.40999984741211 -8.42000007629395 -8.39000034332275 -8.39000034332275 -8.39000034332275 -8.38000011444092 -8.39000034332275 -8.38000011444092 -8.44999980926514 -8.5 -8.55000019073486 -8.61999988555908 -8.69999980926514 -8.73999977111816 -8.80000019073486 -8.85000038146973 -8.89999961853027 -8.89999961853027 -8.90999984741211 -8.97000026702881 -9.06999969482422 -9.14999961853027 -9.19999980926514 -9.26000022888184 -9.32999992370605
-7.78000020980835 -7.86999988555908 -7.8600001335144 -7.86999988555908 -7.90000009536743 -7.90000009536743 -7.94000005722046 -7.92999982833862 -7.94000005722046 -7.98999977111816 -8.02000045776367 -8.07999992370605 -8.10999965667725 -8.10999965667725 -8.14999961853027 -8.14999961853027 -8.15999984741211 -8.22999954223633 -8.30000019073486 -8.34000015258789 -8.35000038146973 -8.35000038146973 -8.32999992370605 -8.3100004196167 -8.3100004196167 -8.3100004196167 -8.27999973297119 -8.32999992370605 -8.39999961853027 -8.44999980926514 -8.52000045776367 -8.56999969482422 -8.61999988555908 -8.64999961853027 -8.6899995803833 -8.72000026702881 -8.76000022888184 -8.82999992370605 -8.92000007629395 -8.85000038146973 -8.88000011444092 -8.97000026702881 -9.05000019073486 -9.10000038146973 -9.13000011444092
