SnowAccumulation_R/test/tmin/mint_1.asc
NCOLS 144 
NROWS 72 
XLLCORNER -107.999996877414 
YLLCORNER 47.0000011447333 
CELLSIZE 0.0833333376702586 
NODATA_value -3.4e+38 
[rows 20 to 39 of 72, columns 90 to 134 of 144]
-21.7900009155273 -21.6000003814697 -21.4699993133545 -21.3600006103516 -21.2900009155273 -21.25 -21.2600002288818 -21.2999992370605 -21.3600006103516 -21.4099998474121 -21.4599990844727 -21.4899997711182 -21.5200004577637 -21.5499992370605 -21.5799999237061 -21.6100006103516 -21.6299991607666 -21.6700000762939 -21.7199993133545 -21.7900009155273 -21.8799991607666 -21.9899997711182 -22.1200008392334 -22.2600002288818 -22.4099998474121 -22.5499992370605 -22.6599998474121 -22.7600002288818 -22.8500003814697 -22.9300003051758 -23 -23.0499992370605 -23.1000003814697 -23.1499996185303 -23.1800003051758 -23.2000007629395 -23.25 -23.2600002288818 -23.2399997711182 -23.2199993133545 -23.1800003051758 -23.1499996185303 -23.1100006103516 -23.0799999237061 -23.0599994659424
-21.7900009155273 -21.5900001525879 -21.3999996185303 -21.2199993133545 -21.0900001525879 -21.0100002288818 -21.0100002288818 -21.0499992370605 -21.1200008392334 -21.1800003051758 -21.2399997711182 -21.2999992370605 -21.3600006103516 -21.4099998474121 -21.4699993133545 -21.5100002288818 -21.5699996948242 -21.6299991607666 -21.7000007629395 -21.7900009155273 -21.8899993896484 -22.0100002288818 -22.1399993896484 -22.2700004577637 -22.4300003051758 -22.5699996948242 -22.6800003051758 -22.7700004577637 -22.8600006103516 -22.9400005340576 -23.0200004577637 -23.0699996948242 -23.1100006103516 -23.1499996185303 -23.2000007629395 -23.25 -23.3099994659424 -23.3099994659424 -23.2700004577637 -23.2199993133545 -23.1700000762939 -23.1100006103516 -23.0699996948242 -23.0400009155273 -23.0100002288818
-21.8500003814697 -21.6599998474121 -21.4400005340576 -21.1599998474121 -20.9200000762939 -20.7600002288818 -20.7999992370605 -20.8600006103516 -20.9300003051758 -21 -21.0699996948242 -21.1399993896484 -21.2099990844727 -21.2900009155273 -21.3600006103516 -21.4300003051758 -21.5 -21.5799999237061 -21.6700000762939 -21.7700004577637 -21.8799991607666 -22.0100002288818 -22.1399993896484 -22.2700004577637 -22.4200000762939 -22.5799999237061 -22.6800003051758 -22.7700004577637 -22.8500003814697 -22.9200000762939 -23 -23.0499992370605 -23.0900001525879 -23.1399993896484 -23.1900005340576 -23.2299995422363 -23.2700004577637 -23.2800006866455 -23.25 -23.1900005340576 -23.1299991607666 -23.0599994659424 -23.0100002288818 -22.9699993133545 -22.9300003051758
-21.9799995422363 -21.8199996948242 -21.5799999237061 -21.3600006103516 -21.1200008392334 -20.9400005340576 -20.8600006103516 -20.8400001525879 -20.8700008392334 -20.9099998474121 -20.9599990844727 -21.0100002288818 -21.0900001525879 -21.1700000762939 -21.2600002288818 -21.3500003814697 -21.4300003051758 -21.5300006866455 -21.6200008392334 -21.7399997711182 -21.8600006103516 -21.9799995422363 -22.1100006103516 -22.2399997711182 -22.3600006103516 -22.4899997711182 -22.6100006103516 -22.7099990844727 -22.7999992370605 -22.8799991607666 -22.9500007629395 -23.0100002288818 -23.0599994659424 -23.1000003814697 -23.1200008392334 -23.1499996185303 -23.1700000762939 -23.1499996185303 -23.1299991607666 -23.1000003814697 -23.0400009155273 -22.9899997711182 -22.9200000762939 -22.8600006103516 -22.8099994659424
-22.3299999237061 -22.2800006866455 -21.9300003051758 -21.9200000762939 -21.8999996185303 -22.0400009155273 -22.0699996948242 -21.3700008392334 -20.9500007629395 -20.8899993896484 -20.8899993896484 -20.9099998474121 -20.9599990844727 -21.0499992370605 -21.1800003051758 -21.2800006866455 -21.3600006103516 -21.4500007629395 -21.5599994659424 -21.6800003051758 -21.8199996948242 -21.9400005340576 -22.0599994659424 -22.1800003051758 -22.2999992370605 -22.4200000762939 -22.5300006866455 -22.6299991607666 -22.7299995422363 -22.8099994659424 -22.8799991607666 -22.9500007629395 -22.9899997711182 -23.0300006866455 -23.0400009155273 -23.0300006866455 -23.0300006866455 -23.0100002288818 -23 -22.9799995422363 -22.9599990844727 -22.8899993896484 -22.7900009155273 -22.7099990844727 -22.6399993896484
-22.5300006866455 -22.4500007629395 -22.2800006866455 -22.2299995422363 -22.2900009155273 -22.3500003814697 -22.2099990844727 -21.6299991607666 -21.3400001525879 -21.0100002288818 -20.8400001525879 -20.8099994659424 -20.8400001525879 -20.9400005340576 -21.0799999237061 -21.1900005340576 -21.2900009155273 -21.3899993896484 -21.5 -21.6200008392334 -21.7399997711182 -21.8700008392334 -21.9799995422363 -22.0900001525879 -22.2000007629395 -22.3099994659424 -22.4200000762939 -22.5300006866455 -22.6299991607666 -22.7199993133545 -22.7999992370605 -22.8600006103516 -22.8999996185303 -22.9200000762939 -22.9300003051758 -22.9200000762939 -22.8899993896484 -22.8600006103516 -22.8299999237061 -22.7999992370605 -22.7700004577637 -22.6900005340576 -22.5799999237061 -22.5 -22.4300003051758
-22.6000003814697 -22.5200004577637 -22.4300003051758 -22.3500003814697 -22.3199996948242 -22.25 -22.1499996185303 -22.0799999237061 -22.1299991607666 -21.75 -20.9300003051758 -20.7399997711182 -20.75 -20.8299999237061 -20.9699993133545 -21.1100006103516 -21.2199993133545 -21.3199996948242 -21.4300003051758 -21.5400009155273 -21.6499996185303 -21.7600002288818 -21.8799991607666 -21.9899997711182 -22.0900001525879 -22.1900005340576 -22.2999992370605 -22.4099998474121 -22.5100002288818 -22.6100006103516 -22.7000007629395 -22.7600002288818 -22.7999992370605 -22.7999992370605 -22.7999992370605 -22.7800006866455 -22.7399997711182 -22.7000007629395 -22.6499996185303 -22.5900001525879 -22.5300006866455 -22.4400005340576 -22.3299999237061 -22.2600002288818 -22.1900005340576
-22.6100006103516 -22.5400009155273 -22.4699993133545 -22.4300003051758 -22.3899993896484 -22.2999992370605 -22.2800006866455 -22.2000007629395 -22.1299991607666 -22.1499996185303 -21.7999992370605 -20.7999992370605 -20.7199993133545 -20.7800006866455 -20.8999996185303 -21.0400009155273 -21.1599998474121 -21.2600002288818 -21.3600006103516 -21.4699993133545 -21.5799999237061 -21.6599998474121 -21.7600002288818 -21.8700008392334 -21.9699993133545 -22.0699996948242 -22.1599998474121 -22.2600002288818 -22.3600006103516 -22.4599990844727 -22.5599994659424 -22.6499996185303 -22.6700000762939 -22.6499996185303 -22.6299991607666 -22.6000003814697 -22.5699996948242 -22.5100002288818 -22.4400005340576 -22.3700008392334 -22.2800006866455 -22.1700000762939 -22.0699996948242 -22.0200004577637 -21.9599990844727
-22.5100002288818 -22.5 -22.4099998474121 -22.4099998474121 -22.3700008392334 -22.2800006866455 -22.2000007629395 -22.1499996185303 -22.1399993896484 -22.0799999237061 -22.0400009155273 -21.3099994659424 -20.8299999237061 -20.8199996948242 -20.8799991607666 -20.9699993133545 -21.0799999237061 -21.2000007629395 -21.2999992370605 -21.3899993896484 -21.4899997711182 -21.5599994659424 -21.6299991607666 -21.7299995422363 -21.8299999237061 -21.9200000762939 -22.0100002288818 -22.1000003814697 -22.1900005340576 -22.2700004577637 -22.3500003814697 -22.4099998474121 -22.4400005340576 -22.4400005340576 -22.4300003051758 -22.4099998474121 -22.3700008392334 -22.3099994659424 -22.25 -22.1700000762939 -22.0799999237061 -21.9599990844727 -21.8500003814697 -21.8299999237061 -21.7999992370605
-22.3199996948242 -22.3299999237061 -22.3099994659424 -22.3500003814697 -22.3299999237061 -22.2600002288818 -22.1499996185303 -22.1499996185303 -22.1000003814697 -22.0300006866455 -22.0100002288818 -21.6599998474121 -20.9699993133545 -20.8700008392334 -20.8700008392334 -20.9200000762939 -21 -21.1100006103516 -21.2199993133545 -21.2800006866455 -21.3600006103516 -21.4400005340576 -21.4899997711182 -21.5799999237061 -21.6700000762939 -21.7600002288818 -21.8500003814697 -21.9300003051758 -22 -22.0699996948242 -22.1299991607666 -22.1700000762939 -22.2000007629395 -22.2199993133545 -22.2199993133545 -22.2099990844727 -22.1900005340576 -22.1399993896484 -22.0799999237061 -22.0200004577637 -21.9500007629395 -21.8600006103516 -21.7800006866455 -21.7399997711182 -21.7199993133545
-22.1599998474121 -22.1900005340576 -22.2199993133545 -22.25 -22.25 -22.2299995422363 -22.1700000762939 -22.1900005340576 -22.1499996185303 -22.1100006103516 -22.0300006866455 -21.6700000762939 -21.0599994659424 -20.8700008392334 -20.8299999237061 -20.8500003814697 -20.8899993896484 -20.9500007629395 -21.0300006866455 -21.1000003814697 -21.1700000762939 -21.2600002288818 -21.3299999237061 -21.4200000762939 -21.5100002288818 -21.6000003814697 -21.6800003051758 -21.75 -21.8099994659424 -21.8600006103516 -21.8999996185303 -21.9400005340576 -21.9799995422363 -22 -22 -22.0100002288818 -22 -21.9699993133545 -21.9300003051758 -21.8799991607666 -21.8400001525879 -21.7800006866455 -21.7299995422363 -21.7000007629395 -21.6800003051758
-21.9899997711182 -22.0699996948242 -22.1299991607666 -22.1499996185303 -22.1499996185303 -22.1499996185303 -22.1299991607666 -22.1399993896484 -22.1200008392334 -22.0499992370605 -21.9099998474121 -21.4400005340576 -21 -20.8400001525879 -20.7700004577637 -20.7299995422363 -20.7299995422363 -20.75 -20.7900009155273 -20.8600006103516 -20.9500007629395 -21.0400009155273 -21.1399993896484 -21.2399997711182 -21.3500003814697 -21.4400005340576 -21.5100002288818 -21.5699996948242 -21.6200008392334 -21.6599998474121 -21.6900005340576 -21.7299995422363 -21.7600002288818 -21.7900009155273 -21.7900009155273 -21.8099994659424 -21.8299999237061 -21.8400001525879 -21.8099994659424 -21.7700004577637 -21.75 -21.7199993133545 -21.6900005340576 -21.6800003051758 -21.6700000762939
-21.8400001525879 -21.9200000762939 -22.0100002288818 -22.0699996948242 -22.1100006103516 -22.1299991607666 -22.1399993896484 -22.1200008392334 -22.0400009155273 -21.8799991607666 -21.5499992370605 -21.1299991607666 -20.8600006103516 -20.7299995422363 -20.6700000762939 -20.6200008392334 -20.5699996948242 -20.5300006866455 -20.5400009155273 -20.6000003814697 -20.7099990844727 -20.8299999237061 -20.9400005340576 -21.0699996948242 -21.1900005340576 -21.2800006866455 -21.3400001525879 -21.3799991607666 -21.4200000762939 -21.4500007629395 -21.4799995422363 -21.5100002288818 -21.5599994659424 -21.5799999237061 -21.6000003814697 -21.6200008392334 -21.6599998474121 -21.6900005340576 -21.6700000762939 -21.6700000762939 -21.6700000762939 -21.6599998474121 -21.6599998474121 -21.6700000762939 -21.6900005340576
-21.6700000762939 -21.75 -21.8400001525879 -21.9099998474121 -21.9699993133545 -22.0100002288818 -22 -22.0100002288818 -21.9300003051758 -21.7099990844727 -21.3999996185303 -21.0499992370605 -20.7700004577637 -20.7299995422363 -20.6599998474121 -20.5400009155273 -20.4500007629395 -20.3799991607666 -20.3199996948242 -20.3999996185303 -20.5100002288818 -20.6299991607666 -20.75 -20.8799991607666 -21.0300006866455 -21.1499996185303 -21.1700000762939 -21.1800003051758 -21.2000007629395 -21.2299995422363 -21.2600002288818 -21.3099994659424 -21.3799991607666 -21.4099998474121 -21.4200000762939 -21.4400005340576 -21.4799995422363 -21.5200004577637 -21.5200004577637 -21.5499992370605 -21.5699996948242 -21.6000003814697 -21.6399993896484 -21.6800003051758 -21.7299995422363
-21.5100002288818 -21.5900001525879 -21.6599998474121 -21.7199993133545 -21.75 -21.8099994659424 -21.8799991607666 -21.8500003814697 -21.7399997711182 -21.5599994659424 -21.3299999237061 -21.0799999237061 -20.9099998474121 -20.8400001525879 -20.7600002288818 -20.5900001525879 -20.4400005340576 -20.3600006103516 -20.3099994659424 -20.3199996948242 -20.3700008392334 -20.4500007629395 -20.5400009155273 -20.6499996185303 -20.7600002288818 -20.8500003814697 -20.8799991607666 -20.9099998474121 -20.9400005340576 -20.9799995422363 -21.0300006866455 -21.1000003814697 -21.1800003051758 -21.2199993133545 -21.25 -21.2700004577637 -21.3199996948242 -21.3500003814697 -21.3799991607666 -21.4200000762939 -21.4599990844727 -21.5400009155273 -21.6100006103516 -21.6900005340576 -21.7600002288818
-21.3500003814697 -21.4099998474121 -21.4699993133545 -21.5200004577637 -21.6299991607666 -21.7000007629395 -21.7099990844727 -21.6700000762939 -21.5699996948242 -21.4200000762939 -21.25 -21.1000003814697 -20.9799995422363 -20.8899993896484 -20.7999992370605 -20.6900005340576 -20.5 -20.3700008392334 -20.2999992370605 -20.2600002288818 -20.25 -20.2800006866455 -20.3199996948242 -20.3700008392334 -20.4200000762939 -20.4799995422363 -20.5300006866455 -20.5799999237061 -20.6499996185303 -20.7299995422363 -20.8199996948242 -20.8999996185303 -20.9799995422363 -21.0499992370605 -21.1000003814697 -21.1499996185303 -21.1800003051758 -21.2000007629395 -21.2299995422363 -21.2800006866455 -21.3700008392334 -21.4899997711182 -21.6000003814697 -21.7199993133545 -21.8099994659424
-21.1800003051758 -21.2700004577637 -21.3700008392334 -21.4300003051758 -21.5100002288818 -21.5699996948242 -21.5799999237061 -21.5300006866455 -21.4500007629395 -21.3400001525879 -21.2199993133545 -21.1200008392334 -21.0300006866455 -20.9400005340576 -20.8299999237061 -20.6900005340576 -20.5499992370605 -20.4099998474121 -20.2900009155273 -20.2000007629395 -20.1399993896484 -20.1100006103516 -20.1100006103516 -20.1200008392334 -20.1399993896484 -20.1399993896484 -20.1599998474121 -20.25 -20.3799991607666 -20.5200004577637 -20.6399993896484 -20.7700004577637 -20.8700008392334 -20.9699993133545 -21.0400009155273 -21.0799999237061 -21.1000003814697 -21.0900001525879 -21.0900001525879 -21.1599998474121 -21.2999992370605 -21.4599990844727 -21.6200008392334 -21.7600002288818 -21.8799991607666
-21.0499992370605 -21.1399993896484 -21.2700004577637 -21.3700008392334 -21.4300003051758 -21.5100002288818 -21.5200004577637 -21.4200000762939 -21.3199996948242 -21.2299995422363 -21.1299991607666 -21.0400009155273 -20.9799995422363 -20.9099998474121 -20.7999992370605 -20.6700000762939 -20.5599994659424 -20.4200000762939 -20.2999992370605 -20.2000007629395 -20.1100006103516 -20.0100002288818 -19.9699993133545 -19.9500007629395 -19.9400005340576 -19.9300003051758 -19.9300003051758 -20.0400009155273 -20.2099990844727 -20.3799991607666 -20.5400009155273 -20.6900005340576 -20.8400001525879 -20.9599990844727 -21.0499992370605 -21.1000003814697 -21.1200008392334 -21.1100006103516 -21.1100006103516 -21.1800003051758 -21.3299999237061 -21.5 -21.6599998474121 -21.8099994659424 -21.9599990844727
-21 -21.1200008392334 -21.2299995422363 -21.2999992370605 -21.3299999237061 -21.3600006103516 -21.3400001525879 -21.25 -21.1399993896484 -21.0599994659424 -20.9699993133545 -20.8899993896484 -20.8299999237061 -20.7600002288818 -20.6700000762939 -20.5799999237061 -20.4599990844727 -20.3500003814697 -20.25 -20.1700000762939 -20.0799999237061 -19.9799995422363 -19.9200000762939 -19.8799991607666 -19.8600006103516 -19.8999996185303 -19.9500007629395 -20.0400009155273 -20.1700000762939 -20.3299999237061 -20.4899997711182 -20.6599998474121 -20.8400001525879 -21.0100002288818 -21.1399993896484 -21.1900005340576 -21.2099990844727 -21.2199993133545 -21.2600002288818 -21.3299999237061 -21.4400005340576 -21.5799999237061 -21.7299995422363 -21.8899993896484 -22.0400009155273
-20.8799991607666 -21.0100002288818 -21.1200008392334 -21.1800003051758 -21.1900005340576 -21.1700000762939 -21.1499996185303 -21.0900001525879 -20.9500007629395 -20.8400001525879 -20.7700004577637 -20.7099990844727 -20.6599998474121 -20.6000003814697 -20.4899997711182 -20.3600006103516 -20.2700004577637 -20.1900005340576 -20.0900001525879 -20.0300006866455 -19.9799995422363 -19.9200000762939 -19.8700008392334 -19.8199996948242 -19.8400001525879 -19.8799991607666 -19.9400005340576 -20.0300006866455 -20.1499996185303 -20.2999992370605 -20.4599990844727 -20.6399993896484 -20.8299999237061 -21.0200004577637 -21.2000007629395 -21.25 -21.2700004577637 -21.2999992370605 -21.3500003814697 -21.4200000762939 -21.5300006866455 -21.6599998474121 -21.7999992370605 -21.9500007629395 -22.1200008392334
