SnowAccumulation_R/test/tmin/mint_4.asc
NCOLS 144 
NROWS 72 
XLLCORNER -107.999996877414 
YLLCORNER 47.0000011447333 
CELLSIZE 0.0833333376702586 
NODATA_value -3.4e+38 
[rows 0 to 19 of 72, columns 45 to 89 of 144]
-2.91000008583069 -2.88000011444092 -2.88000011444092 -2.91000008583069 -2.9300000667572 -3.05999994277954 -3.1800000667572 -3.25 -3.35999989509583 -3.51999998092651 -3.66000008583069 -3.67000007629395 -3.75999999046326 -3.89000010490417 -3.92000007629395 -4.01000022888184 -4.15999984741211 -4.21000003814697 -4.21999979019165 -4.23000001907349 -4.1100001335144 -4 -3.9300000667572 -3.86999988555908 -3.80999994277954 -3.78999996185303 -3.76999998092651 -3.79999995231628 -3.82999992370605 -3.82999992370605 -3.77999997138977 -3.77999997138977 -3.77999997138977 -3.77999997138977 -3.80999994277954 -3.84999990463257 -3.92000007629395 -4.01000022888184 -4 -3.97000002861023 -4 -4.03000020980835 -4.05999994277954 -4.09999990463257 -4.15000009536743
-2.9300000667572 -2.9300000667572 -2.92000007629395 -2.98000001907349 -2.98000001907349 -3.03999996185303 -3.16000008583069 -3.25 -3.29999995231628 -3.38000011444092 -3.4300000667572 -3.5 -3.57999992370605 -3.63000011444092 -3.67000007629395 -3.75 -3.83999991416931 -3.89000010490417 -3.94000005722046 -3.97000002861023 -3.9300000667572 -3.86999988555908 -3.82999992370605 -3.76999998092651 -3.75 -3.75 -3.76999998092651 -3.8199999332428 -3.80999994277954 -3.75 -3.74000000953674 -3.74000000953674 -3.75 -3.75 -3.76999998092651 -3.77999997138977 -3.79999995231628 -3.86999988555908 -3.86999988555908 -3.86999988555908 -3.89000010490417 -3.92000007629395 -3.95000004768372 -3.99000000953674 -4.05999994277954
-2.96000003814697 -2.97000002861023 -2.97000002861023 -3.00999999046326 -3.04999995231628 -3.11999988555908 -3.15000009536743 -3.21000003814697 -3.20000004768372 -3.24000000953674 -3.28999996185303 -3.33999991416931 -3.35999989509583 -3.39000010490417 -3.44000005722046 -3.52999997138977 -3.61999988555908 -3.66000008583069 -3.71000003814697 -3.74000000953674 -3.75 -3.73000001907349 -3.74000000953674 -3.73000001907349 -3.74000000953674 -3.75999999046326 -3.78999996185303 -3.79999995231628 -3.8199999332428 -3.83999991416931 -3.86999988555908 -3.9300000667572 -4.05999994277954 -4.36999988555908 -4.55000019073486 -4.32999992370605 -3.89000010490417 -3.8199999332428 -3.79999995231628 -3.78999996185303 -3.78999996185303 -3.79999995231628 -3.83999991416931 -3.92000007629395 -3.99000000953674
-3 -3 -3.01999998092651 -3.00999999046326 -3.04999995231628 -3.09999990463257 -3.14000010490417 -3.15000009536743 -3.13000011444092 -3.14000010490417 -3.16000008583069 -3.19000005722046 -3.22000002861023 -3.25999999046326 -3.30999994277954 -3.38000011444092 -3.45000004768372 -3.50999999046326 -3.55999994277954 -3.58999991416931 -3.61999988555908 -3.64000010490417 -3.67000007629395 -3.70000004768372 -3.73000001907349 -3.79999995231628 -3.88000011444092 -3.99000000953674 -4.09999990463257 -4.23999977111816 -4.40999984741211 -4.65000009536743 -5.01999998092651 -5.32999992370605 -5.28999996185303 -4.98000001907349 -4.32999992370605 -3.85999989509583 -3.72000002861023 -3.73000001907349 -3.73000001907349 -3.75 -3.76999998092651 -3.84999990463257 -3.90000009536743
-3.01999998092651 -3.03999996185303 -3.05999994277954 -3.00999999046326 -3.01999998092651 -3.07999992370605 -3.08999991416931 -3.07999992370605 -3.15000009536743 -3.11999988555908 -3.14000010490417 -3.1800000667572 -3.19000005722046 -3.22000002861023 -3.24000000953674 -3.29999995231628 -3.34999990463257 -3.40000009536743 -3.47000002861023 -3.49000000953674 -3.52999997138977 -3.57999992370605 -3.63000011444092 -3.6800000667572 -3.79999995231628 -4 -4.25 -4.57000017166138 -4.86999988555908 -5.07999992370605 -5.01000022888184 -4.94000005722046 -5.07000017166138 -5.17999982833862 -5.13000011444092 -5.1100001335144 -5 -4.23000001907349 -3.6800000667572 -3.61999988555908 -3.59999990463257 -3.58999991416931 -3.66000008583069 -3.74000000953674 -3.78999996185303
-3.0699999332428 -3.05999994277954 -3.03999996185303 -3.02999997138977 -2.98000001907349 -3.01999998092651 -3.00999999046326 -3.14000010490417 -3.17000007629395 -3.20000004768372 -3.25999999046326 -3.23000001907349 -3.26999998092651 -3.29999995231628 -3.3199999332428 -3.32999992370605 -3.38000011444092 -3.44000005722046 -3.47000002861023 -3.47000002861023 -3.53999996185303 -3.59999990463257 -3.67000007629395 -3.75 -3.85999989509583 -4.15999984741211 -4.48000001907349 -4.71999979019165 -4.84999990463257 -4.86999988555908 -4.90000009536743 -4.94999980926514 -4.96999979019165 -5.07000017166138 -5.07000017166138 -5.01000022888184 -4.94000005722046 -4.28999996185303 -3.55999994277954 -3.47000002861023 -3.4300000667572 -3.45000004768372 -3.50999999046326 -3.61999988555908 -3.69000005722046
-3.08999991416931 -3.0699999332428 -3.02999997138977 -3.02999997138977 -3 -2.97000002861023 -2.98000001907349 -3.11999988555908 -3.23000001907349 -3.35999989509583 -3.35999989509583 -3.35999989509583 -3.40000009536743 -3.44000005722046 -3.42000007629395 -3.5 -3.50999999046326 -3.51999998092651 -3.54999995231628 -3.54999995231628 -3.6800000667572 -3.78999996185303 -3.80999994277954 -3.8199999332428 -3.84999990463257 -4.07999992370605 -4.30000019073486 -4.46999979019165 -4.61999988555908 -4.67999982833862 -4.67999982833862 -4.78000020980835 -4.8600001335144 -4.90999984741211 -4.8899998664856 -4.78000020980835 -4.63000011444092 -3.85999989509583 -3.42000007629395 -3.33999991416931 -3.35999989509583 -3.38000011444092 -3.42000007629395 -3.48000001907349 -3.58999991416931
-3.0699999332428 -3.03999996185303 -3 -2.99000000953674 -2.98000001907349 -2.96000003814697 -2.95000004768372 -3.05999994277954 -3.1800000667572 -3.23000001907349 -3.38000011444092 -3.45000004768372 -3.48000001907349 -3.53999996185303 -3.5 -3.59999990463257 -3.63000011444092 -3.5699999332428 -3.60999989509583 -3.66000008583069 -3.8199999332428 -3.88000011444092 -3.91000008583069 -3.88000011444092 -3.77999997138977 -3.9300000667572 -4.13000011444092 -4.21999979019165 -4.34000015258789 -4.42999982833862 -4.46000003814697 -4.48000001907349 -4.53000020980835 -4.6100001335144 -4.59999990463257 -4.44000005722046 -3.92000007629395 -3.47000002861023 -3.30999994277954 -3.28999996185303 -3.3199999332428 -3.36999988555908 -3.35999989509583 -3.45000004768372 -3.50999999046326
-2.98000001907349 -2.96000003814697 -2.94000005722046 -2.9300000667572 -2.92000007629395 -2.92000007629395 -2.91000008583069 -2.97000002861023 -3.04999995231628 -3.15000009536743 -3.3199999332428 -3.40000009536743 -3.46000003814697 -3.5 -3.52999997138977 -3.57999992370605 -3.60999989509583 -3.54999995231628 -3.59999990463257 -3.66000008583069 -3.75 -3.78999996185303 -3.78999996185303 -3.75999999046326 -3.6800000667572 -3.79999995231628 -4.03999996185303 -4.13000011444092 -4.25 -4.32000017166138 -4.17000007629395 -4.21999979019165 -4.28000020980835 -4.17999982833862 -3.98000001907349 -3.65000009536743 -3.38000011444092 -3.29999995231628 -3.27999997138977 -3.25 -3.3199999332428 -3.39000010490417 -3.44000005722046 -3.52999997138977 -3.45000004768372
-2.83999991416931 -2.83999991416931 -2.83999991416931 -2.84999990463257 -2.84999990463257 -2.85999989509583 -2.85999989509583 -2.88000011444092 -3.00999999046326 -3.11999988555908 -3.20000004768372 -3.28999996185303 -3.35999989509583 -3.39000010490417 -3.36999988555908 -3.40000009536743 -3.47000002861023 -3.47000002861023 -3.49000000953674 -3.51999998092651 -3.65000009536743 -3.6800000667572 -3.6800000667572 -3.65000009536743 -3.59999990463257 -3.72000002861023 -3.9300000667572 -4.09000015258789 -4.17000007629395 -4 -3.80999994277954 -3.70000004768372 -3.59999990463257 -3.44000005722046 -3.33999991416931 -3.27999997138977 -3.25 -3.23000001907349 -3.19000005722046 -3.22000002861023 -3.33999991416931 -3.44000005722046 -3.51999998092651 -3.50999999046326 -3.5
-2.70000004768372 -2.72000002861023 -2.73000001907349 -2.75 -2.76999998092651 -2.79999995231628 -2.80999994277954 -2.8199999332428 -2.90000009536743 -2.98000001907349 -3.05999994277954 -3.13000011444092 -3.22000002861023 -3.29999995231628 -3.30999994277954 -3.25999999046326 -3.27999997138977 -3.3199999332428 -3.33999991416931 -3.41000008583069 -3.50999999046326 -3.55999994277954 -3.57999992370605 -3.57999992370605 -3.58999991416931 -3.52999997138977 -3.75999999046326 -3.98000001907349 -3.94000005722046 -3.75 -3.58999991416931 -3.49000000953674 -3.39000010490417 -3.27999997138977 -3.25999999046326 -3.25999999046326 -3.21000003814697 -3.20000004768372 -3.21000003814697 -3.27999997138977 -3.33999991416931 -3.41000008583069 -3.49000000953674 -3.52999997138977 -3.54999995231628
-2.55999994277954 -2.58999991416931 -2.63000011444092 -2.67000007629395 -2.69000005722046 -2.72000002861023 -2.75999999046326 -2.77999997138977 -2.8199999332428 -2.88000011444092 -2.96000003814697 -3.0699999332428 -3.15000009536743 -3.22000002861023 -3.26999998092651 -3.26999998092651 -3.21000003814697 -3.17000007629395 -3.22000002861023 -3.25999999046326 -3.34999990463257 -3.4300000667572 -3.47000002861023 -3.51999998092651 -3.55999994277954 -3.4300000667572 -3.60999989509583 -3.65000009536743 -3.63000011444092 -3.64000010490417 -3.44000005722046 -3.49000000953674 -3.30999994277954 -3.25 -3.25 -3.27999997138977 -3.30999994277954 -3.38000011444092 -3.46000003814697 -3.71000003814697 -3.98000001907349 -3.90000009536743 -3.55999994277954 -3.49000000953674 -3.44000005722046
-2.39000010490417 -2.4300000667572 -2.48000001907349 -2.54999995231628 -2.60999989509583 -2.66000008583069 -2.69000005722046 -2.72000002861023 -2.75999999046326 -2.80999994277954 -2.89000010490417 -2.98000001907349 -3.05999994277954 -3.14000010490417 -3.19000005722046 -3.20000004768372 -3.19000005722046 -3.15000009536743 -3.11999988555908 -3.16000008583069 -3.22000002861023 -3.27999997138977 -3.3199999332428 -3.40000009536743 -3.44000005722046 -3.4300000667572 -3.35999989509583 -3.38000011444092 -3.44000005722046 -3.42000007629395 -3.35999989509583 -3.30999994277954 -3.30999994277954 -3.3199999332428 -3.38000011444092 -3.44000005722046 -3.58999991416931 -3.8199999332428 -4.05000019073486 -4.36999988555908 -4.53999996185303 -4.48999977111816 -3.84999990463257 -3.47000002861023 -3.33999991416931
-2.26999998092651 -2.32999992370605 -2.38000011444092 -2.46000003814697 -2.53999996185303 -2.59999990463257 -2.65000009536743 -2.70000004768372 -2.74000000953674 -2.77999997138977 -2.82999992370605 -2.89000010490417 -2.96000003814697 -3.03999996185303 -3.08999991416931 -3.09999990463257 -3.08999991416931 -3.08999991416931 -3.07999992370605 -3.10999989509583 -3.15000009536743 -3.14000010490417 -3.19000005722046 -3.24000000953674 -3.28999996185303 -3.28999996185303 -3.28999996185303 -3.25 -3.28999996185303 -3.34999990463257 -3.40000009536743 -3.48000001907349 -3.51999998092651 -3.52999997138977 -3.67000007629395 -3.8199999332428 -3.98000001907349 -4.21000003814697 -4.44999980926514 -4.61999988555908 -4.75 -4.67999982833862 -4.23000001907349 -3.51999998092651 -3.28999996185303
-2.19000005722046 -2.25999999046326 -2.33999991416931 -2.42000007629395 -2.49000000953674 -2.55999994277954 -2.63000011444092 -2.70000004768372 -2.75999999046326 -2.78999996185303 -2.80999994277954 -2.82999992370605 -2.84999990463257 -2.91000008583069 -2.97000002861023 -2.99000000953674 -2.97000002861023 -2.97000002861023 -2.99000000953674 -3.00999999046326 -3.04999995231628 -3.05999994277954 -3.07999992370605 -3.10999989509583 -3.14000010490417 -3.17000007629395 -3.14000010490417 -3.24000000953674 -3.36999988555908 -3.48000001907349 -3.58999991416931 -3.70000004768372 -3.76999998092651 -3.92000007629395 -4.1100001335144 -4.21000003814697 -4.23999977111816 -4.36999988555908 -4.44999980926514 -4.6100001335144 -4.65000009536743 -4.51999998092651 -4.17000007629395 -3.52999997138977 -3.29999995231628
-2.32999992370605 -2.36999988555908 -2.42000007629395 -2.46000003814697 -2.5 -2.57999992370605 -2.63000011444092 -2.70000004768372 -2.78999996185303 -2.79999995231628 -2.79999995231628 -2.78999996185303 -2.76999998092651 -2.79999995231628 -2.84999990463257 -2.90000009536743 -2.86999988555908 -2.83999991416931 -2.88000011444092 -2.92000007629395 -2.95000004768372 -2.96000003814697 -3 -3.01999998092651 -3.03999996185303 -3.04999995231628 -3.02999997138977 -3.07999992370605 -3.36999988555908 -3.67000007629395 -3.78999996185303 -3.79999995231628 -3.92000007629395 -4.1399998664856 -4.23000001907349 -4.1399998664856 -4.19000005722046 -4.26000022888184 -4.34000015258789 -4.48999977111816 -4.6100001335144 -4.71000003814697 -4.34999990463257 -3.66000008583069 -3.32999992370605
-2.38000011444092 -2.42000007629395 -2.44000005722046 -2.47000002861023 -2.51999998092651 -2.58999991416931 -2.66000008583069 -2.69000005722046 -2.72000002861023 -2.78999996185303 -2.78999996185303 -2.75999999046326 -2.73000001907349 -2.71000003814697 -2.73000001907349 -2.77999997138977 -2.80999994277954 -2.78999996185303 -2.77999997138977 -2.8199999332428 -2.85999989509583 -2.88000011444092 -2.88000011444092 -2.9300000667572 -2.98000001907349 -2.94000005722046 -2.95000004768372 -2.96000003814697 -3.13000011444092 -3.48000001907349 -3.73000001907349 -3.85999989509583 -4 -4.15999984741211 -4.23000001907349 -4.15000009536743 -4.23999977111816 -4.23999977111816 -4.34000015258789 -4.40000009536743 -4.46000003814697 -4.5 -4.3899998664856 -3.80999994277954 -3.35999989509583
-2.30999994277954 -2.35999989509583 -2.41000008583069 -2.45000004768372 -2.51999998092651 -2.57999992370605 -2.65000009536743 -2.70000004768372 -2.71000003814697 -2.75999999046326 -2.77999997138977 -2.77999997138977 -2.73000001907349 -2.69000005722046 -2.66000008583069 -2.6800000667572 -2.71000003814697 -2.72000002861023 -2.71000003814697 -2.74000000953674 -2.75999999046326 -2.78999996185303 -2.82999992370605 -2.86999988555908 -2.9300000667572 -2.9300000667572 -2.90000009536743 -2.88000011444092 -2.92000007629395 -3.09999990463257 -3.40000009536743 -3.63000011444092 -3.75999999046326 -3.86999988555908 -3.90000009536743 -3.99000000953674 -4.1399998664856 -4.28000020980835 -4.30999994277954 -4.34000015258789 -4.34999990463257 -4.48000001907349 -4.53000020980835 -4 -3.41000008583069
-2.21000003814697 -2.27999997138977 -2.39000010490417 -2.48000001907349 -2.54999995231628 -2.59999990463257 -2.64000010490417 -2.70000004768372 -2.75 -2.75999999046326 -2.77999997138977 -2.77999997138977 -2.74000000953674 -2.69000005722046 -2.65000009536743 -2.63000011444092 -2.60999989509583 -2.63000011444092 -2.64000010490417 -2.66000008583069 -2.6800000667572 -2.70000004768372 -2.75999999046326 -2.8199999332428 -2.89000010490417 -2.95000004768372 -2.94000005722046 -2.91000008583069 -2.92000007629395 -2.90000009536743 -3.09999990463257 -3.35999989509583 -3.49000000953674 -3.64000010490417 -3.73000001907349 -3.8199999332428 -3.92000007629395 -4.03000020980835 -4.05999994277954 -4.19000005722046 -4.36999988555908 -4.51000022888184 -4.53000020980835 -4.05999994277954 -3.45000004768372
-2.23000001907349 -2.29999995231628 -2.39000010490417 -2.46000003814697 -2.52999997138977 -2.57999992370605 -2.61999988555908 -2.67000007629395 -2.73000001907349 -2.75999999046326 -2.76999998092651 -2.76999998092651 -2.75999999046326 -2.72000002861023 -2.63000011444092 -2.57999992370605 -2.5699999332428 -2.55999994277954 -2.55999994277954 -2.5699999332428 -2.58999991416931 -2.63000011444092 -2.67000007629395 -2.74000000953674 -2.80999994277954 -2.86999988555908 -2.90000009536743 -2.9300000667572 -2.91000008583069 -2.91000008583069 -2.95000004768372 -3.14000010490417 -3.25999999046326 -3.39000010490417 -3.54999995231628 -3.55999994277954 -3.74000000953674 -3.89000010490417 -3.95000004768372 -4.07999992370605 -4.19999980926514 -4.23999977111816 -4.07000017166138 -3.79999995231628 -3.42000007629395
