SnowAccumulation_R/test/tmin/mint_4.asc
NCOLS 144 
NROWS 72 
XLLCORNER -107.999996877414 
YLLCORNER 47.0000011447333 
CELLSIZE 0.0833333376702586 
NODATA_value -3.4e+38 
[rows 20 to 39 of 72, columns 90 to 134 of 144]
-3.21000003814697 -3.05999994277954 -2.95000004768372 -2.89000010490417 -2.8199999332428 -2.75999999046326 -2.73000001907349 -2.73000001907349 -2.75 -2.76999998092651 -2.78999996185303 -2.80999994277954 -2.83999991416931 -2.85999989509583 -2.88000011444092 -2.88000011444092 -2.86999988555908 -2.86999988555908 -2.88000011444092 -2.89000010490417 -2.91000008583069 -2.9300000667572 -2.95000004768372 -2.99000000953674 -3.05999994277954 -3.13000011444092 -3.17000007629395 -3.22000002861023 -3.25999999046326 -3.29999995231628 -3.33999991416931 -3.34999990463257 -3.33999991416931 -3.35999989509583 -3.33999991416931 -3.33999991416931 -3.40000009536743 -3.40000009536743 -3.39000010490417 -3.38000011444092 -3.35999989509583 -3.34999990463257 -3.3199999332428 -3.30999994277954 -3.30999994277954
-3.20000004768372 -3.0699999332428 -2.94000005722046 -2.82999992370605 -2.73000001907349 -2.67000007629395 -2.65000009536743 -2.63000011444092 -2.64000010490417 -2.67000007629395 -2.69000005722046 -2.72000002861023 -2.75999999046326 -2.78999996185303 -2.79999995231628 -2.79999995231628 -2.80999994277954 -2.80999994277954 -2.80999994277954 -2.82999992370605 -2.83999991416931 -2.84999990463257 -2.86999988555908 -2.89000010490417 -2.94000005722046 -2.98000001907349 -3.04999995231628 -3.09999990463257 -3.16000008583069 -3.22000002861023 -3.27999997138977 -3.28999996185303 -3.27999997138977 -3.26999998092651 -3.27999997138977 -3.28999996185303 -3.32999992370605 -3.34999990463257 -3.3199999332428 -3.27999997138977 -3.24000000953674 -3.20000004768372 -3.1800000667572 -3.17000007629395 -3.17000007629395
-3.25 -3.16000008583069 -3.04999995231628 -2.85999989509583 -2.70000004768372 -2.61999988555908 -2.59999990463257 -2.57999992370605 -2.5699999332428 -2.58999991416931 -2.60999989509583 -2.65000009536743 -2.69000005722046 -2.72000002861023 -2.74000000953674 -2.75999999046326 -2.75999999046326 -2.75999999046326 -2.76999998092651 -2.76999998092651 -2.77999997138977 -2.79999995231628 -2.79999995231628 -2.80999994277954 -2.82999992370605 -2.84999990463257 -2.94000005722046 -3.02999997138977 -3.08999991416931 -3.15000009536743 -3.20000004768372 -3.22000002861023 -3.21000003814697 -3.22000002861023 -3.22000002861023 -3.22000002861023 -3.24000000953674 -3.25999999046326 -3.24000000953674 -3.1800000667572 -3.09999990463257 -3.04999995231628 -3.02999997138977 -3.01999998092651 -3.00999999046326
-3.36999988555908 -3.32999992370605 -3.19000005722046 -3.0699999332428 -2.9300000667572 -2.8199999332428 -2.73000001907349 -2.64000010490417 -2.60999989509583 -2.58999991416931 -2.59999990463257 -2.59999990463257 -2.63000011444092 -2.66000008583069 -2.70000004768372 -2.72000002861023 -2.72000002861023 -2.73000001907349 -2.70000004768372 -2.73000001907349 -2.74000000953674 -2.75999999046326 -2.76999998092651 -2.76999998092651 -2.76999998092651 -2.8199999332428 -2.89000010490417 -2.97000002861023 -3.02999997138977 -3.07999992370605 -3.13000011444092 -3.15000009536743 -3.17000007629395 -3.17000007629395 -3.14000010490417 -3.14000010490417 -3.15000009536743 -3.08999991416931 -3.04999995231628 -3.00999999046326 -2.94000005722046 -2.90000009536743 -2.85999989509583 -2.83999991416931 -2.8199999332428
-3.77999997138977 -3.84999990463257 -3.53999996185303 -3.65000009536743 -3.73000001907349 -3.98000001907349 -4.09000015258789 -3.30999994277954 -2.77999997138977 -2.65000009536743 -2.60999989509583 -2.55999994277954 -2.53999996185303 -2.58999991416931 -2.69000005722046 -2.70000004768372 -2.6800000667572 -2.67000007629395 -2.66000008583069 -2.69000005722046 -2.72000002861023 -2.74000000953674 -2.75 -2.75999999046326 -2.77999997138977 -2.80999994277954 -2.85999989509583 -2.91000008583069 -2.98000001907349 -3.02999997138977 -3.0699999332428 -3.09999990463257 -3.10999989509583 -3.11999988555908 -3.07999992370605 -3.02999997138977 -2.99000000953674 -2.94000005722046 -2.90000009536743 -2.84999990463257 -2.79999995231628 -2.74000000953674 -2.6800000667572 -2.64000010490417 -2.60999989509583
-3.96000003814697 -3.97000002861023 -3.86999988555908 -3.9300000667572 -4.11999988555908 -4.30999994277954 -4.21999979019165 -3.57999992370605 -3.27999997138977 -2.88000011444092 -2.60999989509583 -2.50999999046326 -2.46000003814697 -2.51999998092651 -2.64000010490417 -2.67000007629395 -2.65000009536743 -2.63000011444092 -2.64000010490417 -2.64000010490417 -2.67000007629395 -2.69000005722046 -2.70000004768372 -2.72000002861023 -2.74000000953674 -2.76999998092651 -2.80999994277954 -2.85999989509583 -2.91000008583069 -2.97000002861023 -3 -3.03999996185303 -3.03999996185303 -3.02999997138977 -3 -2.95000004768372 -2.89000010490417 -2.82999992370605 -2.76999998092651 -2.71000003814697 -2.66000008583069 -2.57999992370605 -2.5 -2.45000004768372 -2.41000008583069
-3.97000002861023 -3.97000002861023 -3.96000003814697 -3.98000001907349 -4.07000017166138 -4.09999990463257 -4.07000017166138 -4.07000017166138 -4.19999980926514 -3.77999997138977 -2.8199999332428 -2.52999997138977 -2.4300000667572 -2.45000004768372 -2.54999995231628 -2.61999988555908 -2.60999989509583 -2.59999990463257 -2.58999991416931 -2.59999990463257 -2.60999989509583 -2.61999988555908 -2.64000010490417 -2.66000008583069 -2.6800000667572 -2.71000003814697 -2.75 -2.79999995231628 -2.83999991416931 -2.90000009536743 -2.94000005722046 -2.97000002861023 -2.97000002861023 -2.94000005722046 -2.92000007629395 -2.86999988555908 -2.79999995231628 -2.74000000953674 -2.66000008583069 -2.59999990463257 -2.52999997138977 -2.4300000667572 -2.3199999332428 -2.26999998092651 -2.21000003814697
-3.9300000667572 -3.92000007629395 -3.92000007629395 -3.98000001907349 -4.09000015258789 -4.09000015258789 -4.17999982833862 -4.17999982833862 -4.15999984741211 -4.25 -3.84999990463257 -2.72000002861023 -2.48000001907349 -2.4300000667572 -2.48000001907349 -2.54999995231628 -2.5699999332428 -2.55999994277954 -2.53999996185303 -2.54999995231628 -2.57999992370605 -2.55999994277954 -2.57999992370605 -2.59999990463257 -2.61999988555908 -2.65000009536743 -2.67000007629395 -2.71000003814697 -2.75 -2.79999995231628 -2.84999990463257 -2.90000009536743 -2.89000010490417 -2.84999990463257 -2.80999994277954 -2.75999999046326 -2.71000003814697 -2.63000011444092 -2.54999995231628 -2.46000003814697 -2.36999988555908 -2.26999998092651 -2.17000007629395 -2.10999989509583 -2.04999995231628
-3.75999999046326 -3.84999990463257 -3.8199999332428 -3.94000005722046 -4.01999998092651 -4 -4.01000022888184 -4.03999996185303 -4.1100001335144 -4.1100001335144 -4.11999988555908 -3.24000000953674 -2.58999991416931 -2.47000002861023 -2.44000005722046 -2.45000004768372 -2.47000002861023 -2.5 -2.5 -2.50999999046326 -2.53999996185303 -2.51999998092651 -2.5 -2.52999997138977 -2.54999995231628 -2.5699999332428 -2.58999991416931 -2.61999988555908 -2.64000010490417 -2.6800000667572 -2.70000004768372 -2.73000001907349 -2.73000001907349 -2.70000004768372 -2.66000008583069 -2.61999988555908 -2.5699999332428 -2.49000000953674 -2.42000007629395 -2.33999991416931 -2.25999999046326 -2.14000010490417 -2.03999996185303 -1.99000000953674 -1.94000005722046
-3.52999997138977 -3.63000011444092 -3.6800000667572 -3.84999990463257 -3.92000007629395 -3.92000007629395 -3.85999989509583 -3.97000002861023 -3.99000000953674 -3.99000000953674 -4.01000022888184 -3.60999989509583 -2.72000002861023 -2.51999998092651 -2.4300000667572 -2.40000009536743 -2.40000009536743 -2.40000009536743 -2.4300000667572 -2.4300000667572 -2.47000002861023 -2.47000002861023 -2.4300000667572 -2.44000005722046 -2.47000002861023 -2.49000000953674 -2.5 -2.51999998092651 -2.52999997138977 -2.53999996185303 -2.54999995231628 -2.55999994277954 -2.54999995231628 -2.52999997138977 -2.51999998092651 -2.49000000953674 -2.44000005722046 -2.36999988555908 -2.29999995231628 -2.23000001907349 -2.16000008583069 -2.05999994277954 -1.96000003814697 -1.91999995708466 -1.88999998569489
-3.38000011444092 -3.48000001907349 -3.58999991416931 -3.72000002861023 -3.78999996185303 -3.82999992370605 -3.82999992370605 -3.96000003814697 -3.99000000953674 -4.03000020980835 -3.99000000953674 -3.5699999332428 -2.79999995231628 -2.51999998092651 -2.42000007629395 -2.36999988555908 -2.34999990463257 -2.3199999332428 -2.3199999332428 -2.3199999332428 -2.34999990463257 -2.36999988555908 -2.34999990463257 -2.35999989509583 -2.38000011444092 -2.39000010490417 -2.41000008583069 -2.41000008583069 -2.41000008583069 -2.41000008583069 -2.40000009536743 -2.40000009536743 -2.39000010490417 -2.38000011444092 -2.35999989509583 -2.34999990463257 -2.30999994277954 -2.25 -2.1800000667572 -2.10999989509583 -2.04999995231628 -1.98000001907349 -1.9099999666214 -1.87999999523163 -1.86000001430511
-3.23000001907349 -3.36999988555908 -3.50999999046326 -3.55999994277954 -3.59999990463257 -3.64000010490417 -3.66000008583069 -3.77999997138977 -3.85999989509583 -3.84999990463257 -3.75 -3.20000004768372 -2.71000003814697 -2.50999999046326 -2.40000009536743 -2.3199999332428 -2.26999998092651 -2.22000002861023 -2.21000003814697 -2.20000004768372 -2.22000002861023 -2.24000000953674 -2.25999999046326 -2.26999998092651 -2.28999996185303 -2.29999995231628 -2.30999994277954 -2.29999995231628 -2.28999996185303 -2.27999997138977 -2.25999999046326 -2.25 -2.25 -2.23000001907349 -2.20000004768372 -2.19000005722046 -2.1800000667572 -2.17000007629395 -2.07999992370605 -2 -1.95000004768372 -1.9099999666214 -1.87999999523163 -1.86000001430511 -1.85000002384186
-3.10999989509583 -3.23000001907349 -3.36999988555908 -3.47000002861023 -3.53999996185303 -3.58999991416931 -3.60999989509583 -3.59999990463257 -3.5699999332428 -3.49000000953674 -3.1800000667572 -2.77999997138977 -2.52999997138977 -2.40000009536743 -2.32999992370605 -2.25 -2.17000007629395 -2.10999989509583 -2.08999991416931 -2.07999992370605 -2.09999990463257 -2.13000011444092 -2.14000010490417 -2.17000007629395 -2.20000004768372 -2.22000002861023 -2.21000003814697 -2.20000004768372 -2.17000007629395 -2.15000009536743 -2.13000011444092 -2.10999989509583 -2.11999988555908 -2.09999990463257 -2.05999994277954 -2.04999995231628 -2.05999994277954 -2.04999995231628 -1.97000002861023 -1.9099999666214 -1.87999999523163 -1.86000001430511 -1.85000002384186 -1.86000001430511 -1.87999999523163
-2.95000004768372 -3.03999996185303 -3.14000010490417 -3.25 -3.30999994277954 -3.35999989509583 -3.32999992370605 -3.40000009536743 -3.36999988555908 -3.1800000667572 -2.9300000667572 -2.65000009536743 -2.44000005722046 -2.41000008583069 -2.33999991416931 -2.1800000667572 -2.08999991416931 -2.01999998092651 -1.97000002861023 -1.97000002861023 -1.98000001907349 -2.00999999046326 -2.03999996185303 -2.05999994277954 -2.10999989509583 -2.14000010490417 -2.10999989509583 -2.0699999332428 -2.03999996185303 -2.00999999046326 -1.98000001907349 -1.99000000953674 -2.02999997138977 -2.00999999046326 -1.95000004768372 -1.91999995708466 -1.92999994754791 -1.92999994754791 -1.87000000476837 -1.85000002384186 -1.83000004291534 -1.83000004291534 -1.86000001430511 -1.87999999523163 -1.91999995708466
-2.75999999046326 -2.80999994277954 -2.89000010490417 -2.9300000667572 -2.91000008583069 -3.00999999046326 -3.15000009536743 -3.15000009536743 -3.05999994277954 -2.91000008583069 -2.73000001907349 -2.53999996185303 -2.4300000667572 -2.4300000667572 -2.39000010490417 -2.21000003814697 -2.04999995231628 -1.98000001907349 -1.91999995708466 -1.89999997615814 -1.89999997615814 -1.89999997615814 -1.9099999666214 -1.94000005722046 -1.96000003814697 -1.97000002861023 -1.95000004768372 -1.92999994754791 -1.88999998569489 -1.86000001430511 -1.8400000333786 -1.85000002384186 -1.88999998569489 -1.87999999523163 -1.8400000333786 -1.80999994277954 -1.83000004291534 -1.83000004291534 -1.80999994277954 -1.79999995231628 -1.78999996185303 -1.83000004291534 -1.87000000476837 -1.9099999666214 -1.96000003814697
-2.48000001907349 -2.50999999046326 -2.53999996185303 -2.58999991416931 -2.71000003814697 -2.79999995231628 -2.82999992370605 -2.79999995231628 -2.73000001907349 -2.60999989509583 -2.48000001907349 -2.40000009536743 -2.34999990463257 -2.3199999332428 -2.29999995231628 -2.24000000953674 -2.04999995231628 -1.94000005722046 -1.87999999523163 -1.8400000333786 -1.80999994277954 -1.79999995231628 -1.78999996185303 -1.78999996185303 -1.76999998092651 -1.76999998092651 -1.75999999046326 -1.74000000953674 -1.72000002861023 -1.71000003814697 -1.71000003814697 -1.71000003814697 -1.73000001907349 -1.74000000953674 -1.74000000953674 -1.75 -1.75 -1.73000001907349 -1.73000001907349 -1.73000001907349 -1.76999998092651 -1.83000004291534 -1.88999998569489 -1.96000003814697 -2.00999999046326
-2.14000010490417 -2.21000003814697 -2.30999994277954 -2.29999995231628 -2.33999991416931 -2.41000008583069 -2.44000005722046 -2.4300000667572 -2.41000008583069 -2.36999988555908 -2.3199999332428 -2.28999996185303 -2.25999999046326 -2.24000000953674 -2.20000004768372 -2.14000010490417 -2.05999994277954 -1.95000004768372 -1.86000001430511 -1.78999996185303 -1.75 -1.71000003814697 -1.67999994754791 -1.63999998569489 -1.62000000476837 -1.58000004291534 -1.53999996185303 -1.54999995231628 -1.57000005245209 -1.60000002384186 -1.62000000476837 -1.64999997615814 -1.66999995708466 -1.70000004768372 -1.72000002861023 -1.73000001907349 -1.71000003814697 -1.69000005722046 -1.66999995708466 -1.69000005722046 -1.75999999046326 -1.83000004291534 -1.91999995708466 -2.00999999046326 -2.0699999332428
-1.89999997615814 -1.92999994754791 -2.05999994277954 -2.11999988555908 -2.10999989509583 -2.15000009536743 -2.16000008583069 -2.14000010490417 -2.14000010490417 -2.17000007629395 -2.14000010490417 -2.13000011444092 -2.14000010490417 -2.11999988555908 -2.08999991416931 -2.04999995231628 -2.03999996185303 -1.96000003814697 -1.87999999523163 -1.83000004291534 -1.76999998092651 -1.6599999666214 -1.5900000333786 -1.53999996185303 -1.48000001907349 -1.45000004768372 -1.42999994754791 -1.44000005722046 -1.49000000953674 -1.52999997138977 -1.57000005245209 -1.62000000476837 -1.67999994754791 -1.73000001907349 -1.75999999046326 -1.75999999046326 -1.74000000953674 -1.72000002861023 -1.69000005722046 -1.71000003814697 -1.76999998092651 -1.87000000476837 -1.95000004768372 -2.03999996185303 -2.13000011444092
-1.94000005722046 -2.00999999046326 -2.07999992370605 -2.08999991416931 -2.05999994277954 -2.0699999332428 -2.0699999332428 -2.00999999046326 -1.97000002861023 -1.98000001907349 -1.97000002861023 -1.96000003814697 -1.98000001907349 -1.97000002861023 -1.96000003814697 -1.95000004768372 -1.9099999666214 -1.87000000476837 -1.82000005245209 -1.79999995231628 -1.73000001907349 -1.62999999523163 -1.54999995231628 -1.48000001907349 -1.42999994754791 -1.44000005722046 -1.45000004768372 -1.45000004768372 -1.48000001907349 -1.51999998092651 -1.55999994277954 -1.62000000476837 -1.71000003814697 -1.77999997138977 -1.83000004291534 -1.8400000333786 -1.80999994277954 -1.78999996185303 -1.77999997138977 -1.79999995231628 -1.8400000333786 -1.9099999666214 -2 -2.08999991416931 -2.19000005722046
-1.87999999523163 -1.94000005722046 -1.98000001907349 -2.00999999046326 -2.03999996185303 -2.04999995231628 -2.09999990463257 -2.07999992370605 -1.9099999666214 -1.83000004291534 -1.82000005245209 -1.8400000333786 -1.8400000333786 -1.8400000333786 -1.76999998092651 -1.66999995708466 -1.64999997615814 -1.63999998569489 -1.58000004291534 -1.60000002384186 -1.58000004291534 -1.53999996185303 -1.48000001907349 -1.4099999666214 -1.41999995708466 -1.42999994754791 -1.42999994754791 -1.45000004768372 -1.48000001907349 -1.51999998092651 -1.55999994277954 -1.62999999523163 -1.71000003814697 -1.79999995231628 -1.87999999523163 -1.87000000476837 -1.85000002384186 -1.83000004291534 -1.82000005245209 -1.8400000333786 -1.87999999523163 -1.95000004768372 -2.02999997138977 -2.11999988555908 -2.23000001907349
