SnowAccumulation_R/test/tmin/mint_2.asc
NCOLS 144 
NROWS 72 
XLLCORNER -107.999996877414 
YLLCORNER 47.0000011447333 
CELLSIZE 0.0833333376702586 
NODATA_value -3.4e+38 
[rows 40 to 59 of 72, columns 0 to 44 of 144]
-13.8000001907349 -13.9200000762939 -14 -14.0699996948242 -14.1300001144409 -14.1599998474121 -14.1899995803833 -14.1999998092651 -14.2200002670288 -14.25 -14.2799997329712 -14.3100004196167 -14.3400001525879 -14.3599996566772 -14.3699998855591 -14.3599996566772 -14.3400001525879 -14.3299999237061 -14.3299999237061 -14.3100004196167 -14.2799997329712 -14.2299995422363 -14.1800003051758 -14.1099996566772 -14.0699996948242 -14.039999961853 -14.0299997329712 -14.039999961853 -14.0500001907349 -14.0699996948242 -14.1000003814697 -14.1300001144409 -14.1499996185303 -14.1700000762939 -14.210000038147 -14.2700004577637 -14.3400001525879 -14.3999996185303 -14.4799995422363 -14.5699996948242 -14.7200002670288 -14.8599996566772 -15 -15.1300001144409 -15.25
-14 -14.1199998855591 -14.1800003051758 -14.2299995422363 -14.2799997329712 -14.3500003814697 -14.3699998855591 -14.3900003433228 -14.3999996185303 -14.4099998474121 -14.4300003051758 -14.4499998092651 -14.4700002670288 -14.4700002670288 -14.4499998092651 -14.4300003051758 -14.3999996185303 -14.3800001144409 -14.3400001525879 -14.3000001907349 -14.2600002288818 -14.210000038147 -14.1499996185303 -14.1000003814697 -14.0500001907349 -14.0200004577637 -14 -14 -13.9899997711182 -14.0100002288818 -14.0200004577637 -14.0100002288818 -14.0100002288818 -14.0200004577637 -14.0500001907349 -14.1000003814697 -14.1599998474121 -14.2299995422363 -14.3100004196167 -14.4099998474121 -14.5200004577637 -14.6400003433228 -14.7600002288818 -14.8699998855591 -14.9899997711182
-14.1499996185303 -14.289999961853 -14.4399995803833 -14.4700002670288 -14.4899997711182 -14.4899997711182 -14.5299997329712 -14.539999961853 -14.5600004196167 -14.5799999237061 -14.5900001525879 -14.6000003814697 -14.6099996566772 -14.5799999237061 -14.5600004196167 -14.5299997329712 -14.4899997711182 -14.4499998092651 -14.3999996185303 -14.3299999237061 -14.2700004577637 -14.1999998092651 -14.1400003433228 -14.0799999237061 -14.039999961853 -14 -13.9799995422363 -13.9700002670288 -13.9499998092651 -13.9499998092651 -13.9300003051758 -13.9300003051758 -13.9099998474121 -13.8800001144409 -13.8999996185303 -13.960000038147 -14.0299997329712 -14.1099996566772 -14.1999998092651 -14.2799997329712 -14.3699998855591 -14.4700002670288 -14.5799999237061 -14.6599998474121 -14.7600002288818
-14.3400001525879 -14.5799999237061 -14.6300001144409 -14.6300001144409 -14.6099996566772 -14.5799999237061 -14.5600004196167 -14.5900001525879 -14.6499996185303 -14.6999998092651 -14.7299995422363 -14.7399997711182 -14.7399997711182 -14.710000038147 -14.6899995803833 -14.6499996185303 -14.6000003814697 -14.539999961853 -14.4700002670288 -14.3900003433228 -14.3000001907349 -14.210000038147 -14.1300001144409 -14.0600004196167 -14.0100002288818 -13.9799995422363 -13.9700002670288 -13.9799995422363 -13.9700002670288 -13.9499998092651 -13.9300003051758 -13.8999996185303 -13.8599996566772 -13.8100004196167 -13.789999961853 -13.8699998855591 -13.9399995803833 -14.0100002288818 -14.0900001525879 -14.1700000762939 -14.2600002288818 -14.3500003814697 -14.4499998092651 -14.539999961853 -14.6300001144409
-14.210000038147 -14.4099998474121 -14.539999961853 -14.5799999237061 -14.5900001525879 -14.6000003814697 -14.6000003814697 -14.6300001144409 -14.6999998092651 -14.7299995422363 -14.8199996948242 -14.8599996566772 -14.8699998855591 -14.8500003814697 -14.8199996948242 -14.75 -14.6999998092651 -14.6199998855591 -14.5299997329712 -14.4399995803833 -14.3299999237061 -14.2200002670288 -14.1000003814697 -14.0200004577637 -13.9700002670288 -13.9499998092651 -13.960000038147 -13.9700002670288 -13.9899997711182 -14 -13.9799995422363 -13.9499998092651 -13.9099998474121 -13.8800001144409 -13.8599996566772 -13.8900003433228 -13.9499998092651 -14 -14.039999961853 -14.1000003814697 -14.1800003051758 -14.2600002288818 -14.3500003814697 -14.4399995803833 -14.5100002288818
-14.0500001907349 -14.1400003433228 -14.2799997329712 -14.3800001144409 -14.4399995803833 -14.5100002288818 -14.5699996948242 -14.6599998474121 -14.7399997711182 -14.7700004577637 -14.8199996948242 -14.8800001144409 -14.9499998092651 -14.9399995803833 -14.8699998855591 -14.8199996948242 -14.75 -14.6899995803833 -14.6099996566772 -14.5 -14.3800001144409 -14.2399997711182 -14.0799999237061 -13.9300003051758 -13.9399995803833 -13.960000038147 -13.9799995422363 -14.0100002288818 -14.0500001907349 -14.0799999237061 -14.0799999237061 -14.0600004196167 -14.039999961853 -13.9899997711182 -13.9799995422363 -13.9499998092651 -13.9499998092651 -13.9799995422363 -14 -14.0600004196167 -14.1000003814697 -14.1700000762939 -14.2700004577637 -14.3699998855591 -14.460000038147
-13.8100004196167 -13.8900003433228 -14.0100002288818 -14.1099996566772 -14.2299995422363 -14.3500003814697 -14.460000038147 -14.5699996948242 -14.6800003051758 -14.710000038147 -14.8800001144409 -15.0500001907349 -15.0600004196167 -15.0200004577637 -14.9700002670288 -14.9200000762939 -14.8500003814697 -14.789999961853 -14.7200002670288 -14.6099996566772 -14.4499998092651 -14.3100004196167 -14.1499996185303 -14.0299997329712 -13.9399995803833 -13.9799995422363 -14.0299997329712 -14.0900001525879 -14.1499996185303 -14.1999998092651 -14.1899995803833 -14.1400003433228 -14.1099996566772 -14.0699996948242 -14.039999961853 -14.0299997329712 -14.0100002288818 -14 -14.0299997329712 -14.0500001907349 -14.0799999237061 -14.1599998474121 -14.2799997329712 -14.3999996185303 -14.4799995422363
-13.5600004196167 -13.6099996566772 -13.6999998092651 -13.8699998855591 -14 -14.1300001144409 -14.2700004577637 -14.4099998474121 -14.539999961853 -14.6499996185303 -14.8000001907349 -14.9300003051758 -14.9700002670288 -14.9499998092651 -14.9200000762939 -14.8999996185303 -14.8699998855591 -14.8400001525879 -14.8000001907349 -14.7399997711182 -14.5799999237061 -14.3999996185303 -14.2700004577637 -14.1700000762939 -14.1300001144409 -14.1199998855591 -14.1400003433228 -14.1800003051758 -14.1800003051758 -14.2299995422363 -14.2399997711182 -14.1999998092651 -14.1599998474121 -14.1199998855591 -14.0799999237061 -14.0699996948242 -14.0600004196167 -14.0500001907349 -14.0799999237061 -14.1199998855591 -14.1700000762939 -14.2399997711182 -14.3299999237061 -14.4399995803833 -14.5500001907349
-13.3400001525879 -13.4200000762939 -13.4799995422363 -13.6199998855591 -13.8000001907349 -13.9200000762939 -14.039999961853 -14.1800003051758 -14.3299999237061 -14.4300003051758 -14.5500001907349 -14.6700000762939 -14.7299995422363 -14.7600002288818 -14.7700004577637 -14.789999961853 -14.789999961853 -14.7700004577637 -14.7299995422363 -14.7200002670288 -14.6099996566772 -14.460000038147 -14.3299999237061 -14.2399997711182 -14.1800003051758 -14.1599998474121 -14.1899995803833 -14.2299995422363 -14.2600002288818 -14.2600002288818 -14.2799997329712 -14.2399997711182 -14.1800003051758 -14.1300001144409 -14.1000003814697 -14.0799999237061 -14.0699996948242 -14.0900001525879 -14.1400003433228 -14.1899995803833 -14.2600002288818 -14.3500003814697 -14.4499998092651 -14.5500001907349 -14.6499996185303
-13.1800003051758 -13.25 -13.3800001144409 -13.4899997711182 -13.6199998855591 -13.6999998092651 -13.789999961853 -13.9099998474121 -14.0900001525879 -14.1899995803833 -14.289999961853 -14.3900003433228 -14.460000038147 -14.5100002288818 -14.5600004196167 -14.6000003814697 -14.6300001144409 -14.6000003814697 -14.5500001907349 -14.5299997329712 -14.4799995422363 -14.4099998474121 -14.3199996948242 -14.2399997711182 -14.1700000762939 -14.1599998474121 -14.1899995803833 -14.2200002670288 -14.2600002288818 -14.3199996948242 -14.3400001525879 -14.2399997711182 -14.1199998855591 -14.0799999237061 -14.0600004196167 -14.0600004196167 -14.0699996948242 -14.1099996566772 -14.1599998474121 -14.2200002670288 -14.3000001907349 -14.3999996185303 -14.5200004577637 -14.6499996185303 -14.7600002288818
-13.039999961853 -13.1099996566772 -13.1899995803833 -13.3299999237061 -13.460000038147 -13.4700002670288 -13.5600004196167 -13.6499996185303 -13.8100004196167 -13.9399995803833 -14.0200004577637 -14.1000003814697 -14.1700000762939 -14.2299995422363 -14.289999961853 -14.3500003814697 -14.3999996185303 -14.4099998474121 -14.4099998474121 -14.3800001144409 -14.3299999237061 -14.2600002288818 -14.1999998092651 -14.1499996185303 -14.1099996566772 -14.0699996948242 -14.0500001907349 -14.0799999237061 -14.1199998855591 -14.1599998474121 -14.210000038147 -14.0600004196167 -13.9499998092651 -13.9200000762939 -13.9300003051758 -13.9799995422363 -14.0299997329712 -14.0900001525879 -14.1599998474121 -14.2399997711182 -14.3199996948242 -14.4200000762939 -14.5600004196167 -14.6899995803833 -14.8100004196167
-12.8900003433228 -12.9399995803833 -13.0100002288818 -13.1300001144409 -13.2799997329712 -13.3100004196167 -13.3699998855591 -13.4300003051758 -13.5699996948242 -13.6999998092651 -13.7299995422363 -13.789999961853 -13.8500003814697 -13.8999996185303 -13.9700002670288 -14.0500001907349 -14.1400003433228 -14.210000038147 -14.2799997329712 -14.210000038147 -14.1499996185303 -14.0799999237061 -14.0200004577637 -13.9700002670288 -13.9399995803833 -13.9200000762939 -13.8999996185303 -13.8900003433228 -13.8699998855591 -13.8500003814697 -13.8800001144409 -13.8100004196167 -13.710000038147 -13.6999998092651 -13.7399997711182 -13.8299999237061 -13.9099998474121 -14.0200004577637 -14.1300001144409 -14.25 -14.3599996566772 -14.4799995422363 -14.5900001525879 -14.710000038147 -14.8100004196167
-12.75 -12.789999961853 -12.8699998855591 -12.9799995422363 -13.1099996566772 -13.2299995422363 -13.25 -13.289999961853 -13.4300003051758 -13.3800001144409 -13.3599996566772 -13.4300003051758 -13.5200004577637 -13.5299997329712 -13.5699996948242 -13.6400003433228 -13.7600002288818 -13.8599996566772 -13.9099998474121 -13.8999996185303 -13.8599996566772 -13.8199996948242 -13.7799997329712 -13.75 -13.7200002670288 -13.6999998092651 -13.6899995803833 -13.6800003051758 -13.6700000762939 -13.6099996566772 -13.5600004196167 -13.5600004196167 -13.3800001144409 -13.4099998474121 -13.5200004577637 -13.6499996185303 -13.8000001907349 -13.960000038147 -14.1000003814697 -14.2399997711182 -14.3900003433228 -14.5299997329712 -14.6499996185303 -14.7299995422363 -14.8000001907349
-12.5500001907349 -12.6099996566772 -12.6999998092651 -12.8299999237061 -12.9499998092651 -13.1000003814697 -13.2399997711182 -13.3199996948242 -13.3400001525879 -13.25 -13.1099996566772 -13.1400003433228 -13.1199998855591 -13.0799999237061 -13.1300001144409 -13.210000038147 -13.289999961853 -13.3599996566772 -13.4200000762939 -13.4700002670288 -13.4899997711182 -13.5 -13.5100002288818 -13.5 -13.4899997711182 -13.5 -13.5100002288818 -13.5 -13.4700002670288 -13.4200000762939 -13.3900003433228 -13.3900003433228 -13.1899995803833 -13.1999998092651 -13.3599996566772 -13.5500001907349 -13.710000038147 -13.8599996566772 -14.0500001907349 -14.2299995422363 -14.4099998474121 -14.5799999237061 -14.6999998092651 -14.7399997711182 -14.7399997711182
-12.3699998855591 -12.4099998474121 -12.4899997711182 -12.6000003814697 -12.7399997711182 -12.8800001144409 -12.9200000762939 -13.1300001144409 -13.1599998474121 -13.0299997329712 -12.9300003051758 -12.8599996566772 -12.789999961853 -12.75 -12.7700004577637 -12.8000001907349 -12.8299999237061 -12.8800001144409 -12.9700002670288 -13.0600004196167 -13.1400003433228 -13.1999998092651 -13.2399997711182 -13.2700004577637 -13.2700004577637 -13.289999961853 -13.3000001907349 -13.3000001907349 -13.2700004577637 -13.2399997711182 -13.2200002670288 -13.2600002288818 -13.3500003814697 -13.3199996948242 -13.3599996566772 -13.4899997711182 -13.6899995803833 -13.8400001525879 -13.9899997711182 -14.1400003433228 -14.3199996948242 -14.4899997711182 -14.6300001144409 -14.6300001144409 -14.6000003814697
-12.2200002670288 -12.1999998092651 -12.2700004577637 -12.3699998855591 -12.4899997711182 -12.5500001907349 -12.3299999237061 -12.5 -12.6300001144409 -12.210000038147 -12.210000038147 -12.4300003051758 -12.5200004577637 -12.5699996948242 -12.539999961853 -12.5200004577637 -12.5299997329712 -12.539999961853 -12.6599998474121 -12.789999961853 -12.8699998855591 -12.9499998092651 -13.0299997329712 -13.0799999237061 -13.1199998855591 -13.1599998474121 -13.1899995803833 -13.210000038147 -13.210000038147 -13.1999998092651 -13.1999998092651 -13.1999998092651 -13.2600002288818 -13.4200000762939 -13.5200004577637 -13.5500001907349 -13.6400003433228 -13.7600002288818 -13.8900003433228 -14 -14.1099996566772 -14.210000038147 -14.289999961853 -14.3199996948242 -14.3199996948242
-12.1199998855591 -12.0799999237061 -12.0900001525879 -12.1000003814697 -12.2200002670288 -12.2200002670288 -12.0799999237061 -12.039999961853 -12.1400003433228 -11.9200000762939 -11.8299999237061 -11.9899997711182 -12.1199998855591 -12.2700004577637 -12.3599996566772 -12.3699998855591 -12.3999996185303 -12.4300003051758 -12.4899997711182 -12.6300001144409 -12.6800003051758 -12.7799997329712 -12.8800001144409 -12.9499998092651 -13 -13.0699996948242 -13.1400003433228 -13.1499996185303 -13.1899995803833 -13.210000038147 -13.2200002670288 -13.2600002288818 -13.2700004577637 -13.3500003814697 -13.4799995422363 -13.5299997329712 -13.5799999237061 -13.6499996185303 -13.710000038147 -13.7700004577637 -13.8400001525879 -13.8999996185303 -13.9499998092651 -13.9799995422363 -14
-12.0699996948242 -12.0200004577637 -11.9799995422363 -11.960000038147 -11.9899997711182 -12.0600004196167 -11.960000038147 -11.8800001144409 -11.9300003051758 -11.8500003814697 -11.8199996948242 -11.9200000762939 -12 -12.0799999237061 -12.1599998474121 -12.2399997711182 -12.2600002288818 -12.3199996948242 -12.4099998474121 -12.5200004577637 -12.5799999237061 -12.6800003051758 -12.7700004577637 -12.8599996566772 -12.9200000762939 -12.9899997711182 -13.1000003814697 -13.1599998474121 -13.1899995803833 -13.25 -13.2600002288818 -13.2799997329712 -13.3000001907349 -13.3299999237061 -13.3699998855591 -13.3999996185303 -13.4300003051758 -13.460000038147 -13.4899997711182 -13.5200004577637 -13.5500001907349 -13.6000003814697 -13.6199998855591 -13.6400003433228 -13.6499996185303
-12.0100002288818 -12 -11.9499998092651 -11.9200000762939 -11.9200000762939 -11.9399995803833 -11.8599996566772 -11.8199996948242 -11.8400001525879 -11.8100004196167 -11.8400001525879 -11.8900003433228 -11.9300003051758 -11.9700002670288 -12.0299997329712 -12.1000003814697 -12.1800003051758 -12.2600002288818 -12.3599996566772 -12.4399995803833 -12.5200004577637 -12.6099996566772 -12.6999998092651 -12.789999961853 -12.8800001144409 -12.9799995422363 -13.0699996948242 -13.1899995803833 -13.25 -13.2399997711182 -13.2200002670288 -13.210000038147 -13.210000038147 -13.210000038147 -13.2200002670288 -13.2299995422363 -13.2299995422363 -13.2399997711182 -13.25 -13.25 -13.25 -13.2600002288818 -13.2700004577637 -13.289999961853 -13.3100004196167
-11.9700002670288 -11.960000038147 -11.9200000762939 -11.8900003433228 -11.8800001144409 -11.8500003814697 -11.7700004577637 -11.7700004577637 -11.75 -11.75 -11.8000001907349 -11.8500003814697 -11.8999996185303 -11.9399995803833 -12 -12.0699996948242 -12.1199998855591 -12.1800003051758 -12.2799997329712 -12.3500003814697 -12.4200000762939 -12.5200004577637 -12.6099996566772 -12.6899995803833 -12.7799997329712 -12.8699998855591 -12.960000038147 -13.0500001907349 -13.1000003814697 -13.0900001525879 -13.0799999237061 -13.0600004196167 -13.0500001907349 -13.039999961853 -13.0299997329712 -13.0299997329712 -13.039999961853 -13.0299997329712 -13.0299997329712 -13.0299997329712 -13.0200004577637 -13 -13.0100002288818 -12.9899997711182 -12.9799995422363
