SnowAccumulation_R/test/tmin/mint_3.asc
NCOLS 144 
NROWS 72 
XLLCORNER -107.999996877414 
YLLCORNER 47.0000011447333 
CELLSIZE 0.0833333376702586 
NODATA_value -3.4e+38 
[rows 40 to 59 of 72, columns 45 to 89 of 144]
-8.97000026702881 -8.96000003814697 -8.9399995803833 -8.93000030517578 -8.90999984741211 -8.9399995803833 -9.02999973297119 -9.14000034332275 -9.22999954223633 -9.3100004196167 -9.36999988555908 -9.44999980926514 -9.52999973297119 -9.59000015258789 -9.63000011444092 -9.67000007629395 -9.69999980926514 -9.72999954223633 -9.75 -9.78999996185303 -9.82999992370605 -9.89000034332275 -9.97999954223633 -10.039999961853 -10.0699996948242 -10.0500001907349 -10.0100002288818 -10 -9.9399995803833 -9.93000030517578 -9.85999965667725 -9.84000015258789 -9.78999996185303 -9.78999996185303 -9.76000022888184 -9.75 -9.77000045776367 -9.73999977111816 -9.80000019073486 -9.82999992370605 -9.88000011444092 -9.9399995803833 -10.0299997329712 -10.1499996185303 -10.2799997329712
-8.82999992370605 -8.8100004196167 -8.78999996185303 -8.76000022888184 -8.76000022888184 -8.78999996185303 -8.80000019073486 -8.89999961853027 -9.01000022888184 -9.10999965667725 -9.14999961853027 -9.22000026702881 -9.3100004196167 -9.36999988555908 -9.42000007629395 -9.47999954223633 -9.52999973297119 -9.56999969482422 -9.60999965667725 -9.65999984741211 -9.72000026702881 -9.73999977111816 -9.78999996185303 -9.82999992370605 -9.82999992370605 -9.85999965667725 -9.88000011444092 -9.86999988555908 -9.85000038146973 -9.85999965667725 -9.8100004196167 -9.77999973297119 -9.72999954223633 -9.72999954223633 -9.68000030517578 -9.68000030517578 -9.6899995803833 -9.69999980926514 -9.71000003814697 -9.73999977111816 -9.77999973297119 -9.84000015258789 -9.92000007629395 -10.0200004577637 -10.1199998855591
-8.64999961853027 -8.65999984741211 -8.67000007629395 -8.65999984741211 -8.64999961853027 -8.64999961853027 -8.64999961853027 -8.67000007629395 -8.77000045776367 -8.85999965667725 -8.93000030517578 -9 -9.07999992370605 -9.14999961853027 -9.22000026702881 -9.28999996185303 -9.35000038146973 -9.39999961853027 -9.4399995803833 -9.47999954223633 -9.52999973297119 -9.57999992370605 -9.63000011444092 -9.67000007629395 -9.71000003814697 -9.69999980926514 -9.71000003814697 -9.71000003814697 -9.72999954223633 -9.73999977111816 -9.69999980926514 -9.68000030517578 -9.64999961853027 -9.64000034332275 -9.60999965667725 -9.60000038146973 -9.57999992370605 -9.60999965667725 -9.61999988555908 -9.64999961853027 -9.68000030517578 -9.72999954223633 -9.8100004196167 -9.89999961853027 -9.98999977111816
-8.61999988555908 -8.5600004196167 -8.53999996185303 -8.55000019073486 -8.52999973297119 -8.51000022888184 -8.51000022888184 -8.51000022888184 -8.55000019073486 -8.64999961853027 -8.72000026702881 -8.80000019073486 -8.88000011444092 -8.94999980926514 -9.02999973297119 -9.10999965667725 -9.18000030517578 -9.25 -9.3100004196167 -9.35999965667725 -9.40999984741211 -9.44999980926514 -9.5 -9.52999973297119 -9.56999969482422 -9.59000015258789 -9.56999969482422 -9.56999969482422 -9.60000038146973 -9.59000015258789 -9.57999992370605 -9.56999969482422 -9.55000019073486 -9.55000019073486 -9.52000045776367 -9.52000045776367 -9.51000022888184 -9.51000022888184 -9.52999973297119 -9.55000019073486 -9.56999969482422 -9.63000011444092 -9.71000003814697 -9.80000019073486 -9.90999984741211
-8.68000030517578 -8.68000030517578 -8.53999996185303 -8.4399995803833 -8.40999984741211 -8.38000011444092 -8.38000011444092 -8.42000007629395 -8.4399995803833 -8.46000003814697 -8.53999996185303 -8.63000011444092 -8.71000003814697 -8.77000045776367 -8.85000038146973 -8.92000007629395 -9 -9.09000015258789 -9.15999984741211 -9.22999954223633 -9.28999996185303 -9.35000038146973 -9.39000034332275 -9.43000030517578 -9.4399995803833 -9.48999977111816 -9.47000026702881 -9.46000003814697 -9.47999954223633 -9.46000003814697 -9.44999980926514 -9.47000026702881 -9.44999980926514 -9.44999980926514 -9.43000030517578 -9.42000007629395 -9.42000007629395 -9.43000030517578 -9.42000007629395 -9.4399995803833 -9.5 -9.57999992370605 -9.64000034332275 -9.72000026702881 -9.84000015258789
-8.64999961853027 -8.67000007629395 -8.65999984741211 -8.5 -8.31999969482422 -8.27000045776367 -8.27000045776367 -8.3100004196167 -8.36999988555908 -8.40999984741211 -8.4399995803833 -8.46000003814697 -8.52000045776367 -8.63000011444092 -8.69999980926514 -8.76000022888184 -8.86999988555908 -8.94999980926514 -9.03999996185303 -9.10000038146973 -9.15999984741211 -9.22999954223633 -9.27999973297119 -9.30000019073486 -9.30000019073486 -9.35000038146973 -9.36999988555908 -9.39999961853027 -9.36999988555908 -9.35999965667725 -9.36999988555908 -9.36999988555908 -9.35999965667725 -9.35999965667725 -9.35000038146973 -9.34000015258789 -9.34000015258789 -9.34000015258789 -9.30000019073486 -9.36999988555908 -9.46000003814697 -9.52000045776367 -9.56999969482422 -9.64999961853027 -9.73999977111816
-8.56999969482422 -8.59000015258789 -8.60000038146973 -8.5600004196167 -8.4399995803833 -8.32999992370605 -8.26000022888184 -8.27999973297119 -8.32999992370605 -8.36999988555908 -8.40999984741211 -8.4399995803833 -8.46000003814697 -8.5 -8.55000019073486 -8.64000034332275 -8.75 -8.84000015258789 -8.90999984741211 -8.96000003814697 -9.02000045776367 -9.09000015258789 -9.15999984741211 -9.1899995803833 -9.25 -9.27999973297119 -9.3100004196167 -9.3100004196167 -9.3100004196167 -9.3100004196167 -9.30000019073486 -9.28999996185303 -9.28999996185303 -9.27999973297119 -9.26000022888184 -9.23999977111816 -9.23999977111816 -9.23999977111816 -9.21000003814697 -9.27000045776367 -9.38000011444092 -9.46000003814697 -9.53999996185303 -9.64000034332275 -9.81999969482422
-8.56999969482422 -8.5600004196167 -8.61999988555908 -8.60999965667725 -8.57999992370605 -8.55000019073486 -8.5 -8.40999984741211 -8.35000038146973 -8.36999988555908 -8.40999984741211 -8.43000030517578 -8.44999980926514 -8.48999977111816 -8.53999996185303 -8.60000038146973 -8.67000007629395 -8.77999973297119 -8.88000011444092 -8.97000026702881 -9.02000045776367 -9.0600004196167 -9.10000038146973 -9.14000034332275 -9.18000030517578 -9.22000026702881 -9.27000045776367 -9.26000022888184 -9.30000019073486 -9.27999973297119 -9.27999973297119 -9.27999973297119 -9.25 -9.22999954223633 -9.19999980926514 -9.17000007629395 -9.14999961853027 -9.14000034332275 -9.14000034332275 -9.19999980926514 -9.3100004196167 -9.4399995803833 -9.52000045776367 -9.67000007629395 -10.0600004196167
-8.55000019073486 -8.59000015258789 -8.59000015258789 -8.60000038146973 -8.57999992370605 -8.60999965667725 -8.5600004196167 -8.47999954223633 -8.44999980926514 -8.46000003814697 -8.39000034332275 -8.36999988555908 -8.43000030517578 -8.48999977111816 -8.56999969482422 -8.64999961853027 -8.72000026702881 -8.80000019073486 -8.89000034332275 -8.97000026702881 -9.03999996185303 -9.10999965667725 -9.14999961853027 -9.1899995803833 -9.21000003814697 -9.23999977111816 -9.27999973297119 -9.22000026702881 -9.25 -9.26000022888184 -9.22999954223633 -9.21000003814697 -9.19999980926514 -9.1899995803833 -9.14999961853027 -9.11999988555908 -9.09000015258789 -9.07999992370605 -9.06999969482422 -9.11999988555908 -9.26000022888184 -9.38000011444092 -9.5 -9.6899995803833 -10.1000003814697
-8.57999992370605 -8.61999988555908 -8.60000038146973 -8.60999965667725 -8.63000011444092 -8.61999988555908 -8.57999992370605 -8.5600004196167 -8.67000007629395 -8.64000034332275 -8.51000022888184 -8.43000030517578 -8.5 -8.64000034332275 -8.71000003814697 -8.76000022888184 -8.77999973297119 -8.81999969482422 -8.88000011444092 -8.9399995803833 -9.01000022888184 -9.0600004196167 -9.10999965667725 -9.15999984741211 -9.19999980926514 -9.21000003814697 -9.21000003814697 -9.23999977111816 -9.14999961853027 -9.21000003814697 -9.22999954223633 -9.21000003814697 -9.18000030517578 -9.17000007629395 -9.13000011444092 -9.10000038146973 -9.0600004196167 -9.05000019073486 -9.03999996185303 -9.07999992370605 -9.22000026702881 -9.35999965667725 -9.47999954223633 -9.61999988555908 -9.84000015258789
-8.5600004196167 -8.53999996185303 -8.56999969482422 -8.60999965667725 -8.64999961853027 -8.61999988555908 -8.63000011444092 -8.67000007629395 -8.65999984741211 -8.57999992370605 -8.55000019073486 -8.60999965667725 -8.8100004196167 -8.96000003814697 -9.02000045776367 -9.07999992370605 -9.13000011444092 -9.14000034332275 -9.13000011444092 -9.11999988555908 -9.06999969482422 -9.0600004196167 -9.07999992370605 -9.11999988555908 -9.15999984741211 -9.14999961853027 -9.18000030517578 -9.18000030517578 -9.1899995803833 -9.11999988555908 -9.19999980926514 -9.19999980926514 -9.19999980926514 -9.15999984741211 -9.10000038146973 -9.07999992370605 -9.05000019073486 -9.06999969482422 -9.07999992370605 -9.14999961853027 -9.27000045776367 -9.39999961853027 -9.51000022888184 -9.63000011444092 -9.77000045776367
-8.46000003814697 -8.43000030517578 -8.44999980926514 -8.4399995803833 -8.48999977111816 -8.5600004196167 -8.56999969482422 -8.53999996185303 -8.52999973297119 -8.56999969482422 -8.67000007629395 -8.81999969482422 -8.92000007629395 -8.96000003814697 -9 -9.0600004196167 -9.10000038146973 -9.23999977111816 -9.27999973297119 -9.28999996185303 -9.32999992370605 -9.34000015258789 -9.21000003814697 -9.14999961853027 -9.13000011444092 -9.09000015258789 -9.13000011444092 -9.14000034332275 -9.14000034332275 -9.11999988555908 -9.06999969482422 -9.14000034332275 -9.11999988555908 -9.09000015258789 -9.0600004196167 -9.02999973297119 -9.02000045776367 -9.05000019073486 -9.10000038146973 -9.15999984741211 -9.27999973297119 -9.42000007629395 -9.55000019073486 -9.65999984741211 -9.77000045776367
-8.31999969482422 -8.28999996185303 -8.27999973297119 -8.32999992370605 -8.4399995803833 -8.48999977111816 -8.42000007629395 -8.36999988555908 -8.44999980926514 -8.56999969482422 -8.67000007629395 -8.81999969482422 -8.89000034332275 -8.88000011444092 -8.92000007629395 -8.9399995803833 -9.01000022888184 -9.06999969482422 -9.11999988555908 -9.17000007629395 -9.27000045776367 -9.30000019073486 -9.31999969482422 -9.31999969482422 -9.22000026702881 -9.14000034332275 -9.05000019073486 -9.07999992370605 -9.06999969482422 -9.0600004196167 -9 -8.96000003814697 -8.98999977111816 -8.96000003814697 -8.9399995803833 -8.93000030517578 -8.94999980926514 -8.97999954223633 -9.05000019073486 -9.10999965667725 -9.26000022888184 -9.43000030517578 -9.57999992370605 -9.67000007629395 -9.76000022888184
-8.14999961853027 -8.14999961853027 -8.19999980926514 -8.28999996185303 -8.35000038146973 -8.34000015258789 -8.22000026702881 -8.21000003814697 -8.31999969482422 -8.43000030517578 -8.53999996185303 -8.64000034332275 -8.77000045776367 -8.8100004196167 -8.8100004196167 -8.90999984741211 -8.89999961853027 -8.93000030517578 -8.97999954223633 -9.02999973297119 -9.17000007629395 -9.21000003814697 -9.27000045776367 -9.27000045776367 -9.28999996185303 -9.27000045776367 -9.15999984741211 -9 -8.97999954223633 -8.96000003814697 -8.92000007629395 -8.85000038146973 -8.81999969482422 -8.82999992370605 -8.80000019073486 -8.80000019073486 -8.81999969482422 -8.85999965667725 -8.90999984741211 -9 -9.14000034332275 -9.28999996185303 -9.4399995803833 -9.56999969482422 -9.68000030517578
-8.06999969482422 -8.10000038146973 -8.15999984741211 -8.21000003814697 -8.27999973297119 -8.18000030517578 -8.09000015258789 -8.05000019073486 -8.17000007629395 -8.3100004196167 -8.42000007629395 -8.47000026702881 -8.52000045776367 -8.60999965667725 -8.68000030517578 -8.75 -8.77999973297119 -8.81999969482422 -8.88000011444092 -8.93000030517578 -9.10999965667725 -9.18000030517578 -9.21000003814697 -9.19999980926514 -9.18000030517578 -9.21000003814697 -9.23999977111816 -9.15999984741211 -8.97000026702881 -8.84000015258789 -8.75 -8.72000026702881 -8.63000011444092 -8.69999980926514 -8.65999984741211 -8.64999961853027 -8.65999984741211 -8.69999980926514 -8.76000022888184 -8.84000015258789 -8.94999980926514 -9.09000015258789 -9.26000022888184 -9.40999984741211 -9.57999992370605
-7.94000005722046 -7.98000001907349 -8.05000019073486 -8.09000015258789 -8.03999996185303 -8.01000022888184 -7.92000007629395 -7.82999992370605 -7.90999984741211 -8.10000038146973 -8.19999980926514 -8.34000015258789 -8.39000034332275 -8.36999988555908 -8.44999980926514 -8.46000003814697 -8.51000022888184 -8.57999992370605 -8.69999980926514 -8.93000030517578 -8.98999977111816 -9.02000045776367 -9.06999969482422 -9.05000019073486 -9.05000019073486 -9.05000019073486 -9.11999988555908 -9.09000015258789 -9.02000045776367 -8.89000034332275 -8.75 -8.61999988555908 -8.52000045776367 -8.52000045776367 -8.52000045776367 -8.48999977111816 -8.5 -8.52999973297119 -8.5600004196167 -8.61999988555908 -8.72000026702881 -8.86999988555908 -9.03999996185303 -9.25 -9.43000030517578
-7.78999996185303 -7.84000015258789 -7.86999988555908 -7.8600001335144 -7.84000015258789 -7.82999992370605 -7.76999998092651 -7.6399998664856 -7.71000003814697 -7.92000007629395 -7.98000001907349 -8.13000011444092 -8.22000026702881 -8.14999961853027 -8.14999961853027 -8.31999969482422 -8.47000026702881 -8.47000026702881 -8.51000022888184 -8.77999973297119 -8.85000038146973 -8.89999961853027 -8.89000034332275 -8.89999961853027 -8.89999961853027 -8.89000034332275 -8.89000034332275 -8.88000011444092 -8.86999988555908 -8.89999961853027 -8.77999973297119 -8.63000011444092 -8.47999954223633 -8.35000038146973 -8.36999988555908 -8.34000015258789 -8.32999992370605 -8.35000038146973 -8.35000038146973 -8.39000034332275 -8.4399995803833 -8.60000038146973 -8.81999969482422 -9.0600004196167 -9.22999954223633
-7.5 -7.59000015258789 -7.53000020980835 -7.55999994277954 -7.51999998092651 -7.53000020980835 -7.51000022888184 -7.3899998664856 -7.5 -7.67999982833862 -7.8600001335144 -7.90999984741211 -7.94999980926514 -7.8600001335144 -7.84000015258789 -7.98000001907349 -8.11999988555908 -8.18000030517578 -8.39999961853027 -8.61999988555908 -8.68000030517578 -8.69999980926514 -8.73999977111816 -8.84000015258789 -8.77000045776367 -8.65999984741211 -8.68000030517578 -8.69999980926514 -8.72000026702881 -8.72999954223633 -8.77999973297119 -8.69999980926514 -8.52999973297119 -8.35999965667725 -8.22999954223633 -8.17000007629395 -8.17000007629395 -8.22999954223633 -8.25 -8.28999996185303 -8.35999965667725 -8.51000022888184 -8.67000007629395 -8.88000011444092 -9.03999996185303
-7.1100001335144 -7.15000009536743 -7.23999977111816 -7.30000019073486 -7.23999977111816 -7.19000005722046 -7.13000011444092 -7.1399998664856 -7.30000019073486 -7.57999992370605 -7.67999982833862 -7.59000015258789 -7.51999998092651 -7.53999996185303 -7.6399998664856 -7.71999979019165 -7.84000015258789 -7.86999988555908 -8.02999973297119 -8.3100004196167 -8.44999980926514 -8.52000045776367 -8.59000015258789 -8.61999988555908 -8.61999988555908 -8.51000022888184 -8.52999973297119 -8.5600004196167 -8.57999992370605 -8.56999969482422 -8.57999992370605 -8.64000034332275 -8.57999992370605 -8.48999977111816 -8.34000015258789 -8.22999954223633 -8.1899995803833 -8.17000007629395 -8.22999954223633 -8.30000019073486 -8.36999988555908 -8.46000003814697 -8.61999988555908 -8.80000019073486 -8.92000007629395
-6.84999990463257 -6.88000011444092 -7.01000022888184 -7 -6.86999988555908 -6.86999988555908 -7 -7.13000011444092 -7.05999994277954 -7.19999980926514 -7.23000001907349 -7.30000019073486 -7.44999980926514 -7.46999979019165 -7.71999979019165 -7.84000015258789 -7.94000005722046 -7.90999984741211 -7.88000011444092 -7.88000011444092 -8.02000045776367 -8.35000038146973 -8.32999992370605 -8.31999969482422 -8.3100004196167 -8.34000015258789 -8.42000007629395 -8.4399995803833 -8.44999980926514 -8.47000026702881 -8.47999954223633 -8.5 -8.51000022888184 -8.57999992370605 -8.53999996185303 -8.47000026702881 -8.31999969482422 -8.27999973297119 -8.27000045776367 -8.26000022888184 -8.31999969482422 -8.43000030517578 -8.55000019073486 -8.6899995803833 -8.81999969482422
