SnowAccumulation_R/test/tmin/mint_1.asc
NCOLS 144 
NROWS 72 
XLLCORNER -107.999996877414 
YLLCORNER 47.0000011447333 
CELLSIZE 0.0833333376702586 
NODATA_value -3.4e+38 
[rows 20 to 39 of 72, columns 45 to 89 of 144]
-20.3799991607666 -20.4400005340576 -20.4799995422363 -20.5200004577637 -20.5499992370605 -20.5699996948242 -20.5799999237061 -20.5900001525879 -20.6000003814697 -20.6000003814697 -20.6000003814697 -20.6000003814697 -20.6100006103516 -20.6299991607666 -20.6700000762939 -20.75 -20.8500003814697 -20.9599990844727 -21.0699996948242 -21.1800003051758 -21.2800006866455 -21.3899993896484 -21.5300006866455 -21.6900005340576 -21.8299999237061 -21.9599990844727 -22.0799999237061 -22.2299995422363 -22.3700008392334 -22.4699993133545 -22.5400009155273 -22.6100006103516 -22.6399993896484 -22.7199993133545 -22.7800006866455 -22.7700004577637 -22.7800006866455 -22.7600002288818 -22.7099990844727 -22.6599998474121 -22.6100006103516 -22.5100002288818 -22.3400001525879 -22.1599998474121 -21.9699993133545
-20.3500003814697 -20.4099998474121 -20.4500007629395 -20.4799995422363 -20.5 -20.5 -20.5100002288818 -20.5 -20.5 -20.4899997711182 -20.4799995422363 -20.4699993133545 -20.4599990844727 -20.4599990844727 -20.5 -20.5900001525879 -20.7000007629395 -20.8099994659424 -20.9200000762939 -21.0300006866455 -21.1399993896484 -21.25 -21.3799991607666 -21.5300006866455 -21.6599998474121 -21.7900009155273 -21.9200000762939 -22.0499992370605 -22.1700000762939 -22.2700004577637 -22.3400001525879 -22.4099998474121 -22.4099998474121 -22.5100002288818 -22.5799999237061 -22.5900001525879 -22.5900001525879 -22.5900001525879 -22.5300006866455 -22.4300003051758 -22.3600006103516 -22.2800006866455 -22.1700000762939 -22.0599994659424 -21.9400005340576
-20.3700008392334 -20.4200000762939 -20.4500007629395 -20.4699993133545 -20.4699993133545 -20.4599990844727 -20.4500007629395 -20.4400005340576 -20.4200000762939 -20.3999996185303 -20.3799991607666 -20.3600006103516 -20.3500003814697 -20.3400001525879 -20.3700008392334 -20.4699993133545 -20.5799999237061 -20.6900005340576 -20.7999992370605 -20.9099998474121 -21.0200004577637 -21.1399993896484 -21.2600002288818 -21.3899993896484 -21.5200004577637 -21.6299991607666 -21.75 -21.8799991607666 -21.9799995422363 -22.0699996948242 -22.1499996185303 -22.2000007629395 -22.2199993133545 -22.2299995422363 -22.3700008392334 -22.4500007629395 -22.5300006866455 -22.5400009155273 -22.5400009155273 -22.4799995422363 -22.3700008392334 -22.25 -22.1700000762939 -22.0699996948242 -21.9699993133545
-20.4400005340576 -20.4500007629395 -20.4699993133545 -20.4699993133545 -20.4500007629395 -20.4300003051758 -20.3999996185303 -20.3799991607666 -20.3500003814697 -20.3299999237061 -20.3099994659424 -20.2900009155273 -20.2900009155273 -20.2999992370605 -20.3400001525879 -20.4099998474121 -20.5 -20.6000003814697 -20.7099990844727 -20.8099994659424 -20.9200000762939 -21.0300006866455 -21.1399993896484 -21.2600002288818 -21.3700008392334 -21.4799995422363 -21.5799999237061 -21.7099990844727 -21.7999992370605 -21.8799991607666 -21.9500007629395 -22 -22.0300006866455 -22.0799999237061 -22.1299991607666 -22.2399997711182 -22.3700008392334 -22.4400005340576 -22.4699993133545 -22.4500007629395 -22.4899997711182 -22.4200000762939 -22.3299999237061 -22.2399997711182 -22.1200008392334
-20.5499992370605 -20.5300006866455 -20.5 -20.4699993133545 -20.4400005340576 -20.3999996185303 -20.3600006103516 -20.3199996948242 -20.2800006866455 -20.2600002288818 -20.2399997711182 -20.2299995422363 -20.2299995422363 -20.25 -20.2999992370605 -20.3600006103516 -20.4400005340576 -20.5300006866455 -20.6200008392334 -20.7199993133545 -20.8099994659424 -20.9200000762939 -21.0200004577637 -21.1299991607666 -21.2199993133545 -21.3099994659424 -21.3999996185303 -21.4899997711182 -21.5900001525879 -21.6700000762939 -21.75 -21.8099994659424 -21.8299999237061 -21.8500003814697 -21.9400005340576 -22.0900001525879 -22.25 -22.4099998474121 -22.5300006866455 -22.5400009155273 -22.5799999237061 -22.5499992370605 -22.5400009155273 -22.5 -22.4200000762939
-20.6499996185303 -20.5499992370605 -20.4699993133545 -20.4300003051758 -20.3899993896484 -20.3500003814697 -20.2999992370605 -20.25 -20.2000007629395 -20.1700000762939 -20.1599998474121 -20.1499996185303 -20.1599998474121 -20.1900005340576 -20.2399997711182 -20.2999992370605 -20.3600006103516 -20.4500007629395 -20.5400009155273 -20.6200008392334 -20.7099990844727 -20.7900009155273 -20.8799991607666 -20.9599990844727 -21.0400009155273 -21.1100006103516 -21.1900005340576 -21.2700004577637 -21.3600006103516 -21.4500007629395 -21.5200004577637 -21.5699996948242 -21.6000003814697 -21.6100006103516 -21.7600002288818 -21.9200000762939 -22.0900001525879 -22.2700004577637 -22.4300003051758 -22.5200004577637 -22.5699996948242 -22.6100006103516 -22.5499992370605 -22.6000003814697 -22.5699996948242
-20.4799995422363 -20.4099998474121 -20.3500003814697 -20.2999992370605 -20.2600002288818 -20.2299995422363 -20.1800003051758 -20.1399993896484 -20.1000003814697 -20.0699996948242 -20.0599994659424 -20.0599994659424 -20.0699996948242 -20.1100006103516 -20.1599998474121 -20.2199993133545 -20.2800006866455 -20.3600006103516 -20.4500007629395 -20.5300006866455 -20.6000003814697 -20.6599998474121 -20.7099990844727 -20.7700004577637 -20.8400001525879 -20.8999996185303 -20.9599990844727 -21.0200004577637 -21.1000003814697 -21.1800003051758 -21.25 -21.3099994659424 -21.3600006103516 -21.3899993896484 -21.5599994659424 -21.7099990844727 -21.8799991607666 -22.1000003814697 -22.2700004577637 -22.3999996185303 -22.4500007629395 -22.5499992370605 -22.6900005340576 -22.7099990844727 -22.6700000762939
-20.1000003814697 -20.0599994659424 -20.0400009155273 -20.0200004577637 -20.0200004577637 -20 -20.0100002288818 -20 -19.9599990844727 -19.9400005340576 -19.9400005340576 -19.9400005340576 -19.9599990844727 -20 -20.0499992370605 -20.1100006103516 -20.1800003051758 -20.2600002288818 -20.3500003814697 -20.4400005340576 -20.4699993133545 -20.5100002288818 -20.5499992370605 -20.5799999237061 -20.6200008392334 -20.6700000762939 -20.7299995422363 -20.7800006866455 -20.8199996948242 -20.8899993896484 -20.9599990844727 -21.0300006866455 -21.1000003814697 -21.1800003051758 -21.3400001525879 -21.5400009155273 -21.7199993133545 -21.9500007629395 -22.1499996185303 -22.3299999237061 -22.4599990844727 -22.6900005340576 -22.7199993133545 -22.7199993133545 -22.6700000762939
-19.7800006866455 -19.75 -19.7099990844727 -19.7099990844727 -19.7600002288818 -19.7800006866455 -19.8299999237061 -19.8500003814697 -19.8400001525879 -19.8199996948242 -19.7999992370605 -19.8099994659424 -19.8400001525879 -19.8799991607666 -19.9300003051758 -19.9899997711182 -20.0499992370605 -20.1200008392334 -20.1900005340576 -20.2600002288818 -20.2999992370605 -20.3299999237061 -20.3700008392334 -20.3999996185303 -20.4400005340576 -20.4699993133545 -20.4899997711182 -20.5200004577637 -20.5499992370605 -20.6000003814697 -20.6499996185303 -20.7299995422363 -20.8299999237061 -20.9400005340576 -21.1100006103516 -21.3500003814697 -21.6000003814697 -21.8099994659424 -22.0200004577637 -22.2099990844727 -22.3600006103516 -22.5200004577637 -22.5599994659424 -22.5599994659424 -22.5300006866455
-19.6299991607666 -19.5900001525879 -19.5200004577637 -19.5 -19.5799999237061 -19.6399993896484 -19.7000007629395 -19.7199993133545 -19.7099990844727 -19.7000007629395 -19.6900005340576 -19.7000007629395 -19.7199993133545 -19.7600002288818 -19.8099994659424 -19.8700008392334 -19.9300003051758 -19.9899997711182 -20.0400009155273 -20.0799999237061 -20.1100006103516 -20.1399993896484 -20.1599998474121 -20.1900005340576 -20.2299995422363 -20.25 -20.2700004577637 -20.2700004577637 -20.2999992370605 -20.3400001525879 -20.3700008392334 -20.4200000762939 -20.5300006866455 -20.6900005340576 -20.8500003814697 -21.1499996185303 -21.4200000762939 -21.6599998474121 -21.8600006103516 -22 -22.1599998474121 -22.25 -22.2900009155273 -22.3099994659424 -22.3099994659424
-19.6700000762939 -19.6299991607666 -19.6000003814697 -19.5900001525879 -19.6100006103516 -19.6299991607666 -19.6599998474121 -19.6599998474121 -19.6399993896484 -19.6100006103516 -19.5799999237061 -19.5499992370605 -19.5900001525879 -19.6499996185303 -19.7099990844727 -19.7700004577637 -19.8199996948242 -19.8600006103516 -19.8999996185303 -19.9400005340576 -19.9799995422363 -20.0100002288818 -20.0200004577637 -20.0200004577637 -20.0499992370605 -20.0900001525879 -20.1200008392334 -20.1299991607666 -20.1299991607666 -20.1100006103516 -20.1700000762939 -20.1900005340576 -20.2399997711182 -20.4400005340576 -20.6499996185303 -20.8999996185303 -21.2199993133545 -21.4799995422363 -21.6900005340576 -21.8299999237061 -21.9400005340576 -22 -22.0499992370605 -22.0599994659424 -22.1000003814697
-19.7800006866455 -19.7600002288818 -19.7299995422363 -19.7199993133545 -19.7099990844727 -19.7099990844727 -19.7000007629395 -19.6700000762939 -19.6499996185303 -19.6299991607666 -19.6000003814697 -19.5599994659424 -19.5900001525879 -19.6399993896484 -19.6800003051758 -19.7099990844727 -19.75 -19.7800006866455 -19.7999992370605 -19.8199996948242 -19.8500003814697 -19.8700008392334 -19.8799991607666 -19.8700008392334 -19.8899993896484 -19.9200000762939 -19.9500007629395 -19.9699993133545 -19.9799995422363 -19.9799995422363 -20.0100002288818 -20.0699996948242 -20.1700000762939 -20.3099994659424 -20.5 -20.7000007629395 -20.9099998474121 -21.2099990844727 -21.4500007629395 -21.6000003814697 -21.7000007629395 -21.7800006866455 -21.8400001525879 -21.8799991607666 -21.9300003051758
-19.9099998474121 -19.9099998474121 -19.8899993896484 -19.8600006103516 -19.8299999237061 -19.7999992370605 -19.7700004577637 -19.7299995422363 -19.7000007629395 -19.6800003051758 -19.6700000762939 -19.6499996185303 -19.6599998474121 -19.6700000762939 -19.6900005340576 -19.7099990844727 -19.7199993133545 -19.7299995422363 -19.7399997711182 -19.75 -19.7600002288818 -19.7700004577637 -19.7800006866455 -19.7800006866455 -19.7800006866455 -19.7900009155273 -19.7999992370605 -19.8199996948242 -19.8299999237061 -19.8400001525879 -19.8700008392334 -19.9500007629395 -20.0599994659424 -20.2000007629395 -20.3600006103516 -20.5499992370605 -20.6900005340576 -20.9400005340576 -21.1399993896484 -21.3099994659424 -21.4500007629395 -21.5499992370605 -21.6399993896484 -21.7099990844727 -21.7700004577637
-20.0100002288818 -20.0699996948242 -20.0599994659424 -20.0100002288818 -19.9500007629395 -19.8899993896484 -19.8400001525879 -19.7999992370605 -19.7700004577637 -19.75 -19.7299995422363 -19.7299995422363 -19.7299995422363 -19.7299995422363 -19.7299995422363 -19.7299995422363 -19.7299995422363 -19.7099990844727 -19.7000007629395 -19.7199993133545 -19.7199993133545 -19.7199993133545 -19.7199993133545 -19.7199993133545 -19.7099990844727 -19.7000007629395 -19.6900005340576 -19.6800003051758 -19.6900005340576 -19.7099990844727 -19.7299995422363 -19.7999992370605 -19.9200000762939 -20.0699996948242 -20.2299995422363 -20.3999996185303 -20.5599994659424 -20.7000007629395 -20.8899993896484 -21.0599994659424 -21.2099990844727 -21.3299999237061 -21.4300003051758 -21.5200004577637 -21.6000003814697
-20.0400009155273 -20.1800003051758 -20.1599998474121 -20.0799999237061 -20 -19.9300003051758 -19.8799991607666 -19.8400001525879 -19.8199996948242 -19.8099994659424 -19.7999992370605 -19.7999992370605 -19.7999992370605 -19.7999992370605 -19.7900009155273 -19.7900009155273 -19.7700004577637 -19.75 -19.7399997711182 -19.7399997711182 -19.7299995422363 -19.7199993133545 -19.7099990844727 -19.7099990844727 -19.7099990844727 -19.6800003051758 -19.6399993896484 -19.6100006103516 -19.6000003814697 -19.5900001525879 -19.5900001525879 -19.6700000762939 -19.8099994659424 -19.9500007629395 -20.1100006103516 -20.2700004577637 -20.4200000762939 -20.5699996948242 -20.6700000762939 -20.8400001525879 -21.0100002288818 -21.1299991607666 -21.25 -21.3500003814697 -21.4300003051758
-19.8999996185303 -19.9899997711182 -20.0100002288818 -19.9799995422363 -19.9400005340576 -19.8999996185303 -19.8600006103516 -19.8500003814697 -19.8400001525879 -19.8400001525879 -19.8500003814697 -19.8700008392334 -19.8799991607666 -19.8799991607666 -19.8700008392334 -19.8600006103516 -19.8400001525879 -19.8299999237061 -19.8099994659424 -19.7999992370605 -19.7900009155273 -19.7700004577637 -19.7399997711182 -19.7199993133545 -19.7000007629395 -19.7000007629395 -19.6499996185303 -19.6000003814697 -19.5799999237061 -19.5699996948242 -19.5900001525879 -19.6499996185303 -19.7600002288818 -19.8799991607666 -20.0100002288818 -20.1599998474121 -20.3099994659424 -20.4500007629395 -20.5799999237061 -20.6900005340576 -20.8099994659424 -20.9699993133545 -21.0900001525879 -21.2000007629395 -21.2800006866455
-19.6800003051758 -19.75 -19.7900009155273 -19.7900009155273 -19.7800006866455 -19.7800006866455 -19.7800006866455 -19.7900009155273 -19.8099994659424 -19.8400001525879 -19.8799991607666 -19.9200000762939 -19.9500007629395 -19.9599990844727 -19.9599990844727 -19.9400005340576 -19.9200000762939 -19.8999996185303 -19.8799991607666 -19.8700008392334 -19.8500003814697 -19.8199996948242 -19.7900009155273 -19.7600002288818 -19.7299995422363 -19.7000007629395 -19.6700000762939 -19.6200008392334 -19.6000003814697 -19.5900001525879 -19.6100006103516 -19.6499996185303 -19.7299995422363 -19.8199996948242 -19.9400005340576 -20.0699996948242 -20.2000007629395 -20.3400001525879 -20.4699993133545 -20.5900001525879 -20.6700000762939 -20.8400001525879 -20.9500007629395 -21.0300006866455 -21.1000003814697
-19.4500007629395 -19.5100002288818 -19.5400009155273 -19.5599994659424 -19.5699996948242 -19.5900001525879 -19.6200008392334 -19.6700000762939 -19.7299995422363 -19.7999992370605 -19.8700008392334 -19.9500007629395 -20.0200004577637 -20.0400009155273 -20.0300006866455 -20 -19.9699993133545 -19.9300003051758 -19.9099998474121 -19.8899993896484 -19.8799991607666 -19.8600006103516 -19.8400001525879 -19.8299999237061 -19.7800006866455 -19.7299995422363 -19.6900005340576 -19.6599998474121 -19.6299991607666 -19.6200008392334 -19.6299991607666 -19.6499996185303 -19.7000007629395 -19.7600002288818 -19.8600006103516 -19.9799995422363 -20.1000003814697 -20.2299995422363 -20.3600006103516 -20.4799995422363 -20.5599994659424 -20.6800003051758 -20.8099994659424 -20.9200000762939 -20.9899997711182
-19.1900005340576 -19.2399997711182 -19.2700004577637 -19.2900009155273 -19.3099994659424 -19.3500003814697 -19.4099998474121 -19.4899997711182 -19.5799999237061 -19.6900005340576 -19.7999992370605 -19.9300003051758 -20.0599994659424 -20.1200008392334 -20.0799999237061 -20.0200004577637 -19.9599990844727 -19.9300003051758 -19.9099998474121 -19.8899993896484 -19.8899993896484 -19.8799991607666 -19.8700008392334 -19.8600006103516 -19.8400001525879 -19.7800006866455 -19.7399997711182 -19.7000007629395 -19.6800003051758 -19.6499996185303 -19.6399993896484 -19.6499996185303 -19.6800003051758 -19.7299995422363 -19.7999992370605 -19.8899993896484 -19.9899997711182 -20.1000003814697 -20.2199993133545 -20.3400001525879 -20.4400005340576 -20.5400009155273 -20.6499996185303 -20.7700004577637 -20.8799991607666
-18.8700008392334 -18.9200000762939 -18.9599990844727 -18.9899997711182 -19.0100002288818 -19.0699996948242 -19.1599998474121 -19.2600002288818 -19.3799991607666 -19.5 -19.6399993896484 -19.7800006866455 -19.9300003051758 -20 -19.9799995422363 -19.9300003051758 -19.8799991607666 -19.8500003814697 -19.8400001525879 -19.8400001525879 -19.8500003814697 -19.8600006103516 -19.8600006103516 -19.8600006103516 -19.8400001525879 -19.8099994659424 -19.7700004577637 -19.7299995422363 -19.7000007629395 -19.6800003051758 -19.6599998474121 -19.6599998474121 -19.6800003051758 -19.7099990844727 -19.75 -19.8099994659424 -19.8600006103516 -19.9500007629395 -20.0499992370605 -20.1599998474121 -20.2700004577637 -20.3799991607666 -20.5 -20.6299991607666 -20.7600002288818
