SnowAccumulation_R/test/pcp/final_pcp_23_04_2009.asc
ncols         97
nrows         69
xllcorner     52512.810182332
yllcorner     5316225.2758522
cellsize      10000
NODATA_value  -9999
[rows 29 to 57 of 69, columns 0 to 64 of 97]
-9999 -9999 -9999 0 3.425926e-008 3.020833e-008 3.298611e-008 3.37963e-008 2.731481e-008 3.530092e-008 4.201389e-008 3.69213e-008 3.75e-008 3.171296e-008 2.685185e-008 2.395833e-008 2.326389e-008 2.106482e-008 2.349537e-008 2.326389e-008 0 0 0 3.819445e-009 3.703704e-009 3.472222e-009 3.356481e-009 8.217593e-009 7.87037e-009 7.63889e-009 0 0 0 0 0 0 0 8.101852e-010 0 0 0 1.62037e-009 1.50463e-009 1.388889e-009 0 0 0 0 0 0 0 0 0 0 0 0 0 0 0 0 0 0 0 0 0
-9999 -9999 -9999 0 0 2.696759e-008 3.101852e-008 3.796296e-008 3.564815e-008 2.847222e-008 3.958333e-008 3.252315e-008 2.604167e-008 3.4375e-008 7.523148e-008 8.043981e-008 7.766204e-008 3.090278e-008 2.349537e-008 2.152778e-008 0 0 3.703704e-009 3.472222e-009 3.472222e-009 3.240741e-009 8.217593e-009 8.101852e-009 8.101852e-009 7.63889e-009 0 0 0 0 0 0 0 0 0 0 0 1.62037e-009 1.388889e-009 1.157407e-009 0 0 0 0 0 0 0 0 0 0 0 0 0 0 0 0 0 0 0 0 0
-9999 -9999 -9999 0 2.766204e-008 0 3.402778e-008 3.252315e-008 3.923611e-008 2.511574e-008 2.615741e-008 3.020833e-008 2.905093e-008 2.569445e-008 8.125e-008 9.525463e-008 9.490741e-008 0 0 0 0 4.282407e-009 3.587963e-009 3.472222e-009 3.356481e-009 3.356481e-009 8.101852e-009 8.101852e-009 8.101852e-009 8.680556e-009 1.041667e-009 1.041667e-009 0 0 0 0 6.944444e-010 1.273148e-009 1.273148e-009 1.273148e-009 1.157407e-009 1.041667e-009 1.041667e-009 0 0 0 0 0 0 0 0 0 0 0 0 0 0 0 0 0 0 0 0 0 0
-9999 -9999 -9999 2.615741e-008 0 2.638889e-008 2.222222e-008 3.37963e-008 2.997685e-008 3.206019e-008 2.604167e-008 2.233796e-008 2.152778e-008 1.793981e-008 5.56713e-008 9.444445e-008 9.490741e-008 0 0 0 0 0 2.476852e-008 1.19213e-008 4.016204e-008 4.12037e-008 8.217593e-009 8.333334e-009 8.564815e-009 1.041667e-009 1.157407e-009 1.041667e-009 0 0 9.259259e-010 9.259259e-010 8.101852e-010 1.50463e-009 1.388889e-009 1.273148e-009 1.157407e-009 1.157407e-009 9.259259e-010 5.787037e-010 0 0 0 0 0 0 0 0 0 0 0 0 0 0 0 0 0 0 0 0 0
-9999 -9999 -9999 0 0 0 2.372685e-008 2.013889e-008 2.789352e-008 3.043982e-008 3.148148e-008 2.24537e-008 2.256944e-008 2.002315e-008 6.13426e-008 9.722222e-008 9.363426e-008 1.12037e-007 0 0 0 0 2.24537e-008 1.180556e-008 3.854167e-008 4.328704e-008 1.527778e-008 1.62037e-008 1.643519e-008 1.041667e-009 1.157407e-009 1.041667e-009 1.157407e-009 1.157407e-009 1.157407e-009 1.041667e-009 9.259259e-010 1.62037e-009 1.273148e-009 1.157407e-009 1.157407e-009 1.157407e-009 9.259259e-010 6.944444e-010 0 0 0 0 0 0 0 0 0 0 0 0 0 0 0 0 0 0 0 0 0
-9999 -9999 -9999 3.148148e-008 2.314815e-008 0 0 2.789352e-008 2.013889e-008 2.662037e-008 2.847222e-008 2.962963e-008 2.662037e-008 2.152778e-008 1.840278e-008 1.851852e-008 9.375e-009 1.121528e-007 1.00463e-007 6.909722e-008 0 0 2.118056e-008 1.168981e-008 4.201389e-008 4.861111e-008 1.759259e-008 1.655093e-008 1.62037e-008 1.655093e-008 6.828703e-009 6.597222e-009 6.018518e-009 1.041667e-009 9.259259e-010 0 0 0 1.388889e-009 1.157407e-009 1.157407e-009 1.157407e-009 9.259259e-010 5.787037e-010 1.388889e-009 0 0 0 0 0 0 0 0 0 0 0 0 0 0 0 0 0 0 0 0
-9999 -9999 -9999 2.916667e-008 4.247685e-008 0 0 1.793981e-008 2.337963e-008 1.50463e-008 2.696759e-008 3.090278e-008 3.206019e-008 2.384259e-008 8.680556e-009 9.837963e-009 1.193287e-007 1.25463e-007 1.018519e-007 8.738427e-008 5.486111e-008 1.921296e-008 1.574074e-008 3.321759e-008 5.960649e-008 6.365741e-008 1.921296e-008 1.712963e-008 1.631944e-008 1.689815e-008 6.944445e-009 6.944445e-009 6.018518e-009 1.50463e-009 1.273148e-009 0 0 0 1.388889e-009 1.157407e-009 1.157407e-009 1.157407e-009 9.259259e-010 1.967593e-009 1.273148e-009 1.157407e-009 0 0 0 0 0 0 0 0 0 0 0 0 0 0 0 0 0 0 0
-9999 -9999 4.00463e-008 4.293982e-008 3.113426e-008 3.645834e-008 2.384259e-008 0 2.025463e-008 2.5e-008 2.627315e-008 2.361111e-008 2.962963e-008 2.569445e-008 7.199074e-008 7.766204e-008 9.733796e-008 1.003472e-007 9.351852e-008 8.923611e-008 4.131945e-008 2.337963e-008 2.268519e-008 2.013889e-008 0 0 2.326389e-008 1.979167e-008 1.875e-008 7.175926e-009 6.944445e-009 6.944445e-009 1.967593e-009 1.273148e-009 1.157407e-009 0 0 1.157407e-009 1.157407e-009 1.041667e-009 1.157407e-009 3.125e-009 1.851852e-009 1.273148e-009 1.157407e-009 1.157407e-009 1.041667e-009 9.259259e-010 0 0 0 0 0 0 0 0 0 0 0 0 0 0 0 0 0
-9999 -9999 3.333334e-008 2.800926e-008 3.113426e-008 3.506944e-008 3.229167e-008 0 0 2.384259e-008 1.712963e-008 1.93287e-008 2.615741e-008 2.627315e-008 2.372685e-008 7.141204e-008 9.108796e-008 8.599537e-008 1.268519e-007 1.204861e-007 5.266204e-008 2.743055e-008 1.342593e-008 0 0 0 6.712963e-009 5.902778e-009 5.555556e-009 8.101852e-009 7.75463e-009 7.63889e-009 2.314815e-009 1.50463e-009 1.388889e-009 1.50463e-009 1.157407e-009 1.157407e-009 1.041667e-009 9.259259e-010 0 2.777778e-009 1.62037e-009 1.157407e-009 1.157407e-009 1.157407e-009 1.157407e-009 1.041667e-009 0 0 0 0 0 0 0 0 0 0 0 0 0 0 0 0 0
-9999 -9999 3.078704e-008 2.5e-008 2.708333e-008 4.108796e-008 2.986111e-008 2.175926e-008 0 2.303241e-008 2.280093e-008 2.361111e-008 2.002315e-008 3.229167e-008 3.194445e-008 1.435185e-008 1.009259e-007 1.083333e-007 1.273148e-007 1.337963e-007 1.144676e-007 1.990741e-008 1.087963e-008 1.273148e-008 0 0 6.481482e-009 5.787037e-009 5.787037e-009 0 0 1.643519e-008 1.574074e-008 1.226852e-008 1.851852e-009 1.273148e-009 1.157407e-009 9.259259e-010 0 0 0 0 1.851852e-009 1.157407e-009 1.157407e-009 1.157407e-009 1.157407e-009 1.273148e-009 1.273148e-009 0 0 1.631944e-008 0 0 0 0 0 0 0 0 0 0 0 0 0
-9999 -9999 0 2.349537e-008 3.680556e-008 3.020833e-008 2.824074e-008 2.395833e-008 0 1.736111e-008 2.569445e-008 1.435185e-008 1.875e-008 2.337963e-008 2.418981e-008 1.162037e-007 9.305555e-008 1.122685e-007 1.048611e-007 1.27662e-007 9.953704e-008 2.430556e-009 1.550926e-008 1.458333e-008 0 9.722222e-009 6.597222e-009 5.787037e-009 5.787037e-009 0 0 1.736111e-008 1.712963e-008 1.539352e-008 1.168981e-008 1.388889e-009 0 0 0 0 0 0 1.967593e-009 1.388889e-009 1.157407e-009 1.157407e-009 1.273148e-009 1.388889e-009 1.736111e-009 8.101852e-009 1.319444e-008 1.481481e-008 0 0 0 0 0 0 0 0 0 0 0 0 0
-9999 -9999 0 4.0625e-008 4.456018e-008 3.80787e-008 4.166667e-008 2.314815e-008 2.175926e-008 0 2.881944e-008 1.712963e-008 2.303241e-008 2.743055e-008 3.194445e-008 3.599537e-008 2.256944e-008 1.206019e-007 1.076389e-007 1.251157e-007 2.893519e-009 2.314815e-009 2.939815e-008 2.893518e-008 2.962963e-008 2.800926e-008 2.800926e-008 6.25e-009 6.018518e-009 0 0 1.712963e-008 1.689815e-008 1.527778e-008 1.261574e-008 0 0 0 0 0 0 0 2.083334e-009 1.851852e-009 1.967593e-009 1.851852e-009 2.199074e-009 2.546296e-009 1.145833e-008 1.064815e-008 1.273148e-008 1.319444e-008 0 0 0 0 0 0 0 0 0 0 0 0 0
-9999 -9999 0 3.275463e-008 3.414352e-008 3.738426e-008 2.800926e-008 3.726852e-008 3.032407e-008 1.215278e-008 2.847222e-008 2.534722e-008 2.118056e-008 2.824074e-008 2.928241e-008 3.171296e-008 2.534722e-008 2.523148e-008 1.133102e-007 1.96412e-007 1.386574e-007 4.756945e-008 3.298611e-008 3.125e-008 3.275463e-008 3.298611e-008 5.810185e-008 4.953704e-008 4.722222e-008 0 2.407407e-008 2.395833e-008 1.608796e-008 1.50463e-008 3.113426e-008 2.384259e-008 0 0 0 0 1.111111e-008 1.053241e-008 9.722222e-009 1.018519e-008 3.819445e-009 4.050926e-009 4.166667e-009 1.516204e-008 1.458333e-008 1.365741e-008 1.238426e-008 1.19213e-008 0 0 0 0 0 0 0 0 0 0 0 0 0
-9999 -9999 0 2.87037e-008 3.75e-008 3.541667e-008 3.900463e-008 3.194445e-008 2.916667e-008 1.701389e-008 2.55787e-008 1.493055e-008 1.736111e-008 2.662037e-008 2.650463e-008 3.530092e-008 2.453704e-008 3.69213e-008 2.002315e-007 1.578704e-007 1.582176e-007 1.491898e-007 5.243056e-008 4.884259e-008 8.125e-008 8.599537e-008 5.590278e-008 4.768518e-008 4.699074e-008 2.546296e-008 2.268519e-008 2.222222e-008 2.349537e-008 3.865741e-008 3.611111e-008 3.020833e-008 2.199074e-008 1.747685e-008 1.423611e-008 1.400463e-008 1.412037e-008 1.493055e-008 1.689815e-008 1.944444e-008 4.872685e-008 4.236111e-008 4.340278e-008 4.039352e-008 1.863426e-008 1.354167e-008 1.19213e-008 1.157407e-008 7.87037e-009 7.87037e-009 0 0 0 0 0 0 0 0 0 0 0
-9999 -9999 0 3.217593e-008 3.148148e-008 3.946759e-008 3.263889e-008 3.425926e-008 1.979167e-008 2.638889e-008 1.712963e-008 2.476852e-008 3.136574e-008 3.4375e-008 2.696759e-008 3.229167e-008 2.604167e-008 3.229167e-008 1.133102e-007 2.361111e-008 2.314815e-008 2.199074e-008 1.137731e-007 1.024306e-007 9.421296e-008 1.043982e-007 5.821759e-008 4.62963e-008 4.780093e-008 2.662037e-008 2.291667e-008 2.210648e-008 2.453704e-008 4.027778e-008 3.912037e-008 3.587963e-008 2.800926e-008 2.511574e-008 1.608796e-008 1.388889e-008 1.412037e-008 1.770833e-008 2.1875e-008 2.581019e-008 6.018519e-008 5.486111e-008 4.988426e-008 4.62963e-008 2.083333e-008 1.597222e-008 1.215278e-008 1.168981e-008 7.407407e-009 7.523148e-009 7.291667e-009 7.060185e-009 0 0 0 0 0 0 0 0 0
-9999 -9999 0 2.835648e-008 3.113426e-008 4.236111e-008 3.171296e-008 3.472222e-008 1.666667e-008 1.81713e-008 9.953704e-009 1.747685e-008 2.395833e-008 2.731481e-008 3.564815e-008 3.240741e-008 2.8125e-008 3.101852e-008 1.34375e-007 2.592593e-008 2.314815e-008 1.341435e-007 1.358796e-007 1.158565e-007 1.041667e-007 1.133102e-007 1.043982e-007 5.636574e-008 5.636574e-008 5.613426e-008 3.020833e-008 2.893518e-008 4.467593e-008 3.993055e-008 3.935185e-008 3.553241e-008 4.837963e-008 4.282407e-008 2.060185e-008 1.608796e-008 1.759259e-008 2.291667e-008 2.847222e-008 5.115741e-008 6.446759e-008 5.520833e-008 4.976852e-008 4.733797e-008 4.560185e-008 3.680556e-008 1.736111e-008 1.435185e-008 7.75463e-009 7.407407e-009 6.944445e-009 6.597222e-009 6.365741e-009 0 0 0 0 0 0 0 0
-9999 -9999 0 2.800926e-008 3.715278e-008 3.888889e-008 3.993055e-008 3.587963e-008 3.252315e-008 2.800926e-008 1.053241e-008 2.048611e-008 2.696759e-008 3.738426e-008 4.166667e-008 3.171296e-008 2.893518e-008 3.032407e-008 1.118056e-007 7.800926e-008 7.685185e-008 1.350694e-007 1.408565e-007 1.319444e-007 1.006944e-007 9.560186e-008 9.745371e-008 6.631944e-008 6.504629e-008 6.81713e-008 7.129629e-008 7.8125e-008 6.041667e-008 4.583334e-008 4.016204e-008 5.069445e-008 4.12037e-008 4.548611e-008 4.756945e-008 2.951389e-008 3.090278e-008 5.856482e-008 6.180556e-008 5.671296e-008 5.231481e-008 5.706018e-008 4.548611e-008 4.6875e-008 5.208333e-008 4.675926e-008 4.57176e-008 4.224537e-008 7.523148e-009 7.407407e-009 6.944445e-009 6.712963e-009 6.828703e-009 6.365741e-009 0 0 0 0 0 0 0
-9999 -9999 0 3.634259e-008 3.333334e-008 3.032407e-008 3.333334e-008 3.784722e-008 3.969907e-008 2.013889e-008 1.122685e-008 2.268519e-008 3.101852e-008 3.831018e-008 3.657408e-008 3.703704e-008 3.101852e-008 3.472222e-008 3.738426e-008 7.476852e-008 7.256944e-008 1.380787e-007 1.690972e-007 1.319444e-007 1.224537e-007 1.224537e-007 1.101852e-007 6.990741e-008 6.481481e-008 7.442129e-008 0 9.699075e-008 9.00463e-008 7.291667e-008 8.703704e-008 5.486111e-008 4.224537e-008 5.162037e-008 8.136574e-008 7.974537e-008 8.125e-008 7.037037e-008 7.083333e-008 6.145833e-008 5.960649e-008 5.474537e-008 4.479167e-008 4.652778e-008 4.884259e-008 4.675926e-008 4.641204e-008 5.069445e-008 8.101852e-009 8.217593e-009 7.523148e-009 6.944445e-009 7.060185e-009 6.828703e-009 6.597222e-009 6.481482e-009 0 8.217593e-009 0 0 0
-9999 -9999 0 3.518518e-008 2.881944e-008 3.043982e-008 3.101852e-008 4.097222e-008 3.506944e-008 1.875e-008 1.134259e-008 2.118056e-008 3.402778e-008 3.865741e-008 3.506944e-008 3.738426e-008 3.171296e-008 3.078704e-008 1.765046e-007 2.083333e-008 1.342593e-008 2.939815e-008 2.071759e-007 2.15625e-007 1.840278e-007 1.163194e-007 1.233796e-007 1.094907e-007 6.365741e-009 6.828703e-009 0 0 9.247685e-008 8.333333e-008 9.953704e-008 8.703704e-008 0 8.738427e-008 8.483796e-008 7.824075e-008 8.344907e-008 7.488426e-008 7.453704e-008 6.990741e-008 6.284722e-008 6.365741e-008 5.150463e-008 6.006945e-008 5.821759e-008 5.092593e-008 4.953704e-008 5.960649e-008 9.259259e-009 9.722222e-009 8.217593e-009 7.523148e-009 7.407407e-009 7.175926e-009 6.944445e-009 9.027778e-009 1.041667e-008 9.606481e-009 7.407407e-009 0 0
-9999 2.1875e-008 0 2.592593e-008 3.344908e-008 2.962963e-008 3.773148e-008 3.877315e-008 2.8125e-008 1.921296e-008 1.666667e-008 2.337963e-008 3.877315e-008 3.4375e-008 3.159722e-008 3.668982e-008 3.136574e-008 3.252315e-008 3.796296e-008 1.931713e-007 1.782407e-008 1.655093e-007 1.954861e-007 2.079861e-007 1.712963e-007 2.224537e-007 1.239583e-007 1.054398e-007 1.112268e-007 9.259259e-009 0 0 9.340278e-008 1.267361e-007 9.016204e-008 9.212963e-008 0 9.351852e-008 8.75e-008 7.847223e-008 8.703704e-008 7.546296e-008 7.5e-008 7.106481e-008 6.296296e-008 6.261574e-008 6.053241e-008 8.645833e-008 9.166667e-008 9.201388e-008 8.784723e-008 9.166667e-008 1.203704e-008 1.203704e-008 9.722222e-009 8.564815e-009 1.354167e-008 1.539352e-008 1.354167e-008 1.331018e-008 1.134259e-008 1.006944e-008 6.944445e-009 6.828703e-009 0
-9999 0 0 3.194445e-008 3.090278e-008 3.506944e-008 2.685185e-008 2.696759e-008 2.476852e-008 2.222222e-008 1.736111e-008 1.689815e-008 3.842592e-008 2.476852e-008 2.488426e-008 3.206019e-008 3.275463e-008 2.75463e-008 3.506944e-008 1.912037e-007 1.400463e-007 1.364583e-007 1.84375e-007 1.229167e-007 2.574074e-007 1.940972e-007 1.256944e-007 1.063657e-007 1.099537e-007 7.175926e-009 0 0 6.261574e-008 1.202546e-007 9.224537e-008 9.699075e-008 0 9.710649e-008 8.530093e-008 8.993056e-008 9.351852e-008 9.490741e-008 9.108796e-008 8.321759e-008 6.145833e-008 6.365741e-008 6.851852e-008 4.560185e-008 6.053241e-008 6.898149e-008 6.666667e-008 5.868056e-008 2.604167e-008 2.164352e-008 1.875e-008 2.291667e-008 2.418981e-008 2.164352e-008 1.875e-008 1.481481e-008 1.203704e-008 1.041667e-008 6.828703e-009 6.828703e-009 6.365741e-009
-9999 3.506944e-008 2.233796e-008 2.997685e-008 4.178241e-008 3.703704e-008 3.69213e-008 3.553241e-008 3.125e-008 2.534722e-008 2.291667e-008 2.013889e-008 2.372685e-008 2.604167e-008 2.581019e-008 3.321759e-008 3.101852e-008 2.766204e-008 3.148148e-008 1.833333e-007 1.461806e-007 2.430555e-008 3.391204e-008 2.337963e-007 1.195602e-007 1.284722e-007 1.640046e-007 1.236111e-007 1.236111e-007 7.962963e-008 9.733796e-008 9.016204e-008 8.263889e-008 8.344907e-008 1.02662e-007 9.606482e-008 0 9.513889e-008 8.645833e-008 9.409722e-008 9.131944e-008 9.270833e-008 8.738427e-008 5e-008 4.710648e-008 5.138889e-008 6.331018e-008 0 0 7.824075e-008 7.546296e-008 6.747685e-008 3.125e-008 3.020833e-008 2.75463e-008 3.182871e-008 2.291667e-008 1.990741e-008 1.747685e-008 1.412037e-008 1.157407e-008 8.449074e-009 6.828703e-009 6.828703e-009 6.712963e-009
-9999 2.951389e-008 0 2.905093e-008 4.074074e-008 3.344908e-008 3.321759e-008 3.599537e-008 3.75e-008 2.627315e-008 2.604167e-008 2.8125e-008 2.048611e-008 2.592593e-008 3.229167e-008 2.430555e-008 3.530092e-008 3.125e-008 4.108796e-008 2.115741e-007 3.657408e-008 3.275463e-008 2.674768e-007 2.50463e-007 1.484954e-007 1.484954e-007 1.444444e-007 9.791667e-008 8.541667e-008 8.449074e-008 6.81713e-008 9.166667e-008 1.206019e-007 1.141204e-007 1.090278e-007 8.217592e-008 7.407407e-008 7.615741e-008 7.395833e-008 6.388889e-008 5.740741e-008 5.775463e-008 5.891204e-008 4.618056e-008 4.513889e-008 4.918981e-008 6.215278e-008 0 0 0 2.974537e-008 3.182871e-008 3.298611e-008 2.847222e-008 2.337963e-008 2.407407e-008 1.944444e-008 1.5625e-008 1.608796e-008 1.226852e-008 8.449074e-009 7.75463e-009 7.291667e-009 7.523148e-009 6.828703e-009
-9999 3.4375e-008 0 2.141204e-008 3.715278e-008 2.997685e-008 3.402778e-008 3.553241e-008 3.344908e-008 2.847222e-008 3.530092e-008 3.009259e-008 2.592593e-008 2.037037e-008 2.326389e-008 2.824074e-008 3.599537e-008 3.506944e-008 4.108796e-008 3.136574e-008 5.439815e-009 1.494213e-007 3.719907e-007 2.795139e-007 2.628472e-007 2.800926e-007 1.346065e-007 1.258102e-007 1.722222e-007 9.745371e-008 7.256944e-008 1.327546e-007 1.336806e-007 2.418981e-008 2.407407e-008 7.476852e-008 7.1875e-008 7.407407e-008 7.303241e-008 6.064815e-008 5.358796e-008 5.37037e-008 5.9375e-008 4.849537e-008 4.675926e-008 5.208333e-008 5.451389e-008 6.168982e-008 2.696759e-008 2.604167e-008 2.592593e-008 2.604167e-008 2.708333e-008 2.418981e-008 2.048611e-008 1.944444e-008 1.712963e-008 1.423611e-008 1.284722e-008 1.087963e-008 8.217593e-009 7.407407e-009 7.407407e-009 7.291667e-009 6.25e-009
-9999 3.391204e-008 3.69213e-008 1.423611e-008 3.622685e-008 2.87037e-008 3.148148e-008 3.611111e-008 3.275463e-008 3.032407e-008 3.4375e-008 3.009259e-008 2.789352e-008 2.175926e-008 2.534722e-008 2.8125e-008 3.344908e-008 3.541667e-008 3.634259e-008 3.703704e-008 0 0 2.819445e-007 2.685185e-007 3.490741e-007 0 1.415509e-007 1.342593e-007 1.456018e-007 1.731482e-007 1.333333e-007 1.340278e-007 2.881944e-008 2.662037e-008 2.534722e-008 2.453704e-008 2.337963e-008 2.1875e-008 2.083333e-008 1.956019e-008 1.909722e-008 5.914352e-008 1.805556e-008 6.666667e-008 6.273148e-008 1.701389e-008 1.724537e-008 1.967593e-008 2.453704e-008 2.55787e-008 2.453704e-008 2.361111e-008 2.361111e-008 2.210648e-008 1.956019e-008 1.805556e-008 1.62037e-008 1.388889e-008 1.284722e-008 1.145833e-008 8.680556e-009 7.63889e-009 6.828703e-009 6.712963e-009 5.787037e-009
-9999 3.391204e-008 2.939815e-008 2.037037e-008 2.569445e-008 2.986111e-008 3.148148e-008 3.368056e-008 3.206019e-008 3.125e-008 3.634259e-008 3.159722e-008 2.893518e-008 2.453704e-008 2.5e-008 3.333334e-008 3.645834e-008 4.259259e-008 3.946759e-008 4.236111e-008 3.935185e-008 0 1.798611e-007 1.559028e-007 0 0 1.645833e-007 1.436343e-007 1.430556e-007 1.709491e-007 1.451389e-007 7.430555e-008 3.738426e-008 3.414352e-008 2.824074e-008 2.592593e-008 2.384259e-008 2.233796e-008 2.1875e-008 2.152778e-008 2.175926e-008 2.141204e-008 2.060185e-008 2.025463e-008 1.921296e-008 1.875e-008 1.886574e-008 2.164352e-008 2.326389e-008 2.418981e-008 2.430555e-008 2.24537e-008 2.291667e-008 2.12963e-008 1.921296e-008 1.782407e-008 1.655093e-008 1.435185e-008 1.342593e-008 1.134259e-008 1.018519e-008 7.75463e-009 6.944445e-009 6.597222e-009 5.787037e-009
-9999 3.321759e-008 3.148148e-008 2.75463e-008 1.967593e-008 3.078704e-008 2.905093e-008 3.217593e-008 3.425926e-008 3.576389e-008 3.506944e-008 3.321759e-008 3.229167e-008 2.650463e-008 2.407407e-008 3.483796e-008 3.541667e-008 4.178241e-008 3.796296e-008 3.368056e-008 4.189815e-008 4.305556e-008 4.780093e-008 3.80787e-008 3.199074e-007 0 2.298611e-007 1.935185e-007 1.565972e-007 1.896991e-007 1.420139e-007 7.743056e-008 3.923611e-008 3.634259e-008 3.425926e-008 3.06713e-008 2.453704e-008 2.326389e-008 2.314815e-008 2.372685e-008 2.395833e-008 2.430555e-008 2.233796e-008 2.1875e-008 2.118056e-008 2.12963e-008 2.1875e-008 2.361111e-008 2.488426e-008 2.418981e-008 2.326389e-008 2.210648e-008 2.106482e-008 2.013889e-008 1.909722e-008 1.747685e-008 1.701389e-008 1.689815e-008 1.493055e-008 1.111111e-008 9.722222e-009 7.75463e-009 6.365741e-009 5.902778e-009 5.324074e-009
-9999 6.857638e-009 6.944445e-009 1.032986e-008 1.542245e-008 2.152778e-008 3.009259e-008 3.240741e-008 3.298611e-008 3.37963e-008 3.275463e-008 3.645834e-008 3.773148e-008 2.939815e-008 2.430555e-008 3.06713e-008 3.877315e-008 4.363426e-008 3.888889e-008 3.333334e-008 4.363426e-008 4.733797e-008 4.780093e-008 3.796296e-008 3.599537e-008 0 2.366898e-007 2.40625e-007 1.893519e-007 1.984954e-007 1.783565e-007 1.180556e-007 1.109954e-007 3.587963e-008 3.136574e-008 3.009259e-008 2.581019e-008 2.476852e-008 2.488426e-008 2.615741e-008 2.55787e-008 2.465278e-008 2.384259e-008 2.384259e-008 2.361111e-008 2.372685e-008 2.430555e-008 2.5e-008 2.592593e-008 2.488426e-008 2.233796e-008 2.12963e-008 2.060185e-008 1.898148e-008 1.863426e-008 1.81713e-008 1.597222e-008 1.608796e-008 1.50463e-008 1.203704e-008 1.076389e-008 7.87037e-009 6.25e-009 5.439815e-009 4.62963e-009
-9999 1.359954e-009 4.918981e-010 6.712963e-009 1.440972e-008 1.953125e-008 2.135417e-008 2.760417e-008 4.412616e-008 6.550925e-008 5.917246e-008 5.364584e-008 4.48206e-008 3.862847e-008 4.733797e-008 3.11632e-008 2.008102e-008 2.112269e-008 1.869213e-008 1.383102e-008 9.43287e-009 7.002315e-009 5.266204e-009 8.188657e-009 4.641204e-008 4.224537e-008 1.005787e-007 0 0 0 1.737269e-007 4.791666e-008 4.467593e-008 3.796296e-008 3.599537e-008 3.611111e-008 2.847222e-008 2.673611e-008 2.731481e-008 2.789352e-008 2.916667e-008 2.8125e-008 2.847222e-008 2.835648e-008 2.824074e-008 2.777778e-008 2.719907e-008 2.511574e-008 2.418981e-008 2.384259e-008 2.210648e-008 2.094907e-008 2.060185e-008 1.851852e-008 1.759259e-008 1.747685e-008 1.5625e-008 1.527778e-008 1.319444e-008 1.331018e-008 1.180556e-008 8.564815e-009 6.365741e-009 5.439815e-009 4.398148e-009
