SnowAccumulation_R/test/pcp/final_pcp_22_04_2009.asc
ncols         97
nrows         69
xllcorner     52512.810182332
yllcorner     5316225.2758522
cellsize      10000
NODATA_value  -9999
[rows 28 to 55 of 69, columns 0 to 63 of 97]
-9999 -9999 -9999 3.37963e-008 4.467593e-008 4.699074e-008 4.479167e-008 5.162037e-008 4.490741e-008 5.081018e-008 4.606482e-008 4.988426e-008 4.664352e-008 4.710648e-008 7.037037e-008 1.072917e-007 1.037037e-007 9.12037e-008 6.62037e-008 6.261574e-008 4.976852e-008 3.877315e-008 3.784722e-008 3.668982e-008 3.703704e-009 3.472222e-009 3.472222e-009 3.240741e-009 1.157407e-009 1.157407e-009 1.041667e-009 1.736111e-009 1.157407e-009 1.157407e-009 1.157407e-009 0 0 0 8.101852e-010 1.041667e-009 1.041667e-009 9.259259e-010 0 0 0 0 0 0 0 0 0 0 0 0 0 0 0 0 0 0 0 0 0 0
-9999 -9999 -9999 3.368056e-008 4.293982e-008 4.00463e-008 4.039352e-008 4.247685e-008 3.541667e-008 4.965278e-008 6.122685e-008 5.752315e-008 6.203704e-008 5.868056e-008 1.208333e-007 1.079861e-007 1.047454e-007 9.456019e-008 6.736111e-008 6.666667e-008 4.918981e-008 3.703704e-008 3.668982e-008 2.430555e-008 2.337963e-008 3.472222e-009 3.356481e-009 9.375e-009 9.027778e-009 8.796296e-009 1.62037e-009 1.273148e-009 1.388889e-009 1.273148e-009 1.273148e-009 0 0 0 8.101852e-010 9.259259e-010 9.259259e-010 0 0 0 0 0 0 0 0 0 0 0 0 0 0 0 0 0 0 0 0 0 0 0
-9999 -9999 -9999 2.87037e-008 3.703704e-008 3.993055e-008 4.606482e-008 5.254629e-008 5.208333e-008 4.444444e-008 6.296296e-008 5.752315e-008 5.335648e-008 6.863426e-008 1.087963e-007 1.163194e-007 1.122685e-007 8.865741e-008 6.736111e-008 6.180556e-008 5.046297e-008 3.773148e-008 2.349537e-008 2.199074e-008 2.175926e-008 3.240741e-009 9.375e-009 9.259259e-009 9.259259e-009 8.796296e-009 8.680556e-009 7.523148e-009 7.175926e-009 7.060185e-009 7.407407e-009 7.407407e-009 0 0 8.101852e-010 8.101852e-010 8.101852e-010 0 0 0 0 0 0 0 0 0 0 0 0 0 0 0 0 0 0 0 0 0 0 0
-9999 -9999 -9999 3.159722e-008 4.131945e-008 3.80787e-008 5.428241e-008 4.94213e-008 6.19213e-008 4.479167e-008 5.196759e-008 6.099537e-008 6.516204e-008 6.736111e-008 1.174769e-007 1.378472e-007 1.371528e-007 1.707176e-007 9.756945e-008 9.386574e-008 7.581018e-008 2.731481e-008 2.291667e-008 2.199074e-008 2.118056e-008 2.094907e-008 9.259259e-009 9.259259e-009 9.259259e-009 9.953704e-009 3.449074e-008 3.217593e-008 7.407407e-009 7.291667e-009 8.796296e-009 9.606481e-009 8.449074e-009 1.041667e-008 1.030093e-008 9.953704e-009 9.375e-009 8.796296e-009 8.101852e-009 0 0 0 0 0 0 0 0 0 0 0 0 0 0 0 0 0 0 0 0 0
-9999 -9999 -9999 4.12037e-008 3.530092e-008 4.548611e-008 4.386574e-008 6.261574e-008 5.439815e-008 6.215278e-008 5.914352e-008 5.601852e-008 6.400463e-008 7.037037e-008 0 1.364583e-007 1.371528e-007 1.902778e-007 1.003472e-007 9.965277e-008 1.121528e-007 8.923611e-008 1.377315e-008 4.085648e-008 4.479167e-008 4.606482e-008 9.375e-009 9.606481e-009 9.722222e-009 3.483796e-008 3.703704e-008 3.217593e-008 1.226852e-008 1.168981e-008 1.25e-008 1.238426e-008 1.041667e-008 1.203704e-008 1.076389e-008 1.030093e-008 9.606481e-009 9.027778e-009 7.63889e-009 5.092593e-009 0 0 0 0 0 0 0 0 0 0 0 0 0 0 0 0 0 0 0 0
-9999 -9999 -9999 4.097222e-008 3.865741e-008 3.69213e-008 4.976852e-008 4.965278e-008 6.273148e-008 6.585648e-008 7.291667e-008 6.967593e-008 7.430555e-008 8.206019e-008 0 1.375e-007 1.324074e-007 1.584491e-007 2.162037e-007 1.509259e-007 1.118056e-007 9.17824e-008 1.25e-008 4.027778e-008 4.31713e-008 4.837963e-008 3.391204e-008 3.576389e-008 3.634259e-008 3.356482e-008 3.553241e-008 3.425926e-008 1.527778e-008 1.493055e-008 1.493055e-008 1.377315e-008 1.180556e-008 1.261574e-008 1.030093e-008 9.490741e-009 9.375e-009 9.375e-009 7.523148e-009 5.092593e-009 0 0 0 0 0 0 1.388889e-009 0 0 0 0 0 0 0 0 0 0 0 0 0
-9999 -9999 -9999 5.266204e-008 4.6875e-008 4.143519e-008 4.444444e-008 6.527777e-008 6.111112e-008 7.361111e-008 7.627315e-008 8.391203e-008 8.518519e-008 9.085648e-008 1.821759e-007 1.837963e-007 2.912037e-007 1.820602e-007 1.630787e-007 1.773148e-007 1.303241e-007 9.17824e-008 1.180556e-008 3.993055e-008 4.699074e-008 5.428241e-008 3.888889e-008 3.657408e-008 3.587963e-008 3.657408e-008 2.743055e-008 2.662037e-008 2.418981e-008 1.319444e-008 1.25e-008 3.425926e-008 3.356482e-008 3.078704e-008 1.087963e-008 9.259259e-009 9.259259e-009 9.259259e-009 7.523148e-009 4.976852e-009 4.282407e-009 0 0 0 0 1.157407e-009 1.157407e-009 1.736111e-009 0 0 0 0 0 0 0 0 0 0 0 0
-9999 -9999 -9999 5.277778e-008 7.384259e-008 4.965278e-008 4.6875e-008 5.868056e-008 7.222222e-008 6.759259e-008 8.807871e-008 9.131944e-008 9.502315e-008 9.884259e-008 2.719907e-007 3.069445e-007 1.9375e-007 2.037037e-007 2.612269e-007 2.241898e-007 1.408565e-007 9.340278e-008 7.638889e-008 1.840278e-008 6.655092e-008 7.106481e-008 4.259259e-008 3.784722e-008 3.622685e-008 3.75e-008 2.777778e-008 2.766204e-008 2.407407e-008 2.048611e-008 1.81713e-008 3.275463e-008 3.472222e-008 3.182871e-008 1.087963e-008 9.490741e-009 9.375e-009 9.143519e-009 7.175926e-009 5.902778e-009 3.935185e-009 3.356481e-009 0 0 1.157407e-009 1.157407e-009 1.157407e-009 1.62037e-009 6.712963e-009 7.060185e-009 7.75463e-009 0 0 0 0 0 0 0 0 0
-9999 -9999 6.689815e-008 7.268519e-008 6.365741e-008 7.569444e-008 6.388889e-008 5.833333e-008 7.523148e-008 8.449074e-008 9.409722e-008 1.018519e-007 1.103009e-007 1.063657e-007 1.97338e-007 2.128472e-007 3e-007 3.092593e-007 2.398148e-007 2.289352e-007 2.00463e-007 1.135417e-007 1.101852e-007 9.791667e-008 1.010417e-007 8.599537e-008 5.150463e-008 4.375e-008 4.155093e-008 2.858796e-008 2.789352e-008 2.766204e-008 2.800926e-008 1.724537e-008 1.631944e-008 3.032407e-008 3.125e-008 1.053241e-008 1.030093e-008 9.027778e-009 9.259259e-009 9.490741e-009 5.671296e-009 3.703704e-009 3.472222e-009 3.472222e-009 3.240741e-009 2.893519e-009 1.157407e-009 1.50463e-009 1.851852e-009 3.125e-009 6.828703e-009 9.375e-009 1.076389e-008 1.180556e-008 1.076389e-008 0 0 0 0 0 0 0
-9999 -9999 6.13426e-008 5.717593e-008 6.712963e-008 7.777778e-008 7.8125e-008 6.388889e-008 7.07176e-008 9.444445e-008 9.606482e-008 1.092593e-007 1.173611e-007 1.210648e-007 2.604167e-007 1.957176e-007 2.496528e-007 2.357639e-007 2.738426e-007 2.600694e-007 2.556713e-007 1.328704e-007 1.443287e-007 1.184028e-007 1.371528e-007 1.06713e-007 5.486111e-008 4.849537e-008 4.583334e-008 3.229167e-008 3.125e-008 3.043982e-008 3.287037e-008 2.175926e-008 1.898148e-008 2.071759e-008 1.053241e-008 1.041667e-008 9.722222e-009 8.101852e-009 0 8.449074e-009 4.976852e-009 3.587963e-009 3.472222e-009 3.472222e-009 3.356481e-009 3.240741e-009 1.273148e-009 1.50463e-009 2.777778e-009 4.398148e-009 9.953704e-009 1.053241e-008 1.157407e-008 1.203704e-008 1.168981e-008 1.122685e-008 0 0 0 0 0 0
-9999 -9999 6.064815e-008 5.914352e-008 6.539352e-008 8.761575e-008 8.321759e-008 7.905093e-008 7.025463e-008 1.002315e-007 1.054398e-007 1.158565e-007 1.275463e-007 1.262732e-007 1.321759e-007 1.578704e-007 2.729167e-007 2.927083e-007 2.75e-007 3.465278e-007 2.965278e-007 2.141204e-007 1.168981e-007 1.369213e-007 1.436343e-007 1.094907e-007 5.324074e-008 4.756945e-008 4.756945e-008 4.456018e-008 4.548611e-008 3.506944e-008 3.356482e-008 2.604167e-008 2.55787e-008 1.157407e-008 9.953704e-009 8.796296e-009 0 0 0 0 5.555556e-009 3.472222e-009 3.472222e-009 3.472222e-009 3.356481e-009 3.703704e-009 3.935185e-009 1.851852e-009 3.356481e-009 3.240741e-009 1.087963e-008 1.157407e-008 1.238426e-008 1.226852e-008 1.215278e-008 1.180556e-008 0 0 0 0 0 0
-9999 -9999 3.831018e-008 5.972222e-008 7.986111e-008 7.962963e-008 8.564815e-008 8.599537e-008 7.55787e-008 1.024306e-007 1.121528e-007 1.195602e-007 1.359954e-007 1.424769e-007 1.458333e-007 1.215278e-007 2.515046e-007 2.719907e-007 2.541667e-007 3.30787e-007 2.578704e-007 0 1.668981e-007 1.569445e-007 1.28125e-007 7.928241e-008 5.381944e-008 4.780093e-008 4.780093e-008 4.583334e-008 4.62963e-008 3.69213e-008 3.657408e-008 3.275463e-008 2.488426e-008 1.296296e-008 0 0 0 0 0 0 6.018518e-009 4.282407e-009 3.587963e-009 3.472222e-009 3.819445e-009 4.282407e-009 5.092593e-009 1.62037e-009 2.662037e-009 3.009259e-009 1.180556e-008 1.203704e-008 1.273148e-008 1.273148e-008 1.215278e-008 1.19213e-008 1.145833e-008 0 0 0 0 0
-9999 -9999 2.164352e-008 8.368055e-008 9.097222e-008 9.085648e-008 1.009259e-007 9.456019e-008 9.895834e-008 8.842593e-008 1.225694e-007 1.277778e-007 1.403935e-007 1.460648e-007 1.452546e-007 1.478009e-007 1.728009e-007 1.87963e-007 1.678241e-007 3.240741e-007 0 0 9.039352e-008 8.923611e-008 9.131944e-008 8.611111e-008 8.611111e-008 5.162037e-008 4.930556e-008 4.62963e-008 4.62963e-008 3.657408e-008 3.611111e-008 3.263889e-008 2.685185e-008 0 0 0 0 0 0 0 6.365741e-009 5.439815e-009 5.902778e-009 5.439815e-009 6.712963e-009 7.63889e-009 2.314815e-009 2.083334e-009 2.546296e-009 2.662037e-009 1.284722e-008 1.273148e-008 1.284722e-008 1.25e-008 1.226852e-008 1.203704e-008 1.180556e-008 1.145833e-008 0 0 0 0
-9999 -9999 1.93287e-008 7.881945e-008 8.587963e-008 9.282408e-008 9.236111e-008 1.078704e-007 1.082176e-007 1.013889e-007 1.274306e-007 1.335648e-007 1.472222e-007 1.520833e-007 1.548611e-007 1.581019e-007 1.775463e-007 1.798611e-007 1.766204e-007 2.59375e-007 1.831018e-007 1.46412e-007 1.017361e-007 9.629629e-008 1.008102e-007 1.015046e-007 4.363426e-008 3.715278e-008 3.541667e-008 4.664352e-008 4.31713e-008 4.293982e-008 3.4375e-008 3.217593e-008 2.928241e-008 2.24537e-008 0 0 0 0 1.666667e-008 1.574074e-008 1.458333e-008 1.516204e-008 1.134259e-008 1.226852e-008 1.261574e-008 3.009259e-009 2.893519e-009 2.777778e-009 2.430556e-009 2.430556e-009 1.377315e-008 1.354167e-008 1.342593e-008 1.261574e-008 1.238426e-008 1.238426e-008 1.215278e-008 1.180556e-008 0 0 0 0
-9999 -9999 2.175926e-008 7.523148e-008 9.363426e-008 9.328704e-008 1.041667e-007 1.075231e-007 1.108796e-007 1.149306e-007 1.319444e-007 1.313658e-007 1.471065e-007 1.613426e-007 1.731482e-007 1.597222e-007 1.974537e-007 1.658565e-007 2.644676e-007 2.085648e-007 2.090278e-007 1.969907e-007 1.615741e-007 1.503472e-007 7.581018e-008 6.446759e-008 4.189815e-008 3.576389e-008 3.530092e-008 4.548611e-008 4.0625e-008 3.981481e-008 4.189815e-008 3.645834e-008 3.391204e-008 2.847222e-008 2.071759e-008 2.615741e-008 2.12963e-008 2.106482e-008 2.106482e-008 2.233796e-008 2.534722e-008 2.905093e-008 6.365741e-009 5.555556e-009 5.671296e-009 5.324074e-009 3.703704e-009 2.662037e-009 2.430556e-009 2.314815e-009 1.527778e-008 1.527778e-008 1.446759e-008 1.342593e-008 1.273148e-008 1.261574e-008 1.215278e-008 1.19213e-008 0 0 0 0
-9999 -9999 5.50926e-008 8.125e-008 8.854167e-008 1.047454e-007 1.012732e-007 1.113426e-007 1.140046e-007 1.231482e-007 1.306713e-007 1.471065e-007 1.491898e-007 1.553241e-007 1.796296e-007 1.697917e-007 2.087963e-007 1.793981e-007 2.217593e-007 0 0 0 1.66088e-007 9.560186e-008 8.796296e-008 6.481481e-008 4.363426e-008 3.472222e-008 3.587963e-008 4.756945e-008 4.097222e-008 3.969907e-008 4.386574e-008 3.784722e-008 3.680556e-008 3.37963e-008 2.627315e-008 3.773148e-008 2.418981e-008 2.083333e-008 2.12963e-008 2.662037e-008 3.275463e-008 3.877315e-008 7.87037e-009 7.175926e-009 6.597222e-009 6.134259e-009 4.166667e-009 3.240741e-009 2.430556e-009 2.314815e-009 1.574074e-008 1.5625e-008 1.516204e-008 1.446759e-008 1.377315e-008 1.284722e-008 1.238426e-008 1.203704e-008 1.145833e-008 0 0 0
-9999 -9999 2.24537e-008 7.685185e-008 8.923611e-008 1.086806e-007 1.033565e-007 1.134259e-007 1.138889e-007 1.21412e-007 1.197917e-007 1.420139e-007 1.532407e-007 1.665509e-007 1.645833e-007 1.740741e-007 2.0625e-007 1.902778e-007 2.628472e-007 0 0 1.957176e-007 1.982639e-007 1.081019e-007 9.722222e-008 7.037037e-008 6.493056e-008 4.224537e-008 4.224537e-008 7.384259e-008 5.405093e-008 5.185185e-008 4.201389e-008 3.761574e-008 3.703704e-008 3.344908e-008 0 0 3.101852e-008 2.407407e-008 2.650463e-008 3.4375e-008 4.270833e-008 2.777778e-009 8.449074e-009 7.291667e-009 6.597222e-009 6.25e-009 6.018518e-009 0 3.472222e-009 2.893519e-009 1.736111e-008 1.655093e-008 1.516204e-008 1.400463e-008 1.354167e-008 1.296296e-008 1.261574e-008 1.238426e-008 1.19213e-008 0 0 0
-9999 -9999 1.886574e-008 7.685185e-008 9.6875e-008 1.063657e-007 1.111111e-007 1.16088e-007 1.228009e-007 1.261574e-007 1.290509e-007 1.430556e-007 1.525463e-007 1.574074e-007 1.613426e-007 1.771991e-007 1.951389e-007 1.967593e-007 1.554398e-007 1.988426e-007 1.958333e-007 1.971065e-007 2.055556e-007 1.924768e-007 9.398148e-008 5.9375e-008 6.053241e-008 8.715278e-008 8.553241e-008 8.958333e-008 9.375e-008 7.418981e-008 5.694445e-008 4.31713e-008 3.784722e-008 0 0 0 0 4.421296e-008 4.62963e-008 1.354167e-008 1.423611e-008 3.125e-009 2.893519e-009 7.523148e-009 6.018518e-009 6.134259e-009 6.828703e-009 0 0 0 1.81713e-008 1.736111e-008 1.5625e-008 1.446759e-008 1.446759e-008 1.331018e-008 1.30787e-008 1.296296e-008 1.25e-008 0 0 0
-9999 -9999 1.481481e-008 9.247685e-008 9.282408e-008 9.791667e-008 1.09838e-007 1.175926e-007 1.267361e-007 1.296296e-007 1.394676e-007 1.413194e-007 1.550926e-007 1.571759e-007 1.652778e-007 1.711806e-007 1.820602e-007 1.819444e-007 1.813657e-007 1.90625e-007 1.84838e-007 2.013889e-007 2.467593e-007 1.248843e-007 6.412037e-008 6.412037e-008 5.763889e-008 9.17824e-008 8.518519e-008 9.780092e-008 1.658565e-007 9.201388e-008 8.541667e-008 6.921297e-008 0 0 0 0 1.574074e-008 1.550926e-008 1.574074e-008 1.62037e-008 1.631944e-008 3.356481e-009 3.240741e-009 3.009259e-009 5.902778e-009 6.134259e-009 0 0 0 0 2.118056e-008 1.956019e-008 1.689815e-008 1.481481e-008 1.493055e-008 1.412037e-008 1.319444e-008 1.284722e-008 1.365741e-008 1.550926e-008 1.481481e-008 0
-9999 -9999 1.284722e-008 9.108796e-008 8.645833e-008 9.756945e-008 1.071759e-007 1.199074e-007 1.229167e-007 1.34838e-007 1.416667e-007 1.366898e-007 1.519676e-007 1.560185e-007 1.630787e-007 1.6875e-007 1.717593e-007 1.759259e-007 9.710649e-008 0 0 0 1.962963e-007 2.042824e-007 9.629629e-008 6.087964e-008 6.458333e-008 1.05787e-007 2.094908e-007 2.240741e-007 1.856482e-007 1.826389e-007 8.773148e-008 7.905093e-008 1.851852e-008 1.62037e-008 6.805556e-008 1.886574e-008 1.643519e-008 1.516204e-008 1.62037e-008 1.724537e-008 1.724537e-008 1.608796e-008 3.472222e-009 3.472222e-009 2.777778e-009 7.87037e-009 0 0 0 0 2.384259e-008 2.268519e-008 1.81713e-008 1.62037e-008 1.527778e-008 1.446759e-008 1.400463e-008 1.747685e-008 1.956019e-008 1.782407e-008 1.377315e-008 0
-9999 5.497685e-008 1.377315e-008 7.638889e-008 9.224537e-008 9.57176e-008 1.125e-007 1.171296e-007 1.166667e-007 1.402778e-007 1.440972e-007 1.328704e-007 1.503472e-007 1.510417e-007 1.533565e-007 1.640046e-007 1.597222e-007 1.665509e-007 1.752315e-007 1.268519e-007 0 1.902778e-007 1.851852e-007 1.969907e-007 1.622685e-007 1.164352e-007 1.196759e-007 1.018519e-007 1.074074e-007 3.037037e-007 1.818287e-007 1.951389e-007 8.865741e-008 2.361111e-008 1.678241e-008 1.724537e-008 8.576389e-008 2.013889e-008 1.701389e-008 1.527778e-008 1.689815e-008 1.747685e-008 1.736111e-008 1.643519e-008 3.472222e-009 3.472222e-009 3.356481e-009 1.134259e-008 0 0 0 0 2.905093e-008 2.685185e-008 2.071759e-008 1.793981e-008 2.685185e-008 2.986111e-008 2.604167e-008 2.476852e-008 2.071759e-008 1.840278e-008 1.284722e-008 0
-9999 2.951389e-008 1.597222e-008 8.553241e-008 9.166667e-008 1.009259e-007 1.00463e-007 1.100695e-007 1.158565e-007 1.361111e-007 1.329861e-007 1.371528e-007 1.466435e-007 1.243056e-007 1.225694e-007 1.481481e-007 1.518519e-007 1.346065e-007 1.646991e-007 1.255787e-007 1.608796e-007 1.56713e-007 2.119213e-007 1.164352e-007 2.461806e-007 1.856482e-007 1.21412e-007 1.02662e-007 1.061343e-007 2.356482e-007 9.293981e-008 8.206019e-008 1.805556e-008 2.24537e-008 1.724537e-008 1.805556e-008 8.773148e-008 2.083333e-008 1.840278e-008 1.747685e-008 1.145833e-008 1.157407e-008 1.111111e-008 1.018519e-008 3.356481e-009 3.472222e-009 3.703704e-009 0 0 0 0 0 4.722222e-008 4.097222e-008 3.599537e-008 4.409722e-008 4.652778e-008 3.935185e-008 3.402778e-008 2.662037e-008 2.12963e-008 1.840278e-008 1.203704e-008 0
-9999 7.962963e-008 5.694445e-008 8.113426e-008 1.049768e-007 1.020833e-007 1.087963e-007 1.138889e-007 1.128472e-007 1.212963e-007 1.328704e-007 1.342593e-007 1.18287e-007 1.119213e-007 1.162037e-007 1.416667e-007 1.358796e-007 1.203704e-007 1.416667e-007 1.097222e-007 1.680556e-007 2.670139e-007 3.724537e-007 2.236111e-007 1.143519e-007 1.229167e-007 1.569445e-007 1.193287e-007 1.193287e-007 5.011574e-008 1.388889e-008 1.284722e-008 3.483796e-008 3.518518e-008 1.921296e-008 1.793981e-008 7.55787e-008 2.048611e-008 1.863426e-008 1.145833e-008 1.111111e-008 1.134259e-008 1.064815e-008 0 0 0 0 3.69213e-008 4.756945e-008 0 0 0 5.046297e-008 4.895833e-008 4.722222e-008 5.150463e-008 4.166667e-008 3.49537e-008 3.055556e-008 2.44213e-008 1.956019e-008 1.412037e-008 1.134259e-008 1.157407e-008
-9999 6.921297e-008 1.990741e-008 7.777778e-008 1.025463e-007 9.907408e-008 1.021991e-007 1.118056e-007 1.164352e-007 1.173611e-007 1.194444e-007 1.159722e-007 1.252315e-007 1.078704e-007 1.210648e-007 9.733796e-008 1.408565e-007 1.261574e-007 1.599537e-007 1.78125e-007 4.027778e-007 3.59838e-007 8.321759e-008 7.789352e-008 1.420139e-007 1.420139e-007 1.394676e-007 6.168982e-008 5.381944e-008 5.324074e-008 4.293982e-008 1.30787e-008 3.009259e-008 2.858796e-008 8.796296e-009 6.597222e-009 6.018518e-009 6.134259e-009 6.018518e-009 0 0 0 0 0 0 0 0 3.483796e-008 4.421296e-008 4.618056e-008 4.895833e-008 4.918981e-008 4.953704e-008 4.398148e-008 3.715278e-008 3.819444e-008 3.090278e-008 2.488426e-008 2.592593e-008 1.979167e-008 1.273148e-008 1.157407e-008 1.111111e-008 1.19213e-008
-9999 7.638889e-008 2.847222e-008 5.474537e-008 9.618056e-008 9.12037e-008 1.005787e-007 1.084491e-007 1.106482e-007 1.101852e-007 1.184028e-007 1.122685e-007 1.131944e-007 1.061343e-007 1.118056e-007 1.002315e-007 1.34838e-007 1.325231e-007 1.538194e-007 1.15162e-007 4.12037e-008 4.021991e-007 1.157407e-007 8.69213e-008 8.182871e-008 2.679398e-007 6.527777e-008 6.099537e-008 5.208333e-008 6.13426e-008 4.57176e-008 3.321759e-008 3.344908e-008 8.460648e-008 7.8125e-008 6.018518e-009 5.787037e-009 6.018518e-009 5.902778e-009 0 0 0 0 0 0 0 0 0 4.780093e-008 4.548611e-008 4.236111e-008 4.00463e-008 4.00463e-008 3.483796e-008 2.858796e-008 2.662037e-008 2.268519e-008 1.863426e-008 1.701389e-008 1.5625e-008 1.041667e-008 9.375e-009 1.006944e-008 1.064815e-008
-9999 7.476852e-008 8.483796e-008 3.148148e-008 9.282408e-008 8.49537e-008 9.351852e-008 1.061343e-007 1.060185e-007 1.056713e-007 1.128472e-007 1.083333e-007 1.078704e-007 9.768518e-008 1.052083e-007 9.94213e-008 1.12037e-007 1.201389e-007 1.318287e-007 1.376157e-007 0 0 9.085648e-008 8.657408e-008 1.085648e-007 2.12963e-007 6.863426e-008 6.516204e-008 9.548612e-008 5.243056e-008 4.039352e-008 3.356482e-008 9.375e-008 8.090277e-008 7.326389e-008 7.083333e-008 6.701389e-008 6.435185e-008 6.296296e-008 6.018519e-008 5.856482e-008 0 4.976852e-008 0 0 4.178241e-008 4.189815e-008 4.305556e-008 4.293982e-008 4.212963e-008 3.773148e-008 3.37963e-008 3.240741e-008 2.835648e-008 2.314815e-008 2.037037e-008 1.689815e-008 1.365741e-008 1.273148e-008 1.25e-008 8.796296e-009 7.75463e-009 7.75463e-009 8.101852e-009
-9999 7.384259e-008 6.875e-008 4.386574e-008 6.585648e-008 8.344907e-008 9.259259e-008 9.895834e-008 1.009259e-007 1.017361e-007 1.121528e-007 1.060185e-007 1.039352e-007 9.583333e-008 9.861112e-008 1.076389e-007 1.188657e-007 1.407407e-007 1.333333e-007 1.498843e-007 1.467593e-007 0 9.953704e-008 8.63426e-008 3.300926e-007 2.677083e-007 7.986111e-008 9.421296e-008 9.375e-008 5.173611e-008 4.398148e-008 7.291667e-009 9.166667e-008 7.465277e-008 6.828704e-008 6.608796e-008 6.215278e-008 6.006945e-008 5.925926e-008 5.706018e-008 5.590278e-008 5.219908e-008 4.710648e-008 4.444444e-008 4.085648e-008 3.946759e-008 3.923611e-008 4.039352e-008 3.80787e-008 3.715278e-008 3.391204e-008 2.893518e-008 2.8125e-008 2.372685e-008 1.921296e-008 1.655093e-008 1.342593e-008 9.953704e-009 9.027778e-009 7.87037e-009 7.291667e-009 6.018518e-009 6.481482e-009 6.712963e-009
-9999 7.175926e-008 7.1875e-008 6.458333e-008 4.074074e-008 8.194444e-008 8.043981e-008 9.201388e-008 1.00463e-007 1.061343e-007 1.061343e-007 1.046296e-007 1.034722e-007 9.490741e-008 9.085648e-008 1.097222e-007 1.125e-007 1.350694e-007 1.253472e-007 1.163194e-007 1.496528e-007 1.577546e-007 1.700231e-007 2.037037e-007 1.331018e-008 2.637732e-007 5.787037e-009 8.379629e-008 6.782408e-008 5.740741e-008 1.678241e-008 7.63889e-009 8.981482e-008 7.337963e-008 6.539352e-008 6.261574e-008 5.787037e-008 5.625e-008 5.613426e-008 5.50926e-008 5.393519e-008 5.046297e-008 4.444444e-008 4.155093e-008 3.854167e-008 3.796296e-008 3.784722e-008 3.738426e-008 3.530092e-008 3.287037e-008 2.916667e-008 2.546296e-008 2.314815e-008 1.956019e-008 1.608796e-008 1.342593e-008 1.064815e-008 8.796296e-009 6.481482e-009 4.74537e-009 4.513889e-009 4.513889e-009 4.62963e-009 4.861111e-009
