SnowAccumulation_R/test/pcp/final_pcp_28_04_2009.asc
ncols         97
nrows         69
xllcorner     52512.810182332
yllcorner     5316225.2758522
cellsize      10000
NODATA_value  -9999
[rows 27 to 53 of 69, columns 0 to 59 of 97]
-9999 -9999 -9999 1.122685e-008 1.689815e-008 1.342593e-008 6.111112e-008 2.858796e-008 4.502315e-008 4.085648e-008 3.715278e-008 4.201389e-008 4.131945e-008 8.4375e-008 3.182871e-008 2.685185e-008 3.414352e-008 9.606481e-009 8.796296e-009 0 0 0 3.587963e-009 3.356481e-009 3.240741e-009 0 0 0 0 0 0 0 0 0 0 0 0 0 0 0 0 0 0 0 0 0 0 0 0 0 0 0 0 0 0 0 0 0 0 0
-9999 -9999 -9999 2.546296e-009 2.696759e-008 3.576389e-008 3.217593e-008 4.513889e-008 3.472222e-008 4.467593e-008 3.75e-008 4.305556e-008 3.75e-008 3.761574e-008 7.905093e-008 1.550926e-008 1.493055e-008 1.319444e-008 2.604167e-008 2.453704e-008 0 0 0 0 0 0 0 0 0 0 0 0 0 0 0 0 0 0 0 0 0 0 0 0 0 0 0 0 0 0 0 0 0 0 0 0 0 0 0 0
-9999 -9999 -9999 3.009259e-009 1.979167e-008 1.400463e-008 1.93287e-008 2.418981e-008 1.30787e-008 3.634259e-008 5.486111e-008 4.756945e-008 5.381944e-008 4.594908e-008 1.747685e-008 1.5625e-008 1.516204e-008 1.365741e-008 2.650463e-008 2.615741e-008 0 0 0 0 0 0 0 0 0 0 0 0 0 0 0 0 0 0 0 0 0 0 0 0 0 0 0 0 0 0 0 0 0 0 0 0 0 0 0 0
-9999 -9999 -9999 0 6.018518e-009 9.837963e-009 1.93287e-008 3.553241e-008 3.402778e-008 2.152778e-008 5.034722e-008 3.923611e-008 2.997685e-008 5.347222e-008 2.534722e-008 2.719907e-008 2.615741e-008 3.483796e-008 2.638889e-008 2.430555e-008 0 0 0 0 0 0 0 0 0 0 0 0 0 0 0 0 0 0 0 0 0 0 0 0 1.157407e-009 1.157407e-009 0 0 0 0 0 0 0 0 0 0 0 0 0 0
-9999 -9999 -9999 0 1.053241e-008 3.472222e-009 2.719907e-008 2.430555e-008 4.386574e-008 1.527778e-008 2.314815e-008 3.553241e-008 3.877315e-008 3.761574e-008 2.743055e-008 3.217593e-008 3.206019e-008 1.284722e-008 7.291667e-009 7.060185e-009 5.671296e-009 0 0 0 0 0 0 0 0 0 0 0 0 0 0 0 0 0 0 0 0 0 0 1.157407e-009 9.259259e-010 9.259259e-010 6.944444e-010 0 0 0 0 0 0 0 0 0 0 0 0 0
-9999 -9999 -9999 8.912036e-009 1.388889e-009 1.087963e-008 6.134259e-009 3.136574e-008 2.361111e-008 3.310185e-008 2.44213e-008 1.840278e-008 2.372685e-008 2.349537e-008 1.446759e-008 3.182871e-008 3.206019e-008 1.423611e-008 7.523148e-009 7.523148e-009 7.060185e-009 5.555556e-009 0 3.356481e-009 0 0 0 0 0 0 0 0 0 0 0 0 0 0 0 0 0 0 0 0 8.101852e-010 0 0 0 0 0 0 0 0 0 0 0 0 0 0 0
-9999 -9999 -9999 6.597222e-009 1.736111e-009 0 9.027778e-009 5.324074e-009 2.094907e-008 3.020833e-008 3.761574e-008 2.372685e-008 2.75463e-008 2.997685e-008 1.597222e-008 3.75e-008 3.611111e-008 4.31713e-008 1.62037e-008 1.134259e-008 6.944445e-009 5.787037e-009 0 3.356481e-009 0 0 1.041667e-009 1.157407e-009 1.157407e-009 0 0 0 0 0 0 0 0 0 0 0 0 0 0 0 0 0 0 0 0 0 0 0 0 0 0 0 0 0 0 0
-9999 -9999 -9999 1.93287e-008 7.291667e-009 1.273148e-009 0 1.979167e-008 7.87037e-009 2.256944e-008 3.159722e-008 3.958333e-008 3.622685e-008 3.275463e-008 4.965278e-008 5.011574e-008 1.194444e-007 1.203704e-007 1.077546e-007 2.453704e-008 8.101852e-009 5.787037e-009 0 3.356481e-009 0 0 1.273148e-009 1.157407e-009 1.157407e-009 1.157407e-009 0 0 0 0 0 0 0 0 0 0 0 0 0 0 0 0 0 0 0 0 0 0 0 0 0 0 0 0 0 0
-9999 -9999 -9999 1.608796e-008 4.618056e-008 3.356481e-009 0 4.166667e-009 1.400463e-008 3.009259e-009 2.766204e-008 4.189815e-008 4.710648e-008 3.599537e-008 1.115741e-007 1.259259e-007 1.28125e-007 1.347222e-007 3.622685e-008 3.101852e-008 1.956019e-008 5.787037e-009 4.74537e-009 0 0 0 1.388889e-009 1.273148e-009 1.157407e-009 1.157407e-009 0 0 0 1.50463e-009 1.273148e-009 0 0 0 0 0 0 0 0 0 0 0 0 0 0 0 0 0 0 0 0 0 0 0 0 0
-9999 -9999 3.831018e-008 4.583334e-008 2.1875e-008 3.541667e-008 1.099537e-008 1.157407e-009 8.680556e-009 1.851852e-008 2.511574e-008 2.372685e-008 4.201389e-008 3.784722e-008 6.967593e-008 7.511574e-008 7.951389e-008 8.194444e-008 3.321759e-008 3.171296e-008 1.238426e-008 7.060185e-009 6.828703e-009 6.018518e-009 0 0 1.62037e-009 1.388889e-009 1.388889e-009 0 0 0 1.967593e-009 1.273148e-009 1.157407e-009 0 0 1.157407e-009 1.157407e-009 1.041667e-009 0 0 0 0 0 0 0 0 0 0 0 0 0 0 0 0 0 0 0 0
-9999 -9999 2.511574e-008 1.585648e-008 2.256944e-008 3.263889e-008 2.766204e-008 1.62037e-009 0 1.701389e-008 7.175926e-009 1.30787e-008 3.159722e-008 3.414352e-008 2.372685e-008 6.909722e-008 8.807871e-008 8.321759e-008 4.421296e-008 4.201389e-008 1.585648e-008 8.217593e-009 4.513889e-009 0 0 0 0 0 0 0 0 0 2.314815e-009 1.50463e-009 1.388889e-009 1.50463e-009 1.157407e-009 1.157407e-009 1.041667e-009 9.259259e-010 0 0 0 0 0 0 0 0 0 0 0 0 0 0 0 0 0 0 0 0
-9999 -9999 2.118056e-008 1.203704e-008 1.574074e-008 4.74537e-008 2.349537e-008 9.375e-009 0 1.435185e-008 1.50463e-008 1.921296e-008 1.446759e-008 4.641204e-008 4.94213e-008 1.435185e-008 2.893518e-008 3.113426e-008 4.444444e-008 1.944444e-008 1.666667e-008 6.597222e-009 3.587963e-009 4.282407e-009 0 0 0 0 0 0 0 1.041667e-009 1.041667e-009 8.101852e-010 1.851852e-009 1.273148e-009 1.157407e-009 9.259259e-010 0 0 0 0 0 0 0 0 0 0 0 0 0 1.62037e-009 0 0 0 0 0 0 0 0
-9999 -9999 0 1.041667e-008 3.587963e-008 2.280093e-008 2.013889e-008 1.273148e-008 0 5.439815e-009 1.944444e-008 4.050926e-009 9.490741e-009 2.083333e-008 2.453704e-008 1.388889e-008 2.673611e-008 0 0 1.851852e-008 1.446759e-008 1.828704e-008 5.208333e-009 4.861111e-009 0 0 0 0 0 0 0 1.157407e-009 1.157407e-009 1.041667e-009 8.101852e-010 1.388889e-009 0 0 0 0 0 0 0 0 0 0 0 0 0 8.101852e-010 1.273148e-009 1.50463e-009 0 0 0 0 0 0 0 0
-9999 -9999 0 4.525463e-008 5.56713e-008 4.131945e-008 5.231481e-008 1.157407e-008 9.722222e-009 0 2.627315e-008 5.439815e-009 1.423611e-008 2.789352e-008 4.351852e-008 5.87963e-008 2.060185e-008 7.75463e-008 6.921297e-008 1.81713e-008 2.199074e-008 1.747685e-008 1.157407e-009 1.157407e-009 1.157407e-009 1.157407e-009 1.157407e-009 0 0 0 0 1.157407e-009 1.157407e-009 1.041667e-009 8.101852e-010 0 0 0 0 0 0 0 0 0 0 0 0 0 1.157407e-009 1.041667e-009 1.273148e-009 1.273148e-009 0 0 0 0 0 0 0 0
-9999 -9999 0 2.893518e-008 3.194445e-008 4.00463e-008 1.967593e-008 4.305556e-008 2.592593e-008 0 2.349537e-008 1.608796e-008 8.449074e-009 2.638889e-008 3.113426e-008 4.201389e-008 2.222222e-008 2.372685e-008 7.280092e-008 2.962963e-008 2.094907e-008 1.851852e-009 1.273148e-009 1.273148e-009 1.273148e-009 1.273148e-009 5.787037e-009 4.976852e-009 4.74537e-009 0 1.273148e-009 1.273148e-009 1.041667e-009 1.041667e-009 0 0 0 0 0 0 9.259259e-010 9.259259e-010 8.101852e-010 8.101852e-010 0 0 0 1.50463e-009 1.50463e-009 1.388889e-009 1.273148e-009 1.157407e-009 0 0 0 0 0 0 0 0
-9999 -9999 0 2.152778e-008 4.143519e-008 3.587963e-008 4.62963e-008 2.916667e-008 2.280093e-008 3.935185e-009 1.516204e-008 2.430556e-009 3.703704e-009 1.666667e-008 1.643519e-008 5.104167e-008 9.375e-009 6.319445e-008 3.020833e-008 2.384259e-008 2.384259e-008 2.256944e-008 2.083334e-009 1.967593e-009 2.164352e-008 8.564815e-009 5.555556e-009 4.74537e-009 4.74537e-009 1.388889e-009 1.157407e-009 1.157407e-009 1.273148e-009 0 0 0 0 1.50463e-009 1.157407e-009 1.157407e-009 1.157407e-009 1.273148e-009 1.388889e-009 1.62037e-009 6.365741e-009 5.555556e-009 5.671296e-009 5.324074e-009 1.851852e-009 1.388889e-009 1.157407e-009 1.157407e-009 0 0 0 0 0 0 0 0
-9999 -9999 0 2.974537e-008 2.800926e-008 4.837963e-008 3.032407e-008 3.518518e-008 6.597222e-009 1.631944e-008 3.703704e-009 1.168981e-008 2.928241e-008 4.12037e-008 1.261574e-008 3.553241e-008 4.861111e-009 4.189815e-008 6.597222e-009 0 0 0 7.55787e-008 2.731481e-008 2.511574e-008 2.928241e-008 5.787037e-009 4.62963e-009 4.74537e-009 1.388889e-009 1.157407e-009 1.157407e-009 1.273148e-009 0 0 0 0 2.083334e-009 1.388889e-009 1.157407e-009 1.157407e-009 1.50463e-009 1.851852e-009 2.199074e-009 7.87037e-009 7.175926e-009 6.597222e-009 6.134259e-009 2.083334e-009 1.62037e-009 1.273148e-009 1.157407e-009 0 0 0 0 0 0 0 0
-9999 -9999 0 2.268519e-008 2.8125e-008 5.787037e-008 2.916667e-008 3.657408e-008 0 4.74537e-009 0 3.587963e-009 9.027778e-009 1.354167e-008 4.583334e-008 3.206019e-008 6.365741e-009 2.939815e-008 7.87037e-009 0 0 8.912037e-008 9.027778e-008 3.090278e-008 2.777778e-008 3.182871e-008 2.928241e-008 5.671296e-009 5.671296e-009 1.967593e-009 1.62037e-009 1.50463e-009 0 0 0 0 1.238426e-008 1.099537e-008 1.736111e-009 1.388889e-009 1.50463e-009 1.967593e-009 2.430556e-009 2.777778e-009 8.449074e-009 7.291667e-009 6.597222e-009 6.25e-009 6.018518e-009 0 1.736111e-009 1.388889e-009 0 0 0 0 0 0 0 0
-9999 -9999 0 2.314815e-008 4.421296e-008 4.918981e-008 5.254629e-008 4.143519e-008 3.125e-008 1.967593e-008 0 6.134259e-009 1.481481e-008 5.023148e-008 6.956019e-008 2.569445e-008 1.006944e-008 1.944444e-008 5.590278e-008 7.175926e-008 7.060185e-008 8.969907e-008 9.351852e-008 8.761575e-008 2.685185e-008 2.685185e-008 2.731481e-008 2.430556e-009 2.314815e-009 2.430556e-009 2.546296e-009 4.050926e-009 0 0 0 1.30787e-008 1.064815e-008 1.168981e-008 1.226852e-008 2.430556e-009 2.546296e-009 1.851852e-009 1.851852e-009 3.125e-009 2.893519e-009 7.523148e-009 6.018518e-009 6.134259e-009 6.828703e-009 0 0 0 0 0 0 0 0 0 0 0
-9999 -9999 0 4.328704e-008 3.576389e-008 2.789352e-008 3.541667e-008 4.849537e-008 5.543982e-008 6.944445e-009 0 9.259259e-009 2.55787e-008 5.393519e-008 4.849537e-008 5.266204e-008 2.256944e-008 4.479167e-008 6.168982e-008 6.875e-008 6.666667e-008 9.166667e-008 1.122685e-007 1.856482e-007 2.280093e-008 2.280093e-008 2.048611e-008 2.546296e-009 2.314815e-009 2.662037e-009 0 4.976852e-009 4.62963e-009 3.703704e-009 2.233796e-008 1.412037e-008 1.087963e-008 1.331018e-008 4.861111e-009 4.74537e-009 4.861111e-009 2.199074e-009 2.199074e-009 3.356481e-009 3.240741e-009 3.009259e-009 5.902778e-009 6.134259e-009 0 0 0 0 0 0 0 0 0 0 0 0
-9999 -9999 0 4.201389e-008 2.604167e-008 2.928241e-008 3.055556e-008 6.018519e-008 4.236111e-008 0 0 8.564815e-009 3.80787e-008 5.717593e-008 4.351852e-008 5.555556e-008 3.009259e-008 2.905093e-008 1.114583e-007 3.553241e-008 2.291667e-008 4.988426e-008 2.916667e-007 3.034722e-007 3.425926e-008 2.164352e-008 2.291667e-008 1.493055e-008 0 0 0 0 4.74537e-009 4.282407e-009 1.099537e-008 9.606481e-009 5.104167e-008 1.111111e-008 5.092593e-009 4.62963e-009 4.976852e-009 2.314815e-009 2.314815e-009 2.199074e-009 3.472222e-009 3.472222e-009 2.777778e-009 7.87037e-009 0 0 0 0 0 0 0 0 0 0 0 0
-9999 0 0 2.12963e-008 3.900463e-008 2.847222e-008 5.173611e-008 5.543982e-008 2.372685e-008 0 0 1.284722e-008 5.949074e-008 4.31713e-008 3.402778e-008 5.648148e-008 3.587963e-008 4.363426e-008 7.141204e-008 9.513889e-008 3.032407e-008 2.037037e-008 2.752315e-007 2.928241e-007 2.41088e-007 4.143519e-008 1.689815e-008 1.435185e-008 1.516204e-008 0 0 0 4.74537e-009 1.400463e-008 9.953704e-009 1.018519e-008 6.435185e-008 1.180556e-008 5.208333e-009 4.62963e-009 5.208333e-009 2.314815e-009 2.314815e-009 2.199074e-009 3.472222e-009 3.472222e-009 3.356481e-009 1.134259e-008 0 0 0 0 0 0 0 0 0 0 1.30787e-008 1.678241e-008
-9999 0 0 3.715278e-008 3.333334e-008 4.513889e-008 0 0 0 0 0 0 6.168982e-008 2.025463e-008 2.141204e-008 4.479167e-008 4.94213e-008 3.611111e-008 6.724537e-008 9.421296e-008 1.724537e-008 1.678241e-008 2.268519e-008 1.730324e-007 2.233796e-008 1.689815e-008 1.712963e-008 1.446759e-008 1.50463e-008 0 1.550926e-008 1.365741e-008 1.481481e-008 1.331018e-008 1.018519e-008 1.076389e-008 6.574074e-008 1.226852e-008 1.076389e-008 5.324074e-009 0 0 0 0 3.356481e-009 3.472222e-009 3.703704e-009 1.354167e-008 1.805556e-008 2.060185e-008 1.990741e-008 1.747685e-008 0 0 0 0 1.087963e-008 1.655093e-008 1.851852e-008 2.1875e-008
-9999 4.768518e-008 0 3.333334e-008 6.793982e-008 5.335648e-008 5.37037e-008 5.023148e-008 3.564815e-008 0 0 0 0 3.136574e-008 2.881944e-008 5.821759e-008 5.590278e-008 4.62963e-008 6.585648e-008 1.450232e-007 1.793981e-008 7.291667e-009 1.018519e-008 2.037037e-008 1.041667e-008 1.122685e-008 1.423611e-008 1.689815e-008 1.689815e-008 2.615741e-008 1.388889e-008 1.284722e-008 1.19213e-008 1.203704e-008 1.134259e-008 1.064815e-008 5.671296e-008 1.203704e-008 1.099537e-008 0 0 0 0 2.546296e-009 2.430556e-009 2.662037e-009 3.240741e-009 1.875e-008 2.418981e-008 2.326389e-008 2.24537e-008 2.013889e-008 1.168981e-008 1.030093e-008 9.375e-009 1.122685e-008 1.296296e-008 1.93287e-008 2.222222e-008 2.673611e-008
-9999 3.564815e-008 0 3.194445e-008 6.724537e-008 4.409722e-008 4.340278e-008 5.451389e-008 6.111112e-008 0 0 0 0 0 6.597222e-008 0 8.24074e-008 7.245371e-008 1.112268e-007 1.506944e-007 1.099537e-008 9.837963e-009 7.129629e-008 6.678241e-008 1.296296e-008 1.296296e-008 1.967593e-008 3.217593e-008 2.8125e-008 2.777778e-008 2.24537e-008 1.30787e-008 9.375e-009 8.912036e-009 1.759259e-008 1.319444e-008 1.19213e-008 1.226852e-008 1.19213e-008 5.555556e-009 4.976852e-009 4.976852e-009 5.092593e-009 2.314815e-009 2.314815e-009 2.546296e-009 3.240741e-009 1.770833e-008 2.24537e-008 2.349537e-008 1.180556e-008 1.30787e-008 1.400463e-008 1.087963e-008 1.076389e-008 1.238426e-008 1.62037e-008 2.24537e-008 2.777778e-008 3.263889e-008
-9999 5.243056e-008 0 0 5.856482e-008 0 4.826389e-008 5.555556e-008 4.907407e-008 0 6.319445e-008 4.479167e-008 0 0 0 6.25e-008 9.710649e-008 9.907408e-008 1.24537e-007 1.052083e-007 0 1.72338e-007 9.918981e-008 7.453704e-008 7.013889e-008 2.430555e-008 4.664352e-008 4.363426e-008 6.099537e-008 3.206019e-008 2.384259e-008 1.030093e-008 1.041667e-008 7.523148e-009 8.449074e-009 1.203704e-008 1.157407e-008 1.19213e-008 1.180556e-008 5.324074e-009 4.62963e-009 4.62963e-009 5.208333e-009 2.430556e-009 2.430556e-009 2.662037e-009 5.092593e-009 5.787037e-009 1.099537e-008 9.490741e-009 8.796296e-009 9.259259e-009 1.041667e-008 1.064815e-008 1.226852e-008 1.400463e-008 1.909722e-008 2.604167e-008 3.032407e-008 3.969907e-008
-9999 5.335648e-008 6.25e-008 0 5.763889e-008 0 3.877315e-008 6.018519e-008 4.733797e-008 0 6.296296e-008 0 0 0 0 0 1.141204e-007 1.283565e-007 1.283565e-007 1.405093e-007 0 0 3.444445e-007 3.280093e-007 9.305555e-008 9.259259e-009 4.907407e-008 4.652778e-008 5.185185e-008 6.13426e-008 4.722222e-008 1.041667e-008 9.027778e-009 7.523148e-009 7.75463e-009 8.217593e-009 1.006944e-008 1.50463e-008 1.840278e-008 2.361111e-008 2.511574e-008 5.092593e-009 0 3.472222e-009 3.240741e-009 0 0 0 8.217593e-009 8.564815e-009 7.75463e-009 8.333334e-009 9.259259e-009 1.122685e-008 1.388889e-008 1.574074e-008 2.12963e-008 2.847222e-008 3.310185e-008 4.340278e-008
