SnowAccumulation_R/test/pcp/final_pcp_14_04_2009.asc
ncols         97
nrows         69
xllcorner     52512.810182332
yllcorner     5316225.2758522
cellsize      10000
NODATA_value  -9999
[rows 28 to 55 of 69, columns 0 to 61 of 97]
-9999 -9999 -9999 2.407407e-008 2.037037e-008 2.048611e-008 2.083333e-008 2.002315e-008 2.071759e-008 2.013889e-008 2.060185e-008 2.025463e-008 2.048611e-008 2.048611e-008 4.756945e-008 4.409722e-008 4.259259e-008 3.75e-008 4.375e-008 4.131945e-008 7.75463e-009 6.018518e-009 5.902778e-009 5.787037e-009 1.724537e-008 1.631944e-008 1.62037e-008 1.539352e-008 1.840278e-008 1.840278e-008 1.597222e-008 2.233796e-008 1.5625e-008 1.50463e-008 1.446759e-008 0 0 1.261574e-008 9.143519e-009 1.134259e-008 1.157407e-008 1.018519e-008 4.282407e-009 0 0 0 0 0 0 0 0 0 0 0 0 0 0 0 0 0 0 0
-9999 -9999 -9999 2.268519e-008 2.025463e-008 2.094907e-008 2.12963e-008 2.083333e-008 2.199074e-008 2.002315e-008 1.909722e-008 1.944444e-008 1.909722e-008 1.944444e-008 4.965278e-008 4.43287e-008 4.305556e-008 3.888889e-008 4.456018e-008 4.398148e-008 7.63889e-009 5.787037e-009 5.787037e-009 2.430555e-008 2.337963e-008 1.62037e-008 1.585648e-008 9.375e-009 9.027778e-009 2.407407e-008 3.576389e-008 2.685185e-008 1.759259e-008 1.655093e-008 1.643519e-008 0 0 1.412037e-008 8.333334e-009 1.006944e-008 1.041667e-008 4.976852e-009 4.62963e-009 4.050926e-009 0 0 0 0 0 0 0 0 0 0 0 0 0 0 0 0 0 0
-9999 -9999 -9999 0 2.106482e-008 2.060185e-008 1.979167e-008 1.944444e-008 1.956019e-008 2.048611e-008 1.875e-008 1.93287e-008 2.002315e-008 1.863426e-008 1.273148e-008 1.354167e-008 1.30787e-008 5.856482e-008 4.444444e-008 4.085648e-008 7.87037e-009 5.902778e-009 2.349537e-008 2.199074e-008 2.175926e-008 1.527778e-008 9.375e-009 9.259259e-009 9.259259e-009 2.407407e-008 3.171296e-008 2.75463e-008 2.037037e-008 1.990741e-008 2.094907e-008 2.083333e-008 0 0 9.143519e-009 9.027778e-009 9.259259e-009 4.74537e-009 4.282407e-009 3.472222e-009 0 0 0 0 0 0 0 0 0 0 0 0 0 0 0 0 0 0
-9999 -9999 -9999 0 1.956019e-008 2.060185e-008 1.863426e-008 1.944444e-008 1.851852e-008 2.037037e-008 1.979167e-008 1.898148e-008 1.886574e-008 1.886574e-008 1.365741e-008 1.608796e-008 1.597222e-008 8.564815e-009 4.861111e-009 4.74537e-009 3.819445e-009 2.731481e-008 2.291667e-008 2.199074e-008 2.118056e-008 2.094907e-008 9.259259e-009 9.259259e-009 9.259259e-009 9.953704e-009 1.50463e-008 1.400463e-008 2.118056e-008 2.071759e-008 2.488426e-008 2.731481e-008 8.449074e-009 1.273148e-009 1.273148e-009 1.273148e-009 1.157407e-009 1.041667e-009 1.041667e-009 0 0 0 0 0 0 0 0 0 0 0 0 0 0 0 0 0 0 0
-9999 -9999 -9999 1.886574e-008 1.979167e-008 1.886574e-008 1.944444e-008 1.793981e-008 1.898148e-008 1.851852e-008 1.909722e-008 1.967593e-008 1.944444e-008 2.013889e-008 3.391204e-008 1.597222e-008 1.597222e-008 9.490741e-009 4.976852e-009 4.976852e-009 1.122685e-008 8.912036e-009 2.060185e-008 8.564815e-009 0 0 9.375e-009 9.606481e-009 9.722222e-009 1.527778e-008 1.62037e-008 1.400463e-008 3.483796e-008 3.321759e-008 1.25e-008 1.238426e-008 1.041667e-008 1.50463e-009 1.388889e-009 1.273148e-009 1.157407e-009 1.157407e-009 9.259259e-010 5.787037e-010 0 0 0 0 0 0 0 0 0 0 0 0 0 0 0 0 0 0
-9999 -9999 -9999 1.81713e-008 1.875e-008 1.898148e-008 1.840278e-008 1.875e-008 1.782407e-008 1.805556e-008 1.782407e-008 1.875e-008 1.851852e-008 1.863426e-008 3.726852e-008 1.168981e-008 1.134259e-008 1.354167e-008 1.076389e-008 7.523148e-009 1.122685e-008 9.143519e-009 1.863426e-008 8.449074e-009 0 0 1.643519e-008 1.736111e-008 1.759259e-008 1.469907e-008 1.550926e-008 1.50463e-008 1.527778e-008 1.493055e-008 1.493055e-008 1.377315e-008 1.180556e-008 1.62037e-009 1.273148e-009 1.157407e-009 1.157407e-009 1.157407e-009 9.259259e-010 6.944444e-010 0 0 0 0 0 0 0 0 0 0 0 0 0 0 0 0 0 0
-9999 -9999 -9999 1.678241e-008 1.747685e-008 1.793981e-008 1.805556e-008 1.712963e-008 1.793981e-008 1.724537e-008 1.747685e-008 1.724537e-008 1.736111e-008 1.759259e-008 1.550926e-008 1.5625e-008 4.849537e-008 2.569445e-008 2.303241e-008 1.180556e-008 1.30787e-008 9.143519e-009 1.770833e-008 8.333334e-009 0 0 1.886574e-008 1.770833e-008 1.736111e-008 1.770833e-008 6.828703e-009 6.597222e-009 6.018518e-009 1.319444e-008 1.25e-008 1.157407e-009 1.157407e-009 1.041667e-009 1.388889e-009 1.157407e-009 1.157407e-009 1.157407e-009 9.259259e-010 5.787037e-010 0 0 0 0 0 0 0 0 0 0 0 0 0 0 0 0 0 0
-9999 -9999 -9999 1.62037e-008 1.574074e-008 1.701389e-008 1.712963e-008 1.724537e-008 1.689815e-008 1.747685e-008 1.655093e-008 1.666667e-008 1.655093e-008 1.689815e-008 4.537037e-008 5.115741e-008 2.731481e-008 2.881944e-008 1.736111e-008 1.493055e-008 9.375e-009 1.967593e-009 1.62037e-009 2.766204e-008 0 0 2.060185e-008 1.828704e-008 1.747685e-008 1.81713e-008 6.944445e-009 6.944445e-009 6.018518e-009 1.50463e-009 1.273148e-009 1.041667e-009 1.157407e-009 1.041667e-009 1.388889e-009 1.157407e-009 1.157407e-009 1.157407e-009 9.259259e-010 0 0 0 0 0 0 0 0 0 0 0 0 0 0 0 0 0 0 0
-9999 -9999 1.516204e-008 1.516204e-008 1.5625e-008 1.550926e-008 1.608796e-008 1.643519e-008 1.643519e-008 1.608796e-008 1.597222e-008 1.608796e-008 1.574074e-008 1.62037e-008 3.020833e-008 3.252315e-008 3.356482e-008 3.460648e-008 1.597222e-008 1.527778e-008 4.166667e-009 2.314815e-009 2.314815e-009 1.967593e-009 1.041667e-008 8.912036e-009 2.488426e-008 2.118056e-008 2.013889e-008 7.175926e-009 6.944445e-009 6.944445e-009 1.967593e-009 1.273148e-009 1.157407e-009 1.041667e-009 1.041667e-009 1.157407e-009 1.157407e-009 1.041667e-009 1.157407e-009 0 0 0 0 0 0 0 0 0 0 0 0 0 0 0 0 0 0 0 0 0
-9999 -9999 1.481481e-008 1.493055e-008 1.50463e-008 1.516204e-008 1.516204e-008 1.5625e-008 1.574074e-008 1.5625e-008 1.597222e-008 1.574074e-008 1.539352e-008 1.539352e-008 1.180556e-008 2.997685e-008 3.819444e-008 3.611111e-008 1.469907e-008 1.400463e-008 5.324074e-009 2.777778e-009 1.50463e-009 1.215278e-008 1.412037e-008 1.099537e-008 1.064815e-008 9.490741e-009 8.912036e-009 8.101852e-009 7.75463e-009 7.63889e-009 2.314815e-009 1.50463e-009 1.388889e-009 1.50463e-009 1.157407e-009 1.157407e-009 1.041667e-009 9.259259e-010 0 0 0 0 0 0 0 0 0 0 0 0 0 0 0 0 0 0 0 0 0 0
-9999 -9999 1.423611e-008 1.435185e-008 1.446759e-008 1.469907e-008 1.481481e-008 1.493055e-008 1.493055e-008 1.50463e-008 1.50463e-008 1.50463e-008 1.50463e-008 1.493055e-008 1.493055e-008 7.175926e-009 1.099537e-008 1.180556e-008 1.481481e-008 2.1875e-008 1.875e-008 2.199074e-009 1.157407e-009 1.388889e-009 1.481481e-008 1.122685e-008 1.041667e-008 9.259259e-009 9.259259e-009 0 0 8.796296e-009 8.333334e-009 6.481482e-009 1.851852e-009 1.273148e-009 1.157407e-009 9.259259e-010 0 0 0 0 0 0 0 0 0 0 0 0 0 0 0 0 0 0 0 0 0 0 0 0
-9999 -9999 0 1.377315e-008 1.412037e-008 1.412037e-008 1.423611e-008 1.423611e-008 1.412037e-008 1.446759e-008 1.446759e-008 1.469907e-008 1.446759e-008 1.435185e-008 1.435185e-008 1.81713e-008 1.018519e-008 1.851852e-008 1.736111e-008 2.094907e-008 1.631944e-008 8.564815e-009 1.736111e-009 1.62037e-009 1.319444e-008 1.550926e-008 1.053241e-008 9.375e-009 9.375e-009 0 0 9.259259e-009 9.143519e-009 8.217593e-009 6.25e-009 1.388889e-009 0 0 0 0 0 0 0 0 0 0 0 0 0 0 0 0 0 0 0 0 0 0 0 0 0 0
-9999 -9999 0 1.377315e-008 1.388889e-008 1.388889e-008 1.412037e-008 1.377315e-008 1.377315e-008 1.365741e-008 1.412037e-008 1.400463e-008 1.400463e-008 1.412037e-008 1.435185e-008 1.446759e-008 1.377315e-008 3.472222e-008 3.090278e-008 2.048611e-008 1.030093e-008 8.101852e-009 1.157407e-009 1.157407e-009 1.157407e-009 1.157407e-009 1.157407e-009 1.006944e-008 9.606481e-009 0 0 9.143519e-009 9.027778e-009 8.217593e-009 6.712963e-009 0 0 0 0 0 0 0 0 0 0 0 0 0 0 0 0 0 0 0 0 0 0 0 0 0 0 0
-9999 -9999 0 1.273148e-008 1.331018e-008 1.354167e-008 1.331018e-008 1.388889e-008 1.365741e-008 1.319444e-008 1.377315e-008 1.365741e-008 1.354167e-008 1.377315e-008 1.388889e-008 1.400463e-008 1.354167e-008 1.354167e-008 3.252315e-008 1.458333e-008 1.030093e-008 1.851852e-009 1.273148e-009 1.273148e-009 1.273148e-009 1.273148e-009 1.50463e-009 1.273148e-009 1.157407e-009 0 1.273148e-009 1.273148e-009 8.564815e-009 8.101852e-009 0 0 0 0 0 0 0 0 0 0 0 0 0 0 0 0 0 0 0 0 0 0 0 0 0 0 0 0
-9999 -9999 0 1.203704e-008 1.284722e-008 1.30787e-008 1.342593e-008 1.331018e-008 1.319444e-008 1.273148e-008 1.319444e-008 1.296296e-008 1.296296e-008 1.331018e-008 1.331018e-008 1.400463e-008 1.30787e-008 1.412037e-008 1.481481e-008 1.168981e-008 1.180556e-008 1.111111e-008 2.083334e-009 1.967593e-009 2.662037e-009 2.199074e-009 1.388889e-009 1.157407e-009 1.157407e-009 1.388889e-009 1.157407e-009 1.157407e-009 1.273148e-009 0 0 0 0 0 0 0 0 0 0 0 0 0 0 0 0 0 0 0 0 0 0 0 0 0 0 0 0 0
-9999 -9999 1.053241e-008 1.203704e-008 1.215278e-008 1.284722e-008 1.284722e-008 1.30787e-008 1.238426e-008 1.284722e-008 1.25e-008 1.284722e-008 1.342593e-008 1.365741e-008 1.296296e-008 1.354167e-008 1.273148e-008 1.354167e-008 2.476852e-008 1.180556e-008 1.157407e-008 1.099537e-008 2.777778e-009 3.356481e-009 3.125e-009 0 1.50463e-009 1.157407e-009 1.157407e-009 1.388889e-009 1.157407e-009 1.157407e-009 1.273148e-009 0 0 0 0 0 0 0 0 0 0 0 0 0 0 0 0 0 0 0 0 0 0 0 0 0 0 0 0 0
-9999 -9999 0 1.134259e-008 1.180556e-008 1.284722e-008 1.215278e-008 1.284722e-008 1.168981e-008 1.19213e-008 1.19213e-008 1.226852e-008 1.25e-008 1.284722e-008 1.365741e-008 1.331018e-008 1.261574e-008 1.319444e-008 2.939815e-008 1.296296e-008 1.157407e-008 3.356481e-009 3.356481e-009 3.819445e-009 3.472222e-009 0 0 1.388889e-009 1.388889e-009 0 1.62037e-009 1.50463e-009 0 0 0 0 0 0 0 0 0 0 0 0 0 0 0 0 0 0 0 0 0 0 0 0 0 0 0 0 0 0
-9999 -9999 0 1.099537e-008 1.215278e-008 1.238426e-008 1.261574e-008 1.25e-008 1.261574e-008 1.226852e-008 1.157407e-008 1.203704e-008 1.25e-008 1.354167e-008 1.400463e-008 1.30787e-008 1.261574e-008 1.284722e-008 2.893519e-009 1.759259e-008 1.736111e-008 3.356481e-009 3.472222e-009 3.240741e-009 3.356481e-009 0 0 0 0 0 0 0 0 0 0 0 0 0 0 0 0 0 0 0 0 0 0 0 0 0 0 0 0 0 0 0 0 0 0 0 0 0
-9999 -9999 0 1.168981e-008 1.157407e-008 1.145833e-008 1.19213e-008 1.25e-008 1.284722e-008 1.157407e-008 1.134259e-008 1.19213e-008 1.273148e-008 1.354167e-008 1.354167e-008 1.365741e-008 1.296296e-008 1.354167e-008 1.388889e-008 1.689815e-008 1.643519e-008 3.356481e-009 4.166667e-009 1.886574e-008 0 0 0 0 0 0 0 0 0 0 0 0 0 0 0 0 0 0 0 0 0 0 0 0 0 0 0 0 0 0 0 0 0 0 0 0 0 0
-9999 -9999 0 1.145833e-008 1.076389e-008 1.122685e-008 1.145833e-008 1.261574e-008 1.238426e-008 1.087963e-008 1.111111e-008 1.168981e-008 1.296296e-008 1.354167e-008 1.331018e-008 1.365741e-008 1.30787e-008 1.30787e-008 2.951389e-008 4.166667e-009 2.662037e-009 5.902778e-009 2.962963e-008 3.078704e-008 0 0 0 3.703704e-009 0 0 0 0 0 0 0 0 0 0 0 0 0 0 0 0 0 0 0 0 0 0 0 0 0 0 0 0 0 0 0 0 3.842592e-008 4.050926e-008
-9999 9.027778e-009 0 9.953704e-009 1.122685e-008 1.087963e-008 1.215278e-008 1.238426e-008 1.134259e-008 1.041667e-008 1.053241e-008 1.168981e-008 1.342593e-008 1.319444e-008 1.30787e-008 1.377315e-008 1.331018e-008 1.354167e-008 1.423611e-008 2.893519e-009 3.587963e-009 5.787037e-009 2.789352e-008 2.974537e-008 2.44213e-008 0 4.282407e-009 3.587963e-009 3.819445e-009 0 0 0 0 0 0 0 0 0 0 0 0 0 0 0 0 0 0 0 0 0 0 0 0 0 0 0 0 3.090278e-008 3.263889e-008 3.518518e-008 3.900463e-008 4.131945e-008
-9999 7.407407e-009 0 1.076389e-008 1.076389e-008 1.145833e-008 1.041667e-008 1.076389e-008 1.053241e-008 1.018519e-008 1.064815e-008 1.099537e-008 1.342593e-008 1.238426e-008 1.25e-008 1.354167e-008 1.365741e-008 1.342593e-008 1.435185e-008 2.893519e-009 4.861111e-009 4.74537e-009 6.481482e-009 1.759259e-008 0 0 4.282407e-009 3.587963e-009 3.703704e-009 0 0 0 0 0 0 0 0 0 0 0 0 0 0 0 0 0 0 2.314815e-010 3.472222e-010 3.472222e-010 3.472222e-010 3.472222e-010 0 0 0 2.638889e-008 2.789352e-008 3.032407e-008 3.194445e-008 3.553241e-008 3.969907e-008 4.224537e-008
-9999 1.076389e-008 8.680556e-009 1.030093e-008 1.203704e-008 1.168981e-008 1.19213e-008 1.203704e-008 1.157407e-008 1.076389e-008 1.087963e-008 1.099537e-008 1.203704e-008 1.284722e-008 1.284722e-008 1.388889e-008 1.412037e-008 1.400463e-008 1.469907e-008 1.238426e-008 5.092593e-009 1.215278e-008 1.689815e-008 0 0 0 0 4.166667e-009 4.166667e-009 3.240741e-009 0 0 0 0 0 0 0 0 0 0 0 0 0 0 0 0 0 3.472222e-010 4.629629e-010 4.629629e-010 3.472222e-010 3.472222e-010 2.199074e-008 2.372685e-008 2.592593e-008 2.604167e-008 2.951389e-008 3.182871e-008 3.333334e-008 3.668982e-008 4.097222e-008 4.525463e-008
-9999 9.837963e-009 7.060185e-009 9.953704e-009 1.19213e-008 1.122685e-008 1.134259e-008 1.203704e-008 1.25e-008 1.064815e-008 1.134259e-008 1.215278e-008 1.168981e-008 1.30787e-008 1.412037e-008 1.331018e-008 1.481481e-008 1.493055e-008 1.5625e-008 2.037037e-008 1.828704e-008 1.631944e-008 1.19213e-008 1.111111e-008 0 0 4.976852e-009 4.050926e-009 3.472222e-009 3.472222e-009 2.777778e-009 0 1.041667e-009 1.041667e-009 0 0 0 0 0 0 0 0 0 0 0 0 0 3.472222e-010 3.472222e-010 4.629629e-010 0 2.233796e-008 2.314815e-008 2.546296e-008 2.847222e-008 2.916667e-008 3.206019e-008 3.472222e-008 3.49537e-008 3.842592e-008 4.525463e-008 4.780093e-008
-9999 1.064815e-008 7.175926e-009 8.217593e-009 1.145833e-008 1.041667e-008 1.145833e-008 1.203704e-008 1.203704e-008 1.122685e-008 1.30787e-008 1.284722e-008 1.238426e-008 0 1.30787e-008 1.469907e-008 1.539352e-008 1.5625e-008 1.62037e-008 1.712963e-008 2.199074e-008 8.043981e-008 1.655093e-008 1.238426e-008 1.168981e-008 0 7.986111e-009 7.523148e-009 0 4.050926e-009 3.009259e-009 1.157407e-009 1.157407e-009 0 0 0 0 0 0 0 0 0 0 0 0 0 1.273148e-009 1.388889e-009 0 0 0 0 2.546296e-008 2.8125e-008 3.125e-008 3.263889e-008 3.518518e-008 3.773148e-008 3.877315e-008 4.039352e-008 4.791666e-008 5.081018e-008
-9999 1.064815e-008 1.122685e-008 7.523148e-009 1.134259e-008 9.953704e-009 1.087963e-008 1.215278e-008 1.19213e-008 1.157407e-008 1.30787e-008 1.296296e-008 1.284722e-008 0 1.400463e-008 1.50463e-008 1.643519e-008 1.689815e-008 1.689815e-008 1.759259e-008 0 0 0 0 1.550926e-008 9.259259e-009 8.449074e-009 7.986111e-009 1.19213e-008 0 0 1.157407e-009 0 0 0 0 0 0 0 0 0 0 0 0 0 0 0 0 0 0 0 0 0 3.06713e-008 3.391204e-008 3.564815e-008 3.865741e-008 4.155093e-008 4.259259e-008 4.398148e-008 5.069445e-008 5.381944e-008
-9999 1.076389e-008 9.953704e-009 8.217593e-009 9.027778e-009 1.030093e-008 1.099537e-008 1.168981e-008 1.180556e-008 1.19213e-008 1.354167e-008 1.342593e-008 1.331018e-008 0 1.423611e-008 1.608796e-008 1.701389e-008 1.759259e-008 1.81713e-008 1.793981e-008 1.898148e-008 0 1.783565e-007 1.545139e-007 1.435185e-008 1.168981e-008 9.722222e-009 1.180556e-008 1.168981e-008 0 0 0 0 0 0 0 0 0 0 0 0 0 0 0 0 0 0 0 0 0 0 0 0 3.298611e-008 3.645834e-008 3.854167e-008 4.189815e-008 4.583334e-008 4.733797e-008 5.046297e-008 5.243056e-008 5.763889e-008
-9999 1.076389e-008 1.053241e-008 9.722222e-009 8.680556e-009 1.053241e-008 1.030093e-008 1.145833e-008 1.25e-008 1.331018e-008 1.354167e-008 1.388889e-008 1.412037e-008 1.388889e-008 0 1.666667e-008 1.759259e-008 1.828704e-008 1.898148e-008 2.048611e-008 2.025463e-008 1.956019e-008 1.93287e-008 2.280093e-008 3.425926e-008 1.145833e-008 0 0 0 0 1.50463e-009 0 0 0 0 0 0 0 0 0 0 0 0 0 0 0 0 0 0 0 0 0 0 3.553241e-008 3.912037e-008 4.143519e-008 4.525463e-008 4.884259e-008 5.196759e-008 5.625e-008 5.798611e-008 6.157408e-008
