SnowAccumulation_R/test/pcp/final_pcp_14_04_2009.asc
ncols         97
nrows         69
xllcorner     52512.810182332
yllcorner     5316225.2758522
cellsize      10000
NODATA_value  -9999
[rows 0 to 27 of 69, columns 0 to 61 of 97]
-9999 -9999 -9999 -9999 -9999 -9999 -9999 -9999 -9999 -9999 -9999 -9999 -9999 -9999 -9999 -9999 -9999 -9999 -9999 -9999 -9999 -9999 -9999 -9999 -9999 -9999 -9999 -9999 -9999 -9999 -9999 -9999 -9999 -9999 -9999 -9999 -9999 -9999 -9999 -9999 -9999 -9999 -9999 -9999 -9999 -9999 -9999 -9999 -9999 -9999 -9999 -9999 -9999 -9999 -9999 -9999 -9999 -9999 -9999 -9999 -9999 -9999
-9999 -9999 -9999 -9999 -9999 0 4.884259e-008 4.826389e-008 4.722222e-008 4.756945e-008 4.606482e-008 4.467593e-008 4.386574e-008 4.155093e-008 3.946759e-008 3.726852e-008 3.49537e-008 3.298611e-008 -9999 -9999 -9999 -9999 -9999 -9999 -9999 -9999 -9999 -9999 -9999 -9999 -9999 -9999 -9999 -9999 -9999 -9999 -9999 -9999 -9999 -9999 -9999 -9999 -9999 -9999 -9999 -9999 -9999 -9999 -9999 -9999 -9999 -9999 -9999 -9999 -9999 -9999 -9999 -9999 -9999 -9999 -9999 -9999
-9999 -9999 -9999 -9999 -9999 4.733797e-008 4.733797e-008 4.814815e-008 4.849537e-008 4.861111e-008 4.756945e-008 4.606482e-008 4.409722e-008 4.305556e-008 4.108796e-008 3.888889e-008 3.680556e-008 3.506944e-008 3.333334e-008 0 0 0 0 2.592593e-008 2.546296e-008 2.488426e-008 2.453704e-008 2.476852e-008 2.604167e-008 2.893518e-008 3.078704e-008 3.425926e-008 3.703704e-008 3.900463e-008 3.969907e-008 3.923611e-008 3.888889e-008 3.773148e-008 3.657408e-008 3.518518e-008 3.37963e-008 3.229167e-008 3.148148e-008 2.974537e-008 2.824074e-008 2.673611e-008 2.5e-008 2.372685e-008 2.395833e-008 2.430555e-008 2.44213e-008 2.453704e-008 2.465278e-008 2.476852e-008 2.476852e-008 2.511574e-008 2.523148e-008 2.546296e-008 2.55787e-008 2.55787e-008 2.546296e-008 2.546296e-008
-9999 -9999 -9999 -9999 -9999 4.976852e-008 5.127315e-008 5.023148e-008 5e-008 4.953704e-008 4.861111e-008 4.733797e-008 4.560185e-008 4.375e-008 4.270833e-008 4.074074e-008 3.877315e-008 3.715278e-008 3.541667e-008 3.472222e-008 3.321759e-008 2.974537e-008 2.858796e-008 2.75463e-008 2.662037e-008 2.615741e-008 2.569445e-008 2.604167e-008 2.766204e-008 3.055556e-008 3.275463e-008 3.69213e-008 4.039352e-008 4.201389e-008 4.166667e-008 4.00463e-008 3.912037e-008 3.75e-008 3.587963e-008 3.414352e-008 3.229167e-008 3.032407e-008 2.928241e-008 2.731481e-008 2.546296e-008 2.407407e-008 2.280093e-008 2.175926e-008 2.164352e-008 2.1875e-008 2.199074e-008 2.222222e-008 2.256944e-008 2.268519e-008 2.291667e-008 2.314815e-008 2.361111e-008 2.384259e-008 2.407407e-008 2.407407e-008 2.395833e-008 2.395833e-008
-9999 -9999 -9999 -9999 -9999 5.138889e-008 5.266204e-008 5.127315e-008 5.05787e-008 5.023148e-008 4.976852e-008 4.861111e-008 4.710648e-008 4.513889e-008 4.421296e-008 4.212963e-008 4.039352e-008 3.888889e-008 3.75e-008 3.576389e-008 3.49537e-008 3.333334e-008 3.043982e-008 2.916667e-008 2.800926e-008 2.743055e-008 2.673611e-008 2.673611e-008 2.824074e-008 3.194445e-008 3.69213e-008 4.00463e-008 4.548611e-008 4.513889e-008 4.31713e-008 4.039352e-008 3.912037e-008 3.668982e-008 3.49537e-008 3.287037e-008 3.06713e-008 2.835648e-008 2.719907e-008 2.488426e-008 2.303241e-008 2.152778e-008 2.037037e-008 1.990741e-008 1.979167e-008 1.967593e-008 1.990741e-008 2.013889e-008 2.048611e-008 2.071759e-008 2.118056e-008 2.152778e-008 2.1875e-008 2.222222e-008 2.256944e-008 2.268519e-008 2.291667e-008 2.314815e-008
-9999 -9999 -9999 -9999 -9999 0 5.439815e-008 5.497685e-008 5.115741e-008 5.138889e-008 5.127315e-008 5.034722e-008 4.872685e-008 4.675926e-008 4.467593e-008 4.363426e-008 4.166667e-008 4.027778e-008 3.946759e-008 3.715278e-008 3.634259e-008 3.483796e-008 3.368056e-008 3.263889e-008 2.939815e-008 2.789352e-008 2.731481e-008 2.696759e-008 2.8125e-008 3.229167e-008 3.865741e-008 4.31713e-008 5.219908e-008 4.756945e-008 4.340278e-008 3.993055e-008 3.703704e-008 3.564815e-008 3.344908e-008 3.148148e-008 2.928241e-008 2.650463e-008 2.511574e-008 2.256944e-008 2.071759e-008 1.944444e-008 1.851852e-008 1.805556e-008 1.805556e-008 1.805556e-008 1.81713e-008 1.851852e-008 1.886574e-008 1.898148e-008 1.944444e-008 1.990741e-008 2.048611e-008 2.094907e-008 2.118056e-008 2.152778e-008 2.1875e-008 2.222222e-008
-9999 -9999 -9999 -9999 -9999 5.439815e-008 5.555556e-008 5.798611e-008 5.856482e-008 5.358796e-008 5.277778e-008 5.219908e-008 5.046297e-008 4.837963e-008 4.618056e-008 4.386574e-008 4.282407e-008 4.097222e-008 4.016204e-008 3.819444e-008 3.645834e-008 3.576389e-008 3.472222e-008 3.368056e-008 3.182871e-008 2.881944e-008 2.800926e-008 2.719907e-008 2.800926e-008 3.206019e-008 3.993055e-008 4.409722e-008 4.988426e-008 4.664352e-008 4.178241e-008 3.819444e-008 3.530092e-008 3.402778e-008 3.171296e-008 2.962963e-008 2.75463e-008 2.44213e-008 2.303241e-008 2.071759e-008 1.886574e-008 1.759259e-008 1.666667e-008 1.643519e-008 1.631944e-008 1.631944e-008 1.655093e-008 1.701389e-008 1.747685e-008 1.759259e-008 1.793981e-008 1.863426e-008 1.921296e-008 1.967593e-008 1.990741e-008 2.037037e-008 2.094907e-008 2.12963e-008
-9999 -9999 -9999 -9999 -9999 5.486111e-008 5.648148e-008 5.925926e-008 5.9375e-008 5.740741e-008 5.486111e-008 5.405093e-008 5.208333e-008 4.988426e-008 4.74537e-008 4.502315e-008 4.375e-008 4.189815e-008 4.039352e-008 3.865741e-008 3.726852e-008 3.668982e-008 3.530092e-008 3.402778e-008 3.194445e-008 2.951389e-008 2.87037e-008 2.75463e-008 2.835648e-008 3.298611e-008 3.923611e-008 4.409722e-008 4.456018e-008 4.247685e-008 3.854167e-008 3.541667e-008 3.287037e-008 3.182871e-008 2.939815e-008 2.708333e-008 2.476852e-008 2.210648e-008 2.094907e-008 1.875e-008 1.701389e-008 1.585648e-008 1.50463e-008 1.481481e-008 1.469907e-008 1.458333e-008 1.493055e-008 1.539352e-008 1.585648e-008 1.608796e-008 1.666667e-008 1.736111e-008 1.805556e-008 1.851852e-008 1.886574e-008 1.93287e-008 2.002315e-008 2.048611e-008
-9999 -9999 -9999 -9999 -9999 5.451389e-008 5.706018e-008 5.868056e-008 5.868056e-008 5.810185e-008 5.729166e-008 5.474537e-008 5.37037e-008 5.127315e-008 4.861111e-008 4.583334e-008 4.340278e-008 4.247685e-008 4.085648e-008 3.935185e-008 3.80787e-008 3.680556e-008 3.576389e-008 3.425926e-008 3.159722e-008 2.916667e-008 2.777778e-008 2.75463e-008 2.858796e-008 3.252315e-008 3.69213e-008 3.969907e-008 3.946759e-008 3.726852e-008 3.414352e-008 3.182871e-008 2.986111e-008 2.893518e-008 2.650463e-008 2.395833e-008 2.1875e-008 1.979167e-008 1.875e-008 1.689815e-008 1.527778e-008 1.423611e-008 1.354167e-008 1.342593e-008 1.30787e-008 1.319444e-008 1.354167e-008 1.400463e-008 1.446759e-008 1.469907e-008 1.539352e-008 1.597222e-008 1.701389e-008 1.747685e-008 1.782407e-008 1.851852e-008 1.840278e-008 1.909722e-008
-9999 -9999 -9999 -9999 -9999 5.300926e-008 5.555556e-008 5.763889e-008 5.763889e-008 5.729166e-008 5.717593e-008 5.625e-008 5.50926e-008 5.243056e-008 4.94213e-008 4.641204e-008 4.363426e-008 4.270833e-008 4.12037e-008 4.00463e-008 3.900463e-008 3.80787e-008 3.715278e-008 3.449074e-008 3.136574e-008 2.893518e-008 2.743055e-008 2.696759e-008 2.766204e-008 2.916667e-008 3.055556e-008 3.483796e-008 3.460648e-008 3.252315e-008 2.962963e-008 2.824074e-008 2.673611e-008 2.592593e-008 2.372685e-008 2.12963e-008 1.944444e-008 1.770833e-008 1.678241e-008 1.516204e-008 1.377315e-008 1.273148e-008 1.215278e-008 1.203704e-008 1.180556e-008 1.19213e-008 1.226852e-008 1.273148e-008 1.296296e-008 1.342593e-008 1.400463e-008 1.481481e-008 1.5625e-008 1.597222e-008 1.597222e-008 1.689815e-008 1.782407e-008 1.851852e-008
-9999 -9999 -9999 -9999 -9999 4.814815e-008 5.381944e-008 5.520833e-008 5.555556e-008 5.590278e-008 5.601852e-008 5.601852e-008 5.486111e-008 5.324074e-008 4.976852e-008 4.652778e-008 4.363426e-008 4.178241e-008 4.131945e-008 4.074074e-008 4.027778e-008 3.958333e-008 3.668982e-008 3.518518e-008 3.171296e-008 2.87037e-008 2.743055e-008 2.696759e-008 2.696759e-008 2.75463e-008 2.789352e-008 2.777778e-008 2.743055e-008 2.615741e-008 2.650463e-008 2.534722e-008 2.407407e-008 2.337963e-008 2.141204e-008 1.921296e-008 1.747685e-008 1.597222e-008 1.516204e-008 1.365741e-008 1.238426e-008 1.145833e-008 1.099537e-008 1.087963e-008 1.076389e-008 1.087963e-008 1.122685e-008 1.157407e-008 1.180556e-008 1.215278e-008 1.261574e-008 1.203704e-008 1.342593e-008 1.400463e-008 1.527778e-008 1.631944e-008 1.736111e-008 1.840278e-008
-9999 -9999 -9999 -9999 -9999 4.467593e-008 4.884259e-008 5.231481e-008 5.300926e-008 5.324074e-008 5.37037e-008 5.393519e-008 5.439815e-008 5.127315e-008 4.988426e-008 4.652778e-008 4.340278e-008 4.166667e-008 4.131945e-008 4.097222e-008 4.097222e-008 4.074074e-008 3.784722e-008 3.611111e-008 3.252315e-008 2.962963e-008 2.766204e-008 2.650463e-008 2.615741e-008 2.604167e-008 2.592593e-008 2.534722e-008 2.44213e-008 2.407407e-008 2.314815e-008 2.199074e-008 2.060185e-008 2.002315e-008 1.967593e-008 1.770833e-008 1.608796e-008 1.458333e-008 1.377315e-008 1.238426e-008 1.122685e-008 1.041667e-008 1.006944e-008 9.953704e-009 9.837963e-009 1.006944e-008 1.030093e-008 9.953704e-009 1.006944e-008 1.041667e-008 1.064815e-008 1.111111e-008 1.261574e-008 1.331018e-008 1.469907e-008 1.574074e-008 1.689815e-008 0
-9999 -9999 -9999 -9999 4.0625e-008 4.305556e-008 4.6875e-008 5e-008 4.988426e-008 5.092593e-008 5.3125e-008 5.393519e-008 5.358796e-008 5.023148e-008 4.872685e-008 4.62963e-008 4.340278e-008 4.166667e-008 4.085648e-008 4.0625e-008 4.050926e-008 4.00463e-008 3.761574e-008 3.622685e-008 3.310185e-008 3.032407e-008 2.777778e-008 2.604167e-008 2.534722e-008 2.476852e-008 2.44213e-008 2.372685e-008 2.268519e-008 2.268519e-008 2.222222e-008 2.12963e-008 2.002315e-008 1.875e-008 1.793981e-008 1.62037e-008 1.446759e-008 1.284722e-008 1.203704e-008 1.064815e-008 9.490741e-009 8.912036e-009 8.680556e-009 8.680556e-009 8.680556e-009 8.912036e-009 9.027778e-009 9.375e-009 9.490741e-009 9.953704e-009 1.041667e-008 1.087963e-008 1.215278e-008 1.273148e-008 1.400463e-008 0 0 0
-9999 -9999 -9999 -9999 3.923611e-008 4.224537e-008 4.479167e-008 4.756945e-008 5.034722e-008 5.162037e-008 5.150463e-008 5.243056e-008 5.150463e-008 4.872685e-008 4.583334e-008 4.444444e-008 4.201389e-008 4.12037e-008 4.016204e-008 3.981481e-008 3.923611e-008 3.831018e-008 1.743056e-007 2.158565e-007 3.321759e-008 3.078704e-008 2.800926e-008 2.569445e-008 2.476852e-008 2.407407e-008 2.349537e-008 2.280093e-008 2.222222e-008 2.222222e-008 2.199074e-008 2.12963e-008 2.002315e-008 1.851852e-008 1.770833e-008 1.597222e-008 1.412037e-008 1.25e-008 1.168981e-008 1.018519e-008 8.912036e-009 8.449074e-009 8.333334e-009 8.217593e-009 8.333334e-009 8.449074e-009 8.680556e-009 9.027778e-009 9.259259e-009 9.490741e-009 9.953704e-009 1.087963e-008 1.19213e-008 1.25e-008 0 0 0 0
-9999 -9999 -9999 -9999 3.645834e-008 4.224537e-008 4.108796e-008 4.212963e-008 4.62963e-008 4.988426e-008 5e-008 4.988426e-008 4.884259e-008 4.664352e-008 4.421296e-008 4.282407e-008 4.0625e-008 3.865741e-008 3.888889e-008 8.298611e-008 1.262732e-007 1.489583e-007 1.883102e-007 2.162037e-007 3.298611e-008 3.06713e-008 2.800926e-008 2.581019e-008 2.418981e-008 2.372685e-008 2.303241e-008 2.24537e-008 2.210648e-008 2.222222e-008 2.222222e-008 2.175926e-008 2.025463e-008 1.863426e-008 1.770833e-008 1.585648e-008 1.400463e-008 1.226852e-008 1.145833e-008 1.006944e-008 8.912036e-009 8.333334e-009 8.101852e-009 8.101852e-009 7.986111e-009 8.217593e-009 8.564815e-009 8.796296e-009 8.912036e-009 9.259259e-009 9.837963e-009 1.064815e-008 1.111111e-008 0 0 0 0 0
-9999 -9999 -9999 -9999 3.020833e-008 3.969907e-008 3.877315e-008 4.050926e-008 4.31713e-008 4.57176e-008 4.6875e-008 4.641204e-008 4.594908e-008 4.409722e-008 4.212963e-008 3.993055e-008 3.888889e-008 3.703704e-008 3.553241e-008 7.326389e-008 6.180556e-008 1.268519e-007 1.487269e-007 7.013889e-008 7.013889e-008 3.043982e-008 2.777778e-008 2.55787e-008 2.395833e-008 2.349537e-008 2.280093e-008 2.210648e-008 2.199074e-008 2.222222e-008 2.268519e-008 2.233796e-008 2.060185e-008 1.863426e-008 1.770833e-008 1.574074e-008 1.388889e-008 1.215278e-008 1.134259e-008 9.953704e-009 8.912036e-009 8.333334e-009 0 0 0 0 0 0 0 0 0 0 0 0 0 0 0 0
-9999 -9999 -9999 -9999 3.078704e-008 2.777778e-008 3.37963e-008 3.634259e-008 4.016204e-008 4.097222e-008 4.224537e-008 4.224537e-008 4.224537e-008 4.155093e-008 4.00463e-008 3.796296e-008 3.703704e-008 3.518518e-008 3.541667e-008 6.886574e-008 4.444444e-008 5.671296e-008 6.504629e-008 5.833333e-008 3.043982e-008 2.939815e-008 2.685185e-008 3.912037e-008 3.645834e-008 2.314815e-008 2.256944e-008 2.210648e-008 2.199074e-008 2.24537e-008 2.268519e-008 2.233796e-008 2.071759e-008 1.875e-008 1.770833e-008 1.5625e-008 1.365741e-008 1.203704e-008 1.064815e-008 9.953704e-009 0 0 0 0 0 0 0 0 0 0 0 0 0 0 0 0 0 0
-9999 -9999 -9999 -9999 2.800926e-008 2.881944e-008 2.8125e-008 3.310185e-008 3.80787e-008 3.842592e-008 3.80787e-008 3.900463e-008 3.900463e-008 3.935185e-008 3.784722e-008 3.587963e-008 3.49537e-008 3.310185e-008 4.00463e-008 3.472222e-008 4.351852e-008 3.240741e-008 5.358796e-008 5.266204e-008 3.877315e-008 3.75e-008 2.534722e-008 3.645834e-008 3.472222e-008 3.611111e-008 5.740741e-008 5.393519e-008 5.486111e-008 6.828704e-008 2.256944e-008 2.222222e-008 2.071759e-008 1.863426e-008 1.759259e-008 1.550926e-008 1.354167e-008 1.19213e-008 0 0 0 0 0 0 0 0 0 0 0 0 0 0 0 0 0 0 0 0
-9999 -9999 -9999 -9999 2.708333e-008 2.615741e-008 2.673611e-008 3.275463e-008 3.4375e-008 3.80787e-008 3.634259e-008 3.761574e-008 3.75e-008 3.726852e-008 3.564815e-008 3.402778e-008 3.206019e-008 3.113426e-008 3.981481e-008 5.740741e-008 4.131945e-008 4.282407e-008 4.328704e-008 3.321759e-008 3.333334e-008 3.206019e-008 3.75e-008 4.733797e-008 3.831018e-008 3.854167e-008 3.842592e-008 6.064815e-008 6.168982e-008 5.856482e-008 2.233796e-008 2.210648e-008 2.060185e-008 1.851852e-008 1.736111e-008 1.516204e-008 1.331018e-008 1.168981e-008 0 0 0 0 0 0 0 0 0 0 0 0 0 0 0 0 0 0 0 0
-9999 -9999 -9999 -9999 2.534722e-008 2.465278e-008 2.592593e-008 2.777778e-008 3.576389e-008 3.69213e-008 3.518518e-008 3.483796e-008 3.4375e-008 3.49537e-008 3.414352e-008 3.229167e-008 3.032407e-008 4.166667e-008 3.888889e-008 1.643519e-008 1.423611e-008 0 0 3.310185e-008 3.321759e-008 2.858796e-008 3.877315e-008 4.94213e-008 3.935185e-008 4.398148e-008 4.0625e-008 5.254629e-008 5.219908e-008 5.243056e-008 2.1875e-008 2.12963e-008 1.990741e-008 1.793981e-008 1.678241e-008 1.469907e-008 1.296296e-008 1.145833e-008 0 0 0 0 0 0 0 0 0 0 0 0 0 0 0 0 0 0 0 0
-9999 -9999 -9999 -9999 2.418981e-008 2.615741e-008 2.650463e-008 3.425926e-008 2.916667e-008 2.893518e-008 3.182871e-008 3.182871e-008 3.240741e-008 3.310185e-008 3.229167e-008 3.101852e-008 2.905093e-008 2.708333e-008 3.368056e-008 1.550926e-008 1.423611e-008 0 0 0 0 0 3.969907e-008 4.583334e-008 3.912037e-008 3.194445e-008 2.824074e-008 4.861111e-008 4.918981e-008 2.12963e-008 2.106482e-008 2.002315e-008 1.851852e-008 1.678241e-008 1.585648e-008 1.412037e-008 1.25e-008 1.111111e-008 0 0 0 0 0 0 0 0 0 0 0 0 0 0 0 0 0 0 0 0
-9999 -9999 -9999 -9999 2.662037e-008 2.627315e-008 2.75463e-008 2.928241e-008 2.592593e-008 2.673611e-008 2.673611e-008 2.974537e-008 3.06713e-008 3.009259e-008 3.032407e-008 2.997685e-008 2.824074e-008 2.604167e-008 2.141204e-008 1.655093e-008 0 0 1.574074e-008 5.231481e-008 0 0 0 3.680556e-008 3.043982e-008 2.55787e-008 2.523148e-008 2.627315e-008 4.756945e-008 4.94213e-008 4.930556e-008 4.675926e-008 1.273148e-008 1.168981e-008 1.388889e-008 1.331018e-008 1.203704e-008 1.076389e-008 0 0 0 0 0 0 0 0 0 0 0 0 0 0 0 0 0 0 0 0
-9999 -9999 -9999 -9999 2.766204e-008 2.418981e-008 2.638889e-008 2.8125e-008 2.55787e-008 2.44213e-008 2.615741e-008 2.592593e-008 2.835648e-008 2.800926e-008 2.8125e-008 2.905093e-008 2.75463e-008 1.06713e-007 7.581018e-008 1.93287e-008 1.666667e-008 1.516204e-008 1.481481e-008 1.539352e-008 5.324074e-008 5.358796e-008 5.381944e-008 3.194445e-008 2.627315e-008 2.430555e-008 2.44213e-008 2.418981e-008 5.37037e-008 4.305556e-008 4.409722e-008 1.180556e-008 1.064815e-008 1.053241e-008 9.837963e-009 1.238426e-008 1.145833e-008 1.041667e-008 0 0 0 0 0 0 0 0 0 0 0 0 0 0 0 0 0 0 0 0
-9999 -9999 -9999 -9999 2.511574e-008 2.800926e-008 2.55787e-008 2.465278e-008 2.349537e-008 2.372685e-008 2.453704e-008 2.384259e-008 2.569445e-008 2.75463e-008 2.800926e-008 4.479167e-008 4.386574e-008 1.043982e-007 8.993056e-008 1.909722e-008 1.712963e-008 1.516204e-008 1.469907e-008 1.516204e-008 4.953704e-008 4.050926e-008 4.386574e-008 3.993055e-008 2.569445e-008 2.453704e-008 2.407407e-008 4.6875e-008 4.386574e-008 4.513889e-008 4.733797e-008 1.041667e-008 1.041667e-008 1.041667e-008 9.490741e-009 0 1.087963e-008 1.006944e-008 0 0 0 0 0 0 0 0 0 0 0 0 0 0 0 0 0 0 0 0
-9999 -9999 -9999 2.24537e-008 2.314815e-008 2.407407e-008 2.199074e-008 2.361111e-008 2.24537e-008 2.210648e-008 2.314815e-008 2.372685e-008 2.430555e-008 9.756945e-008 1.019676e-007 5.046297e-008 9.814814e-008 9.525463e-008 8.807871e-008 1.863426e-008 1.631944e-008 1.655093e-008 1.62037e-008 1.284722e-008 1.238426e-008 4.050926e-008 3.391204e-008 3.368056e-008 3.541667e-008 2.430555e-008 5e-008 4.328704e-008 4.282407e-008 4.212963e-008 3.819444e-008 8.217593e-009 9.259259e-009 9.490741e-009 8.680556e-009 1.377315e-008 1.030093e-008 9.606481e-009 0 0 0 0 0 0 0 0 0 0 0 0 0 0 0 0 0 0 0 0
-9999 -9999 -9999 2.152778e-008 2.268519e-008 2.337963e-008 2.256944e-008 2.233796e-008 2.037037e-008 2.24537e-008 2.175926e-008 1.171296e-007 1.326389e-007 9.467593e-008 8.831019e-008 6.701389e-008 1.043982e-007 9.421296e-008 1.990741e-008 1.666667e-008 1.689815e-008 1.458333e-008 1.481481e-008 1.516204e-008 1.62037e-008 3.958333e-008 3.460648e-008 3.287037e-008 3.368056e-008 1.770833e-008 4.490741e-008 4.224537e-008 4.212963e-008 3.773148e-008 0 1.527778e-008 1.631944e-008 1.921296e-008 1.168981e-008 1.273148e-008 1.331018e-008 9.143519e-009 8.680556e-009 0 0 0 0 0 0 0 0 0 0 0 0 0 0 0 0 0 0 0
-9999 -9999 -9999 2.094907e-008 2.048611e-008 2.488426e-008 2.141204e-008 2.083333e-008 2.118056e-008 2.048611e-008 2.106482e-008 2.152778e-008 1.258102e-007 5.451389e-008 7.048612e-008 6.93287e-008 7.326389e-008 6.13426e-008 1.909722e-008 1.631944e-008 1.712963e-008 1.423611e-008 1.400463e-008 1.076389e-008 1.539352e-008 1.759259e-008 3.460648e-008 3.402778e-008 1.81713e-008 1.770833e-008 1.608796e-008 3.773148e-008 3.321759e-008 2.002315e-008 0 0 1.388889e-008 1.481481e-008 1.087963e-008 1.261574e-008 1.273148e-008 8.912036e-009 8.564815e-009 0 0 0 0 0 0 0 0 0 0 0 0 0 0 0 0 0 0 0
-9999 -9999 -9999 2.303241e-008 2.314815e-008 2.372685e-008 1.956019e-008 2.1875e-008 2.071759e-008 2.094907e-008 2.118056e-008 2.083333e-008 2.083333e-008 5.081018e-008 5.613426e-008 6.5625e-008 7.245371e-008 6.365741e-008 5.821759e-008 1.979167e-008 1.793981e-008 6.712963e-009 1.631944e-008 1.50463e-008 1.481481e-008 1.655093e-008 1.62037e-008 1.539352e-008 1.840278e-008 1.840278e-008 1.689815e-008 2.430555e-008 1.747685e-008 1.5625e-008 0 0 1.331018e-008 1.342593e-008 1.006944e-008 1.238426e-008 1.261574e-008 1.111111e-008 8.449074e-009 0 0 0 0 0 0 0 0 0 0 0 0 0 0 0 0 0 0 0
