SnowAccumulation_R/test/pcp/pcp_4.asc
NCOLS 144 
NROWS 72 
XLLCORNER -107.999996877414 
YLLCORNER 47.0000011447333 
CELLSIZE 0.0833333376702586 
NODATA_value -3.4e+38 
[rows 0 to 19 of 72, columns 46 to 91 of 144]
25.0100002288818 24.9599990844727 24.9500007629395 24.8700008392334 25.2000007629395 25.4400005340576 25.4799995422363 25.6399993896484 26 26.2700004577637 26.0900001525879 26.2600002288818 26.5900001525879 26.6000003814697 26.8600006103516 27.4099998474121 27.6200008392334 27.6900005340576 27.8099994659424 27.5300006866455 27.3799991607666 27.3999996185303 27.4899997711182 27.5799999237061 27.8199996948242 28.0900001525879 28.5 28.9799995422363 29.3199996948242 29.4799995422363 29.8299999237061 30.1700000762939 30.5200004577637 30.9699993133545 31.3899993896484 31.8899993896484 32.4300003051758 32.5099983215332 32.4599990844727 32.5400009155273 32.560001373291 32.5299987792969 32.4700012207031 32.4099998474121 32.2799987792969 32.060001373291
25.2900009155273 25.2199993133545 25.3700008392334 25.2299995422363 25.2800006866455 25.5400009155273 25.6200008392334 25.5599994659424 25.5900001525879 25.5400009155273 25.5799999237061 25.6800003051758 25.7399997711182 25.8299999237061 26.1000003814697 26.4500007629395 26.6900005340576 26.9699993133545 27.2000007629395 27.2999992370605 27.4099998474121 27.5900001525879 27.7199993133545 27.9699993133545 28.3299999237061 28.7600002288818 29.3099994659424 29.6399993896484 29.7999992370605 30.1200008392334 30.5 30.8600006103516 31.2099990844727 31.6299991607666 31.9400005340576 32.2799987792969 32.7400016784668 32.8899993896484 32.9300003051758 32.9900016784668 33.0299987792969 33 32.939998626709 32.9300003051758 32.7299995422363 32.5
25.7800006866455 25.7199993133545 25.7600002288818 25.7900009155273 25.8500003814697 25.7299995422363 25.7199993133545 25.3799991607666 25.2299995422363 25.1499996185303 25.0799999237061 24.9599990844727 24.9699993133545 25.1299991607666 25.4699993133545 25.8999996185303 26.2000007629395 26.5400009155273 26.8600006103516 27.1700000762939 27.4300003051758 27.7999992370605 28.1499996185303 28.5499992370605 29.0100002288818 29.4899997711182 29.9300003051758 30.3700008392334 30.8500003814697 31.3199996948242 31.8899993896484 32.7200012207031 34.060001373291 34.9000015258789 34.5400009155273 33.4099998474121 33.3800010681152 33.4799995422363 33.5299987792969 33.5299987792969 33.4700012207031 33.4500007629395 33.5200004577637 33.5099983215332 33.1800003051758 32.9000015258789
26.4099998474121 26.3799991607666 26.1900005340576 26.1900005340576 26.1700000762939 26.0499992370605 25.7600002288818 25.3500003814697 25.0699996948242 24.8299999237061 24.6399993896484 24.5 24.5200004577637 24.7600002288818 25.1499996185303 25.5599994659424 26 26.4099998474121 26.8099994659424 27.2299995422363 27.6200008392334 28.0900001525879 28.5900001525879 29.1000003814697 29.7399997711182 30.4400005340576 31.2399997711182 32.0299987792969 32.8899993896484 33.810001373291 34.8400001525879 36.1500015258789 37.1500015258789 37.2799987792969 36.7799987792969 35.4199981689453 34.2700004577637 34.0200004577637 34.1699981689453 34.189998626709 34.1800003051758 34.0499992370605 34.0699996948242 33.939998626709 33.5900001525879 33.2900009155273
27.1299991607666 27.0499992370605 26.6800003051758 26.5300006866455 26.5300006866455 26.2000007629395 25.7999992370605 25.6800003051758 25.2299995422363 24.9500007629395 24.7900009155273 24.5499992370605 24.5400009155273 24.75 25.1599998474121 25.5499992370605 25.9599990844727 26.4799995422363 26.8899993896484 27.3600006103516 27.9099998474121 28.4599990844727 29.0799999237061 29.9300003051758 31.0300006866455 32.3400001525879 33.7299995422363 34.9799995422363 35.8800010681152 35.9900016784668 36.1100006103516 36.6800003051758 37.1800003051758 37.2700004577637 37.4000015258789 37.3600006103516 35.8300018310547 34.5999984741211 34.6399993896484 34.6300010681152 34.4300003051758 34.4199981689453 34.4000015258789 34.2299995422363 33.9700012207031 33.560001373291
27.6399993896484 27.3400001525879 27.1000003814697 26.7000007629395 26.5699996948242 26.1299991607666 26.2700004577637 26.0200004577637 25.7900009155273 25.7299995422363 25.3500003814697 25.3199996948242 25.3400001525879 25.4599990844727 25.6200008392334 26.0200004577637 26.4599990844727 26.8799991607666 27.2000007629395 27.8400001525879 28.4300003051758 29.1000003814697 29.7999992370605 30.6599998474121 32.1100006103516 33.5299987792969 34.6199989318848 35.3199996948242 35.7299995422363 36.0800018310547 36.4700012207031 36.7700004577637 37.189998626709 37.3699989318848 37.4099998474121 37.4000015258789 36.1599998474121 34.6599998474121 34.8300018310547 34.7999992370605 34.5099983215332 34.4199981689453 34.4700012207031 34.3699989318848 34.1500015258789 33.810001373291
27.9599990844727 27.5100002288818 27.1900005340576 26.7900009155273 26.3700008392334 26.0799999237061 26.3199996948242 26.4500007629395 26.6700000762939 26.4099998474121 26.2299995422363 26.2399997711182 26.3199996948242 26.2399997711182 26.6299991607666 26.8600006103516 27.1000003814697 27.5 27.8700008392334 28.7000007629395 29.5100002288818 30.0100002288818 30.5200004577637 31.0900001525879 32.3199996948242 33.4300003051758 34.3199996948242 35.1100006103516 35.5800018310547 35.8699989318848 36.3300018310547 36.7000007629395 36.9500007629395 37.0400009155273 36.9500007629395 36.75 34.9900016784668 34.0699996948242 34.2000007629395 34.4099998474121 34.3499984741211 34.2599983215332 34.2200012207031 34.3300018310547 34.1699981689453 33.8899993896484
27.8500003814697 27.3500003814697 26.9699993133545 26.6399993896484 26.2700004577637 25.9599990844727 26.1100006103516 26.3199996948242 26.3199996948242 26.7000007629395 26.8199996948242 26.8400001525879 27.0300006866455 26.8899993896484 27.3299999237061 27.6100006103516 27.5900001525879 28.0100002288818 28.5400009155273 29.4799995422363 30.1100006103516 30.6800003051758 31.0799999237061 31.2199993133545 32.2400016784668 33.310001373291 34.0200004577637 34.7099990844727 35.2599983215332 35.6100006103516 35.8400001525879 36.0800018310547 36.3199996948242 36.3400001525879 35.9900016784668 34.5499992370605 33.2900009155273 33.1100006103516 33.3600006103516 33.7099990844727 34.0200004577637 33.9300003051758 34.1800003051758 34.189998626709 34.1199989318848 33.9000015258789
27.2700004577637 26.8700008392334 26.5300006866455 26.2299995422363 25.9699993133545 25.7000007629395 25.7199993133545 25.8600006103516 26.0799999237061 26.5900001525879 26.7600002288818 26.9200000762939 27.0400009155273 27.2000007629395 27.4500007629395 27.7099990844727 27.7099990844727 28.1800003051758 28.7299995422363 29.4500007629395 30.0200004577637 30.5400009155273 30.9500007629395 31.2000007629395 32.1100006103516 33.2999992370605 34.0099983215332 34.6800003051758 35.1500015258789 35.1599998474121 35.3899993896484 35.5 35.1599998474121 34.3400001525879 32.8800010681152 31.8299999237061 31.8299999237061 32.1699981689453 32.5200004577637 33.1699981689453 33.7200012207031 34.0699996948242 34.4500007629395 34.060001373291 33.9900016784668 33.8300018310547
26.3299999237061 26.0699996948242 25.8299999237061 25.6399993896484 25.4899997711182 25.3400001525879 25.2900009155273 25.6399993896484 25.9599990844727 26.1499996185303 26.4099998474121 26.6100006103516 26.7199993133545 26.6599998474121 26.8899993896484 27.2700004577637 27.5 27.8600006103516 28.3299999237061 29.2199993133545 29.7999992370605 30.3099994659424 30.7700004577637 31.1599998474121 32.060001373291 33.1300010681152 33.9300003051758 34.4599990844727 34.4900016784668 34.4799995422363 34.5099983215332 33.3899993896484 31.8799991607666 30.8199996948242 30.2299995422363 30.1399993896484 30.4899997711182 30.9500007629395 31.6900005340576 32.689998626709 33.560001373291 34.2299995422363 34.3899993896484 34.3499984741211 34.1399993896484 33.8600006103516
25.2600002288818 25.1200008392334 25 24.9099998474121 24.8799991607666 24.8600006103516 24.8500003814697 25.0900001525879 25.3600006103516 25.6200008392334 25.8299999237061 26.0900001525879 26.3600006103516 26.4300003051758 26.3600006103516 26.5799999237061 26.9300003051758 27.2999992370605 27.9099998474121 28.7000007629395 29.3999996185303 30.0499992370605 30.6399993896484 31.2399997711182 31.5300006866455 32.6699981689453 33.5200004577637 33.7000007629395 33.4599990844727 33.1199989318848 32.5 31.4699993133545 30.2800006866455 29.5200004577637 28.8400001525879 28.5400009155273 29.3199996948242 30.2199993133545 31.2600002288818 32.2700004577637 33.2700004577637 34.1399993896484 34.5999984741211 34.6399993896484 34.3600006103516 33.8400001525879
24.1900005340576 24.1299991607666 24.1200008392334 24.1200008392334 24.1499996185303 24.25 24.3700008392334 24.6100006103516 24.9099998474121 25.1599998474121 25.4899997711182 25.7299995422363 25.9799995422363 26.2000007629395 26.2700004577637 26.1800003051758 26.2299995422363 26.6700000762939 27.2199993133545 28.0200004577637 28.8899993896484 29.6700000762939 30.4799995422363 31.1800003051758 31.2999992370605 32.2000007629395 32.4700012207031 32.439998626709 32.3800010681152 31.5300006866455 31.3799991607666 30.1700000762939 29.4200000762939 28.9099998474121 28.6800003051758 28.8099994659424 29.5699996948242 30.5400009155273 32.1599998474121 33.5800018310547 34.1100006103516 34.3400001525879 34.6699981689453 34.25 33.8400001525879 33.4599990844727
23.0100002288818 23 23.1200008392334 23.2399997711182 23.3600006103516 23.4799995422363 23.6499996185303 23.8999996185303 24.2199993133545 24.5300006866455 24.8500003814697 25.1599998474121 25.4899997711182 25.7399997711182 25.8600006103516 25.9799995422363 25.9899997711182 26.0799999237061 26.5400009155273 27.3899993896484 28.2900009155273 29.1000003814697 30.0400009155273 30.8500003814697 31.3799991607666 31.3899993896484 31.3299999237061 31.2600002288818 30.8199996948242 30.2399997711182 29.6399993896484 29.2399997711182 28.9200000762939 28.8600006103516 28.9599990844727 29.5900001525879 30.6700000762939 31.7900009155273 33.0400009155273 33.8300018310547 34.1800003051758 33.8699989318848 33.7299995422363 33.3600006103516 33.1199989318848 32.8199996948242
22.0799999237061 22.1200008392334 22.2700004577637 22.4300003051758 22.5799999237061 22.7399997711182 22.9200000762939 23.1299991607666 23.4099998474121 23.7199993133545 24.0799999237061 24.4500007629395 24.8500003814697 25.1800003051758 25.3999996185303 25.5200004577637 25.7199993133545 25.9799995422363 26.4500007629395 27.0900001525879 27.6700000762939 28.4799995422363 29.3099994659424 30.1399993896484 30.8700008392334 31.1299991607666 30.3099994659424 29.9300003051758 29.5699996948242 29.2600002288818 29.0699996948242 28.8199996948242 28.6000003814697 28.8500003814697 29.2700004577637 29.8600006103516 30.7700004577637 31.7600002288818 32.5800018310547 33.2999992370605 33.560001373291 33.2599983215332 32.8300018310547 32.3800010681152 32.2000007629395 31.8799991607666
21.3500003814697 21.4799995422363 21.6599998474121 21.8099994659424 21.9699993133545 22.1299991607666 22.2999992370605 22.5100002288818 22.8199996948242 23.1700000762939 23.4799995422363 23.7900009155273 24.2099990844727 24.6399993896484 24.9300003051758 25.0799999237061 25.3700008392334 25.7299995422363 26.1399993896484 26.6900005340576 27.1800003051758 27.6900005340576 28.2600002288818 28.7800006866455 29.1900005340576 29.0400009155273 29.0100002288818 28.8500003814697 28.6299991607666 28.4500007629395 28.3400001525879 28.2000007629395 28.3600006103516 28.7399997711182 29.0400009155273 29.3099994659424 30 30.6100006103516 31.4899997711182 32.0499992370605 32.2200012207031 32.0400009155273 31.6700000762939 31.4899997711182 31.0200004577637 30.7700004577637
21.3199996948242 21.3899993896484 21.5100002288818 21.6599998474121 21.8799991607666 21.9599990844727 22.0300006866455 22.1800003051758 22.6100006103516 22.9599990844727 23.1900005340576 23.4099998474121 23.7199993133545 24.1499996185303 24.5599994659424 24.75 24.9400005340576 25.3799991607666 25.8299999237061 26.2199993133545 26.5300006866455 26.9200000762939 27.1900005340576 27.3500003814697 27.3799991607666 27.1100006103516 26.8899993896484 27.2999992370605 27.6700000762939 27.5900001525879 27.2199993133545 27.2399997711182 27.6000003814697 27.6900005340576 27.4699993133545 27.8700008392334 28.4799995422363 29.2099990844727 30.1499996185303 30.9799995422363 31.7099990844727 31.2700004577637 30.3400001525879 29.8199996948242 29.5300006866455 29.4400005340576
21.2700004577637 21.3700008392334 21.6100006103516 21.8999996185303 22.2299995422363 22.4699993133545 22.5400009155273 22.6599998474121 23.0300006866455 23.2299995422363 23.2900009155273 23.3600006103516 23.4799995422363 23.7600002288818 24.2099990844727 24.6100006103516 24.8299999237061 25.0900001525879 25.4699993133545 25.7700004577637 25.9699993133545 26.0200004577637 26.1599998474121 26.2399997711182 25.8899993896484 25.5599994659424 25.1399993896484 25.1000003814697 25.7800006866455 26.2099990844727 26.2800006866455 26.3700008392334 26.5699996948242 26.4400005340576 26.1100006103516 26.8199996948242 27.4099998474121 28.2900009155273 29.0300006866455 29.7299995422363 30.3299999237061 30.4899997711182 29.3799991607666 28.3400001525879 27.9599990844727 27.8799991607666
21.3500003814697 21.6900005340576 22.1200008392334 22.6100006103516 23 23.3199996948242 23.5300006866455 23.5499992370605 23.7299995422363 23.8099994659424 23.8099994659424 23.6499996185303 23.5400009155273 23.6100006103516 23.9599990844727 24.3600006103516 24.6900005340576 24.9799995422363 25.25 25.3700008392334 25.4500007629395 25.4899997711182 25.4500007629395 25.3999996185303 25.0400009155273 24.5100002288818 23.8700008392334 23.3500003814697 23.3500003814697 24.2000007629395 24.7399997711182 24.9400005340576 25.0200004577637 25 25.2800006866455 26.0400009155273 27.0300006866455 27.6599998474121 28.2600002288818 28.7999992370605 29.6700000762939 30.2399997711182 29.0799999237061 27.4500007629395 26.7299995422363 26.3600006103516
22.3199996948242 22.8299999237061 23.4400005340576 23.9500007629395 24.3500003814697 24.5599994659424 24.7399997711182 24.8099994659424 24.6900005340576 24.6100006103516 24.4400005340576 24.1900005340576 23.9500007629395 23.8500003814697 23.9599990844727 24.1599998474121 24.4899997711182 24.7600002288818 24.9500007629395 25 25 25.0300006866455 24.9799995422363 24.8899993896484 24.6700000762939 24.1700000762939 23.5499992370605 23.0200004577637 22.5200004577637 22.9200000762939 23.5900001525879 23.8700008392334 24.2199993133545 24.5 24.8700008392334 25.4599990844727 26.1499996185303 26.7000007629395 27.5699996948242 28.5699996948242 29.4099998474121 29.8899993896484 28.8400001525879 27.2199993133545 26.6700000762939 26.4899997711182
23.6200008392334 24.1599998474121 24.7600002288818 25.3899993896484 25.8299999237061 26.0200004577637 26 25.9200000762939 25.6800003051758 25.3600006103516 25.0499992370605 24.7700004577637 24.4699993133545 24.1100006103516 24 24.1100006103516 24.2600002288818 24.4200000762939 24.5599994659424 24.6399993896484 24.6900005340576 24.6800003051758 24.6299991607666 24.5200004577637 24.3299999237061 24.0100002288818 23.6599998474121 23.1900005340576 22.8600006103516 22.75 23.1200008392334 23.3400001525879 23.6599998474121 24.1599998474121 24.3700008392334 25.1200008392334 25.8799991607666 26.4500007629395 27.2099990844727 27.9699993133545 28.4899997711182 28.3999996185303 28.0400009155273 27.2900009155273 27.1100006103516 26.9300003051758
