SnowAccumulation_R/test/pcp/pcp_3.asc
NCOLS 144 
NROWS 72 
XLLCORNER -107.999996877414 
YLLCORNER 47.0000011447333 
CELLSIZE 0.0833333376702586 
NODATA_value -3.4e+38 
[rows 0 to 20 of 72, columns 92 to 137 of 144]
26.5699996948242 26.4400005340576 26.2800006866455 26.1100006103516 26 25.8700008392334 25.6800003051758 25.6299991607666 25.4300003051758 25.2099990844727 25.1299991607666 24.9599990844727 24.75 24.7000007629395 24.6800003051758 24.4699993133545 24.5900001525879 24.6599998474121 24.6800003051758 24.7700004577637 24.8199996948242 24.8600006103516 24.9200000762939 25.0200004577637 25.1100006103516 25.2000007629395 25.2700004577637 25.3400001525879 25.4599990844727 25.5200004577637 25.5699996948242 25.6000003814697 25.6299991607666 25.6399993896484 25.6499996185303 25.6700000762939 25.6499996185303 25.6599998474121 25.7199993133545 25.75 25.75 25.7700004577637 25.7999992370605 25.8500003814697 25.8199996948242 25.8099994659424
27.1000003814697 26.9599990844727 26.8099994659424 26.6499996185303 26.4599990844727 26.2800006866455 26.0799999237061 25.9099998474121 25.8999996185303 25.7700004577637 25.6399993896484 25.5100002288818 25.4599990844727 25.4300003051758 25.3400001525879 25.1200008392334 24.9200000762939 24.8600006103516 24.9400005340576 25.0200004577637 25.1100006103516 25.2000007629395 25.2800006866455 25.3700008392334 25.4500007629395 25.5300006866455 25.6000003814697 25.6599998474121 25.7800006866455 25.8500003814697 25.8899993896484 25.9300003051758 25.9599990844727 25.9799995422363 26 26.0599994659424 26.1000003814697 26.1299991607666 26.1000003814697 26.1000003814697 26.0799999237061 26.1299991607666 26.1599998474121 26.1499996185303 26.1299991607666 26.0799999237061
27.6000003814697 27.5699996948242 27.3899993896484 27.1700000762939 26.9899997711182 26.8199996948242 26.6399993896484 26.4799995422363 26.4200000762939 26.3099994659424 26.1900005340576 26.1000003814697 26.0300006866455 25.9300003051758 25.7700004577637 25.6299991607666 25.5400009155273 25.4099998474121 25.3899993896484 25.4500007629395 25.5200004577637 25.5900001525879 25.6599998474121 25.7299995422363 25.7999992370605 25.8700008392334 25.9400005340576 26 26.1200008392334 26.1800003051758 26.2299995422363 26.2600002288818 26.2999992370605 26.3199996948242 26.3400001525879 26.3700008392334 26.5300006866455 26.5599994659424 26.5799999237061 26.5900001525879 26.5499992370605 26.5300006866455 26.4899997711182 26.4699993133545 26.4300003051758 26.3899993896484
28.0400009155273 28.0699996948242 28 27.6700000762939 27.5 27.3400001525879 27.1700000762939 27.0200004577637 26.9200000762939 26.8099994659424 26.7099990844727 26.6499996185303 26.5799999237061 26.4799995422363 26.2999992370605 26.2299995422363 26.1399993896484 26.0499992370605 25.8500003814697 25.8799991607666 25.9200000762939 25.9799995422363 26.0400009155273 26.1000003814697 26.1599998474121 26.2199993133545 26.2800006866455 26.3400001525879 26.4599990844727 26.5200004577637 26.5699996948242 26.6100006103516 26.6399993896484 26.6700000762939 26.7000007629395 26.7099990844727 26.75 26.9099998474121 26.9699993133545 26.9500007629395 26.9400005340576 26.9200000762939 26.9099998474121 26.8700008392334 26.8400001525879 26.8099994659424
28.5100002288818 28.3799991607666 28.2800006866455 28.1299991607666 27.9799995422363 27.8299999237061 27.6800003051758 27.5200004577637 27.3999996185303 27.3099994659424 27.2299995422363 27.1599998474121 27.0699996948242 26.9400005340576 26.8199996948242 26.7199993133545 26.6700000762939 26.5799999237061 26.3999996185303 26.3199996948242 26.3199996948242 26.3600006103516 26.4099998474121 26.4599990844727 26.5100002288818 26.5699996948242 26.6299991607666 26.6800003051758 26.7999992370605 26.8600006103516 26.9099998474121 26.9599990844727 27 27.0300006866455 27.0599994659424 27.0799999237061 27.0900001525879 27.1800003051758 27.3299999237061 27.3400001525879 27.3099994659424 27.2800006866455 27.2700004577637 27.25 27.2399997711182 27.2199993133545
28.9400005340576 28.8799991607666 28.7199993133545 28.6200008392334 28.4300003051758 28.2900009155273 28.1399993896484 28 27.8700008392334 27.7900009155273 27.7099990844727 27.6499996185303 27.5599994659424 27.4400005340576 27.2900009155273 27.2399997711182 27.1200008392334 27.0400009155273 26.9200000762939 26.8899993896484 26.8600006103516 26.75 26.7700004577637 26.8099994659424 26.8600006103516 26.9099998474121 26.9599990844727 27.0200004577637 27.2099990844727 27.2000007629395 27.2600002288818 27.2999992370605 27.3500003814697 27.3899993896484 27.4200000762939 27.4400005340576 27.4599990844727 27.4699993133545 27.6599998474121 27.7000007629395 27.6599998474121 27.6499996185303 27.6499996185303 27.6399993896484 27.6200008392334 27.6499996185303
29.2800006866455 29.1900005340576 29.0799999237061 28.9599990844727 28.8299999237061 28.7299995422363 28.5599994659424 28.4500007629395 28.3999996185303 28.2399997711182 28.1700000762939 28.0799999237061 28.0100002288818 27.8799991607666 27.7800006866455 27.6900005340576 27.5900001525879 27.4899997711182 27.3400001525879 27.3500003814697 27.3600006103516 27.2199993133545 27.1000003814697 27.1399993896484 27.1800003051758 27.2399997711182 27.2900009155273 27.3500003814697 27.7000007629395 27.5400009155273 27.5900001525879 27.6499996185303 27.7000007629395 27.7399997711182 27.7800006866455 27.8099994659424 27.8299999237061 27.8400001525879 27.8700008392334 28.0599994659424 28.0100002288818 28 28.0100002288818 28.0100002288818 28.0100002288818 28.0100002288818
29.5599994659424 29.4699993133545 29.3700008392334 29.2900009155273 29.1800003051758 29.0599994659424 28.9300003051758 28.8099994659424 28.7099990844727 28.6299991607666 28.5599994659424 28.4799995422363 28.4200000762939 28.2999992370605 28.2299995422363 28.1100006103516 28.1100006103516 27.8999996185303 27.6700000762939 27.6000003814697 27.5300006866455 27.4500007629395 27.4099998474121 27.4400005340576 27.4899997711182 27.5400009155273 27.6000003814697 27.6599998474121 28.0400009155273 27.8600006103516 27.9200000762939 27.9799995422363 28.0400009155273 28.1000003814697 28.1399993896484 28.1800003051758 28.2099990844727 28.2199993133545 28.2299995422363 28.2999992370605 28.3700008392334 28.3400001525879 28.3700008392334 28.3600006103516 28.3500003814697 28.3199996948242
29.8099994659424 29.7299995422363 29.6499996185303 29.5799999237061 29.4799995422363 29.3600006103516 29.2399997711182 29.1399993896484 29.0599994659424 28.9699993133545 28.8899993896484 28.8500003814697 28.7600002288818 28.6599998474121 28.5699996948242 28.4799995422363 28.3700008392334 28.1800003051758 28 27.9099998474121 27.8700008392334 27.8099994659424 27.7700004577637 27.7600002288818 27.7700004577637 27.8099994659424 27.8700008392334 27.9400005340576 28.1499996185303 28.1599998474121 28.2399997711182 28.3099994659424 28.3799991607666 28.4400005340576 28.5 28.5499992370605 28.5900001525879 28.6200008392334 28.6299991607666 28.6599998474121 28.7299995422363 28.7299995422363 28.7399997711182 28.7299995422363 28.7099990844727 28.7399997711182
30.0900001525879 29.9200000762939 29.8799991607666 29.7999992370605 29.7099990844727 29.6000003814697 29.6100006103516 29.4799995422363 29.3199996948242 29.2299995422363 29.1800003051758 29.1200008392334 29.0200004577637 28.9200000762939 28.8199996948242 28.7299995422363 28.5900001525879 28.4300003051758 28.3199996948242 28.2199993133545 28.1900005340576 28.1800003051758 28.0699996948242 28.0799999237061 28.0699996948242 28.1000003814697 28.1200008392334 28.2000007629395 28.3400001525879 28.4400005340576 28.5300006866455 28.6200008392334 28.7000007629395 28.7800006866455 28.8600006103516 28.9200000762939 28.9799995422363 29.0200004577637 29.0499992370605 29.1000003814697 29.1000003814697 29.1200008392334 29.1200008392334 29.1100006103516 29.1000003814697 29.0400009155273
30.3500003814697 30.1100006103516 30.0200004577637 29.9500007629395 29.8500003814697 29.75 29.6800003051758 29.5799999237061 29.5 29.4200000762939 29.3600006103516 29.2999992370605 29.1900005340576 29.0799999237061 28.9899997711182 28.8999996185303 28.8400001525879 28.6900005340576 28.5300006866455 28.4200000762939 28.4400005340576 28.4200000762939 28.3199996948242 28.3099994659424 28.3299999237061 28.3400001525879 28.3299999237061 28.4200000762939 28.5799999237061 28.6900005340576 28.7999992370605 28.9099998474121 29.0400009155273 29.1900005340576 29.1800003051758 29.2800006866455 29.3600006103516 29.4200000762939 29.4599990844727 29.4899997711182 29.5100002288818 29.5200004577637 29.4799995422363 29.4799995422363 29.4300003051758 29.3999996185303
30.4300003051758 30.1900005340576 30.0400009155273 29.9699993133545 29.8899993896484 29.8099994659424 29.7099990844727 29.6399993896484 29.6000003814697 29.5200004577637 29.4500007629395 29.3799991607666 29.2900009155273 29.2000007629395 29.0799999237061 28.9799995422363 28.9300003051758 28.7600002288818 28.6200008392334 28.5799999237061 28.5 28.5100002288818 28.5 28.4799995422363 28.5499992370605 28.5400009155273 28.5799999237061 28.6000003814697 28.7800006866455 28.9099998474121 29.0200004577637 29.2199993133545 29.4200000762939 29.4500007629395 29.5400009155273 29.6200008392334 29.7099990844727 29.8099994659424 29.8700008392334 29.9099998474121 29.9200000762939 29.9099998474121 29.8999996185303 29.8400001525879 29.7800006866455 29.7199993133545
30.3199996948242 30.1100006103516 29.9699993133545 29.8899993896484 29.8299999237061 29.7800006866455 29.7199993133545 29.6299991607666 29.6000003814697 29.5 29.4400005340576 29.3400001525879 29.25 29.2000007629395 29.0599994659424 28.9500007629395 28.8999996185303 28.7999992370605 28.7299995422363 28.6399993896484 28.5799999237061 28.5599994659424 28.6000003814697 28.6800003051758 28.7199993133545 28.7299995422363 28.7199993133545 28.75 28.8999996185303 29.0499992370605 29.1800003051758 29.4400005340576 29.6700000762939 29.8199996948242 29.9200000762939 29.9500007629395 30.0300006866455 30.1399993896484 30.2299995422363 30.2900009155273 30.3199996948242 30.3199996948242 30.2800006866455 30.2299995422363 30.1700000762939 30.0799999237061
29.9599990844727 29.8600006103516 29.7299995422363 29.6499996185303 29.6499996185303 29.6399993896484 29.6200008392334 29.5799999237061 29.5400009155273 29.4599990844727 29.3700008392334 29.2700004577637 29.1700000762939 29.0599994659424 28.9099998474121 28.8500003814697 28.7800006866455 28.7099990844727 28.7999992370605 28.7000007629395 28.6200008392334 28.6000003814697 28.6700000762939 28.7099990844727 28.7600002288818 28.8299999237061 28.9500007629395 29.0699996948242 29.2099990844727 29.2299995422363 29.3199996948242 29.5599994659424 29.8600006103516 30.0699996948242 30.0799999237061 30.1900005340576 30.3299999237061 30.4699993133545 30.5900001525879 30.6900005340576 30.75 30.7600002288818 30.7199993133545 30.6499996185303 30.5100002288818 30.3400001525879
29.5100002288818 29.4400005340576 29.3799991607666 29.2900009155273 29.3500003814697 29.3999996185303 29.4500007629395 29.4699993133545 29.4400005340576 29.3999996185303 29.2700004577637 29.1299991607666 29.0100002288818 28.8500003814697 28.7099990844727 28.6700000762939 28.5599994659424 28.5 28.5799999237061 28.5900001525879 28.5900001525879 28.5699996948242 28.6000003814697 28.6399993896484 28.7299995422363 28.8999996185303 29.1000003814697 29.2700004577637 29.4699993133545 29.4599990844727 29.4500007629395 29.6800003051758 29.9099998474121 30.1299991607666 30.2199993133545 30.3899993896484 30.5699996948242 30.7399997711182 30.9099998474121 31.0499992370605 31.1499996185303 31.1900005340576 31.1499996185303 30.9899997711182 30.7999992370605 30.6200008392334
28.7700004577637 28.8299999237061 28.8700008392334 28.8899993896484 28.9799995422363 29.1100006103516 29.2099990844727 29.2800006866455 29.3099994659424 29.2900009155273 29.1299991607666 28.9699993133545 28.7999992370605 28.6599998474121 28.4899997711182 28.3799991607666 28.25 28.1800003051758 28.2099990844727 28.2299995422363 28.2399997711182 28.2900009155273 28.3700008392334 28.5400009155273 28.8299999237061 29.0699996948242 29.25 29.3999996185303 29.5599994659424 29.5 29.6299991607666 29.8500003814697 29.9799995422363 30.1399993896484 30.3199996948242 30.5200004577637 30.7299995422363 30.9200000762939 31.1200008392334 31.3099994659424 31.4799995422363 31.6100006103516 31.5900001525879 31.3899993896484 31.0599994659424 30.7900009155273
27.8500003814697 28.1000003814697 28.3099994659424 28.4899997711182 28.6700000762939 28.7999992370605 28.9099998474121 28.9899997711182 29.0200004577637 28.9599990844727 28.8700008392334 28.7399997711182 28.5900001525879 28.4200000762939 28.25 28.0900001525879 27.9500007629395 27.8500003814697 27.8199996948242 27.8799991607666 27.9200000762939 28.0100002288818 28.1700000762939 28.5599994659424 28.9500007629395 29.2199993133545 29.3500003814697 29.4699993133545 29.5200004577637 29.5 29.6900005340576 29.9200000762939 30.0300006866455 30.1800003051758 30.3700008392334 30.6299991607666 30.7700004577637 30.9699993133545 31.1700000762939 31.3700008392334 31.5799999237061 31.8199996948242 31.9500007629395 31.4899997711182 31.0699996948242 30.6599998474121
27.0599994659424 27.4799995422363 27.8099994659424 28.0900001525879 28.3700008392334 28.5400009155273 28.6299991607666 28.7099990844727 28.7099990844727 28.6700000762939 28.6299991607666 28.5599994659424 28.3899993896484 28.2199993133545 28.0300006866455 27.8299999237061 27.6399993896484 27.4799995422363 27.4099998474121 27.4799995422363 27.6000003814697 27.75 28.0499992370605 28.5699996948242 28.9400005340576 29.2800006866455 29.4500007629395 29.4799995422363 29.5 29.5300006866455 29.6499996185303 29.8799991607666 30.0400009155273 30.2099990844727 30.4200000762939 30.5699996948242 30.6800003051758 30.8600006103516 31.0200004577637 31.1800003051758 31.3299999237061 31.3899993896484 31.3500003814697 31.0699996948242 30.7000007629395 30.3199996948242
26.9200000762939 27.2700004577637 27.5799999237061 27.8400001525879 28.0499992370605 28.2700004577637 28.3999996185303 28.4899997711182 28.5 28.4699993133545 28.4599990844727 28.4099998474121 28.25 28.1299991607666 27.8999996185303 27.6700000762939 27.4300003051758 27.1599998474121 26.9500007629395 27.2299995422363 27.4500007629395 27.6700000762939 27.9599990844727 28.4099998474121 28.7999992370605 29.1299991607666 29.3099994659424 29.2999992370605 29.3999996185303 29.4300003051758 29.5300006866455 29.7600002288818 29.9500007629395 30.0699996948242 30.2199993133545 30.3700008392334 30.5 30.6100006103516 30.7199993133545 30.8299999237061 30.8299999237061 30.7700004577637 30.6299991607666 30.4200000762939 30.1399993896484 29.8199996948242
27.1399993896484 27.3899993896484 27.6200008392334 27.7800006866455 27.9099998474121 28.1100006103516 28.2600002288818 28.3500003814697 28.3700008392334 28.3799991607666 28.3899993896484 28.3500003814697 28.2600002288818 28.1399993896484 27.8999996185303 27.7000007629395 27.4899997711182 27.2999992370605 27.1900005340576 27.2999992370605 27.4899997711182 27.7099990844727 27.9400005340576 28.2600002288818 28.4799995422363 28.7199993133545 28.9500007629395 28.9899997711182 29.1599998474121 29.2099990844727 29.3799991607666 29.6200008392334 29.7700004577637 29.8899993896484 30.0599994659424 30.2299995422363 30.2900009155273 30.3500003814697 30.3700008392334 30.3999996185303 30.25 30.1200008392334 29.9699993133545 29.7600002288818 29.5100002288818 29.2199993133545
27.4599990844727 27.6299991607666 27.7700004577637 27.8600006103516 27.9799995422363 28.0900001525879 28.2199993133545 28.2900009155273 28.3299999237061 28.3500003814697 28.3999996185303 28.4099998474121 28.3799991607666 28.2600002288818 28.0499992370605 27.8700008392334 27.7199993133545 27.5799999237061 27.4799995422363 27.4500007629395 27.4699993133545 27.5699996948242 27.7900009155273 28.0200004577637 28.1599998474121 28.3299999237061 28.5100002288818 28.7199993133545 28.9799995422363 29.1700000762939 29.3099994659424 29.5499992370605 29.6499996185303 29.7600002288818 30.0499992370605 30.1299991607666 30.1000003814697 30.0799999237061 29.9699993133545 29.8299999237061 29.6499996185303 29.4699993133545 29.2900009155273 29.0900001525879 28.8500003814697 28.6399993896484
