SnowAccumulation_R/test/pcp/pcp_4.asc
NCOLS 144 
NROWS 72 
XLLCORNER -107.999996877414 
YLLCORNER 47.0000011447333 
CELLSIZE 0.0833333376702586 
NODATA_value -3.4e+38 
[rows 0 to 19 of 72, columns 92 to 137 of 144]
31.8700008392334 31.6800003051758 31.4699993133545 31.2399997711182 31.0799999237061 30.8999996185303 30.6599998474121 30.5499992370605 30.2900009155273 30.0100002288818 29.8400001525879 29.5599994659424 29.2099990844727 28.9699993133545 28.7399997711182 28.2900009155273 28.1599998474121 27.9599990844727 27.7299995422363 27.5499992370605 27.3600006103516 27.1499996185303 26.9899997711182 26.8600006103516 26.7399997711182 26.6299991607666 26.5200004577637 26.4099998474121 26.3700008392334 26.2900009155273 26.2099990844727 26.1299991607666 26.0499992370605 25.9899997711182 25.9300003051758 25.8899993896484 25.8400001525879 25.8199996948242 25.8700008392334 25.8999996185303 25.9200000762939 25.9699993133545 26.0400009155273 26.1399993896484 26.1800003051758 26.2399997711182
32.310001373291 32.0900001525879 31.8600006103516 31.6299991607666 31.3600006103516 31.1100006103516 30.8299999237061 30.5900001525879 30.4899997711182 30.2700004577637 30.0300006866455 29.7700004577637 29.5699996948242 29.3600006103516 29.0599994659424 28.6299991607666 28.2099990844727 27.9099998474121 27.7399997711182 27.5900001525879 27.4400005340576 27.2999992370605 27.1599998474121 27.0400009155273 26.9200000762939 26.8099994659424 26.7000007629395 26.6000003814697 26.5599994659424 26.4899997711182 26.4099998474121 26.3400001525879 26.2700004577637 26.2099990844727 26.1599998474121 26.1700000762939 26.1700000762939 26.1700000762939 26.1399993896484 26.1399993896484 26.1399993896484 26.2199993133545 26.2999992370605 26.3500003814697 26.3999996185303 26.4400005340576
32.7000007629395 32.5699996948242 32.2900009155273 31.9699993133545 31.6900005340576 31.4200000762939 31.1499996185303 30.8799991607666 30.7199993133545 30.5 30.2399997711182 30.0100002288818 29.7900009155273 29.5 29.1599998474121 28.8199996948242 28.5200004577637 28.1700000762939 27.9300003051758 27.7600002288818 27.6100006103516 27.4599990844727 27.3299999237061 27.2000007629395 27.0799999237061 26.9699993133545 26.8700008392334 26.7800006866455 26.75 26.6800003051758 26.6000003814697 26.5300006866455 26.4699993133545 26.4200000762939 26.3700008392334 26.3500003814697 26.4599990844727 26.4599990844727 26.4699993133545 26.5 26.4899997711182 26.5100002288818 26.5300006866455 26.5799999237061 26.6200008392334 26.6700000762939
33.0099983215332 32.9099998474121 32.7200012207031 32.2599983215332 31.9699993133545 31.6900005340576 31.4099998474121 31.1399993896484 30.9099998474121 30.6599998474121 30.4300003051758 30.2099990844727 29.9799995422363 29.7099990844727 29.3400001525879 29.0799999237061 28.7900009155273 28.5 28.0900001525879 27.9099998474121 27.7600002288818 27.6100006103516 27.4699993133545 27.3500003814697 27.2299995422363 27.1299991607666 27.0300006866455 26.9400005340576 26.9099998474121 26.8500003814697 26.7800006866455 26.7199993133545 26.6700000762939 26.6200008392334 26.5799999237061 26.5400009155273 26.5400009155273 26.6700000762939 26.7199993133545 26.7199993133545 26.7399997711182 26.7700004577637 26.8299999237061 26.8700008392334 26.9200000762939 26.9899997711182
33.3199996948242 33.0299987792969 32.7799987792969 32.4799995422363 32.2000007629395 31.9200000762939 31.6299991607666 31.3400001525879 31.0699996948242 30.8400001525879 30.6100006103516 30.3799991607666 30.1200008392334 29.8099994659424 29.5100002288818 29.2199993133545 28.9899997711182 28.7000007629395 28.3400001525879 28.0599994659424 27.8799991607666 27.7299995422363 27.5900001525879 27.4699993133545 27.3600006103516 27.2600002288818 27.1700000762939 27.0900001525879 27.0699996948242 27.0200004577637 26.9599990844727 26.8999996185303 26.8600006103516 26.8099994659424 26.7800006866455 26.75 26.7299995422363 26.7900009155273 26.9300003051758 26.9500007629395 26.9699993133545 27 27.0699996948242 27.1399993896484 27.2299995422363 27.3199996948242
33.560001373291 33.310001373291 32.9799995422363 32.7200012207031 32.3699989318848 32.0900001525879 31.7900009155273 31.5 31.2199993133545 30.9899997711182 30.75 30.5200004577637 30.2600002288818 29.9599990844727 29.6399993896484 29.3999996185303 29.1000003814697 28.8299999237061 28.5300006866455 28.3199996948242 28.1100006103516 27.8400001525879 27.6900005340576 27.5699996948242 27.4699993133545 27.3700008392334 27.2900009155273 27.2199993133545 27.2800006866455 27.1700000762939 27.1200008392334 27.0799999237061 27.0400009155273 27.0100002288818 26.9799995422363 26.9500007629395 26.9300003051758 26.9200000762939 27.0900001525879 27.1599998474121 27.1599998474121 27.2299995422363 27.3299999237061 27.4200000762939 27.5100002288818 27.6700000762939
33.6500015258789 33.3600006103516 33.0699996948242 32.7799987792969 32.4799995422363 32.2200012207031 31.8999996185303 31.6299991607666 31.4200000762939 31.1000003814697 30.8700008392334 30.6000003814697 30.3600006103516 30.0599994659424 29.7800006866455 29.5100002288818 29.2199993133545 28.9500007629395 28.6299991607666 28.4599990844727 28.2999992370605 28.0100002288818 27.75 27.6399993896484 27.5499992370605 27.4599990844727 27.3999996185303 27.3400001525879 27.5599994659424 27.3199996948242 27.2800006866455 27.2600002288818 27.2299995422363 27.2099990844727 27.1900005340576 27.1700000762939 27.1499996185303 27.1299991607666 27.1499996185303 27.3400001525879 27.3600006103516 27.4500007629395 27.5799999237061 27.6900005340576 27.8299999237061 27.9599990844727
33.6500015258789 33.3499984741211 33.060001373291 32.7999992370605 32.5200004577637 32.2400016784668 31.9400005340576 31.6599998474121 31.3999996185303 31.1499996185303 30.9200000762939 30.6700000762939 30.4300003051758 30.1299991607666 29.8799991607666 29.5900001525879 29.3999996185303 29.0300006866455 28.6399993896484 28.3999996185303 28.1800003051758 27.9599990844727 27.7800006866455 27.6800003051758 27.6000003814697 27.5300006866455 27.4799995422363 27.4400005340576 27.7000007629395 27.4599990844727 27.4400005340576 27.4300003051758 27.4300003051758 27.4200000762939 27.4099998474121 27.3999996185303 27.3899993896484 27.3700008392334 27.3500003814697 27.4099998474121 27.5799999237061 27.6900005340576 27.8500003814697 27.9899997711182 28.1200008392334 28.25
33.560001373291 33.2799987792969 33.0099983215332 32.7599983215332 32.4900016784668 32.2099990844727 31.9300003051758 31.6700000762939 31.4300003051758 31.1700000762939 30.9200000762939 30.7000007629395 30.4400005340576 30.1599998474121 29.8899993896484 29.6200008392334 29.3299999237061 28.9799995422363 28.6399993896484 28.3999996185303 28.2099990844727 28.0100002288818 27.8500003814697 27.7199993133545 27.6299991607666 27.5699996948242 27.5400009155273 27.5200004577637 27.6399993896484 27.5900001525879 27.6000003814697 27.6100006103516 27.6299991607666 27.6499996185303 27.6700000762939 27.6800003051758 27.6900005340576 27.7000007629395 27.7099990844727 27.7600002288818 27.9099998474121 28.0499992370605 28.2000007629395 28.3500003814697 28.4799995422363 28.6599998474121
33.4500007629395 33.0900001525879 32.8699989318848 32.6300010681152 32.3800010681152 32.1100006103516 31.9699993133545 31.6900005340576 31.3700008392334 31.1200008392334 30.8999996185303 30.6599998474121 30.3799991607666 30.1000003814697 29.8199996948242 29.5499992370605 29.2299995422363 28.8999996185303 28.6399993896484 28.3799991607666 28.2199993133545 28.0799999237061 27.8600006103516 27.7700004577637 27.6700000762939 27.6200008392334 27.5799999237061 27.5900001525879 27.6599998474121 27.7099990844727 27.75 27.7900009155273 27.8400001525879 27.8899993896484 27.9500007629395 28 28.0499992370605 28.1000003814697 28.1599998474121 28.2600002288818 28.3500003814697 28.4799995422363 28.6200008392334 28.75 28.8899993896484 28.9899997711182
33.2900009155273 32.8800010681152 32.6300010681152 32.4099998474121 32.1800003051758 31.9300003051758 31.7199993133545 31.4899997711182 31.2600002288818 31.0100002288818 30.7800006866455 30.5499992370605 30.2600002288818 29.9699993133545 29.6800003051758 29.4099998474121 29.1599998474121 28.8400001525879 28.5200004577637 28.2700004577637 28.1499996185303 28.0100002288818 27.8299999237061 27.7299995422363 27.6900005340576 27.6399993896484 27.5900001525879 27.6299991607666 27.7399997711182 27.8199996948242 27.8899993896484 27.9799995422363 28.0900001525879 28.2199993133545 28.2199993133545 28.3299999237061 28.4200000762939 28.5200004577637 28.6100006103516 28.7099990844727 28.8299999237061 28.9500007629395 29.0499992370605 29.1900005340576 29.2900009155273 29.3999996185303
32.9199981689453 32.5400009155273 32.2599983215332 32.0699996948242 31.8700008392334 31.6700000762939 31.4599990844727 31.2600002288818 31.0799999237061 30.8500003814697 30.6200008392334 30.3700008392334 30.0900001525879 29.8099994659424 29.5 29.2000007629395 28.9500007629395 28.6100006103516 28.2999992370605 28.1100006103516 27.9099998474121 27.8099994659424 27.7199993133545 27.6499996185303 27.6700000762939 27.6399993896484 27.6399993896484 27.6599998474121 27.7999992370605 27.9099998474121 28.0100002288818 28.2000007629395 28.3899993896484 28.4400005340576 28.5499992370605 28.6599998474121 28.7800006866455 28.9300003051758 29.0699996948242 29.2000007629395 29.3099994659424 29.4200000762939 29.5400009155273 29.6200008392334 29.7099990844727 29.7999992370605
32.3600006103516 32.0400009155273 31.7999992370605 31.6299991607666 31.4799995422363 31.3400001525879 31.1900005340576 31 30.8500003814697 30.6100006103516 30.3899993896484 30.1100006103516 29.8299999237061 29.5699996948242 29.2299995422363 28.9200000762939 28.6599998474121 28.3600006103516 28.1100006103516 27.8600006103516 27.6800003051758 27.5799999237061 27.5599994659424 27.6100006103516 27.6399993896484 27.6499996185303 27.6399993896484 27.6800003051758 27.8099994659424 27.9599990844727 28.0900001525879 28.3500003814697 28.5900001525879 28.7600002288818 28.8999996185303 28.9799995422363 29.1200008392334 29.2999992370605 29.4799995422363 29.6399993896484 29.7900009155273 29.9099998474121 30.0100002288818 30.1000003814697 30.1900005340576 30.25
31.5499992370605 31.3600006103516 31.1700000762939 31.0400009155273 30.9799995422363 30.9099998474121 30.8400001525879 30.7299995422363 30.5900001525879 30.3999996185303 30.1499996185303 29.8600006103516 29.5599994659424 29.2399997711182 28.8899993896484 28.6000003814697 28.3099994659424 28.0300006866455 27.8999996185303 27.6299991607666 27.4200000762939 27.3500003814697 27.4099998474121 27.4599990844727 27.5300006866455 27.6200008392334 27.75 27.8700008392334 28.0200004577637 28.0699996948242 28.1800003051758 28.4300003051758 28.7399997711182 28.9799995422363 29.0599994659424 29.2299995422363 29.4400005340576 29.6700000762939 29.8899993896484 30.1000003814697 30.2900009155273 30.4400005340576 30.5400009155273 30.6299991607666 30.6399993896484 30.6299991607666
30.6299991607666 30.5200004577637 30.4400005340576 30.3400001525879 30.3799991607666 30.4099998474121 30.4300003051758 30.4099998474121 30.3400001525879 30.1900005340576 29.9099998474121 29.5699996948242 29.2399997711182 28.8799991607666 28.5300006866455 28.2700004577637 27.9400005340576 27.6599998474121 27.5 27.2700004577637 27.1000003814697 27.1200008392334 27.2099990844727 27.2999992370605 27.4300003051758 27.6200008392334 27.8299999237061 28.0200004577637 28.2299995422363 28.25 28.2900009155273 28.5400009155273 28.7900009155273 29.0499992370605 29.2000007629395 29.4500007629395 29.7099990844727 29.9799995422363 30.2600002288818 30.5300006866455 30.7700004577637 30.9599990844727 31.0699996948242 31.0799999237061 31.0499992370605 31.0200004577637
29.4500007629395 29.5 29.5699996948242 29.6299991607666 29.7299995422363 29.8500003814697 29.9300003051758 29.9899997711182 30.0100002288818 29.9500007629395 29.5900001525879 29.2299995422363 28.8600006103516 28.5300006866455 28.1900005340576 27.8899993896484 27.5799999237061 27.3199996948242 27.1499996185303 26.9899997711182 26.8799991607666 26.9200000762939 27.0400009155273 27.2399997711182 27.5400009155273 27.7900009155273 27.9799995422363 28.1499996185303 28.3199996948242 28.2999992370605 28.4500007629395 28.6900005340576 28.8700008392334 29.0699996948242 29.3199996948242 29.6000003814697 29.8899993896484 30.2000007629395 30.5200004577637 30.8600006103516 31.1900005340576 31.4799995422363 31.6299991607666 31.5900001525879 31.4300003051758 31.3199996948242
28.1000003814697 28.4099998474121 28.6900005340576 28.9500007629395 29.1599998474121 29.2700004577637 29.3500003814697 29.3899993896484 29.3700008392334 29.2299995422363 29.0300006866455 28.75 28.4500007629395 28.1499996185303 27.8400001525879 27.5499992370605 27.2900009155273 27.0599994659424 26.9200000762939 26.8600006103516 26.8299999237061 26.8799991607666 27.0200004577637 27.3899993896484 27.7600002288818 28.0200004577637 28.1499996185303 28.2800006866455 28.3299999237061 28.3299999237061 28.5300006866455 28.7700004577637 28.9200000762939 29.1200008392334 29.3700008392334 29.7099990844727 29.9500007629395 30.2800006866455 30.6200008392334 30.9799995422363 31.3600006103516 31.7800006866455 32.1100006103516 31.8099994659424 31.5599994659424 31.3199996948242
26.9599990844727 27.5 27.9300003051758 28.2999992370605 28.6000003814697 28.7199993133545 28.75 28.7600002288818 28.7000007629395 28.5799999237061 28.4599990844727 28.2900009155273 28.0400009155273 27.7999992370605 27.5300006866455 27.2800006866455 27.0300006866455 26.8199996948242 26.7000007629395 26.7099990844727 26.7700004577637 26.8899993896484 27.1399993896484 27.6100006103516 27.9400005340576 28.2299995422363 28.3799991607666 28.3899993896484 28.3999996185303 28.4099998474121 28.5300006866455 28.75 28.9400005340576 29.1499996185303 29.4099998474121 29.6599998474121 29.8899993896484 30.1900005340576 30.5100002288818 30.8299999237061 31.1700000762939 31.4200000762939 31.5699996948242 31.4799995422363 31.2999992370605 31.1000003814697
26.75 27.1499996185303 27.5100002288818 27.7900009155273 27.9899997711182 28.1499996185303 28.2099990844727 28.2099990844727 28.1499996185303 28.0499992370605 27.9799995422363 27.8799991607666 27.6900005340576 27.5499992370605 27.3199996948242 27.1000003814697 26.8799991607666 26.6399993896484 26.4599990844727 26.6900005340576 26.8799991607666 27.0699996948242 27.3299999237061 27.7199993133545 28.0499992370605 28.3099994659424 28.4200000762939 28.3600006103516 28.4099998474121 28.3899993896484 28.4599990844727 28.6700000762939 28.8500003814697 29.0100002288818 29.2299995422363 29.4699993133545 29.7099990844727 29.9699993133545 30.2399997711182 30.5400009155273 30.7299995422363 30.8700008392334 30.9400005340576 30.9300003051758 30.8500003814697 30.7199993133545
27.0300006866455 27.2399997711182 27.4400005340576 27.5699996948242 27.6399993896484 27.7399997711182 27.7800006866455 27.75 27.6800003051758 27.6200008392334 27.5900001525879 27.5499992370605 27.4899997711182 27.3999996185303 27.2299995422363 27.1000003814697 26.9599990844727 26.8400001525879 26.7999992370605 26.9400005340576 27.1599998474121 27.3899993896484 27.6100006103516 27.8899993896484 28.0400009155273 28.1800003051758 28.2999992370605 28.25 28.3099994659424 28.2700004577637 28.3700008392334 28.5499992370605 28.6800003051758 28.8199996948242 29.0499992370605 29.2999992370605 29.5100002288818 29.7299995422363 29.9300003051758 30.1599998474121 30.2299995422363 30.3199996948242 30.3799991607666 30.3799991607666 30.3400001525879 30.2399997711182
