SnowAccumulation_R/test/pcp/pcp_4.asc
NCOLS 144 
NROWS 72 
XLLCORNER -107.999996877414 
YLLCORNER 47.0000011447333 
CELLSIZE 0.0833333376702586 
NODATA_value -3.4e+38 
[rows 20 to 39 of 72, columns 0 to 45 of 144]
21.4699993133545 21.6000003814697 21.6000003814697 21.8099994659424 22.1700000762939 22.7800006866455 23.6399993896484 24.3899993896484 25.1700000762939 25.9599990844727 26.6499996185303 27.1499996185303 27.4300003051758 27.5799999237061 28.1299991607666 28.2800006866455 28.1299991607666 27.2399997711182 25.9099998474121 24.5900001525879 23.4799995422363 22.5 21.5400009155273 20.6800003051758 20.3299999237061 20.8500003814697 21.6200008392334 22.4300003051758 23.1100006103516 23.3999996185303 23.5300006866455 23.8799991607666 24.2700004577637 24.6399993896484 25.0699996948242 25.3600006103516 25.4300003051758 25.3899993896484 25.1000003814697 24.6399993896484 24.1800003051758 23.9200000762939 23.6200008392334 23.6100006103516 24.3899993896484 25.0200004577637
21.5900001525879 21.3400001525879 21.3199996948242 21.5300006866455 21.8299999237061 22.5 22.9500007629395 23.2600002288818 23.8299999237061 24.3999996185303 24.8799991607666 25.2399997711182 25.4400005340576 25.5100002288818 25.4799995422363 25.7199993133545 25.4899997711182 24.8999996185303 23.9799995422363 23.0200004577637 22.1399993896484 21.3899993896484 20.7600002288818 20.25 20.1700000762939 20.6100006103516 21.3099994659424 22.1800003051758 23.0200004577637 23.4899997711182 23.7399997711182 24.1599998474121 24.6000003814697 25.1100006103516 25.6399993896484 25.9099998474121 26.0400009155273 26.4200000762939 25.9200000762939 25.3299999237061 24.7099990844727 24.3099994659424 23.9300003051758 23.8400001525879 24.7000007629395 25.1200008392334
21.9699993133545 21.3099994659424 21.1200008392334 21.5 21.6900005340576 21.9400005340576 22.0100002288818 22.0499992370605 22.1700000762939 22.4699993133545 22.9200000762939 23.1399993896484 23.2999992370605 23.3899993896484 23.3799991607666 23.2600002288818 23.0300006866455 22.6700000762939 22.1200008392334 21.4599990844727 20.9400005340576 20.6000003814697 20.4099998474121 20.3700008392334 20.4400005340576 20.7700004577637 21.3999996185303 22.2900009155273 23.1399993896484 23.7700004577637 24.1100006103516 24.4500007629395 24.8600006103516 25.3700008392334 25.9300003051758 26.2199993133545 26.8700008392334 27.5599994659424 26.6800003051758 25.75 25.1800003051758 24.6399993896484 24.25 24.0599994659424 24.5100002288818 25.0100002288818
21.2199993133545 21.2999992370605 21.7600002288818 21.5699996948242 21.3400001525879 21.4099998474121 21.0900001525879 20.7900009155273 20.75 20.8500003814697 21.1100006103516 21.3400001525879 21.5 21.5300006866455 21.5400009155273 21.4599990844727 21.2299995422363 20.7999992370605 20.4400005340576 20.0699996948242 19.7399997711182 19.6499996185303 19.7999992370605 20.1399993896484 20.5300006866455 21 21.5200004577637 22.3899993896484 23.3400001525879 24.2099990844727 24.5300006866455 24.6800003051758 24.9300003051758 25.25 25.7700004577637 26.1399993896484 26.3799991607666 26.7600002288818 26.5699996948242 25.8799991607666 25.4099998474121 24.9799995422363 24.6499996185303 24.5 24.6700000762939 25.0400009155273
20.5699996948242 21.2000007629395 21.5 21.2700004577637 20.8199996948242 20.5400009155273 20.2800006866455 20.2399997711182 20.1100006103516 20.0100002288818 20.1700000762939 20.2000007629395 20.1100006103516 20.1900005340576 20.3299999237061 20.3299999237061 20.0300006866455 19.6299991607666 19.25 18.8600006103516 18.6800003051758 18.7299995422363 19.0499992370605 19.5400009155273 20.1399993896484 20.8799991607666 21.5599994659424 22.1800003051758 23.0900001525879 23.9300003051758 24.3600006103516 24.5499992370605 24.7000007629395 24.9799995422363 25.3299999237061 25.7099990844727 25.9699993133545 26.1800003051758 26.2999992370605 26.1399993896484 25.7199993133545 25.1299991607666 24.8899993896484 24.7000007629395 24.6800003051758 24.8799991607666
20.6399993896484 20.8899993896484 21.3700008392334 20.7999992370605 20.1000003814697 19.4899997711182 19.1399993896484 19.0400009155273 19.0699996948242 19.1299991607666 19.4300003051758 19.3600006103516 19.0599994659424 19.3600006103516 19.6200008392334 19.6000003814697 19.3099994659424 18.9300003051758 18.5 18.1399993896484 17.9200000762939 18.3500003814697 18.6900005340576 19.1399993896484 19.6599998474121 20.4099998474121 21.1299991607666 21.7199993133545 22.2800006866455 22.7999992370605 23.3099994659424 23.7999992370605 24.1299991607666 24.5200004577637 24.7800006866455 25.1499996185303 25.5499992370605 25.8400001525879 26.0300006866455 26.0200004577637 25.8899993896484 25.5200004577637 25.2399997711182 25.1000003814697 24.6800003051758 24.8299999237061
20.2600002288818 20.2399997711182 20.6200008392334 20.6000003814697 19.6100006103516 19.2299995422363 19.2900009155273 18.4400005340576 17.8199996948242 17.9699993133545 18.3199996948242 18.4500007629395 18.5699996948242 19.0200004577637 19.1599998474121 19.1100006103516 19 18.8400001525879 18.4099998474121 18.1599998474121 18.2299995422363 18.5400009155273 18.9699993133545 19.2999992370605 19.6399993896484 19.9300003051758 20.4500007629395 20.9200000762939 21.3899993896484 21.8099994659424 22.1900005340576 22.5499992370605 23.0599994659424 23.6299991607666 24.0799999237061 24.3799991607666 24.8199996948242 25.3899993896484 25.7000007629395 25.8099994659424 25.8199996948242 25.7999992370605 25.6800003051758 25.4300003051758 25.2800006866455 25.2000007629395
19.7800006866455 19.3700008392334 19.4400005340576 19.4799995422363 19.2800006866455 19.3099994659424 18.1700000762939 17.8299999237061 17.6900005340576 18.0200004577637 18.3999996185303 18.8500003814697 19.5499992370605 19.7999992370605 19.1299991607666 18.7800006866455 18.9099998474121 18.7199993133545 18.6200008392334 18.4899997711182 18.5400009155273 18.7700004577637 19.1499996185303 19.5100002288818 19.8500003814697 20.0599994659424 20.2199993133545 20.3199996948242 20.4599990844727 20.7399997711182 21 21.2800006866455 21.7199993133545 22.3799991607666 23.1000003814697 23.8500003814697 24.5300006866455 25.0699996948242 25.3899993896484 25.8500003814697 26.75 27.1299991607666 27.3400001525879 27.1800003051758 26.6900005340576 26.3700008392334
19.9500007629395 20.2099990844727 19.8400001525879 19.3199996948242 19.2800006866455 18.6900005340576 18.6800003051758 19.2800006866455 19.5200004577637 19.7099990844727 19.8099994659424 19.6800003051758 19.6200008392334 19.7299995422363 19.5599994659424 18.9200000762939 18.9300003051758 18.9300003051758 18.9400005340576 18.8500003814697 19.0100002288818 19.1700000762939 19.2900009155273 19.6200008392334 20 20.1900005340576 20.1700000762939 20.0300006866455 19.8799991607666 19.75 19.6900005340576 19.8500003814697 20.3999996185303 21.1800003051758 22.0900001525879 22.9599990844727 23.8199996948242 24.5599994659424 25.1399993896484 25.7299995422363 26.3999996185303 27.0699996948242 27.7000007629395 27.9899997711182 27.5400009155273 27.2000007629395
20.7700004577637 20.6000003814697 20.5 20.2000007629395 20.1800003051758 20.1399993896484 20.0900001525879 20.0900001525879 20.2399997711182 20.2099990844727 20.2399997711182 19.8099994659424 19.6700000762939 19.6100006103516 19.9200000762939 19.7700004577637 19.6000003814697 19.6200008392334 19.9400005340576 19.7299995422363 19.3799991607666 19.5599994659424 19.7000007629395 19.8600006103516 20.0699996948242 20.3099994659424 20.3799991607666 20.2199993133545 19.9899997711182 19.6000003814697 19.0799999237061 18.7600002288818 19.5599994659424 20.6100006103516 21.5 22.2600002288818 23.0699996948242 23.8500003814697 24.6900005340576 25.2999992370605 25.8600006103516 26.3199996948242 26.7800006866455 27.0599994659424 27.1200008392334 27.2099990844727
20.7600002288818 20.7199993133545 20.7999992370605 20.8500003814697 20.7000007629395 20.9899997711182 20.6800003051758 20.3199996948242 20.3999996185303 20.1900005340576 20.2099990844727 20.4400005340576 20.1399993896484 19.9099998474121 19.5900001525879 19.5499992370605 19.5699996948242 19.7700004577637 20.0400009155273 20 20.0900001525879 20.1399993896484 20.2199993133545 20.4099998474121 20.5400009155273 20.6100006103516 20.6900005340576 20.7700004577637 20.7199993133545 20.4599990844727 20.0699996948242 19.8299999237061 19.9699993133545 20.5699996948242 21.1800003051758 21.8700008392334 22.5300006866455 23.1900005340576 23.8799991607666 24.5300006866455 25.1299991607666 25.4599990844727 25.7199993133545 25.9099998474121 26.0900001525879 26.3199996948242
20.8899993896484 20.9400005340576 21.3099994659424 21.0699996948242 20.7900009155273 20.6800003051758 20.75 20.9699993133545 20.7999992370605 20.7600002288818 20.4899997711182 20.3500003814697 20.3700008392334 20.0799999237061 19.7000007629395 19.5900001525879 19.5900001525879 19.8199996948242 20.1900005340576 20.6299991607666 21.0100002288818 20.8999996185303 20.7099990844727 21.0599994659424 21.5699996948242 21.5699996948242 21.3799991607666 21.4599990844727 21.6399993896484 21.5100002288818 20.9799995422363 20.4599990844727 20.3799991607666 20.5900001525879 20.9799995422363 21.5200004577637 22.0799999237061 22.6700000762939 23.3099994659424 23.8299999237061 24.25 24.4699993133545 24.6299991607666 24.7999992370605 24.9200000762939 25.1299991607666
21.4300003051758 21.5900001525879 21.1499996185303 21.3999996185303 21.5100002288818 21.3099994659424 21.1499996185303 21.1100006103516 21.3400001525879 21.75 21.6200008392334 21.1700000762939 20.7099990844727 20.3299999237061 19.9599990844727 19.7399997711182 19.6599998474121 19.8199996948242 20.2900009155273 20.7600002288818 21.1299991607666 21.1900005340576 21.4899997711182 21.8299999237061 22.0699996948242 22.3400001525879 22.2199993133545 22.0900001525879 22.1599998474121 22.1000003814697 21.2399997711182 20.5200004577637 20.1700000762939 20.1900005340576 20.5 21.0100002288818 21.5900001525879 22.1900005340576 22.7099990844727 23.1900005340576 23.5499992370605 23.7700004577637 23.8899993896484 23.9300003051758 23.9899997711182 24.1100006103516
22.0699996948242 21.5499992370605 21.6599998474121 21.9099998474121 21.7900009155273 21.7000007629395 21.7299995422363 21.8799991607666 21.75 21.5799999237061 21.6299991607666 21.5699996948242 20.7399997711182 20.0599994659424 19.8299999237061 19.6299991607666 19.7399997711182 19.9500007629395 20.3299999237061 20.7099990844727 21.1200008392334 21.3500003814697 21.4300003051758 21.6100006103516 21.7399997711182 21.9099998474121 22.2299995422363 22.3600006103516 21.5900001525879 21.1499996185303 20.6000003814697 19.9400005340576 19.5200004577637 19.5499992370605 19.9200000762939 20.4500007629395 21.0699996948242 21.6900005340576 22.2399997711182 22.7000007629395 23.0499992370605 23.2900009155273 23.4200000762939 23.4300003051758 23.3799991607666 23.3199996948242
21.8099994659424 21.8700008392334 22.1200008392334 22.1800003051758 22.1200008392334 22.2800006866455 22.1399993896484 21.6299991607666 21.5599994659424 21.4400005340576 21.1299991607666 20.7000007629395 20.1700000762939 19.8299999237061 19.6399993896484 19.6800003051758 19.8299999237061 20.1000003814697 20.4699993133545 20.8299999237061 20.9099998474121 21.0400009155273 21.1100006103516 21.1900005340576 21.2600002288818 21.3099994659424 21.4500007629395 21.7399997711182 21.3600006103516 20.9200000762939 20.6599998474121 19.6599998474121 19.0799999237061 19.1599998474121 19.6599998474121 20.2099990844727 20.8099994659424 21.3799991607666 21.9599990844727 22.4500007629395 22.8299999237061 23.0900001525879 23.2199993133545 23.25 23.1700000762939 23
22.0499992370605 22.0300006866455 21.9200000762939 21.9599990844727 21.9599990844727 21.8400001525879 21.7099990844727 21.8700008392334 21.7099990844727 21.5799999237061 21.5100002288818 20.8799991607666 20 19.7000007629395 19.5400009155273 19.5300006866455 19.6900005340576 19.8899993896484 20.2099990844727 20.7099990844727 21.1700000762939 21.2700004577637 21.2399997711182 21.0799999237061 21.0400009155273 21.0100002288818 20.9300003051758 20.9699993133545 21.2000007629395 21.1800003051758 21.2800006866455 19.7999992370605 19.7999992370605 20.1800003051758 19.9899997711182 20.3600006103516 20.9300003051758 21.4300003051758 21.9400005340576 22.4500007629395 22.8899993896484 23.1900005340576 23.3600006103516 23.4400005340576 23.4099998474121 23.3199996948242
22.1700000762939 22 21.8600006103516 21.7399997711182 21.5400009155273 21.3199996948242 20.7299995422363 20.5300006866455 20.5100002288818 20.4799995422363 20.5100002288818 20.1800003051758 19.8299999237061 19.75 19.6599998474121 19.5900001525879 19.6299991607666 19.8099994659424 20.1200008392334 20.7800006866455 21.1900005340576 21.2399997711182 21.2199993133545 21.0300006866455 21.0599994659424 21 20.7299995422363 20.6700000762939 20.7299995422363 21.2199993133545 20.7299995422363 20.3600006103516 21.2000007629395 21.8500003814697 20.8600006103516 20.9699993133545 21.4099998474121 22.0200004577637 22.5 22.8799991607666 23.2700004577637 23.6000003814697 23.8299999237061 23.9799995422363 24.0200004577637 24.0100002288818
22.3600006103516 21.5699996948242 21.3999996185303 21.1599998474121 20.9500007629395 20.6399993896484 20.2800006866455 20.0900001525879 20.1299991607666 20.0400009155273 19.9899997711182 19.9799995422363 20.1299991607666 20.1499996185303 19.8999996185303 19.6499996185303 19.5499992370605 19.5499992370605 19.9599990844727 20.4699993133545 20.8999996185303 21.2199993133545 21.2999992370605 21.2800006866455 21.3099994659424 21.1200008392334 20.6100006103516 20.0400009155273 19.9799995422363 20.5400009155273 20.6100006103516 21.1599998474121 21.2000007629395 21.2600002288818 21.9200000762939 22.1299991607666 22.2800006866455 22.6599998474121 23.3999996185303 23.9599990844727 24.2399997711182 24.4500007629395 24.5900001525879 24.7399997711182 24.8500003814697 24.8700008392334
21.6499996185303 21.1299991607666 20.6499996185303 20.3999996185303 20.2900009155273 20.1900005340576 20.0900001525879 20.1499996185303 20.2000007629395 20.2299995422363 20.2000007629395 20.2600002288818 20.2299995422363 20.0699996948242 19.9799995422363 19.8400001525879 19.6599998474121 19.7700004577637 20.1700000762939 20.4200000762939 20.7700004577637 21.1399993896484 21.3099994659424 21.5900001525879 21.5200004577637 20.9300003051758 20.2399997711182 19.5200004577637 19.4099998474121 19.3299999237061 19.3799991607666 19.7700004577637 20.4799995422363 21.1900005340576 21.9899997711182 22.7800006866455 23.5499992370605 23.9300003051758 24.2800006866455 24.7800006866455 25.3799991607666 25.7099990844727 25.7800006866455 25.8099994659424 25.8400001525879 25.8299999237061
21.0200004577637 21.0400009155273 20.5799999237061 20.3400001525879 20.2999992370605 20.1299991607666 20.2299995422363 20.1399993896484 20.1200008392334 20.0499992370605 19.8899993896484 19.9099998474121 19.7800006866455 19.5799999237061 19.6200008392334 19.5599994659424 19.6200008392334 20.0100002288818 20.3999996185303 20.6700000762939 20.9099998474121 21.1200008392334 21.2800006866455 21.4599990844727 21.4300003051758 20.4300003051758 19.2000007629395 18.7199993133545 18.5900001525879 18.6399993896484 18.9099998474121 19.2999992370605 20.2199993133545 21.2000007629395 22.1800003051758 23.0900001525879 24.0400009155273 25.0799999237061 26.1399993896484 26.1499996185303 26.3199996948242 26.8400001525879 27.1800003051758 27.2800006866455 27.1599998474121 26.9599990844727
