SnowAccumulation_R/test/pcp/pcp_1.asc
NCOLS 144 
NROWS 72 
XLLCORNER -107.999996877414 
YLLCORNER 47.0000011447333 
CELLSIZE 0.0833333376702586 
NODATA_value -3.4e+38 
[rows 40 to 59 of 72, columns 46 to 91 of 144]
22.3999996185303 21.5 20.6299991607666 19.7900009155273 19.2000007629395 19.0100002288818 19.0499992370605 19.0699996948242 19.0599994659424 19 19.0100002288818 19.0499992370605 19.1100006103516 19.2299995422363 19.3899993896484 19.5300006866455 19.6800003051758 19.8400001525879 20.0200004577637 20.2199993133545 20.5 20.7999992370605 21.0599994659424 21.3799991607666 21.6399993896484 21.9599990844727 22.3600006103516 22.6299991607666 22.9300003051758 23.1100006103516 23.2999992370605 23.3999996185303 23.5 23.4699993133545 23.4099998474121 23.3500003814697 23.1000003814697 23.0300006866455 22.8700008392334 22.7299995422363 22.5599994659424 22.4400005340576 22.3999996185303 22.3600006103516 22.2800006866455 22.2399997711182
23.1000003814697 22.0100002288818 21.0100002288818 20.2700004577637 19.7299995422363 19.2900009155273 19.2299995422363 19.2800006866455 19.3400001525879 19.2999992370605 19.3299999237061 19.4300003051758 19.5200004577637 19.6100006103516 19.7099990844727 19.7700004577637 19.8199996948242 19.9200000762939 20.0599994659424 20.2399997711182 20.3799991607666 20.6100006103516 20.8799991607666 21.1399993896484 21.4799995422363 21.8600006103516 22.2099990844727 22.5200004577637 22.8799991607666 23.1499996185303 23.3999996185303 23.5400009155273 23.6499996185303 23.5799999237061 23.5 23.3700008392334 23.2000007629395 23.0200004577637 22.8700008392334 22.7000007629395 22.5900001525879 22.5400009155273 22.5300006866455 22.5799999237061 22.6599998474121 22.8600006103516
22.5400009155273 21.7299995422363 20.9899997711182 20.3299999237061 19.8400001525879 19.4099998474121 19.1900005340576 19.25 19.3500003814697 19.4300003051758 19.5400009155273 19.6599998474121 19.7399997711182 19.8500003814697 19.8999996185303 19.8299999237061 19.7600002288818 19.7600002288818 19.8299999237061 19.9699993133545 20.1599998474121 20.3799991607666 20.6499996185303 20.9899997711182 21.3400001525879 21.7399997711182 22.1299991607666 22.4699993133545 22.75 23.2199993133545 23.5300006866455 23.6700000762939 23.7299995422363 23.6299991607666 23.5100002288818 23.3099994659424 23.1499996185303 22.9400005340576 22.75 22.5900001525879 22.5200004577637 22.5400009155273 22.6100006103516 22.7399997711182 23.0300006866455 23.3500003814697
20.8700008392334 20.4799995422363 20.1499996185303 19.7600002288818 19.3999996185303 19.1299991607666 18.8999996185303 18.8899993896484 19.1100006103516 19.3199996948242 19.5300006866455 19.6700000762939 19.7099990844727 19.6900005340576 19.6200008392334 19.5100002288818 19.4400005340576 19.3899993896484 19.4200000762939 19.5200004577637 19.6700000762939 19.8899993896484 20.1900005340576 20.5900001525879 21.0499992370605 21.5300006866455 22.1000003814697 22.6900005340576 23.2000007629395 23.5699996948242 23.7099990844727 23.6800003051758 23.6299991607666 23.4899997711182 23.3700008392334 23.1700000762939 22.9200000762939 22.6700000762939 22.4300003051758 22.2700004577637 22.2399997711182 22.3400001525879 22.5200004577637 22.8400001525879 23.3299999237061 23.7199993133545
19.2299995422363 19.0799999237061 18.8199996948242 18.7000007629395 18.5499992370605 18.4099998474121 18.3299999237061 18.2700004577637 18.3799991607666 18.7800006866455 19.2800006866455 19.5200004577637 19.3799991607666 19.1800003051758 18.9699993133545 18.8199996948242 18.7099990844727 18.6499996185303 18.6499996185303 18.7099990844727 18.8500003814697 19.0799999237061 19.3999996185303 19.8099994659424 20.3700008392334 20.9400005340576 21.7000007629395 22.6499996185303 23.5699996948242 23.8700008392334 23.5499992370605 23.1499996185303 22.9799995422363 22.9400005340576 22.9099998474121 22.7600002288818 22.4599990844727 22.0499992370605 21.7700004577637 21.7199993133545 21.7999992370605 21.8999996185303 22.1499996185303 22.5599994659424 23.0300006866455 23.4799995422363
17.3899993896484 17.5699996948242 17.4899997711182 17.3899993896484 17.4500007629395 17.3500003814697 17.1200008392334 17.0400009155273 17.1800003051758 17.5699996948242 18.1200008392334 18.5100002288818 18.3700008392334 18.1499996185303 17.9599990844727 17.8199996948242 17.7099990844727 17.6399993896484 17.6000003814697 17.6000003814697 17.7000007629395 17.8600006103516 18.0900001525879 18.4300003051758 18.9300003051758 19.4599990844727 20.25 21.2800006866455 22.6900005340576 22.8500003814697 21.7900009155273 21.2299995422363 21.2199993133545 21.5900001525879 22.1200008392334 21.9899997711182 21.4799995422363 20.9400005340576 20.8199996948242 20.8700008392334 20.9099998474121 21.0300006866455 21.3400001525879 21.7700004577637 22.2299995422363 22.7299995422363
15.4899997711182 15.6999998092651 15.8199996948242 15.8500003814697 15.9200000762939 15.7399997711182 15.2799997329712 15.0200004577637 15.0900001525879 15.4899997711182 15.9899997711182 16.3600006103516 16.5100002288818 16.5400009155273 16.5400009155273 16.5599994659424 16.5200004577637 16.4500007629395 16.3600006103516 16.3099994659424 16.3099994659424 16.3400001525879 16.3600006103516 16.5499992370605 16.8199996948242 17.2099990844727 17.6299991607666 18.0400009155273 18.2299995422363 18 17.6700000762939 17.7299995422363 18.2099990844727 18.9300003051758 19.6000003814697 19.7999992370605 19.6399993896484 19.3799991607666 19.3500003814697 19.4699993133545 19.5900001525879 19.7700004577637 20.0799999237061 20.5799999237061 21.1000003814697 21.6499996185303
13.6199998855591 13.8900003433228 14.0200004577637 14.0799999237061 14.0500001907349 13.789999961853 13.1999998092651 12.6300001144409 12.6499996185303 13.3000001907349 14 14.539999961853 14.9200000762939 15.1499996185303 15.2600002288818 15.3100004196167 15.3900003433228 15.4300003051758 15.4300003051758 15.3400001525879 15.1800003051758 14.9799995422363 14.7399997711182 14.5600004196167 14.6599998474121 14.9799995422363 15.1300001144409 15.1000003814697 14.5699996948242 13.7600002288818 13.1999998092651 13.9099998474121 15.0299997329712 16.0200004577637 16.7800006866455 17.2399997711182 17.4400005340576 17.5200004577637 17.6599998474121 17.8700008392334 18.1200008392334 18.2800006866455 18.5699996948242 19.1499996185303 19.6299991607666 19.8400001525879
11.9300003051758 11.9700002670288 12.1999998092651 12.3400001525879 12.4899997711182 12.3100004196167 11.8500003814697 11.4200000762939 11.5 12.039999961853 12.7299995422363 13.3199996948242 13.7600002288818 14.0900001525879 14.3000001907349 14.4200000762939 14.5200004577637 14.6099996566772 14.6499996185303 14.6400003433228 14.539999961853 14.3199996948242 13.9399995803833 13.3599996566772 13.3599996566772 13.8299999237061 13.8000001907349 13.5699996948242 12.960000038147 12 11.4300003051758 12.1800003051758 13.2600002288818 14.1800003051758 14.8800001144409 15.3599996566772 15.6400003433228 15.789999961853 16.0100002288818 16.3600006103516 16.5900001525879 16.7999992370605 17.0599994659424 17.5499992370605 18.2900009155273 17.9500007629395
10.6499996185303 10.5699996948242 10.9200000762939 11.3000001907349 11.5100002288818 11.5100002288818 11.5 11.8900003433228 11.9399995803833 12 12.3199996948242 12.8000001907349 13.289999961853 13.5799999237061 13.75 13.8100004196167 13.8900003433228 13.9899997711182 14.0900001525879 14.1800003051758 14.2399997711182 14.2399997711182 14.1899995803833 14.1199998855591 14.0900001525879 14.1000003814697 14.0100002288818 13.4499998092651 13.0600004196167 12.6199998855591 12.3400001525879 12.5200004577637 12.9899997711182 13.5 13.960000038147 14.2799997329712 14.5100002288818 14.6300001144409 14.8400001525879 15.1800003051758 15.4300003051758 15.5799999237061 15.6899995803833 15.8299999237061 16.1700000762939 16.5499992370605
10.1400003433228 10.2600002288818 10.5699996948242 10.9799995422363 11.1700000762939 11.4099998474121 11.6899995803833 11.8199996948242 11.8500003814697 12.0799999237061 12.4899997711182 13.1099996566772 13.6000003814697 13.8100004196167 13.9700002670288 14.0600004196167 14.039999961853 14.0100002288818 14.039999961853 14.1000003814697 14.3000001907349 14.5900001525879 14.9300003051758 15.25 15.4099998474121 15.3699998855591 15.0299997329712 14.5299997329712 13.8299999237061 13.5600004196167 13.2799997329712 13.25 13.3299999237061 13.460000038147 13.6700000762939 13.8299999237061 14.0100002288818 14.1400003433228 14.3100004196167 14.5299997329712 14.6999998092651 14.7799997329712 14.8000001907349 14.789999961853 14.7700004577637 14.9099998474121
9.97999954223633 10.1800003051758 10.3699998855591 10.7299995422363 11.1300001144409 11.3999996185303 11.5699996948242 11.7600002288818 12.0799999237061 12.5100002288818 13.0500001907349 13.4200000762939 13.5799999237061 13.6800003051758 13.7700004577637 13.7700004577637 13.9899997711182 14.0299997329712 14.0900001525879 14.3699998855591 14.7200002670288 15.0500001907349 15.6400003433228 16.3500003814697 17.0300006866455 16.9500007629395 16.3199996948242 15.5900001525879 14.9099998474121 14.2799997329712 14.0600004196167 13.8299999237061 13.710000038147 13.6599998474121 13.6599998474121 13.6899995803833 13.7799997329712 13.8599996566772 13.9499998092651 14.1000003814697 14.2399997711182 14.3100004196167 14.289999961853 14.2399997711182 14.1899995803833 14.1999998092651
9.96000003814697 10.1700000762939 10.5100002288818 11.0100002288818 11.3699998855591 11.4799995422363 11.6199998855591 12.0100002288818 12.4899997711182 12.8900003433228 13.3599996566772 13.6300001144409 13.6499996185303 13.6899995803833 13.6099996566772 13.5600004196167 13.4700002670288 13.3599996566772 13.4799995422363 14.039999961853 14.5699996948242 15.1800003051758 15.8000001907349 16.4899997711182 17.1599998474121 17.3700008392334 16.8199996948242 16.1599998474121 15.539999961853 14.9099998474121 14.4399995803833 14.2299995422363 14 13.8400001525879 13.7299995422363 13.6800003051758 13.6400003433228 13.6499996185303 13.6400003433228 13.7700004577637 13.9399995803833 14.039999961853 13.8999996185303 13.789999961853 13.6999998092651 13.6800003051758
10.1000003814697 10.460000038147 10.9499998092651 11.3699998855591 11.6199998855591 11.6400003433228 11.8699998855591 12.3000001907349 12.7299995422363 13.1199998855591 13.460000038147 13.8199996948242 13.9300003051758 13.8900003433228 13.9700002670288 13.6999998092651 13.4399995803833 13.1899995803833 13.1700000762939 13.8800001144409 14.460000038147 15.1000003814697 15.6700000762939 16.1900005340576 16.5599994659424 16.7299995422363 16.5100002288818 16.1200008392334 15.6899995803833 15.2299995422363 14.7399997711182 14.4099998474121 14.2299995422363 14.0200004577637 13.8500003814697 13.6999998092651 13.5500001907349 13.3999996185303 13.3100004196167 13.3199996948242 13.3599996566772 13.3800001144409 13.3299999237061 13.2700004577637 13.1999998092651 13.1700000762939
10.5799999237061 11.0100002288818 11.460000038147 11.9200000762939 11.9700002670288 12.0699996948242 12.2399997711182 12.6899995803833 13.1300001144409 13.4799995422363 13.6800003051758 13.8599996566772 14.0900001525879 14.2200002670288 14.289999961853 14.1599998474121 13.9099998474121 13.7600002288818 13.75 14.2200002670288 14.6099996566772 15.039999961853 15.4499998092651 15.8400001525879 16.1700000762939 16.3500003814697 16.3299999237061 16.0100002288818 15.5799999237061 15.1700000762939 14.8699998855591 14.460000038147 14.4799995422363 14.2399997711182 14 13.75 13.4700002670288 13.1800003051758 12.9499998092651 12.7799997329712 12.6899995803833 12.6999998092651 12.710000038147 12.7299995422363 12.7399997711182 12.6899995803833
11.0100002288818 11.5100002288818 11.9200000762939 12.1300001144409 12.3999996185303 12.539999961853 12.5900001525879 12.9300003051758 13.3999996185303 13.6700000762939 13.9899997711182 14.1199998855591 14.1300001144409 14.3199996948242 14.3900003433228 14.3100004196167 14.1099996566772 14.0600004196167 14.3299999237061 14.3999996185303 14.5500001907349 14.8599996566772 15.1800003051758 15.4899997711182 15.7399997711182 15.9899997711182 16.0300006866455 15.9499998092651 15.710000038147 15.3900003433228 15.0500001907349 14.7600002288818 14.6800003051758 14.5699996948242 14.289999961853 13.9300003051758 13.4700002670288 12.960000038147 12.4899997711182 12.1700000762939 12.0299997329712 12.039999961853 12.1400003433228 12.2200002670288 12.3000001907349 12.3199996948242
11.4300003051758 11.8100004196167 12.1400003433228 12.460000038147 12.8000001907349 13.039999961853 13.0900001525879 13.3199996948242 13.710000038147 13.8299999237061 14.0699996948242 14.2200002670288 14.0799999237061 14.0299997329712 14.2799997329712 14.3999996185303 14.2299995422363 14.0900001525879 14.4700002670288 14.5200004577637 14.6199998855591 14.7399997711182 14.960000038147 15.1800003051758 15.3699998855591 15.5200004577637 15.6000003814697 15.6599998474121 15.7299995422363 15.5500001907349 15.3100004196167 15.0600004196167 14.8400001525879 14.8900003433228 14.7600002288818 14.1999998092651 13.5100002288818 12.75 12.0799999237061 11.460000038147 11.3199996948242 11.4799995422363 11.6700000762939 11.7299995422363 11.7799997329712 11.789999961853
11.5100002288818 11.7399997711182 12.1899995803833 12.5299997329712 12.960000038147 13.3199996948242 13.5100002288818 13.6499996185303 13.8299999237061 14.0200004577637 14.0299997329712 14.0200004577637 13.7399997711182 13.5699996948242 13.7299995422363 13.8800001144409 13.8400001525879 14.1199998855591 14.4399995803833 14.4799995422363 14.5299997329712 14.6599998474121 14.9499998092651 14.9700002670288 14.9499998092651 15.1099996566772 15.2399997711182 15.3699998855591 15.460000038147 15.5799999237061 15.4899997711182 15.2600002288818 15.0600004196167 14.8800001144409 14.6700000762939 14.1400003433228 13.5299997329712 12.8000001907349 12.1400003433228 11.6099996566772 11.3999996185303 11.3500003814697 11.4300003051758 11.4200000762939 11.4799995422363 11.4799995422363
11.1099996566772 11.6800003051758 12.1800003051758 12.5 12.8500003814697 13.1099996566772 13.3100004196167 13.5799999237061 13.8500003814697 13.9099998474121 13.6499996185303 13.3299999237061 13.1999998092651 13.2600002288818 13.289999961853 13.3900003433228 13.3299999237061 13.539999961853 14.0100002288818 14.2200002670288 14.3500003814697 14.5200004577637 14.6499996185303 14.7299995422363 14.6499996185303 14.789999961853 14.9399995803833 15.0600004196167 15.1300001144409 15.210000038147 15.3500003814697 15.289999961853 15.1499996185303 14.8699998855591 14.5200004577637 14.0500001907349 13.460000038147 12.9899997711182 12.5100002288818 12.0900001525879 11.7600002288818 11.6300001144409 11.5799999237061 11.3999996185303 11.3599996566772 11.289999961853
11.0100002288818 11.6000003814697 11.9399995803833 12.0200004577637 12.289999961853 12.8400001525879 13.1999998092651 13.0500001907349 13.2200002670288 13.1300001144409 13.1000003814697 13.2299995422363 13.1099996566772 13.4499998092651 13.5500001907349 13.6300001144409 13.4499998092651 13.2799997329712 13.2299995422363 13.4700002670288 14.1000003814697 14.0699996948242 14.1000003814697 14.1599998474121 14.3000001907349 14.5200004577637 14.6499996185303 14.7600002288818 14.8599996566772 14.9399995803833 15.0100002288818 15.0299997329712 15.1199998855591 14.9700002670288 14.6999998092651 14.1700000762939 13.7200002670288 13.25 12.7299995422363 12.3999996185303 12.1700000762939 11.960000038147 11.8000001907349 11.5799999237061 11.3800001144409 11.1700000762939
