SnowAccumulation_R/test/pcp/pcp_3.asc
NCOLS 144 
NROWS 72 
XLLCORNER -107.999996877414 
YLLCORNER 47.0000011447333 
CELLSIZE 0.0833333376702586 
NODATA_value -3.4e+38 
[rows 0 to 20 of 72, columns 46 to 91 of 144]
16.8099994659424 16.7299995422363 16.6900005340576 16.6100006103516 16.9200000762939 17.1900005340576 17.3099994659424 17.5699996948242 18 18.3600006103516 18.3099994659424 18.5599994659424 18.9400005340576 19.0100002288818 19.3099994659424 19.8299999237061 20.0499992370605 20.1200008392334 20.2399997711182 20.0100002288818 19.9200000762939 19.9899997711182 20.1200008392334 20.2600002288818 20.5300006866455 20.8299999237061 21.2700004577637 21.7800006866455 22.2000007629395 22.4799995422363 22.9400005340576 23.4200000762939 23.9300003051758 24.5400009155273 25.1299991607666 25.7800006866455 26.4400005340576 26.6599998474121 26.7199993133545 26.8700008392334 26.9500007629395 26.9699993133545 26.9599990844727 26.9500007629395 26.8700008392334 26.7099990844727
17.3199996948242 17.2600002288818 17.3999996185303 17.3099994659424 17.3899993896484 17.6800003051758 17.8299999237061 17.8600006103516 17.9799995422363 18.0300006866455 18.1399993896484 18.3099994659424 18.4200000762939 18.5499992370605 18.8299999237061 19.1599998474121 19.3799991607666 19.6200008392334 19.7999992370605 19.9099998474121 20.0499992370605 20.2399997711182 20.3999996185303 20.6599998474121 21.0200004577637 21.4400005340576 21.9799995422363 22.3500003814697 22.6000003814697 22.9899997711182 23.4699993133545 23.9500007629395 24.4300003051758 24.9899997711182 25.4599990844727 25.9500007629395 26.5400009155273 26.8299999237061 27.0100002288818 27.1800003051758 27.3099994659424 27.3799991607666 27.4099998474121 27.4799995422363 27.3600006103516 27.2199993133545
17.9400005340576 17.9699993133545 18.0699996948242 18.1499996185303 18.2800006866455 18.25 18.3099994659424 18.1000003814697 18.0400009155273 18.0300006866455 18.0400009155273 17.9799995422363 18.0300006866455 18.2099990844727 18.5300006866455 18.9099998474121 19.1800003051758 19.4599990844727 19.7299995422363 19.9899997711182 20.2199993133545 20.5499992370605 20.8700008392334 21.2299995422363 21.6499996185303 22.0900001525879 22.5200004577637 22.9599990844727 23.4500007629395 23.9500007629395 24.5599994659424 25.4300003051758 26.7600002288818 27.6800003051758 27.5400009155273 26.7600002288818 26.9400005340576 27.2000007629395 27.4200000762939 27.5699996948242 27.6599998474121 27.7600002288818 27.9500007629395 28.0499992370605 27.8600006103516 27.6900005340576
18.6700000762939 18.7900009155273 18.7600002288818 18.8700008392334 18.9500007629395 18.9500007629395 18.7800006866455 18.5 18.3199996948242 18.1499996185303 18.0200004577637 17.9099998474121 17.9599990844727 18.1900005340576 18.5499992370605 18.9099998474121 19.2800006866455 19.6200008392334 19.9400005340576 20.2700004577637 20.5900001525879 20.9699993133545 21.3799991607666 21.7999992370605 22.3400001525879 22.9500007629395 23.6499996185303 24.3600006103516 25.1700000762939 26.0699996948242 27.1200008392334 28.5300006866455 29.6800003051758 29.9099998474121 29.5 28.3600006103516 27.5499992370605 27.5400009155273 27.8799991607666 28.0799999237061 28.25 28.3099994659424 28.4799995422363 28.5200004577637 28.3299999237061 28.1800003051758
19.5400009155273 19.6900005340576 19.5599994659424 19.5699996948242 19.7000007629395 19.5499992370605 19.2900009155273 19.2700004577637 18.9300003051758 18.7099990844727 18.5900001525879 18.3700008392334 18.3600006103516 18.5599994659424 18.9200000762939 19.25 19.5799999237061 20 20.2999992370605 20.6599998474121 21.0799999237061 21.4899997711182 21.9599990844727 22.6399993896484 23.5699996948242 24.7000007629395 25.9899997711182 27.2199993133545 28.1399993896484 28.2199993133545 28.3299999237061 29 29.6200008392334 29.7999992370605 30.0699996948242 30.1599998474121 28.7900009155273 27.9300003051758 28.2000007629395 28.4200000762939 28.4599990844727 28.6599998474121 28.8400001525879 28.8700008392334 28.7999992370605 28.5900001525879
20.3700008392334 20.3799991607666 20.3899993896484 20.2299995422363 20.2700004577637 20.0300006866455 20.2600002288818 20.1200008392334 19.9699993133545 19.9400005340576 19.6100006103516 19.5799999237061 19.5799999237061 19.6599998474121 19.7700004577637 20.0900001525879 20.4300003051758 20.7199993133545 20.9200000762939 21.3899993896484 21.8199996948242 22.2999992370605 22.7999992370605 23.4500007629395 24.6700000762939 25.9400005340576 26.9400005340576 27.5900001525879 27.9300003051758 28.25 28.6599998474121 29.0100002288818 29.5599994659424 29.8500003814697 30 30.1399993896484 28.9699993133545 27.8700008392334 28.3099994659424 28.5599994659424 28.5499992370605 28.7099990844727 28.9899997711182 29.1200008392334 29.1299991607666 29
21.1700000762939 21.0900001525879 21.0799999237061 20.9400005340576 20.75 20.6200008392334 20.9300003051758 21.1100006103516 21.3500003814697 21.1299991607666 20.9699993133545 20.9699993133545 21.0200004577637 20.8999996185303 21.2000007629395 21.3400001525879 21.4599990844727 21.7199993133545 21.9200000762939 22.5499992370605 23.1299991607666 23.4099998474121 23.6900005340576 24.0200004577637 24.9899997711182 25.8899993896484 26.6399993896484 27.3299999237061 27.7099990844727 27.9200000762939 28.4200000762939 28.8700008392334 29.2399997711182 29.4300003051758 29.4300003051758 29.3500003814697 27.75 27.2600002288818 27.7099990844727 28.2099990844727 28.4500007629395 28.6599998474121 28.8899993896484 29.2600002288818 29.3500003814697 29.2999992370605
21.7800006866455 21.6900005340576 21.6200008392334 21.5499992370605 21.3799991607666 21.2199993133545 21.4200000762939 21.6499996185303 21.6700000762939 22 22.0900001525879 22.0799999237061 22.2099990844727 22.0300006866455 22.3600006103516 22.5300006866455 22.4099998474121 22.6599998474121 22.9899997711182 23.6800003051758 24.0699996948242 24.3700008392334 24.4899997711182 24.3500003814697 25.0599994659424 25.8600006103516 26.3400001525879 26.8400001525879 27.2700004577637 27.5100002288818 27.7000007629395 28.0100002288818 28.4099998474121 28.5599994659424 28.2900009155273 26.9599990844727 26.1299991607666 26.3500003814697 26.9500007629395 27.6200008392334 28.25 28.5100002288818 29.0499992370605 29.3600006103516 29.5499992370605 29.5799999237061
22.1599998474121 22.1200008392334 22.0699996948242 22 21.8899993896484 21.7399997711182 21.7900009155273 21.9200000762939 22.1000003814697 22.5100002288818 22.6200008392334 22.7099990844727 22.7600002288818 22.8500003814697 23 23.1399993896484 23.0300006866455 23.3199996948242 23.6499996185303 24.1100006103516 24.3999996185303 24.6100006103516 24.6900005340576 24.6000003814697 25.1499996185303 26.0300006866455 26.4400005340576 26.9099998474121 27.1900005340576 26.8500003814697 27.0300006866455 27.2399997711182 26.9300003051758 26.2099990844727 25.0200004577637 24.4200000762939 24.8099994659424 25.5200004577637 26.2600002288818 27.2600002288818 28.1700000762939 28.8899993896484 29.6100006103516 29.5499992370605 29.7600002288818 29.8500003814697
22.2999992370605 22.3500003814697 22.3600006103516 22.3299999237061 22.2700004577637 22.1599998474121 22.0900001525879 22.3700008392334 22.6000003814697 22.6900005340576 22.8500003814697 22.9500007629395 22.9899997711182 22.8700008392334 23 23.2700004577637 23.3600006103516 23.5499992370605 23.7999992370605 24.3799991607666 24.6399993896484 24.7999992370605 24.8899993896484 24.8899993896484 25.3799991607666 26.1000003814697 26.6100006103516 26.8899993896484 26.4599990844727 25.9400005340576 25.6000003814697 24.7900009155273 23.6900005340576 22.9799995422363 22.6800003051758 22.9200000762939 23.6499996185303 24.5499992370605 25.6900005340576 27.0699996948242 28.3400001525879 29.4099998474121 29.9400005340576 30.2399997711182 30.3099994659424 30.2800006866455
22.2900009155273 22.4300003051758 22.5100002288818 22.5200004577637 22.4799995422363 22.3899993896484 22.2999992370605 22.4300003051758 22.5799999237061 22.7099990844727 22.7900009155273 22.9300003051758 23.0900001525879 23.1000003814697 23 23.1399993896484 23.3799991607666 23.5900001525879 23.9599990844727 24.4300003051758 24.7600002288818 25.0100002288818 25.1700000762939 25.3299999237061 25.2099990844727 25.9599990844727 26.5400009155273 26.3799991607666 25.7199993133545 25.0900001525879 24.4099998474121 23.5699996948242 22.6599998474121 22.0900001525879 21.5900001525879 21.5799999237061 22.8099994659424 24.1399993896484 25.6200008392334 27.0699996948242 28.5200004577637 29.8199996948242 30.6700000762939 31.0400009155273 31.0200004577637 30.7199993133545
22.0799999237061 22.3299999237061 22.5499992370605 22.5599994659424 22.4099998474121 22.2999992370605 22.2399997711182 22.3500003814697 22.5400009155273 22.6200008392334 22.7700004577637 22.8899993896484 23.0400009155273 23.2099990844727 23.2700004577637 23.2000007629395 23.2299995422363 23.5799999237061 23.9200000762939 24.3600006103516 24.7800006866455 25.1000003814697 25.4300003051758 25.6800003051758 25.3700008392334 25.8899993896484 25.8500003814697 25.5699996948242 25.3299999237061 24.3700008392334 24.1599998474121 23.1000003814697 22.5 22.1499996185303 22.0900001525879 22.4799995422363 23.5799999237061 24.9699993133545 27.0200004577637 28.9099998474121 29.8799991607666 30.6299991607666 31.3799991607666 31.2099990844727 31.0100002288818 30.8199996948242
21.4200000762939 21.6900005340576 22.0599994659424 22.1000003814697 21.8500003814697 21.6499996185303 21.5599994659424 21.6399993896484 21.8500003814697 22.0200004577637 22.2099990844727 22.4400005340576 22.7199993133545 22.9599990844727 23.1200008392334 23.2800006866455 23.3799991607666 23.5400009155273 23.8700008392334 24.2399997711182 24.6399993896484 24.9500007629395 25.3899993896484 25.7099990844727 25.8099994659424 25.5100002288818 25.2600002288818 25.0599994659424 24.5599994659424 23.9599990844727 23.3899993896484 23.0499992370605 22.8299999237061 22.8999996185303 23.1800003051758 24.0699996948242 25.4899997711182 26.9899997711182 28.6399993896484 29.7999992370605 30.4699993133545 30.6200008392334 30.9400005340576 30.8199996948242 30.7900009155273 30.6599998474121
20.6000003814697 20.7399997711182 20.8700008392334 20.8600006103516 20.7199993133545 20.5499992370605 20.4500007629395 20.4699993133545 20.6499996185303 20.9200000762939 21.2800006866455 21.6700000762939 22.1000003814697 22.4799995422363 22.7600002288818 22.9599990844727 23.2099990844727 23.4699993133545 23.7800006866455 24.1000003814697 24.2800006866455 24.6499996185303 25.0300006866455 25.4099998474121 25.6900005340576 25.6599998474121 24.8999996185303 24.5100002288818 24.1599998474121 23.8700008392334 23.7199993133545 23.5300006866455 23.4099998474121 23.7900009155273 24.3899993896484 25.2199993133545 26.3999996185303 27.6900005340576 28.8099994659424 29.8199996948242 30.3700008392334 30.4500007629395 30.5300006866455 30.3500003814697 30.3700008392334 30.1900005340576
19.7299995422363 19.75 19.75 19.6599998474121 19.5100002288818 19.3199996948242 19.1599998474121 19.1700000762939 19.4899997711182 19.9500007629395 20.3999996185303 20.8500003814697 21.3799991607666 21.8999996185303 22.2800006866455 22.5100002288818 22.8299999237061 23.1399993896484 23.4300003051758 23.75 23.9599990844727 24.1499996185303 24.3899993896484 24.6000003814697 24.7399997711182 24.4799995422363 24.4099998474121 24.2700004577637 24.0799999237061 23.9500007629395 23.8700008392334 23.7900009155273 24.0300006866455 24.5300006866455 24.9699993133545 25.3999996185303 26.2999992370605 27.1399993896484 28.2600002288818 29.0799999237061 29.5400009155273 29.7399997711182 29.8700008392334 29.9899997711182 29.6800003051758 29.5599994659424
18.8700008392334 18.9200000762939 18.9099998474121 18.8400001525879 18.7700004577637 18.5400009155273 18.2700004577637 18.1299991607666 18.7900009155273 19.3899993896484 19.8799991607666 20.3099994659424 20.7999992370605 21.3700008392334 21.8799991607666 22.1499996185303 22.3700008392334 22.7600002288818 23.1000003814697 23.3299999237061 23.4500007629395 23.6200008392334 23.7000007629395 23.6900005340576 23.6299991607666 23.3600006103516 23.2000007629395 23.5599994659424 23.8700008392334 23.8099994659424 23.5100002288818 23.5499992370605 23.9400005340576 24.1200008392334 24.0400009155273 24.5799999237061 25.3400001525879 26.2700004577637 27.4099998474121 28.4699993133545 29.4400005340576 29.3600006103516 28.9400005340576 28.75 28.6599998474121 28.7000007629395
17.8600006103516 18.0300006866455 18.2399997711182 18.3999996185303 18.5499992370605 18.6100006103516 18.5400009155273 18.6399993896484 19.1000003814697 19.5200004577637 19.8500003814697 20.1700000762939 20.5200004577637 20.9699993133545 21.5200004577637 21.9799995422363 22.25 22.4899997711182 22.7800006866455 22.9500007629395 23 22.9200000762939 22.9400005340576 22.9400005340576 22.6299991607666 22.4099998474121 22.1700000762939 22.2600002288818 22.7600002288818 23.0400009155273 23.0799999237061 23.1800003051758 23.3999996185303 23.3700008392334 23.2000007629395 24 24.7399997711182 25.7700004577637 26.7199993133545 27.6399993896484 28.4699993133545 28.9200000762939 28.2900009155273 27.6700000762939 27.5300006866455 27.6000003814697
17.1599998474121 17.5599994659424 17.9899997711182 18.4200000762939 18.7600002288818 19.0300006866455 19.2600002288818 19.3899993896484 19.7199993133545 20.0300006866455 20.2800006866455 20.4200000762939 20.5799999237061 20.8500003814697 21.2999992370605 21.7600002288818 22.1299991607666 22.4099998474121 22.6000003814697 22.6000003814697 22.5400009155273 22.4599990844727 22.3299999237061 22.2399997711182 21.9699993133545 21.6399993896484 21.3199996948242 21.1800003051758 21.3099994659424 21.7399997711182 22.0499992370605 22.1900005340576 22.2800006866455 22.3299999237061 22.7000007629395 23.5499992370605 24.6599998474121 25.4699993133545 26.2800006866455 27.0499992370605 28.1299991607666 28.9300003051758 28.1900005340576 27.0499992370605 26.6800003051758 26.5499992370605
17.2900009155273 17.8600006103516 18.4799995422363 19.0200004577637 19.4699993133545 19.7800006866455 20.1000003814697 20.3799991607666 20.5200004577637 20.7299995422363 20.8700008392334 20.9200000762939 20.9699993133545 21.0799999237061 21.3199996948242 21.5900001525879 21.9400005340576 22.1900005340576 22.2999992370605 22.2199993133545 22.0799999237061 21.9699993133545 21.8099994659424 21.6499996185303 21.4400005340576 21.1100006103516 20.8199996948242 20.6599998474121 20.4899997711182 20.75 21.1599998474121 21.3500003814697 21.6700000762939 21.9899997711182 22.4699993133545 23.1800003051758 24.0400009155273 24.7900009155273 25.8600006103516 27.0799999237061 28.1299991607666 28.8400001525879 28.1399993896484 26.9300003051758 26.6599998474121 26.6399993896484
17.7700004577637 18.4200000762939 19.0900001525879 19.7700004577637 20.3099994659424 20.7000007629395 20.9699993133545 21.2199993133545 21.3500003814697 21.4200000762939 21.4699993133545 21.5200004577637 21.5100002288818 21.3899993896484 21.4099998474121 21.5699996948242 21.7199993133545 21.8199996948242 21.8600006103516 21.8099994659424 21.7199993133545 21.5499992370605 21.3500003814697 21.1000003814697 20.7999992370605 20.5200004577637 20.3999996185303 20.2900009155273 20.2600002288818 20.3099994659424 20.6200008392334 20.8099994659424 21.1200008392334 21.6700000762939 22.0400009155273 22.9699993133545 23.9400005340576 24.7299995422363 25.7299995422363 26.7199993133545 27.4799995422363 27.6399993896484 27.5300006866455 27.0100002288818 27.0300006866455 26.9699993133545
18.4699993133545 18.8799991607666 19.6399993896484 20.4400005340576 21.1200008392334 21.6599998474121 21.7999992370605 21.7900009155273 21.8400001525879 21.9500007629395 21.9799995422363 21.8799991607666 21.8500003814697 21.6599998474121 21.5200004577637 21.5599994659424 21.6499996185303 21.7000007629395 21.6700000762939 21.6900005340576 21.5100002288818 21.3199996948242 21.1900005340576 20.8400001525879 20.4599990844727 20.0499992370605 20.1499996185303 20.2900009155273 20.3600006103516 20.3400001525879 20.4300003051758 20.4799995422363 20.75 21.2299995422363 21.8799991607666 22.7700004577637 23.5699996948242 24.2999992370605 25.0499992370605 25.8400001525879 26.4699993133545 26.7900009155273 27.0599994659424 27.2399997711182 27.3500003814697 27.3500003814697
