SnowAccumulation_R/test/pcp/pcp_3.asc
NCOLS 144 
NROWS 72 
XLLCORNER -107.999996877414 
YLLCORNER 47.0000011447333 
CELLSIZE 0.0833333376702586 
NODATA_value -3.4e+38 
[rows 21 to 41 of 72, columns 46 to 91 of 144]
18.5799999237061 19.2399997711182 20.1000003814697 20.8600006103516 21.6299991607666 22.1399993896484 22.1299991607666 22.2299995422363 22.2600002288818 22.2900009155273 22.2399997711182 22.1200008392334 22 21.75 21.6100006103516 21.6000003814697 21.6100006103516 21.6200008392334 21.6000003814697 21.6599998474121 21.4799995422363 21.2999992370605 21.2199993133545 21.0300006866455 20.7900009155273 20.6200008392334 20.6700000762939 20.7099990844727 20.7600002288818 20.7800006866455 20.8799991607666 20.8099994659424 21.2000007629395 21.7099990844727 22.25 22.9099998474121 23.6700000762939 24.2299995422363 24.7199993133545 25.3700008392334 25.9899997711182 26.5200004577637 27.0599994659424 27.5900001525879 27.8999996185303 27.9599990844727
18.8500003814697 19.5799999237061 20.2800006866455 20.9799995422363 21.6900005340576 22.1499996185303 22.3400001525879 22.5100002288818 22.5100002288818 22.3799991607666 22.3299999237061 22.2700004577637 22.1200008392334 21.8899993896484 21.7900009155273 21.7700004577637 21.7099990844727 21.6599998474121 21.6299991607666 21.6000003814697 21.5300006866455 21.4400005340576 21.4699993133545 21.4099998474121 21.3199996948242 21.2600002288818 21.4200000762939 21.4200000762939 21.4500007629395 21.5 21.5300006866455 21.5699996948242 21.75 22.4899997711182 23.1700000762939 24 24.5699996948242 25.1499996185303 25.5300006866455 25.8400001525879 26.2800006866455 26.8799991607666 27.4899997711182 28.1200008392334 28.6900005340576 28.7600002288818
19.4099998474121 19.9200000762939 20.4699993133545 21.1700000762939 21.8099994659424 22.2800006866455 22.5599994659424 22.7000007629395 22.7900009155273 22.6800003051758 22.4200000762939 22.3700008392334 22.2099990844727 22.0699996948242 21.9300003051758 21.8999996185303 21.7999992370605 21.7800006866455 21.75 21.75 21.75 21.7900009155273 21.8299999237061 21.8899993896484 21.9099998474121 21.9200000762939 22.1900005340576 22.1900005340576 22.2399997711182 22.3199996948242 22.3999996185303 22.5100002288818 22.8299999237061 23.1900005340576 23.8999996185303 24.7600002288818 25.3099994659424 25.7700004577637 26.0599994659424 26.75 27.1599998474121 27.6299991607666 28.2000007629395 28.7299995422363 29.1700000762939 29.4599990844727
19.7600002288818 20.3700008392334 20.9099998474121 21.3299999237061 22.0200004577637 22.4699993133545 22.7399997711182 22.8899993896484 23.1299991607666 22.9200000762939 22.4899997711182 22.3799991607666 22.25 22.1299991607666 22.0100002288818 21.9300003051758 21.8999996185303 21.8799991607666 21.8700008392334 21.9200000762939 22.0599994659424 22.2099990844727 22.3700008392334 22.4699993133545 22.5499992370605 22.6499996185303 22.7299995422363 22.8500003814697 22.9699993133545 23.1499996185303 23.3400001525879 23.4500007629395 23.5599994659424 24.1100006103516 24.9599990844727 25.75 26.4899997711182 27.1100006103516 27.1100006103516 27.5200004577637 27.8400001525879 28.4599990844727 29.0799999237061 29.6000003814697 30.0900001525879 30.6599998474121
20.3500003814697 20.8700008392334 21.2199993133545 21.7800006866455 22.3400001525879 22.7399997711182 22.8899993896484 23.0400009155273 23.1399993896484 22.8600006103516 22.6000003814697 22.4200000762939 22.3099994659424 22.3600006103516 22.1800003051758 21.9200000762939 21.8899993896484 21.9200000762939 22 22.1599998474121 22.3600006103516 22.6599998474121 22.9400005340576 23.1200008392334 23.1800003051758 23.2399997711182 23.3500003814697 23.5100002288818 23.6700000762939 23.8400001525879 24.1100006103516 24.2999992370605 24.2999992370605 25.2999992370605 26.2000007629395 26.6599998474121 26.9899997711182 27.3600006103516 27.4699993133545 27.5900001525879 28.1499996185303 28.5 29.4699993133545 30.1100006103516 30.6599998474121 31.0499992370605
20.8999996185303 21.2099990844727 21.4200000762939 21.7299995422363 21.9699993133545 22.3600006103516 22.6399993896484 22.8600006103516 23 22.8299999237061 22.6599998474121 22.5900001525879 22.7199993133545 22.7199993133545 22.4200000762939 21.9599990844727 21.8799991607666 21.9099998474121 22 22.2299995422363 22.5 22.8099994659424 23.1900005340576 23.5300006866455 23.6200008392334 23.7000007629395 23.7299995422363 23.9599990844727 24.2099990844727 24.4699993133545 24.7199993133545 24.9500007629395 24.9799995422363 26.3199996948242 27.3500003814697 27.2999992370605 27.2099990844727 27.1100006103516 26.9500007629395 27.0100002288818 27.7700004577637 29.1499996185303 30.0599994659424 30.5699996948242 30.8899993896484 31.1299991607666
22.1200008392334 22.2900009155273 22.4400005340576 22.5599994659424 22.8700008392334 22.6299991607666 22.3899993896484 22.8700008392334 23.0200004577637 23.0599994659424 23.1000003814697 23.0699996948242 22.9200000762939 22.7199993133545 22.3999996185303 21.9699993133545 21.8199996948242 21.8600006103516 21.9099998474121 22.25 22.5599994659424 22.9799995422363 23.25 23.5 23.6900005340576 23.9699993133545 24.1000003814697 24.1599998474121 24.4500007629395 24.7600002288818 25.0599994659424 25.2800006866455 25.3500003814697 26.1000003814697 26.9099998474121 26.9300003051758 26.9099998474121 26.8999996185303 26.9799995422363 27.1900005340576 28.4300003051758 29.4599990844727 30.3500003814697 30.8600006103516 31.0699996948242 31.1000003814697
22.8799991607666 22.9899997711182 23.1299991607666 23.2299995422363 23.5200004577637 23.2900009155273 22.9500007629395 22.8199996948242 22.9699993133545 23.2600002288818 23.2600002288818 23.0699996948242 22.8400001525879 22.4200000762939 22.0400009155273 21.9899997711182 21.7000007629395 21.75 22.1200008392334 22.4400005340576 22.7800006866455 23.1399993896484 23.5 23.8600006103516 24.0599994659424 24.1100006103516 24.1700000762939 24.3299999237061 24.5799999237061 24.7900009155273 25.0400009155273 25.25 25.2800006866455 25.5400009155273 25.9300003051758 26.1700000762939 26.2199993133545 26.3899993896484 26.7000007629395 27.1000003814697 27.9300003051758 28.8099994659424 29.7000007629395 30.2199993133545 30.5799999237061 30.8799991607666
23.2999992370605 23.4500007629395 23.6299991607666 23.8099994659424 24.0200004577637 23.9599990844727 23.7900009155273 23.6100006103516 23.3199996948242 22.9699993133545 22.7099990844727 22.4799995422363 22.3199996948242 22.2700004577637 22.3299999237061 22.3299999237061 22.2600002288818 22.1399993896484 22.2900009155273 22.4599990844727 22.8099994659424 23.0400009155273 23.5400009155273 23.9300003051758 24.1100006103516 24.3299999237061 24.2299995422363 24.4400005340576 24.7299995422363 24.8299999237061 24.9300003051758 25.1900005340576 25.2299995422363 24.9300003051758 25.2999992370605 25.2299995422363 25.3099994659424 25.7600002288818 26.1100006103516 26.7999992370605 27.3999996185303 28.0300006866455 28.6200008392334 29.1399993896484 29.5900001525879 29.9799995422363
22.8799991607666 23.2099990844727 23.5200004577637 23.8400001525879 24.1000003814697 24.2000007629395 24.2600002288818 24.1000003814697 23.9300003051758 23.5799999237061 23.1700000762939 22.9599990844727 22.7600002288818 22.5599994659424 22.3600006103516 22.3299999237061 22.3400001525879 22.4099998474121 22.7000007629395 23.1700000762939 23.5699996948242 23.7800006866455 23.8999996185303 24.3700008392334 24.7199993133545 24.8899993896484 24.9599990844727 24.9200000762939 24.7199993133545 25.1900005340576 25.2800006866455 25.1200008392334 25.0400009155273 24.8400001525879 24.8899993896484 25.0699996948242 25.1700000762939 25.4699993133545 25.9099998474121 26.4699993133545 26.8999996185303 27.3799991607666 27.8099994659424 28.2399997711182 28.7700004577637 29.1700000762939
22.0599994659424 22.5499992370605 23.0300006866455 23.3999996185303 23.6499996185303 23.8799991607666 24.1000003814697 24.4099998474121 24.4799995422363 24.0900001525879 23.4400005340576 23.1700000762939 23.1700000762939 22.9699993133545 22.6000003814697 22.4899997711182 22.4200000762939 22.4400005340576 22.6200008392334 23.0699996948242 23.5699996948242 24.0300006866455 24.3700008392334 24.5799999237061 24.8400001525879 25.0300006866455 25.1599998474121 25.2099990844727 25.2099990844727 25.2700004577637 25.3799991607666 25.3600006103516 25.1599998474121 25.0699996948242 24.9599990844727 24.9200000762939 25.2900009155273 25.6200008392334 25.9099998474121 26.2000007629395 26.4899997711182 26.7700004577637 27.0699996948242 27.4099998474121 27.8199996948242 28.3299999237061
20.9599990844727 21.6100006103516 22.2199993133545 22.6900005340576 23.0599994659424 23.4400005340576 23.8099994659424 24.1299991607666 24.3700008392334 24.1700000762939 23.7299995422363 23.2999992370605 23.1299991607666 22.8899993896484 22.6800003051758 22.5 22.3500003814697 22.3899993896484 22.5699996948242 22.8500003814697 23.3600006103516 23.8700008392334 24.3199996948242 24.5499992370605 24.7700004577637 24.9400005340576 25.1700000762939 25.2800006866455 25.3400001525879 25.3600006103516 25.4599990844727 25.5300006866455 25.5100002288818 25.3999996185303 25.3799991607666 25.0900001525879 25.4200000762939 25.6299991607666 25.8099994659424 26 26.0699996948242 26.1900005340576 26.3500003814697 26.5400009155273 26.8999996185303 27.3600006103516
19.9699993133545 20.5599994659424 21.2000007629395 21.8799991607666 22.3899993896484 22.7999992370605 23.2199993133545 23.5499992370605 23.6800003051758 23.5200004577637 23.3299999237061 23.1200008392334 22.8099994659424 22.5699996948242 22.3799991607666 22.2600002288818 22.0799999237061 22.0400009155273 22.4200000762939 22.7800006866455 23.1499996185303 23.6100006103516 24.0300006866455 24.3600006103516 24.6000003814697 24.75 24.9400005340576 25.1700000762939 25.3899993896484 25.4899997711182 25.5499992370605 25.7099990844727 25.8299999237061 25.8999996185303 25.8799991607666 25.8099994659424 25.5400009155273 25.7000007629395 25.7800006866455 25.7800006866455 25.75 25.6299991607666 25.5 25.6700000762939 26.0300006866455 26.4400005340576
19.3600006103516 19.9500007629395 20.6100006103516 21.1900005340576 21.7700004577637 22.2299995422363 22.6200008392334 22.8199996948242 22.8500003814697 22.8099994659424 22.5900001525879 22.4799995422363 22.3500003814697 22.2700004577637 22.2000007629395 22.0499992370605 22.0100002288818 22.1200008392334 22.4699993133545 22.8600006103516 23.2000007629395 23.6100006103516 24.0900001525879 24.4799995422363 24.6599998474121 24.7199993133545 24.8600006103516 25.0699996948242 25.2399997711182 25.4799995422363 25.7299995422363 25.9699993133545 26.2099990844727 26.3899993896484 26.5 26.4899997711182 26.3099994659424 25.7999992370605 25.8199996948242 25.8099994659424 25.6200008392334 25.4500007629395 25.2999992370605 25.2900009155273 25.5 25.7600002288818
19.6200008392334 20.1100006103516 20.5200004577637 21.0300006866455 21.3799991607666 21.75 22.0200004577637 22.2299995422363 22.2600002288818 22.1499996185303 21.9699993133545 21.8700008392334 21.7700004577637 21.7900009155273 21.9300003051758 22.1200008392334 22.2700004577637 22.5900001525879 22.9599990844727 23.25 23.5 23.7299995422363 24.1100006103516 24.4400005340576 24.8299999237061 24.9300003051758 24.9799995422363 25.1399993896484 25.3400001525879 25.5499992370605 25.8799991607666 26.2900009155273 26.6000003814697 26.9200000762939 27.2000007629395 27.3299999237061 27.1399993896484 26.7099990844727 26.0799999237061 25.6499996185303 25.6700000762939 25.4899997711182 25.3199996948242 25.1700000762939 25.1100006103516 25.1499996185303
20.1900005340576 20.5100002288818 20.8700008392334 21.1800003051758 21.4500007629395 21.6000003814697 21.6900005340576 21.7399997711182 21.7999992370605 21.7800006866455 21.6299991607666 21.3700008392334 21.2800006866455 21.3899993896484 21.7900009155273 22.2199993133545 22.6599998474121 23.2900009155273 23.5599994659424 23.7299995422363 23.8400001525879 24.0400009155273 24.25 24.5 24.7700004577637 24.9899997711182 25.0599994659424 25.1800003051758 25.3799991607666 25.6499996185303 25.9899997711182 26.3899993896484 26.7999992370605 27.2600002288818 27.8099994659424 28.2399997711182 27.8500003814697 27.1399993896484 26.4300003051758 25.6399993896484 25.6900005340576 25.4599990844727 25.0499992370605 24.7099990844727 24.5699996948242 24.6000003814697
20.9099998474121 21.1599998474121 21.3700008392334 21.5400009155273 21.6599998474121 21.6900005340576 21.6599998474121 21.5499992370605 21.4200000762939 21.2800006866455 21.1399993896484 20.9500007629395 20.8500003814697 20.9599990844727 21.3400001525879 22.1200008392334 22.8400001525879 23.25 23.6700000762939 24.1299991607666 24.3099994659424 24.4699993133545 24.7700004577637 24.7800006866455 24.7999992370605 24.9300003051758 25.1000003814697 25.2099990844727 25.3500003814697 25.6000003814697 25.8899993896484 26.2099990844727 26.4899997711182 26.9500007629395 27.4500007629395 27.6499996185303 27.4099998474121 26.8099994659424 26.1399993896484 25.5100002288818 25.3199996948242 25.25 25.0900001525879 24.6599998474121 24.2700004577637 24.1599998474121
21.8600006103516 21.9599990844727 22.0499992370605 22.1100006103516 22.2000007629395 22.1599998474121 21.9599990844727 21.7399997711182 21.4699993133545 21.1299991607666 20.7700004577637 20.4500007629395 20.3400001525879 20.7000007629395 21.1000003814697 21.5900001525879 22.5699996948242 23.5400009155273 24.0300006866455 24.3500003814697 24.6900005340576 24.8600006103516 25.0100002288818 25.1599998474121 24.9599990844727 24.9599990844727 25.0799999237061 25.1900005340576 25.2399997711182 25.3899993896484 25.5799999237061 25.8199996948242 26.0400009155273 26.2000007629395 26.3899993896484 26.4300003051758 26.2600002288818 25.9300003051758 25.5499992370605 25.2299995422363 25.0400009155273 24.8899993896484 24.8500003814697 24.7199993133545 24.7199993133545 24.7099990844727
23.0400009155273 22.9200000762939 22.7999992370605 22.6800003051758 22.6399993896484 22.6000003814697 22.4200000762939 22.1399993896484 21.8099994659424 21.4599990844727 21.0799999237061 20.7299995422363 20.6299991607666 21.0300006866455 21.4799995422363 21.8500003814697 22.3199996948242 22.8700008392334 23.5 23.9899997711182 24.3700008392334 24.6499996185303 24.7399997711182 24.8899993896484 24.9200000762939 24.9400005340576 24.9699993133545 25.0300006866455 25.0599994659424 25.1299991607666 25.2399997711182 25.3600006103516 25.4699993133545 25.4699993133545 25.4200000762939 25.1399993896484 25.0300006866455 24.9200000762939 24.7800006866455 24.7099990844727 24.7000007629395 24.7700004577637 24.8999996185303 24.9699993133545 25.0499992370605 25.1000003814697
24.1900005340576 23.8199996948242 23.5599994659424 23.2600002288818 23.0300006866455 22.8999996185303 22.8199996948242 22.6299991607666 22.3899993896484 22.0799999237061 21.8700008392334 21.7299995422363 21.7199993133545 21.8899993896484 22.1700000762939 22.4799995422363 22.7999992370605 23.1000003814697 23.3899993896484 23.6499996185303 23.9200000762939 24.1599998474121 24.3199996948242 24.5300006866455 24.6599998474121 24.6900005340576 24.75 24.7199993133545 24.8099994659424 24.8199996948242 24.9099998474121 24.9300003051758 24.9300003051758 24.7700004577637 24.5300006866455 24.2700004577637 23.8700008392334 23.8600006103516 23.9599990844727 24.1299991607666 24.2999992370605 24.5300006866455 24.8299999237061 25.1100006103516 25.2800006866455 25.3999996185303
25.2399997711182 24.6299991607666 24.0799999237061 23.7199993133545 23.4400005340576 23.0799999237061 23.0499992370605 23.0300006866455 22.9699993133545 22.7700004577637 22.6599998474121 22.6599998474121 22.6800003051758 22.7700004577637 22.9400005340576 23.1200008392334 23.2999992370605 23.5400009155273 23.7900009155273 24.0300006866455 24.1200008392334 24.2000007629395 24.2700004577637 24.2800006866455 24.3600006103516 24.4200000762939 24.3899993896484 24.3400001525879 24.4400005340576 24.5200004577637 24.6599998474121 24.6700000762939 24.6100006103516 24.3199996948242 23.9799995422363 23.5300006866455 23.0200004577637 23.0699996948242 23.3600006103516 23.6399993896484 23.9500007629395 24.3299999237061 24.75 25.1900005340576 25.5200004577637 25.7299995422363
