SnowAccumulation_R/test/pcp/pcp_4.asc
NCOLS 144 
NROWS 72 
XLLCORNER -107.999996877414 
YLLCORNER 47.0000011447333 
CELLSIZE 0.0833333376702586 
NODATA_value -3.4e+38 
[rows 0 to 19 of 72, columns 0 to 45 of 144]
28 27.8899993896484 27.8400001525879 27.7700004577637 28.0900001525879 28.2199993133545 28.1599998474121 27.9099998474121 28.0599994659424 27.6499996185303 27.5200004577637 26.8099994659424 26.5100002288818 26.8299999237061 27.3400001525879 27.5900001525879 27.8400001525879 27.9799995422363 28.0900001525879 28.4599990844727 28.6499996185303 28.8099994659424 28.7999992370605 28.75 28.6800003051758 28.3899993896484 28.0599994659424 28.2000007629395 28.2700004577637 28.0900001525879 27.9599990844727 27.8700008392334 27.6399993896484 27.3199996948242 26.9799995422363 26.6499996185303 26.3700008392334 26.0799999237061 25.8600006103516 25.7199993133545 25.6499996185303 25.6100006103516 25.5100002288818 25.3700008392334 25.2999992370605 25.1800003051758
27.8600006103516 27.7099990844727 27.8199996948242 27.6599998474121 27.7399997711182 27.5599994659424 27.3999996185303 27.2299995422363 26.8700008392334 26.3999996185303 26.2299995422363 25.7399997711182 25.9099998474121 26.1800003051758 26.6200008392334 26.8799991607666 27.1299991607666 27.3099994659424 27.8999996185303 28.2399997711182 28.4400005340576 28.5 28.5699996948242 28.3999996185303 28.3600006103516 28.2199993133545 28.1299991607666 28.3799991607666 28.5900001525879 28.4799995422363 28.3400001525879 28.4099998474121 28.1299991607666 27.1399993896484 26.6599998474121 26.3700008392334 26.2099990844727 25.8799991607666 25.7299995422363 25.6900005340576 25.6700000762939 25.6599998474121 25.6299991607666 25.3600006103516 25.2900009155273 25.2999992370605
28.1200008392334 27.9899997711182 27.75 27.3400001525879 26.9099998474121 26.5400009155273 26.0300006866455 25.6800003051758 25.2999992370605 25.0699996948242 24.8400001525879 24.9500007629395 25.3600006103516 25.7199993133545 26.0400009155273 26.2399997711182 26.6599998474121 27.3400001525879 27.8299999237061 28.1200008392334 28.2800006866455 28.3799991607666 28.2900009155273 28.4500007629395 28.6800003051758 28.7600002288818 28.6000003814697 28.3700008392334 28.4500007629395 28.5400009155273 28.5699996948242 28.0200004577637 27.8899993896484 27.3500003814697 26.7299995422363 26.4500007629395 26.2299995422363 25.8400001525879 25.7999992370605 25.8799991607666 26.0400009155273 26.0599994659424 26.1000003814697 26.0699996948242 25.8799991607666 25.7800006866455
28.5100002288818 28.2000007629395 27.8099994659424 27.3400001525879 26.7000007629395 26.0400009155273 25.1900005340576 24.25 24.25 24.1499996185303 24.2900009155273 25.3500003814697 25.3899993896484 25.2399997711182 25.5499992370605 26.2999992370605 27.0100002288818 27.4899997711182 27.8700008392334 28.1299991607666 28.25 28.3600006103516 28.3799991607666 28.4799995422363 28.4599990844727 28.5699996948242 28.9899997711182 28.6900005340576 28.7000007629395 28.4300003051758 28.4899997711182 28.6399993896484 28.1200008392334 27.8700008392334 27.6900005340576 27.4799995422363 27.2900009155273 26.6800003051758 26.5900001525879 26.6499996185303 26.7299995422363 26.7900009155273 26.7900009155273 26.9200000762939 26.7199993133545 26.5200004577637
28.5200004577637 29.0499992370605 28.8799991607666 27.9799995422363 27.0699996948242 26.2700004577637 25.6900005340576 25.0300006866455 24.5499992370605 24.3400001525879 24.3799991607666 24.6299991607666 24.6599998474121 24.7800006866455 25.7299995422363 26.4099998474121 27.1000003814697 27.7199993133545 28.2000007629395 28.3999996185303 28.4599990844727 28.5100002288818 28.4099998474121 28.5100002288818 28.4699993133545 28.5699996948242 28.6000003814697 28.6399993896484 28.5200004577637 28.5100002288818 28.6200008392334 28.6299991607666 28.0599994659424 27.9200000762939 27.8299999237061 27.7000007629395 27.6100006103516 27.3999996185303 27.3999996185303 27.4500007629395 27.5300006866455 27.5 27.5499992370605 27.6900005340576 27.5 27.2099990844727
28.6900005340576 28.2999992370605 28.2700004577637 28.5499992370605 28 26.9500007629395 26.1299991607666 25.4799995422363 25 24.6800003051758 24.5699996948242 24.4200000762939 24.3700008392334 24.6200008392334 25.4200000762939 26.1800003051758 27.0900001525879 28.0100002288818 28.5699996948242 28.6299991607666 28.5 28.5200004577637 28.7299995422363 28.6599998474121 28.7600002288818 28.8400001525879 28.9699993133545 28.8199996948242 28.6000003814697 28.4500007629395 28.3899993896484 28.4799995422363 28.2900009155273 27.9699993133545 27.8999996185303 27.7900009155273 27.6200008392334 27.6399993896484 27.7900009155273 27.9599990844727 28.1599998474121 28.1399993896484 28.2000007629395 28.3700008392334 28.3099994659424 27.9200000762939
31.4699993133545 30.6000003814697 29.2600002288818 27.9099998474121 27.6299991607666 27.1599998474121 26.7000007629395 25.7900009155273 24.9699993133545 24.2099990844727 24.0499992370605 23.6800003051758 23.4799995422363 24.2399997711182 24.8799991607666 25.6599998474121 26.5499992370605 27.4899997711182 28.0900001525879 28.0300006866455 28.2800006866455 28.5799999237061 29.0100002288818 29.1200008392334 29.0400009155273 28.8600006103516 28.8199996948242 28.5799999237061 28.4599990844727 28.3899993896484 28.3400001525879 28.6700000762939 28.4699993133545 28.1299991607666 27.9099998474121 27.7299995422363 27.6299991607666 27.6700000762939 27.9099998474121 28.1700000762939 28.3700008392334 28.5300006866455 28.7099990844727 28.9200000762939 28.8199996948242 28.3700008392334
31.7299995422363 31.9799995422363 31.7600002288818 29.7600002288818 28.4699993133545 27.0499992370605 26.0499992370605 25.3899993896484 24.3299999237061 23.5200004577637 22.9500007629395 22.4899997711182 22.8500003814697 23.6000003814697 24.1800003051758 24.8199996948242 25.4799995422363 26.1499996185303 26.6499996185303 27.0900001525879 28.0100002288818 28.4500007629395 28.8700008392334 28.8299999237061 28.3500003814697 28.3700008392334 28.4400005340576 28.3400001525879 28.3299999237061 28.2800006866455 28.1499996185303 28.1399993896484 27.9599990844727 27.7199993133545 27.5599994659424 27.5499992370605 27.7000007629395 27.7000007629395 27.8299999237061 28.0699996948242 28.2900009155273 28.5300006866455 29.0300006866455 29.4200000762939 29.0400009155273 28.4099998474121
30.7900009155273 31.3099994659424 31.6800003051758 30.0499992370605 27.8199996948242 26.7900009155273 25.9200000762939 24.9300003051758 24.1100006103516 23.2800006866455 22.7099990844727 22.4400005340576 22.6700000762939 23.0699996948242 23.5300006866455 23.9599990844727 24.3299999237061 24.7999992370605 25.4500007629395 26.5300006866455 27.1399993896484 27.7299995422363 28.2800006866455 28.5200004577637 28.6000003814697 28.3899993896484 28.3400001525879 27.9799995422363 27.9200000762939 27.7900009155273 27.6100006103516 27.5499992370605 27.3199996948242 27.0599994659424 26.9500007629395 27.0799999237061 27.2099990844727 27.2399997711182 27.3899993896484 27.5900001525879 27.7600002288818 27.9300003051758 28.2299995422363 28.3700008392334 28.0699996948242 27.7000007629395
29.1800003051758 29.6100006103516 29.3799991607666 28.1700000762939 26.8199996948242 26.0900001525879 25.3500003814697 24.2700004577637 23.5300006866455 23.0100002288818 22.6399993896484 22.4400005340576 22.6000003814697 22.8899993896484 23.1599998474121 23.3299999237061 23.4099998474121 23.8099994659424 25.0200004577637 26.2099990844727 26.6000003814697 27.3999996185303 27.8299999237061 27.9300003051758 27.8500003814697 27.8600006103516 28.0300006866455 27.6800003051758 27.4500007629395 27.2800006866455 26.9200000762939 26.9599990844727 26.7700004577637 26.4699993133545 26.3799991607666 26.3500003814697 26.4300003051758 26.5499992370605 26.6499996185303 26.7600002288818 26.7700004577637 26.8199996948242 26.9099998474121 26.9200000762939 26.8099994659424 26.5699996948242
27.7299995422363 28.0599994659424 27.5499992370605 26.5300006866455 25.6200008392334 25.1200008392334 24.5 23.7700004577637 23.3799991607666 22.8999996185303 22.5 22.4799995422363 22.8600006103516 23.1800003051758 23.4099998474121 23.5799999237061 23.6900005340576 24 25.6200008392334 26.1800003051758 26.7700004577637 27.3199996948242 27.5200004577637 27.6499996185303 27.6900005340576 27.4099998474121 27.0900001525879 26.8799991607666 26.7700004577637 26.5400009155273 26.4099998474121 26.2900009155273 26.2399997711182 26 25.9099998474121 25.8999996185303 25.9500007629395 25.9300003051758 25.8299999237061 25.8099994659424 25.6599998474121 25.6200008392334 25.6399993896484 25.6200008392334 25.5499992370605 25.3999996185303
25.9899997711182 26.0799999237061 25.8299999237061 25.3999996185303 24.8099994659424 24.2999992370605 23.9099998474121 23.6200008392334 23.3999996185303 22.8700008392334 22.2700004577637 22.6499996185303 23.5100002288818 24.1100006103516 24.5400009155273 25.0799999237061 25.7299995422363 26.2600002288818 26.8400001525879 27.25 27.4699993133545 27.5400009155273 27.5799999237061 27.3899993896484 27.1299991607666 26.7900009155273 26.4699993133545 26.1700000762939 26.0100002288818 25.9099998474121 25.8099994659424 25.7399997711182 25.7399997711182 25.6000003814697 25.5799999237061 25.6000003814697 25.5599994659424 25.3500003814697 25.1299991607666 24.9300003051758 24.6000003814697 24.5100002288818 24.4899997711182 24.4599990844727 24.3799991607666 24.2700004577637
25.1399993896484 25.0900001525879 24.6800003051758 24.2099990844727 23.9099998474121 23.75 23.7199993133545 23.7099990844727 23.6700000762939 23.4699993133545 23.4500007629395 24.0799999237061 24.9099998474121 25.8500003814697 26.3299999237061 27.2800006866455 28.1599998474121 28.8999996185303 29.2399997711182 29.2399997711182 28.8799991607666 28.3299999237061 27.7399997711182 27.2299995422363 26.7199993133545 26.2700004577637 25.9899997711182 25.6800003051758 25.4899997711182 25.4899997711182 25.3899993896484 25.3199996948242 25.2700004577637 25.2099990844727 25.2600002288818 25.2800006866455 25.2099990844727 24.9899997711182 24.7000007629395 24.2900009155273 23.8999996185303 23.6700000762939 23.4599990844727 23.2999992370605 23.1599998474121 23.0599994659424
24.8600006103516 24.1000003814697 23.9899997711182 24.1000003814697 23.5799999237061 23.4899997711182 23.6900005340576 24.0499992370605 24.4400005340576 24.6900005340576 25.1299991607666 25.8899993896484 26.6200008392334 27.7299995422363 28.3999996185303 29.5599994659424 31.1499996185303 31.9699993133545 32.1800003051758 31.4400005340576 30.2900009155273 29.2099990844727 28.1499996185303 27.2199993133545 26.3899993896484 25.8099994659424 25.4400005340576 25.2700004577637 25.1499996185303 25.0900001525879 25.0100002288818 24.8999996185303 24.8199996948242 24.8400001525879 24.9200000762939 25.0200004577637 25.0300006866455 24.9300003051758 24.5799999237061 24.0799999237061 23.5400009155273 23.0699996948242 22.7099990844727 22.4400005340576 22.2299995422363 22.1000003814697
23.6000003814697 23.3299999237061 23.2800006866455 23.2700004577637 23.3600006103516 23.7399997711182 24.1100006103516 24.6399993896484 25.2399997711182 25.9099998474121 26.7700004577637 27.5499992370605 28.3700008392334 29.5300006866455 30.2399997711182 31.3299999237061 33.0800018310547 34.5499992370605 34.5099983215332 32.8199996948242 31.2700004577637 29.8199996948242 28.4899997711182 27.1599998474121 26.0200004577637 25.3899993896484 25 24.7700004577637 24.7399997711182 24.6900005340576 24.6399993896484 24.4500007629395 24.3799991607666 24.4699993133545 24.6100006103516 24.75 24.8899993896484 24.9799995422363 24.4599990844727 23.7000007629395 23.0200004577637 22.4500007629395 22.0200004577637 21.6700000762939 21.4599990844727 21.3199996948242
22.6499996185303 22.6299991607666 22.7800006866455 22.9599990844727 23.4099998474121 23.9799995422363 24.5 25.25 26.1599998474121 27.2399997711182 28.1399993896484 28.9799995422363 29.7900009155273 30.6399993896484 31.3600006103516 32.3899993896484 33.0999984741211 33.3800010681152 33.1599998474121 31.9400005340576 30.7800006866455 29.6000003814697 28.4799995422363 27.3600006103516 26.2399997711182 25.3899993896484 24.7999992370605 24.4899997711182 24.3999996185303 24.3299999237061 24.2299995422363 24.0699996948242 24.1299991607666 24.2099990844727 24.3199996948242 24.4099998474121 24.3700008392334 24.1000003814697 23.6399993896484 22.9899997711182 22.3400001525879 21.8199996948242 21.4899997711182 21.4099998474121 21.5 21.4099998474121
22.0100002288818 22.1000003814697 22.2900009155273 22.6800003051758 23.2900009155273 24.0499992370605 24.9599990844727 25.8999996185303 27.0100002288818 28.3299999237061 29.2900009155273 30.0300006866455 30.8999996185303 31.4400005340576 31.9599990844727 32.2700004577637 32.3300018310547 32 31.4699993133545 30.5100002288818 29.3799991607666 28.2999992370605 27.4200000762939 26.7199993133545 25.8600006103516 25.1800003051758 24.6399993896484 24.3500003814697 24.1499996185303 24.0799999237061 24.1000003814697 23.9899997711182 23.9400005340576 24 24.0599994659424 24.0400009155273 23.8899993896484 23.5900001525879 23.0300006866455 22.3600006103516 21.7099990844727 21.3299999237061 21.3999996185303 21.6100006103516 21.7099990844727 21.4300003051758
21.8600006103516 21.8700008392334 21.9099998474121 22.1200008392334 22.8700008392334 23.8500003814697 24.9599990844727 26.1000003814697 27.5799999237061 29.0200004577637 30.2700004577637 31.1499996185303 31.8600006103516 31.9500007629395 31.9599990844727 31.8999996185303 31.4899997711182 30.75 29.7199993133545 28.6299991607666 27.4400005340576 26.6100006103516 26 25.4500007629395 24.8099994659424 24.4300003051758 24.3299999237061 24.2199993133545 24.1200008392334 23.7900009155273 23.8500003814697 23.8400001525879 23.8700008392334 23.9200000762939 23.9799995422363 24.0300006866455 23.8700008392334 23.4699993133545 22.8899993896484 22.2700004577637 21.7000007629395 21.5200004577637 21.7199993133545 21.8799991607666 21.75 21.5300006866455
21.7199993133545 21.7099990844727 21.7600002288818 22.0599994659424 22.6499996185303 23.5300006866455 24.7000007629395 26.0499992370605 27.4799995422363 28.8899993896484 30.3099994659424 31.2399997711182 31.6800003051758 31.6599998474121 31.4799995422363 31.3199996948242 30.7600002288818 29.7399997711182 28.4200000762939 27.1399993896484 25.9300003051758 25.0499992370605 24.3999996185303 23.9099998474121 23.5300006866455 23.3199996948242 23.5400009155273 23.8400001525879 23.9699993133545 23.6200008392334 23.6299991607666 23.7199993133545 23.8700008392334 24.0200004577637 24.1100006103516 24.1700000762939 24.0200004577637 23.7299995422363 23.3400001525879 22.9400005340576 22.6200008392334 22.4500007629395 22.3700008392334 22.3600006103516 22.2700004577637 22.1299991607666
21.4099998474121 21.5100002288818 21.7199993133545 22.0100002288818 22.5300006866455 23.3400001525879 24.2600002288818 25.3400001525879 26.5 27.5900001525879 28.6100006103516 29.1200008392334 29.5200004577637 30.0400009155273 30.2099990844727 30.1900005340576 29.8899993896484 28.8500003814697 27.3500003814697 25.9200000762939 24.7800006866455 23.7999992370605 22.9099998474121 22.2800006866455 21.9099998474121 21.9699993133545 22.4699993133545 23.2299995422363 23.5 23.4899997711182 23.5100002288818 23.7700004577637 24.0300006866455 24.25 24.4899997711182 24.6200008392334 24.6000003814697 24.4099998474121 24.1700000762939 23.8400001525879 23.5100002288818 23.2800006866455 23.0799999237061 22.9099998474121 23.0900001525879 23.2800006866455
