SnowAccumulation_R/test/pcp/pcp_1.asc
NCOLS 144 
NROWS 72 
XLLCORNER -107.999996877414 
YLLCORNER 47.0000011447333 
CELLSIZE 0.0833333376702586 
NODATA_value -3.4e+38 
[rows 20 to 39 of 72, columns 92 to 137 of 144]
19.7700004577637 19.8999996185303 20.0699996948242 20.2800006866455 20.5400009155273 20.8299999237061 21.1599998474121 21.4899997711182 21.7900009155273 22.0499992370605 22.2800006866455 22.4599990844727 22.6299991607666 22.7600002288818 22.8500003814697 22.9799995422363 23.1299991607666 23.2800006866455 23.4099998474121 23.5499992370605 23.6700000762939 23.8199996948242 24.0599994659424 24.2700004577637 24.3899993896484 24.5200004577637 24.6399993896484 24.7600002288818 24.9200000762939 25 25.0400009155273 25.1599998474121 25.1599998474121 25.1800003051758 25.3600006103516 25.3799991607666 25.3500003814697 25.3400001525879 25.2999992370605 25.2700004577637 25.2199993133545 25.1900005340576 25.1599998474121 25.0900001525879 24.9799995422363 24.8799991607666
19.8999996185303 19.9099998474121 20.0100002288818 20.1900005340576 20.4500007629395 20.7299995422363 21.0699996948242 21.4400005340576 21.7999992370605 22.1399993896484 22.3500003814697 22.5200004577637 22.6599998474121 22.75 22.8500003814697 22.9400005340576 23.0200004577637 23.1399993896484 23.2299995422363 23.3199996948242 23.3999996185303 23.5200004577637 23.7199993133545 23.8899993896484 24 24.0699996948242 24.1800003051758 24.3199996948242 24.5 24.5599994659424 24.6000003814697 24.6299991607666 24.6800003051758 24.6700000762939 24.7000007629395 24.6599998474121 24.4500007629395 24.2399997711182 24.0200004577637 23.8600006103516 23.7999992370605 23.7700004577637 23.7600002288818 23.7299995422363 23.6900005340576 23.7299995422363
20.2700004577637 20.1299991607666 20.0900001525879 20.1900005340576 20.4599990844727 20.7399997711182 21.0400009155273 21.3799991607666 21.7299995422363 22.0499992370605 22.2999992370605 22.5 22.6499996185303 22.7600002288818 22.8299999237061 22.8700008392334 22.9300003051758 22.9699993133545 23.0100002288818 23.0499992370605 23.0799999237061 23.1100006103516 23.1900005340576 23.2900009155273 23.4099998474121 23.5100002288818 23.6000003814697 23.7199993133545 23.8600006103516 23.9699993133545 24 24.1299991607666 24.2399997711182 24.25 24.1200008392334 23.8899993896484 23.5499992370605 23.0900001525879 22.6900005340576 22.4599990844727 22.3899993896484 22.3899993896484 22.4300003051758 22.4699993133545 22.4899997711182 22.4899997711182
20.7600002288818 20.7099990844727 20.6599998474121 20.7099990844727 20.8199996948242 20.9699993133545 21.2299995422363 21.5 21.7800006866455 22.0300006866455 22.2800006866455 22.4799995422363 22.6700000762939 22.7600002288818 22.7999992370605 22.8199996948242 22.7399997711182 22.7700004577637 22.7800006866455 22.7600002288818 22.7099990844727 22.6299991607666 22.5799999237061 22.6200008392334 22.7000007629395 22.7900009155273 22.8600006103516 22.9699993133545 23.1000003814697 23.2099990844727 23.3700008392334 23.5100002288818 23.6200008392334 23.7800006866455 23.5 22.8199996948242 22.2600002288818 21.7199993133545 21.2299995422363 21.0100002288818 21 21.1000003814697 21.2199993133545 21.3400001525879 21.4200000762939 21.4799995422363
21.6900005340576 22.0200004577637 22.3600006103516 23.1000003814697 23.5799999237061 22.3099994659424 21.6599998474121 21.7399997711182 21.9300003051758 22.0799999237061 22.2299995422363 22.4699993133545 22.75 22.8199996948242 22.75 22.6599998474121 22.5799999237061 22.5599994659424 22.5400009155273 22.4599990844727 22.2900009155273 22.1399993896484 22.0100002288818 21.9500007629395 21.9200000762939 21.9500007629395 22.0300006866455 22.1100006103516 22.2099990844727 22.3600006103516 22.5100002288818 22.6700000762939 22.6599998474121 22.5200004577637 22.2000007629395 21.6800003051758 21.0900001525879 20.4500007629395 19.8299999237061 19.6200008392334 19.7800006866455 20.0100002288818 20.2199993133545 20.3899993896484 20.5300006866455 20.6200008392334
22.5799999237061 22.7199993133545 23.2600002288818 23.8899993896484 23.8799991607666 22.8400001525879 22.6299991607666 22.2900009155273 22.1100006103516 22.1700000762939 22.2600002288818 22.5 22.8099994659424 22.8400001525879 22.7099990844727 22.5499992370605 22.4300003051758 22.2700004577637 22.1599998474121 21.9899997711182 21.7600002288818 21.5200004577637 21.2999992370605 21.1299991607666 21.0100002288818 21.0100002288818 21.0599994659424 21.0799999237061 21.1800003051758 21.3700008392334 21.5499992370605 21.6900005340576 21.7299995422363 21.6000003814697 21.2999992370605 20.8400001525879 20.3400001525879 19.7999992370605 19.3199996948242 19.0900001525879 19.1599998474121 19.3700008392334 19.5799999237061 19.75 19.8899993896484 19.9899997711182
22.8500003814697 22.8299999237061 23.1100006103516 23.3400001525879 23.5 23.7700004577637 24.3299999237061 23.8199996948242 22.6499996185303 22.4400005340576 22.4599990844727 22.5799999237061 22.7800006866455 22.8400001525879 22.6700000762939 22.4500007629395 22.2199993133545 21.9899997711182 21.7199993133545 21.4599990844727 21.2000007629395 20.9300003051758 20.6299991607666 20.3099994659424 20.0300006866455 19.8199996948242 19.7299995422363 19.8099994659424 20.0400009155273 20.3700008392334 20.7000007629395 20.9400005340576 21.0799999237061 21.0200004577637 20.7600002288818 20.4099998474121 20 19.6200008392334 19.3400001525879 19.1299991607666 19.0200004577637 19.1200008392334 19.25 19.3799991607666 19.4899997711182 19.5799999237061
22.8400001525879 22.7999992370605 23.1100006103516 23.25 23.6800003051758 23.9599990844727 24.2199993133545 24.7099990844727 24.2299995422363 22.8899993896484 22.7099990844727 22.6900005340576 22.7199993133545 22.7600002288818 22.6299991607666 22.3999996185303 22.0799999237061 21.7700004577637 21.4699993133545 21.0599994659424 20.7900009155273 20.5200004577637 20.1700000762939 19.7399997711182 19.2299995422363 18.7199993133545 18.3400001525879 18.4899997711182 19.0100002288818 19.5900001525879 20.1299991607666 20.5599994659424 20.7600002288818 20.6900005340576 20.4799995422363 20.1499996185303 19.7999992370605 19.4899997711182 19.2700004577637 19.1000003814697 19.0200004577637 19.0799999237061 19.1599998474121 19.2399997711182 19.3099994659424 19.3799991607666
22.8700008392334 22.8600006103516 22.9500007629395 22.9899997711182 23.2299995422363 23.6100006103516 24.0900001525879 24.4099998474121 24.7199993133545 23.5200004577637 22.7600002288818 22.6299991607666 22.6000003814697 22.5599994659424 22.4899997711182 22.3700008392334 22.1100006103516 21.7700004577637 21.4300003051758 20.9099998474121 20.7099990844727 20.5 20.1499996185303 19.6700000762939 19.0799999237061 18.3999996185303 17.7600002288818 17.9599990844727 18.6100006103516 19.25 19.7999992370605 20.2399997711182 20.4500007629395 20.4400005340576 20.2700004577637 20 19.7099990844727 19.4400005340576 19.3600006103516 19.2199993133545 19.1399993896484 19.1900005340576 19.2399997711182 19.2900009155273 19.3400001525879 19.6100006103516
22.8199996948242 22.7700004577637 22.6599998474121 22.7299995422363 22.8999996185303 23.4599990844727 23.8500003814697 24.1700000762939 24.5300006866455 24.0499992370605 22.8099994659424 22.5900001525879 22.5300006866455 22.4899997711182 22.4799995422363 22.3899993896484 22.2600002288818 22.0100002288818 21.8199996948242 21.5699996948242 21.25 21 20.6499996185303 20.1800003051758 19.6700000762939 19.1800003051758 18.8500003814697 18.8299999237061 19.0900001525879 19.4400005340576 19.7999992370605 20.0699996948242 20.2600002288818 20.3199996948242 20.2600002288818 20.0799999237061 19.8799991607666 19.7299995422363 19.6299991607666 19.5100002288818 19.3999996185303 19.4400005340576 19.4799995422363 19.5100002288818 19.5499992370605 19.7900009155273
22.9699993133545 22.8299999237061 22.6800003051758 22.7800006866455 23.0400009155273 23.6200008392334 23.9899997711182 24.3600006103516 24.5499992370605 23.9799995422363 22.8199996948242 22.4799995422363 22.4300003051758 22.4699993133545 22.5499992370605 22.5599994659424 22.4200000762939 22.2399997711182 22.1599998474121 22.1200008392334 22.0200004577637 21.8500003814697 21.4799995422363 21.0100002288818 20.5599994659424 20.1900005340576 19.9400005340576 19.8299999237061 19.8400001525879 19.9699993133545 20.1299991607666 20.2700004577637 20.3299999237061 20.3999996185303 20.3799991607666 20.25 20.1200008392334 20 19.9300003051758 19.8600006103516 19.7900009155273 19.8199996948242 19.8600006103516 19.8899993896484 19.8999996185303 20.0499992370605
23.3799991607666 23.1100006103516 22.9599990844727 22.9899997711182 23.1299991607666 23.5499992370605 23.9200000762939 24.1399993896484 24.1499996185303 23.2900009155273 22.5300006866455 22.2999992370605 22.2099990844727 22.2099990844727 22.2600002288818 22.2999992370605 22.25 22.1700000762939 22.2099990844727 22.3099994659424 22.4599990844727 22.4899997711182 22.1200008392334 21.7199993133545 21.3700008392334 21.1000003814697 20.9099998474121 20.7800006866455 20.6800003051758 20.6399993896484 20.6399993896484 20.6299991607666 20.5699996948242 20.5799999237061 20.6100006103516 20.6200008392334 20.4699993133545 20.3299999237061 20.2900009155273 20.2700004577637 20.2700004577637 20.3099994659424 20.3700008392334 20.4400005340576 20.5 20.6599998474121
23.7399997711182 23.5 23.3500003814697 23.3099994659424 23.3600006103516 23.4699993133545 23.5599994659424 23.5100002288818 23.0200004577637 22.3799991607666 22.0400009155273 21.8899993896484 21.8500003814697 21.75 21.6599998474121 21.6000003814697 21.6499996185303 21.75 21.9300003051758 22.1299991607666 22.2299995422363 22.2999992370605 22.2299995422363 22.0799999237061 21.9200000762939 21.8099994659424 21.7399997711182 21.6700000762939 21.4899997711182 21.2999992370605 21.1900005340576 21.0499992370605 20.9099998474121 20.8500003814697 20.8899993896484 20.9200000762939 20.7700004577637 20.7000007629395 20.7199993133545 20.7600002288818 20.8299999237061 20.9300003051758 21.0599994659424 21.2000007629395 21.3199996948242 21.3700008392334
23.6599998474121 23.3299999237061 23.0699996948242 22.9899997711182 22.8299999237061 23.0599994659424 23.1000003814697 22.7900009155273 22.3700008392334 21.9599990844727 21.7199993133545 21.7399997711182 21.6399993896484 21.2900009155273 21.0599994659424 20.8799991607666 20.9899997711182 21.2800006866455 21.5300006866455 21.7999992370605 21.9899997711182 22.1299991607666 22.2000007629395 22.2099990844727 22.2099990844727 22.2299995422363 22.2700004577637 22.2999992370605 22.0499992370605 21.8400001525879 21.7399997711182 21.5100002288818 21.2399997711182 21.1200008392334 21.1399993896484 21.1800003051758 21.0699996948242 21.0699996948242 21.1499996185303 21.2800006866455 21.5 21.6800003051758 21.8700008392334 22.0100002288818 22.1900005340576 22.2600002288818
23.1200008392334 22.5499992370605 22 22.0499992370605 22.3600006103516 22.3400001525879 22.2199993133545 22 21.7800006866455 21.5599994659424 21.5 21.6399993896484 21.6499996185303 21.25 20.8600006103516 20.7299995422363 20.7900009155273 21.0300006866455 21.2800006866455 21.5200004577637 21.75 21.9799995422363 22.1299991607666 22.2299995422363 22.3299999237061 22.3999996185303 22.3999996185303 22.3400001525879 22.2099990844727 22.0900001525879 22 21.7600002288818 21.5 21.3899993896484 21.4400005340576 21.4699993133545 21.4500007629395 21.4599990844727 21.5799999237061 21.9200000762939 22.25 22.5200004577637 22.7299995422363 22.9400005340576 23.0699996948242 23.1100006103516
22.1000003814697 21.6299991607666 21.4500007629395 21.4099998474121 21.3400001525879 21.2600002288818 21.2000007629395 21.1399993896484 21.1000003814697 21.1599998474121 21.25 21.3600006103516 21.4500007629395 21.3999996185303 21.0200004577637 20.8500003814697 20.8700008392334 20.9899997711182 21.1599998474121 21.3700008392334 21.6000003814697 21.8299999237061 22.0100002288818 22.2099990844727 22.3600006103516 22.4400005340576 22.4400005340576 22.4099998474121 22.3299999237061 22.2299995422363 22.1100006103516 21.9400005340576 21.7800006866455 21.7199993133545 21.7299995422363 21.75 21.8400001525879 21.9799995422363 22.2700004577637 22.6800003051758 23.0900001525879 23.4899997711182 23.7299995422363 23.9200000762939 24.0100002288818 24.0400009155273
21.1700000762939 20.6299991607666 20.2800006866455 20.1000003814697 19.9599990844727 20.0699996948242 20.3600006103516 20.5900001525879 20.7800006866455 20.9899997711182 21.1499996185303 21.2800006866455 21.3400001525879 21.3400001525879 21.25 21.1100006103516 21.0300006866455 21.0400009155273 21.1200008392334 21.2600002288818 21.4799995422363 21.7099990844727 21.9599990844727 22.1599998474121 22.3199996948242 22.4599990844727 22.5400009155273 22.5599994659424 22.5 22.4300003051758 22.3099994659424 22.1800003051758 22.0599994659424 22 21.9799995422363 22.0300006866455 22.1800003051758 22.4400005340576 22.8199996948242 23.2999992370605 23.8999996185303 24.4699993133545 24.7999992370605 24.9099998474121 24.9300003051758 24.9200000762939
20.2900009155273 20.1100006103516 19.8400001525879 19.6800003051758 19.5799999237061 19.7399997711182 20.0599994659424 20.4300003051758 20.6599998474121 20.8799991607666 21.1200008392334 21.2900009155273 21.3500003814697 21.3700008392334 21.4699993133545 21.3799991607666 21.3299999237061 21.3700008392334 21.3999996185303 21.3199996948242 21.4599990844727 21.6800003051758 21.8899993896484 22.1399993896484 22.4300003051758 22.5900001525879 22.7099990844727 22.7700004577637 22.7199993133545 22.6499996185303 22.5400009155273 22.4099998474121 22.2800006866455 22.1599998474121 22.1000003814697 22.1299991607666 22.2800006866455 22.5699996948242 22.9799995422363 23.6000003814697 24.3199996948242 25.1599998474121 25.75 25.6000003814697 25.6200008392334 25.6499996185303
20.6900005340576 20.5400009155273 20.3700008392334 20.3299999237061 20.3199996948242 20.2900009155273 20.3700008392334 20.6000003814697 20.75 20.8899993896484 21.0900001525879 21.2099990844727 21.3099994659424 21.3799991607666 21.3799991607666 21.4099998474121 21.4500007629395 21.5699996948242 21.6100006103516 21.5699996948242 21.6499996185303 21.7600002288818 21.9200000762939 22.2399997711182 22.5100002288818 22.7099990844727 22.9200000762939 23.0499992370605 23.0100002288818 22.8899993896484 22.7600002288818 22.6000003814697 22.4099998474121 22.2199993133545 22.0799999237061 22.0100002288818 22.1100006103516 22.3799991607666 22.7999992370605 23.3799991607666 24.0400009155273 24.7000007629395 25.1800003051758 25.4699993133545 25.6700000762939 25.9400005340576
21.4500007629395 21.3600006103516 21.3999996185303 21.4099998474121 21.5900001525879 21.5599994659424 21.1599998474121 20.9899997711182 21.0300006866455 21.1299991607666 21.1900005340576 21.2099990844727 21.0799999237061 20.9099998474121 20.9699993133545 21.0599994659424 21.0699996948242 21.2900009155273 21.4699993133545 21.6299991607666 21.7399997711182 21.7800006866455 22.0300006866455 22.25 22.4300003051758 22.6299991607666 22.8899993896484 23.2000007629395 23.2099990844727 23.0799999237061 22.9500007629395 22.7999992370605 22.5799999237061 22.2800006866455 21.9599990844727 21.6900005340576 21.6599998474121 21.9300003051758 22.3600006103516 22.8899993896484 23.4099998474121 23.9099998474121 24.3799991607666 24.8400001525879 25.2999992370605 25.7000007629395
