SnowAccumulation_R/test/pcp/pcp_2.asc
NCOLS 144 
NROWS 72 
XLLCORNER -107.999996877414 
YLLCORNER 47.0000011447333 
CELLSIZE 0.0833333376702586 
NODATA_value -3.4e+38 
[rows 42 to 62 of 72, columns 46 to 91 of 144]
16.2600002288818 15.8699998855591 15.4899997711182 15.1199998855591 14.8299999237061 14.5 14.3000001907349 14.3500003814697 14.3699998855591 14.3500003814697 14.3400001525879 14.3699998855591 14.3900003433228 14.460000038147 14.5100002288818 14.4399995803833 14.3699998855591 14.3500003814697 14.3699998855591 14.4300003051758 14.4499998092651 14.4099998474121 14.4099998474121 14.4899997711182 14.5900001525879 14.8100004196167 15.0699996948242 15.3599996566772 15.5900001525879 15.6099996566772 15.5500001907349 15.3599996566772 15.1800003051758 14.8599996566772 14.5799999237061 14.289999961853 14.1499996185303 14.1199998855591 14.2200002670288 14.3999996185303 14.6700000762939 15.039999961853 15.4399995803833 15.8999996185303 16.5100002288818 17.2000007629395
15.0900001525879 14.9099998474121 14.8000001907349 14.5699996948242 14.3400001525879 14.1400003433228 13.9200000762939 13.8900003433228 14.0600004196167 14.1700000762939 14.2600002288818 14.3299999237061 14.3500003814697 14.3500003814697 14.3299999237061 14.2700004577637 14.2299995422363 14.1800003051758 14.1800003051758 14.210000038147 14.1999998092651 14.1599998474121 14.1700000762939 14.2799997329712 14.4899997711182 14.7299995422363 15.0799999237061 15.4899997711182 15.7399997711182 15.8299999237061 15.75 15.5299997329712 15.3299999237061 15.039999961853 14.8299999237061 14.6099996566772 14.460000038147 14.4200000762939 14.460000038147 14.6099996566772 14.8900003433228 15.3100004196167 15.8000001907349 16.4200000762939 17.2099990844727 17.9099998474121
14.2600002288818 14.0299997329712 13.7600002288818 13.6999998092651 13.6000003814697 13.5100002288818 13.4700002670288 13.3999996185303 13.4099998474121 13.6700000762939 14 14.1499996185303 14.0600004196167 13.9799995422363 13.8800001144409 13.8000001907349 13.7399997711182 13.6999998092651 13.6899995803833 13.6700000762939 13.6599998474121 13.6700000762939 13.6999998092651 13.7799997329712 14.0900001525879 14.4300003051758 14.8900003433228 15.4799995422363 15.9499998092651 16.0599994659424 15.8199996948242 15.460000038147 15.2399997711182 15.039999961853 14.8999996185303 14.7600002288818 14.6400003433228 14.5 14.5 14.7299995422363 15.1000003814697 15.4799995422363 16.0200004577637 16.7000007629395 17.4300003051758 18.1299991607666
13.0500001907349 13.210000038147 12.960000038147 12.6899995803833 12.710000038147 12.6899995803833 12.5799999237061 12.5799999237061 12.6700000762939 12.8500003814697 13.1099996566772 13.3500003814697 13.3500003814697 13.2700004577637 13.1800003051758 13.1400003433228 13.0799999237061 13.039999961853 13 12.960000038147 12.9700002670288 12.9799995422363 12.9700002670288 13.0200004577637 13.3100004196167 13.7299995422363 14.289999961853 14.8900003433228 15.6599998474121 15.75 15.1400003433228 14.7299995422363 14.6000003814697 14.6499996185303 14.7700004577637 14.6999998092651 14.4899997711182 14.2600002288818 14.4099998474121 14.710000038147 15.0100002288818 15.3599996566772 15.9099998474121 16.5799999237061 17.25 17.9200000762939
11.6499996185303 11.8000001907349 11.8599996566772 11.7600002288818 11.7399997711182 11.6000003814697 11.3699998855591 11.2700004577637 11.3199996948242 11.5500001907349 11.8199996948242 12 12.0699996948242 12.1099996566772 12.1700000762939 12.2600002288818 12.2799997329712 12.25 12.1899995803833 12.1599998474121 12.1800003051758 12.1999998092651 12.1800003051758 12.3100004196167 12.5100002288818 12.8100004196167 13.1199998855591 13.4300003051758 13.5799999237061 13.4700002670288 13.2700004577637 13.2200002670288 13.3599996566772 13.6099996566772 13.8500003814697 13.9300003051758 13.9099998474121 13.8199996948242 13.9700002670288 14.2600002288818 14.5500001907349 14.9099998474121 15.4099998474121 16.1499996185303 16.8999996185303 17.6299991607666
10.210000038147 10.4499998092651 10.5500001907349 10.5900001525879 10.6199998855591 10.4700002670288 10.0900001525879 9.72999954223633 9.77999973297119 10.1599998474121 10.539999961853 10.8199996948242 11.039999961853 11.1899995803833 11.289999961853 11.3800001144409 11.5200004577637 11.6300001144409 11.6999998092651 11.6899995803833 11.6400003433228 11.5799999237061 11.5200004577637 11.4899997711182 11.6400003433228 11.8999996185303 12.039999961853 12.1199998855591 11.8699998855591 11.4799995422363 11.1800003051758 11.4799995422363 11.9799995422363 12.4099998474121 12.75 12.9700002670288 13.1000003814697 13.1800003051758 13.3599996566772 13.6300001144409 13.9499998092651 14.1800003051758 14.5900001525879 15.5299997329712 16.3999996185303 16.8099994659424
8.89999961853027 8.84000015258789 9.05000019073486 9.1899995803833 9.42000007629395 9.34000015258789 9.05000019073486 8.85000038146973 8.94999980926514 9.17000007629395 9.52000045776367 9.88000011444092 10.1599998474121 10.4200000762939 10.6400003433228 10.8100004196167 10.960000038147 11.1000003814697 11.2200002670288 11.3199996948242 11.3800001144409 11.3699998855591 11.289999961853 11.1000003814697 11.1999998092651 11.5299997329712 11.5 11.460000038147 11.1700000762939 10.6400003433228 10.3100004196167 10.6800003051758 11.2200002670288 11.6499996185303 12 12.25 12.4399995803833 12.5500001907349 12.6899995803833 12.960000038147 13.1400003433228 13.3199996948242 13.6400003433228 14.4399995803833 15.6000003814697 15.4499998092651
7.84999990463257 7.61999988555908 7.92000007629395 8.30000019073486 8.51000022888184 8.53999996185303 8.59000015258789 8.97999954223633 8.97999954223633 8.89999961853027 9.01000022888184 9.31999969482422 9.72000026702881 9.97000026702881 10.1599998474121 10.289999961853 10.4200000762939 10.5799999237061 10.75 10.9399995803833 11.1300001144409 11.3000001907349 11.4499998092651 11.5799999237061 11.6800003051758 11.7700004577637 11.789999961853 11.4399995803833 11.3000001907349 11.0799999237061 10.8900003433228 10.9499998092651 11.1800003051758 11.4300003051758 11.6700000762939 11.8400001525879 12 12.0799999237061 12.1599998474121 12.3599996566772 12.4899997711182 12.539999961853 12.6000003814697 12.7600002288818 13.3299999237061 14
7.32999992370605 7.32999992370605 7.57000017166138 7.94000005722046 8.0600004196167 8.27000045776367 8.51000022888184 8.56999969482422 8.47999954223633 8.56999969482422 8.84000015258789 9.35000038146973 9.77999973297119 10.0100002288818 10.2299995422363 10.3999996185303 10.4799995422363 10.539999961853 10.6599998474121 10.789999961853 11.0500001907349 11.3999996185303 11.8000001907349 12.1800003051758 12.4200000762939 12.539999961853 12.4200000762939 12.1800003051758 11.7399997711182 11.6599998474121 11.4700002670288 11.4099998474121 11.4300003051758 11.4799995422363 11.6000003814697 11.6800003051758 11.8000001907349 11.8599996566772 11.9399995803833 12.0500001907349 12.1099996566772 12.0699996948242 11.9799995422363 11.8800001144409 11.8000001907349 11.960000038147
6.98000001907349 7.05000019073486 7.13000011444092 7.42999982833862 7.78999996185303 7.96000003814697 8.02000045776367 8.10000038146973 8.27999973297119 8.5600004196167 8.93000030517578 9.1899995803833 9.35999965667725 9.5600004196167 9.77000045776367 9.90999984741211 10.2700004577637 10.4399995803833 10.6000003814697 10.9499998092651 11.3199996948242 11.6099996566772 12.1199998855591 12.7299995422363 13.3100004196167 13.4200000762939 13.1300001144409 12.7700004577637 12.3999996185303 12.0200004577637 11.9499998092651 11.7799997329712 11.6999998092651 11.6599998474121 11.6499996185303 11.6499996185303 11.7200002670288 11.7700004577637 11.789999961853 11.8800001144409 11.9300003051758 11.8800001144409 11.7299995422363 11.539999961853 11.3500003814697 11.2700004577637
6.61999988555908 6.71000003814697 7 7.46999979019165 7.75 7.69999980926514 7.69000005722046 7.98000001907349 8.31999969482422 8.56999969482422 8.88000011444092 9.02999973297119 9.09000015258789 9.23999977111816 9.31999969482422 9.46000003814697 9.56999969482422 9.65999984741211 9.92000007629395 10.5100002288818 11.0200004577637 11.5900001525879 12.1499996185303 12.6899995803833 13.2299995422363 13.460000038147 13.2700004577637 12.9700002670288 12.6899995803833 12.3699998855591 12.1199998855591 12.039999961853 11.8900003433228 11.7799997329712 11.6999998092651 11.6599998474121 11.6599998474121 11.6800003051758 11.6800003051758 11.8000001907349 11.9300003051758 11.9499998092651 11.710000038147 11.4399995803833 11.1499996185303 10.8900003433228
6.42000007629395 6.75 7.23000001907349 7.57999992370605 7.69000005722046 7.51000022888184 7.6100001335144 7.94999980926514 8.26000022888184 8.52000045776367 8.75 9.0600004196167 9.15999984741211 9.14999961853027 9.38000011444092 9.27999973297119 9.27000045776367 9.28999996185303 9.46000003814697 10.1999998092651 10.7700004577637 11.3800001144409 11.8900003433228 12.3599996566772 12.710000038147 12.8900003433228 12.8100004196167 12.7200002670288 12.6000003814697 12.460000038147 12.2700004577637 12.1199998855591 12.0100002288818 11.8400001525879 11.710000038147 11.6300001144409 11.5799999237061 11.5299997329712 11.539999961853 11.6300001144409 11.7200002670288 11.7399997711182 11.6499996185303 11.5100002288818 11.3199996948242 11.1499996185303
6.76999998092651 7.17000007629395 7.55999994277954 7.94999980926514 7.76000022888184 7.67000007629395 7.69000005722046 8.0600004196167 8.42000007629395 8.68000030517578 8.77999973297119 8.89000034332275 9.09000015258789 9.22000026702881 9.35000038146973 9.36999988555908 9.38000011444092 9.51000022888184 9.72000026702881 10.3299999237061 10.8000001907349 11.2299995422363 11.6000003814697 11.9300003051758 12.2399997711182 12.4499998092651 12.4899997711182 12.3599996566772 12.2600002288818 12.1899995803833 12.210000038147 12.0699996948242 12.0200004577637 11.789999961853 11.6199998855591 11.5100002288818 11.4300003051758 11.3800001144409 11.3699998855591 11.3999996185303 11.460000038147 11.5699996948242 11.6400003433228 11.7200002670288 11.7600002288818 11.7399997711182
7.1100001335144 7.59000015258789 7.88000011444092 7.86999988555908 7.94999980926514 7.8899998664856 7.78000020980835 8.03999996185303 8.47000026702881 8.6899995803833 8.98999977111816 9.0600004196167 8.97999954223633 9.14999961853027 9.15999984741211 9.22000026702881 9.35000038146973 9.60000038146973 10.1400003433228 10.3999996185303 10.6700000762939 11.0299997329712 11.2799997329712 11.5299997329712 11.7200002670288 11.9499998092651 11.9799995422363 12.0200004577637 12.0100002288818 11.9700002670288 11.8900003433228 11.7700004577637 11.7200002670288 11.6300001144409 11.4700002670288 11.3500003814697 11.2399997711182 11.1400003433228 11.0799999237061 11.1000003814697 11.2200002670288 11.3999996185303 11.6400003433228 11.8800001144409 12.1599998474121 12.3699998855591
7.55000019073486 7.78999996185303 7.90999984741211 8.02000045776367 8.18000030517578 8.19999980926514 8.06999969482422 8.23999977111816 8.64000034332275 8.72999954223633 8.98999977111816 9.15999984741211 8.96000003814697 8.92000007629395 9.27000045776367 9.5600004196167 9.5600004196167 9.63000011444092 10.2600002288818 10.4700002670288 10.6800003051758 10.8400001525879 11.039999961853 11.210000038147 11.3299999237061 11.4399995803833 11.5 11.6199998855591 11.8000001907349 11.7700004577637 11.6700000762939 11.5299997329712 11.3400001525879 11.3599996566772 11.2799997329712 11.1300001144409 11.0100002288818 10.8599996566772 10.7700004577637 10.710000038147 10.8699998855591 11.1599998474121 11.5100002288818 11.7700004577637 12.0200004577637 12.210000038147
7.53000020980835 7.46999979019165 7.75 7.84000015258789 8.07999992370605 8.26000022888184 8.27999973297119 8.39999961853027 8.61999988555908 8.89999961853027 8.94999980926514 8.97999954223633 8.73999977111816 8.65999984741211 8.9399995803833 9.23999977111816 9.35000038146973 9.81999969482422 10.3199996948242 10.4700002670288 10.5900001525879 10.7600002288818 11.0600004196167 11.0299997329712 10.960000038147 11.0799999237061 11.1999998092651 11.3299999237061 11.4499998092651 11.6199998855591 11.5699996948242 11.3900003433228 11.210000038147 11.0600004196167 10.960000038147 10.8500003814697 10.8000001907349 10.6999998092651 10.6499996185303 10.6599998474121 10.8299999237061 11.0299997329712 11.3299999237061 11.5600004196167 11.8500003814697 12.0799999237061
6.8899998664856 7.30999994277954 7.61999988555908 7.65000009536743 7.75 7.82000017166138 7.94000005722046 8.19999980926514 8.64000034332275 8.80000019073486 8.56999969482422 8.35999965667725 8.36999988555908 8.57999992370605 8.75 9 9.0600004196167 9.40999984741211 10.039999961853 10.3400001525879 10.5100002288818 10.710000038147 10.8299999237061 10.8800001144409 10.7600002288818 10.8599996566772 10.9799995422363 11.0699996948242 11.1199998855591 11.1899995803833 11.3199996948242 11.2700004577637 11.1599998474121 10.9700002670288 10.8199996948242 10.710000038147 10.6000003814697 10.6199998855591 10.6599998474121 10.7299995422363 10.8299999237061 11.0500001907349 11.3199996948242 11.4700002670288 11.7200002670288 11.9499998092651
6.8600001335144 7.26999998092651 7.30999994277954 7.05999994277954 7.1100001335144 7.44999980926514 7.73000001907349 7.61999988555908 7.90000009536743 7.96999979019165 8.13000011444092 8.47000026702881 8.53999996185303 9.15999984741211 9.46000003814697 9.69999980926514 9.55000019073486 9.43000030517578 9.42000007629395 9.73999977111816 10.460000038147 10.4099998474121 10.4200000762939 10.460000038147 10.5600004196167 10.7299995422363 10.8100004196167 10.8599996566772 10.9099998474121 10.9399995803833 10.960000038147 10.9499998092651 11.0299997329712 10.9499998092651 10.8400001525879 10.6400003433228 10.5900001525879 10.5799999237061 10.5699996948242 10.6800003051758 10.8599996566772 11.0600004196167 11.2799997329712 11.460000038147 11.6400003433228 11.8100004196167
7.21000003814697 6.8899998664856 6.84000015258789 7.03999996185303 7.17000007629395 7.30000019073486 7.23000001907349 7.32000017166138 7.71000003814697 8.21000003814697 8.44999980926514 8.34000015258789 8.73999977111816 9.23999977111816 9.65999984741211 9.85999965667725 9.60000038146973 9.60000038146973 9.44999980926514 9.6899995803833 9.76000022888184 9.84000015258789 9.94999980926514 10.210000038147 10.4499998092651 10.5799999237061 10.6400003433228 10.710000038147 10.75 10.7700004577637 10.8000001907349 10.7299995422363 10.7399997711182 10.8100004196167 10.8500003814697 10.7200002670288 10.6499996185303 10.7399997711182 10.7399997711182 10.7600002288818 10.8800001144409 11.0299997329712 11.25 11.4200000762939 11.5699996948242 11.7399997711182
7.42000007629395 7.09000015258789 6.98000001907349 7.1399998664856 7.01999998092651 6.96999979019165 7.1100001335144 7.40999984741211 7.98999977111816 8.06999969482422 8.11999988555908 8.21000003814697 8.80000019073486 9.27000045776367 9.60000038146973 9.90999984741211 9.77000045776367 9.65999984741211 9.43000030517578 9.77999973297119 9.78999996185303 9.69999980926514 9.94999980926514 10.4799995422363 10.6199998855591 10.6300001144409 10.6999998092651 10.7799997329712 10.8500003814697 10.8100004196167 10.75 10.6400003433228 10.5100002288818 10.5 10.5100002288818 10.6000003814697 10.7200002670288 10.9499998092651 11.0900001525879 11.0500001907349 11.0900001525879 11.1400003433228 11.2700004577637 11.4300003051758 11.5500001907349 11.6599998474121
7.5 7.21999979019165 7.3600001335144 7.59000015258789 7.28000020980835 7.34999990463257 7.46000003814697 7.82999992370605 7.94999980926514 7.96999979019165 7.94999980926514 8.18000030517578 8.52999973297119 8.93000030517578 9.36999988555908 9.57999992370605 9.5 9.60999965667725 9.47000026702881 9.64999961853027 9.72000026702881 9.72000026702881 9.8100004196167 10.2600002288818 10.4300003051758 10.4300003051758 10.5299997329712 10.7799997329712 10.8699998855591 10.8299999237061 10.8000001907349 10.6099996566772 10.4700002670288 10.3000001907349 10.2700004577637 10.4799995422363 10.5299997329712 10.8100004196167 11.0500001907349 11.1499996185303 11.4300003051758 11.5 11.5799999237061 11.5500001907349 11.5699996948242 11.6300001144409
