SnowAccumulation_R/test/pcp/pcp_2.asc
NCOLS 144 
NROWS 72 
XLLCORNER -107.999996877414 
YLLCORNER 47.0000011447333 
CELLSIZE 0.0833333376702586 
NODATA_value -3.4e+38 
[rows 42 to 62 of 72, columns 92 to 137 of 144]
17.9300003051758 18.7099990844727 19.4799995422363 20.0699996948242 20.0499992370605 20.1299991607666 20.3899993896484 20.4300003051758 20.5300006866455 20.2199993133545 19.6800003051758 19.2900009155273 19.0599994659424 19 19.0400009155273 19.1800003051758 19.5799999237061 19.7900009155273 19.9599990844727 20 20.2000007629395 19.9400005340576 19.3700008392334 18.5699996948242 18.3500003814697 18.7700004577637 19.3199996948242 19.8899993896484 20.5100002288818 21.0200004577637 21.2099990844727 20.9500007629395 20.3199996948242 19.4899997711182 18.6100006103516 17.7999992370605 17.1299991607666 16.6200008392334 16.25 15.9700002670288 15.7600002288818 15.6800003051758 15.7600002288818 16.1599998474121 16.8500003814697 17.6800003051758
18.6200008392334 19.2800006866455 19.9699993133545 20.4899997711182 20.75 20.8600006103516 20.9300003051758 20.9300003051758 20.7000007629395 20.5400009155273 20.2999992370605 19.8299999237061 19.5400009155273 19.4799995422363 19.4300003051758 19.6000003814697 19.75 19.6700000762939 19.7900009155273 19.9699993133545 19.9599990844727 19.8500003814697 19.6000003814697 18.9500007629395 18.0200004577637 18.5 19.2099990844727 19.9899997711182 20.8700008392334 21.7600002288818 22.4500007629395 22.1399993896484 21.2099990844727 20.2299995422363 19.2999992370605 18.4599990844727 17.7399997711182 17.1599998474121 16.6900005340576 16.3299999237061 16.1200008392334 16.1200008392334 16.2800006866455 16.6299991607666 17.1900005340576 17.9400005340576
18.8299999237061 19.4400005340576 20.0499992370605 20.5100002288818 20.7700004577637 20.8999996185303 20.9599990844727 20.8600006103516 20.6599998474121 20.2299995422363 20.0599994659424 19.8999996185303 19.4400005340576 19.5100002288818 19.5699996948242 19.6100006103516 19.6800003051758 19.8700008392334 19.6000003814697 19.3400001525879 19.4200000762939 19.3700008392334 19.2600002288818 19.0699996948242 18.6200008392334 18.4400005340576 18.9699993133545 19.7199993133545 20.5900001525879 21.5400009155273 22.3400001525879 22.1000003814697 21.2299995422363 20.3400001525879 19.5100002288818 18.75 18.0699996948242 17.4899997711182 17.0100002288818 16.6299991607666 16.4300003051758 16.4400005340576 16.5300006866455 16.7999992370605 17.2700004577637 17.9200000762939
18.6499996185303 19.3700008392334 19.9899997711182 20.2800006866455 20.3600006103516 20.3400001525879 20.3600006103516 20.4200000762939 20.25 19.7399997711182 19.2800006866455 18.9599990844727 18.8799991607666 18.8999996185303 18.9400005340576 19.0599994659424 19.5100002288818 19.6599998474121 19.2900009155273 18.8799991607666 18.6100006103516 18.6900005340576 18.6100006103516 18.5300006866455 18.3299999237061 18.2600002288818 18.4599990844727 18.9599990844727 19.5599994659424 20.1399993896484 20.5200004577637 20.5300006866455 20.2299995422363 19.75 19.2000007629395 18.6200008392334 18.0699996948242 17.5699996948242 17.1100006103516 16.7399997711182 16.5200004577637 16.4500007629395 16.4300003051758 16.5799999237061 16.8999996185303 17.3999996185303
18.4799995422363 19.3099994659424 20.1200008392334 19.9799995422363 19.6200008392334 19.3600006103516 19.2099990844727 19.0799999237061 18.8400001525879 18.3999996185303 18.0799999237061 17.8899993896484 17.8700008392334 17.9500007629395 18.0799999237061 18.2299995422363 18.4099998474121 18.4099998474121 18.2000007629395 17.9699993133545 17.7299995422363 17.6000003814697 17.6900005340576 17.5499992370605 17.6900005340576 17.7099990844727 17.7299995422363 17.8799991607666 18.2199993133545 18.5499992370605 18.7999992370605 18.9200000762939 18.9400005340576 18.8099994659424 18.4799995422363 18.1100006103516 17.7600002288818 17.4099998474121 16.9899997711182 16.5900001525879 16.3099994659424 16.1399993896484 16.0400009155273 16.0499992370605 16.2199993133545 16.5599994659424
17.2999992370605 17.8400001525879 18.2099990844727 18.3700008392334 18.2000007629395 17.7900009155273 17.4300003051758 17.1200008392334 16.8400001525879 16.5699996948242 16.4300003051758 16.4099998474121 16.5100002288818 16.7299995422363 16.8999996185303 17.0200004577637 17.0699996948242 17.1000003814697 16.9899997711182 16.8099994659424 16.7199993133545 16.5 16.4599990844727 16.5400009155273 16.5900001525879 16.8299999237061 16.9500007629395 16.7199993133545 16.7900009155273 16.9699993133545 17.1200008392334 17.25 17.3799991607666 17.4200000762939 17.3400001525879 17.2199993133545 17.1299991607666 17.0499992370605 16.6399993896484 16.1299991607666 15.8199996948242 15.5699996948242 15.3900003433228 15.3000001907349 15.3100004196167 15.4300003051758
15.7399997711182 16.1100006103516 16.2600002288818 16.6000003814697 16.5300006866455 16.2099990844727 15.8800001144409 15.1700000762939 14.710000038147 14.5799999237061 14.6999998092651 14.8800001144409 15.0799999237061 15.3100004196167 15.6000003814697 15.8100004196167 15.8900003433228 15.9399995803833 15.9200000762939 15.8199996948242 15.75 15.6800003051758 15.6300001144409 15.6300001144409 15.6700000762939 15.6700000762939 15.7600002288818 15.6999998092651 15.539999961853 15.5299997329712 15.5500001907349 15.6000003814697 15.75 15.9399995803833 16.0599994659424 16.1100006103516 16.1000003814697 15.9899997711182 15.710000038147 15.3100004196167 15.0100002288818 14.8299999237061 14.6899995803833 14.5600004196167 14.460000038147 14.3400001525879
14.4899997711182 14.6499996185303 14.5900001525879 14.710000038147 14.8000001907349 14.7200002670288 14.2700004577637 13.7600002288818 12.8100004196167 12.8299999237061 13.2799997329712 13.6199998855591 13.8999996185303 14.1400003433228 14.4200000762939 14.6800003051758 14.789999961853 14.8299999237061 14.8199996948242 14.7299995422363 14.6499996185303 14.5900001525879 14.539999961853 14.5299997329712 14.5900001525879 14.7200002670288 14.8500003814697 14.75 14.6999998092651 14.6099996566772 14.2700004577637 14.0500001907349 14.3900003433228 14.7299995422363 14.960000038147 15.0699996948242 15.0600004196167 14.9300003051758 14.6899995803833 14.3900003433228 14.1099996566772 13.9799995422363 13.9399995803833 13.9300003051758 13.9099998474121 13.9499998092651
12.210000038147 12.4300003051758 12.6000003814697 12.7200002670288 12.8199996948242 12.8500003814697 12.789999961853 12.6099996566772 12.3999996185303 12.4300003051758 12.6400003433228 12.8800001144409 13.0799999237061 13.289999961853 13.5200004577637 13.7299995422363 13.8599996566772 13.9200000762939 13.9099998474121 13.8199996948242 13.7299995422363 13.6400003433228 13.5299997329712 13.4399995803833 13.5799999237061 13.8800001144409 14.0799999237061 14.25 14.1199998855591 13.9499998092651 13.8299999237061 13.7700004577637 13.8999996185303 14.1199998855591 14.289999961853 14.3699998855591 14.3500003814697 14.1999998092651 13.960000038147 13.6400003433228 13.3100004196167 13.3000001907349 13.4399995803833 13.5799999237061 13.6800003051758 13.8400001525879
11.289999961853 11.4300003051758 11.6499996185303 11.8299999237061 11.9499998092651 12.039999961853 12.1000003814697 12.1199998855591 12.1700000762939 12.2600002288818 12.3699998855591 12.4899997711182 12.5799999237061 12.710000038147 12.8800001144409 13.039999961853 13.1599998474121 13.1999998092651 13.1899995803833 13.1499996185303 13.0600004196167 12.960000038147 12.8900003433228 12.8599996566772 13.039999961853 13.3100004196167 13.5799999237061 13.8100004196167 13.8900003433228 13.6400003433228 13.6599998474121 13.75 13.8299999237061 13.9300003051758 14.0100002288818 14.0299997329712 13.9799995422363 13.8400001525879 13.6499996185303 13.4200000762939 13.2399997711182 13.210000038147 13.3199996948242 13.460000038147 13.6300001144409 13.789999961853
10.6800003051758 10.8999996185303 11.1800003051758 11.4899997711182 11.6599998474121 11.7600002288818 11.8500003814697 11.9300003051758 12.0500001907349 12.1700000762939 12.2299995422363 12.25 12.2799997329712 12.3299999237061 12.4300003051758 12.539999961853 12.6099996566772 12.6700000762939 12.6599998474121 12.6400003433228 12.5600004196167 12.5 12.5200004577637 12.6099996566772 12.7700004577637 12.9700002670288 13.25 13.5 13.6599998474121 13.6899995803833 13.7200002670288 13.8299999237061 13.9300003051758 13.9799995422363 13.9899997711182 13.9700002670288 13.8999996185303 13.789999961853 13.6599998474121 13.5299997329712 13.4399995803833 13.4099998474121 13.4499998092651 13.5500001907349 13.7200002670288 13.8500003814697
11.0500001907349 11.1099996566772 11.3000001907349 11.5600004196167 11.6999998092651 11.8800001144409 12.0100002288818 12.0600004196167 12.1199998855591 12.1700000762939 12.1999998092651 12.1599998474121 12.1400003433228 12.1300001144409 12.1899995803833 12.2399997711182 12.2700004577637 12.3000001907349 12.3100004196167 12.2700004577637 12.210000038147 12.1499996185303 12.210000038147 12.3299999237061 12.5299997329712 12.7399997711182 12.9700002670288 13.2299995422363 13.5200004577637 13.7799997329712 13.9899997711182 14.0900001525879 14.1499996185303 14.1499996185303 14.1099996566772 14.0500001907349 13.9799995422363 13.8999996185303 13.8100004196167 13.7399997711182 13.6999998092651 13.6800003051758 13.6899995803833 13.7299995422363 13.8400001525879 13.9399995803833
11.6899995803833 11.6300001144409 11.6499996185303 11.8000001907349 11.9200000762939 12.0200004577637 12.2399997711182 12.3699998855591 12.3800001144409 12.3999996185303 12.3800001144409 12.3199996948242 12.2299995422363 12.1499996185303 12.1400003433228 12.1599998474121 12.1599998474121 12.1300001144409 12.1199998855591 12.0500001907349 11.9700002670288 11.9099998474121 11.9099998474121 12.0500001907349 12.2399997711182 12.4700002670288 12.7200002670288 13.0200004577637 13.3999996185303 13.8699998855591 14.3400001525879 14.5100002288818 14.4399995803833 14.3299999237061 14.2399997711182 14.1599998474121 14.0900001525879 14.0500001907349 14 13.9899997711182 14 14 14 13.9799995422363 13.9899997711182 14.0299997329712
12.1800003051758 12.0600004196167 12.0100002288818 12.039999961853 12.1499996185303 12.25 12.460000038147 12.5799999237061 12.710000038147 12.789999961853 12.789999961853 12.7200002670288 12.5799999237061 12.4300003051758 12.3000001907349 12.2399997711182 12.1700000762939 12.1000003814697 12.0500001907349 11.9700002670288 11.8900003433228 11.8400001525879 11.8100004196167 11.8800001144409 12.0100002288818 12.1800003051758 12.4099998474121 12.7600002288818 13.210000038147 13.7600002288818 14.3299999237061 14.6700000762939 14.5200004577637 14.3999996185303 14.289999961853 14.2299995422363 14.1999998092651 14.1700000762939 14.1700000762939 14.1999998092651 14.2399997711182 14.3199996948242 14.3199996948242 14.2200002670288 14.1199998855591 14.0799999237061
12.2299995422363 12.2600002288818 12.3199996948242 12.3100004196167 12.3599996566772 12.4700002670288 12.6300001144409 12.8100004196167 12.9899997711182 13.1499996185303 13.3000001907349 13.1700000762939 12.9300003051758 12.6700000762939 12.5 12.3800001144409 12.2700004577637 12.1700000762939 12.1000003814697 12.0100002288818 11.9300003051758 11.8900003433228 11.8599996566772 11.8599996566772 11.9200000762939 12.0299997329712 12.2200002670288 12.5699996948242 12.9700002670288 13.4300003051758 13.8699998855591 14.1199998855591 14.210000038147 14.1999998092651 14.1800003051758 14.1700000762939 14.1800003051758 14.1999998092651 14.2399997711182 14.2799997329712 14.3500003814697 14.4399995803833 14.4399995803833 14.3199996948242 14.1999998092651 14.1400003433228
12.210000038147 12.2799997329712 12.3599996566772 12.4499998092651 12.5600004196167 12.6800003051758 12.8100004196167 12.9899997711182 13.1700000762939 13.3000001907349 13.3999996185303 13.289999961853 13.0200004577637 12.789999961853 12.6599998474121 12.539999961853 12.4200000762939 12.3100004196167 12.1899995803833 12.0799999237061 12 11.9499998092651 11.9099998474121 11.8999996185303 11.9300003051758 12.0299997329712 12.1800003051758 12.4300003051758 12.7299995422363 13.0600004196167 13.3999996185303 13.6899995803833 13.8400001525879 13.9300003051758 14 14.0600004196167 14.1199998855591 14.1800003051758 14.2200002670288 14.2700004577637 14.3100004196167 14.3299999237061 14.3199996948242 14.25 14.1800003051758 14.1199998855591
12.1000003814697 12.210000038147 12.3199996948242 12.4499998092651 12.5900001525879 12.7399997711182 12.8599996566772 13.0699996948242 13.1899995803833 13.3199996948242 13.3199996948242 13.2399997711182 13.039999961853 12.8400001525879 12.7200002670288 12.6000003814697 12.5200004577637 12.4499998092651 12.3400001525879 12.2299995422363 12.1400003433228 12.0600004196167 12.0100002288818 11.9799995422363 11.960000038147 12 12.0900001525879 12.2700004577637 12.5 12.7700004577637 13.0699996948242 13.3900003433228 13.5600004196167 13.6899995803833 13.8199996948242 13.9399995803833 14.039999961853 14.1199998855591 14.1700000762939 14.2200002670288 14.2399997711182 14.2299995422363 14.210000038147 14.1700000762939 14.1300001144409 14.1099996566772
11.960000038147 12.1400003433228 12.3100004196167 12.4300003051758 12.5699996948242 12.6999998092651 12.8800001144409 13.0600004196167 13.1499996185303 13.2299995422363 13.2700004577637 13.25 13.0600004196167 12.9099998474121 12.7600002288818 12.6700000762939 12.5500001907349 12.4799995422363 12.3800001144409 12.3100004196167 12.2700004577637 12.1999998092651 12.1199998855591 12.0799999237061 12.039999961853 12.039999961853 12.0500001907349 12.0900001525879 12.3299999237061 12.6400003433228 12.8900003433228 13.1700000762939 13.4099998474121 13.539999961853 13.6899995803833 13.8500003814697 13.9799995422363 14.0799999237061 14.1400003433228 14.1599998474121 14.1800003051758 14.1599998474121 14.1300001144409 14.1099996566772 14.0900001525879 14.1099996566772
11.8800001144409 12.0500001907349 12.2200002670288 12.4200000762939 12.5299997329712 12.6899995803833 12.7700004577637 12.9499998092651 13.0100002288818 13.0699996948242 13.1099996566772 13.1099996566772 13.0200004577637 13.0299997329712 12.8699998855591 12.8900003433228 12.8599996566772 12.7200002670288 12.5100002288818 12.4499998092651 12.3299999237061 12.3400001525879 12.2200002670288 12.1800003051758 12.1800003051758 12.1800003051758 12.210000038147 12.289999961853 12.5 12.7399997711182 12.9200000762939 13.0799999237061 13.3400001525879 13.5200004577637 13.6599998474121 13.8100004196167 13.960000038147 14.1000003814697 14.1499996185303 14.1300001144409 14.1400003433228 14.1199998855591 14.0900001525879 14.0500001907349 14.0699996948242 14.1199998855591
11.7799997329712 11.9300003051758 12.0799999237061 12.3100004196167 12.4399995803833 12.5799999237061 12.6800003051758 12.6999998092651 12.7299995422363 12.8100004196167 12.8400001525879 12.8800001144409 12.8800001144409 12.9099998474121 12.8800001144409 12.8400001525879 12.8400001525879 12.8599996566772 12.6999998092651 12.5900001525879 12.5299997329712 12.4499998092651 12.3500003814697 12.3100004196167 12.3100004196167 12.3500003814697 12.4099998474121 12.5200004577637 12.6800003051758 12.8999996185303 13.0200004577637 13.1199998855591 13.3299999237061 13.5600004196167 13.6999998092651 13.8199996948242 13.9499998092651 14.0600004196167 14.1199998855591 14.1199998855591 14.1099996566772 14.0900001525879 14.0600004196167 14.0299997329712 14.0299997329712 14.0900001525879
11.6599998474121 11.7600002288818 11.8900003433228 11.9899997711182 12.1300001144409 12.3199996948242 12.3299999237061 12.3500003814697 12.460000038147 12.5600004196167 12.6800003051758 12.8199996948242 12.8500003814697 12.8999996185303 12.9300003051758 12.9399995803833 12.8900003433228 12.789999961853 12.7600002288818 12.6899995803833 12.6199998855591 12.5200004577637 12.4700002670288 12.4300003051758 12.4399995803833 12.4700002670288 12.5799999237061 12.7200002670288 12.8599996566772 13.0299997329712 13.1300001144409 13.1800003051758 13.3299999237061 13.5799999237061 13.7600002288818 13.8900003433228 13.9799995422363 14.0699996948242 14.1199998855591 14.1400003433228 14.1300001144409 14.1400003433228 14.1099996566772 14.0600004196167 13.9899997711182 14.0900001525879
