SnowAccumulation_R/test/pcp/pcp_2.asc
NCOLS 144 
NROWS 72 
XLLCORNER -107.999996877414 
YLLCORNER 47.0000011447333 
CELLSIZE 0.0833333376702586 
NODATA_value -3.4e+38 
[rows 42 to 62 of 72, columns 0 to 45 of 144]
11.0299997329712 10.9700002670288 10.6899995803833 10.6599998474121 10.6599998474121 10.7399997711182 10.4799995422363 10.5900001525879 10.289999961853 10.2700004577637 10.2700004577637 10.3199996948242 10.4200000762939 10.1199998855591 10.0500001907349 10.289999961853 10.539999961853 10.8699998855591 11.0299997329712 10.9700002670288 11.0200004577637 11.1599998474121 11.1400003433228 10.8900003433228 10.8900003433228 10.4399995803833 10.0799999237061 9.84000015258789 9.51000022888184 9.69999980926514 9.85999965667725 10.3599996566772 10.5 10.5799999237061 10.9799995422363 11.460000038147 11.8000001907349 12.1199998855591 12.4099998474121 12.6400003433228 13.0900001525879 13.8699998855591 14.8299999237061 15.8000001907349 16.6599998474121 16.6200008392334
10.1300001144409 10.0600004196167 10 9.84000015258789 9.85000038146973 10.1599998474121 10.6499996185303 10.8000001907349 10.6199998855591 10.4700002670288 10.3000001907349 10.2700004577637 10.3400001525879 10 10.0799999237061 10.4399995803833 10.5100002288818 10.8800001144409 11.1700000762939 11.0900001525879 11.2200002670288 11.2700004577637 11.7600002288818 11.5200004577637 11.3400001525879 11.5299997329712 11.5500001907349 11.5 11.0200004577637 10.4499998092651 10.3400001525879 10.1999998092651 10.3199996948242 10.6099996566772 10.9700002670288 11.1700000762939 11.1899995803833 11.3500003814697 11.4200000762939 11.4700002670288 11.8199996948242 12.6999998092651 13.6199998855591 14.4200000762939 15.039999961853 15.2600002288818
9.46000003814697 9.18000030517578 8.96000003814697 8.77000045776367 8.94999980926514 9.19999980926514 9.6899995803833 10.0500001907349 10.1499996185303 10.539999961853 10.3400001525879 10.3400001525879 10.0699996948242 10.4200000762939 10.5500001907349 11.039999961853 11.0799999237061 11.3299999237061 11.6300001144409 11.5500001907349 11.8100004196167 11.8400001525879 11.5 11.2700004577637 11.3100004196167 11.25 11.2600002288818 11.8599996566772 11.5299997329712 11.1199998855591 10.6300001144409 10.4399995803833 10.4200000762939 10.6800003051758 10.5200004577637 10.6800003051758 10.9799995422363 10.9799995422363 10.8599996566772 10.9499998092651 11.3400001525879 11.9099998474121 12.5500001907349 13.1199998855591 13.6000003814697 14.0600004196167
8.23999977111816 8.25 7.92000007629395 7.78000020980835 8.06999969482422 8.18000030517578 8.60999965667725 8.89999961853027 9.26000022888184 9.94999980926514 10.3100004196167 10.4899997711182 10.3800001144409 10.3999996185303 10.6800003051758 10.6999998092651 10.9300003051758 10.8500003814697 10.960000038147 11.3000001907349 11.3599996566772 11.3699998855591 11.5500001907349 11.6400003433228 11.1099996566772 10.9899997711182 11.1000003814697 11.4099998474121 11.5900001525879 11.3500003814697 11.4899997711182 11.5500001907349 11.3900003433228 10.8100004196167 10.6899995803833 10.1199998855591 9.85999965667725 9.97999954223633 9.9399995803833 10.3599996566772 10.5699996948242 10.9300003051758 11.4399995803833 11.9300003051758 12.3599996566772 12.8100004196167
7.07999992370605 6.94999980926514 6.78999996185303 6.94999980926514 7.17000007629395 7.36999988555908 7.61999988555908 7.98999977111816 8.63000011444092 9.5 9.60000038146973 9.69999980926514 9.81999969482422 9.72000026702881 9.57999992370605 9.53999996185303 9.8100004196167 9.77999973297119 9.86999988555908 10.1099996566772 10.7600002288818 10.9499998092651 10.8800001144409 10.8000001907349 11.1599998474121 10.9799995422363 11.0200004577637 11.1199998855591 11.1300001144409 11.2700004577637 11.3199996948242 11.6000003814697 11.1700000762939 10.5600004196167 10.2399997711182 9.97999954223633 9.43000030517578 8.9399995803833 9.26000022888184 9.27000045776367 9.43000030517578 9.88000011444092 10.460000038147 11.0100002288818 11.3100004196167 11.4399995803833
6.15000009536743 5.82999992370605 5.82000017166138 6.09000015258789 6.44000005722046 6.82000017166138 7.17000007629395 7.42999982833862 7.84000015258789 8.57999992370605 8.80000019073486 8.86999988555908 8.78999996185303 8.72999954223633 8.60000038146973 8.59000015258789 8.69999980926514 8.96000003814697 9.10000038146973 9.1899995803833 9.56999969482422 10.1499996185303 10.2600002288818 10.1499996185303 9.98999977111816 10.1199998855591 10.1800003051758 10.3400001525879 11.0100002288818 11.0900001525879 10.9200000762939 10.5299997329712 10.2799997329712 9.81999969482422 9.14999961853027 9.14999961853027 8.96000003814697 8.39000034332275 8.63000011444092 8.80000019073486 8.8100004196167 9.02000045776367 9.35000038146973 9.76000022888184 10.1000003814697 10.2600002288818
5.92999982833862 5.59999990463257 5.57999992370605 5.90999984741211 6.17000007629395 6.53000020980835 6.90000009536743 7.26000022888184 7.42999982833862 8 8.14000034332275 8.0600004196167 8 7.86999988555908 7.80999994277954 7.8600001335144 7.92000007629395 8.35000038146973 8.64999961853027 8.48999977111816 8.56999969482422 9.07999992370605 9.57999992370605 9.72999954223633 9.8100004196167 9.72999954223633 9.48999977111816 9.30000019073486 9.44999980926514 9.85999965667725 9.27999973297119 9.14000034332275 9.36999988555908 9.78999996185303 8.9399995803833 7.94999980926514 7.40000009536743 7.69999980926514 8.40999984741211 8.53999996185303 8.59000015258789 8.97999954223633 9.02000045776367 9.10000038146973 8.89000034332275 8.9399995803833
6.34000015258789 6.13000011444092 6.01000022888184 6.1399998664856 6.32000017166138 6.59999990463257 7.01000022888184 7.28999996185303 7.03000020980835 7.30000019073486 7.42000007629395 7.3899998664856 7.23000001907349 7.15999984741211 7.21999979019165 7.17000007629395 7.21000003814697 7.76000022888184 8.10999965667725 8.11999988555908 8.27000045776367 8.22999954223633 8.32999992370605 8.82999992370605 9.31999969482422 9.01000022888184 8.6899995803833 8.46000003814697 8.31999969482422 7.84999990463257 7.53000020980835 8.17000007629395 9.35000038146973 9.36999988555908 8.64999961853027 7.65999984741211 6.53000020980835 7.09000015258789 7.44000005722046 7.61999988555908 7.80999994277954 8.31999969482422 8.5600004196167 8.90999984741211 8.5 8.11999988555908
6.75 6.63000011444092 6.59000015258789 6.57999992370605 6.67999982833862 6.8899998664856 7.07000017166138 7.23999977111816 7.05000019073486 6.92000007629395 6.96000003814697 6.82999992370605 6.67000007629395 6.67000007629395 6.59999990463257 6.48999977111816 6.6100001335144 6.92999982833862 7.05999994277954 7.34999990463257 7.59000015258789 7.86999988555908 8.10000038146973 8.06999969482422 8.22000026702881 8.82999992370605 9.17000007629395 8.72999954223633 8.48999977111816 8.22999954223633 7.5 8.85999965667725 10.0200004577637 10.3100004196167 9.77000045776367 7.98999977111816 6.80999994277954 6.53000020980835 6.65999984741211 6.96999979019165 7.15000009536743 7.42999982833862 7.78999996185303 8.22999954223633 8.18000030517578 7.69000005722046
7.17999982833862 7.07999992370605 7.05999994277954 6.96999979019165 6.90000009536743 7.03000020980835 7.09999990463257 7.1399998664856 6.96999979019165 6.69000005722046 6.73000001907349 6.57000017166138 6.44000005722046 6.28999996185303 6.17000007629395 6.07000017166138 5.98999977111816 6.01000022888184 5.75 6.28000020980835 6.69999980926514 7.15999984741211 7.67000007629395 8.06999969482422 8.27000045776367 8.42000007629395 8.76000022888184 9.05000019073486 9.27999973297119 9.52999973297119 8.71000003814697 9.38000011444092 10.8699998855591 11.1199998855591 10.6000003814697 9.48999977111816 9.14000034332275 8.68000030517578 8.14000034332275 7.53000020980835 7.76000022888184 7.17999982833862 6.88000011444092 7.26000022888184 7.48999977111816 7.23999977111816
7.40000009536743 7.32000017166138 7.19999980926514 7.07999992370605 6.98999977111816 6.92000007629395 7.03999996185303 7.03000020980835 6.80000019073486 6.82999992370605 6.80999994277954 6.57000017166138 6.21999979019165 6.11999988555908 6.1399998664856 6.17999982833862 5.78000020980835 5.46999979019165 5.46999979019165 5.82000017166138 6.30999994277954 6.84000015258789 7.5 8.03999996185303 8.47000026702881 8.84000015258789 8.94999980926514 9.06999969482422 9.27000045776367 9.97000026702881 10.2700004577637 9.98999977111816 12.4499998092651 12.5699996948242 11.7600002288818 11.0500001907349 9.90999984741211 8.89000034332275 8.15999984741211 8 7.44000005722046 6.92999982833862 6.44000005722046 6.88000011444092 6.86999988555908 6.71999979019165
7.80000019073486 7.55000019073486 7.25 7.03000020980835 6.96999979019165 6.8899998664856 6.84999990463257 6.84000015258789 6.73999977111816 6.67999982833862 6.67000007629395 6.44000005722046 6.30999994277954 6.28000020980835 6.15999984741211 5.94999980926514 5.80999994277954 5.57999992370605 5.63000011444092 5.96999979019165 6.3899998664856 6.8899998664856 7.38000011444092 7.98000001907349 8.52999973297119 8.60000038146973 8.80000019073486 9.13000011444092 9.59000015258789 10.2799997329712 10.6099996566772 10.6000003814697 12.960000038147 13.4300003051758 12.6800003051758 11.3400001525879 10.4300003051758 9.85000038146973 8.61999988555908 7.6399998664856 6.84000015258789 6.21000003814697 6.03000020980835 6.25 6.19000005722046 6.23000001907349
7.98000001907349 7.63000011444092 7.25 7.07000017166138 6.94999980926514 6.96000003814697 7.11999988555908 7.01999998092651 6.84999990463257 6.71000003814697 6.57000017166138 6.44999980926514 6.3600001335144 6.26000022888184 6.1100001335144 5.96000003814697 5.84999990463257 5.80999994277954 5.73999977111816 6.01000022888184 6.28999996185303 6.90999984741211 7.25 7.84000015258789 8.5600004196167 9.02000045776367 9.55000019073486 10.1199998855591 10.8900003433228 11.6300001144409 11.8500003814697 11.4399995803833 10.8900003433228 11.8199996948242 12.2700004577637 11.7299995422363 10.1300001144409 9.19999980926514 8.46000003814697 7.82999992370605 6.73999977111816 6.01000022888184 5.84999990463257 5.78000020980835 6.07000017166138 6.3899998664856
7.71999979019165 7.44000005722046 7.17000007629395 7.03000020980835 6.98999977111816 7.11999988555908 7.57999992370605 7.30999994277954 7.05000019073486 7.21999979019165 7.03999996185303 6.71000003814697 6.46999979019165 6.30999994277954 6.17999982833862 6.05999994277954 5.98000001907349 6 5.96000003814697 6 6.51000022888184 6.92999982833862 7.23999977111816 7.69999980926514 8.28999996185303 8.65999984741211 9.11999988555908 9.64999961853027 10.1300001144409 10.8900003433228 11.3500003814697 11.8900003433228 11.6300001144409 10.5799999237061 10.289999961853 10.5699996948242 9.98999977111816 8.97000026702881 7.90000009536743 7.17999982833862 6.51000022888184 6.11999988555908 6.28999996185303 6.40999984741211 6.73000001907349 6.80999994277954
7.75 7.84000015258789 7.69999980926514 7.71999979019165 7.28999996185303 7.40999984741211 7.71999979019165 7.65999984741211 7.38000011444092 7.42000007629395 7.30999994277954 7.03999996185303 6.78999996185303 6.46999979019165 6.21000003814697 6.09999990463257 6.01000022888184 6.05000019073486 6.1399998664856 6.05999994277954 6.55999994277954 6.88000011444092 6.96000003814697 7.40999984741211 7.90000009536743 8.10000038146973 8.21000003814697 9.07999992370605 9.28999996185303 9.68000030517578 10.2299995422363 10.2600002288818 10.8400001525879 10.6700000762939 9.94999980926514 9.75 9.06999969482422 8.1899995803833 7.44999980926514 6.84999990463257 6.75 6.71999979019165 6.55000019073486 6.8899998664856 6.98999977111816 7.26000022888184
7.71999979019165 7.80999994277954 7.88000011444092 7.86999988555908 7.67999982833862 7.44999980926514 7.73999977111816 7.84000015258789 7.65000009536743 7.57000017166138 7.42999982833862 7.09999990463257 6.82999992370605 6.59000015258789 6.30000019073486 6.03999996185303 6.01999998092651 6.05999994277954 6.03000020980835 6.01000022888184 6.30999994277954 6.48999977111816 6.69000005722046 6.84999990463257 7.3600001335144 7.73000001907349 7.53999996185303 7.78999996185303 8.21000003814697 8.18000030517578 8.48999977111816 8.65999984741211 8.89000034332275 8.9399995803833 8.73999977111816 8.73999977111816 8.35999965667725 8.14000034332275 7.84999990463257 6.90000009536743 6.8600001335144 7.09999990463257 6.76999998092651 6.78000020980835 6.65999984741211 7.1100001335144
7.71000003814697 7.51000022888184 7.59999990463257 7.61999988555908 7.53999996185303 7.44000005722046 7.76000022888184 7.88000011444092 7.80999994277954 7.65000009536743 7.36999988555908 7.05000019073486 6.84999990463257 6.65999984741211 6.46000003814697 6.23000001907349 6.05000019073486 5.92000007629395 5.80999994277954 5.82999992370605 5.90000009536743 6.01999998092651 6.13000011444092 6.19999980926514 6.34000015258789 6.40999984741211 6.6100001335144 6.44999980926514 6.57000017166138 6.69999980926514 6.8899998664856 7.17000007629395 7.42000007629395 7.63000011444092 7.84000015258789 7.94999980926514 7.59000015258789 7.34000015258789 7.21000003814697 6.84999990463257 6.42000007629395 6.32000017166138 6.23999977111816 6.46999979019165 6.65999984741211 6.65999984741211
7.5 7.36999988555908 7.40000009536743 7.36999988555908 7.28000020980835 7.34999990463257 7.73000001907349 7.69999980926514 7.71999979019165 7.61999988555908 7.32000017166138 7.03999996185303 6.76999998092651 6.61999988555908 6.36999988555908 6.17000007629395 6.13000011444092 6.07999992370605 5.82000017166138 5.84000015258789 5.94000005722046 5.71999979019165 5.65999984741211 5.6399998664856 5.69999980926514 5.69000005722046 5.76000022888184 5.80999994277954 5.98999977111816 6.34000015258789 6.67000007629395 6.84000015258789 7.07999992370605 7.23999977111816 7.30000019073486 7.34000015258789 7.78000020980835 7.57000017166138 7.44999980926514 7.40000009536743 7.21999979019165 6.86999988555908 6.98000001907349 6.88000011444092 6.80000019073486 6.69999980926514
7.32999992370605 7.19999980926514 7.15000009536743 7.05999994277954 7.1100001335144 7.42000007629395 7.59999990463257 7.48999977111816 7.63000011444092 7.46000003814697 7.1399998664856 6.98999977111816 6.78999996185303 6.57000017166138 6.34000015258789 6.30000019073486 6.21999979019165 6.03999996185303 5.94999980926514 5.98999977111816 6.21999979019165 6.17999982833862 5.84000015258789 6.03000020980835 5.8600001335144 5.73999977111816 6.09000015258789 5.94999980926514 5.98000001907349 6.48999977111816 6.6399998664856 6.73000001907349 6.76000022888184 7.3600001335144 7.63000011444092 7.90999984741211 7.98999977111816 7.69999980926514 7.69000005722046 7.34999990463257 7.48999977111816 7.26999998092651 7.34999990463257 7.75 7.40000009536743 7.30000019073486
7.21999979019165 7 6.92000007629395 6.8600001335144 7.1399998664856 7.57000017166138 7.42999982833862 7.19000005722046 7.57999992370605 7.55000019073486 7.09999990463257 6.78000020980835 6.71000003814697 6.57000017166138 6.55999994277954 6.44999980926514 6.1399998664856 5.92999982833862 5.96000003814697 5.86999988555908 6.15999984741211 6.21999979019165 6.26999998092651 6.11999988555908 5.90000009536743 5.80000019073486 6.09000015258789 5.94000005722046 6.01999998092651 6.40999984741211 6.5 6.48999977111816 6.53999996185303 6.78999996185303 7.17999982833862 7.42999982833862 7.8600001335144 7.96000003814697 7.80999994277954 7.76999998092651 7.57000017166138 7.8899998664856 7.98000001907349 7.86999988555908 7.75 7.57999992370605
7.11999988555908 6.90999984741211 6.71999979019165 6.86999988555908 7.1399998664856 7.55000019073486 7.8899998664856 7.15000009536743 7.30000019073486 7.26999998092651 6.94000005722046 6.84000015258789 6.71000003814697 6.48000001907349 6.26999998092651 6.03999996185303 5.92999982833862 5.98000001907349 6.15999984741211 5.80000019073486 5.73000001907349 5.90999984741211 6.1100001335144 6.03999996185303 5.86999988555908 5.78999996185303 6.07000017166138 6.13000011444092 6.23000001907349 6.3600001335144 6.34999990463257 6.57999992370605 6.57999992370605 6.65000009536743 7.15000009536743 7.42000007629395 7.42000007629395 7.69999980926514 8.09000015258789 8.13000011444092 8.07999992370605 8.07999992370605 8.07999992370605 7.92000007629395 7.84000015258789 7.67999982833862
