SnowAccumulation_R/test/pcp/pcp_1.asc
NCOLS 144 
NROWS 72 
XLLCORNER -107.999996877414 
YLLCORNER 47.0000011447333 
CELLSIZE 0.0833333376702586 
NODATA_value -3.4e+38 
[rows 0 to 19 of 72, columns 92 to 137 of 144]
23.2099990844727 23.0100002288818 22.7900009155273 22.5599994659424 22.3799991607666 22.1800003051758 21.9400005340576 21.8199996948242 21.5799999237061 21.3400001525879 21.2099990844727 21.0300006866455 20.8299999237061 20.7700004577637 20.7700004577637 20.6100006103516 20.75 20.8400001525879 20.9099998474121 21.0400009155273 21.1399993896484 21.2399997711182 21.3600006103516 21.5200004577637 21.6700000762939 21.8199996948242 21.9699993133545 22.1100006103516 22.2999992370605 22.4500007629395 22.5799999237061 22.7099990844727 22.8299999237061 22.9400005340576 23.0499992370605 23.1599998474121 23.25 23.3500003814697 23.5 23.6200008392334 23.7099990844727 23.8199996948242 23.9300003051758 24.0499992370605 24.0900001525879 24.1499996185303
23.6299991607666 23.4099998474121 23.1900005340576 22.9599990844727 22.7099990844727 22.4599990844727 22.2099990844727 22 21.9200000762939 21.75 21.5900001525879 21.4500007629395 21.3799991607666 21.3500003814697 21.2700004577637 21.1100006103516 20.9899997711182 20.9799995422363 21.0900001525879 21.2199993133545 21.3500003814697 21.4899997711182 21.6399993896484 21.7800006866455 21.9300003051758 22.0799999237061 22.2299995422363 22.3700008392334 22.5599994659424 22.7099990844727 22.8400001525879 22.9699993133545 23.0900001525879 23.2099990844727 23.3199996948242 23.4799995422363 23.6100006103516 23.7299995422363 23.7900009155273 23.8799991607666 23.9599990844727 24.0900001525879 24.2000007629395 24.2700004577637 24.3299999237061 24.3500003814697
24.0300006866455 23.8999996185303 23.6399993896484 23.3500003814697 23.1000003814697 22.8600006103516 22.6200008392334 22.4099998474121 22.2900009155273 22.1499996185303 21.9899997711182 21.8899993896484 21.8099994659424 21.7199993133545 21.6000003814697 21.5100002288818 21.4699993133545 21.3999996185303 21.4300003051758 21.5400009155273 21.6599998474121 21.7900009155273 21.9200000762939 22.0699996948242 22.2099990844727 22.3500003814697 22.5 22.6399993896484 22.8400001525879 22.9799995422363 23.1200008392334 23.25 23.3799991607666 23.4899997711182 23.6100006103516 23.7199993133545 23.9599990844727 24.0699996948242 24.1800003051758 24.2800006866455 24.3400001525879 24.4099998474121 24.4599990844727 24.5200004577637 24.5699996948242 24.6100006103516
24.3899993896484 24.2900009155273 24.1100006103516 23.7199993133545 23.4699993133545 23.2299995422363 23 22.7999992370605 22.6399993896484 22.4899997711182 22.3700008392334 22.2800006866455 22.2099990844727 22.1299991607666 21.9899997711182 21.9599990844727 21.9200000762939 21.8899993896484 21.7800006866455 21.8700008392334 21.9699993133545 22.0900001525879 22.2199993133545 22.3600006103516 22.5 22.6399993896484 22.7800006866455 22.9300003051758 23.1200008392334 23.2700004577637 23.4099998474121 23.5400009155273 23.6700000762939 23.7900009155273 23.9099998474121 24.0200004577637 24.1399993896484 24.3700008392334 24.5100002288818 24.5799999237061 24.6599998474121 24.7299995422363 24.8199996948242 24.8600006103516 24.9099998474121 24.9599990844727
24.7700004577637 24.5200004577637 24.2999992370605 24.0400009155273 23.8099994659424 23.5699996948242 23.3500003814697 23.1399993896484 22.9599990844727 22.8299999237061 22.7199993133545 22.6399993896484 22.5499992370605 22.4500007629395 22.3600006103516 22.3099994659424 22.3099994659424 22.2800006866455 22.2000007629395 22.2000007629395 22.2800006866455 22.3899993896484 22.5200004577637 22.6499996185303 22.7900009155273 22.9300003051758 23.0699996948242 23.2199993133545 23.4200000762939 23.5699996948242 23.7099990844727 23.8500003814697 23.9799995422363 24.1100006103516 24.2199993133545 24.3299999237061 24.4400005340576 24.6000003814697 24.8199996948242 24.9099998474121 24.9799995422363 25.0499992370605 25.1299991607666 25.2000007629395 25.2600002288818 25.3199996948242
25.0900001525879 24.8799991607666 24.6000003814697 24.3799991607666 24.0900001525879 23.8600006103516 23.6399993896484 23.4300003051758 23.25 23.1299991607666 23.0300006866455 22.9500007629395 22.8700008392334 22.7800006866455 22.6800003051758 22.6700000762939 22.6200008392334 22.6100006103516 22.5900001525879 22.6399993896484 22.6900005340576 22.7000007629395 22.7999992370605 22.9300003051758 23.0699996948242 23.2199993133545 23.3700008392334 23.5200004577637 23.7800006866455 23.8799991607666 24.0300006866455 24.1700000762939 24.3099994659424 24.4300003051758 24.5499992370605 24.6700000762939 24.7700004577637 24.8600006103516 25.1100006103516 25.2399997711182 25.2900009155273 25.3799991607666 25.4799995422363 25.5599994659424 25.6200008392334 25.7299995422363
25.3199996948242 25.0699996948242 24.8199996948242 24.5599994659424 24.3199996948242 24.1100006103516 23.8700008392334 23.6800003051758 23.5699996948242 23.3799991607666 23.2900009155273 23.2000007629395 23.1399993896484 23.0499992370605 23 22.9699993133545 22.9400005340576 22.9300003051758 22.8899993896484 22.9799995422363 23.0799999237061 23.0599994659424 23.0699996948242 23.2000007629395 23.3500003814697 23.5 23.6499996185303 23.8099994659424 24.2099990844727 24.1900005340576 24.3400001525879 24.5 24.6399993896484 24.7800006866455 24.8999996185303 25.0200004577637 25.1200008392334 25.2099990844727 25.3099994659424 25.5599994659424 25.6200008392334 25.7099990844727 25.8299999237061 25.9200000762939 26.0100002288818 26.0799999237061
25.4699993133545 25.2099990844727 24.9400005340576 24.7099990844727 24.4799995422363 24.2399997711182 24.0200004577637 23.8299999237061 23.6700000762939 23.5599994659424 23.4699993133545 23.3899993896484 23.3500003814697 23.2800006866455 23.2700004577637 23.2299995422363 23.2900009155273 23.2099990844727 23.1100006103516 23.1399993896484 23.1900005340576 23.2399997711182 23.3099994659424 23.4500007629395 23.6000003814697 23.7600002288818 23.9300003051758 24.1000003814697 24.5300006866455 24.5 24.6700000762939 24.8299999237061 24.9899997711182 25.1399993896484 25.2700004577637 25.3999996185303 25.5 25.5900001525879 25.6599998474121 25.7900009155273 25.9699993133545 26.0699996948242 26.2099990844727 26.3099994659424 26.3799991607666 26.4300003051758
25.5599994659424 25.2900009155273 25.0400009155273 24.7999992370605 24.5499992370605 24.3199996948242 24.0900001525879 23.9200000762939 23.7800006866455 23.6599998474121 23.5699996948242 23.5300006866455 23.4799995422363 23.4400005340576 23.4300003051758 23.4300003051758 23.4300003051758 23.3600006103516 23.3199996948242 23.3600006103516 23.4400005340576 23.5100002288818 23.6000003814697 23.7199993133545 23.8500003814697 24.0100002288818 24.1900005340576 24.3700008392334 24.6700000762939 24.7999992370605 24.9799995422363 25.1599998474121 25.3400001525879 25.5100002288818 25.6599998474121 25.8099994659424 25.9300003051758 26.0400009155273 26.1399993896484 26.25 26.4099998474121 26.5400009155273 26.6599998474121 26.75 26.8099994659424 26.8999996185303
25.6499996185303 25.2800006866455 25.0400009155273 24.7900009155273 24.5400009155273 24.2900009155273 24.1800003051758 23.9699993133545 23.7800006866455 23.6599998474121 23.6100006103516 23.5699996948242 23.5300006866455 23.5100002288818 23.5100002288818 23.5300006866455 23.5200004577637 23.5 23.5400009155273 23.5799999237061 23.6800003051758 23.8099994659424 23.8500003814697 23.9899997711182 24.1100006103516 24.2700004577637 24.4300003051758 24.6200008392334 24.8700008392334 25.0900001525879 25.2900009155273 25.4899997711182 25.6900005340576 25.8799991607666 26.0699996948242 26.2399997711182 26.3999996185303 26.5400009155273 26.6700000762939 26.8299999237061 26.9400005340576 27.0499992370605 27.1599998474121 27.2299995422363 27.2900009155273 27.2999992370605
25.6900005340576 25.2399997711182 24.9400005340576 24.6700000762939 24.4099998474121 24.1599998474121 23.9699993133545 23.7999992370605 23.6599998474121 23.5599994659424 23.5200004577637 23.5 23.4799995422363 23.4799995422363 23.5100002288818 23.5599994659424 23.6299991607666 23.6499996185303 23.6599998474121 23.7099990844727 23.8700008392334 23.9899997711182 24.0599994659424 24.1900005340576 24.3500003814697 24.5 24.6399993896484 24.8500003814697 25.1200008392334 25.3500003814697 25.5799999237061 25.8199996948242 26.0599994659424 26.3299999237061 26.4599990844727 26.6800003051758 26.8700008392334 27.0599994659424 27.2199993133545 27.3700008392334 27.5 27.6100006103516 27.6700000762939 27.7399997711182 27.75 27.75
25.5100002288818 25.0499992370605 24.6800003051758 24.4099998474121 24.1599998474121 23.9200000762939 23.7000007629395 23.5400009155273 23.4400005340576 23.3600006103516 23.3299999237061 23.3299999237061 23.3500003814697 23.4099998474121 23.4500007629395 23.5200004577637 23.6299991607666 23.6599998474121 23.7000007629395 23.8199996948242 23.9099998474121 24.0699996948242 24.2199993133545 24.3500003814697 24.5599994659424 24.7000007629395 24.8799991607666 25.0400009155273 25.3299999237061 25.5900001525879 25.8199996948242 26.1399993896484 26.4599990844727 26.6399993896484 26.8700008392334 27.0900001525879 27.3199996948242 27.5599994659424 27.7600002288818 27.9400005340576 28.0699996948242 28.1599998474121 28.2399997711182 28.25 28.2299995422363 28.1900005340576
25.1200008392334 24.6800003051758 24.3199996948242 24.0400009155273 23.7900009155273 23.5699996948242 23.3700008392334 23.1900005340576 23.1000003814697 23.0200004577637 23.0200004577637 23.0400009155273 23.1200008392334 23.2399997711182 23.3099994659424 23.4200000762939 23.5599994659424 23.6599998474121 23.7800006866455 23.8799991607666 23.9899997711182 24.1399993896484 24.3299999237061 24.5499992370605 24.7399997711182 24.8999996185303 25.0300006866455 25.2099990844727 25.4699993133545 25.7399997711182 26 26.3700008392334 26.7299995422363 27.0100002288818 27.2700004577637 27.4699993133545 27.7099990844727 27.9899997711182 28.2399997711182 28.4599990844727 28.6299991607666 28.75 28.7999992370605 28.7999992370605 28.7600002288818 28.6599998474121
24.4500007629395 24.1200008392334 23.7900009155273 23.5200004577637 23.3299999237061 23.1299991607666 22.9599990844727 22.7900009155273 22.6800003051758 22.6200008392334 22.6399993896484 22.7199993133545 22.8500003814697 23 23.1200008392334 23.2900009155273 23.4599990844727 23.6100006103516 23.8700008392334 23.9599990844727 24.0599994659424 24.2099990844727 24.4400005340576 24.6299991607666 24.8299999237061 25.0200004577637 25.2600002288818 25.5 25.75 25.9099998474121 26.1299991607666 26.4899997711182 26.8999996185303 27.25 27.4500007629395 27.7299995422363 28.0499992370605 28.3799991607666 28.7000007629395 28.9799995422363 29.2099990844727 29.3600006103516 29.4099998474121 29.3899993896484 29.2399997711182 29.0400009155273
23.6399993896484 23.3799991607666 23.1599998474121 22.9200000762939 22.7999992370605 22.6700000762939 22.5300006866455 22.3600006103516 22.2099990844727 22.1499996185303 22.2199993133545 22.3899993896484 22.5900001525879 22.7600002288818 22.9400005340576 23.1900005340576 23.3500003814697 23.5300006866455 23.7900009155273 23.9500007629395 24.1000003814697 24.2700004577637 24.4599990844727 24.6399993896484 24.8600006103516 25.1299991607666 25.4200000762939 25.6800003051758 25.9799995422363 26.1000003814697 26.2399997711182 26.5699996948242 26.9200000762939 27.2800006866455 27.5400009155273 27.8899993896484 28.2700004577637 28.6599998474121 29.0499992370605 29.4200000762939 29.7399997711182 29.9599990844727 30.0200004577637 29.8999996185303 29.6599998474121 29.3799991607666
22.5499992370605 22.4699993133545 22.4200000762939 22.3600006103516 22.3199996948242 22.2600002288818 22.1700000762939 22.0300006866455 21.8600006103516 21.7299995422363 21.9500007629395 22.1800003051758 22.4099998474121 22.6499996185303 22.8500003814697 23.0699996948242 23.2600002288818 23.4500007629395 23.6800003051758 23.8700008392334 24.0300006866455 24.2099990844727 24.4099998474121 24.6700000762939 25.0200004577637 25.3199996948242 25.5699996948242 25.7999992370605 26.0300006866455 26.0900001525879 26.3199996948242 26.6399993896484 26.8999996185303 27.1900005340576 27.5300006866455 27.9099998474121 28.3099994659424 28.7399997711182 29.1900005340576 29.6599998474121 30.1299991607666 30.5200004577637 30.6499996185303 30.4200000762939 29.9599990844727 29.5200004577637
21.2600002288818 21.4599990844727 21.6599998474121 21.8700008392334 21.9899997711182 21.9699993133545 21.9200000762939 21.8700008392334 21.8299999237061 21.8299999237061 21.9699993133545 22.1599998474121 22.3799991607666 22.6000003814697 22.8199996948242 23.0400009155273 23.25 23.4500007629395 23.6599998474121 23.8799991607666 24.0300006866455 24.2000007629395 24.3999996185303 24.7900009155273 25.1900005340576 25.4799995422363 25.6499996185303 25.8299999237061 25.9400005340576 26.0100002288818 26.2600002288818 26.5599994659424 26.7700004577637 27.0400009155273 27.3600006103516 27.7700004577637 28.1100006103516 28.5300006866455 29 29.5 30.0499992370605 30.6599998474121 31.1299991607666 30.4300003051758 29.7900009155273 29.2000007629395
20.1100006103516 20.5599994659424 20.9599990844727 21.3400001525879 21.6299991607666 21.7000007629395 21.7199993133545 21.7600002288818 21.8099994659424 21.8799991607666 22.0499992370605 22.2399997711182 22.4099998474121 22.6299991607666 22.8299999237061 23.0499992370605 23.2600002288818 23.4699993133545 23.6700000762939 23.8600006103516 24.0100002288818 24.1700000762939 24.4300003051758 24.8799991607666 25.2099990844727 25.5200004577637 25.7000007629395 25.7700004577637 25.8299999237061 25.9099998474121 26.0699996948242 26.3199996948242 26.5499992370605 26.7900009155273 27.0900001525879 27.3700008392334 27.6499996185303 28.0100002288818 28.3999996185303 28.8099994659424 29.2299995422363 29.5400009155273 29.6499996185303 29.3600006103516 28.9099998474121 28.4200000762939
19.7399997711182 20.0900001525879 20.4599990844727 20.7900009155273 21.0699996948242 21.3199996948242 21.4899997711182 21.6499996185303 21.7900009155273 21.9300003051758 22.1200008392334 22.3199996948242 22.4799995422363 22.6900005340576 22.8600006103516 23.0599994659424 23.2600002288818 23.4799995422363 23.6800003051758 23.8799991607666 24.0200004577637 24.1800003051758 24.4099998474121 24.7700004577637 25.0900001525879 25.3700008392334 25.5200004577637 25.5200004577637 25.6100006103516 25.6499996185303 25.75 25.9699993133545 26.1599998474121 26.3199996948242 26.5200004577637 26.75 26.9799995422363 27.2299995422363 27.5 27.7900009155273 27.9799995422363 28.0900001525879 28.0799999237061 27.9300003051758 27.6599998474121 27.3199996948242
19.7299995422363 19.9400005340576 20.2099990844727 20.4699993133545 20.7199993133545 21.0200004577637 21.2999992370605 21.5499992370605 21.7700004577637 21.9799995422363 22.2000007629395 22.3899993896484 22.5699996948242 22.7399997711182 22.8600006103516 23.0300006866455 23.2199993133545 23.3999996185303 23.5699996948242 23.7600002288818 23.9500007629395 24.1299991607666 24.3199996948242 24.5900001525879 24.7600002288818 24.9500007629395 25.1200008392334 25.1399993896484 25.25 25.2600002288818 25.3700008392334 25.5499992370605 25.6599998474121 25.75 25.8999996185303 26.0699996948242 26.1900005340576 26.3199996948242 26.4400005340576 26.6000003814697 26.6100006103516 26.6299991607666 26.6000003814697 26.5 26.3199996948242 26.0799999237061
