SnowAccumulation_R/test/pcp/pcp_3.asc
NCOLS 144 
NROWS 72 
XLLCORNER -107.999996877414 
YLLCORNER 47.0000011447333 
CELLSIZE 0.0833333376702586 
NODATA_value -3.4e+38 
[rows 21 to 41 of 72, columns 0 to 45 of 144]
17.9099998474121 17.4699993133545 17.1599998474121 17 16.8700008392334 16.9500007629395 16.8600006103516 16.7000007629395 16.7800006866455 17.0799999237061 17.4200000762939 17.7399997711182 17.9899997711182 18.1900005340576 18.3500003814697 18.7700004577637 18.8299999237061 18.6100006103516 18.1000003814697 17.5499992370605 17.0499992370605 16.6299991607666 16.2800006866455 15.960000038147 15.8400001525879 15.960000038147 16.2099990844727 16.5900001525879 16.9300003051758 16.9400005340576 16.8299999237061 16.8899993896484 16.9799995422363 17.1100006103516 17.2600002288818 17.2299995422363 17.1399993896484 17.2199993133545 16.9300003051758 16.6399993896484 16.3500003814697 16.1700000762939 16.0200004577637 16.1900005340576 17.3400001525879 18.0900001525879
18.4799995422363 17.75 17.2399997711182 17.1800003051758 16.9400005340576 16.7399997711182 16.4099998474121 16.0699996948242 15.8500003814697 16.0300006866455 16.4300003051758 16.7399997711182 17 17.2299995422363 17.4099998474121 17.5200004577637 17.5699996948242 17.5200004577637 17.2900009155273 16.9400005340576 16.6599998474121 16.5100002288818 16.3899993896484 16.3099994659424 16.2199993133545 16.2299995422363 16.4099998474121 16.7900009155273 17.0900001525879 17.2099990844727 17.1700000762939 17.1900005340576 17.2800006866455 17.4200000762939 17.6000003814697 17.5799999237061 17.7999992370605 18.1800003051758 17.5400009155273 17.0499992370605 16.7800006866455 16.5400009155273 16.3999996185303 16.5100002288818 17.2600002288818 18.1100006103516
17.9099998474121 17.7299995422363 17.75 17.3299999237061 16.8700008392334 16.6200008392334 16.1000003814697 15.6400003433228 15.4700002670288 15.5100002288818 15.7200002670288 15.9799995422363 16.2299995422363 16.4099998474121 16.6000003814697 16.75 16.7900009155273 16.6499996185303 16.5599994659424 16.4300003051758 16.25 16.2099990844727 16.2800006866455 16.4300003051758 16.5400009155273 16.6299991607666 16.6700000762939 16.9899997711182 17.3400001525879 17.6000003814697 17.5900001525879 17.5200004577637 17.5400009155273 17.6100006103516 17.7900009155273 17.8799991607666 17.8999996185303 18.0699996948242 17.9400005340576 17.5499992370605 17.3600006103516 17.2399997711182 17.2399997711182 17.4300003051758 17.9200000762939 18.6000003814697
17.2299995422363 17.5599994659424 17.5799999237061 17.2199993133545 16.6800003051758 16.2600002288818 15.8699998855591 15.6800003051758 15.4899997711182 15.3900003433228 15.539999961853 15.6599998474121 15.710000038147 15.9300003051758 16.2399997711182 16.4500007629395 16.4300003051758 16.3199996948242 16.2099990844727 16.0400009155273 15.9499998092651 15.9200000762939 16.0400009155273 16.2399997711182 16.4699993133545 16.7800006866455 17 17.0699996948242 17.3999996185303 17.6599998474121 17.75 17.7399997711182 17.7099990844727 17.7900009155273 17.9099998474121 18.0200004577637 18.0900001525879 18.1800003051758 18.2800006866455 18.25 18.1100006103516 17.9300003051758 18.0300006866455 18.2299995422363 18.6000003814697 19.1299991607666
17.1399993896484 17.2600002288818 17.5200004577637 16.9699993133545 16.2999992370605 15.710000038147 15.3299999237061 15.1700000762939 15.1499996185303 15.1899995803833 15.4799995422363 15.5100002288818 15.3900003433228 15.7799997329712 16.1800003051758 16.3700008392334 16.3400001525879 16.2399997711182 16.0799999237061 16 16.0100002288818 16.1000003814697 16.0799999237061 16.1599998474121 16.2999992370605 16.6399993896484 16.9200000762939 17.0599994659424 17.1599998474121 17.25 17.4200000762939 17.6100006103516 17.7199993133545 17.9200000762939 17.9599990844727 18.0499992370605 18.2299995422363 18.3999996185303 18.5799999237061 18.7000007629395 18.7999992370605 18.7800006866455 18.8999996185303 19.1800003051758 19.2800006866455 19.7700004577637
16.7399997711182 16.7199993133545 16.9799995422363 16.9099998474121 16.0699996948242 15.710000038147 15.710000038147 15.0200004577637 14.539999961853 14.6800003051758 15.0100002288818 15.210000038147 15.4200000762939 15.9499998092651 16.2399997711182 16.3799991607666 16.4599990844727 16.5 16.2700004577637 16.1599998474121 16.2299995422363 16.3700008392334 16.5100002288818 16.5200004577637 16.5200004577637 16.4599990844727 16.6200008392334 16.7299995422363 16.8400001525879 16.9200000762939 16.9899997711182 17.0699996948242 17.2800006866455 17.5599994659424 17.75 17.7999992370605 18.0200004577637 18.4400005340576 18.75 19.0100002288818 19.25 19.5200004577637 19.7700004577637 19.9500007629395 20.2299995422363 20.5400009155273
16.2800006866455 15.9899997711182 16.0599994659424 16.0900001525879 15.9099998474121 15.9200000762939 15.0100002288818 14.7399997711182 14.6700000762939 15 15.3999996185303 15.8800001144409 16.6000003814697 16.9799995422363 16.5900001525879 16.4400005340576 16.7000007629395 16.6299991607666 16.6100006103516 16.4899997711182 16.4699993133545 16.5400009155273 16.7000007629395 16.8099994659424 16.8799991607666 16.8299999237061 16.7299995422363 16.5799999237061 16.4599990844727 16.4699993133545 16.4699993133545 16.4699993133545 16.6000003814697 16.9200000762939 17.2900009155273 17.7099990844727 18.1000003814697 18.4799995422363 18.8500003814697 19.4899997711182 20.5200004577637 21.0699996948242 21.4799995422363 21.6700000762939 21.6700000762939 21.8199996948242
16.3799991607666 16.6900005340576 16.4300003051758 16.0200004577637 15.9899997711182 15.5100002288818 15.5299997329712 16.0400009155273 16.2999992370605 16.5599994659424 16.7800006866455 16.8400001525879 16.9799995422363 17.2600002288818 17.2999992370605 16.8899993896484 17 17.0400009155273 17.0400009155273 16.8799991607666 16.9099998474121 16.8899993896484 16.8099994659424 16.9400005340576 17.1299991607666 17.1499996185303 16.9799995422363 16.6800003051758 16.3700008392334 16.0599994659424 15.8000001907349 15.710000038147 15.9300003051758 16.3299999237061 16.8400001525879 17.3400001525879 17.8700008392334 18.4200000762939 19.1100006103516 19.9300003051758 20.7999992370605 21.5599994659424 22.1900005340576 22.6100006103516 22.6599998474121 22.7800006866455
17.0400009155273 16.9899997711182 16.9799995422363 16.7700004577637 16.7700004577637 16.75 16.7399997711182 16.7800006866455 16.9899997711182 17.1100006103516 17.3299999237061 17.1900005340576 17.2999992370605 17.4699993133545 17.9300003051758 17.9799995422363 17.9200000762939 17.9300003051758 18.1299991607666 17.8099994659424 17.2900009155273 17.2399997711182 17.1499996185303 17.1499996185303 17.2700004577637 17.4599990844727 17.4699993133545 17.25 16.9300003051758 16.4300003051758 15.7600002288818 15.25 15.6700000762939 16.2999992370605 16.7700004577637 17.1700000762939 17.7000007629395 18.3600006103516 19.2900009155273 20.1700000762939 21.0400009155273 21.6200008392334 22.0400009155273 22.3899993896484 22.6800003051758 23.0599994659424
17.0599994659424 17.1000003814697 17.2199993133545 17.3099994659424 17.2199993133545 17.5100002288818 17.2999992370605 17.0499992370605 17.1900005340576 17.2099990844727 17.4799995422363 17.9400005340576 17.9599990844727 18.0200004577637 17.9699993133545 18.1299991607666 18.2299995422363 18.3299999237061 18.4500007629395 18.2299995422363 18.0900001525879 17.8799991607666 17.6700000762939 17.6900005340576 17.8700008392334 18 18.1100006103516 18.1900005340576 18.1000003814697 17.75 17.1900005340576 16.6900005340576 16.4799995422363 16.6700000762939 16.8600006103516 17.1599998474121 17.5 18 18.7299995422363 19.6599998474121 20.7999992370605 21.2099990844727 21.3700008392334 21.6299991607666 22.0100002288818 22.5100002288818
17.2399997711182 17.3299999237061 17.6700000762939 17.5200004577637 17.3600006103516 17.3400001525879 17.4899997711182 17.7600002288818 17.7700004577637 17.9200000762939 17.9500007629395 18.1100006103516 18.4200000762939 18.4599990844727 18.3600006103516 18.4099998474121 18.4400005340576 18.5900001525879 18.7999992370605 19.0300006866455 19.1900005340576 18.8799991607666 18.4799995422363 18.7199993133545 19.2099990844727 19.2299995422363 19.1399993896484 19.2900009155273 19.4899997711182 19.2800006866455 18.5400009155273 17.7299995422363 17.2700004577637 17.0400009155273 16.9400005340576 16.9799995422363 17.0900001525879 17.3400001525879 17.8099994659424 18.3799991607666 19.0300006866455 19.5300006866455 19.9500007629395 20.3999996185303 20.8799991607666 21.4599990844727
17.7999992370605 17.9500007629395 17.6100006103516 17.8600006103516 18.0400009155273 17.9799995422363 17.9799995422363 18.0900001525879 18.4300003051758 18.9599990844727 19.0900001525879 19.0200004577637 18.9899997711182 18.9899997711182 18.9400005340576 18.8799991607666 18.7999992370605 18.8199996948242 19.1000003814697 19.3400001525879 19.5100002288818 19.3899993896484 19.5400009155273 19.7800006866455 19.9599990844727 20.1900005340576 20.1399993896484 20.1599998474121 20.3600006103516 20.2800006866455 19.2199993133545 18.2099990844727 17.4899997711182 17.0100002288818 16.7199993133545 16.5699996948242 16.4599990844727 16.4300003051758 16.4599990844727 16.75 17.3299999237061 18 18.6299991607666 19.1800003051758 19.7399997711182 20.3299999237061
18.4899997711182 18.0400009155273 18.1299991607666 18.3899993896484 18.3999996185303 18.4599990844727 18.6499996185303 18.9400005340576 19.0100002288818 19.0699996948242 19.3199996948242 19.5900001525879 19.3099994659424 19.1000003814697 19.25 19.2700004577637 19.2399997711182 19.2000007629395 19.3099994659424 19.4200000762939 19.6200008392334 19.7099990844727 19.6900005340576 19.7900009155273 19.8700008392334 20.0200004577637 20.2800006866455 20.3600006103516 19.8500003814697 19.4500007629395 18.8299999237061 18.0300006866455 17.3299999237061 16.8099994659424 16.4200000762939 16.1299991607666 15.8900003433228 15.6400003433228 15.3000001907349 15.0699996948242 16.0599994659424 16.9799995422363 17.7700004577637 18.4099998474121 18.9400005340576 19.4300003051758
18.4599990844727 18.4400005340576 18.6200008392334 18.7299995422363 18.8199996948242 19.1299991607666 19.2099990844727 18.9899997711182 19.1499996185303 19.2800006866455 19.2800006866455 19.2299995422363 19.1200008392334 19.1399993896484 19.25 19.4699993133545 19.5200004577637 19.5300006866455 19.5799999237061 19.5799999237061 19.5300006866455 19.5599994659424 19.5400009155273 19.5400009155273 19.5599994659424 19.5799999237061 19.6900005340576 19.8799991607666 19.5400009155273 19.1200008392334 18.7700004577637 17.8400001525879 17.1599998474121 16.6700000762939 16.3400001525879 16.0499992370605 15.8199996948242 15.5900001525879 15.4899997711182 15.6300001144409 16.1599998474121 16.8700008392334 17.5599994659424 18.1700000762939 18.6700000762939 19.0599994659424
18.8899993896484 18.75 18.5400009155273 18.6599998474121 18.8700008392334 18.9899997711182 19.1100006103516 19.4599990844727 19.5699996948242 19.7000007629395 19.8999996185303 19.6599998474121 19.1900005340576 19.1800003051758 19.2299995422363 19.3400001525879 19.4599990844727 19.5100002288818 19.5900001525879 19.8099994659424 20.0300006866455 19.9300003051758 19.7600002288818 19.5100002288818 19.3799991607666 19.2999992370605 19.1900005340576 19.1599998474121 19.2600002288818 19.1200008392334 19.0200004577637 17.6800003051758 17.3999996185303 17.2999992370605 16.6000003814697 16.3199996948242 16.2299995422363 16.1399993896484 16.1900005340576 16.4500007629395 16.8899993896484 17.4099998474121 17.9400005340576 18.4400005340576 18.8899993896484 19.2600002288818
19.3099994659424 19.0699996948242 18.8899993896484 18.8400001525879 18.8299999237061 18.8600006103516 18.6000003814697 18.6599998474121 18.8600006103516 19.0599994659424 19.3199996948242 19.2700004577637 19.1900005340576 19.3299999237061 19.4400005340576 19.4899997711182 19.5799999237061 19.6800003051758 19.7600002288818 20.1100006103516 20.2099990844727 20.0100002288818 19.7700004577637 19.4300003051758 19.3299999237061 19.1900005340576 18.8899993896484 18.7600002288818 18.7099990844727 18.9699993133545 18.3999996185303 17.8799991607666 18.3199996948242 18.5799999237061 17.3400001525879 17 16.9500007629395 17.1299991607666 17.2800006866455 17.4699993133545 17.8099994659424 18.2399997711182 18.6900005340576 19.1299991607666 19.5100002288818 19.8600006103516
19.8600006103516 19.0699996948242 18.8999996185303 18.75 18.6900005340576 18.5900001525879 18.4799995422363 18.5200004577637 18.75 18.8799991607666 19.0200004577637 19.2000007629395 19.5300006866455 19.7199993133545 19.6700000762939 19.5900001525879 19.6200008392334 19.6599998474121 19.75 19.9099998474121 19.9899997711182 19.9699993133545 19.7600002288818 19.5100002288818 19.3700008392334 19.1200008392334 18.6399993896484 18.1000003814697 17.9400005340576 18.2700004577637 18.1299991607666 18.3899993896484 18.1800003051758 17.9699993133545 18.2800006866455 18.1700000762939 17.9799995422363 18.0599994659424 18.5499992370605 18.9599990844727 19.1800003051758 19.4400005340576 19.7000007629395 20.0400009155273 20.3700008392334 20.6499996185303
19.5100002288818 18.9799995422363 18.5400009155273 18.3600006103516 18.3600006103516 18.3999996185303 18.4799995422363 18.7399997711182 18.9699993133545 19.1299991607666 19.2399997711182 19.4200000762939 19.5499992370605 19.5699996948242 19.6200008392334 19.6200008392334 19.5200004577637 19.5900001525879 19.7900009155273 19.7900009155273 19.8099994659424 19.8199996948242 19.6299991607666 19.5400009155273 19.2700004577637 18.7800006866455 18.2399997711182 17.6200008392334 17.4300003051758 17.1599998474121 16.9500007629395 17.0100002288818 17.3899993896484 17.8099994659424 18.3099994659424 18.8199996948242 19.3500003814697 19.5100002288818 19.6900005340576 20.0799999237061 20.6399993896484 20.9899997711182 21.1299991607666 21.2900009155273 21.4799995422363 21.6599998474121
19.1000003814697 19.0499992370605 18.6000003814697 18.3999996185303 18.4200000762939 18.3799991607666 18.6000003814697 18.7099990844727 18.8899993896484 18.8799991607666 18.8299999237061 18.9500007629395 18.9699993133545 18.9400005340576 19.0900001525879 19.1200008392334 19.2099990844727 19.5400009155273 19.7800006866455 19.8700008392334 19.8600006103516 19.7700004577637 19.5799999237061 19.3600006103516 19.0699996948242 18.3799991607666 17.4899997711182 17.1100006103516 16.8700008392334 16.6399993896484 16.5100002288818 16.4599990844727 17.0200004577637 17.6900005340576 18.3899993896484 19.0799999237061 19.8500003814697 20.7600002288818 21.75 21.6800003051758 21.8299999237061 22.3700008392334 22.7600002288818 22.9500007629395 22.9699993133545 22.9799995422363
19.2299995422363 18.8700008392334 19.1900005340576 19.0499992370605 18.7900009155273 18.3799991607666 18.5100002288818 18.3600006103516 18.3600006103516 18.3600006103516 18.2299995422363 18.1399993896484 18.2199993133545 18.4799995422363 18.6100006103516 18.6100006103516 18.8400001525879 19.1800003051758 19.4500007629395 19.6399993896484 19.7399997711182 19.7800006866455 19.5200004577637 19.0400009155273 18.6000003814697 17.7900009155273 16.9699993133545 16.6200008392334 16.4699993133545 16.7299995422363 17.1100006103516 17.3400001525879 17.5599994659424 17.7000007629395 18.4599990844727 19.2299995422363 20.1900005340576 21.0900001525879 22.2099990844727 23.0300006866455 23.1200008392334 23.4500007629395 23.9599990844727 24.4799995422363 24.6700000762939 24.5200004577637
18.9699993133545 18.9699993133545 19.1499996185303 19.2299995422363 19.1499996185303 18.4500007629395 17.9500007629395 17.8500003814697 17.8199996948242 17.5699996948242 17.6499996185303 17.7099990844727 17.9099998474121 18.1399993896484 17.8899993896484 18.1000003814697 18.4300003051758 18.8099994659424 19 19.3999996185303 19.6399993896484 19.6599998474121 19.4200000762939 18.9200000762939 18.4400005340576 17.8299999237061 17.25 16.9099998474121 16.4200000762939 17.0699996948242 17.2700004577637 17.3099994659424 17.5 17.7800006866455 18.5200004577637 19.3099994659424 20.1499996185303 21.1000003814697 22.0799999237061 22.9400005340576 23.5900001525879 24.1000003814697 24.6900005340576 25.4099998474121 26.1000003814697 25.9300003051758
