SnowAccumulation_R/test/pcp/pcp_1.asc
NCOLS 144 
NROWS 72 
XLLCORNER -107.999996877414 
YLLCORNER 47.0000011447333 
CELLSIZE 0.0833333376702586 
NODATA_value -3.4e+38 
[rows 20 to 39 of 72, columns 46 to 91 of 144]
18.8700008392334 19.1299991607666 19.6900005340576 20.2700004577637 20.7600002288818 21.2000007629395 21.3700008392334 21.3999996185303 21.4400005340576 21.4799995422363 21.4099998474121 21.1800003051758 20.9500007629395 20.4899997711182 20 19.7000007629395 19.4799995422363 19.2800006866455 19.1100006103516 19.0799999237061 19.0799999237061 19.4599990844727 20.0100002288818 20.3799991607666 20.7399997711182 21.0200004577637 21.2199993133545 21.3299999237061 21.2900009155273 21.1000003814697 20.9400005340576 20.6800003051758 20.5900001525879 20.6299991607666 20.7800006866455 21.1100006103516 21.3199996948242 21.4099998474121 21.5100002288818 21.6200008392334 21.5400009155273 21.1200008392334 20.7099990844727 20.3099994659424 20 19.7800006866455
19.2399997711182 19.7000007629395 20.3199996948242 20.8600006103516 21.3999996185303 21.7800006866455 21.7900009155273 21.8799991607666 21.8600006103516 21.8199996948242 21.6800003051758 21.4500007629395 21.1900005340576 20.7099990844727 20.2299995422363 19.8899993896484 19.6200008392334 19.3899993896484 19.2299995422363 19.25 19.2099990844727 19.4400005340576 19.8899993896484 20.2700004577637 20.5699996948242 20.8199996948242 21.0900001525879 21.1700000762939 21.1700000762939 21.0599994659424 20.9500007629395 20.6100006103516 20.6800003051758 20.7999992370605 20.8799991607666 21.0200004577637 21.2099990844727 21.1499996185303 20.9500007629395 20.8799991607666 20.7800006866455 20.5599994659424 20.3899993896484 20.2800006866455 20.1299991607666 19.9699993133545
19.6399993896484 20.1900005340576 20.7399997711182 21.2800006866455 21.8199996948242 22.1399993896484 22.2399997711182 22.3099994659424 22.2099990844727 21.9899997711182 21.8099994659424 21.6200008392334 21.3400001525879 20.9200000762939 20.4899997711182 20.1599998474121 19.8400001525879 19.5900001525879 19.4500007629395 19.3999996185303 19.4500007629395 19.6000003814697 19.9599990844727 20.2800006866455 20.5400009155273 20.7800006866455 21.1299991607666 21.2199993133545 21.2600002288818 21.2299995422363 21.1200008392334 20.9400005340576 20.8400001525879 21.2600002288818 21.5200004577637 21.8700008392334 21.9300003051758 21.9300003051758 21.6700000762939 21.2700004577637 20.9400005340576 20.7700004577637 20.5900001525879 20.4400005340576 20.3899993896484 20.3199996948242
20.1000003814697 20.5799999237061 21.1000003814697 21.7299995422363 22.2600002288818 22.5900001525879 22.7099990844727 22.6700000762939 22.5799999237061 22.2999992370605 21.8899993896484 21.6499996185303 21.2999992370605 20.9400005340576 20.5499992370605 20.2700004577637 19.9500007629395 19.7600002288818 19.6299991607666 19.6000003814697 19.6599998474121 19.8400001525879 20.0799999237061 20.3700008392334 20.6299991607666 20.8600006103516 21.2700004577637 21.3799991607666 21.4699993133545 21.5200004577637 21.5200004577637 21.4799995422363 21.5799999237061 21.6599998474121 22.0300006866455 22.4699993133545 22.5599994659424 22.5100002288818 22.2099990844727 22.2600002288818 21.9200000762939 21.6000003814697 21.3799991607666 21.1399993896484 20.9699993133545 20.9200000762939
20.2099990844727 20.9200000762939 21.5599994659424 22.0900001525879 22.7700004577637 23.0699996948242 23.1000003814697 22.9799995422363 22.9099998474121 22.4899997711182 21.8600006103516 21.5300006866455 21.1700000762939 20.8199996948242 20.4799995422363 20.1900005340576 19.9699993133545 19.8099994659424 19.6900005340576 19.7000007629395 19.8400001525879 20.0400009155273 20.2999992370605 20.5400009155273 20.7900009155273 21.0499992370605 21.2800006866455 21.5 21.6800003051758 21.8700008392334 22.0300006866455 22.0499992370605 22.0200004577637 22.3500003814697 22.9200000762939 23.3600006103516 23.7000007629395 23.8500003814697 23.3899993896484 23.2000007629395 22.8299999237061 22.7000007629395 22.5699996948242 22.3899993896484 22.2700004577637 22.3700008392334
20.3600006103516 21.1000003814697 21.7000007629395 22.5400009155273 23.3600006103516 23.5499992370605 23.3099994659424 23.0799999237061 22.8400001525879 22.2900009155273 21.7900009155273 21.3600006103516 21.0200004577637 20.8400001525879 20.4599990844727 20.0200004577637 19.8299999237061 19.7099990844727 19.6800003051758 19.7600002288818 19.9200000762939 20.2099990844727 20.5 20.7600002288818 20.9500007629395 21.1599998474121 21.4099998474121 21.6800003051758 21.9300003051758 22.1599998474121 22.4500007629395 22.6200008392334 22.5400009155273 23.3700008392334 24.0400009155273 24.2600002288818 24.3099994659424 24.2900009155273 23.9899997711182 23.5900001525879 23.4099998474121 22.9799995422363 23.1599998474121 23.0799999237061 23.0100002288818 22.8899993896484
20.3700008392334 20.9200000762939 21.3700008392334 21.8899993896484 22.25 22.6000003814697 22.6499996185303 22.5699996948242 22.3999996185303 21.9599990844727 21.5499992370605 21.25 21.1399993896484 20.9200000762939 20.4599990844727 19.8500003814697 19.6200008392334 19.5200004577637 19.4799995422363 19.6299991607666 19.8299999237061 20.0900001525879 20.4400005340576 20.7900009155273 20.9899997711182 21.2099990844727 21.3799991607666 21.7399997711182 22.1000003814697 22.4699993133545 22.7999992370605 23.0699996948242 23.1200008392334 24.3199996948242 25.1499996185303 24.9899997711182 24.7299995422363 24.3799991607666 23.9099998474121 23.4099998474121 23.3600006103516 23.7800006866455 23.8400001525879 23.6100006103516 23.3199996948242 23.0599994659424
20.8899993896484 21.2800006866455 21.6299991607666 21.9099998474121 22.2800006866455 22.0100002288818 21.6499996185303 21.9500007629395 21.8999996185303 21.7399997711182 21.5599994659424 21.3400001525879 21.0100002288818 20.6499996185303 20.1800003051758 19.6399993896484 19.3500003814697 19.25 19.1800003051758 19.4300003051758 19.6700000762939 20.0200004577637 20.2700004577637 20.5300006866455 20.7800006866455 21.1299991607666 21.3899993896484 21.6100006103516 22.0499992370605 22.5100002288818 22.9599990844727 23.3099994659424 23.4799995422363 24.2399997711182 24.9799995422363 24.9400005340576 24.7700004577637 24.4899997711182 24.1599998474121 23.7900009155273 24.1499996185303 24.25 24.2399997711182 23.9400005340576 23.5799999237061 23.1800003051758
20.9400005340576 21.2299995422363 21.5200004577637 21.7099990844727 22 21.7900009155273 21.4500007629395 21.2600002288818 21.2999992370605 21.4400005340576 21.2999992370605 20.9899997711182 20.6299991607666 20.1000003814697 19.6200008392334 19.4200000762939 19.0499992370605 18.9799995422363 19.1900005340576 19.4200000762939 19.6700000762939 19.9699993133545 20.2700004577637 20.6000003814697 20.8099994659424 20.9400005340576 21.1399993896484 21.4699993133545 21.9200000762939 22.3600006103516 22.8400001525879 23.2700004577637 23.4899997711182 23.8999996185303 24.3899993896484 24.6499996185303 24.5900001525879 24.4500007629395 24.2900009155273 24.1000003814697 24.1499996185303 24.1499996185303 24.1100006103516 23.8400001525879 23.5599994659424 23.3199996948242
20.8099994659424 21.0900001525879 21.3500003814697 21.5599994659424 21.7199993133545 21.6000003814697 21.4799995422363 21.3700008392334 21.1200008392334 20.7800006866455 20.4599990844727 20.1599998474121 19.8899993896484 19.7000007629395 19.6100006103516 19.4899997711182 19.3099994659424 19.1299991607666 19.1800003051758 19.2900009155273 19.5499992370605 19.7299995422363 20.1399993896484 20.4500007629395 20.6000003814697 20.8099994659424 20.8700008392334 21.2600002288818 21.7800006866455 22.2199993133545 22.6499996185303 23.2000007629395 23.4899997711182 23.3999996185303 24.0400009155273 24.2199993133545 24.3099994659424 24.3500003814697 24.2199993133545 24.3299999237061 24.2800006866455 24.1800003051758 24 23.7399997711182 23.4500007629395 23.1499996185303
20.1000003814697 20.5300006866455 20.8999996185303 21.2299995422363 21.4200000762939 21.4300003051758 21.5100002288818 21.4300003051758 21.3199996948242 21 20.5799999237061 20.3099994659424 20.0200004577637 19.7199993133545 19.4200000762939 19.2700004577637 19.1800003051758 19.1700000762939 19.3600006103516 19.7299995422363 20.0699996948242 20.25 20.3500003814697 20.7099990844727 20.9500007629395 21.0100002288818 20.9799995422363 21.25 21.5599994659424 22.2900009155273 22.7999992370605 23.0300006866455 23.2000007629395 23.2099990844727 23.5200004577637 23.9599990844727 24.1299991607666 24.25 24.3899993896484 24.5400009155273 24.5200004577637 24.4300003051758 24.2199993133545 23.8999996185303 23.5799999237061 23.2199993133545
19.2800006866455 19.8600006103516 20.3600006103516 20.7299995422363 20.9500007629395 21.1399993896484 21.3400001525879 21.6299991607666 21.6900005340576 21.2999992370605 20.6499996185303 20.3099994659424 20.1800003051758 19.8700008392334 19.4200000762939 19.2000007629395 19.0300006866455 18.9899997711182 19.1299991607666 19.5200004577637 19.9799995422363 20.4200000762939 20.7700004577637 20.9099998474121 21.0799999237061 21.1800003051758 21.2999992370605 21.4799995422363 21.7700004577637 22.1499996185303 22.5900001525879 22.8899993896484 22.9899997711182 23.1399993896484 23.25 23.3899993896484 23.9500007629395 24.3400001525879 24.6000003814697 24.7900009155273 24.8899993896484 24.8600006103516 24.6800003051758 24.3400001525879 23.8999996185303 23.5499992370605
18.5400009155273 19.1700000762939 19.75 20.1800003051758 20.5 20.8099994659424 21.1299991607666 21.3999996185303 21.5900001525879 21.3299999237061 20.8400001525879 20.3400001525879 20.0499992370605 19.6800003051758 19.3199996948242 19.0100002288818 18.7399997711182 18.7299995422363 18.9200000762939 19.2399997711182 19.75 20.2700004577637 20.7299995422363 20.9500007629395 21.1200008392334 21.2700004577637 21.4899997711182 21.6599998474121 21.8500003814697 22.0499992370605 22.3600006103516 22.6599998474121 22.8799991607666 23.0200004577637 23.2199993133545 23.1399993896484 23.7199993133545 24.1800003051758 24.6000003814697 25 25.25 25.4300003051758 25.3899993896484 25.0300006866455 24.5300006866455 24.0499992370605
18.0300006866455 18.5599994659424 19.0900001525879 19.6299991607666 20.0300006866455 20.3299999237061 20.6599998474121 20.9200000762939 20.9899997711182 20.7600002288818 20.4799995422363 20.1599998474121 19.7399997711182 19.3700008392334 19.0300006866455 18.7199993133545 18.3500003814697 18.2399997711182 18.6900005340576 19.1399993896484 19.5799999237061 20.0799999237061 20.5400009155273 20.8899993896484 21.1399993896484 21.2800006866455 21.4599990844727 21.6700000762939 21.8899993896484 22.0200004577637 22.1700000762939 22.4599990844727 22.7299995422363 22.9699993133545 23.1499996185303 23.3400001525879 23.3600006103516 23.8799991607666 24.4099998474121 24.9099998474121 25.4200000762939 25.8600006103516 26.1800003051758 25.7199993133545 24.8899993896484 24.1800003051758
17.8999996185303 18.3600006103516 18.8099994659424 19.2000007629395 19.5799999237061 19.8899993896484 20.1599998474121 20.2700004577637 20.2399997711182 20.1299991607666 19.8600006103516 19.6499996185303 19.4099998474121 19.1900005340576 18.9699993133545 18.6800003051758 18.5 18.5400009155273 18.8899993896484 19.3199996948242 19.7399997711182 20.2099990844727 20.75 21.1900005340576 21.4200000762939 21.5 21.6200008392334 21.7600002288818 21.8299999237061 21.9300003051758 22.1399993896484 22.3999996185303 22.6599998474121 22.8899993896484 23.1100006103516 23.3199996948242 23.4899997711182 23.4200000762939 23.9500007629395 24.5499992370605 24.9699993133545 25.4099998474121 25.6100006103516 25.1800003051758 24.4599990844727 23.7199993133545
18.4099998474121 18.7099990844727 18.8899993896484 19.1399993896484 19.2800006866455 19.4599990844727 19.6100006103516 19.7199993133545 19.7099990844727 19.5799999237061 19.3799991607666 19.2299995422363 19.0499992370605 18.9500007629395 18.9500007629395 18.9799995422363 19.0100002288818 19.2399997711182 19.5699996948242 19.8799991607666 20.1800003051758 20.5 20.9599990844727 21.3899993896484 21.8700008392334 22.0499992370605 22.0900001525879 22.1399993896484 22.1700000762939 22.1900005340576 22.3400001525879 22.5900001525879 22.7299995422363 22.8799991607666 23.0599994659424 23.2800006866455 23.4599990844727 23.6000003814697 23.5699996948242 23.6599998474121 24.2199993133545 24.4200000762939 24.3299999237061 23.9099998474121 23.2900009155273 22.6599998474121
19.2099990844727 19.25 19.2600002288818 19.2399997711182 19.2399997711182 19.2000007629395 19.2000007629395 19.2099990844727 19.2700004577637 19.2800006866455 19.1700000762939 18.9400005340576 18.8199996948242 18.8299999237061 19.0599994659424 19.3099994659424 19.6000003814697 20.0900001525879 20.3099994659424 20.4899997711182 20.6499996185303 20.9400005340576 21.2600002288818 21.6399993896484 22.0699996948242 22.4799995422363 22.6499996185303 22.5799999237061 22.5400009155273 22.5599994659424 22.6599998474121 22.7900009155273 22.8799991607666 22.9599990844727 23.0599994659424 23.1700000762939 23.3500003814697 23.4300003051758 23.4099998474121 23.1299991607666 23.5599994659424 23.5400009155273 23.0599994659424 22.4200000762939 21.8899993896484 21.4500007629395
20.1900005340576 19.9400005340576 19.6299991607666 19.3500003814697 19.1299991607666 18.9899997711182 18.9099998474121 18.8600006103516 18.8400001525879 18.8400001525879 18.8299999237061 18.75 18.6700000762939 18.6900005340576 18.8999996185303 19.4099998474121 19.9099998474121 20.2000007629395 20.5300006866455 20.9400005340576 21.1499996185303 21.3899993896484 21.7800006866455 21.9599990844727 22.1900005340576 22.5100002288818 22.7800006866455 22.7999992370605 22.7700004577637 22.8199996948242 22.8999996185303 22.9699993133545 22.9099998474121 23.0100002288818 23.1200008392334 23.1299991607666 23.2299995422363 23.2299995422363 23.0900001525879 22.8299999237061 22.8299999237061 22.8400001525879 22.5900001525879 21.8700008392334 21.0799999237061 20.5499992370605
21.0799999237061 20.5 19.8999996185303 19.3600006103516 19.0499992370605 18.8999996185303 18.7999992370605 18.7600002288818 18.7199993133545 18.6499996185303 18.5599994659424 18.5 18.4799995422363 18.6499996185303 18.8199996948242 19.0699996948242 19.7600002288818 20.4899997711182 20.8700008392334 21.1499996185303 21.4799995422363 21.7099990844727 21.9599990844727 22.2299995422363 22.2399997711182 22.4200000762939 22.6599998474121 22.8299999237061 22.8600006103516 22.9400005340576 23.0100002288818 23.1100006103516 23.1499996185303 23.1100006103516 23.1800003051758 23.2099990844727 23.1900005340576 23.1100006103516 22.9599990844727 22.7700004577637 22.6000003814697 22.3600006103516 22.1399993896484 21.7399997711182 21.4099998474121 21.0100002288818
21.6800003051758 20.9699993133545 20.1399993896484 19.2800006866455 18.5900001525879 18.75 18.8400001525879 18.8299999237061 18.7999992370605 18.75 18.6800003051758 18.6200008392334 18.6299991607666 18.8500003814697 19.0599994659424 19.2199993133545 19.4899997711182 19.8600006103516 20.3400001525879 20.75 21.1100006103516 21.4300003051758 21.6000003814697 21.8700008392334 22.0499992370605 22.2700004577637 22.5200004577637 22.75 22.9099998474121 23.0400009155273 23.1499996185303 23.2600002288818 23.3400001525879 23.3400001525879 23.3199996948242 23.1399993896484 23.1299991607666 23.0699996948242 22.9099998474121 22.7299995422363 22.5599994659424 22.4099998474121 22.2900009155273 22.0599994659424 21.8500003814697 21.6499996185303
