SnowAccumulation_R/test/pcp/pcp_2.asc
NCOLS 144 
NROWS 72 
XLLCORNER -107.999996877414 
YLLCORNER 47.0000011447333 
CELLSIZE 0.0833333376702586 
NODATA_value -3.4e+38 
[rows 0 to 20 of 72, columns 0 to 45 of 144]
11.1400003433228 11.1199998855591 11.1999998092651 11.3199996948242 11.6899995803833 11.9499998092651 12.0699996948242 12.0699996948242 12.3000001907349 12.1599998474121 12.1800003051758 11.8100004196167 11.6700000762939 11.9099998474121 12.2700004577637 12.4300003051758 12.5600004196167 12.5799999237061 12.5600004196167 12.710000038147 12.7299995422363 12.75 12.6599998474121 12.5600004196167 12.4399995803833 12.1800003051758 11.9300003051758 12.0299997329712 12.1300001144409 12.1000003814697 12.1599998474121 12.2799997329712 12.3400001525879 12.3500003814697 12.3699998855591 12.4300003051758 12.5299997329712 12.6400003433228 12.8400001525879 13.1000003814697 13.4300003051758 13.8000001907349 14.0900001525879 14.3000001907349 14.4300003051758 14.3999996185303
11.5500001907349 11.3900003433228 11.4300003051758 11.3699998855591 11.5 11.4899997711182 11.5100002288818 11.5299997329712 11.4399995803833 11.2799997329712 11.3100004196167 11.1199998855591 11.3299999237061 11.5799999237061 11.9300003051758 12.1400003433228 12.3100004196167 12.3500003814697 12.5900001525879 12.6099996566772 12.5500001907349 12.4300003051758 12.3500003814697 12.1400003433228 12.039999961853 11.9200000762939 11.8599996566772 12.0299997329712 12.2200002670288 12.2600002288818 12.3100004196167 12.5500001907349 12.5699996948242 12.1300001144409 12.0500001907349 12.1300001144409 12.3199996948242 12.4300003051758 12.710000038147 13.0900001525879 13.5200004577637 13.9700002670288 14.4099998474121 14.6700000762939 14.8400001525879 14.8199996948242
12.1099996566772 11.8800001144409 11.6400003433228 11.3299999237061 11.0600004196167 10.8500003814697 10.6099996566772 10.4899997711182 10.3900003433228 10.4200000762939 10.4499998092651 10.6599998474121 11.0299997329712 11.3500003814697 11.6300001144409 11.8000001907349 12.1099996566772 12.5299997329712 12.539999961853 12.4399995803833 12.289999961853 12.1499996185303 11.9300003051758 11.9099998474121 11.9799995422363 11.9899997711182 11.8900003433228 11.789999961853 11.9200000762939 12.1000003814697 12.3000001907349 12.1300001144409 12.2799997329712 12.1700000762939 12 12.0900001525879 12.2200002670288 12.2799997329712 12.6899995803833 13.210000038147 13.789999961853 14.2600002288818 14.7299995422363 15.0799999237061 15.1999998092651 15.2399997711182
12.6300001144409 12.25 11.8500003814697 11.4399995803833 10.9700002670288 10.5500001907349 10.0600004196167 9.5600004196167 9.72999954223633 9.89000034332275 10.1599998474121 10.9300003051758 11.0900001525879 11.0900001525879 11.3100004196167 11.7700004577637 12.1400003433228 12.289999961853 12.2799997329712 12.1700000762939 11.9799995422363 11.8199996948242 11.6599998474121 11.5799999237061 11.4899997711182 11.5299997329712 11.789999961853 11.6800003051758 11.8000001907349 11.8000001907349 12.039999961853 12.3900003433228 12.3100004196167 12.4399995803833 12.6300001144409 12.8000001907349 13.0200004577637 12.9300003051758 13.2799997329712 13.7700004577637 14.2700004577637 14.7399997711182 15.1400003433228 15.5799999237061 15.710000038147 15.7600002288818
12.7700004577637 12.8900003433228 12.5500001907349 11.8400001525879 11.1700000762939 10.6499996185303 10.3199996948242 10.039999961853 9.9399995803833 10.0500001907349 10.289999961853 10.6099996566772 10.7700004577637 10.8800001144409 11.4200000762939 11.7299995422363 11.9799995422363 12.1099996566772 12.1300001144409 11.960000038147 11.7299995422363 11.5299997329712 11.289999961853 11.1999998092651 11.1000003814697 11.1199998855591 11.1700000762939 11.2799997329712 11.3699998855591 11.5699996948242 11.8999996185303 12.210000038147 12.1499996185303 12.3999996185303 12.6999998092651 12.9799995422363 13.3000001907349 13.539999961853 13.9499998092651 14.3999996185303 14.8599996566772 15.2299995422363 15.6499996185303 16.1100006103516 16.2700004577637 16.2800006866455
12.8400001525879 12.3699998855591 12.1300001144409 12.0500001907349 11.5699996948242 10.9099998474121 10.4700002670288 10.2399997711182 10.210000038147 10.3199996948242 10.539999961853 10.6899995803833 10.789999961853 10.9399995803833 11.3100004196167 11.5600004196167 11.8299999237061 12.039999961853 12.0200004577637 11.75 11.3900003433228 11.1400003433228 11.0299997329712 10.8500003814697 10.8100004196167 10.8199996948242 10.9399995803833 10.9799995422363 11.0600004196167 11.2299995422363 11.5200004577637 11.9399995803833 12.210000038147 12.3999996185303 12.7600002288818 13.1000003814697 13.3900003433228 13.8199996948242 14.3400001525879 14.8699998855591 15.4099998474121 15.7600002288818 16.1800003051758 16.6700000762939 16.9400005340576 16.9099998474121
14.3199996948242 13.4700002670288 12.4499998092651 11.4899997711182 11.1700000762939 10.8000001907349 10.5500001907349 10.2399997711182 10.1599998474121 10.1700000762939 10.4799995422363 10.5900001525879 10.6000003814697 10.9499998092651 11.1300001144409 11.3199996948242 11.5100002288818 11.6700000762939 11.6199998855591 11.2299995422363 11 10.8000001907349 10.7399997711182 10.6400003433228 10.5100002288818 10.3800001144409 10.3999996185303 10.4300003051758 10.6099996566772 10.8999996185303 11.2600002288818 11.9200000762939 12.2600002288818 12.5100002288818 12.8299999237061 13.1599998474121 13.5299997329712 13.9899997711182 14.5799999237061 15.1700000762939 15.6999998092651 16.2000007629395 16.7000007629395 17.2099990844727 17.4699993133545 17.4099998474121
14.25 13.960000038147 13.4700002670288 12.2299995422363 11.4200000762939 10.5900001525879 10.0799999237061 9.93000030517578 9.80000019073486 9.82999992370605 10.0200004577637 10.2600002288818 10.5299997329712 10.7299995422363 10.8199996948242 10.9200000762939 10.9899997711182 11.0100002288818 10.8900003433228 10.710000038147 10.7399997711182 10.5200004577637 10.4200000762939 10.210000038147 9.86999988555908 9.77000045776367 9.77999973297119 9.88000011444092 10.1800003051758 10.5699996948242 10.9700002670288 11.4799995422363 11.8900003433228 12.2700004577637 12.6899995803833 13.1800003051758 13.7600002288818 14.1999998092651 14.6999998092651 15.2799997329712 15.8199996948242 16.3700008392334 17.1200008392334 17.7700004577637 17.8400001525879 17.6700000762939
13.4700002670288 13.3699998855591 13.2200002670288 12.2200002670288 11 10.4499998092651 10.0799999237061 9.76000022888184 9.64000034332275 9.56999969482422 9.64000034332275 9.80000019073486 10.0600004196167 10.2299995422363 10.3699998855591 10.4499998092651 10.4300003051758 10.3999996185303 10.3800001144409 10.5200004577637 10.3900003433228 10.2799997329712 10.1899995803833 10.0200004577637 9.8100004196167 9.5 9.32999992370605 9.39999961853027 9.75 10.1700000762939 10.5799999237061 11.0799999237061 11.5100002288818 11.8999996185303 12.3999996185303 13.039999961853 13.6300001144409 14.0699996948242 14.5699996948242 15.1000003814697 15.6000003814697 16.1000003814697 16.7000007629395 17.1800003051758 17.3199996948242 17.3700008392334
12.4099998474121 12.3999996185303 12.039999961853 11.25 10.4799995422363 10.1099996566772 9.80000019073486 9.38000011444092 9.19999980926514 9.15999984741211 9.19999980926514 9.28999996185303 9.52000045776367 9.73999977111816 9.89999961853027 9.97999954223633 9.97999954223633 10.0299997329712 10.3100004196167 10.460000038147 10.2399997711182 10.2399997711182 10.1099996566772 9.86999988555908 9.59000015258789 9.40999984741211 9.40999984741211 9.39999961853027 9.63000011444092 9.96000003814697 10.2399997711182 10.7799997329712 11.210000038147 11.6000003814697 12.1400003433228 12.7600002288818 13.3100004196167 13.7399997711182 14.1599998474121 14.6000003814697 14.9799995422363 15.3900003433228 15.8400001525879 16.2399997711182 16.5499992370605 16.7399997711182
11.5500001907349 11.5600004196167 11.1000003814697 10.4200000762939 9.86999988555908 9.60000038146973 9.3100004196167 9.01000022888184 8.92000007629395 8.80000019073486 8.72999954223633 8.85000038146973 9.17000007629395 9.43000030517578 9.61999988555908 9.77999973297119 9.89999961853027 10.0600004196167 10.4899997711182 10.3999996185303 10.3299999237061 10.2799997329712 10.1099996566772 9.94999980926514 9.80000019073486 9.5600004196167 9.39000034332275 9.39999961853027 9.56999969482422 9.77000045776367 10.0900001525879 10.460000038147 10.9200000762939 11.289999961853 11.789999961853 12.3500003814697 12.8599996566772 13.2200002670288 13.5200004577637 13.8999996185303 14.1800003051758 14.539999961853 14.9499998092651 15.3400001525879 15.6899995803833 16
10.539999961853 10.460000038147 10.1899995803833 9.85000038146973 9.46000003814697 9.14000034332275 8.93000030517578 8.8100004196167 8.72999954223633 8.5 8.22999954223633 8.5 9.02999973297119 9.40999984741211 9.67000007629395 9.97999954223633 10.3299999237061 10.5200004577637 10.6499996185303 10.6400003433228 10.539999961853 10.3900003433228 10.2700004577637 10.0600004196167 9.84000015258789 9.61999988555908 9.47000026702881 9.39000034332275 9.46000003814697 9.64999961853027 9.89999961853027 10.2200002670288 10.6300001144409 10.960000038147 11.3900003433228 11.8599996566772 12.2700004577637 12.5299997329712 12.8100004196167 13.1199998855591 13.3299999237061 13.6599998474121 14.0299997329712 14.4099998474121 14.7700004577637 15.1499996185303
10.1199998855591 9.97999954223633 9.63000011444092 9.26000022888184 9 8.82999992370605 8.77000045776367 8.73999977111816 8.71000003814697 8.57999992370605 8.5600004196167 8.89999961853027 9.34000015258789 9.82999992370605 10.039999961853 10.4899997711182 10.8800001144409 11.1899995803833 11.289999961853 11.2399997711182 11.0299997329712 10.7399997711182 10.4499998092651 10.210000038147 9.96000003814697 9.72999954223633 9.60000038146973 9.44999980926514 9.43000030517578 9.64000034332275 9.82999992370605 10.0699996948242 10.3400001525879 10.6300001144409 10.9899997711182 11.3599996566772 11.6800003051758 11.9200000762939 12.1599998474121 12.3699998855591 12.5699996948242 12.8100004196167 13.0500001907349 13.3299999237061 13.6400003433228 14.0100002288818
10.1099996566772 9.53999996185303 9.38000011444092 9.32999992370605 8.89000034332275 8.72000026702881 8.73999977111816 8.85999965667725 9 9.06999969482422 9.22999954223633 9.56999969482422 9.88000011444092 10.3900003433228 10.6300001144409 11.1199998855591 11.789999961853 12.0900001525879 12.1999998092651 11.960000038147 11.539999961853 11.1599998474121 10.789999961853 10.4799995422363 10.1700000762939 9.90999984741211 9.71000003814697 9.61999988555908 9.60000038146973 9.6899995803833 9.80000019073486 9.92000007629395 10.0900001525879 10.3299999237061 10.6300001144409 10.9399995803833 11.1999998092651 11.4399995803833 11.6400003433228 11.8199996948242 11.9499998092651 12.0799999237061 12.2200002670288 12.3900003433228 12.6000003814697 12.8699998855591
9.52999973297119 9.28999996185303 9.15999984741211 9.02000045776367 8.92000007629395 8.98999977111816 9.03999996185303 9.1899995803833 9.38000011444092 9.60000038146973 9.9399995803833 10.2399997711182 10.5500001907349 11.0500001907349 11.2700004577637 11.6899995803833 12.3999996185303 12.9099998474121 13.0200004577637 12.5600004196167 12.0600004196167 11.5900001525879 11.1599998474121 10.7299995422363 10.3999996185303 10.0900001525879 9.81999969482422 9.67000007629395 9.68000030517578 9.72000026702881 9.77999973297119 9.77999973297119 9.88000011444092 10.1000003814697 10.3800001144409 10.6499996185303 10.9099998474121 11.1300001144409 11.2600002288818 11.3400001525879 11.3800001144409 11.4300003051758 11.4899997711182 11.5299997329712 11.6300001144409 11.7600002288818
9.19999980926514 9.11999988555908 9.13000011444092 9.10000038146973 9.19999980926514 9.32999992370605 9.39999961853027 9.60000038146973 9.89000034332275 10.289999961853 10.5900001525879 10.8800001144409 11.1700000762939 11.5100002288818 11.789999961853 12.2299995422363 12.5100002288818 12.6099996566772 12.7600002288818 12.5799999237061 12.1999998092651 11.8100004196167 11.4399995803833 11.039999961853 10.6000003814697 10.2299995422363 9.93000030517578 9.76000022888184 9.72999954223633 9.72999954223633 9.72000026702881 9.69999980926514 9.84000015258789 10.0200004577637 10.25 10.5 10.6899995803833 10.8000001907349 10.8999996185303 10.9300003051758 10.9399995803833 10.960000038147 11.0100002288818 11.1400003433228 11.3500003814697 11.4300003051758
9.09000015258789 9.11999988555908 9.18000030517578 9.28999996185303 9.44999980926514 9.64000034332275 9.89000034332275 10.1199998855591 10.4399995803833 10.9099998474121 11.1800003051758 11.3900003433228 11.75 11.9799995422363 12.25 12.4099998474121 12.460000038147 12.3500003814697 12.2600002288818 12.039999961853 11.6899995803833 11.3599996566772 11.1300001144409 10.9700002670288 10.6199998855591 10.3299999237061 10.0699996948242 9.92000007629395 9.8100004196167 9.78999996185303 9.82999992370605 9.80000019073486 9.85000038146973 10 10.1899995803833 10.3800001144409 10.539999961853 10.6599998474121 10.6899995803833 10.6899995803833 10.6899995803833 10.7600002288818 10.9099998474121 11.0900001525879 11.210000038147 11.0799999237061
9.32999992370605 9.32999992370605 9.34000015258789 9.39000034332275 9.5600004196167 9.81999969482422 10.1400003433228 10.4399995803833 10.960000038147 11.4200000762939 11.7399997711182 12 12.3699998855591 12.4799995422363 12.5699996948242 12.6499996185303 12.5200004577637 12.2200002670288 11.789999961853 11.3900003433228 10.9700002670288 10.789999961853 10.710000038147 10.5900001525879 10.3400001525879 10.1999998092651 10.210000038147 10.1499996185303 10.0699996948242 9.80000019073486 9.84000015258789 9.84000015258789 9.90999984741211 10.0299997329712 10.1999998092651 10.4300003051758 10.5799999237061 10.6199998855591 10.6099996566772 10.6199998855591 10.710000038147 10.8100004196167 10.9399995803833 11.0299997329712 10.9499998092651 10.8100004196167
9.52999973297119 9.51000022888184 9.48999977111816 9.55000019073486 9.65999984741211 9.89000034332275 10.2799997329712 10.7700004577637 11.3000001907349 11.7399997711182 12.0500001907349 12.3000001907349 12.6400003433228 12.8199996948242 12.8800001144409 13 12.8199996948242 12.3400001525879 11.6999998092651 11.1499996185303 10.6800003051758 10.4200000762939 10.2700004577637 10.1499996185303 10.0299997329712 9.93000030517578 10.0900001525879 10.25 10.2600002288818 9.89000034332275 9.81999969482422 9.85000038146973 9.96000003814697 10.1099996566772 10.2700004577637 10.4700002670288 10.5799999237061 10.6599998474121 10.7200002670288 10.8000001907349 10.8900003433228 10.9700002670288 11.0200004577637 11.0600004196167 11.0200004577637 10.9399995803833
9.55000019073486 9.59000015258789 9.63000011444092 9.68000030517578 9.80000019073486 10.0799999237061 10.3800001144409 10.7799997329712 11.2299995422363 11.5900001525879 11.8900003433228 11.9399995803833 12.1599998474121 12.6300001144409 12.9300003051758 13.1000003814697 13.0799999237061 12.6000003814697 11.8500003814697 11.1700000762939 10.7200002670288 10.3699998855591 10 9.76000022888184 9.5600004196167 9.5600004196167 9.78999996185303 10.1899995803833 10.1999998092651 9.97999954223633 9.82999992370605 9.92000007629395 10.0600004196167 10.210000038147 10.4200000762939 10.6099996566772 10.7600002288818 10.8500003814697 10.960000038147 11.0200004577637 11.0699996948242 11.1400003433228 11.1499996185303 11.1300001144409 11.3000001907349 11.4399995803833
9.85000038146973 9.89000034332275 9.77999973297119 9.77000045776367 9.84000015258789 10.0699996948242 10.4499998092651 10.7399997711182 11.0500001907349 11.3999996185303 11.6199998855591 11.7200002670288 11.8199996948242 11.9499998092651 12.4899997711182 12.7700004577637 12.8400001525879 12.460000038147 11.8000001907349 11.1499996185303 10.6599998474121 10.25 9.81999969482422 9.43000030517578 9.21000003814697 9.31999969482422 9.60000038146973 9.90999984741211 10.1099996566772 10.0200004577637 9.86999988555908 9.97000026702881 10.1499996185303 10.3599996566772 10.6499996185303 10.8800001144409 11.0299997329712 11.1700000762939 11.210000038147 11.1899995803833 11.1700000762939 11.25 11.25 11.3800001144409 11.9700002670288 12.4200000762939
