SnowAccumulation_R/test/tmax/final_tmax_07_04_2009.asc
NCOLS 97 
NROWS 69 
XLLCORNER 52512.810182332 
YLLCORNER 5316225.2758522 
CELLSIZE 10000 
NODATA_value -9999 
[rows 0 to 20 of 69, columns 0 to 46 of 97]
-9999.000000000000000 -9999 -9999 -9999 -9999 -9999 -9999 -9999 -9999 -9999 -9999 -9999 -9999 -9999 -9999 -9999 -9999 -9999 -9999 -9999 -9999 -9999 -9999 -9999 -9999 -9999 -9999 -9999 -9999 -9999 -9999 -9999 -9999 -9999 -9999 -9999 -9999 -9999 -9999 -9999 -9999 -9999 -9999 -9999 -9999 -9999 -9999
-9999 -9999 -9999 -9999 -9999 13.1300001144409 12.4399995803833 12.1599998474121 11.7200002670288 11.8999996185303 11.6199998855591 11.5799999237061 11.7100000732644 11.960000038147 11.6300001144409 11.5799999237061 11.8500003814697 11.9700002670288 12.0000000002373 -9999 -9999 -9999 -9999 -9999 -9999 -9999 -9999 -9999 -9999 -9999 -9999 -9999 -9999 -9999 -9999 -9999 -9999 -9999 -9999 -9999 -9999 -9999 -9999 -9999 -9999 -9999 -9999
-9999 -9999 -9999 -9999 -9999 12.2700004577637 11.9200000762939 11.8599996566772 11.8800001144409 12 11.8500003814697 12.0799999237061 12.1400003433228 11.9899997585696 11.6499996185303 11.8299999237061 11.9399995803833 12.0100002288818 12.0900001525879 12.0500001915957 12.0600004196167 12.1499996185303 11.8999996185303 11.289999961853 10.9099998474121 10.2299995422363 9.84000015258789 9.64999961853027 9.63000011444092 9.77999973297119 9.90999984741211 10.2399997711182 10.4700002670288 10.3800001144409 9.96000003814697 9.27999973297119 8.92000007629395 8.75 8.73999977111816 8.86999988555908 9.10000038146973 9.39999961853025 9.57999992370605 9.64999961853027 9.35999965667724 9.28999996185303 9.43000030517578
-9999 -9999 -9999 -9999 -9999 12.7600002288818 12.6099996566772 12.210000038147 12.0699996976581 12.1700000762939 12.1099996566772 11.9700002670288 12.1199998855591 11.8299999237061 11.710000038147 11.7200002670288 11.7600002288818 11.8500003814697 12.0799999237061 11.9899997709535 11.8199996948242 11.8100004196167 11.6300001144409 11.2200002670288 10.6899995808371 10.460000038147 10.0600004196167 9.80000019073486 9.68000030517578 9.78999996185303 9.92000007629395 10.3400001525879 10.6599998474121 10.5500001907349 10.0299997329712 9.3100004196167 9 8.9399995803833 9.0600004196167 9.27000045776367 9.47999954223633 9.61999988555903 9.64000034332275 9.52000045776367 9.30000019073487 9.28999996185303 9.39999961853027
-9999 -9999 -9999 -9999 -9999 13.0600004196167 12.7299995422363 12.3400001525879 12.0600004196167 12.0399999783817 12.1999998092651 12.1999998092651 12.1400003433228 12.0500001907349 11.9999999973443 11.8900003433228 11.6999998092651 11.75 12.1499996185303 11.9300003051758 11.8100004196167 11.6599998474121 11.4399995823486 11.2200002670288 10.8999996185303 10.7399997711182 10.3500003814697 10 9.77000045776367 9.78999996185303 10.1000003813637 10.5100002288818 11.1700000762939 10.8699998855591 10.2399997711182 9.60999965667725 9.39000034332275 9.28999996185303 9.43000030517578 9.6899995803833 9.84000015258789 9.8100004196167 9.71000003814697 9.32999992370605 9.09000015258789 9.14999961853027 9.19999980926513
-9999 -9999 -9999 -9999 -9999 13.2700004577637 12.9399995803833 12.5299997329712 11.9300004887773 12.210000038147 12.1099996566772 12.1700000762939 12.1599998474121 12.0900001525879 11.9899997711182 11.9499998092651 11.8000001907349 11.8599996566772 12.3199996948242 12.0299997329712 11.8500003814697 11.5500001907349 11.3900003433228 11.3199996948242 11.1099996566772 10.9099998475633 10.7600002288818 10.3299999237061 9.90999984741211 10 10.1999998092651 10.8900003433228 12.1400003433228 11.1599998474121 10.3699998855591 9.84000015258789 9.59000015259021 9.59000015258789 9.75 10.0600004196167 10.2600002288818 10.0500001907349 9.88000011444092 9.32999992370605 8.98999977111816 9.06999969482422 9.05000019073486
-9999 -9999 -9999 -9999 -9999 13.1800003051758 13.0299997329712 12.8400001525879 12.5100002288818 12.159999969826 12.1700000762939 12.1899995803833 12.1700000762939 12.1000003814697 11.9499998092651 11.7399997711182 11.6099996566772 11.3900003433228 12.1000003814697 11.789999961853 11.6700000763397 11.6000003814697 11.4799995422363 11.460000038147 11.5299997329712 11.2700004638782 11.2299995422363 10.9399995803833 10.5500001907349 10.6400003433228 10.9099998474121 11.2600002288818 11.75 10.9499998092651 10.3000001907349 9.92000007629395 9.75000000000176 9.76000022888184 9.90999984741211 10.2799997329712 10.5799999237061 10.1999998092651 10.0600004196167 9.68000030517578 9.26000022888184 9.10000038146973 8.94999980926514
-9999 -9999 -9999 -9999 -9999 13.3100004196167 13.2499999518278 13.0500001907349 12.7200002670288 12.4499998092651 12.3599997836258 12.3100004115237 12.1599998474121 12.0100002288818 11.960000038147 11.8000001907349 11.7700004558942 11.6199998855591 11.6899995803833 11.5799999237061 11.4200000762939 11.4700002670288 11.539999961853 11.4399995803833 11.5699996948242 11.8999996185303 12.039999961853 11.6400003470296 11.4700002670288 11.1700000762939 11.210000038147 11.2500000000063 11.0900001525879 10.3999996185303 10.0900001525879 9.85999965667725 9.77999973297205 9.78999996185303 9.85000038146973 10.0500001907349 10.2299995422363 10.1700000762939 10.1199998855591 9.97999954223633 9.46000003814697 9.1899995803833 8.96000003814697
-9999 -9999 -9999 -9999 -9999 13.3599996566772 13.1899995803833 13.2399997711182 12.8800001144409 12.75 12.7600002288818 12.5299998168185 12.4799995422363 12.3000001907349 12.0799999237061 11.960000038147 11.8100004196167 11.8299999237061 11.6599998474121 11.6899995803833 11.5799999237061 11.4899997710868 11.5699996948242 11.3699998855591 11.539999961853 11.8500003814697 12.1099996565981 11.9499998092651 11.7600002288818 11.4799995430149 11.3800001144409 11.1300001144409 10.8900003433228 10.2799997329712 9.88000011444092 9.71000003814697 9.6899995803833 9.69999980926514 9.65999984741211 9.60000038146973 9.73999977111816 9.86999988555908 9.92000007629395 9.8100004196167 9.52000045776367 9.26000022888184 9.01000022888184
-9999 -9999 -9999 -9999 -9999 13.2399997711182 13.1899995803833 13.1599998474121 13 12.789999961853 12.8000001907349 12.8000001907349 12.7299996043043 12.6099996566772 12.3000001907349 12.0299997329712 12.0299997329712 11.9200000752645 11.8000001907349 11.7799997329712 11.710000038147 11.289999961853 11.1899995803833 11.2399997711182 11.3500003814697 11.3599996566772 11.5100002288818 11.5500001907349 11.6999998092651 11.8199996948242 11.8199996948242 11.1800003054079 10.9099998475367 10.2799997329712 9.6899995803833 9.60000038146973 9.61999988555908 9.60999965667725 9.52999973297119 9.38000011444092 9.47000026702881 9.64000034332275 9.65999984741215 9.68000030517578 9.55000019073486 9.39000034332275 9.0600004196167
-9999 -9999 -9999 -9999 -9999 12.4799995422363 13.1300001144409 13 12.899999592935 12.7600002288818 12.7200002670288 12.8199996948242 13 12.7900000040387 12.4899997711182 12.1499996185303 12.1199998855591 11.8400001525879 11.8999996185303 11.710000038147 11.5200004577637 10.9700002670288 11.100000381408 11.0600004196167 10.9799995422363 10.8400001525879 11.2200002670288 11.3699998855591 11.5500001907349 11.8000001907349 11.8299999237061 11.4399995803833 11.1899995803833 10.6800003051758 9.78999996198751 9.67000007633839 9.64999961853027 9.63000011444092 9.51000022888184 9.42000007629395 9.39999961853027 9.47000026702881 9.47000026702881 9.47000026702881 9.42000007629394 9.34000015258789 9.10000038146973
-9999 -9999 -9999 -9999 11.9799995422363 11.9499998092651 12.4300003051758 12.7299995422363 12.5500001907349 12.4700002670288 12.4300003051758 12.4399995803833 12.8299999237061 12.6899995803833 12.569999683407 12.289999961853 12.0799999237061 11.8900003433228 11.9099998467097 11.5200004577637 11.3100004196167 11.039999961853 10.8999996185303 10.8800001144409 10.8699998855591 10.8599996566772 11.1000003814697 11.3699998854293 11.4799995422363 11.7200002670288 11.7700004577637 11.5900001525879 11.2200002670761 10.9700002670288 10.4799995422363 10.1800003051758 9.98999977111816 9.93000030517578 9.59000015259173 9.36999988556057 9.35000038147005 9.35999965667729 9.31000041961672 9.27999973297107 9.25 9.26000022888183 9.18000030517613
-9999 -9999 -9999 -9999 11.3900003433228 11.8100004196167 12.289999961853 12.5600004196167 12.210000038147 12.2799998206868 12.5799999237061 12.710000038147 12.8400001525879 12.6700000762939 12.3999996185303 11.9200000818206 12.0900001525879 11.8699998855591 11.3699998855591 11.2799997329712 11.0600004196167 11.1999998092651 10.9099998474121 10.8500003814697 10.8699998855591 10.9099998474121 11.1599998474121 11.3500003814697 11.4700002670288 11.75 11.7700004577637 11.6599998474121 11.5200004577873 11.1899995803833 10.7700004577637 10.460000038147 10.25 10.0699996948257 10.0100002288818 9.82999992370605 9.69999980926514 9.60000038146973 9.52999973297119 9.44999980926514 9.5600004196167 9.5600004196167 9.52000045776367
-9999 -9999 -9999 -9999 11.2799997329712 11.7200002670288 12.1599998474121 12.3900003433228 12.6700000762939 12.6899995803833 12.539999961853 12.7200002670288 12.7799997329712 12.3800001144409 12.0299997329712 11.8999996185303 11.5600004196167 11.4700002670288 11.0900001525879 11.0200004577637 10.8900003645625 10.8299999237061 11.8900003433228 11.7700004577637 10.9499998092651 11 11.2700004577637 11.4399995803833 11.5 11.7700004577637 11.8400001525879 11.7399997711182 11.3500003814697 11.2600002288818 11.0200004577637 10.75 10.5500001907349 10.3800001144422 10.3400001525879 10.1999998092651 10.0299997329712 9.92000007629395 9.81000041961664 9.71000003814697 9.77000045776367 9.77999973297119 9.60999965667725
-9999 -9999 -9999 -9999 10.7399969826842 12.1000003814697 11.6300000818208 11.5299997329712 12.1199998855591 12.7299995422363 12.5600004196167 12.5200004577637 12.3699998855591 12.0299997329712 11.6800003051758 11.3599996566772 11.0200004577637 10.4700002670288 10.6300000909937 10.8699998855591 11.25 11.7700004577637 11.7700004577637 11.6800003051758 11.0799999237061 11.3000001907349 11.4499998092651 11.5299997329712 11.8100004195234 11.8699998855591 11.9099998474121 11.8400001525879 11.6499996185303 11.5500001907349 11.289999961853 11.0500001907349 10.8800001144409 10.7299995422376 10.6999998092651 10.6700000762939 10.4899997711182 10.3400001525879 10.2200002670288 10.0100002288818 9.96000003814697 9.88000011444092 9.85999965667724
-9999 -9999 -9999 -9999 8.94999980926514 11.8299995982648 11.2700004577637 11.5699996948242 11.8199996948242 12.0200004577637 12.1499996185303 11.9300003051758 11.9799995422363 11.6000003814697 11.2700004577637 10.8599996566772 10.6300001144409 10.2299995422363 9.9399995803833 10.4499998092651 10.5500001907349 10.9300002904198 11.0200004577637 11.710000038147 11.710000038147 11.539999961853 11.6300001144409 11.8100004196167 12 12.0799999237061 12.0299997329712 12.039999961853 11.8599996566772 11.789999961853 11.5900001525879 11.3599996566772 11.25 11.1300001144409 11.1199998855591 11.1700000762939 11.0900001525879 10.8199996948242 10.5900001525879 10.3500003814697 10.1499996185303 10.1499996185303 10.0799999237061
-9999 -9999 -9999 -9999 9.60000038146973 7.8899998664856 10.0800002604285 10.8700000417584 11.6099996566772 11.3100004196167 11.1300001144409 11.0900001525879 11.1999998092651 11.210000038147 11.0699996948242 10.5900001525879 10.4499998092651 10.0200004577637 10.1599998474121 10.2399997711182 10.3599996566772 10.6000003814697 11.5399999605066 11.8699998855591 11.4300003060799 11.6700000762939 11.9099998474121 12.0500001907349 12.0299997329712 12.2399997711182 12.289999961853 12.289999961853 12.1599998474121 11.939999580396 11.9099998474121 11.7600002288818 11.6199998855591 11.539999961853 11.5200004577637 11.4899997711182 11.3500003814697 11.1999998092651 11.0000000000001 10.8299999237061 10.5500001907349 10.5 10.4499998092651
-9999 -9999 -9999 -9999 8.59000015258789 8.89999961853028 8.30000019073486 10.1300007552145 11.6700000762939 11.289999961853 10.7600002288818 10.6400003433228 10.6999998242162 11.1099996566772 10.8999996185303 10.4399995803833 10.1099996545143 9.53999996185303 9.84000015258789 9.9399995803833 10.2200002670288 10.7399997697888 11.5500001900645 11.7399997711182 11.9399995803833 12.0900001525879 12.2200002670288 12.3199996948242 12.3199996948242 12 11.8400001525879 11.8500003814697 12.039999961853 11.8900003433228 12.2200002670288 12.2200002670288 12.0299997329712 11.9200000762939 11.8699998855591 11.8299999237061 11.75 11.5200004577637 11.4099998474121 11.1300001144409 10.9200000762939 10.8000001907349 10.8500003814697
-9999 -9999 -9999 -9999 8.45999905923407 7.67000007629394 7.90000009536743 11.3299999237061 11.0699996948242 11.8199996948242 11.0100002288818 10.9200000762939 11.0699996948242 11.0699996948242 10.6199998855591 10.4300003051758 9.61999988555908 9.11999988456604 9.44999980914204 10.1700000762939 10.5799999227319 10.9499998092651 11.5299997329712 11.8000001907349 12.1000003814697 12.2600002288818 12.5100002288818 12.460000038147 12.3999996185303 12.4899997711182 12.2399997711182 12.210000038147 12.1800003051758 12.2200002670288 12.539999961853 12.6499996185303 12.4399995803833 12.2600002288818 12.2200002670288 12.1899995803833 12 11.8299999237061 11.789999961853 11.460000038147 11.3199996948242 11.2200002670288 11.2700004577637
-9999 -9999 -9999 -9999 7.67000007629394 7.03999996185303 7.8600001335144 9.06999969482422 13.8999996185303 12.6300001144409 11.5200004577637 11.1199998855591 10.8400001525879 10.9700002670288 10.9200000762939 10.3800001144409 9.64999961853027 9.10999965667725 9.55000019073486 10.4399995803833 10.8900003433228 11.0200004577637 11.6800003051758 12.0000000014898 12.2799997329712 12.5699996948242 12.5200004577637 12.3999996185303 12.539999961853 12.6499996185303 12.8900003433228 12.6199998855591 12.5699996948242 12.6199998855591 12.6899995803833 12.789999961853 12.6599998474121 12.5299997329712 12.5500001907349 12.5299997329712 12.3400001525879 12.1999998092651 12.0699996948242 11.8400001525879 11.6499996185303 11.6599998474121 11.6300001144409
-9999 -9999 -9999 -9999 7.21000003814697 8.63000011444092 8.85999965667725 13.9799995422363 10.8800001144409 10.8199996948242 11.5 11.2700004577637 11.1099996566772 11.1300001144409 10.7799997329712 10.3199996948242 9.76000022888184 9 9.96000003814697 10.3100004196167 10.9799995422363 10.8100004196167 11.3699998855591 12.0600004225599 12.4099998474121 12.8400001525879 12.8299999237061 12.6700000762939 12.8000001907349 12.9399995803833 12.9799995422363 12.960000038147 12.7200002670288 12.75 12.7700004577637 12.7700004577637 12.75 12.7200002670288 12.7700004577637 12.8999996185303 12.8199996948242 12.6700000762939 12.3000001907349 12.1800003051758 11.9399995803833 12.0200004577637 12.0299997329712
