SnowAccumulation_R/test/tmax/final_tmax_27_04_2009.asc
NCOLS 97 
NROWS 69 
XLLCORNER 52512.810182332 
YLLCORNER 5316225.2758522 
CELLSIZE 10000 
NODATA_value -9999 
[rows 21 to 41 of 69, columns 0 to 45 of 97]
-9999 -9999 -9999 -9999 -2.78999996185303 -3.10999989509583 -2.05999994277954 -0.389999985694885 -3.3199999332428 -2.07999992370605 -1.73000001907349 1.0900000333786 1.88999998569489 1.83000004291534 2.29999995231628 3.21000003814697 3.95000004768372 4.26000022888184 4.53000020980835 4.6100001335144 4.88000011444092 4.94000005722046 4.94000005722046 5.15000009536743 5.40999984214886 5.63000011444092 5.51999998092651 5.51000022888184 5.59000015258789 5.61000013351441 5.75 5.90999984741211 6.15000009536743 6.19999980926514 6.21000003814697 6.1399998664856 6.07999992370606 6 5.98999977111816 5.30999994277954 5.23000001907349 4.94999980926514 4.76000022888184 4.80000019073486 5.15999984741211 5.19999980926514
-9999 -9999 -9999 -9999 -1.20000004768372 -4.53000020980835 -2.14000010490417 -0.349999994039536 -2.84999990463257 -4.05999994277954 -0.930000007152557 -1.12000000476837 1.48000001907349 1.17999994754791 1.40000010113788 2.8199999332428 3.3199999332428 4.15999984741211 4.32999992370605 4.3899998664856 4.40000009536743 4.6100001335144 4.63000011444092 4.86999988555908 5.11999988269061 5.34000015258789 5.32999992370605 5.53000020980835 5.53999996185303 5.59999990463257 5.65999984741211 5.78999996185303 5.90000009536743 5.92999982833862 5.96999979019165 5.98999977111816 5.8899998664856 5.84000015258789 5.86999988555908 4.88999986648559 4.8899998664856 4.84999990463257 4.76000022888184 4.67000007629395 4.69999980926514 4.88000011444092
-9999 -9999 -9999 -3.45000004768372 -2.64000010490417 -0.00999999977648258 -2.21000003814697 -3.16000008583069 -4.65999984741211 -4.1100001335144 -2.63000011444092 -3.67000007629395 0.379999995231628 1.59999985383399 2.16000008583069 3.47000002861023 3.78999996185303 3.9300000667572 4.07000017166138 4.05000019073486 4.09000015258789 4.44999980926514 4.46000003814697 4.5 4.78999996185303 4.86999988555908 5.09999990368262 5.48000001907349 5.51999998092651 5.57000017166138 5.59999990463257 5.59999990463257 5.59000015258789 5.73000001907349 5.82999992370605 5.84999990463257 5.69000005722046 5.51000022888184 5.55000019073486 5.3899998664856 4.67999982833862 4.6100001335144 4.63000011444092 4.51999998092651 4.48999977111816 4.80999994277954
-9999 -9999 -9999 -4.76000022888184 -3.99000000953674 -3.02999997138977 -5.75 -3.54999995231628 -5.28000020980835 -5.76000022888184 -3.91000008583069 -2.61999982162761 -1.13999998569489 3.25999999046326 3.50999999046326 3.54999995231628 3.75999999046326 3.95000004768372 3.75999999046326 3.77999997138977 3.89000010490418 4.03000020980835 4.01000022888184 4.30000019073486 4.6100001335144 4.86999988517163 5 5.3600001335144 5.42999982833862 5.48000001907349 5.78000020980835 5.53999996185303 5.59000015258789 5.55000019073486 5.53999996185303 5.57999992370605 5.57000017166138 5.59000015258789 5.32999992370605 5.28000020980835 4.6599998474122 4.50000000000014 4.46999979019165 4.4000000953675 4.36999988555908 4.63000011444092
-9999 -9999 -9999 -5.1399998664856 -3.80999934948516 -3.05999994277954 -4.17999982833862 -4.48999977111816 -7.65999984741211 -4.23999977111816 -5.40000009536743 2.76999998092651 2.84999990463257 2.94000005722046 3.17000007629395 3.36999988555908 3.60999989509583 3.70000004768372 3.53999996185303 3.55999994277954 3.78999996185303 3.91000008583069 3.83999991416931 3.73000001907349 4.28000020980835 4.57000017166138 4.92000007629395 5.01999998086039 5.26999998092651 5.69999980926514 5.78999996185303 5.73000001907349 5.53000020980835 5.5 5.51000022888184 5.53999996185303 5.46000003814697 5.34000015258789 5.19999980926514 5.13999986648559 5.07000017166138 4.59000015258789 4.51000022888184 4.48000001907349 4.53999996185303 4.57999992370605
-9999 -9999 -9999 -5.13999326439644 -6.1100001335144 -0.200000002980232 -5.07000017166138 -6.03999996185303 -5.51000022888184 -6.78000020980835 -5.80000019073486 -4.59999990463257 2.47000002861023 2.72000002861023 2.70000004768372 2.74000000953674 2.80999994277954 3.42000007629395 3.4300000667572 3.5 3.36999988555908 3.75999999046326 3.6800000667572 3.39000010490417 4.07000017166138 4.3899998664856 4.92000007427935 5.01000023064644 5.65999984741211 5.71999979019165 5.86999988555908 5.88000011444092 5.80999994277954 5.73000001907349 5.67999982833862 5.61999988555908 5.3899998664856 5.28999996185303 5.17999982833862 5.11999988555908 5.05000019073486 4.61999988555908 4.57000017166138 4.48999977111816 4.6100001335144 4.76000022888184
-9999 -9999 -9999 -0.00999999977648258 -1.28999996185303 -0.550001519564206 -7.26999998092651 -3.29999995231628 -5.53000020980835 -4.98000001907349 -4.3899998664856 -4.96999979019165 -4.76999998092651 2.11999988555908 2.16000008583069 2.21000003814697 2.59999990463257 2.9300000667572 3.01999998092651 3.09999990463257 3.3199999332428 3.45000004768372 3.49000000953674 3.79999995231628 4.13000011444092 4.51000022888184 5.07999992370605 5.19000005722046 5.71999978981303 5.78999996213068 5.86999988555908 5.96000003814697 5.78999996185303 5.67000007629395 5.67999982833862 5.6399998664856 5.46000003814697 5.28000020980835 5.30000019073486 5.1100001335144 5.05999994277954 4.73999977111816 4.59999990463257 4.57000017166138 4.55999994277954 4.69000005722046
-9999 -9999 -9999 3.26999998092651 -3.25 -4.48999977111816 -4.01000022888184 -5.71999979019165 -4.36999988555908 -5.65999984741211 -4.69000005722046 -5.38000011444092 -4.48999977111816 -4.42999982833862 2.02999997138977 0.980000019073486 2.24000000953674 2.78999996185303 2.83999991416931 2.9300000667572 3.10999989509583 3.15000009536743 3.25999999046326 3.46000003814697 4.23999977111816 4.59999990463257 5.09999990463257 5.21999979019165 5.6500000956797 5.88000011444092 6.03000020980835 6.03000020980835 5.65999984741211 5.30000019073486 5.5 5.46999979019165 5.44000005722046 5.01999998092651 5.07000017166138 4.98999977111816 4.75 4.67000007629395 4.55999994277954 4.61999988555908 4.63000011444092 4.73999977111816
-9999 -9999 -9999 3.01999998092651 -2.09999990463257 -1.01999998092651 -2.04999988879614 -2.95000004768372 -0.779999971389771 -4.76000022888184 -7.01999998092651 -6.17999982833862 -6.86999988555908 -5.80000019073486 0.649999976158142 0.730000019073486 0.839999973773956 2.00999999046326 2.27999997138977 2.65000009536743 2.75999999046326 2.92000007629395 3.13000011444092 3.28999996185303 3.66000008583069 4.17000007629395 5.01999998092651 5.15000009536743 5.44999980926514 5.84999990463257 6.36000013453916 6.36999988614582 5.73999977111816 5.51999998092651 5.44000005722046 5.38000011444092 5.26999998092651 4.80000019073486 4.71999979019165 4.94999980926514 4.78000020980835 4.63000011444092 4.59999990463257 4.51999998092651 4.57000017166138 4.88000011444092
-9999 -9999 -9999 6.38999741259673 1.37000000476837 -0.0700000002980232 -2.32000016369913 -4.76999998092651 -4.61000013351441 -2.59999990463257 -6.69999979795906 -5.28000020980835 -3.61999988555908 -6.98000001907349 0.430000007152557 0.5 0.490000009536743 0.660000026226044 1.92999994754791 2.03999996185303 2.4300000667572 2.5699999332428 2.77999997138977 3.27999997138977 3.38000011444092 3.85999989509582 4.6399998664856 4.76000022888184 5.03000020980835 5.84999990354113 6.86999988339683 6.82000017166138 5.94000005722046 5.71999979019165 5.46000003814697 5.17000007629395 4.98000001907349 4.8899998664856 4.3899998664856 4.34000015258789 4.23999977111816 4.6100001335144 4.5 4.55000019073486 4.73000001907349 5
-9999 -9999 -9999 5.32999992370605 -0.100000001490116 2.27999997138977 -3.71000003814697 -3.22000153103029 -6 -1.57000005245209 -2.92000007629395 -4.92000007629394 -5.28000020980835 -4.82999992370606 -0.189999997615814 0.180000007152557 0.310000002384186 0.509999990463257 0.819999992847443 1.64999997615814 2.05999994277954 2.40000009536743 2.60999989509583 2.92000007629395 3.07999992370606 3.28999996185303 4.19999980926514 4.65999984741211 4.88000011444092 5.03999996185303 4.86999988555908 4.84999990463257 5.76000022811741 5.51000022836863 5.09000015258789 4.92999982833862 4.78999996185303 4.13000011444092 4.25 3.98000001907349 3.88000011444092 4.40999984741211 4.40999984741211 4.46999979019165 4.76999998092651 5.07000017166138
-9999 -9999 -9999 0.5 4.07999999442753 -0.400000005960464 0.889999985694885 -4.5 -3.27000043150194 -4.76999998092651 -3.28999996185303 -2 -2.57999992370606 -1.42999994754791 -0.340000003576279 -0.340000003576279 -0.170000001788139 0.259999990463257 0.730000019073486 1.61000001430511 1.96000003814697 2.09999990463257 2.26999998092651 2.51999998092651 2.69000005722046 3.02999997138977 3.41000008583069 4.05999994277954 4.46000003814697 4.48000001907349 4.25 4.84999990392979 4.80000019020131 4.44000005722046 4.44999980926514 4.19000005722046 3.97000002861023 3.74000000953674 3.73000001907349 3.84999990463257 3.76999998092651 3.92000007629395 4.28000020980835 4.51999998092651 4.57999992370605 4.8600001335144
-9999 -9999 -9999 1.37000000476837 3.71000003814697 5.53999996185303 -0.0500000007450581 1.07000005245209 -2.9300000667572 -4.43999884221201 -5.53999996185303 -2.94000005722046 -3.5 -3.26999998092651 -0.75 -0.550000011920929 -0.129999995231628 -0.150000005960464 0.389999985694885 1.64999997615814 1.76999998092651 1.91999995708466 2.0699999332428 2.21000003814697 2.47000002861023 2.58999991416931 3 3.4300000667572 3.49000000953674 3.82999992370605 4.03000020980835 3.98000001907349 3.70000004768372 3.28999996185303 2.75999999046326 3.63000011434997 3.39000010488257 3.57999992370605 3.60999989509583 3.5 3.42000007629395 3.86999988555908 3.97000002861023 4.5 4.55999994277954 4.78000020980835
-9999 -9999 -9999 -1.86000001430511 0.910000026226044 4.19999980926514 4.73000001907349 -2.6800000667572 0.129999995231628 -3.30999994277954 -4.73999900177693 -5.90999984741211 -5.32999992370605 -4.26999998092651 -1.49000000953674 -1.19000005722046 0.200000002980232 -0.270000010728836 -0.140000000596046 0.509999990463257 1.76999998092651 1.87999999523163 1.88999998569489 2.09999990463257 2.25 2.51999998092651 2.59999990463257 2.71000003814697 2.78999996185303 3.10999989509582 3.25999999046326 3.53999996185303 3.50999999046326 2.95000004768372 2.96000003814697 3 2.9300000667572 2.96000003814697 3.17000007629394 3.46000003814572 3.31999993324259 3.44000005721999 3.99000000953611 4.30000019073479 4.69000005721967 4.73999977111805
-9999 -9999 -2.21000003814697 -1.10000002384186 -5.78000020980835 2.57999992370605 4.90999984741211 1.8400000333786 -1.57000005245209 2.57999992370605 -4.26999998092651 -6.33999986474438 -7.03000020980835 -5.23000001907349 -2.6800000667572 -5.26000022888184 -1.5 -0.769999980926514 -0.400000005960465 -0.0299999993294477 1.6599999666214 1.58000004291534 1.82000005245209 1.87999999523163 1.94000005722046 1.94000005722046 2.25 2.55999994277954 2.55999994277954 2.5 2.40000009536743 2.3199999332428 2.5 2.54999995231628 2.64000010490417 2.78999996185303 2.89000010490418 2.88000011444092 3.1700000762892 3.27999997138847 3.23000001907311 3.24000000953674 3.72000002861023 4.26999998092651 4.34999990463257 4.69000005722046
-9999 -9999 -4.40000009536743 -5.3899998664856 -2.39000010490418 -4.67000007629395 -0.419999986886978 4.21000003814697 -0.0399999991059303 -2.60999957737458 -3.91000008583069 -3.66000008583069 -6.51000022888184 -5.78999996185303 -2.82999992370606 -3.57999992370605 -2.1800000667572 -1.30999994277954 -0.879999995231628 -0.419999986886978 1.41999995708466 1.37999999523163 1.44000005722046 1.47000002861023 1.66999995658247 1.66999995708466 1.78999996185303 2 2.23000001907349 2.26999998092651 2.19000005722046 2.23000001907349 2.46000003814697 2.5699999332428 2.65000009536743 2.5699999332428 2.5699999332428 2.63000011444092 2.82999992370605 2.9300000667572 3.01999998092651 3.29999995231628 3.58999991416931 3.84999990463257 4.09999990463257 4.30999994277954
-9999 -9999 -2.38000011444092 -0.759999990463257 -2.38000011444092 -4.19000005722046 -3.61999950930946 3.82999992370605 4.28000020980835 -2.38000011444092 0.649999976158142 -1.33000004291534 -5.11999988555908 -5.51000022888184 -2.09999990463257 -2.07999992370605 -1.80999994277954 -1.3400000333786 -0.889999985694885 -0.540000021457672 0.670000016689301 1.23000001907349 1.36000001430511 1.39999997615814 1.55999994277954 1.53999996185303 1.37999999523163 1.3400000333786 1.57000005245209 1.51999998092651 1.74000000953674 2.07999992370605 2.05999994277954 2.34999990463257 2.5 2.48000001907349 2.46000003814697 2.54999995231628 2.78999996185303 2.89000010490417 2.99000000953674 3.26999998092651 3.5699999332428 3.75 4.09000015258789 4.30000019073486
-9999 -9999 -1.50999999046326 0.189999997615814 -0.879999995231628 -5.78000020980835 -2.98000001907349 0.0299999993294477 5.42000007629395 -1.79999995231628 -2.05999994277954 -3.09999990463257 -2.15000009536743 -6.99999998902511 -7.36999988555908 -1.62999999523163 -1.50999999046326 -1.54999995231628 -0.920000016689301 -0.740000009536743 0.129999995231628 0.610000014305115 1.39999997615814 1.38999998569489 1.12999999523163 1.32000005245209 1.00999999046326 0.839999973773956 0.769999980926514 1.04999995231628 1.23000001907349 1.47000002861023 1.6599999666214 1.91999995708466 2.02999997138977 2.1800000667572 2.52999997138977 2.52999997138977 2.78999996185303 2.85999989509583 2.92000007629394 3.24000000953674 3.51999998092651 3.67000007629395 4 4.28999996185303
-9999 -9999 4.93000173349259 0.850000023841858 -4 -2.40000009536743 -2.25 -0.810000002384186 5.25 1.16999995708466 -2.96999993770447 1.88999998569489 -1.01999998092651 -3.83999991416931 -4.44000005722046 -1.75 -1.62999999523163 -1.64999997615814 -1.48000001907349 -1.20000004768372 -0.200000002980232 -0.170000001788139 0.159999996423721 0.25 0 0.150000005960464 0.469999998807907 0.660000026226044 0.680000007152557 0.870000004768372 0.560000002384186 0.879999995231628 1.26999998092651 1.60000002384186 1.73000001907349 1.96000003814697 2.05999994277954 2.47000002861023 2.60999989509582 2.75 2.88000011444092 2.98000001907349 3.72000002861023 3.97000002861023 4.30000019073486 4.55000019073486
-9999 -9999 9 -4.73999735719841 -5.93999980753356 -4.71999979019165 -6.11999988555908 -0.52999997138977 -0.150000005960465 5.48000001907349 -4.09999990463257 0.689999997615814 -2.54999995231628 -4.84999990463257 -6.57000017166138 -7.90999984741211 -4.1399998664856 -1.60000002384186 -1.41999995708466 -1.24000000953674 -0.779999971389771 -0.930000007152557 -0.310000002608306 -0.289999991718182 -0.280000001192093 -0.0299999998868574 -0.0299999987893272 0.0900000035762787 0.600000023841858 0.720000028610229 0.709999978542328 0.730000019073486 0.829999983310699 1.44000005722046 1.5 1.86000001430511 2.0699999332428 2.19000005722046 2.47000002861023 2.55999994277954 2.71000003814697 3.08999991416931 3.97000002861023 4.17000007629395 4.57999992370605 4.71999979019165
-9999 -9999 9.4399995803833 -2.11999988555908 -3.16000006819839 -4.32999992370605 -1.73000001907349 -5.21999979019165 -3.27999997138977 4.28000020980835 -3.5699999332428 -2.54999995231628 -1.17999994754791 -4.61000013351441 -5.21000003814697 -6.34999990463257 -4.46000003814697 -4.6399998664856 -1.57000005245209 -1.01999998092651 -1.00999999061061 -0.779999972395961 -0.600000023841858 -0.560000002384186 -0.569999992847443 -0.119999997317791 -0.300000011628951 -0.239999994635582 -0.140000000596046 -0.0299999993294477 0.409999996423721 0.419999986886978 0.589999973773956 0.910000026226044 1.41999995708466 1.5900000333786 1.98000001907349 2.13000011444092 2.55999994277954 2.74000000953674 2.92000007629394 3.38000011444092 4.1100001335144 4.42000007629395 4.67000007629395 4.78000020980835
