SnowAccumulation_R/test/tmax/final_tmax_11_04_2009.asc
NCOLS 97 
NROWS 69 
XLLCORNER 52512.810182332 
YLLCORNER 5316225.2758522 
CELLSIZE 10000 
NODATA_value -9999 
[rows 40 to 59 of 69, columns 47 to 93 of 97]
19.1800003051758 19.1900005340576 19.1299991607666 19.0699996948242 19.0499992370605 18.8299999237061 18.9699993133545 19.1900005340576 19.4200000762939 19.5300006866455 19.5699996948242 19.5400009155274 19.5599994659711 19.6599998474121 19.7299995422363 19.8799991607666 19.8099994659424 19.6900005340576 19.5499992370605 19.5300006866455 19.5599994659424 19.3299999237061 19.1499996185303 18.7700004577637 18.2299995407092 17.9200000744342 17.2999992370605 16.8400001525879 16.1800003065095 15.7700004577637 15.0900001525879 14.5299997329712 14.3000001907349 13.8100004196167 13.5 13.3599996566772 13.0200004577637 12.3000001907349 11.789999961853 11.0299997329712 9.80000019073486 9.27000045776367 8.43000030517578 8.22999954223633 8.25 8.3100004196167 8.32999992370605
19.1900005340576 19.1599998474121 19.0499992370605 18.9200000762939 18.8500003814697 18.6599998474121 18.8099994659424 19.0100002288818 19.3299999237061 19.4099998474121 19.4099998474121 19.3799991607666 19.3999996185303 19.4300003051758 19.5400009155273 19.5499992370605 19.4200000762939 19.3099994659424 19.2099990844727 19.1599998474121 18.9200000762939 18.7099990844727 18.4200000762939 17.9899997711182 17.8400001525879 17.7399997711182 17.2099990844727 16.8600006103516 16.6100006103516 16.0200004577637 15.2700004577637 14.9399995803833 14.8100004196167 14.2299995422363 14.3599996419087 14.4099998474121 14.1899995803833 13.0699998486005 12.8299999237061 11.3800001144409 9.94999980926514 9.28999996185303 8.3100004196167 8.13000011444092 8.18000030517578 8.30000019073486 8.3100004196167
19.1399993896484 19.0699996948242 18.9300003051758 18.6800003051758 18.4400005340576 18.3700008392334 18.4400005340576 18.7700004577637 19.0799999237061 19.2900009155273 19.2600002288818 19.2900009155273 19.2700004577637 19.3299999237061 19.2600002288818 19.2500000000571 19.1499996185303 19.0400009155273 18.8400001543763 18.7299995422363 18.1499996185303 18.2600001989397 17.5900001525879 17.7099990844727 17.2999992370605 17.2299995422363 17.0599994659424 16.7399997711182 16.5799999237061 16.2299995422363 15.6000003814697 15.3299999237061 14.9799995422363 14.539999961853 14.3100004196167 14.6800003051758 14.7399997711182 14.2200002670288 13.0699996948242 11.6999998092651 10.9700002670288 9.47999954223633 8.14000034332275 8.15999984741211 8.27999973297119 8.39000034332275 8.40999984741211
19.2299995422363 19.0100002288818 18.8400001525879 18.5799999237061 18.1800003051758 18.4699993133545 18.5100002288818 18.6800003051758 18.8600006103516 19 19.1499996185303 19.1700000762939 19.1700000762939 19.1399993896484 19.0799999237061 18.9699993133545 19.0200004577637 18.7399997711182 18.6599998468586 18.1200008270967 17.25 16.9799995425238 17.1299991607666 17.1200008392334 17.2700004577637 17.2000007629395 16.9899997711182 16.7000007629395 16.5400009155273 16.3199996948242 15.9499998092651 15.6999998092651 15.3999996185303 15.1000003814697 14.9300003051758 14.3100004196167 14.3900003433228 13.960000038147 13.1999998092651 12.0100002288818 11.3599996566772 10.0200004577637 8.93000030517578 8.72000026702881 8.61999988555908 8.59000015258789 8.56999969482422
19.2999992370605 19.0900001525879 18.8600006103516 18.4699993133545 18.3600006103516 18.4099998474121 18.5599994659424 18.7900009155273 18.9799995422363 19.0599994659424 19.0900001525879 19.0300006866455 19 18.9300003051758 18.7700004577637 18.7000007629395 18.7299995422363 18.4099998474121 18.1700000685189 17.5599994659424 16.9599990844727 16.8099994659424 16.7099990844727 17.0699996948242 17.0900001525879 17.1399993896484 17.1100006103516 16.9899997706778 16.5900001525879 16.3799991607666 16.2700004577637 16.0699996948242 15.8000001907349 15.6599998474121 15.3800001144409 15.0399999202423 14.1999998746241 13.7399997711182 13.3199996948242 12.3400003081042 11.8100004196167 10.6899995803833 9.77000079839167 9.47000026702881 9.14000034332275 8.93999972176676 8.84000113544115
19.5400009155274 19.1499996185303 18.8099994659424 18.4300003051758 18.3799991607666 18.6000003814697 18.6399993896484 18.8299999237061 18.9099998474121 18.8700008392334 18.9799995422363 18.8600006103516 18.7999992370605 18.6900005340576 18.5599994659424 18.4699993114476 18.2299995371122 17.8199996948242 17.7900009155273 17.3700008392334 16.9799995422363 16.8500003814697 16.8500003814697 16.7900009155273 16.8199996948242 16.7299995422363 17.0699996948242 17.0100002288818 16.7800006866455 16.5499992370605 16.4300003051758 16.0100002288818 15.8699998855591 15.8400001525879 15.600000377283 15.1599998474121 14.7799997329712 14.0699996948242 13.2299995422363 12.710000038147 12.2399997711182 11.2799997329712 10.8400001525879 10.1800003051758 9.72000026702881 9.53999996185303 9.64999961853028
19.6499996185303 19.1399993896484 18.6100006103516 18.2199993133545 18.1100006103516 18.5300006866435 18.5 18.7199993133545 18.8799991607666 18.7800006866455 18.7600002288818 18.75 18.7299995422363 18.3199996941409 17.5499992370606 17.5400009155273 17.7299995422363 17.7000007629394 17.6100006103516 17.2999992370605 17.0599994659424 17 17.0699996948242 17.3600006103516 17.2800006866455 17.0400009155273 17.0499992370605 16.9200000762939 16.7399997711182 16.5499992370605 16.4400005340576 16.0200004577637 15.9799995422363 15.9899997711182 15.6499996185303 15.3999996185303 15.0699996948242 14.2299995422363 13.5299997329712 13.289999961853 12.5799999237061 11.8699998855591 11.4099998474121 10.7200002670288 10.2600004821019 10.4499998092651 10.0100002288818
19.3600006103516 19.0400009155273 18.75 18.4099998474121 18.0699996948242 18.4099998474067 18.2399997711182 18.6100006103516 18.7999992370513 18.7099990844727 18.6499996179817 18.6399993888754 17.6599998474121 16.9699993133545 17.1100006107774 17.6599998474121 17.5300006866455 17.4300003051758 17.4200000762939 17.2399997711182 17.3799991607666 17.3700008392334 17.4300003051758 17.5100002288818 17.3700008392334 17.1700000762939 16.7999992370605 16.6499996185303 16.6599998474121 16.5799999238833 16.4699993133545 16.1800003051758 16.1599998474121 16.0300006866455 15.8199996948242 15.6700000762939 15.2299995422363 14.710000038147 14.3900003433228 13.710000038147 13.0299997329712 12.6199998855591 11.9300003051758 11.1700000762939 10.8700006170454 10.6400003433228 10.0699996948242
19.1599998474121 18.9500007629395 18.7900009155273 18.5100002288818 18.0100002288818 17.9999999999964 17.9200000762939 18.3500003813915 18.590000152348 17.2099990844727 16.4699993133545 16.7000007628868 16.4200000762939 16.6299991607666 16.8600006108551 17.7299995422363 17.5799999237061 17.4999999999038 17.6599998474121 17.6399993896484 17.7399997715557 17.8199996948242 17.6700000762939 17.6000003804543 17.2800006866455 16.9599990844727 16.7700004577637 16.5799999237061 16.5100002288818 16.5499992370605 16.3700008392334 16.1299991607666 16.1000003814697 16.0699996948242 15.9300003051758 15.8800001144409 15.3900003433228 14.9200000762939 14.6800003051758 14.0699996948242 13.4799995422363 13.0600004196167 12.0500001907349 11.600000820955 11.539999961853 10.8400001525879 10.1999998092666
19.0100002288818 18.8999996185303 18.6100006103516 18.1399993896484 17.9799995422363 16.6100006103516 16.8199996948242 16.8799991607666 16.0499992370605 15.4300003051758 15.3800001144409 15.6300001144409 15.9700002670288 16.3199996948242 16.6499996185303 17.7600002288818 17.5400009155273 17.6399993896484 17.7900009155273 18.0100002288818 17.8500003814697 17.9099998474121 17.7099990844727 17.5100002288818 17.2600002288818 16.9899997711182 16.8099994659424 16.6700000762939 16.5300006866455 16.4899997481858 16.1499996185303 16.0499992370605 15.960000038147 16 15.9700002670288 15.9300003051758 15.4799995422363 14.8599997175421 14.6300001144409 14.3299999237061 13.6999999480618 13.3000001907349 12.4899997711182 12.3900003433228 11.7700004577637 11.1599998474121 10.7799997329712
18.8799991607666 18.7800006866455 18.4599990844727 18.0799999237061 17.9200000762939 16.1700000762939 15.9799995422363 15.8599996566772 15.2200002670288 15.6700000762939 15.6300001144409 15.7799997329712 15.9899997711182 16.3099994659424 17.2099990844727 17.6900005340576 17.5 17.4599990844727 17.7299995422363 18 18.0200004577637 17.5300006866455 17.6000003814697 17.3700008392334 17.1900005340576 16.9699993133545 16.8999996185303 16.5499992370605 16.4599990579943 16.1800003051758 16.0599994659424 15.9200000767652 15.8500003814697 15.8400001525879 15.8100004196167 15.7600002288818 15.5699996948242 15.1999998092651 14.8699998855591 14.5299997329712 14.1999998092651 13.5299997329712 12.9200000762939 12.6000003814697 11.9799995422363 11.4399995803833 11.1199998855591
18.8500003814697 18.6499996185303 18.3500003814697 17.0599994659424 16.4099998474121 16.0599994659424 16.3400001525879 16.5400009155273 16.1900005340576 16.3299999237061 16.3899993896484 15.960000038147 16.2600002288818 17.2700004577637 17.4400005340576 17.4400005340576 17.1800003051758 17.4099998474121 17.5799999237061 18.0900001525879 17.9099998474121 17.25 17.2999992370605 17.3999996185303 17.0599994659424 16.8099994659424 16.6399993896484 16.2399997622872 16.1599998468772 15.8999996185303 15.7299995422363 15.8299999237061 15.7700004577637 15.7600002288818 15.6700000762939 15.7600002288818 15.7399997711182 15.5699996948242 15.1199998855591 14.8199996948242 14.5 13.9899997711182 13.2299997900615 12.8900003433228 12.1899995803833 11.8400001525879 11.2399997711182
18.8500003814697 17.6000003814697 17.7700004577637 17.6900005340576 17.3799991607666 17.0699996948242 17.0599994659424 17.1399993896484 17.0599994659424 16.8999996185303 16.8099994659424 16.75 16.4899997711182 17.3899993896484 17.6299991607666 17.3999996185303 17.2800006866455 17.6599998474121 17.9300003051758 18.0200004577637 17.9500007629395 17.8099994659424 17.520000455686 17.1399993896484 16.8099994659424 16.6299991607666 15.8999996185303 15.8800001144409 15.789999961853 15.5600004196167 15.289999961853 15.4099998474121 15.4300003051758 15.3199996948242 15.3999996185303 15.210000038147 15.3500003615347 15.5200004577637 15.4399995803833 15.2700004577637 14.7000000194405 14.0500001907349 13.710000038147 13.1199998855591 12.3900003433228 12.0699996948242 11.5299997329712
17.8500003814697 17.8400001525879 17.8099994659424 17.9200000762939 17.8299999237061 17.6900005340576 17.5200004577637 17.4899997711182 17.5100002288818 17.3099994659424 17.1700000762939 17.0300006866455 16.6100006103516 17.3500003814697 17.6599998474121 17.7099990844727 17.6700000762173 17.9099998474121 18.2700004577637 18.3899993902536 18.6599998474121 18.2199993133545 17.8400001525879 16.5900001525879 16.1800002967167 15.5799999237061 15.3800001144409 15.1599998474121 15.0600004196167 14.8000001907349 14.6400003433228 14.789999961853 14.8400001525879 15.3299999162052 15.3699998855591 15.460000038147 15.1599998474121 15.4899997711182 15.5699996948242 15.399999363012 14.8299999237061 14.4899997711182 14.1099996566772 13.3599996566772 12.7400000924672 12.4200000762939 11.8299999237061
18.0200004577637 18.1800003051758 18.1700000762939 18.1200008392334 18.1700000762939 17.9599990844727 17.8299999237061 17.7299995422363 17.7700004577637 17.4899997711182 17.4200000762939 17.3199996948242 17.2399997711182 17.3500003816401 17.8299999237061 17.7700004577637 17.7800006867416 17.9099998474121 18.1700000762939 18.3199996948242 18.5400009155273 18.4799995422363 18.0100002288818 17.1599998474121 16.2000007629394 15.4899997711182 14.8100004196167 14.6899995803833 14.5299997329712 14.4700002670288 14.5900001525879 14.5600004196167 14.8100004196167 14.8699998855591 15.3999996185303 15.6000003814697 15.5299997329712 15.6300001144409 15.2900000990487 15.3599996566772 15.0100002288818 14.5900002199866 14.460000038147 13.7700004577637 13.4899997711182 12.7299995422363 12.1199998855591
18.3199996948242 18.4300003051758 18.5699996948242 18.5499992370606 18.4300003051758 18.4099998474121 18.1900005340576 17.9400005340576 18.0300006866455 17.6599998474121 17.1499996185303 17.3899993896484 17.7900009155273 17.8999996185791 18.0499992370605 18.1700000762939 18.1800003051758 18.1599998474121 18.3700008392334 18.4400005340576 18.2900009155273 18.4899997648928 18.1000003814697 17.5200004577637 16.1900005340576 15.3299999237061 14.7600002288818 14.5900001528878 14.7399997711182 14.6899995803833 14.8000001907349 14.8599996566772 14.710000038147 14.960000038147 15.210000038147 15.6300001144409 15.75 15.9399997175572 16.4400005340576 15.7200002670288 15.3199996948242 14.9499998092651 14.5600004196167 13.8900003433228 13.6899995803833 13.1199998855591 12.5000004258358
18.5900001525879 18.9200000762939 18.8899993896484 18.8999996185303 18.7099990844727 18.6399993896484 18.5300006866455 18.1900005340576 18.0699996948242 18.0900001525879 17.8899993896208 17.7299995422363 17.8199996948242 17.8199996948242 18.1399993896484 18.2800006866455 18.3899993896484 18.4899997711182 18.6200008392334 18.6100006112592 18.4699993133545 18.4099998474121 18.2099990844727 17.3700008392334 17.0200004533053 15.6000003814697 15.0100002288818 14.9700002670288 15.0200004577637 14.9799995422363 14.8599996566772 14.9799995422363 14.8000001931526 14.960000038147 15.5699996948242 15.7200002670288 16.0499965770046 10.8225002288818 10.8424997329712 10.4125003814697 9.88250064849854 9.7524995803833 9.48250007629395 9.36250001943182 9.49749946594238 9.01500034332275 8.5
18.7900009155273 19.0699996948242 19.0699996948242 19.0200004577637 18.8700008392334 18.75 18.7399997711182 18.5100002288818 18.3299999237061 18.3099994659424 18.1800003051758 18.2199993133545 17.6000003814697 17.6700000762939 18.0100002288818 18.25 18.3999996185303 18.5699996674279 15.8400001525879 15.8675003051758 15.9575004577637 15.8424997318848 15.7574996948242 15.2399997711182 15.1350002288818 14.5375003814697 14.0675001144409 13.9224996566772 13.9575004577637 13.4350004196167 12.8074998855591 12.2624998092651 12.2849998474121 11.3549995422363 11.2349996566772 11.3599997424182 11.9375 11.6400003433228 11.5474996566772 10.7875003814697 10.1199998855591 9.27999973297119 9.55749988555908 9.41499996185303 9.59749984741211 9.02000045776367 8.44499969482422
16.6450004577637 17.0100002288818 17.1350002288818 17.1774997711182 17.0074996948242 16.7600002288818 16.3799991607666 16.5100002288776 16.2700004577637 16.1049995422363 15.9224996566772 16.0699996948242 15.2475004196167 14.9449996948242 15.3599996566772 15.6824998853756 15.7825002670288 16.0699996948242 16.1224994657146 15.8725004196167 15.5524997711182 16.0799999237061 16.125 15.0825004577637 14.8774995803833 14.977499961853 14.1925001144409 14.0325002670288 14.0950002670288 13.9125003797442 12.7299995422363 11.9375 11.8625001907349 12.0100002288818 11.3100008014083 11.9949998855591 12.0974998474121 12.1925001144409 12.25 11.0974998474121 10.5150003433228 9.33250045776367 10.0325002670288 10.0749998092651 9.78999996185303 9.5625 8.58250215588199
16.6700000762939 16.8549995422363 17.1450004577637 17.375 16.9349994659424 16.5475006103516 16.5224990844727 16.4925003051818 16.6350002288818 16.5849990844727 16.4424991607666 16.2374992370605 15.2875003821081 14.829999923985 15.2150001525879 15.6199998855591 15.8024997711182 15.8474998474121 15.8874998092651 15.9174995422363 15.9549999237061 15.9250001907349 16.7600002288818 15.4224996566772 15.2825002670288 15.6800003051758 15.0275001502136 14.5900001525879 14.3175001144409 13.9799995422363 12.664999961853 11.8675003051758 11.7349996566772 11.9324999458219 12.4075002021256 12.5024995803833 12.1800003051758 12.2775001525879 12.6125001907349 11.227499961853 10.5675001144409 9.625 9.51749992370605 9.97000026702881 9.94000053405762 9.90999984741211 9.97249984741211
