SnowAccumulation_R/test/tmax/final_tmax_14_04_2009.asc
NCOLS 97 
NROWS 69 
XLLCORNER 52512.810182332 
YLLCORNER 5316225.2758522 
CELLSIZE 10000 
NODATA_value -9999 
[rows 21 to 41 of 69, columns 47 to 93 of 97]
3.85999989509583 4.32999992370605 4.76000022888184 5.21999979019165 5.57000017166138 6.34000015258789 6.46999979019165 6.90999984741211 7.1100001335144 7.40999984741211 8.01000022888184 7.57999992370605 7.61999988647082 8.39000034332275 9.21000003814697 10.0500001907349 10.5200004585356 11.3800001144409 12.1899995803833 12.9899997711182 13.3400001532543 13.6800003051758 13.8999996185303 14 14.0299997329736 14.0500001907349 14.039999961853 14.0500001907349 13.9700002670288 13.5 13.3500003814697 13.1700001192443 13.1400003433228 13.1700000762939 13.0699996948242 13.0900001525879 13.0900001525879 13.1300001144409 13.039999961853 13.0299997329712 13.1000003814697 13.210000038147 13.2399997711182 13.3299999237061 13.3599996566772 13.4700002670288 -9999
3.84999990463257 4.32999992370605 4.46999979019165 4.96999979019165 5.42000007629395 5.71999979019165 6.23999977111816 6.67000007629395 6.94000005722046 7.28000020962164 7.59000015247543 7.80000019073486 8.09000015258789 8.63000011444092 9.35999965667724 10.2700004577637 10.6999998092651 11.5 12.1199998855591 12.8800001144409 13.289999961853 13.710000038147 13.960000038147 14.0500001907349 14.1300001144409 14.1800003051758 14.3100004196167 14.289999961853 14.0900001525879 13.7399997711182 13.5000000707689 13.460000038147 13.3699998855591 13.3000001907349 13.2200002670288 13.1700000762939 13.1599998474121 13.1700000762939 13.1099996566772 13.1999997451127 13.2600002288818 13.3699998855591 13.3400004309679 13.460000038147 13.4799995422363 13.5799999237061 -9999
3.67000007629395 4.3899998664856 4.61999988555908 4.71999979019165 4.94999980926514 5.7800002097799 6.21000003812441 6.48000001907349 6.71999979019165 7.11000013351441 7.59000015258789 7.92000007629395 8.27000045776367 8.77999973297119 9.44999980926514 10.210000038147 10.6300001144409 11.4899997711182 12.1800003051758 12.8800001144409 13.1899995803833 13.6899995803833 13.9099998474121 14.0600004196167 14.1800003051758 14.2200002670288 14.3999996185303 14.2600002304777 14.1499996185303 13.9200000736581 13.7799997329712 13.6099997016619 13.539999961853 13.3500003814697 13.2200002670288 13.1499996185303 13.1800003051758 13.25 13.25 13.2799997329712 13.3900003433228 13.4799996158564 13.5 13.4700002670288 13.460000038147 13.5699996948242 -9999
3.56999993324396 4.15999984741313 4.55000019073486 4.94999980926514 5.1100001335144 5.32000017166138 5.92999982833862 6.32999992370606 6.65000009536743 7.19000005722046 7.63000011444092 8.10999965667725 8.31999969482422 9.01000022888184 9.52999973297119 10.210000038147 10.6000003814697 11.3199996948242 12.1400003433228 12.460000039251 13.1999998092651 13.6300001144409 13.8599996566772 13.9499998095736 14.1800003051758 14.2299995422363 14.4099998474121 14.3599996566772 14.149999609941 13.8699998855591 13.7399997711182 13.6800003051758 13.5799999237061 13.4399995803833 13.2299995422363 13.1599998474121 13.210000038147 13.3299999237061 13.3900003274612 13.4399995803833 13.5 13.6199998855591 13.6099996566772 13.5200004577637 13.3500003814697 13.5100002288818 -9999
3.98000001907349 4.8600001335144 5 5.25 5.40000009536743 5.59000015258789 6 6.38000011444092 6.6399998664856 7.11999988555908 7.6100001335144 7.98999977123261 8.5600004196167 9.30000019073486 9.82999992370605 10.0900001528147 10.5500001907349 11.289999961853 11.960000038147 12.5 12.9899997711182 13.5500001907349 13.8299999237061 13.9099998474121 14.1300001144409 14.25 14.3699998855591 14.2799997329712 14.039999961853 13.6099996566772 13.4700002696415 13.4399995803833 13.5200004577637 13.4899997711182 13.4200000762939 13.210000038147 13.289999961853 13.4300003051758 13.4799995422363 13.5500001907349 13.7700004577637 13.7700004577637 13.7200002670288 13.3699998855591 13.0799999237061 13.1700000762939 -9999
3.85999989509582 4.80000019073486 5.51999998092651 5.57000017166138 5.73000001907349 5.8899998664856 6.09999990463257 6.32999992371979 6.71999979019165 7.17000007629394 7.71000003814697 8.06000041973535 8.75 9.61999988555908 10.3999996185303 10.6400003433228 10.9300003051758 11.3999996185303 12.1800003051758 12.539999961853 13.0900001525879 13.4899997711182 13.8100004196167 13.9300003051758 14.0600004196167 14.1999998036127 14.1599998474121 14.0600004196167 13.9499998092651 13.1300001144409 13.039999961853 12.9799995422363 13.1999998092651 13.3999996185303 13.4099998474121 13.2700004577637 13.3900003433228 13.5600003847765 13.6300001144409 13.9399994263239 13.960000038147 13.9700002670288 13.7700004577637 13.25 13.1099996566772 13.1800003051758 -9999
4.23999977111816 5.01999998092651 5.76999998092651 5.98000001907354 5.98000001907349 6.15000009536743 6.32000017166138 6.3899998664938 6.86000013351441 7.21000003814697 7.78000020980835 8.14000034332275 8.84000015258789 9.69999980926514 10.3400001525879 10.8299999237061 11.2700004577637 11.7200002670288 12.3500003814697 12.6000003814697 13.0799999237061 13.4300003051758 13.6599998479661 13.9099998474121 14.0299997329712 14.1000003814697 14.0900001525879 13.9200000762939 13.789999961853 13.2600002288818 13.1099996566772 12.9399995803833 12.9799995422363 13.0900001525879 13.289999961853 13.3699998855591 13.5 13.6999998092651 13.8700002484117 14.1599998474121 14.2100000222515 14.1700000762939 13.8100004196167 13.3999996185303 13.3599996566772 13.4300003051758 -9999
4.73000001907349 5.26999998092651 5.57000017166138 5.67000007629527 6.05999994277954 6.11999988555908 6.40999984741211 6.55999994277954 7.01000022888184 7.30000019073486 7.84999990463257 8.23999977111817 9.11999988555908 9.75 10.3199996948242 10.7799997329712 11.789999961853 12.1099996566772 12.2600002293456 12.6199998855591 13.039999961853 13.4200000762939 13.5799999237061 13.8100004196167 14.0299997329712 13.9899997711182 13.9399995803833 13.7200002670288 13.6099996566772 13.5900001525879 13.210000038147 12.9300003051758 13 13.0600004196167 13.1099996566772 13.5699996948242 13.8599996036433 14.0200008139983 14.5100002288818 14.4899997711182 14.4700002670288 14.3000001907349 13.960000038147 13.6999999920638 13.6700000762939 13.7200002670288 -9999
4.8899998664856 5.32000017166138 5.53000020980835 5.38999986648644 5.86000013351441 6.30999994277954 6.53999996185303 6.63000011444092 7.05000019073486 7.46999979019165 7.94000005722046 8.35999965667725 9.35000038146973 10.0100002288818 10.2799997332727 11.0699996948242 11.9499998092651 12.3599996566772 12.4899997711182 12.6599998474121 13.1199998855591 13.5100002374463 13.7600002288818 13.7200002670288 13.9899997711182 14.0900001524602 13.7200002670288 13.4099998474121 13.3900003433228 13.4499998092651 13.1999998092651 13.0299997329712 13.0600004157002 13.1499996185303 13.0699996948242 13.7200002670288 14.0100004651219 14.6499996185303 14.7399997711182 14.7200002788816 14.710000038147 14.5100002288818 14.210000038147 14.1099996566772 13.9399995803833 13.8400001525879 13.7799997329712
4.78999996185303 5.44999980926514 5.57999992370606 5.67999982833862 5.80999994277954 6.46999979019165 6.65000009536743 6.69999980926514 7.30000019073486 7.88000011444092 8.34000015258789 8.63000011444092 9.46000003814697 10.3999996185303 10.6999998092651 11.5699996948242 12.039999961853 12.5100002288818 12.75 13 13.6599998474121 13.7700004578775 13.8400001525879 13.7600002288818 13.8299999237061 14 13.6199998855591 13.2399997711182 13.1700000761689 13.25 13.1800003051758 13.1099996566772 13.1400003433228 13.3500003814697 13.1700000762939 13.8599997011601 14.5299997329712 14.8400001525879 14.8900003433228 14.8999996185303 14.9300003051758 14.8500003814697 14.5500004236467 14.4499998092651 13.9099998474121 13.8699998855591 14.000000916464
5.48000001907349 5.65000009536743 5.82999992370605 5.67000007629395 5.94000005722046 6.73999977111816 6.8899998664856 7.1399998664856 7.42000007629395 8.25 8.60000038152947 8.98999977111816 9.88000011444092 10.7700004577637 11.1999998092651 12.3400001525879 12.5600004196167 13.0299997329712 13.1899995859643 13.6400003433228 13.8999996185303 13.9799995422363 13.8599996566772 13.75 13.6499996185303 13.7299995422363 13.6899995803833 13.1099996566772 13.0100002288818 13.0699996948242 13.1599998474121 13.1800003051758 13.2399997711182 13.5100002288818 13.539999961853 13.8999996185303 14.6999998092651 14.9899997711182 15.0200004577637 15.1199998855591 15.1599998474121 15.1800003051758 15.1300001144409 14.8000001907349 14.2799997329712 14.2600000779598 14.5799999237061
5.84999990463257 6.01000022888184 5.96999979019165 6.28999996185303 6.34999990463257 7.07000017166138 7.38999986648559 7.5 7.69999980926514 8.56999969482422 9.02000045785328 9.57999992370605 10.3500003814697 11.1300001144409 11.6199998855591 12.6400003433228 13.0299997346736 13.3800001147272 13.6400003433228 13.9200000762939 14.039999961853 14.0200004577637 13.7799997329712 13.6599998474121 13.4799995419431 13.4099998474121 13.460000038147 13.039999961853 12.8800001144409 12.9799995422363 13.210000038147 13.2399997711182 13.3400001525879 13.6300001144409 14.0200004577637 14.1700000762939 14.8199996948242 15.1400003433228 15.1700000762939 15.2600002288818 14.8199996948242 15.4199999175217 15.3900003433228 15.2600002288818 14.9099998474121 15.2199992566073 14.9499998092651
6.13000011444092 6.6100001335144 6.51999998092651 6.48000001907349 6.65000009536743 7.09000015258789 7.80999994277954 7.98999977111816 8.31999969482422 9.02999973297119 9.51000022888184 9.96000003814697 10.7700004577637 11.4799995422363 11.9200000775518 12.960000038147 12.9799995422363 13.2600002288818 13.7299995422363 13.9700002670288 13.9099998474121 13.8500003814697 13.7799997329712 13.8299999237061 13.6999998092651 13.4499998092651 13.3699998855591 13.1499996190503 12.9700002670288 13.0100002288818 13.2700004577637 13.2600002288818 13.3199996948242 13.7299995422363 14.0699996948242 14.3699998855591 14.8999996185303 15.2600002288818 15.3599996566772 15.3800001144409 15.3000001907349 15.3599996566772 15.6499996185303 15.6599998474121 15.6100006294488 15.75 15.3100004196167
6.40999984741211 6.80000019073486 6.82000017166287 6.94999980926435 6.88000011444092 7.55999994277954 8.14999961854392 8.4399995803833 8.89000034332275 9.51000022888183 9.9399995803833 10.1899995812692 11.0600004203138 11.7200002672956 12.4300003051758 13.1400003433228 13.4099998474121 13.3599996566772 13.9799995422363 13.8299999237061 13.550000191033 13.7200002670288 13.75 13.8000001907349 13.6899995803833 13.460000038147 13.4200000762939 13.3199996948242 13.1499996185303 13.2600002288818 13.4600000347826 13.4899998608344 13.8000001907349 13.8299999237061 13.9700002670288 14.460000038147 14.8999996185303 15.1000003814697 15.4700002670288 15.5600004196167 15.5799999237061 15.5500001907349 15.7700004577637 16 16.1900005340576 16.1299991607666 15.5799999237061
6.32000017166138 6.76999998092651 7.13999986648529 6.94999980926709 6.84999990464328 8.01000022888184 8.35999965669974 8.98999977111816 9.43000030539781 10.0200004579174 10.3800001144409 10.7399997711182 11.8199996948242 12.1899995805879 12.75 13.289999961853 13.6000003814697 13.6999998092651 14.0799999237061 13.6999998092651 13.4899997711182 13.7200002670288 13.7399997711182 13.4399995900739 13.2399997711182 13.210000038147 13.4200000762939 13.25 13.1999998092651 13.3800001144409 13.5299997384479 13.6599998474121 14.0500001907349 14.1400003468504 14.1599998474121 14.5699996948242 14.9399995803833 15.0500001907349 15.460000038147 15.6999998092651 15.6899995803833 15.7299995422363 15.8999996185303 16.1399993896484 16.2700004577637 16.1499996185303 15.8100004196179
6.73999977111816 6.8899998664856 7.01000022888183 7.1100001335144 7.40999984741211 8.89000034332173 9.07999992371706 9.64999961853028 10.1499996185303 10.5299997329712 10.7399997711182 11.210000038147 11.7600002288818 12.2600002288818 12.710000038147 13.4200000762939 13.569999694464 13.6400003433228 14 13.710000038147 13.3999996185303 13.8999996185303 14.0600004196167 13.8999996185303 13.4499998092651 13.2799997329712 13.4200000762939 13.210000038147 13.2399997711182 13.4899997868291 13.6999998092651 13.75 13.9899997711182 14.1899995803833 14.5100002288818 14.6800003051758 14.8000001907349 15.1400003433228 15.3800001144409 15.8100004196167 15.8999996185303 15.9099998474121 15.6400007833584 15.5799999237061 15.6099996566772 15.6899995803833 15.539999961853
6.82000017166138 7.34999990463257 7.46999979019165 7.55999994277954 7.69999980926514 8.9399995803833 9.1899995803833 9.75 10.25 10.5699996948242 10.789999961853 11.210000038147 11.7600002288818 12.1099996566772 13 13.4200000762939 13.4999999998733 13.5600004196167 13.8400001525879 13.9700002670288 13.7200002670288 14.0500001907349 13.8599996566772 14.0799999237061 14.1199998855591 13.789999961853 13.7399997711182 13.3100004196167 13.3199997186 13.6499996174575 13.8100004196167 13.9799995422363 14.0699996948242 14.1700000762939 14.5600004196167 14.9099998474121 14.8999996185303 15.1099996566772 15.4399995803833 15.5699996948242 15.8000001907349 16.0499991600751 15.7900001080518 15.6099996566772 15.3100004196167 15.2600002288821 15.2399997711182
7.73000001907349 7.90000009536743 8.01000022888184 7.69999980926514 7.82000017166138 9.09000015258789 9.26000022888184 9.72000026702881 10.3400001525879 10.560000419651 10.8699998855591 11.2399997711182 11.7799997329712 12.0900001525879 12.5699996948242 13.2299995422363 13.5100002288818 13.6599998474121 13.8900003433228 14.1199998863688 14.3199996948242 14.210000038147 14.4799995422363 14.5200004577637 14.1599998474121 13.5699996948242 13.1599998474121 13.3500003622153 13.6099996566772 13.6700000762939 13.9200000762939 14.1099996566772 14.3000001907349 14.3299999237061 14.6599998474121 15.0699996690089 15.1499996185303 15.1400003433228 15.5299997329712 15.6400003433228 15.869999872353 15.8900003433228 15.9099998474121 15.7799997329712 15.3999996185303 15.2299995422363 14.8900003433228
8.11999988555908 8.39999961853027 8.52999973297119 8.64000034332275 8.72999954223633 9.23999977111816 9.5 9.85999965667725 10.3500003814697 10.7100000381814 11.039999961853 11.3500003814697 11.8299999237061 12.0500001907349 12.4499998092651 13.1000003814697 13.3100004196167 13.4799995422363 13.7299995422363 13.9499998092651 14.1400003433228 14.210000038147 14.3900003427317 13.8199996948242 13.3900003433228 13.2700004654709 13.3699998855591 13.1599998474121 13.3999996185303 13.460000038147 13.6599998474121 14.2299995422363 14.4200000762939 14.6700000762939 14.8000001907349 15 15.1899995803833 15.2399997711182 15.4099998474121 15.539999961853 15.7700004577637 15.920000032261 15.9700002670288 15.8500003814697 15.5100002288818 15.3000001907349 14.8699998855591
8.35999965667725 8.46000003814697 8.71000003814697 8.8100004196167 8.88000011444092 9.34000015258789 9.61999988555908 10.1000003814697 10.5900001525879 10.8400001525879 11.1599998474121 11.4099998474121 11.5900001527027 12 12.3900003433228 12.8599996566772 12.9399995803833 13.1000003814697 13.2299995422363 13.3400001525879 13.6199998855591 13.6400003433228 13.5799999237061 13.4799995422363 13.2899999733065 13.340000151658 13.2200002670288 13.4700002670288 13.5699996945889 13.5500001907349 13.7399997711182 14.1599998474121 14.4300003051758 14.7299995422363 15.0799999237061 15.1899995803833 15.3299999237061 15.3900003433228 15.4899997711182 15.5799999237061 15.6300001144409 15.6700000762939 15.7299995422363 15.7399997711182 15.6800003051758 15.3900003433228 14.9300003051758
8.65999984741211 8.65999984741211 9.01000022888184 9.10999965667725 9.35999965667725 9.47000026702881 9.75 10.1899995803833 10.7399997711182 10.960000038147 11.1999998092651 11.4300003051758 11.5900001526681 11.8999996185303 12.3199996948242 12.6199998855591 12.6300001144409 12.8100004196167 13 13.1000003814697 13.1199998855591 13.1599998474121 12.9700002670288 12.9399995803833 13.1199998855591 13.2299995422363 13.1499996185303 13.4300003051758 13.5200004577637 13.6099996566772 13.5 13.5 14.3000001907349 14.2399997711182 15.0600003694036 15.3800001144409 15.7299995422363 15.7399997686378 15.789999961853 15.6800003051758 15.539999961853 15.4799995422363 15.4300003051758 15.5100002288818 15.5299997329712 15.4200000762939 15.0600004196167
