SnowAccumulation_R/test/tmax/final_tmax_22_04_2009.asc
NCOLS 97 
NROWS 69 
XLLCORNER 52512.810182332 
YLLCORNER 5316225.2758522 
CELLSIZE 10000 
NODATA_value -9999 
[rows 0 to 20 of 69, columns 47 to 93 of 97]
-9999 -9999 -9999 -9999 -9999 -9999 -9999 -9999 -9999 -9999 -9999 -9999 -9999 -9999 -9999 -9999 -9999 -9999 -9999 -9999 -9999 -9999 -9999 -9999 -9999 -9999 -9999 -9999 -9999 -9999 -9999 -9999 -9999 -9999 -9999 -9999 -9999 -9999 11.1199998855591 11.1300001144409 11.1099996566772 11.1400003433228 11.1099996566772 11.0100002288818 -9999 -9999 -9999
-9999 -9999 -9999 -9999 -9999 -9999 -9999 -9999 -9999 -9999 -9999 -9999 -9999 -9999 -9999 -9999 -9999 -9999 -9999 -9999 -9999 -9999 -9999 -9999 11.7200002670288 11.5299997329712 11.1899995803833 11.1199998855591 11.539999961853 11.8400001525879 11.8400001525879 11.7799997329712 11.8199996948242 11.7299995422363 11.5900001525879 11.2399998656762 11.0900001525879 11.7399992389586 11.7700004577637 11.7399997711182 11.7700004577637 11.7200002670288 11.7399997711182 11.6400003433228 -9999 -9999 -9999
9.15999984741211 9.1899995803833 9.25 9.11999988555908 9.22000026702881 9.48999977111816 9.68000030517578 9.72000026702881 10.0699996948242 10.2399997711182 10.4399995803833 10.5299997329712 10.5100002288406 10.3599996566772 10.5100002288818 10.789999961853 10.9399995803833 11.0600004196167 11.0900001526201 11.1000003814697 11.289999961853 11.4700002670288 11.6700000915709 12.100000381018 12.1400003433228 12.0500001907349 11.6400003433228 11.2799997329712 11.5799999237061 12.0100002288818 12.1999998092651 12.2399997711182 12.3199996948242 12.25 12.210000038147 12.1599998474121 11.8500011715823 12.4700002670288 12.460000038147 12.3199996948242 12.3400001525879 12.3400001525879 12.25 12.1700000762939 -9999 -9999 -9999
9.36999988555904 9.35999965667725 9.44999980926514 9.28999996185303 9.42000007629395 9.68000030517578 9.8000001907411 10 9.97999954223633 10.3599996566772 10.5 10.5200004577637 10.3999996185303 10.1599998474121 10.0799999237061 10.789999961853 11.0799999237061 11.25 11.2700004577637 11.3299999237061 11.3999996185303 11.7299995498935 12.0900001525879 12.2399997711182 12.4200000762939 12.539999961853 12.1999998092651 11.7700004577637 12.1000003656551 12.460000038147 12.789999961853 12.6999998092651 12.7700004577637 12.7200002670288 12.7399997711182 12.7000002431102 13.0699996948242 13.039999961853 13.0100002288818 13 12.9300003051758 12.9300003051758 12.7399997711182 12.6300001144409 -9999 -9999 -9999
9.44999980926514 9.52000045776367 9.40999984741211 9.48999977111816 9.53999996185303 9.78999996185303 9.98999977112635 10.3299999237061 10.2399997711182 10.2700004577637 10.3999996185303 10.5 10.4200000762939 10.4200000762939 10.5500001907349 10.8999996185303 11.1899995803833 11.3299999238486 11.539999961853 11.6000003814697 11.8900003433228 12.0299997329712 12.4899997709586 12.5600004196167 12.7399997711182 12.8800001144409 12.8199996948242 12.4399995803833 12.3500003814697 12.8400001525879 13.1400003433228 13.1599998474121 13.2700004577637 13.1999998092651 12.9900002077494 13.5 13.5500001907349 13.539999961853 13.5100002466048 13.5500001907349 13.5 13.3999996185303 13.4300003051758 13.3000002987386 -9999 -9999 -9999
9.36999988555908 9.57999992370605 9.72000026702881 9.77000045776367 9.96000003814697 10.2399997711182 10.2200002670288 10.5100002288818 10.5299997329712 10.5600004196167 10.6800003051758 10.6599998474383 10.6999998092651 10.7600002288818 10.8999996185303 10.7700004577637 11.1700000762939 11.460000038147 11.8000001973817 12.1300001144409 12.1899995803833 12.2600002288818 12.460000038147 12.8800001144409 13 13.1199998855591 13.3000001907349 13.289999961853 13.1400003433228 13.289999961853 13.5699996948242 13.6599998474121 13.7299995214789 13.7600002288818 14.1999998092651 14.0900001525879 14.039999961853 14.0399999415409 14.0500001907349 14.1199998855591 14.039999961853 13.9499998092651 13.9799993927019 14.0100002288818 -9999 -9999 -9999
9.22000026702887 9.60000038146973 9.68000030517578 9.94999980926514 10.460000038147 10.9200000762939 11.0299997329712 10.8999996185303 11.0100002288818 10.8900003433228 10.8299999237061 10.8699998856118 10.8699998855591 11.0699996948242 10.9399995803833 10.8699998855591 11.0799999280174 11.3800001144409 12.0900001525879 12.3800001144409 12.5600004196167 12.5 12.4700002670288 13.1199998855591 13.3000001907349 13.4200000762939 13.5600004196167 13.6800003051758 13.7799997329712 13.8699998855591 14.0100002288818 14.0600004196167 14.1099996566772 14.789999961853 14.75 14.7299995422363 14.6199998855591 14.6700000762939 14.6199998855591 14.6400003433228 14.5900001525879 14.5 14.4499998092651 14.5100002288818 -9999 -9999 -9999
9.36999988555905 9.5 9.48999977111816 10.0100002288818 10.5799999237061 11.2200002670288 11.3999996185303 11.4899997711182 11.3900003433228 11.2299995422363 11.1199998855591 11.1499996185303 11.0100002288818 11.1899995803833 11.1199998875638 11.5500001907349 11.5900001525879 11.6700000762939 11.960000038147 12.6099996566772 12.8199996948242 12.7899999618421 12.6700000762939 13.3299999237061 13.6099996566772 13.6999998092651 13.7700004577637 13.9099998474121 14.1999998092651 14.2299995422363 14.4799995422363 14.5799999237061 15.1700000762939 15.25 15.2399997711182 15.2600002288818 15.2299995422363 15.2399997711182 15.1599998474121 15.0799999237061 15.0699996948242 15.0100002288818 14.9899997711182 15.3599996566772 -9999 -9999 -9999
9.47000026702881 9.34000015258789 9.52999973297119 9.92000007629395 10.75 11.460000038147 11.6700000762939 11.7600002288818 11.3999996185303 11.460000038147 11.3500003814697 11.4200000762939 11.3800001148559 11.6899995803833 11.6499996185303 11.6800003051758 11.75 11.8599996566772 12.1899995803833 12.6300001144409 13.0299997329712 13.0699996948242 13.0100002288818 13.4399995803833 13.8000001907349 14.0200004570965 14.0699996948242 14.1899995803833 14.4200000762939 14.6700000762939 14.9999999867532 15.5100002288818 15.6099996566772 15.75 15.789999961853 15.7700004614988 15.7600002288818 15.7299995422363 15.6000003814697 15.5900001525879 15.5799999237061 15.6099996566772 15.4900004380889 15.6700000762939 -9999 -9999 -9999
9.35999965667724 9.22000026702881 9.22999954223633 9.76000022888184 10.5500001907349 10.960000038154 11.5600004196167 11.6400003433228 11.6599998474121 11.6199998855591 11.5000000004717 11.8599996566772 11.9499998092651 12.0299997329712 11.8299999237061 11.7700004578476 11.9200000762939 12.2200002670288 12.25 12.3800001144409 12.7100000386163 13.1999998092651 13.2299995422363 13.6000003814697 13.8699998855591 14.1000003814697 14.4099998474121 14.6099996566772 14.8100004196167 15.0299997329712 15.539999961853 15.8299999237061 16.0699996948242 16.2700004577637 16.2600002288818 16.2199993133545 16.1499996185303 16.2600002288818 16.1100006103516 16.1000004409543 16.0499992370605 15.8800007091902 16.0300006866455 15.9799995422363 15.8500003814697 -9999 -9999
9.18000030517578 9.18000030517578 9.21000003814697 9.56999969482422 10.3199996948242 10.7299995422426 11.1300001144339 11.3100004195536 11.2600002288818 11.7600002288818 11.8999996185907 12.1099996566772 12.2299995422363 12.3299999237061 12.5200004577637 12.2700004577637 12.1599998474121 12.4300003051758 12.3400001525879 12.3699998855591 12.539999961853 12.7799997329712 13.3000001907349 13.789999961853 14.0500001899762 14.2399997711182 14.6099996566772 14.8900003433228 15.1099996566772 15.6000003744524 15.75 16.1100006103516 16.3400001525879 16.5900001525879 16.6399993896484 16.5400009155273 16.6499996185303 16.6000003814697 16.6000003814697 16.5200004577637 16.3600006103516 16.4799995422363 16.2600002288818 16.1900005340576 16.0200004577637 -9999 -9999
9.22999954223686 9.09000015258868 9.15999984741304 9.61999988555908 10 10.1700000762939 10.75 10.8599996566772 11.1599998474121 11.7200002670288 11.8900003433228 12.3000001907349 12.3599996566772 12.539999961853 12.8299999237061 12.8500003814697 12.5600004196167 12.7200002670288 12.6300001144409 12.6099996566772 12.6199998855591 12.6700000762939 13.1700000762939 13.6899995803833 14.0799999237061 14.460000038147 14.7299995422363 15.1099996566772 15.5699996948242 15.6899995803833 15.9200000762939 16.2800006866455 16.5900001525879 16.8099994600783 16.9400005340576 16.8500003814697 16.9300003051758 16.9200000762939 16.8799991607666 16.8700008392334 17 16.6900005340576 16.3799994385559 16.2600002288818 16.0400009155273 -9999 -9999
9.59000015258783 9.46000003814697 9.51000022888184 9.39999961853027 9.98999977111816 10.1199998855591 10.8100004196167 11.1599998474121 11.2799997329712 11.7200002670288 11.8800001144409 12.1499996185303 12.5200004577637 12.75 12.899999618588 13.0699996948242 13.039999961853 13.0900001525879 13.1300001144409 13.1499996182884 13.0200004577637 13.0200004577637 13.1700000762939 13.5500001907349 14.1499996185303 14.6400003433228 14.8800001493349 15.4300003051758 15.6400003433228 15.8599996566772 16.1399993896484 16.4599990844727 16.9099998474121 16.9200000762939 17.0200004577637 17.0400009155273 17.1299991607666 17.2000007106383 17.2000007629395 17.1900009793484 17.25 16.8299999237061 16.6499996185303 16.3099994659424 16.0200004577637 -9999 -9999
9.34000015258789 9.60999965667725 9.60999965667725 9.64999961853027 10.1099996566772 10.4200000762939 10.4200000762939 10.7399997711182 11.5500001907349 11.7700004577637 11.9399995803833 12.2399997711182 12.5900001525879 12.9399995803833 13.1000003815181 13.2600002288818 13.4099998474121 13.539999961853 13.5799999237061 13.5900001525879 13.4499998092651 13.4200000762939 13.5600004196167 13.789999961853 14.4300003051758 14.899999647715 15.3100004196167 15.6400003433228 15.6899995803833 16.0200004577637 16.3799991607666 16.75 16.9099998474121 17.0200004577637 17.0599994659424 17.0599994659424 17.4400005340576 17.5400009155273 17.4900000825099 17.7099990844727 17.4300003051758 17.2299995422363 16.7099990844727 16.3600006103516 15.9499998092651 -9999 -9999
9.53999996185303 9.35000038146973 9.84000015258789 10.1700000762939 10.460000038147 10.4399995803833 10.5200004577637 10.6700000762939 11.3000001907349 11.2799997329976 11.75 12.4099998474121 12.7600002288818 13.0100002288818 13.0600004196167 13.4700002670288 13.5299997329712 13.6300001144409 13.7500000001702 13.7799997329712 13.6999998092651 13.7299995422363 13.960000038147 14.210000038147 14.8299999573394 15.3199996948242 15.6000003814697 15.6599998474121 15.8000001907349 16.2299995422363 16.6700000762939 16.8299999237061 16.9099998474121 17.2399997711182 17.2700004577637 17.4799995422363 17.4899997711182 17.7900009155273 17.7099990844727 17.7700004577637 17.4899999477728 17.2999992370605 16.7700004577637 16.3799991607666 15.8699998855614 -9999 -9999
9.55000019073486 9.64000034332275 9.89999961853027 10.1899995803833 10.4799995422363 10.5600004196167 10.8900003433228 10.8900003433228 11.1099996566772 11.3400001525879 11.8400001525879 12.2700004577637 12.5100002288818 12.8100004196167 13.1800003051758 13.6899995803833 13.6700000762939 13.8400001525879 13.8999996185303 14.039999961853 14.1499996185303 14.1999998092651 14.4300003051758 15.1199998855591 15.039999961853 15.5900001525879 15.7200002670288 15.7399997711182 16.0499992370605 16.4799995422363 16.8600006103516 17 17.2099990844727 17.3500003814697 17.5599994659424 17.510000247362 17.7000007629394 18.0799999237061 17.9899997711182 17.8799991607666 17.75 17.4300003051758 16.8999996185303 16.4699993133545 16.1599998474121 -9999 -9999
9.42000007629395 9.86999988555908 10.1700000762939 10.3599996566772 10.5500001907364 10.8000001907349 11.1599998474121 11.1300001144409 11.1999998092651 11.3299999237061 11.6999998092651 12.1099996566772 12.4499998092651 12.5799999237878 13.0100002288818 13.6499996185303 14.0600004196167 13.9799995422363 14.0699996948242 14.3599996566772 14.5 14.6099996702352 14.9799995422363 15.2799997329712 15.4399995803833 15.8500003814697 15.8599996558625 15.960000038147 16.2600002288818 16.7000007629395 17.1000003814697 17.2199993133545 17.4500007629395 17.6000003814697 17.7800006866455 17.7800006866455 18.2700004577637 18.4300003051758 18.3799991607666 18.2700004577637 17.9400005340576 17.6100006103516 17.0900001525879 16.8099994659424 16.3199996948242 -9999 -9999
9.36999988555908 9.90999984741211 10.3299999237061 10.5799999237061 10.7500000000016 10.8500003814697 11.1899995803833 11.460000038147 11.6000003814697 11.5500001907349 11.6700000762939 12.0100002288818 12.3699998855591 12.5200004577637 12.8000001907349 13.3100004196167 13.710000038147 14.1300001149213 14.3900003433228 14.4200000762939 14.7700004610365 15.1800003051758 15.2799997329712 15.4099998474121 15.6099996566772 15.9499998092651 15.9700002670288 16.1700000762939 16.4799995422363 16.9400005340576 17.1200008392334 17.3899993896484 17.5400009155273 17.7299995422363 18.0300005597814 18.1299993224048 18.4500007629395 18.7900009155273 18.690000578594 18.5599994659424 18.1800003051758 17.8500003814697 17.3600010592489 17.0699996948242 16.5599994659424 -9999 -9999
9.47999954223633 9.85000038146973 10.3100004196167 10.4799995422363 10.6700000762961 11.039999961853 11.2299995422363 11.4399995803833 11.9200000762939 11.8299999237061 11.8000001907349 11.8900003433228 12.3000001907349 12.4399995803833 12.6800003051758 13 13.2799997329712 13.5200004577637 14.5600004052241 14.8000001907349 15.210000038147 15.3000001908886 15.5200004577637 15.75 15.8699998855591 16.0400009156488 16.1399993896484 16.3600006103516 16.6900005340576 17.1299991607666 17.2700004577637 17.3899993896484 17.6800003051758 17.9699993133545 18.1000004696395 18.5 18.7900009155273 19.0599994659424 18.9799995422363 18.7199993133545 18.4200000762939 18.1100006103516 17.8600006103516 17.3500003814697 16.8700008392334 -9999 -9999
9.47999954223633 9.94999980926514 10.2600002288818 10.7200002670288 10.8500003814697 11.3000001907349 11.2700004577637 11.5500001907349 11.7399997711398 11.8800001144409 12.039999961853 12.1099996566772 12.3400001525879 12.4799995422363 12.6099996566772 13.039999961853 13.2399997744058 13.6899995803833 13.9300003051758 14.4099998474121 15.1599998474121 15.4799995422363 15.789999961853 16.0400009155273 16.1800003051758 16.1900005340576 16.2999992370605 16.5599994659424 16.9300003051758 17.1299991607666 17.3299999237061 17.5300006866455 17.9200000762939 17.9899997824543 18.4099998474121 18.7399997711182 19.0200004577637 19.1900005340576 19.1299991607666 18.9500007629395 18.6800003051758 18.5499992370605 18.1499996185303 17.7000007629395 17.1900014957285 17.2800006866455 -9999
9.60000038146973 10.039999961853 10.3900003433228 10.8900003433228 11.1099996566772 11.4799995422363 11.460000038147 11.6999998092651 11.7600002288852 11.8999996185303 12.2399997711182 12.2799997329712 12.3100004197048 12.6499996185303 12.9399995815043 13.4099998474121 13.8199996948242 13.9300003051758 14.1499996185303 14.4799995422363 15.3100004196167 15.5299997329712 15.8699998855591 16.1499996185303 16.3299999237061 16.3400001525879 16.4699993133545 16.7600002288818 17.1000003814697 17.1100006103516 17.3899993896484 17.5599994659424 17.8899994556666 18.0699996948242 18.5400009155273 18.9799995422363 19.1900005340576 19.3600006103516 19.3299999237061 19.2000007629395 19 18.8999996185303 18.5200004577637 18.0300006866455 17.8300005164172 17.5799999237061 -9999
