SnowAccumulation_R/test/tmax/final_tmax_29_04_2009.asc
NCOLS 97 
NROWS 69 
XLLCORNER 52512.810182332 
YLLCORNER 5316225.2758522 
CELLSIZE 10000 
NODATA_value -9999 
[rows 42 to 62 of 69, columns 0 to 46 of 97]
-9999 -9999 11.5 2.97000002861023 -0.0399999991059303 0.359998788205824 -0.959999978542328 0.730000019073486 1.43000012926507 5.53999996185303 1.94000005722046 5.78999989877687 4.44000005722046 0.810000002384186 0.540000021457672 -2.44000005722046 1.03999996185303 -3.44000004186676 2.72000000876428 2.97000002725503 3 3.21000003814697 3.90000009536743 4.01999998079886 4.13000011415401 4.84999990463257 5.63000011444092 5.88000011444092 5.96000003814697 6.6100001335144 6.84000015258789 6.88999986648559 7.17999982833862 7.48999977111816 7.92000007629395 8.03999996185303 8.47999954223633 8.61999988555908 8.86999988555908 8.97000026702881 9.02999973297119 9.10999965667725 9.27000045776367 9.27999973297119 9.27999973297119 9.14999961853028 9.14000034332275
-9999 -9999 6.71999979019165 1.86000001430511 1.86000001430511 -0.800000011920929 0.959999612175358 0.129999995231628 4.76999998092651 2.22000002861023 5.26000022888184 2.21000003814697 -0.230000004172325 -1.47000002861023 1 -1.27999997138977 1.62000000476837 -1.96000003814697 2.65000009536743 2.79999995231628 2.38000011444092 2.91000008583069 3.35999989509583 3.48000001907349 3.85999989509582 4.76999998092651 5.61000013351441 6.11999988555908 6.03000020980835 6.6100001335144 6.8600001335144 7.03999996185303 7.21999979019165 7.51000022888184 7.96999979019165 8.07999992370605 8.47000026702881 8.64000034332275 8.86999988555908 9.23999977111816 9.02000045776367 9.27000045776367 9.31999969482422 9.31999969482422 9.22000026702881 9.22000026702881 9.22000026702881
-9999 -9999 10.9099998474121 3.24000000953674 2.0699999332428 -1.52999997138977 1.5 0.139998660913887 6.23999977111816 5.42000007629395 8.88000011444092 4.98999977111816 2.70000004768372 1.37000000476837 -1.88999998569489 -0.920000016689301 1.44000005722046 -0.949999988079071 2.6800000667572 2.65000009536743 2.75 2.90000009536743 2.99000000953674 3.05999994277954 1.87999999523163 3.77999997138977 4.73999977111816 5.90999984691147 5.90999984741211 6.69999980926514 6.8899998664856 6.96000003814697 7.34000015258789 7.71000003814697 8 8.01000022888184 8.47999954223633 8.56999969482422 8.78999996185303 8.89999961853027 9.01000022888184 9.11999988555908 9.3100004196167 9.35000038146973 9.28999996185303 9.31999969482422 9.34000015258789
-9999 -9999 10.960000038147 3.43999922797288 0.259999990463257 -0.46000000834465 -0.880000021516644 0.0500000007450581 0.690000416449736 2.07000000707449 8.75 4.1399998664856 1.86999999744716 -1.89999997615814 -3.36999988555908 -0.209999993443489 1.23000001907349 0.119999997317791 2.52999997138977 2.51999998092651 2.84999990463257 2.75 3.09999990463257 3.51999998092651 3.70000004768372 4.21999979019165 5.07000017166138 5.96000003774571 6.49999999949473 6.46999979019165 6.82000017166138 6.86999988555908 7.28999996185303 7.53999996185303 7.80000019073486 8.18000030517578 8.26000022888184 8.47999954223633 8.59000015258789 8.73999977111816 8.85000038146973 9.17000007629395 9.21000003814697 9.26000022888184 9.3100004196167 9.34000015258789 9.47000026702881
-9999 -9999 11.210000038147 0.720000028610229 1.54999995231628 2.39000010490417 1.12999999523163 -0.400000005960464 -1.21000003814697 4.97000019917721 8.56999969482422 3.61999988555908 0.600000023841858 -1.96000003814697 -1.67999994754791 -2.07999992370605 0.270000010728836 -1.60000002384186 -2.77999997138977 2.97000002861023 2.96000003814697 2.96000003814697 2.94000005722046 3.14000010490417 4.84999990177989 4.84999990463257 5.51999998061284 5.96000003814697 6.6100001335144 6.51999998092651 6.53999996185303 6.80000019073486 7.09000015258789 7.34000015258789 7.65999984741211 8.01000022888184 8.22999954223633 8.44999980926514 8.60000038146972 8.6899995803833 8.82999992370605 8.98999977111816 9.14000034332275 9.22000026702881 9.22000026702881 9.35999965667725 9.65999984741211
-9999 -9999 11.8900003433228 1.17999994754791 3.30999994277954 2.54999995231628 2.09999990463257 -1.19000005722046 0.370000004768372 6.3899998664856 9.06999961453317 4.32000017166138 -0.259999990463257 -1.88999998569489 -0.959999978542328 -1.95000004768372 0.0799999982118607 0.219999998807907 3.17999979725722 2.83999991416931 3.00999999046326 2.96000003814697 3.00999999046326 3.23000001907349 4.55999993964663 4.9699997893195 5.26000022888184 5.94999980926514 6.07000017166138 6.36999988555908 6.5 6.76000022888184 6.71000003814697 7.21999979019165 7.59999990463257 7.94999980926513 7.96999979019165 8.35999965667725 8.64000034332275 8.82999992370605 8.84000015258789 8.80000019073486 9.02999973297119 9.0600004196167 9.1899995803833 9.34000015258789 9.17000007629395
-9999 6.3600001335144 12.0699996948242 4.69000005722046 1.7999997315545 3.03999996185303 0.0299999993294477 -0.39999979650917 3.10999989509583 7.3600001335144 8.46000005444012 3.8300002146511 -1.64999997615814 -0.360000014305115 0.400000005960464 -1.54999995231628 0.200000002980232 -0.419999986886978 -2.53999996185303 2.84999990463257 2.96000003814697 2.88000011444092 2.92000007629395 3.15000009536743 3.3199999332428 4.30999994277954 4.69999980926514 5.28000020980835 5.61999988555908 5.98000001907349 6.36999988552014 6.65000009536743 6.73000001905557 7.03000020980835 7.46999979019165 7.78999996185303 7.98000001907349 8.1899995803833 8.43000030517578 8.76000022888184 8.71000003814697 8.6899995803833 8.89000034332275 8.98999977111816 9.10000038146973 8.9399995803833 8.90999984741211
-9999 9.80000019073486 11.9899997711182 2.53999996185303 2.86999988555908 1.27999997138977 4.46000003814697 4.21999979019165 5.30000019073486 7.48999977111816 8.81999969482422 8.63000011444092 -1.37000001316079 2.88000011322517 2.71000003814697 0.100000001490116 -0.269999709400248 1.32000005245209 -1.44000005722046 2.90000011470261 2.73000001907349 2.59999990463257 2.72000002861023 3.24000000953674 3.44000005722046 3.75999999046326 4.59000015258789 4.82000017166138 5.46000003814697 5.90000009534 6.09000015258789 6.19999980926514 6.32000017166138 6.73999977111816 7.25 7.65999984741211 7.92000007629395 8.11999988555908 8.22999954223633 8.34000015258789 8.43000030517578 8.60999965667725 8.81999969482422 8.88000011444092 8.67000007629395 8.71000003814697 8.68000030517578
-9999 1.72000002861023 6.68000146899187 3.49000000953674 -0.670000016689301 0.769999980926514 0.649999976158142 0.920000016689301 2.5 5.46000003814697 6.90000009536743 7.94999980926514 4.63000011444092 2.97000002861023 2.54999995231628 -0.280000001192093 0.200000002980232 1.33000004291534 -0.180000007152557 3.29999993274115 2.61999988555908 2.30999994277954 2.5 2.74000000953674 3.45000004768372 3.46000003814697 3.99000000953674 4.26999998078682 4.26999998092651 5.51999998072762 5.90999984741211 6.13000011444092 6.19999980926514 6.61999988555908 6.86000013351441 7.01999998092651 7.5 7.92000007629395 8.07999992370605 8.19999980926514 8.30000019073486 8.53999996185303 8.22999954223633 8.14999961853027 8.44999980926514 8.47000026702881 8.4399995803833
-9999 3.79999858235779 12.5699996948242 4.13000011444092 -0.219999998807907 2.22000002861023 2.24000000953674 0.980000019073486 0.320000169378536 5.90000009536743 5.21999979019165 3.50999999046326 7.80000019073486 3.52999997138977 0.560000002384186 3.25000007517297 -1.13999998569489 0.0299999993294477 -3.10999989509583 2.45000004768372 2.4100000691885 2.09999990463257 2.03999996185303 2.09999990463257 2.99000000899113 2.99000000953674 3.52999997118895 3.54999995231628 4.46000003728636 3.9300000667572 5.30999994277954 5.32999992370605 5.57999992370606 5.75 5.84000015258789 6.19999980926514 6.6100001335144 7.30000019073486 7.94999980926514 8.10999965667725 8.17000007629395 8 8.06999969482422 8.02000045776367 8.03999996185303 7.92999982833862 7.65999984741211
-9999 2.28999996185303 11.4799995422363 8.26000022888183 1.11000001430511 4.17000007629394 2.1800000667572 1.38999998569489 2.0699999332428 4.92000007629394 0.829999983310699 2.73000001907349 5.07000017166138 8.13000011444092 6.17000007629395 2.20000004768372 -1.28999996185303 -1.1599999666214 -3.05999994277954 -0.100000001490116 2.01999994326348 1.72000002861023 1.82000005245209 1.79999995231628 2.13000011444092 2.29999995231628 2.61999988555908 2.82999992370605 2.96000003814697 3.40000009536743 4.28000020969619 4.9299998281206 4.94999980926514 5.23000001907349 5.46999979018179 5.67999982833862 6 6.75 7.07999992370605 7.69999980926514 7.76999998092651 7.76999998092651 7.61999988555908 7.61000013351441 7.55999994277954 7.30000019073486 7.13000011444092
-9999 2.57999992370605 1.52999997138977 11.8499988868687 1.6599999666214 5.42000007629395 3.80999994277954 1.45000004768372 2.80999994277954 4.23999977111816 1.5 3.32999992370605 4.53000020980835 7.90000009536743 5.42999983999782 3.00999999046326 -0.230000004172325 -1.04999995231628 -1.67999994754791 -1.97000002861023 1.75 1.83000004291534 1.88999998310683 1.89999997615814 1.99000000953674 2.17000007629395 2.23000001907349 2.3199999332428 2.19000005722046 2.65000009536743 3.83999991362349 3.80999994277954 3.35999989509582 4.1399998664856 4.61000013348166 4.92999982833862 5.42000007629395 6.0799999237003 6.53999996185303 6.84999990463257 6.90999984741211 7.28000020980835 7.07999992370605 7.01999998092651 6.96999979019165 7.09000015258789 6.84000015258789
-9999 2.70000004768372 4.78999996185303 10.7200002670288 7.44000005722046 5.15000009536743 4.25 2.9300000667572 3.75 4.1399998664856 0.980000019073486 2.94000005722046 4.5 6.88999986648559 6.32000017166138 0.589999973773956 -1 -3.0699999332428 -2.32999992370605 -3.35999981146623 -2.54999995196558 1.82999989405456 1.76999998092651 1.86000001430511 2.0699999332428 1.66999995708466 1.82000005245209 1.73000001907349 2.11999988555908 2.05999994282093 2.46000003814697 2.74000000953674 1.00999999046326 1.63999998569489 3.28999996185303 4.03000020980835 4.69000005722046 5.59999990462533 5.96000003814697 6.36999988555908 6.28000020980835 6.34999990463257 6.53999996185303 6.63000011444093 6.80999994277954 6.75 6.59999990463257
-9999 3.0500001003144 3.99000000953674 6.53000020980835 11.4099998474121 4.94999980926514 6.6399998664856 4.30000019073486 2.79999995231628 1.75 1.92999994754791 2.50999999046326 2.82999992370605 6.23000001907349 7.23999977111816 0.300000011920929 -0.319999992847443 -2.67000007629395 -1.64999997615814 0.230000004172325 -3.04999995231628 -3.55999993565991 -4.76999998092651 -0.130000001515073 1.23000001907349 1.39999997615814 1.45000004768372 1.51999998092651 1.78999996183403 1.75 1.76999998092651 1.97000002861023 0.939999997615814 1.26999998092651 1.47000002861023 2.27999997138977 3.92000007629395 4.90999984740425 5.48999977111816 5.96999979019165 6.05999994277954 5.80000019073486 6.30999994277954 6.38999986648559 6.44999980926514 6.26000022888184 6.03999996185303
-9999 1.87999999523163 2.33999991416931 3.70749998092651 9.30500052971035 6.07000017166138 6.17000007629395 4.46000003814697 4.05000019073486 3.22000002861023 3.75 1.23000001907349 0.250000001413905 4.80999994277954 7.34000015258789 3.35999989509583 -1.20000004768372 -2.98000001907349 -1.62999999523163 1.63999998569489 -3.34999990463257 -4.38000011444092 -4.6700000800352 -0.430000007152557 0.709999978542328 0.97000002861023 1.04999995231628 1.22000002861023 1.45000004768372 1.12999999523163 1.21000003814697 1.28999996185303 1.19000005722046 1.70000004768372 2.39000010490417 2.49000000953674 3.22000002861023 3.99000000953674 4.76000022888184 5.59999990463257 5.8800001144409 6.03000020980835 6.05999994277954 5.96999979019152 5.90000009536743 5.78000020980835 5.59000015258789
-9999 2.48000001907349 1.33749997615814 2.28250002861023 6.30499982833862 9.34000015258789 2.9449999332428 4.25249988506359 -0.409999996423721 3.9925000667572 3.94749999046326 3.8050000667572 0.237499997019768 3.59999990463257 8.11750030517578 0.535000081890384 -1.75750005245209 -0.547500014305115 -0.727500021457672 3.01250004768372 0.845000028610229 -2.29749989509583 -3.03749990463257 -1.63750004768372 -4.1500001076326 -2.32999992370605 -0.360000014305115 1.11000001430511 1.05999994277954 0.959999978542328 0.270000010728836 0.189999997615814 0.529999971389771 1.45000004768372 1.39999997615814 1.20000004768372 2.84999990463257 3.67000007629395 3.89000010490417 4.69000005722046 4.42999982833872 4.84999990463257 4.61999988555908 4.63000011444089 4.61999988555908 4.73000001907349 4.90000009536743
-9999 6.39249992370606 4.36249934958166 0.514999985694885 3.19749999046326 8.8149995803833 5.11250019073486 3.23250007629395 0.537500023841858 3.875 4.8324999904976 3.45000004768372 1.68499994277954 2.63000011444092 7.57250022888184 5.53000020980835 1.05750000476837 0.332500010728836 -0.145000002278303 1.57249999046326 2.29500007629395 -0.762499988079071 -2.03500008583069 -1.75999999046326 -3.19749999046326 -6.01000022888184 -1.61749995081242 -0.617500010807457 -0.277500003576279 -0.462500005951826 -0.555000007152557 0.0474999807775021 0.522499978542328 0.747500002384186 0.300000011920929 0.524999976158142 1.4025000333786 2.09750008583069 2.27999997138977 2.16499996185303 0.340000003578981 1.47500002384186 2.00500011444092 1.72500002384158 1.79499995708466 1.94000005722046 1.95749998092651
-9999 6.15250015258789 2.66499996185303 0.782500028610229 2.77749991416931 8.65750027639276 8.02000045776367 6.22249984741211 2.98749995231628 5.05249977111816 6.16499996185303 2.63499999046326 2.3675000667572 5.22499990463257 5.40500020980835 6.93249988555908 6.04500007629394 -0.837499976158142 -1.3474999666214 0.595000028610229 4.7350001335144 2.68749996128944 -1.4650000333786 -1.35749995708466 -2.14499998092651 -3.29250001907349 -3.18499994277954 -2.36500000953674 -2.3050000667572 -1.39250004290767 -0.8125 -0.0274999905377626 0.222499996423721 0.337500005960464 0.519999980926514 0.617500007152557 0.620000004768372 2.03250002861023 2.4925000667572 2.14249992370605 0.85500007867855 1.36500000953674 1.21749997138977 1.01750004291534 0.652499914169312 1.90750002861023 2.14499998092651
6.48250007629395 7.15999984741211 1.3400000333786 0.512499988079071 4.29500007629395 8.375 5.8274998664856 8.23500061035156 6.61250019073486 5.02250003814697 4.75249998496884 2.65249991416931 4.35249996185303 3.15499999614993 2.28749990463257 5.37249994277954 6.51749992370605 1.26250004768372 -0.234999999403954 0.469999998807907 3.23250007629395 2.76500010490418 1.85249996185303 -1.13250005245209 0.694999873638153 -4.93499994277954 -3.46000003814697 -3.65000009536743 -2.72250008583069 -1.58249998092651 -0.742500007152557 -0.330000013113022 0.322499990350741 0.550000011920929 0.747500002384186 0.485000014305115 0.5 2.02999997138977 2.47250008583069 2.28250002861023 2.3125 2.15750002861023 1.17999994754791 0.997500002384186 0.795000016689301 1.6599999666214 1.7849999666214
7.25 7.78249979019165 1.6599999666214 2.77250003814714 6.53499984741211 5.19750022888184 2.86500000953674 4.96999979019165 6.33249998092651 2.81750011444092 4.45499992370605 4.57750020365724 3.34249997138977 3.47749996185303 2.4925000667572 4.74749994277954 4.21500016679985 4.95499992370605 2.53250002861023 0.157499998807907 2.07249999046326 3.70749998092651 2.97499990463257 1.81500005722046 -3.13499998226687 -1.96749997138977 -4.79250001907349 -5.57999992370605 -3.26999998092651 -0.870000004768371 -0.332500010728836 0.174999997019768 0.472499996381512 0.629999995231629 1.0275000333786 0.972500026237056 1.70249998569489 2.50250005722212 2.49749994277954 2.51500010490417 2.89249992370605 2.8824999332428 1.98500001430511 1.8400000333786 1.88499999046326 1.8474999666214 2.03999996185303
6.78499984741211 7.49249982833862 2.22499990463257 5.80249977111816 7.06750011444092 4.76999998092651 3.09750008583069 2.09750008583069 8.03499984741211 5.66499996185303 6.72499990463257 7.76749992370605 4.38000031801274 8.02499961853027 4.89249992370606 4.58750009536743 2.98250007629395 2.92249989509583 5.48999977111816 4.2649998664856 1.39499998092651 2.77749991416931 1.25750005245209 2.82750010490417 -1.94500005245209 -2.35249996185303 -4.23999977111816 -5.77250003814697 -3.02749991416931 -1.27999997138977 -0.625 -0.267500013113022 0.177499994635582 0.492500007152557 0.987500011920929 1.17250001430511 1.5900000333786 2.44749999046326 2.5074999332428 2.6175000667572 2.8050000667572 2.79749989509583 2.39499998092673 2.18499994277949 2.13499999046326 2.02749991416999 2.13499999046325
