SnowAccumulation_R/test/tmax/final_tmax_01_04_2009.asc
NCOLS 97 
NROWS 69 
XLLCORNER 52512.810182332 
YLLCORNER 5316225.2758522 
CELLSIZE 10000 
NODATA_value -9999 
[rows 21 to 41 of 69, columns 0 to 46 of 97]
-9999 -9999 -9999 -9999 -3.13000011444092 -3.29999995231628 -2.39000010490417 -0.959999978542328 -3.26999998092651 -2.22000002861023 -1.91999995708466 0.219999998807907 0.870000004768372 0.839999973773956 1.13999998569489 1.6599999666214 1.99000000953674 1.75 2.69000005722046 2.83999991416931 3.03999996185303 2.79999995231628 3.15000009536743 2.98000001907349 3.47000001027959 3.69000005722046 3.6800000667572 3.91000008583069 3.98000001907349 3.99000000953674 4.17000007629395 4.05000019073486 4.26999998092651 4.32000017166138 4.30000019073486 4.21999979019165 4.13000011444092 3.96000003814697 3.90000009536743 3.70000004768372 3.71000003814697 3.67000007629395 3.83999991416924 4.07000017166138 4.57999992370605 4.59999990463257 4.90000009536743
-9999 -9999 -9999 -9999 -1.86000001430511 -4.59999990463257 -2.5 -0.97000002861023 -2.96000003814697 -3.84999990463257 -1.28999996185303 -1.38999998569489 0.540000021457672 0.409999996423721 0.580000058729504 1.35000002384186 1.6599999666214 2.50999999046326 2.6800000667572 2.75 2.83999991416931 3.13000011444092 2.91000008583069 2.94000005722046 2.46000004388392 3.08999991416931 3.25 3.58999991416931 3.66000008583069 3.88000011444092 3.95000004768372 3.90000009536743 4.21000003814697 4.19000005722046 4.28999996185303 4.19000005722046 4.09000015258789 3.91000008583069 3.80999994277954 3.28999996185303 3.46000003814697 3.61999988555908 3.91000008583069 4.05000019073486 4.3899998664856 4.63999986648559 5.01999998092651
-9999 -9999 -9999 -3.97000002861023 -3.21000003814697 -0.800000011920929 -2.63000011444092 -3.38000011444092 -4.53000020980835 -3.97000002861023 -2.63000011444092 -3.4300000667572 -0.0500000007450581 0.809999928155403 1.12000000476837 1.77999997138977 2.04999995231628 2.26999998092651 2.71000003814697 2.61999988555908 2.61999988555908 3.01999998092651 2.9300000667572 2.86999988555908 2.73000001907349 2.85999989509583 3.27999996597506 3.45000004768372 3.54999995231628 3.57999992370605 3.69000005722046 3.89000010490417 4.09000015258789 4.17999982833862 4.13000011444092 4.01999998092651 3.91000008583069 3.78999996185303 3.67000007629395 3.63000011444092 3.24000000953674 3.3199999332428 3.76999998092651 3.9300000667572 4.30000019073486 4.78000020980835 5.01000022888184
-9999 -9999 -9999 -5.21999979019165 -4.48999977111816 -3.51999998092651 -5.73000001907349 -3.73000001907349 -5.13999986648559 -5.42999982833862 -3.73000001907349 -2.54999989389614 -1.12999999523163 1.87999999523163 1.88999998569489 1.8400000333786 2.13000011444092 2.70000004768372 2.69000005722046 2.75999999046326 2.78999996185303 2.77999997138977 2.66000008583069 2.63000011444092 2.41000008583069 2.85999989212535 2.71000003814697 3.03999996185303 3.13000011444092 3.24000000953674 3.73000001907349 3.99000000953674 4.76999998092651 4.05999994277954 4.07999992370606 3.96000003814697 3.90000009536743 3.8199999332428 3.67000007629395 3.63000011444092 3.26999998092698 3.23000001907414 3.66000008583094 3.8499999046328 4.28999996185303 4.84000015258789 5.23000001907398
-9999 -9999 -9999 -5.67000007629394 -4.44999924314463 -3.64000010490417 -4.48999977111816 -4.61999988555908 -7.23999977111816 -4.19000005722046 -5.07999992370605 1.54999995231628 1.62000000476837 1.70000004768372 1.95000004768372 2.02999997138977 2.23000001907349 2.66000008583069 3.11999988555908 3.27999997138977 2.91000008583069 2.70000004768372 2.42000007629395 2.36999988555908 2.38000011444092 2.38000011444092 2.57999992370605 2.75999998940527 2.99000000953674 3.01999998092651 3.35999989509583 3.78999996185303 4.05000019073486 3.88000011444092 4.11999988555908 4.01999998092651 3.76999998092651 3.75 3.60999989509583 3.70000004768372 3.6800000667572 3.75999999046326 3.9300000667572 4.07999992370605 4.57000017166138 5.05999994277954 5.46999979019149
-9999 -9999 -9999 -5.80999403304419 -6.48000001907349 -1.0900000333786 -5.3600001335144 -6.05999994277954 -5.44999980926514 -6.5 -5.5 -4.25 1.75999999046326 1.73000001907349 1.89999997615814 2 2.14000010490418 2.76999998092651 3.22000002861023 3.53999996185303 2.66000008583069 2.53999996185303 2.46000003814697 3.32999992370606 2.44000005722046 2.60999989509583 2.57999992581222 2.5999999067893 3.20000004768372 3.24000000953674 3.28999996185303 3.72000002861023 3.8199999332428 3.82999992370605 3.79999995231628 3.89000010490417 3.83999991416931 3.74000000953674 3.61999988555908 3.63000011444092 3.70000004768372 4 4.11999988555908 4.17000007629394 4.71999979019165 5.23999977111816 5.51999998092651
-9999 -9999 -9999 -1.32000005245209 -2.25 -1.46000139765937 -7.3600001335144 -3.67000007629395 -5.55999994277954 -4.96999979019165 -4.25 -4.63000011444092 -4.26000022888184 1.75999999046326 1.83000004291534 1.91999995708466 2.25 2.41000008583069 2.50999999046326 2.52999997138977 2.30999994277954 2.25999999046326 2.36999988555908 2.78999996185303 2.79999995231628 2.5699999332428 2.64000010490417 2.94000005722046 2.86999988609998 2.63000011450262 3.41000008583069 3.57999992370605 3.6800000667572 3.71000003814697 3.75999999046326 3.8199999332428 3.83999991416931 3.85999989509582 3.75999999046326 3.61999988555908 3.76999998092651 3.96000003814697 4.40000009536743 4.5 4.84999990463257 5.30000019073486 5.65000009536728
-9999 -9999 -9999 1.66999995708466 -4.28000020980835 -5.11999988555908 -4.59000015258789 -5.98000001907349 -4.55000019073486 -5.59999990463257 -4.57000017166138 -5.07000017166138 -3.99000000953674 -3.82999992370605 1.83000004291534 1.08000004291534 2.00999999046326 2.3199999332428 2.15000009536743 2.19000005722046 2.08999991416931 1.9099999666214 1.96000003814697 2.23000001907349 2.60999989509582 2.74000000953674 2.83999991416931 3.25999999046326 2.97000003115302 2.65000009536743 3.49000000953674 3.94000005722046 3.5699999332428 3.48000001907349 3.69000005722046 3.94000005722046 3.9300000667572 3.72000002861023 4 4 4.19999980926514 4.28999996185303 4.67999982833862 4.82999992370606 5.11999988555908 5.5 5.86999988555905
-9999 -9999 -9999 1.36000001430511 -3.28999996185303 -1.99000000953674 -2.799999860565 -3.44000005722046 -1.02999997138977 -4.78999996185303 -6.86999988555908 -5.90999984741211 -6.40999984741211 -5.15999984741211 0.870000004768372 0.939999997615814 1.01999998092651 1.82000005245209 2 2 1.82000005245209 1.37999999523163 1.38999998569489 1.75 2.50999999046326 2.71000003814697 3.40000009536743 4.03999996185303 4.26999998092651 3.99000000953674 3.83999991437024 4.03000020982139 3.65000009536743 3.67000007629395 3.91000008583069 3.9300000667572 3.99000000953674 4 4.03000020980835 4.1100001335144 4.15000009536743 4.69000005722046 4.80999994277954 5.61999988555908 5.32000017166138 5.80000019073486 6.15000009536739
-9999 -9999 -9999 4.12999802710793 -0.0299999993294477 -1.12999999523163 -3.08000013362669 -5.28999996185303 -4.92000007629395 -2.60999989509582 -6.65999983170921 -5.07000017166138 -3.03999996185303 -6.44000005722046 0.759999990463257 0.800000011920929 0.75 0.819999992847443 1.75999999046326 1.71000003814697 1.75 1.44000005722046 1.5 1.69000005722046 2.71000003814697 2.82999992370605 3.59999990463257 4.78999996185303 5.71000003814697 3.99000001070094 3.94000005729981 4.03999996185303 4.3899998664856 4.17000007629395 3.75 3.78999996185303 4.05999994277954 4.26999998092651 4.32000017166138 4.3600001335144 4.40000009536743 4.82999992370605 5.6399998664856 5.73999977111816 6.19999980926514 6.51999998092651 6.23000001907349
-9999 -9999 -9999 3.26999998092651 -1.53999996185303 1 -4.55000019073486 -3.84000143565931 -6.3600001335144 -1.53999996185303 -2.6800000667572 -4.73000001907349 -4.90000009536743 -4.17000007629395 0.419999986886978 0.589999973773956 0.660000026226044 0.730000019073486 0.939999997615814 1.33000004291534 1.37999999523163 1.46000003814697 1.60000002384186 1.64999997615814 2.49000000953674 2.6800000667572 3.5 4.28999996185303 4.92999982833862 4.17999982833862 3.77999997138977 3.88000011444092 4.34999990434591 4.48999977087835 4.05000019073486 3.95000004768372 4.32999992370605 4.36999988555908 4.44999980926514 4.75 4.78999996185303 5.40000009536743 5.98000001907349 6.05000019073486 6.36999988555908 6.6399998664856 6.67999982833862
-9999 -9999 -9999 -1.23000001907349 2.23000012329457 -1.64999997615814 -0.0799999982118607 -5.17999982833862 -3.70000055589081 -5 -3.15000009536743 -1.53999996185303 -1.87000000476837 -0.239999994635582 0.319999992847443 0.170000001788139 0.300000011920929 0.639999985694885 0.759999990463257 1.35000002384186 1.37000000476837 1.4099999666214 1.69000005722046 1.85000002384186 2.20000004768372 2.70000004768372 3.41000008583069 3.72000002861023 4.03999996185303 3.75 3.16000008583069 3.88000011421503 3.99000000941905 3.99000000953674 3.91000008583069 4.21999979019165 4.44000005722046 4.82000017166138 4.84999990463257 4.94999980926514 4.98000001907349 5.88000011444092 6.07999992370606 6.25 6.57000017166138 6.61999988555908 6.76000022888184
-9999 -9999 -9999 -0.509999990463257 1.92999994754791 3.55999994277954 -1.10000002384186 0.300000011920929 -3.53999996185303 -4.73999852114558 -5.65999984741211 -2.50999999046326 -3 -2.45000004768372 0 0.270000010728836 0.720000028610229 0.569999992847443 0.639999985694885 0.709999978542328 1.28999996185303 1.24000000953674 1.89999997615814 1.62999999523163 2.15000009536743 2.64000010490417 3.21000003814697 3.38000011444092 3.33999991416931 3.69000005722046 3.67000007629395 3.73000001907349 3.65000009536743 3.50999999046326 3.78999996185303 4.36000013352321 4.61000013352558 4.94999980926514 5.15000009536743 5.46999979019165 5.46000003814697 5.94000005722046 5.94000005722046 6.28000020980835 6.57000017166138 6.63000011444092 6.76999998092651
-9999 -9999 -9999 -3.77999997138977 -0.769999980926514 2.38000011444092 3.03999996185303 -3.53999996185303 -0.379999995231628 -3.75 -4.88999907174161 -5.90000009536743 -5.15000009536743 -3.6800000667572 -0.670000016689301 -0.270000010728836 1.29999995231628 0.589999973773956 0.389999985694885 0.649999976158142 1.54999995231628 1.55999994277954 2.30999994277954 1.80999994277954 2.38000011444092 2.69000005722046 3.13000011444092 3.07999992370605 2.58999991416931 3.34999990463257 3.57999992370605 3.63000011444092 3.75 3.97000002861023 4.40999984741211 4.73000001907349 5.17999982833862 5.26999998092651 5.51000022888184 5.96999979018955 5.67999982833874 5.76000022888163 6.23999977111807 6.42000007629381 6.53999996185272 6.61000013351424 6.69999980926514
-9999 -9999 -4.3899998664856 -3.17000007629395 -7.25 0.990000009536743 3.10999989509582 0.75 -2.22000002861023 1.77999997138977 -4.59000015258789 -6.42999954649185 -7.05999994277954 -4.84999990463257 -1.80999994277954 -4.21999979019165 -0.519999980926514 0.0599999986588955 0.370000004768372 0.600000023841858 1.79999995231628 1.94000005722046 2.07999992370605 2.21000003814697 2.36999988555908 2.45000004768372 3.1800000667572 3.09999990463257 2.97000002861023 3.48000001907349 3.61999988555908 3.59999990463257 3.85999989509582 4.1100001335144 4.59000015258789 5.01999998092651 5.57999992370605 5.3600001335144 5.51000022887974 5.67000007629362 5.73000001907323 5.67000007629395 6.19999980926514 6.3600001335144 6.40999984741211 6.53999996185303 6.6399998664856
-9999 -9999 -6.48000001907349 -7.21999979019165 -4.21999979019165 -6.09999990463257 -1.83000004291534 2.6800000667572 -0.850000023841858 -3.26999966604206 -4.32999992370605 -3.78999996185303 -6.5 -5.53999996185303 -1.92999994754791 -2.63000011444092 -1.26999998092651 -0.389999985694885 -0.0199999995529652 0.610000014305115 2.21000003814697 2.34999990463257 2.47000002861023 2.54999995231628 2.94000005629141 2.92000007633441 3.03999996185303 2.96000003814697 3.72000002861023 3.66000008583069 3.60999989509583 3.70000004768372 4 4.32000017166138 4.71000003814697 5.11000013351441 5.32999992370605 5.40999984741211 5.55000019073486 5.57000017166138 5.59000015258789 5.92999982833862 6.09999990463257 6.05000019073486 6.03000020980835 6.17000007629395 6.53999996185303
-9999 -9999 -4.76000022888184 -3.0699999332428 -4.30999994277954 -5.73000001907349 -5.05999955191829 2.26999998092651 2.85999989509582 -3.02999997138977 0.0299999993294477 -1.61000001430511 -5.11999988555908 -5.36999988555908 -1.26999998092651 -1.27999997138977 -1 -0.400000005960464 0.219999998807907 0.620000004768372 2.28999996185303 2.5699999332428 2.82999992370605 2.98000001907349 3.20000004768372 3.09999990463257 3.39000010490417 3.44000005722046 3.66000008583069 3.72000002861023 3.63000011444092 3.77999997138977 4.15000009536743 4.46000003814697 4.65999984741211 5.05000019073486 5.23999977111816 5.46999979019165 5.55999994277954 5.57999992370605 5.59000015258789 5.92000007629395 6.07999992370606 6 5.76999998092651 6.1100001335144 6.42000007629395
-9999 -9999 -4.05000019073486 -2.08999991416931 -2.96000003814697 -7.23000001907349 -4.40000009536743 -1.3400000333786 3.73000001907349 -2.59999990463257 -2.73000001907349 -3.49000000953674 -2.35999989509582 -6.88999985439607 -6.94999980926514 -1.05999994277954 -0.889999985694885 -0.569999992847443 0.340000003576279 0.899999976158142 2.39000010490418 2.8199999332428 3.20000004768372 3.25999999046326 3.25 3.27999997138977 3.75 3.85999989509583 3.85999989509583 3.9300000667572 3.86999988555908 4.21999979019165 4.3600001335144 4.65000009536743 4.76999998092651 4.92999982833862 5.38000011444092 5.51999998092651 5.57999992370605 5.6100001335144 5.8899998664856 5.92999982833862 6.09000015258789 6.05000019073486 6.19000005722046 6.38000011444092 6.73000001907349
-9999 -9999 2.10000160349591 -1.52999997138977 -5.96000003814697 -4.19999980926514 -3.77999997138977 -2.25999999046326 3.5699999332428 0.109999999403954 -3.72999992816773 1.02999997138977 -1.50999999046326 -3.77999997138977 -4.15000009536743 -0.769999980926514 -0.46000000834465 -0.150000005960464 0.330000013113022 0.949999988079071 2.29999995231628 2.39000010490417 2.96000003814697 3.34999990463257 3.48000001907349 3.54999995231628 3.67000007629395 3.91000008583069 3.90000009536743 3.99000000953674 4.01000022888184 4.09000015258789 4.59999990463257 4.86999988555908 4.98000001907349 5.38000011444092 5.46999979019165 5.80999994277954 5.75 5.86999988555908 5.92000007629394 5.92999982833862 6.38000011444092 6.48000001907349 6.61999988555908 6.76999998092651 6.86999988555908
-9999 -9999 5.51999998092651 -6.76999788817179 -7.65999960360019 -6.38000011444092 -7.3600001335144 -1.95000004768372 -1.47000002861023 3.97000002861023 -4.73999977111816 -0.219999998807907 -3.01999998092651 -4.75 -6.13000011444092 -7.01999998092651 -3.10999989509582 0.100000001490116 0.469999998807907 1.03999996185303 1.97000002861023 1.89999997615814 3.24000000737025 3.24999999996858 3.3199999332428 3.50999999023616 3.50999999324102 3.90000009536743 3.9300000667572 4.05000019073486 4.25 4.30999994277954 4.48999977111816 4.88999986648559 5.26000022888184 5.3899998664856 5.71000003814697 5.76000022888184 5.78000020980835 5.84999990463257 6 6.1399998664856 6.59000015258789 6.67000007629395 6.86999988555908 6.96000003814697 7.17000007629394
-9999 -9999 5.80000019073486 -4.51000022888184 -5.15000009536743 -6.05999994277954 -3.41000008583069 -6.3600001335144 -4.48999977111816 2.94000005722046 -4.30000019073486 -3.29999995231628 -1.95000004768372 -4.57000017166138 -4.92000007629395 -5.51999998092651 -3.44000005722046 -3.28999996185303 0.639999985694885 1.79999995231628 2.21000003726283 2.70000004554009 3.21000003814697 3.24000000953674 3.26999998092651 3.83999991416931 3.99999999974046 3.94000005722046 4.13000011444092 4.3899998664856 4.36999988555908 4.40999984741211 4.63999986648559 5.03999996185303 5.36999988555908 5.48000001907349 5.75 5.82000017166138 6.05000019073486 6.15999984741211 6.25 6.42000007629395 6.73999977111816 6.96000003814697 7.01000022888184 7.11999988555908 7.30000019073486
