SnowAccumulation_R/test/tmax/final_tmax_25_04_2009.asc
NCOLS 97 
NROWS 69 
XLLCORNER 52512.810182332 
YLLCORNER 5316225.2758522 
CELLSIZE 10000 
NODATA_value -9999 
[rows 42 to 62 of 69, columns 47 to 93 of 97]
11.9399995803833 11.8599996566772 11.8199996948242 11.8299999237061 11.7399997711182 11.4099998474121 11.4099998474121 11.6099996566772 11.8000001907349 11.9499998092651 11.789999961853 11.7299995422363 11.6800003051758 11.6999998092651 11.6099996566772 11.609999656763 11.5500001907349 11.5200004577637 11.4499998097529 11.4200000762939 11.0299997329712 11.1700000671652 11.0799999237061 11.3299999237061 11.1300001144409 11.2200002670288 11.4300003051758 11.5600004196167 11.6700000762939 11.8699998855591 11.710000038147 11.6899995803833 11.8599996566772 11.8299999237061 11.8100004196167 12.5100002288818 12.9499998092651 13.1199998855591 13.2299995422363 13.1800003051758 13.1000003814697 12.8000001907349 12.460000038147 12.6300001144409 12.8500003814697 12.9300003051758 12.9099998474121
11.9899997711182 11.9300003051758 11.8500003814697 11.5799999237061 11.3999996185303 11.5500001907349 11.5 11.4899997711182 11.5299997329712 11.6199998855591 11.6899995803833 11.6499996185303 11.6300001144409 11.6099996566772 11.5799999237061 11.5 11.6499996185303 11.5299997329712 11.560000419471 11.3599996524188 11.3199996948242 11.1300001141055 11.0500001907349 11.039999961853 11.3699998855591 11.4099998474121 11.5200004577637 11.6099996566772 11.6499996185303 11.9099998474121 11.9799995422363 11.9399995803833 12.0799999237061 12.1899995803833 12.2200002670288 12.0900001525879 12.8800001144409 12.9200000762939 13.3599996566772 13.4200000762939 13.3800001144409 13.1599998474121 12.9200000762939 12.9399995803833 13.0600004196167 13.1099996566772 13.1000003814697
12.0100002288818 11.9499998092651 11.6300001144409 11.3000001907349 11.2299995422363 11.4399995803833 11.5 11.5600004196167 11.6199998855591 11.6499996185303 11.6099996566772 11.5299997329712 11.5 11.460000038147 11.3800001144409 11.3500003814697 11.539999961853 11.4499998092651 11.3699998798468 11.2700004577637 10.960000038147 10.8800001144409 10.789999961853 11.1999998092651 11.2799997329712 11.5299997329712 11.789999961853 11.8299999236571 11.75 11.9300003051758 12.0200004577637 12.2399997711182 12.3699998855591 12.4499998092651 12.5900001525879 12.8000001466764 12.7200002620011 12.710000038147 13.4399995803833 13.6599997502143 13.6999998092651 13.5900001525879 13.4399996452657 13.3900003433228 13.3800001144409 13.3599996880965 13.3400008351255
12.1400003433228 11.9300003051758 11.5500001907349 11.2200002670288 11.1300001144409 11.5699996948242 11.5200004577637 11.5100002288818 11.460000038147 11.3599996566772 11.460000038147 11.3699998855591 11.3199996948242 11.2799997329712 11.25 11.22999954076 11.159999842715 11.0699996948242 11.1899995803833 11.0600004196167 10.9099998474121 10.8699998855591 10.9899997711182 11.0299997329712 11.1300001144409 11.2200002670288 11.8599996566772 11.9399995803833 12.0100002288818 12.1099996566772 12.1599998474121 12.0500001907349 12.3199996948242 12.5200004577637 12.6899995828954 12.8999996185303 12.8999996185303 13.0699996948242 13.210000038147 13.1700000762939 13.9700002670288 13.9300003051758 13.8800001144409 13.8199996948242 13.7200002670288 13.6800003051758 13.8500003814697
12.1999998092651 11.8599996566772 11.3800001144409 11.1000003814697 11.039999961853 11.5200004577589 11.25 11.2700004577637 11.3000001907349 11.1599998474121 11.1899995803833 11.2600002288818 11.2799997329712 10.9399995798188 10.3100004196167 10.3699998855591 10.7600002288818 10.9700002670288 11 10.9399995803833 10.9399995803833 10.9799995422363 11.2399997711182 11.6999998092651 11.710000038147 11.6599998474121 11.9300003051758 11.9300003051758 12.0100002288818 12.1099996566772 12.1400003433228 11.9799995422363 12.3299999237061 12.4700002670288 12.6199998855591 13.1300001144409 13.1899995803833 13.1899995803833 13.4799995422363 13.8100004196167 14.1199998855591 14.3199996948242 14.1899995803833 14.0699996948242 14.0299997450296 14.1599998474121 14.039999961853
11.9899997711182 11.8100004196167 11.6099996566772 11.1000003814697 10.9499998092651 11.2799997329621 10.8500003814697 11.039999961853 11.1199998855418 10.9899997711182 11.0500001902195 11.1099996559636 10.2600002288818 9.63000011444092 9.82999992421928 10.5500001907349 10.5600004196167 10.6599998474121 10.7600002288818 10.8000001907349 11.210000038147 11.3199996948242 11.6000003814697 11.9099998474121 11.8800001144409 11.8900003433228 11.7299995422363 11.6999998092651 11.9700002670288 12.1499996182467 12.1599998474121 12.1199998855591 12.210000038147 12.3800001144409 12.6899995803833 12.9099998474121 13.289999961853 13.6999998092651 13.8599996566772 14.1800003051758 14.4799995422363 14.460000038147 14.4799995422363 14.25 14.180000528685 14.1700000762939 14.0799999237061
11.8699998855591 11.7600002288818 11.6800003051758 11.0299997329712 10.8400001525879 10.630000114435 10.3999996185303 10.7200002669608 10.8599996564786 9.72999954223633 9.09000015258789 9.31999969477564 9.0600004196167 9.32999992370605 9.61999988615016 10.6400003433228 10.6099996566772 10.60000038159 10.960000038147 11.1499996185303 11.3800001154473 11.7299995422363 11.8299999237061 11.8999996182764 11.8199996948242 11.75 11.6700000762939 11.710000038147 11.8699998855591 12.0299997329712 12.0600004196167 12.0200004577637 12.1099996566772 12.3599996566772 12.710000038147 13.0799999237061 13.3800001144409 13.8100004196167 14.0500001907349 14.3999996185303 14.8000001907349 14.710000038147 14.1999998092651 14.4300002172784 14.3400001525879 14.1499996185303 14.0600004196169
11.75 11.6899995803833 10.9499998092651 10.8400001525879 10.5600004196167 8.25 8.98999977111816 9.35999965667724 8.64999961853027 8.19999980926513 8.02999973297119 8.30000019073486 8.65999984741211 9.06999969482422 9.4399995803833 10.6899995803833 10.5600004196167 10.7299995422363 11.0299997329712 11.4499998092651 11.3999996185303 11.7399997711182 11.8400001525879 11.789999961853 11.8599996566772 11.8800001144409 11.8199996948242 11.9300003051758 11.9899997711182 12.039999958031 11.8999996185303 11.9499998092651 11.9499998092651 12.289999961853 12.7799997329712 13.0900001525879 13.3599996566772 13.529999715853 13.7399997711182 14.4399995803833 14.6599998040385 14.6000003814697 14.4099998474121 14.2700004577637 14.2600002288818 14.2299995422363 14.1099996566772
11.6300001144409 11.5100002288818 11.210000038147 10.7399997711182 10.4700002670288 7.53000020980835 7.73999977111816 8.18000030517578 7.3899998664856 8.5 8.39000034332275 8.52999973297119 8.75 9.10999965667725 10.0900001525879 10.6499996185303 10.5100002288818 10.5100002288818 10.8999996185303 11.3400001525879 11.4700002670288 11.25 11.6899995803833 11.6499996185303 11.8500003814697 11.9700002670288 12.0500001907349 11.9300003051758 12.0299997282985 11.9200000762939 11.8900003433228 11.8299999233919 11.8400001525879 12.0900001525879 12.2700004577637 12.8000001907349 13.3299999237061 13.2799997329712 13.789999961853 14.3500003814697 14.4099998474121 14.4799995422363 14.1199998855591 14.1300001144409 14.1300001144409 14.1999998092651 14.1599998474121
11.3900003433228 11.4200000762939 11.1499996185303 8.02999973297119 7.65000009536743 7.40999984741211 8.25 9.02000045776367 8.77000045776367 9.14999961853027 9.26000022888184 8.77000045776367 9.09000015258789 10.210000038147 10.3900003433228 10.4200000762939 10.1800003051758 10.4399995803833 10.6899995803833 11.3199996948242 11.25 10.9099998474121 11.3599996566772 11.6899995803833 11.8000001907349 11.960000038147 11.9399995803833 11.7600002490669 11.9899997706902 11.7700004577637 11.5900001525879 11.7299995422363 11.7299995422363 11.9499998092651 12.0100002288818 12.6899995803833 13.3900003433228 13.5699996948242 13.8500003814697 14.3699998855591 14.4099998474121 14.2200002670288 14.100000414959 14.0699996948242 13.9799995422363 13.9099998474121 13.8900003433228
11.25 8.77000045776367 9.02000045776367 9.13000011444092 9.09000015258789 8.85999965667725 9.30000019073486 9.76000022888184 9.80000019073486 9.8100004196167 9.80000019073486 9.72999954223633 9.40999984741211 10.4399995803833 10.6800003051758 10.4300003051758 10.3100004196167 10.710000038147 11.0100002288818 11.1800003051758 11.1999998092651 11.3800001144409 11.3299999231561 11.460000038147 11.6700000762939 11.7299995422363 11.6599998474121 11.8900003433228 11.8400001525879 11.5699996948242 11.1700000762939 11.2700004577637 11.2700004577637 11.2700004577637 11.5299997329712 11.789999961853 12.6700000040297 13.2799997329712 13.9700002670288 14.1499996185303 14.2700002807735 13.8699998855591 13.8699998855591 13.9499998092651 13.8100004196167 13.7799997329712 13.8299999237061
10.3800001144409 9.64999961853027 9.48999977111816 9.77999973297119 9.92000007629395 9.86999988555908 9.98999977111816 10.25 10.4099998474121 10.3800001144409 10.3400001525879 10.210000038147 9.71000003814697 10.5100002288818 10.8299999237061 10.8299999237061 10.7700004576678 10.9799995422363 11.3199996948242 11.4499998098703 11.7399997711182 11.7299995422363 11.6400003433228 10.9899997711182 11.1599998519669 11.0500001907349 11.460000038147 11.4399995803833 11.3199996948242 10.8599996566772 10.4700002670288 10.5600004196167 10.4799995422363 11.1000003702184 11.2799997329712 11.8999996185303 11.8400001525879 13.0100002288818 13.8100004196167 13.9699995761813 13.6099996566772 14.0299997329712 13.9700002670288 13.8500003814697 13.8500003915111 13.8199996948242 13.7700004577637
10.4700002670288 10.4099998474121 10.2799997329712 10.25 10.5299997329712 10.3400001525879 10.4700002670288 10.6300001144409 10.8100004196167 10.710000038147 10.8100004196167 10.7399997711182 10.6300001144409 10.7200002671749 11.1400003433228 10.9899997711182 10.9600000381854 11.0500001907349 11.289999961853 11.4399995803833 11.7299995422363 12.0299997329712 11.8500003814697 11.7600002288818 11.6400003433228 11.25 11.0900001525879 11.25 10.9300003051758 10.6199998855591 10.6400003433228 10.3299999237061 10.3699998855591 10.3299999237061 11.0699996948242 11.8699998855591 12.1099996566772 12.9899997711182 13.1299999126827 13.0600004196167 13.4099998474121 13.7600001037121 14.0299997329712 13.9899997711182 14.0299997329712 13.8100004196167 13.7200002670288
10.6400003433228 10.6700000762939 10.8599996566772 10.9200000762939 10.9499998092651 11.039999961853 11.0100002288818 10.9799995422363 11.2200002670288 11.0500001907349 10.6999998092651 11.0699996948242 11.4499998092651 11.48999977111 11.5 11.5 11.460000038147 11.3900003433228 11.5799999237061 11.6499996185303 11.6400003433228 12.1199998815126 12 12.1599998474121 11.8100004196167 11.2600002288818 11.789999961853 11.6599998467374 11.5200004577637 11.0600004196167 11.0100002288818 10.7299995422363 10.2600002288818 10.4099998474121 10.6599998474121 11.6700000762939 12.1199998855591 13.1599994084556 12.7700004577637 13.0100002288818 13.4399995803833 13.4300003051758 13.8199996948242 13.789999961853 13.9099998474121 13.9300003051758 13.8000002641551
10.8500003814697 11.1700000762939 11.2200002670288 11.4499998092651 11.3900003433228 11.4099998474121 11.5200004577637 11.3599996566772 11.3599996566772 11.6400003433228 11.560000419625 11.6400003433228 11.6400003433228 11.5500001907349 11.710000038147 11.7200002670288 11.789999961853 11.8199996948242 11.9399995803833 11.9600000419593 12.0900001525879 12.2299995422363 12.1800003051758 12.1000003814697 12.2100000376693 11.710000038147 12.0100002288818 12.0600004196167 11.8699998855591 11.460000038147 11.1300001144409 10.9300003051758 10.4399995853916 10.5200004577637 11.2399997711182 11.5100002288818 12.199996003584 5.13749980926514 5.37249994277954 5.94999980926514 5.86749982833862 6.12249994277954 6.92500019073486 6.99999982685495 7.15500020980835 7.25 7.04750013351441
11.0900001525879 11.4899997711182 11.539999961853 11.6700000762939 11.6800003051758 11.6199998855591 11.8400001525879 11.8100004196167 11.7200002670288 11.9399995803833 11.9099998474121 12.1000003814697 11.4399995803833 11.4499998092651 11.6800003051758 11.8000001907349 11.8900003433228 12.0200003966565 5.85500001907349 5.96250009536743 6.21750020980835 6.07250022895147 6.32499980926514 5.97249984741211 5.74749994277954 5.50750017166138 5.60750007629395 5.89750003814697 6.1875 5.90000009536743 5.38250017166138 5.65749979019165 5.78249979019165 4.94500017166138 4.7649998664856 5.14749985686632 5.7350001335144 5.77500009536743 6.03499984741211 5.92500019073486 5.73250007629394 6.26749992370605 6.98750019073486 6.73999977111816 7.08750009536743 7.12249994277954 6.99749994277954
7.22749996185303 7.22249984741211 7.25250005722046 7.34000015258789 7.18499994277954 6.94500017166138 6.59250020980835 6.67749977111415 6.47749996185303 6.38000011444092 6.17250013351441 6.13250017166138 5.3125 4.9375 5.36999988555908 5.71250009505283 5.75250005722046 6.09000015258789 6.0650000569691 5.85750007629395 5.83500003814697 6.30749988555908 6.4850001335144 5.86250019073486 5.50250005722046 5.93249988555908 6.01249980926514 6.32000017166138 6.40749979019165 6.34250020895827 5.37249994277954 5.42000007629395 5.53999996185303 5.58500003814697 4.57000050714414 5.13999986648559 5.84749984741211 5.96999979019165 6.37249994277954 6.06750011444092 6.02750015258789 6.23250007629394 7.18499994277954 6.98250007629394 7 7.0149998664856 6.80500052924074
7.07999992370605 7.20749998092651 7.22749996185303 7.50250005722046 7.07499980926514 6.70499992370605 6.6399998664856 6.54250001907972 6.75250005722046 6.84999990463257 6.70499992370605 6.29500007629395 5.43750000061691 4.85750007688346 5.21500015258789 5.60500001907349 5.76249980926514 5.8600001335144 5.90000009536743 5.91249990463257 6.05000019073486 6.12750005722046 6.83249998092651 5.84250020980835 5.6100001335144 6.45749998092651 6.20249986820811 6.65999984741211 6.50250005722046 6.37750005722046 5.57749986648559 5.25750017166138 5.29750013351441 5.33249993874257 5.18499989130484 5.35249996185303 5.28249979019165 5.34749984741211 6.03499984741211 5.69000005722046 5.80249977111816 6.12249994277954 6.19750022888184 6.41249990463257 6.71999979019165 6.92250013351441 6.92999982833862
7.18249988555908 7.40999984741211 7.39499998092651 7.56500005722046 7.25250005722046 6.80249977111816 6.67749977111816 6.75250005722046 6.86250019073486 7.13000011439085 7.0850000382863 6.65999984741211 6.57749986648559 6.36499977111816 5.72499990463257 5.67749977108836 5.76000022888184 6.0149998664856 6.1875 5.89750003814697 6.1100001335144 6.19500017166138 6.96750020980835 6.09000015258789 5.96999979019165 6.82499980926514 6.61250019073486 6.57250022888184 6.57749986648559 6.55999994277954 6.03749990463257 5.7750000964246 5.79000004429752 5.33750009536743 5.09999990463257 4.9850001335144 5.48250007629395 5.54250001907349 5.66750001907349 5.58250075534063 5.60500001907349 5.8600001335144 6.04500007629395 6.42000007629395 6.48250007629395 6.97499990463257 6.87750005722046
7.32000017166138 7.46500015258789 7.50500011444092 7.55499982833862 7.60750007629395 7.15250015260028 6.84999990461778 6.51749992370605 7.10750007629395 7.16249990463257 7.17999982833862 7.03999996185303 7.11250019073486 7.36250019073486 7.04500007629395 6.71250009536743 6.36999988555908 6.3274998664856 6.1875 6.5625 6.53999996185303 6.75250005722046 7.30249977111816 7.2350001335144 6.66249990463257 6.875 6.22499990463257 6.65999984741211 6.05000019073486 5.47749996185303 6.53249979019165 6.53000020980835 5.88250017166138 5.37750005722046 5.15500020980835 5.13999986648559 5.55999991752541 5.7975001335144 5.96500015258789 6.28749990463257 5.3899998664856 6.05999994277954 5.8899998664856 6.49249982833862 6.54000017770899 7.30749988555908 7.24749994277954
7.36749982833865 7.5149998664856 7.55499982833862 7.46999979019165 7.23500013351465 7.30000019073486 7.09749984741211 6.83750009536743 7.1100001335144 7.10249996185303 7.25500011444092 7.5149998664856 7.84000015279389 8.22000026702881 7.96000003814697 7.72249984741211 7.07749986648559 6.59000015258789 6.65500020980835 6.56750011444092 6.77750015417069 7.4375 7.86250019073486 7.84749984741211 7.55000019073486 7.03499984741211 6.625 6.875 6.2624998040304 5.90749979019165 5.92000007629395 6.40250015258789 6.10750007629395 5.46000004326893 5.37249994277954 5.06500005722046 5.13500022888184 4.85500001907349 4.96500015258789 5.56750011444092 5.73999977111816 5.38250017166138 6.07250022888184 6.70750036693007 7.17999982833862 7.52500009536743 7.12500012845955
