SnowAccumulation_R/test/tmax/final_tmax_29_04_2009.asc
NCOLS 97 
NROWS 69 
XLLCORNER 52512.810182332 
YLLCORNER 5316225.2758522 
CELLSIZE 10000 
NODATA_value -9999 
[rows 42 to 62 of 69, columns 47 to 93 of 97]
9.11999988555908 9.0600004196167 8.8100004196167 8.85000038146973 8.90999984741211 8.3100004196167 8.13000011444092 8.03999996185303 7.94999980926514 8.01000022888184 7.53999996185303 7.23999977111816 7.07000017166138 6.90999984741211 6.6399998664856 6.57000017168995 6.38000011444092 6.25 6.09999990593325 6.05000019073486 5.53999996185303 5.76000020113056 5.09000015258789 5.21000003814697 4.76999998092651 4.78999996185303 4.90999984741211 4.92999982833862 4.98999977111816 5.05999994277954 4.59000015258789 4.40999984741211 4.30000019073486 3.88000011444092 3.65000009536743 4.13000011444092 4.40000009536743 4.09000015258789 4.28000020980835 4.40999984741211 4.46000003814697 4.48999977111816 4.6100001335144 4.65999984741211 4.71999979019165 4.71000003814697 4.6399998664856
9.18000030517578 8.86999988555908 8.77999973297119 8.3100004196167 8.10999965667724 8.36999988555908 8.10999965667725 7.73999977111816 7.46000003814697 7.42999982833862 7.23999977111816 6.94000005722046 6.80999994277954 6.57000017166138 6.34999990463257 6.15999984741211 6.21000003814697 5.90000009536743 5.86999988512209 5.40999983144284 4.61000013351441 4.34999990487212 4.46000003814697 4.36999988555908 4.65999984741211 4.63999986648559 4.6100001335144 4.55999994277954 4.51999998092651 4.65999984741211 4.48999977111816 4.28000020980835 4.1100001335144 3.85999989509583 3.69000005722046 3.11999988555908 3.34999990463257 3.26999998092651 3.83999991416931 4.09999990463257 4.19999980926514 4.34000015258789 4.40000009536743 4.46000003814697 4.55000019073486 4.57999992370605 4.57000017166138
9.1899995803833 8.90999984741211 8.27999973297119 7.61000013351441 7.44000005722046 8.06999969482422 7.96000003814697 7.65999984741211 7.40999984741211 7.28000020980835 6.94999980926514 6.59000015258789 6.44000005722046 6.15999984741211 5.84000015258789 5.71000003814697 5.76000022888184 5.42999982833862 5.21000002545304 4.48999977111816 3.89000010490417 3.75 3.64000010490417 4.13999986648559 4.19999980926514 4.40000009536743 4.59000015258789 4.5599999424615 4.25 4.26999998092651 4.26999998092651 4.26999998092651 4.09999990463257 4 3.76999998092651 3.23000000683505 2.6800000969228 2.49000000953674 3.28999996185303 3.67999987624957 3.89000010490417 4.11999988555908 4.28000016114677 4.32000017166138 4.46000003814697 4.55999986423376 4.59000031639677
9.35999965667725 8.93000030517578 8.1899995803833 7.46000003814697 7.15999984741211 8.02999973297119 7.78999996185303 7.42000007629395 7.01000022888184 6.73000001907349 6.55999994277954 6.17000007629394 5.98999977111816 5.69000005722046 5.42999982833862 5.30000018722857 4.96999978190763 4.34000015258789 4.3600001335144 3.95000004768372 3.5699999332428 3.47000002861023 3.54999995231628 3.51999998092651 3.60999989509583 3.59999990463257 4.30999994277954 4.32999992370605 4.23999977111816 4.15000009536743 4.09999990463257 3.67000007629395 3.6800000667572 3.75 3.26000001809567 3.02999997138977 2.75999999046326 2.5 2.29999995231628 2.10999989509583 3.36999988555908 3.66000008583069 3.83999991416931 4.19999980926514 4.40999984741211 4.5 4.76000022888184
9.43000030517578 8.89999961853028 8.01000022888184 7.48000001907349 6.96999979019165 7.92999982832902 7.25 6.90999984741211 6.59999990463257 6.26000022888184 5.98999977111816 5.82000017166138 5.71999979019165 5.0399999604567 3.76999998092651 3.73000001907349 3.95000004768372 3.95000004768372 3.86999988555908 3.54999995231628 3.35999989509583 3.32999992370605 3.54999995231628 4.07000017166138 4.03000020980835 3.83999991416931 4.05000019073486 3.97000002861023 3.91000008583069 3.82999992370606 3.75999999046326 3.27999997138977 3.42000007629395 3.21000003814697 2.96000003814697 3.0699999332428 2.85999989509582 2.25 2.08999991416931 2.28999996185303 2.54999995231628 3.34999990463257 3.41000008583069 3.84999990463257 4.3699995720489 4.44000005722046 4.80000019073486
9.07999992370605 8.82999992370605 8.32999992370605 7.21999979019165 6.71000003814697 7.44000005720538 6.53000020980835 6.3899998664856 6.32999992366352 5.82000017166138 5.59999990375149 5.53999996057098 3.97000002861023 2.96000003814697 3.08999991468254 3.73000001907349 3.48000001907349 3.32999992370605 3.32999992370606 3.14000010490418 3.45000004768372 3.50999999046326 3.73000001907349 4.03000020980835 3.92000007629395 3.8199999332428 3.47000002861023 3.34999990463257 3.54999995231629 3.60999989506038 3.51999998092651 3.23000001907349 3.00999999046326 2.96000003814697 2.92000007629395 2.90000009536743 2.75 2.59999990463257 2.47000002861023 2.21000003814697 2.15000009536743 2.26999998092651 3.14000010490417 3.53999996185303 3.78999959610938 4.11999988555908 4.65999984741211
8.82999992370605 8.72000026702881 8.35000038146973 6.86999988555908 6.34999990463257 6.46000003813524 5.73999977111816 5.74999999986573 5.76000022850935 3.57999992370605 2.47000002861023 2.73000001898442 2.26999998092651 2.42000007629394 2.67000007686313 3.65000009536743 3.32999992370605 3.18000006656474 3.33999991416931 3.33999991416931 3.51999998180167 3.77999997138977 3.75999999046326 3.77999997062821 3.53999996185303 3.30999994277954 3.15000009536743 3.07999992370606 3.14000010490417 3.28999996185303 3.15000009536743 2.72000002861023 2.74000000953674 2.79999995231628 2.82999992370606 2.99000000953674 2.69000005722046 2.54999995231628 2.5 2.22000002861023 2.09999990463257 2.20000004768372 2.27999997138977 3.45999956350288 3.5 3.88000011444092 4.42000007629267
8.63000011444092 8.60000038146973 6.8899998664856 6.23000001907349 5.65999984741211 3.34999990463257 3.51999998092651 3.36999988555908 2.02999997138977 1 0.889999985694885 1.24000000953674 1.63999998569489 1.97000002861023 2.29999995231628 3.51999998092651 3.05999994277954 3.11999988555908 3.21000003814697 3.48000001907349 3.29999995231628 3.53999996185303 3.5 3.34999990463257 3.29999995231628 3.20000004768372 3.05999994277954 3.08999991416931 3.05999994277954 3.06999988546653 2.5699999332428 2.48000001907349 2.39000010490417 2.55999994277954 2.75 2.86999988555908 2.5699999332428 2.11999992740359 2.05999994277954 2.33999991416931 2.28999995317826 2.28999996185303 2.53999996185303 2.73000001907349 3.30999994277954 3.90000009536743 4.01000022888184
8.10000038146973 7.82000017166138 7.1100001335144 5.96999979019165 5.03000020980835 2.33999991416931 1.91999995708466 1.63999998569489 0.540000021457672 1.29999995231628 1.25 1.47000002861023 1.71000003814697 1.94000005722046 2.95000004768372 3.28999996185303 2.79999995231628 2.65000009536743 2.8199999332428 3.08999991416931 3.14000010490417 2.65000009536743 3.02999997138977 2.89000010490417 3.01999998092651 3.03999996185303 3.09999990463257 2.83999991416931 2.89000006440743 2.5 2.40000009536743 2.22000002923864 2.15000009536743 2.21000003814697 2.25 2.4300000667572 2.51999998092651 2.15000009536743 2.21000003814697 2.46000003814697 2.38000011444092 2.44000005722046 2.49000000953674 2.6800000667572 3.15000009536743 3.80999994277954 4.01000022888184
7.53000020980835 7.53000020980835 6.88000011444092 3.6800000667572 2.55999994277954 1.98000001907349 2.32999992370605 2.59999990463257 2.03999996185303 2.25 2.36999988555908 1.78999996185303 2.16000008583069 3.11999988555908 3.16000008583069 2.82999992370606 2.20000004768372 2.33999991416931 2.32999992370605 2.82999992370605 2.61999988555908 1.98000001907349 2.33999991416931 2.69000005722046 2.6800000667572 2.75 2.6800000667572 2.36999988177438 2.41000008529577 2.13000011444092 1.9099999666214 2.05999994277954 1.97000002861023 2.01999998092651 1.92999994754791 2.28999996185303 2.63000011444092 2.57999992370605 2.4300000667572 2.75999999046326 2.71000003814697 2.72000002861023 2.70000002758985 2.78999996185303 3.01999998092651 3.11999988555908 3.52999997138977
7.1100001335144 4.73999977111816 4.92000007629395 4.57999992370605 3.96000003814697 3.41000008583069 3.32999992370605 3.40000009536743 3.25999999046326 3.02999997138977 2.95000004768372 2.90000009536743 2.55999994277954 3.21000003814697 3.28999996185303 2.63000011444092 2.13000011444092 2.42000007629395 2.47000002861023 2.41000008583069 2.30999994277954 2.3199999332428 2.1600000846085 2.15000009536743 2.25 2.25 1.77999997138977 2.04999995231628 2 1.71000003814697 1.28999996185303 1.44000005722046 1.42999994754791 1.28999996185303 1.44000005722046 1.33000004291534 1.80999989294214 2.28999996185303 2.76999998092651 2.85999989509583 2.81000002021254 2.51999998092651 2.54999995231628 2.82999992370605 2.90000009536743 3.01999998092651 3.4300000667572
6.03000020980835 5.13999986648559 4.86000013351441 4.80000019073486 4.51000022888184 4.21999979019165 3.89000010490417 3.80999994277954 3.8199999332428 3.53999996185303 3.35999989509582 3.1800000667572 2.58999991416931 3.03999996185303 3.20000004768372 2.82999992370605 2.57999992326506 2.5 2.61999988555908 2.64000010516894 2.75999999046326 2.54999995231628 2.34999990463257 1.3400000333786 1.36000000519543 0.910000026226044 1.25 1.23000001907349 1.12000000476837 0.689999997615814 0.370000004768372 0.550000011920929 0.550000011920929 1.23000000819722 1.30999994277954 1.55999994277954 1.24000000953674 2.03999996185303 2.72000002861023 2.81999925185942 2.48000001907349 3.02999997138977 2.96000003814697 2.90000009536743 3.09999980421129 3.17000007629395 3.39000010490417
5.75 5.44000005722046 5.19000005722046 4.8600001335144 4.82000017166138 4.42999982833862 4.19000005722046 4.01999998092651 4.07000017166138 3.67000007629395 3.5699999332428 3.41000008583069 3.11999988555908 3.07999992373851 3.22000002861023 2.71000003814697 2.51999998065731 2.3199999332428 2.33999991416931 2.41000008583069 2.55999994277954 2.77999997138977 2.45000004768372 1.96000003814697 1.51999998092651 0.920000016689301 0.5799999833107 0.759999990463257 0.46000000834465 0.270000010728836 0.389999985694885 0.219999998807907 0.479999989271164 0.529999971389771 1.25 1.62999999523163 1.62000000476837 2.05999994277954 2.01999997285619 2.19000005722046 2.51999998092651 2.91999991742474 3.29999995231628 3.29999995231628 3.42000007629394 3.27999997138977 3.36999988555908
5.59000015258789 5.28000020980835 5.3600001335144 5.19999980926514 4.96000003814697 4.90999984741211 4.55000019073486 4.17000007629394 4.30000019073486 3.76999998092651 3.07999992370606 3.36999988555908 3.59999990463257 3.54999995220244 3.29999995231628 2.99000000953674 2.79999995231628 2.44000005722046 2.46000003814697 2.46000003814697 2.27999997138977 2.76999997221092 2.44000005722046 2.40000009536743 1.57000005245209 0.769999980926514 1.07000005245209 0.930000007152557 0.990000009536743 0.680000007152557 0.75 0.649999976158142 0.319999992847443 0.610000014305115 0.910000026226044 1.53999996185303 1.76999998092651 2.28999992070086 2.6800000667572 2.50999999046326 2.84999990463257 2.75999999046326 3.22000002861023 3.19000005722046 3.41000008583069 3.55999994277954 3.54999992294832
5.48000001907349 5.40999984741211 5.3899998664856 5.48000001907349 5.17000007629395 5.05999994277954 4.88999986648559 4.36999988555908 4.19000005722046 4.21000003814697 3.9200000762552 3.65000009536743 3.46000003814697 3.25999999046326 3.22000002861023 2.94000005722046 2.88000011444092 2.69000005722046 2.70000004768372 2.65000009718281 2.5699999332428 2.70000004768372 2.57999992370605 2.20000004768372 2.19000005507089 1.20000004768372 1.29999995231628 1.37999999523163 1.35000002384186 1.0900000333786 0.810000002384186 0.800000011920929 0.410000000913901 0.589999973773956 1.38999998569489 1.58000004291534 2.06000484471781 10.5275001525879 10.8824996948242 11.1000003814697 11.085000038147 11.4274997711182 11.8649997711182 11.8149994588135 12.0325002670288 12.0799999237061 11.8549995422363
5.51000022888184 5.61999988555908 5.53999996185303 5.48000001907349 5.23999977111816 5.03999996185303 5.03000020980835 4.67000007629395 4.3899998664856 4.32999992370605 4.1100001335144 4.03000020980835 2.96000003814697 2.86999988555908 2.89000010490418 2.75 2.71000003814697 2.68000008889567 5.23750019073486 5.59000015258789 6.17749977111816 5.96000003967901 6.48999977111816 6.19250011444092 5.78249979019165 5.97249984741211 5.97749996185303 6.4225001335144 7.22249984741211 7.63749980926514 7.6725001335144 8.65250015258789 9.07499980926514 8.9399995803833 9.59500026702881 9.91499992020744 10.6899995803833 11.3500003814697 11.6049995422363 11.2049999237061 10.9099998474121 11.9274997711182 12.125 11.7674999237061 12.0950002670288 12.0150003433228 11.8374996185303
2.38750004768372 2.79500007629395 3.0699999332428 3.35750007629395 3.22250008583069 3.08500003814697 3.04500007629395 3.24250006674917 2.81750011444092 3.19250011444092 3.22749996185303 3.66000008583069 3.21499991416931 3.13750004768372 3.8675000667572 4.42000007605799 4.58500003814697 5.16499996185303 5.52500009534387 5.4225001335144 5.91750001907349 6.3125 6.61250019073486 6.05000019073486 5.38500022888184 6.31500005722046 6.41249990463257 6.81500005722046 7.39249992370605 7.70249986831264 7.78249979019165 8.625 9.05500030517578 9.80000019073486 9.53500018289507 10.2174997329712 10.5524997711182 11.0074996948242 11.835000038147 11.25 11.1424999237061 11.9274997711182 12.3824996948242 12.1925001144409 12.3299999237061 12.2974996566772 11.8475006964724
2.4449999332428 2.65750002861023 2.98000001907349 3.49499988555908 3.11999988555908 2.85750007629395 3.04500007629395 3.15000009538613 3.48250007629395 3.45000004768372 3.36999988555908 3.65249991416931 3.09999990516379 3.1075000762052 3.79250001907349 4.35249996185303 4.60249996185303 5.32999992370605 5.51999998092651 5.58249998092651 5.71500015258789 6.14750003814697 6.75500011444092 6.08750009536743 5.77750015258789 6.77500009536743 6.6950001745012 7.23999977111816 7.53000020980835 7.99249982833862 8.28749942779541 8.68499946594238 9.02499961853027 9.73750022000538 10.560000271906 10.7775001525879 10.5825004577637 10.8500003814697 11.7674999237061 11.5500001907349 11.2600002288818 11.7174997329712 11.6374998092651 11.7749996185303 12.085000038147 12.2674999237061 12.4049997329712
2.63750004768372 2.79500007629395 2.90249991416931 3.43499994277954 3.32249999046326 3.02500009536743 3.0625 3.33999991416931 3.71749997138977 3.92499995242078 3.85500001947561 3.73749995231628 4.27750015258789 4.17500019073486 4.21000003814697 4.35500001922625 4.61749982833862 5.74499988555908 5.94500017166138 5.71250009536743 5.74249982833862 5.78749990463257 6.97249984741211 6.1875 6.00250005722046 6.91249990463257 6.99499988555908 7.24499988555908 7.89249992370605 8.44750022888183 9.13249969482422 9.49250030557724 9.75749979877605 10.0325002670288 10.085000038147 10.3100004196167 11.0050001144409 11.3024997711182 11.6925001144409 11.8100010814387 11.5174999237061 11.5174999237061 11.7650003433228 11.9750003814697 12.1225004196167 12.8424997329712 12.6949996948242
2.55250000953674 2.64249992370605 2.71250009536743 3.18499994277954 3.52749991416931 3.30999994278327 3.18000006673454 2.97000002861023 3.8050000667572 4.28249979019165 4.46999979019165 4.25500011444092 4.84250020980835 5.14750003814697 5.71500015258789 5.57499980926514 5.8125 6.02750015258789 5.85750007629395 6.56750011444092 6.26999998092651 6.32250022888184 6.86999988555908 7.09499979019165 5.83750009536743 6.54500007629395 6.34499979019165 7.61499977111816 7.96000003814697 7.98000001907349 10.0050001144409 10.7574996948242 10.4825000762939 10.2875003814697 10.2600002288818 10.7200002670288 11.3474998238416 11.7475004196167 12.1099996566772 12.4449996948242 11.4549999237061 11.9425001144409 11.8699998855591 12.147500038147 12.4875002552899 13.25 13.1800003051758
2.34249997138957 2.48499989509583 2.69250011444092 3.09500002861023 2.95499992370683 3.28250002861023 3.25500011444092 3.14000010490417 3.90750002861023 4.28749990463257 4.52750015258789 4.75250005722046 5.2500000002922 5.94750022888184 6.69250011444092 6.73750019073486 6.68249988555908 6.8274998664856 6.73750019073486 6.63250017166138 6.80000019143564 7.15250015258789 7.59749984741211 7.375 5.63000011444092 6.31750011444092 6.83500003814697 8.36750030517578 8.51749992339951 9.02250003814697 9.94750022888183 10.6225004196167 10.9949998855591 10.5000000019091 10.6975002288818 10.8850002288818 11.0725002288818 10.9025001525879 11.2399997711182 11.8950004577637 11.9399995803833 11.5450000762939 12.210000038147 12.6350009567746 13.3100004196167 13.5050001144409 13.1125003130766
