SnowAccumulation_R/test/tmax/final_tmax_28_04_2009.asc
NCOLS 97 
NROWS 69 
XLLCORNER 52512.810182332 
YLLCORNER 5316225.2758522 
CELLSIZE 10000 
NODATA_value -9999 
[rows 20 to 39 of 69, columns 47 to 93 of 97]
6.21000003814697 6.40999984741211 6.36999988555908 6.55999994277954 6.6399998664856 6.80999994277954 6.59000015258789 6.69999980926514 6.67000007628604 6.6399998664856 6.86999988555908 6.71000003814697 6.63999986651311 6.69000005722046 6.59999990587156 6.73000001907349 6.84000015258789 6.76999998092651 6.63000011444092 6.69000005722046 7.94999980926514 8.27000045776367 8.80000019073486 9.21000003814697 9.47000026702881 9.44999980926514 9.5600004196167 9.98999977111816 10.4099998474121 10.3000001907349 10.3599996566772 10.1499996185303 10.1599998709899 10 10.1199998855591 10.2200002670288 10.0500001907349 10.0500001907349 9.64000034332275 9.03999996185303 8.47999954223633 8.27999973297119 7.84000015258789 7.42999982833862 6.7500004559308 6.55999994277954 -9999
6.26000022888184 6.48000001907349 6.57000017166138 6.55999994277954 6.61999988555908 6.84999990463257 6.53000020980835 6.61000013351441 6.67999982833862 6.76999998092651 7.32000017166138 6.80999994277954 6.7899999625782 6.96999979019165 7.03999996185303 7.01999998092651 7.07999992375533 7.01999998092651 6.92999982833862 7.11999988555908 7.61999988694992 8.34000015258789 8.93000030517578 9.31999969482422 9.47000026704236 9.71000003814697 9.80000019073486 10.3699998855591 10.5799999237061 10.3000001907349 10.3400001525879 10.2700004655727 10.1599998474121 10.2299995422363 10.1000003814697 10.0299997329712 9.96000003814697 9.76000022888184 9.3100004196167 8.75 8.52000045776367 8.03999996185303 7.57000017166138 6.80999994277954 6.61000013351441 6.19000005722046 -9999
6.25 6.55000019073486 6.46999979019165 6.67999982833862 6.90000009536743 6.65000009536743 6.69000005722046 6.75 6.88000011444092 6.980000019032 7.11000013354814 7.09999990463257 7.17999982833862 7.1399998664856 7.15000009536743 7.28999996185303 7.30999994277954 7.30000019073486 7.07999992370605 7.42000007629395 7.90999984741211 8.5 9.01000022888184 9.32999992370606 9.57999992370605 9.90999984741211 10.4399995803833 11.0900001525879 10.8699998855591 10.5900001525879 10.4499998703838 10.3800001144409 10.3000001907349 10.2200002670288 10.0699996948242 9.86999988555908 9.75 9.47000026702881 8.97000026702881 8.50000014256055 8.25 7.73000001907349 7.25999969353608 6.5700010990104 6.34999990463257 5.92000007629395 -9999
6.03000020980835 6.63000011444092 6.75 6.80000019073486 6.78000020980835 7.05000019071307 6.98999977112173 7.11000013351441 7.17000007629394 7.21999979019165 7.34999990463257 7.23000001907349 7.34999990463257 7.23000001907349 7.19000005722046 7.19000005722046 7.23000001907349 7.40999984741211 7.46000003814697 7.80000019073486 8.06999969482422 8.65999984741211 9.02000045776367 9.39000034332275 9.69999980926514 10.0600004196167 10.8199996948242 11.0699996952802 10.9799995422363 10.7899999328593 10.5900001525879 10.4200001257767 10.3400001525879 10.1000003814697 9.85000038146973 9.69999980926513 9.48999977111816 9.21000003814697 8.71000003814697 8.46000003814697 7.96999979019165 7.4399995234875 6.69000005722046 6.44000005722046 5.98000001907349 5.53000020980835 -9999
5.84999990463362 6.34999990463348 6.57000017166138 6.82999992370605 6.88999986648559 6.76000022888184 7.05999994277954 7.11999988555908 7.26999998092651 7.44999980926514 7.46999979019165 7.46000003814697 7.36999988555908 7.44999980926514 7.23000001907349 7.17999982833862 7.23000001907349 7.28999996185303 7.63000011444092 7.76000022973112 8.38000011444092 8.77000045776367 9.0600004196167 9.23999977173518 9.76000022888184 10.1199998855591 10.789999961853 10.9099998474121 10.8599996137307 10.4899997711182 10.3900003433228 10.3299999237061 10.210000038147 10 9.64000034332275 9.47999954223633 9.26000022888184 8.94999980926514 8.47000039920575 8.22999954223633 7.69000005722046 6.88000011444092 6.63000011444092 6.1100001335144 5.53000020980835 5.05999994277954 -9999
6.15000009536743 6.94999980926514 6.94000005722046 7.03999996185303 7.11999988555908 7.09999990463257 7.25 7.32000017166138 7.40000009536743 7.5 7.53000020980835 7.65999984741211 7.63000011444092 7.73999977111816 7.55999994277954 7.44999980897163 7.19000005722046 7.3600001335144 7.57999992370605 8.03999996185303 8.27999973297119 8.84000015258789 9.14999961853027 9.28999996185303 9.75 10.1599998474121 10.6499996185303 10.5500001907349 10.4399995803833 10.0100002288818 9.89000034549995 9.85999965667725 9.92000007629395 9.8100004196167 9.6899995803833 9.30000019073487 9.07999992370605 8.71000003814697 8.46000003814697 7.92000007629395 7.11000013351441 6.59000015258838 6.30999994277954 5.51000022888184 4.73000001907349 4.55000019073486 -9999
6.05999994277954 6.84000015258789 7.3899998664856 7.28000020980835 7.42000007629395 7.46000003814697 7.44999980926514 7.55000019073898 7.61999988555908 7.67000007629395 7.71999979019165 7.78999996184512 7.84000015258789 8.06999969482422 8.18000030517578 8.06999969482422 7.67000007629394 7.57999992370606 8.02999973297119 8.26000022888184 8.61999988555908 8.89999961853027 9.23999977111816 9.39999961853027 9.67000007629395 10.0699996823889 10.0799999237061 10.1700000762939 10.1999998092651 9.25 9.15999984741211 9.07999992370605 9.30000019073486 9.43000030517578 9.38000011444092 9.07999992370605 8.93000030517578 8.4399996771614 8.17000007629395 7.33000010344238 6.80000019073486 6.55999994277954 5.88000011444092 4.86999988555908 4.21999979019165 4.03000020980835 -9999
6.51000022888184 7.11000013351441 7.59999990463257 7.67999982833862 7.69999980926514 7.82999992370606 7.78999996185303 7.71999979018891 7.8899998664856 7.82999992370605 7.86999988555908 7.92999982833862 7.92000007629395 8.07999992370605 8.01000022888184 8.22000026702881 8.03999996185303 8.02000045776367 8.35999965667725 8.47999954223633 8.72999954223633 8.93000030517578 9.14999961908423 9.42000007629394 9.61999988376745 9.84000015258789 9.93000030517578 9.93000030517578 9.90999984741211 9.3100004196167 9.11999988555908 8.82999992370605 8.76000022888184 8.81999969482422 8.85999965667725 8.73999977111816 8.55000019073486 8.40999984741211 7.87999976292718 6.98000001907349 6.52000015577274 6.23999977111816 5.40999984741211 4.53000020980835 4.25 3.79999995231628 -9999
7.1100001335144 7.53000020980835 7.59999990463257 7.59000015258916 7.96000003814697 7.94999980926514 7.98999977111816 8.01000022888184 8.14000034332275 8.03999996185303 8.03999996185303 8.07999992370605 8.19999980926514 8.02000045776367 7.84000015258789 8 8.57999992370605 8.47999954223633 8.48999977127274 8.59000015258789 8.75 8.96000003814697 9.07999992370605 9.28999996185303 9.55000019073486 9.64999961853027 9.71000003814697 9.64999961853027 9.64999961853027 9.63000011444092 9.11999988555908 8.63000011444092 8.5 8.4399995803833 8.21000003814697 8.39000034332275 8.18999960271368 8.02999939599247 7.23000001907349 6.71999979019165 6.46000003814697 5.84000015258789 5.07000017166138 4.39000036918226 4.1399998664856 3.69000005722046 -9999
7.42000007629395 7.82000017166138 7.98000001907349 7.82000017166212 8.09000015258789 8.34000015258789 8.22000026702881 8.11999988555908 8.19999980926514 8.28999996185303 8.22000026702881 8.19999980926514 8.35999965667725 8.15999984741211 8.0200004576805 8.13000011444092 8.57999992370605 8.68000030517578 8.69999980926514 8.63000011444092 8.85999965667725 9.1099996673828 9.32999992370605 9.1899995803833 9.5 9.68000030508358 9.47000026702881 9.30000019073486 9.35999965667725 9.43000030517578 8.98999977111816 8.55000019073487 8.27999974080417 8.22000026702881 7.71000003814697 7.96999979019165 7.97999982356427 7.36999988555908 6.88999986648559 6.38000026853069 6.13000011444092 5.51000022888184 4.84999990463257 4.57000017166138 4.03999996185303 3.49000000953674 3.14000010490417
7.42999982833862 7.96999979019165 8.05000019073486 8.14000034332275 8.27000045776367 8.60999965667725 8.34000015258789 8.15999984741211 8.39999961853028 8.60000038146973 8.47999954223633 8.34000015258789 8.3100004196167 8.39999961853028 8.27999973297119 8.44999980926514 8.42000007629395 8.64999961853027 8.84000015258789 8.92000007629394 9.4399995803833 9.48999977096643 9.4399995803833 9.26000022888184 9.42000007629395 9.71000003814697 9.46000003814697 9.1899995803833 9.14999961828027 9.1899995803833 8.86999988555908 8.44999980926514 8.27999973297119 8.10000038146973 7.40000009536743 7.5999997101039 7.53999996185303 7.15000009536743 6.55999994277954 6.28000020980835 5.80000019073486 5.34000015258789 4.74000017871464 4.51000022888184 3.73000001907349 3.33999991416931 3.23000136104024
7.96000003814697 8.02999973297119 8.09000015258789 8.21000003814697 8.3100004196167 8.8100004196167 8.47999954223633 8.5 8.31999969482422 8.73999977111816 8.81999969479164 8.47999954223633 8.5600004196167 8.60999965667725 8.60999965667725 9.05000019073486 8.75 9.13000011444092 9.23999977595499 9.52999973297119 9.69999980926514 9.72999954223633 9.4399995803833 9.27000045776367 9.27999973297119 9.51000022888184 9.6899995803833 9.17000007629395 9.07999992370606 9.01000022888184 8.73999977111817 8.3100004196167 8.14000034332275 7.94000005722046 7.42000007629395 7.1100001335144 7.32000017166138 6.92000007629395 6.2399999238623 6.03000020980835 5.5 5.19000005722046 5.01000022888184 4.48999977111816 3.85999989509582 3.72999997595334 4.19999980926514
8.13000011444092 8.10999965667724 8.14999961853027 8.27999973297119 8.32999992370605 8.90999984741211 8.78999996185303 8.67000007629395 8.38000011444092 8.80000019073486 8.98999977112088 8.86999988555908 8.86999988555908 8.84000015258789 8.90999984741211 9.11999988555908 9.13000011724485 9.51000022903597 9.64999961853027 9.85999965667724 9.85999965667725 9.77999973297119 9.32999992370605 9.10000038146973 8.94999980939545 9.19999980926514 9.55000019073486 9.26000022888184 9.10999965667725 8.9399995803833 8.65999984741211 8.40999984741211 7.96000003814697 7.71999979019165 7.17999982833862 7.03999996185303 7.09000015258789 6.67999982833862 6.34000015258789 5.75 4.71000003814697 4.98999972701508 4.84000015258789 4.55999994277954 4.23000001907349 4.2899996039956 4.44999980926514
8.22000026702881 8.25 8.22000026702881 8.3100004196167 8.34000015258789 8.55000019073486 8.94999980926514 8.92000007629395 8.80000019073486 9.02999973297119 9.25 9.0600004196167 9.17000007629395 9.13000011444092 9.1999998108249 9.76000022888183 9.30000019073486 9.46000003814697 9.78999996185303 9.92000007629395 9.72000026702881 9.57999992370606 9.40999984741211 9.42000007629395 9.39999961853027 9.42000007629394 9.51000022888184 9.39999961881028 9.26000022888184 8.86999988555908 8.5 8.15999984741211 7.59000015258789 7.01999998092651 7.1100001335144 6.88000011444092 6.82000017166138 6.40000009536743 6.13000011444092 5.46000003814697 4.82999992370605 4.69000005722046 4.69000005722046 4.55000019073486 4.47999984883829 4.28999996185303 4.25
8.26000022888184 8.34000015258789 8.27999973297161 8.42000007629364 8.38000011444092 8.67000007629395 9.17000007630175 9.10999965667725 9.14000034332275 9.28999996185303 9.47999954223633 9.10999965742566 9.36999988613999 9.68999958043038 9.84000015258789 10.0900001525879 9.93000030517578 9.69999980926514 10.1700000762939 9.80000019073486 9.39000034347181 9.5 9.51000022888184 9.72999954223633 9.72000026702881 9.5600004196167 9.5 9.39000034332275 9.10000038146973 8.78999996185303 8.369999890886 8.06000037641985 7.28999996185303 6.65999984741211 6.51000022888184 6.48000001907349 6.32000017166138 6.1399998664856 5.78999996185303 5.23999977111816 4.75000016526436 4.51000022888184 4.42000007629395 4.46000003814697 4.13000011444092 4.09999990463257 3.97000002861023
8.23999977111816 8.34000015258789 8.36999988555906 8.42000007629429 8.46000003814837 8.82999992370605 9.06999969484229 9.39999961853027 9.46000003830656 9.61999988560639 9.5600004196167 9.42000007629395 10.0699996948242 10.1899995803912 10.2600002288818 10.3599996566772 10.2700004577637 10.210000038147 10.3699998855591 9.69999980926513 9.39000034332275 9.5600004196167 9.59000015258789 9.43000030840591 9.36999988555908 9.3100004196167 9.34000015258789 9.06999969482422 8.72999954223633 8.46000003814697 8.3299998004827 7.32999992370605 7.07999992370605 6.48000005346854 6.15999984741211 5.98000001907349 5.73999977111816 5.51000022888184 5.30000019073486 4.98999977111816 4.71999979019165 4.34000015258789 4.19999980926514 4.05999994277954 3.98000001907349 3.86999988555908 3.82999992370605
8.40999984741211 8.4399995803833 8.46000003814697 8.5 8.55000019073486 9.52999973295736 9.35000038147523 9.63000011444092 9.78999996185303 9.80000019073486 9.8100004196167 9.84000015258789 9.94999980926514 10.25 10.2399997711182 10.5799999237061 10.5399999610605 10.2299995422363 10.3400001525879 9.77000045776367 9.32999992370605 9.80000019073487 9.97999954223633 9.82999992370605 9.44999980926514 9.1899995803833 9.09000015258789 8.6899995803833 8.35000038146973 8.11999980027207 7.57999992370605 6.94000005722046 6.48999977111816 6.34000015258789 5.98999977111816 5.48000001907349 5.26999998092651 5.01999998092651 4.71999979019165 4.73000001907349 4.61999988555908 4.23999977111816 3.52000058097566 3.39000010490417 3.32999992370605 3.39000010490417 3.29999995231628
8.42000007629395 8.44999980926514 8.47999954223633 8.52000045776367 8.56999969482422 9.14000034332275 9.27000045776367 9.5600004196167 9.75 9.71000003814697 9.73999977111817 9.76000022888184 9.90999984741211 10.0699996948242 10.6099996566772 10.6400003433228 10.5299997324464 10.210000038147 10.210000038147 10.1000003814697 9.72000026702881 9.97000026702881 9.68000030517578 9.90999984741211 9.96000003814697 9.46000003814697 9.27000045776367 8.44999980926514 8.02000041204089 7.40000009818351 7.25 6.73000001907349 6.07000017166138 5.80000019073486 5.46000003814697 5.13999986648559 4.78000020980835 4.42000007629394 4.34000015258789 4.28999996185303 4.19000005722046 4.16999981453933 3.61000010952129 3.42000007629395 3.15000009536743 3.07999992370635 3.02999997138977
8.53999996185303 8.5600004196167 8.59000015258789 8.52999973297119 8.57999992370605 9.14999961853027 9.18000030517578 9.35999965667725 9.71000003814697 9.7799997329748 9.72999954223633 9.72999954223633 9.90999984741211 10.0299997329712 10.1499996185303 10.4799995422363 10.6000003814697 10.3999996185303 10.3299999237061 10.4399995808557 10.4099998474121 10.1300001144409 10.3400001525879 10.3100004196167 9.78999996185303 8.93000030517578 8.30000019073486 8.14000027519182 7.59000015258789 7.34999990463257 6.96000003814697 6.42999982833862 6.25 5.5 5.05000019073486 4.76000025469704 4.5 3.9300000667572 4.07000017166138 4.07000017166138 4.09000009976491 3.89000010490417 3.83999991416931 3.72000002861023 3.47000002861023 3.34999990463257 3.04999995231628
8.72999954223633 8.80000019073486 8.81999969482422 8.84000015258789 8.85999965667725 9.15999984741211 9.30000019073486 9.39000034332275 9.60999965667725 9.85000038147517 9.85000038146973 9.80000019073486 9.9399995803833 9.97999954223633 10.0299997329712 10.3900003433228 10.4499998092651 10.2799997329712 10.2200002670288 10.289999961853 10.1899995803833 10.1400003433228 10.2700004567293 9.47000026702881 8.77999973297119 8.34000014488064 8.0600004196167 7.34000015258789 7.03999996185303 6.78999996185303 6.32999992370606 6.19000005722046 6 5.44999980926514 4.76000022888184 4.57999992370605 4.09000015258789 3.60999989509583 3.75 3.80999994277954 4.13000011444092 4.15000011738354 4.09000015258789 4.1399998664856 4.05000019073486 3.9300000667572 3.64000010490417
