SnowAccumulation_R/test/tmax/final_tmax_29_04_2009.asc
NCOLS 97 
NROWS 69 
XLLCORNER 52512.810182332 
YLLCORNER 5316225.2758522 
CELLSIZE 10000 
NODATA_value -9999 
[rows 21 to 41 of 69, columns 47 to 93 of 97]
7.57999992370605 7.69000005722046 7.88000011444092 7.8899998664856 7.92999982833862 8.18000030517578 8 8.19999980926514 8.31999969482422 8.52000045776367 9.18000030517578 8.69999980926514 8.69999980958169 8.6899995803833 8.68000030517578 8.56999969482422 8.57999992368963 8.43000030517578 8.22999954223633 8.30000019073486 8.710000039306 9.23999977111816 9.61999988555908 9.80000019073486 9.85999965668283 9.93000030517578 9.98999977111816 10.2200002670288 10.2799997329712 10.039999961853 10.1800003051758 10.249999980477 10.1800003051758 10.4499998092651 10.5200004577637 10.6499996185303 10.6800003051758 10.7200002670288 10.539999961853 10.3999996185303 10.4200000762939 10.4200000762939 10.3199996948242 10.1199998855591 10.0799999237061 10.0299997329712 -9999
7.69000005722046 7.94000005722046 7.8899998664856 8.14999961853027 8.36999988555908 8.09000015258789 8.1899995803833 8.32999992370605 8.5 8.68000030508589 8.85999965659853 8.73999977111817 8.8100004196167 8.71000003814697 8.63000011444092 8.68000030517578 8.64999961853027 8.52999973297119 8.19999980926514 8.40999984741211 8.8100004196167 9.22000026702881 9.51000022888183 9.60000038146973 9.72999954223633 9.81999969482422 10.0200004577637 10.1800003051758 10.1400003433228 10.1000003814697 10.1599998827967 10.2700004577637 10.3100004196167 10.4799995422363 10.5600004196167 10.6000003814697 10.6000003814697 10.5900001525879 10.4099998474121 10.3900003148106 10.3999996185303 10.4099998474121 10.2600001218123 10.1000005922279 10.0600004196167 10.0200004577637 -9999
7.63000011444092 8.19999980926514 8.34000015258789 8.46000003814697 8.39999961853028 8.61999988553911 8.55000019074317 8.69999980926514 8.76000022888184 8.8100004196167 8.92000007629395 8.73999977111816 8.82999992370605 8.63000011444092 8.48999977111816 8.39000034332275 8.38000011444092 8.46000003814697 8.39999961853027 8.60000038146973 8.78999996185303 9.1899995803833 9.31999969482422 9.46000003814697 9.63000011444092 9.69999980926514 10.0100002288818 10.0299997335411 10.0600004196167 10.1499995895365 10.2299995422363 10.3400001390927 10.3900003433228 10.4200000762939 10.4399995803833 10.4099998474121 10.4799995422363 10.4899997711182 10.3500003814697 10.3100004196167 10.3199996948242 10.3100000147153 10.0200004577637 9.96000003814697 9.86999988555908 9.85000038146973 -9999
7.59999990463385 8.03999996185412 8.28999996185303 8.55000019073486 8.57999992370605 8.39000034332275 8.67000007629395 8.6899995803833 8.84000015258789 8.98999977111816 8.94999980926513 8.85000038146972 8.71000003814697 8.6899995803833 8.32999992370605 8.17000007629394 8.18000030517578 8.14000034332275 8.38000011444092 8.44999980991625 8.92000007629395 9.13000011444092 9.19999980926514 9.26000022921407 9.52000045776367 9.60999965667725 9.97000026702881 9.98999977111816 9.98999975179219 9.93000030517578 10.0900001525879 10.1700000762939 10.3299999237061 10.4200000762939 10.3400001525879 10.3199996948242 10.3900003433228 10.3900003433228 10.2600002658912 10.2299995422363 10.1700000762939 9.90999984741211 9.88000011444092 9.76000022888184 9.5600004196167 9.57999992370605 -9999
7.96000003814697 8.71000003814697 8.68000030517578 8.76000022888184 8.81999969482422 8.73999977111816 8.85000038146973 8.86999988555908 8.93000030517578 8.97999954223633 8.90999984741211 8.99999999997237 8.84000015258789 8.80000019073486 8.47999954223633 8.28999996147947 7.90000009536743 8 8.13000011444092 8.5600004196167 8.64999961853027 9.02999973297119 9.13000011444092 9.17000007629395 9.39999961853027 9.57999992370605 9.89000034332275 9.84000015258789 9.80000019073486 9.55000019073486 9.68000030212763 9.77999973297119 10.1499996185303 10.3400001525879 10.3699998855591 10.2799997329712 10.3599996566772 10.2700004577637 10.1800003051758 10.0200004577637 9.73999977111816 9.71000003814701 9.65999984741211 9.27000045776367 8.89999961853027 8.97999954223633 -9999
7.65000009536743 8.47999954223633 9.10000038146973 8.98999977111816 9.10999965667725 9.09000015258789 9.02000045776367 9.10000038147179 9.11999988555908 9.09000015258789 9.02000045776367 9.01000022884228 8.89000034332275 8.94999980926514 8.92000007629395 8.72999954223633 8.1899995803833 8.02000045776367 8.42000007629394 8.61999988555908 8.84000015258789 8.9399995803833 9.07999992370605 9.14999961853028 9.22999954223633 9.47000025346299 9.43000030517578 9.52000045776367 9.65999984741211 8.90999984741211 8.93000030517578 9.11999988555908 9.63000011444092 10.0799999237061 10.1800003051758 10.1899995803833 10.3599996566772 10.0799999779019 9.94999980926514 9.54000010949379 9.51000022888184 9.52999973297119 9.34000015258789 8.72000026702881 8.55000019073487 8.63000011444092 -9999
7.86999988555908 8.56999969482422 9.22999954223633 9.35999965667719 9.34000015258789 9.40999984741211 9.31999969482422 9.22000026702334 9.34000015258789 9.1899995803833 9.09000015258789 9.03999996185303 8.78999996185303 8.72999954223633 8.46000003814697 8.61999988555908 8.32999992370606 8.27000045776367 8.60000038146973 8.6899995803833 8.78999996185303 8.8100004196167 8.94999980950749 9.05000019073486 9.10999964771891 9.21000003814697 9.28999996185303 9.34000015258789 9.46000003814697 9.0600004196167 8.98999977111816 8.97999954223633 9.21000003814697 9.43000030517578 9.77000045776367 9.93000030517578 10 9.93000030517578 9.66999967942309 9.22000026702881 9.31999964713926 9.3100004196167 8.97000026702881 8.52000045776367 8.47999954223633 8.56999969482422 -9999
8.22999954223633 8.77000045776367 8.97999954223633 9.0299997329728 9.0600004196167 9.42000007629395 9.43000030517578 9.42000007629395 9.52999973297119 9.34000015258789 9.15999984741211 9.06999969482422 8.89000034332275 8.39000034332276 7.96000003814697 8.05000019073486 8.61999988555908 8.51000022888184 8.55000019096673 8.65999984741211 8.64000034332275 8.68000030517578 8.72000026702881 8.64999961853027 8.88000011444092 8.97000026702881 9.05000019073487 9.07999992370605 9.25 9.35999965667725 9.10999965667725 8.90999984741211 9.10000038146972 9.21000003814697 9.23999977111816 9.64000034332275 9.56000042799043 9.45999959526049 8.96000003814697 9.0600004196167 9.10000038146973 9.02999973297119 8.75 8.52000062532874 8.5 8.56999969482422 -9999
8.30000019073486 8.77999973297119 9.07999992370605 8.96000003814821 9.05000019073486 9.6899995803833 9.55000019073486 9.42000007629394 9.47000026702881 9.51000022888184 9.25 9.03999996185303 8.8100004196167 8.23999977111816 7.94000005699175 7.82000017166138 8.23999977111816 8.39999961853027 8.47999954223633 8.44999980926514 8.52000045776367 8.63000011572557 8.59000015258789 8.38000011444092 8.71000003814697 8.92000007621593 8.75 8.71000003814697 9.01000022888184 9.22000026702881 9.09000015258789 8.98999977111816 9.06999968934118 9.18000030517578 8.92000007629395 9.35999965667725 9.39000039219957 8.97000026702881 8.85999965667725 8.9200000644406 8.96000003814697 8.89000034332275 8.71000003814697 8.64999961853027 8.48999977111816 8.34000015258789 8.22000026702881
8.11999988555908 8.77999973297119 8.89000034332275 9.02999973297119 9.17000007629395 9.84000015258789 9.52999973297119 9.30000019073486 9.51000022888184 9.64000034332276 9.28999996185303 8.93000030517578 8.47000026702881 8.17000007629394 7.84999990463257 7.73999977111816 7.59999990463257 7.92999982833862 8.21000003814697 8.35000038146973 8.51000022888184 8.55000019050726 8.46000003814697 8.27000045776367 8.47999954223633 8.82999992370605 8.67000007629395 8.5600004196167 8.80000018860975 9.02999973297119 9.07999992370605 9.0600004196167 9.10000038146973 9.31999969482422 8.89000034332275 9.30000031000158 9.78999996185303 9.4399995803833 9.02999973297119 8.92000007629394 8.88000011444092 8.98999977111816 8.87000006024376 8.84000015258789 8.13000011444092 7.94999980926514 8.06999933478556
8.72000026702881 8.73999977111817 8.82999992370605 9.06999969482422 9.19999980926513 9.92000007629394 9.52999973297119 9.52999973297119 9.22000026702881 9.52999973297119 9.48999977104213 8.77000045776367 8.4399995803833 8.03999996185303 7.82000017166138 7.94000005722046 7.48999977111816 8.05000019073486 8.22999954056206 8.23999977111816 8.47000026702881 8.51000022888184 8.21000003814697 8.06999969482422 8.14999961853027 8.46000003814697 8.81999969482422 8.47999954223633 8.53999996185303 8.85999965667725 9.0600004196167 9.10000038146973 9.18000030517578 9.47000026702881 9.31999969482422 9.6899995803833 10.2299995422363 9.89000034332275 9.27999986825889 9.17000007629395 8.89000034332275 9.22000026702881 9.35999965667725 9.1899995803833 8.42000007629395 8.13000017912062 7.96000003814697
8.81999969482422 8.75 8.85999965667725 9.05000019073486 9.13000011444092 9.93000030517578 9.73999977111816 9.55000019073486 9.06999969482422 9.32999992370606 9.39000034328202 8.89999961853027 8.47999954223633 7.98000001907349 7.80999994277954 7.57000017166138 7.51000022998338 7.75000000024222 7.98000001907349 8.28999996185303 8.32999992370605 8.26000022888184 7.82000017166138 7.69000005722046 7.57999992399927 7.94999980926514 8.53999996185303 8.48999977111816 8.5 8.78999996185303 9.06999969482422 9.10000038146973 9.22000026702881 9.57999992370605 10.039999961853 10.2200002670288 10.6800003051758 10.3000001907349 9.9399995803833 9.40999984741211 8.42000007629394 9.53999953846143 9.72999954223633 9.88000011444092 9.32999992370605 9.75999833434219 8.43000030517578
8.88000011444092 8.89999961853028 8.92000007629395 9.0600004196167 9.10999965667725 9.44999980926514 9.78999996185303 9.68000030517578 9.35000038146972 9.34000015258789 9.42000007629395 8.84000015258789 8.53999996185303 8.05000019073486 7.90000009617247 8.02999973297119 7.34000015258789 7.48000001907349 7.88000011444092 8.0600004196167 7.8600001335144 7.73999977111816 7.63000011444092 7.78000020980835 7.80999994277954 8 8.36999988555908 8.57999992334605 8.60999965667724 8.73999977111817 8.98999977111816 8.94999980926514 9.01000022888184 9.34000015258789 9.92000007629395 10.5799999237061 11.0699996948242 10.5200004577637 10.2200002670288 9.60999965667725 9.22000026702881 9.36999988555908 10.1899995803833 10.6599998474121 10.6800026398242 11.0299997329712 9.17000007629395
8.90999984741211 8.96000003814697 8.98999977111863 9.13000011444074 9.11999988555908 9.53999996185303 10.0200004577687 9.76000022888184 9.55000019073486 9.40999984741211 9.44999980926514 8.64000034381151 8.52999973308738 8.46000003805282 8.26000022888184 8.27000045776367 7.90000009536743 7.59000015258789 8.09000015258789 7.65999984741211 7.21000003837056 7.36999988555908 7.44999980926514 7.80000019073486 7.86999988555908 7.94999980926514 8.25 8.31999969482422 8.44999980926514 8.69999980926514 8.92000007236885 8.94999977603714 8.92000007629395 9.02000045776367 9.28999996185303 10.2700004577637 10.7200002670288 10.4799995422363 10.1000003814697 9.69999980926514 9.5799999435376 9.61999988555908 10.3800001144409 11.3699998855591 12.1000003814697 12.0699996948242 9.56999969482422
8.89999961853027 8.97000026702881 9.0900001525877 9.13000011444064 9.15999984741118 9.64000034332275 9.81000041963236 9.94999980926514 9.73999977123612 9.56999969475917 9.10000038146973 8.55000019073486 8.88000011444092 8.84000015245411 8.56999969482422 8.43000030517578 8.14000034332275 8 8.11999988555908 7.32000017166138 6.98000001907349 7.17000007629395 7.26000022888184 7.17000007629394 7.19000005722046 7.46000003814697 7.96000003814697 7.88000011444092 8.02999973297119 8.35999965667725 8.56000027996344 8.15999984741211 8.67000007629395 8.77999973826278 8.8100004196167 9.43000030517578 9.69999980926514 9.55000019073486 9.52000045776367 9.47999954223633 9.40999984741211 9.60000038146973 10.3400001525879 10.4799995422363 11.460000038147 11.1899995803833 9.36999988556564
8.9399995803833 9 9.03999996185303 9.07999992370605 9.11999988555908 10.3000001907123 9.82999992370723 9.89000034332275 9.75 9.35000038146973 9.14999961853028 8.78999996185303 8.52999973297119 8.69999980926514 8.38000011444092 8.52000045776367 8.36999988447834 7.84999990463257 7.8899998664856 7.19000005722046 6.71999979019165 7.19999980926514 7.42000007629395 7.28999996185303 7.05999994277954 7.17999982833862 7.57999992370605 7.38999986648559 7.57999992370605 7.96999968470517 7.67000007629395 7.6399998664856 7.8600001335144 8.07999992370605 8.40999984741211 8.47000026702881 8.48999977111816 8.60999965667724 8.56999969482422 9 9.13000011444092 9.31999969482422 8.42000171642889 8.47000026702881 8.72999954223633 8.67000007629395 8
8.93000030517578 8.98999977111816 9.02999973297119 9.06999969482422 9.11999988555908 9.55000019073486 9.55000019073486 9.56999969482422 9.43000030517578 8.98999977111816 8.82999992370605 8.46000003814697 8.27999973297119 8.28999996185303 8.61999988555908 8.42000007629395 8.18999957962324 7.67000007629395 7.57000017166138 7.38999986648559 6.96000003814697 7.21000003814697 6.90999984741211 7.15999984741211 7.5 7.40999984741211 7.46000003814697 7.05999994277954 7.17000001594 7.07000017045449 7.21999979019165 7.30000019073486 7.21000003814697 7.21999979019165 7.48999977111816 7.65999984741211 7.46000003814697 7.40999984741211 7.69000005722046 7.84000015258789 8.1899995803833 8.76999897961984 7.670000203 7.46000003814697 6.92000007629395 6.40999984741393 5.98999977111816
8.96000003814697 9.02000045776367 9.0600004196167 8.90999984741211 9.10999965667725 9.35999965667725 9.22999954223633 9.09000015258789 9.10999965667725 8.98999977108563 8.53999996185303 8.18000030517578 8.03999996185303 8.02999973297119 7.8899998664856 8.0600004196167 8.10999965667724 7.73000001907349 7.55000019073486 7.65999984788447 7.59000015258789 7.26000022888184 7.53000020980835 7.55999994277954 7.25 6.73999977111816 6.30000019073486 6.66999999335204 6.59000015258789 6.6100001335144 6.80000019073486 6.82000017166138 6.92999982833862 6.6399998664856 6.67999982833862 6.78999996185303 6.65999984741211 6.25 6.80000019073486 7 7.44999872639336 6.73000001907349 6.80000019073486 6.73999977111816 6.1100001335144 5.65999984741211 4.46999979019165
8.98999977111816 9.06999969482422 9.10000038146973 9.11999988555908 9.14000034332275 9.17000007629395 9.13000011444092 8.85000038146973 8.69999980926514 8.77999973294218 8.39999961853028 8 7.84999990463257 7.76000022888184 7.57000017166138 7.78000020980835 7.76000022888184 7.42999982833862 7.28000020980835 7.34999990463257 7.23000001907348 7.19000005722046 7.38999986550049 6.6100001335144 6.1399998664856 6.07999991310857 5.98999977111816 5.67999982833862 5.8899998664856 5.8899998664856 5.92999982833862 6.38000011444092 6.42999982833862 6.34000015258789 6 5.98000001907349 5.69000005722046 5.28000020980835 5.61999988555908 5.98999977111816 5.80000019073486 6.01999994423254 6.03000020980835 6.05000019073486 5.59999990463257 5.17000007629394 4.1100001335144
9.02999973297119 9.02999973297119 9.09000015258789 9.10000038146973 9.10999965667725 8.90999984741211 8.90999984741211 8.76000022888184 8.61999988555908 8.55000019073486 8.18000030517578 7.76000022888184 7.6199998855074 7.46000003814697 7.32999992370605 7.3600001335144 7.17999982833862 6.90999984741211 6.63999986648559 6.59000015258789 6.61999988555908 6.5 6.38000011444092 6.17999982833862 5.90999985428423 5.82999992233342 5.59000015258789 5.78000020980835 5.73999977119662 5.59999990463257 5.55999994277954 5.73999977111816 5.8600001335144 5.75 5.61999988555908 5.44000005722046 5.07000017166138 4.88000011444092 5.05000019073486 4.8600001335144 5.13000011444092 5.25 5.34000015258789 5.48999977111816 5.46000003814697 4.98999977111816 4.11999988555908
9.10000038146973 9.05000019073487 9.11999988555908 9.10999965667725 8.81999969482422 8.72000026702881 8.6899995803833 8.46000003814697 8.42000007629395 8.3100004196167 7.86999988555908 7.46000003814697 7.32999992362583 7.09999990463257 7.05999994277954 6.92999982833862 6.69999980926514 6.51000022888184 6.40000009536743 6.3600001335144 6.15999984741211 6.01999998092651 5.73000001907349 5.51000022888184 5.53000020980835 5.57999992370606 5.32000017166138 5.46999979019165 5.46999979019165 5.32999992370605 4.86000013351441 4.67000007629395 5.21000003814697 4.59999990463257 4.97999998855179 5.05999994277954 4.94999980926514 4.86999988555908 4.6100001335144 4.63999986648559 4.69999980926514 4.76000022888184 4.8899998664856 5.01999998092651 5.03999996185303 4.8600001335144 4.28999996185303
