SnowAccumulation_R/test/tmax/final_tmax_19_04_2009.asc
NCOLS 97 
NROWS 69 
XLLCORNER 52512.810182332 
YLLCORNER 5316225.2758522 
CELLSIZE 10000 
NODATA_value -9999 
[rows 21 to 41 of 69, columns 47 to 93 of 97]
14.6700000762939 14.6599998474121 14.710000038147 14.6800003051758 14.7200002670288 14.8500003814697 14.5200004577637 14.5 14.5 14.4899997711182 14.8400001525879 14.3500003814697 14.2899999621365 14.2600002288818 14.2299995422363 14.1300001144409 14.1199998855262 13.9700002670288 13.7799997329712 13.7799997329712 14.0500001914882 14.3699998855591 14.5900001525879 14.6700000762939 14.6700000762955 14.6599998474121 14.6099996566772 14.6800003051758 14.6700000762939 14.3400001525879 14.2600002288818 14.1199998738454 13.9700002670288 13.9499998092651 13.8000001907349 13.6999998092651 13.6199998855591 13.4300003051758 13.0600004196167 12.6300001144409 12.4499998092651 11.960000038147 11.2600002288818 10.6400003433228 10.2799997329712 9.61999988555908 -9999
14.8199996948242 14.8500003814697 14.6700000762939 14.75 14.8999996185303 14.6099996566772 14.5600004196167 14.5200004577637 14.5699996948242 14.5600004195199 14.5699996947455 14.3900003433228 14.4200000762939 14.3100004196167 14.2399997711182 14.25 14.2200002670288 14.0900001525879 13.8100004196167 13.9099998474121 14.1700000762939 14.4099998474121 14.5699996948242 14.5799999237061 14.6400003433228 14.6499996185303 14.7399997711182 14.789999961853 14.6499996185303 14.4300003051758 14.2700004834978 14.1300001144409 14.039999961853 13.9300003051758 13.7700004577637 13.5900001525879 13.4899997711182 13.289999961853 12.9700002670288 12.7100001094276 12.5699996948242 12.1999998092651 11.4300005193129 10.7800012926046 10.4300003051758 9.8100004196167 -9999
14.789999961853 15.039999961853 14.9499998092651 14.8199996948242 14.75 14.8699998855385 14.7200002670229 14.6199998855591 14.6199998855591 14.5600004196167 14.5699996948242 14.3999996185303 14.460000038147 14.3000001907349 14.1899995803833 14.1000003814697 14.0799999237061 14.1000003814697 14.0100002288818 14.1000003814697 14.210000038147 14.4399995803833 14.5 14.5500001907349 14.6400003433228 14.6400003433228 14.8100004196167 14.7100000394009 14.6400003433228 14.4899997553035 14.3299999237061 14.1599998923967 14.0699996948242 13.8400001525879 13.6099996566772 13.4799995422363 13.3299999237061 13.1700000762939 12.9200000762939 12.8000001907349 12.5699996948242 12.22999922936 11.460000038147 11.1099996566772 10.4399995803833 9.85999965667725 -9999
14.7799997329722 14.9099998474129 14.8599996566772 14.8500003814697 14.8000001907349 14.5299997329712 14.6300001144409 14.539999961853 14.6000003814697 14.6400003433228 14.5600004196167 14.4799995422363 14.3900003433228 14.3900003433228 14.1499996185303 14.0299997329712 14.0200004577637 13.9499998092651 14.0600004196167 14.0799999240741 14.3599996566772 14.460000038147 14.4700002670288 14.489999771308 14.6300001144409 14.6199998855591 14.8000001907349 14.7600002288818 14.6000003707331 14.3599996566772 14.2399997711182 14.1700000762939 14.0200004577637 13.8000001907349 13.4700002670288 13.3299999237061 13.1700000762939 13.039999961853 12.8400002107456 12.7399997711182 12.4700002670288 11.9499998092651 11.6899995803833 11.0600004196167 10.3299999237061 9.84000015258789 -9999
15.0699996948242 15.4099998474121 15.1400003433228 14.9899997711182 14.9499998092651 14.7399997711182 14.6999998092651 14.6000003814697 14.6000003814697 14.5600004196167 14.5 14.5799999236942 14.5100002288818 14.5500001907349 14.3500003814697 14.2299995419695 13.9399995803833 13.9499998092651 13.9700002670288 14.2200002670288 14.2299995422363 14.460000038147 14.4899997711182 14.4899997711182 14.6000003814697 14.6599998474121 14.7700004577637 14.6999998092651 14.5 14.1300001144409 13.9899997741663 13.9300003051758 13.9099998474121 13.7299995422363 13.5900001525879 13.2200002670288 13.039999961853 12.9200000762939 12.8400001525879 12.6199998855591 12.2799997329712 11.8800001144413 11.6099996566772 10.8500003814697 10.0799999237061 9.86999988555908 -9999
14.8599996566772 15.2600002288818 15.4499998092651 15.1300001144409 15.1300001144409 14.9700002670288 14.7700004577637 14.7700004577609 14.6700000762939 14.5799999237061 14.539999961853 14.5799999236942 14.6000003814697 14.75 14.8000001907349 14.6800003051758 14.2700004577637 14.0799999237061 14.2399997711182 14.3299999237061 14.4300003051758 14.4700002670288 14.539999961853 14.5600004196167 14.5500001907349 14.6400003410617 14.6099996566772 14.5299997329712 14.4499998092651 13.7399997711182 13.6499996185303 13.539999961853 13.6099996566772 13.6000003814697 13.4899997711182 13.1300001144409 12.9300003051758 12.8299999430617 12.7600002288818 12.5600004131974 12.2600002288818 12.0799999237061 11.5200004577637 10.6499996185303 10.039999961853 9.84000015258789 -9999
15.0799999237061 15.3699998855591 15.5500001907349 15.4999999999994 15.3000001907349 15.1899995803833 14.960000038147 14.8100004196085 14.7700004577637 14.5900001525879 14.5500001907349 14.5799999237061 14.5900001525879 14.7299995422363 14.6499996185303 14.7799997329712 14.5500001907349 14.3800001144409 14.4399995803833 14.4499998092651 14.4799995422363 14.4799995422363 14.5600004197206 14.5900001525879 14.5500001943182 14.6000003814697 14.5900001525879 14.4700002670288 14.3599996566772 13.8999996185303 13.75 13.5200004577637 13.4300003051758 13.4300003051758 13.3500003814697 13.1099996566772 12.8800001144409 12.8999996185303 12.7700005711546 12.5900001525879 12.3000003178958 12.0900001525879 11.4300003051758 10.6700000762939 10.3999996185303 9.96000003814697 -9999
15.4700002670288 15.6400003433228 15.4399995803833 15.3199996948247 15.8500003814697 15.2200002670288 15.039999961853 14.9499998092651 14.8699998855591 14.6199998855591 14.5500001907349 14.6000003814697 14.75 14.6599998474121 14.5299997329712 14.6400003433228 14.9799995422363 14.7200002670288 14.6199998854045 14.5 14.4799995422363 14.5100002288818 14.5200004577637 14.5699996948242 14.6199998855591 14.539999961853 14.5200004577637 14.3699998855591 14.3000001907349 14.2700004577637 13.8999996185303 13.5699996948242 13.4700002670288 13.4200000762939 13.210000038147 13.2399997711182 13.0799999376624 13.0200006406946 13.0100002288818 12.7399997711182 12.5799999237061 12.1000003814697 11.4300003051758 10.7900004493161 10.539999961853 10.1199998855591 -9999
15.7399997711182 15.8299999237061 15.6300001144409 15.3800001144412 15.8800001144409 15.460000038147 15.1400003433228 14.9499998092651 14.8199996948242 14.6999998092651 14.5699996948242 14.6099996566772 14.8500003814697 14.7799997329712 14.710000038095 14.8100004196167 15.0500001907349 14.9200000762939 14.8100004196167 14.539999961853 14.5900001525879 14.6400003527436 14.7799997329712 14.5500001907349 14.6400003433228 14.6999998091517 14.4200000762939 14.210000038147 14.2200002670288 14.2600002288818 13.9799995422363 13.7200002670288 13.5799999276225 13.5500001907349 13.2200002670288 13.3699998855591 13.3800003588273 13.460000038147 13.1999998092651 12.8900004440739 12.710000038147 12.1800003051758 11.5299997329712 11.2299995422363 10.6599998474121 10.1499996185303 9.88000011444092
15.9300003051758 15.9099998474121 15.8900003433228 15.8800001144409 15.8699998855591 15.6199998855591 15.1599998474121 14.9099998474121 14.9099998474121 14.9099998474121 14.7600002288818 14.6999998092651 14.8000001907349 15 14.960000038147 15.1499996185303 15.0299997329712 14.9899997711182 15 14.8400001525879 15.1099996566772 15.0699996944828 14.8999996185303 14.6599998474121 14.6300001144409 14.7799997329712 14.4799995422363 14.210000038147 14.1700000761689 14.2299995422363 14.0799999237061 13.8900003433228 13.8199996948242 13.789999961853 13.3800001144409 13.5699998741066 14.0200004577637 13.789999961853 13.4200000762939 13.2399997711182 12.8800001144409 12.3699998855591 11.6800007593535 11.3800001144409 10.5699996948242 10.1199998855591 10.0100009162306
15.9799995422363 16.3299999237061 15.6899995803833 15.8800001144409 15.8800001144409 15.6899995803833 15.1999998092651 15.1199998855591 14.8000001907349 15.0299997329712 15.0600004195923 14.8199996948242 15 15.1899995803833 15.2700004577637 15.7299995422363 15.4099998474121 15.4200000762939 15.3599996607699 15.3800001144409 15.3299999237061 15.2799997329712 14.9499998092651 14.7299995422363 14.5900001525879 14.6800003051758 14.6999998092651 14.2700004577637 14.1999998092651 14.2299995422363 14.1800003051758 14.0500001907349 14.0100002288818 14.0299997329712 13.8000001907349 14.0900001525879 14.3500003814697 14.0900001525879 13.6400004480614 13.4899997711182 13.0699996948242 12.5600004196167 12.2600002288818 11.5299997329712 10.75 10.3800003731618 10.460000038147
16.0699996948242 16.5499992370605 16.0499992370605 15.8900003433228 15.8800001144409 15.6800003051758 15.3800001144409 15.1999998092651 14.8100004196167 15.0600004196167 15.1999998092706 15.1300001144409 15.2399997711182 15.3599996566772 15.5100002288818 15.8699998855591 15.7399997721196 15.8000001906027 15.6700000762939 15.6199998855591 15.4499998092651 15.3299999237061 14.9099998474121 14.6899995803833 14.5200004575356 14.5 14.6400003433228 14.3800001144409 14.2799997329712 14.3000001907349 14.3299999237061 14.2700004577637 14.1800003051758 14.2399997711182 14.4899997711182 14.5 14.6599998474121 14.3599996566772 14.1099996566772 13.6400003433228 12.789999961853 12.6400004932742 12.3400001525879 11.710000038147 11.0600004196167 10.9599996802895 10.6499996185303
15.8000001907349 15.75 15.8400001525879 15.8100004196167 15.8199996948242 15.289999961853 15.4499998092651 15.3400001525879 15.1000003814697 15.2200002670288 15.3900003433228 15.2600002288818 15.4399995803833 15.539999961853 15.6599998480159 16.0100002288818 15.5699996948242 15.6300001144409 15.6999998092651 15.6199998855591 15.3100004196167 15.1499996185303 14.9399995803833 14.8999996185303 14.8000001907349 14.6499996185303 14.6599998474121 14.5799999239061 14.4899997711182 14.4200000762939 14.4499998092651 14.3500003814697 14.2299995422363 14.4499998092651 14.6800003051758 14.8199996948242 14.9300003051758 14.5500001907349 14.3100004196167 13.7200002670288 13.0600004196167 12.8100004196167 12.3900003433228 11.8299999237061 11.5400000834498 11.0600004196167 10.7200002670288
15.6300001144409 15.4399995803833 15.6099996566764 15.6199998855593 15.75 15.3400001525879 15.6700000762967 15.4300003051758 15.3199996948242 15.3900003433228 15.5299997329712 15.2500000005193 15.5399999621086 15.7299995422991 15.8999996185303 16.1000003814697 15.9099998474121 15.6599998474121 15.8900003433228 15.4399995803833 15.0600004195049 15.0200004577637 14.9399995803833 14.9700002670288 14.8900003433228 14.7299995422363 14.7399997711182 14.6899995803833 14.6000003814697 14.6000003814697 14.6099996561165 14.5500002538683 14.6199998855591 14.4899997711182 14.5500001907349 14.8599996566772 14.9099998474121 14.7399997711182 14.3599996566772 13.8000001907349 13.2000000141932 12.8599996566772 12.3599996566772 11.8800001144409 11.5299997329712 11.0699996948242 10.8100004196167
15.6800003051758 15.5900001525879 15.4200000762944 15.6199998855596 15.7600002288818 15.4300003051758 15.529999732982 15.6099996566772 15.5200004578712 15.5900001525938 15.4799995422363 15.3800001144409 15.9399995803833 16.0499992370684 16.1100006103516 16.1599998474121 16.0200004577637 15.9200000762939 15.9300003051758 15.2600002288818 14.960000038147 14.9899997711182 14.9200000762939 14.6700000834003 14.5299997329712 14.5299997329712 14.7299995422363 14.6000003814697 14.5500001907349 14.6300001144409 14.6899995612153 14.5600004196167 14.7399997711182 14.6499996291134 14.5699996948242 14.7299995422363 14.6800003051758 14.5100002288818 14.2399997711182 13.8299999237061 13.5200004577637 12.9300003051758 12.3900003433228 12.2700004577637 11.6999998092651 11.2299995422363 11.0299997329718
15.8100004196167 15.7700004577637 15.75 15.7600002288818 15.789999961853 15.9799995422235 15.6800003051762 15.6999998092651 15.6599998474121 15.6400003433228 15.6400003433228 15.6700000762939 15.75 16 15.9799995422363 16.2199993133545 16.1399993889279 15.8000001907349 15.7799997329712 15.1999998092651 14.8100004196167 15.1000003814697 15.1899995803833 15.039999961853 14.6700000762939 14.5600004196167 14.6899995803833 14.4899997711182 14.4899997711182 14.6300001054634 14.6400003433228 14.5299997329712 14.5600004196167 14.6300001144409 14.6899995803833 14.5600004196167 14.4799995422363 14.3400001525879 14.0299997329712 13.8299999237061 13.6300001144409 13.0500001907349 12.3599998566944 12.0500001907349 11.5799999237061 11.2799997329712 11.1099996566772
15.8400001525879 15.8199996948242 15.8100004196167 15.8100004196167 15.8199996948242 15.6199998855591 15.6199998855591 15.6599998474121 15.6700000762939 15.5600004196167 15.5699996948242 15.5500001907349 15.6599998474121 15.7700004577637 16.1900005340576 16.1599998474121 16.020000457257 15.6599998474121 15.5600004196167 15.3699998855591 15.0200004577637 15.1800003051758 14.9399995803833 15.1400003433228 15.2200002670288 14.9499998092651 14.9099998474121 14.5 14.4700002725155 14.569999694556 14.6400003433228 14.6199998855591 14.4799995422363 14.4499998092651 14.5200004577637 14.5 14.3100004196167 14.0699996948242 13.9200000762939 13.8000001907349 13.5100002288818 13.1999999016497 12.6499999499152 12.289999961853 11.6599998474121 11.3100004196176 11.1800003051758
16.1299991607666 15.9700002670288 15.960000038147 15.8199996948242 15.8500003814697 15.6400003433228 15.5699996948242 15.5299997329712 15.6700000762939 15.6700000762885 15.5500001907349 15.5 15.6000003814697 15.6800003051758 15.7200002670288 15.9300003051758 16 15.7299995422363 15.5600004196167 15.6099996569809 15.5200004577637 15.2700004577637 15.4899997711182 15.5200004577637 15.1999998092651 14.6800003051758 14.3100004196167 14.4600000129682 14.5699996948242 14.5600004196167 14.6400003433228 14.6099996566772 14.6599998474121 14.4399995803833 14.4099998474121 14.399999626123 14.2799997329712 13.8699998855591 13.8400001525879 13.7600002288818 13.5699997344424 13.3100004196167 13.1599998474121 12.6599998474121 12.0100002288818 11.7200002670288 11.2299995422363
16.1499996185303 16.0499992370605 16.0300006866455 16.0200004577637 16.0100002288818 15.6899995803833 15.6999998092651 15.5900001525879 15.6300001144409 15.7600002288764 15.6599998474121 15.5500001907349 15.6000003814697 15.6099996566772 15.5799999237061 15.8000001907349 15.8000001907349 15.5500001907349 15.3900003433228 15.4099998474121 15.2600002288818 15.2399997711182 15.4099998467718 14.8500003814697 14.4799995422363 14.3699998923029 14.4399995803833 14.210000038147 14.3299999237061 14.3199996948242 14.3400001525879 14.6199998855591 14.6599998474121 14.5900001525879 14.3800001144409 14.3500003814697 14.1300001144409 13.7600002288818 13.7799997329712 13.6199998855591 13.5799999237061 13.4799995936082 13.4099998474121 12.9700002670288 12.3699998855591 12.0699996948242 11.5200004577637
16.2399997711182 16.2199993133545 16.1100006103516 16.0900001525879 16.0699996948242 15.6999998092651 15.75 15.7799997329712 15.8199996948242 15.8500003814697 15.7399997711182 15.5699996948242 15.539999961853 15.539999961853 15.5200004577637 15.5799999237061 15.4499998092651 15.2200002670288 14.960000038147 14.8800001144409 14.8199996948242 14.7299995422363 14.6599998474121 14.5600004196167 14.3900003570669 14.4799995413065 14.3299999237061 14.4799995422363 14.4600000381862 14.3699998855591 14.3500003814697 14.4899997711182 14.5900001525879 14.539999961853 14.4899997711182 14.3900003433228 14.1300001144409 13.8400001525879 13.8000001907349 13.6700000762939 13.539999961853 13.4899997711182 13.3500003814697 13.0900001525879 12.8900003433228 12.4099998474121 11.8599996566772
16.5300006866455 16.2999992370605 16.3199996948242 16.2700004577637 16.2099990844727 15.7600002288818 15.8199996948242 15.8199996948242 15.9499998092651 15.9399995803833 15.7600002288818 15.5799999237061 15.5399999618129 15.4399995803833 15.4700002670288 15.3800001144409 15.210000038147 15.0200004577637 14.8599996566772 14.789999961853 14.5299997329712 14.3900003433228 14.1899995803833 14.2299995422363 14.3699998855591 14.4499998092651 14.3199996948242 14.4700002670288 14.4899997711182 14.4099998474121 14.1300001144409 14.0100002288818 14.4300003051758 14.0699996948242 14.3900003206776 14.4700002670288 14.3800001144409 14.1199999153222 14.0600004196167 13.7799997329712 13.5200004577637 13.3999996185303 13.210000038147 13.0600004196167 12.960000038147 12.6700000762939 12.2200002670288
