SnowAccumulation_R/test/tmax/final_tmax_18_04_2009.asc
NCOLS 97 
NROWS 69 
XLLCORNER 52512.810182332 
YLLCORNER 5316225.2758522 
CELLSIZE 10000 
NODATA_value -9999 
[rows 42 to 62 of 69, columns 47 to 93 of 97]
15.0299997329712 14.7299995422363 14.5900001525879 14.3900003433228 14.1499996185303 13.5600004196167 13.5299997329712 13.6700000762939 13.8199996948242 13.9700002670288 13.8400001525879 13.8400001525879 13.8199996948242 13.9099998474121 13.8999996185303 13.9300003053044 13.9300003051758 13.9399995803833 13.9099998477373 13.8900003433228 13.5200004577637 14.0100002004002 13.5900001525879 14.1599998474121 14.1400003433228 14.289999961853 14.5699996948242 14.6899995803833 14.75 14.8299999237061 14.5100002288818 14.3900003433228 14.3000001907349 13.9899997711182 13.8100004196167 14.0500001907349 13.9899997711182 13.9099998474121 13.5200004577637 12.9899997711182 12.6899995803833 12.0299997329712 11.4399995803833 11.1999998092651 10.8000001907349 10.4499998092651 10.2700004577637
15.1199998855591 14.9300003051758 14.7799997329712 14.4200000762939 14.0699996948242 13.9300003051758 13.8599996566772 13.8100004196167 13.8299999237061 13.9099998474121 13.960000038147 13.9399995803833 13.9200000762939 13.9099998474121 13.8900003433228 13.8100004196167 13.9499998092651 13.7799997329712 13.7799997326507 13.3999996089487 12.8900003433228 12.7399997721243 13.2200002670288 13.5699996948242 14.1599998474121 14.289999961853 14.4899997711182 14.5900001525879 14.6099996566772 14.7799997329712 14.6999998092651 14.5699996948242 14.460000038147 14.2799997329712 14.1499996185303 13.6899995803833 13.960000038147 13.7799997329712 13.6800003051758 13.2700004577637 13.0100002288818 12.4300003051758 11.8299999237061 11.5600004196167 11.0799999237061 10.6499996185303 10.4499998092651
15.1800003051758 15.0299997329712 14.8100004196167 14.4200000762939 14.2799997329712 14.0799999237061 14.1199998855591 14.1400003433228 14.1599998474121 14.1700000762939 14.1099996566772 14 13.960000038147 13.8800001144409 13.7399997711182 13.6899995803833 13.8000001907349 13.5799999237061 13.4099998413825 13.0900001525879 12.6999998092651 12.6800003051758 12.8699998855591 13.6099996566772 13.8199996948242 14.2799997329712 14.6499996185303 14.710000038098 14.6199998855591 14.7299995422363 14.7600002288818 14.8000001907349 14.710000038147 14.6499996185303 14.4700002670288 14.3299998820953 13.8699999157248 13.6599998474121 13.8000001907349 13.5200004694273 13.3299999237061 12.8000001907349 12.2100002895637 11.9099998474121 11.3599996566772 10.8700002625806 10.6400008620502
15.4200000762939 15.1899995803833 14.8100004196167 14.5500001907349 14.3800001144409 14.460000038147 14.3900003433228 14.3500003814697 14.2600002288818 14.1499996185303 14.1899995803833 14.0299997329712 13.9499998092651 13.8199996948242 13.6999998092651 13.6300001134567 13.4300003010765 13.2399997711182 13.2799997329712 13.0100002288818 12.8199996948242 12.8299999237061 13.1199998855591 13.3900003433228 13.6099996566772 13.8800001144409 14.6300001144409 14.7399997711182 14.8199996948242 14.8599996566772 14.8699998855591 14.6300001144409 14.6800003051758 14.7299995422363 14.6499996151809 14.4700002670288 14.2799997329712 14.0100002288818 13.6800003051758 13.4099998474121 13.5900001525879 13.0900001525879 12.8199996948242 12.25 11.6400003433228 11.3500003814697 11
15.4899997711182 15.1999998092651 14.8599996566772 14.6999998092651 14.4099998474121 14.6700000762889 14.3800001144409 14.3800001144409 14.3599996566772 14.210000038147 14.1400003433228 14.1099996566772 14.0699996948242 13.6300001142924 13.0100002288818 12.9899997711182 13.1999998092651 13.2399997711182 13.210000038147 13.0500001907349 13.0100002288818 13.0799999237061 13.4499998092651 14.1099996566772 14.210000038147 14.3000001907349 14.6700000762939 14.6999998092651 14.8100004196167 14.8599996566772 14.8500003814697 14.6000003814697 14.7299995422363 14.8100004196167 14.6800003051758 14.75 14.6099996566772 14.1800003051758 13.960000038147 13.9700002670288 13.75 13.4300003051758 13.0900001525879 12.4899997711182 11.9100001970968 11.8199996948242 11.1899995803833
15.289999961853 15.1700000762939 15.039999961853 14.5600004196167 14.3400001525879 14.6400003433141 14.2200002670288 14.3900003433228 14.4600000381297 14.2799997329712 14.220000266713 14.2100000376788 13.4300003051758 12.6599998474121 12.7600002292749 13.2600002288818 13.1199998855591 13.0799999237061 13.1099996566772 13.0699996948242 13.4399995803833 13.5600004196167 13.9300003051758 14.3699998855591 14.4099998474121 14.539999961853 14.4799995422363 14.4799995422363 14.7700004577637 14.9200000761167 14.8999996185303 14.7700004577637 14.8599996566772 14.8500003814697 14.8500003814697 14.8599996566772 14.789999961853 14.6899995803833 14.5900001525879 14.3500003814697 14.0799999237061 13.8299999237061 13.3900003433228 12.710000038147 12.3900007903412 12 11.460000038147
15.2799997329712 15.1199998855591 15.039999961853 14.4099998474121 14.210000038147 14.1899995803779 13.9899997711182 14.3000001906975 14.4200000761572 13.5200004577637 12.8000001907349 12.8999996184453 12.4399995803833 12.4899997711182 12.6700000767537 13.4700002670288 13.2799997329712 13.2100000381229 13.4399995803833 13.5500001907349 13.7600002298883 14.1199998855591 14.2799997329712 14.3900003433862 14.4099998474121 14.4399995803833 14.4099998474121 14.5200004577637 14.710000038147 14.8699998855591 14.8599996566772 14.8400001525879 14.8699998855591 14.9399995803833 14.9899997711182 15.1300001144409 14.9899997711182 14.8999996185303 14.8599996566772 14.6400003433228 14.4300003051758 14.1400003433228 13.3100004196167 12.9700004955614 12.8199996948242 12.1800003051758 11.6599998474132
15.2200002670288 15.0699996948242 14.5500001907349 14.3400001525879 14.0299997329712 11.960000038147 12.8699998855591 13.3400001525879 12.7799997329712 12.3500003814697 11.8699998855591 12.0200004577637 12.1300001144409 12.3199996948242 12.5900001525879 13.6099996566772 13.3400001525879 13.4499998092651 13.6400003433228 13.9899997711182 13.9300003051758 14.2600002288818 14.3999996185303 14.3800001144409 14.5200004577637 14.6199998855591 14.6000003814697 14.7700004577637 14.8800001144409 14.9300003147309 14.8800001144409 14.8800001144409 14.8400001525879 14.9899997711182 15.1599998474121 15.2600002288818 15.1099996566772 14.8299999522363 14.7799997329712 14.8400001525879 14.5200005358364 14.25 13.6300001144409 13.4700002670288 12.960000038147 12.4399995803833 12.1199998855591
15.1400003433228 15.2600002288818 14.7299995422363 14.2299995422363 14.0699996948242 11.1899995803833 11.5 12.1999998092651 11.2799997329712 12.6700000762939 12.2799997329712 12.3000001907349 12.2700004577637 12.4200000762939 13.2799997329712 13.6499996185303 13.3999996185303 13.3400001525879 13.6400003433228 14.0100002288818 14.1300001144409 13.8999996185303 14.3599996566772 14.3299999237061 14.5900001525879 14.7700004577637 14.8800001144409 14.8299999237061 14.9799995484667 14.9700002670288 14.960000038147 14.8900003433228 14.8599996566772 14.9499998092651 15 15.1700000762939 15.25 15.0200004577637 15 14.9799995422363 14.789999961853 14.3599996566772 13.8100004196167 13.5699996948242 13.0699996948242 12.6199998855591 12.3500003814697
15.210000038147 15.2200002670288 14.6899995803833 11.710000038147 11.3100004196167 11.0600004196167 12.0600004196167 13 12.8000001907349 13.1499996185303 13.0900001525879 12.5100002288818 12.6099996566772 13.5200004577637 13.6199998855591 13.5 13.1499996185303 13.3599996566772 13.539999961853 14.1199998855591 14.0299997329712 13.6800003051758 14.1300001144409 14.4700002670288 14.6099996566772 14.8199996948242 14.8299999237061 14.7399997976111 15.0399999616034 14.9200000762939 14.8100004196167 14.9399995803833 14.9200000762939 14.9899997711182 14.9499998092651 15.25 15.4799995422363 15.4300003051758 15.25 15.2200002670288 15.0200004577637 14.6300001144409 14.0200006520045 13.7399997711182 13.1499996185303 12.8500003814697 12.3400001525879
15.1099996566772 12.5200004577637 12.7299995422363 12.8100004196167 12.8000001907349 12.5900001525879 13.1199998855591 13.6400003433228 13.6999998092651 13.6700000762939 13.539999961853 13.3999996185303 12.8999996185303 13.7600002288818 13.9300003051758 13.5500001907349 13.3400001525879 13.6800003051758 13.9300003051758 14.0699996948242 14.0799999237061 14.2399997711182 14.1800003046869 14.3199996948242 14.5500001907349 14.6300001144409 14.6599998474121 14.9700002670288 14.9700002670288 14.8199996948242 14.539999961853 14.6700000762939 14.6800003051758 14.6000003814697 14.7399997711182 14.6999998092651 15.0699996586921 15.3900003433228 15.5699996948242 15.5100002288818 15.1499997733963 14.5900001525879 14.3199996948242 13.8599996566772 13.2200002670288 12.9399995803833 12.4700002670288
14.1599998474121 13.3599996566772 13.1700000762939 13.4399995803833 13.6000003814697 13.5799999237061 13.75 14.0500001907349 14.1999998092651 14.1400003433228 14.0200004577637 13.8199996948242 13.1800003051758 13.8400001525879 14.0900001525879 13.9700002670288 13.8699998853865 14 14.3000001907349 14.4200000768991 14.7200002670288 14.6700000762939 14.5600004196167 13.9200000762939 14.1099996631842 14.0600004196167 14.5 14.5900001525879 14.5299997329712 14.2399997711182 13.9899997711182 14.1400003433228 14.1400003433228 14.6800002961747 14.75 15 14.7700004577637 15.3599996566772 15.6899995803833 15.6199995732585 15.1599998474121 14.9700002670288 14.6400003433228 13.9799995422363 13.4399998615638 13.1400003433228 12.5900001525879
14.3000001907349 14.0799999237061 13.9200000762939 13.8699998855591 14.1700000762939 14.0100002288818 14.1800003051758 14.3599996566772 14.5299997329712 14.4099998474121 14.4300003051758 14.3100004196167 14.0799999237061 14.1000003815671 14.3999996185303 14.1400003433228 14.069999694805 14.0900001525879 14.3000001907349 14.4399995803833 14.7299995422363 15.0100002288818 14.8100004196167 14.7399997711182 14.6199998855591 14.2600002288818 14.1700000762939 14.4300003051758 14.210000038147 14.0699996948242 14.1700000762939 14.0200004577637 14.1999998092651 14.2200002670288 14.8199996948242 15.1899995803833 15.210000038147 15.5299997329712 15.3700000066145 15.5 15.2799997329712 14.9799995807505 14.8900003433228 14.2799997329712 14.0200004577637 13.3000001907349 12.6999998092651
14.5200004577637 14.3199996948242 14.4700002670288 14.5200004577637 14.5699996948242 14.6800003051758 14.6800003051758 14.6499996185303 14.8800001144409 14.6899995803833 14.2799997329712 14.6099996566772 14.8699998855591 14.8500003814128 14.75 14.6499996185303 14.5600004196167 14.4300003051758 14.5900001525879 14.6700000762939 14.6499996185303 15.1099996532533 15 15.1499996185303 14.8100004196167 14.3000001907349 14.8199996948242 14.750000000075 14.8000001907349 14.539999961853 14.5799999237061 14.4799995422363 14.1899995803833 14.4099998474121 14.6400003433228 15.2600002288818 15.4799995422363 15.8800002584737 16.4899997711182 15.8500003814697 15.5500001907349 15.210000038147 14.8999996185303 14.2799997329712 14.0900001525879 13.5299997329712 12.8900007985258
14.7600002288818 14.7799997329712 14.8199996948242 15.0600004196167 15.0100002288818 15.039999961853 15.1599998474121 14.9899997711182 14.9799995422363 15.2299995422363 15.1199998855619 15.1400003433228 15.039999961853 14.8900003433228 14.9399995803833 14.8500003814697 14.8699998855591 14.8500003814697 14.960000038147 14.9700002708411 15.1099996566772 15.25 15.1899995803833 15.1099996566772 15.2299995417586 14.7600002288818 15.0699996948242 15.1700000762939 15.1599998474121 14.9499998092651 14.7299995422363 14.710000038147 14.3699998893585 14.5100002288818 15.1800003051758 15.3699998855591 15.8499961184091 7.78000020980835 7.64750003814697 7.4524998664856 7.13000011444092 6.94250011444092 6.86749982833862 6.85249980160204 6.95749998092651 6.44750022888184 5.95499992370605
15.0799999237061 15.25 15.2299995422363 15.3199996948242 15.3100004196167 15.25 15.460000038147 15.4099998474121 15.3100004196167 15.4899997711182 15.4300003051758 15.5600004196167 14.8100004196167 14.7799997329712 14.8999996185303 14.9099998474121 14.9499998092651 15.0399999394127 12.7174997329712 12.6999998092651 12.8924999237061 12.7700004572483 12.8549995422363 12.4549999237061 12.3824996948242 12.0874996185303 11.9250001907349 11.9250001907349 11.6925001144409 11.0474996566772 10.4099998474121 10.1125001907349 10.0649995803833 8.82250022888184 8.60499954223633 8.61750033579752 8.78999996185303 8.62249946594238 8.44250011444092 7.625 7.1725001335144 6.55000019073486 6.9375 6.69250011444092 6.96750020980835 6.27500009536743 5.75750017166138
15.1149997711182 14.8850002288818 14.8699998855591 14.8575000762939 14.6700000762939 14.4274997711182 14.0574998855591 14.1800003051765 14.0550003051758 13.7150001525879 13.4899997711182 13.3575000762939 12.539999961853 12.1875 12.5124998092651 12.7700004575933 12.8275003433228 13.022500038147 13.0450000757676 12.6599998474121 12.4350004196167 12.960000038147 13.1099996566772 12.3199996948242 12.1225004196167 12.6049995422363 12.3199996948242 12.4700002670288 12.1499996185303 11.8149995775032 10.3374996185303 9.85249996185303 9.80749988555908 9.63249969482422 8.65750064984934 9.11750030517578 8.97000026702881 9.01249980926514 9.14500045776367 7.87750005722046 7.49499988555908 6.5774998664856 7.3125 7.2024998664856 6.94999980926514 6.61999988555908 5.75500171568665
14.7550001144409 14.7325000762939 14.8149995803833 15.1499996185303 14.6424999237061 14.2650003433228 14.1750001907349 14.1175003051813 14.1674995422363 14.3000001907349 14.1499996185303 13.5625 12.6724996573156 12.1075000766489 12.4300003051758 12.727499961853 12.8424997329712 12.7974996566772 12.8100004196167 12.6750001907349 12.7449998855591 12.6949996948242 13.5450000762939 12.4250001907349 12.2674999237061 13.1149997711182 12.6424999244044 12.8824996948242 12.3625001907349 11.8325004577637 10.3874998092651 9.73250007629395 9.63000011444092 9.60750010986888 9.62250040618818 9.625 9.09749984741211 8.98750019073486 9.43000030517578 8.05249977111816 7.2649998664856 6.69000005722046 6.76249980926514 7.01000022888184 6.87750005722046 6.80749988555908 6.74499988555908
14.9075002670288 14.9549999237061 15.0500001907349 15.2425003051758 14.8575000762939 14.477499961853 14.3424997329712 14.460000038147 14.3725004196167 14.6324996948035 14.6024999620029 14.1049995422363 13.8450002670288 13.4849996566772 12.7950000762939 12.7425003050603 12.7700004577637 12.9575004577637 13.1049995422363 12.6925001144409 12.8400001525879 12.9075002670288 13.5574998855591 12.8900003433228 12.8074998855591 13.5150003433228 13.1999998092651 12.9949998855591 12.3599996566772 11.8450002670288 10.5725002288818 10.2075004585867 10.0850001628892 10.0600004196167 9.82499980926513 9.57250022888184 9.64249992370605 9.30000019073486 8.94999980926513 8.28500080032637 7.35500001907349 6.57250022888184 6.78999996185303 7.02750015258789 6.61749982833862 7.37249994277954 7.12750005722046
15.1824998855591 15.2550001144409 15.335000038147 15.3625001907349 15.3800001144409 15.0000000000201 14.7375001907406 14.7475004196167 15 14.7524995803833 14.7674999237061 14.5799999237061 14.3800001144409 14.414999961853 13.9375 13.602499961853 13.0900001525879 12.9925003051758 13.0174999237061 13.3675003051758 13.2224998474121 13.3474998474121 13.9399995803833 14.0924997329712 13.8299999237061 13.8824996948242 13.1225004196167 13.3400001525879 12.1225004196167 11.1549997329712 10.9099998474121 11.2825002670288 10.6125001907349 10.1925001144409 9.9375 9.67000007629395 9.6725006137187 9.53250026702881 9.22000026702881 9.30749988555908 7.53749990463257 6.92999982833862 6.84250020980835 6.99249982833862 7.20499994993177 7.86749982833862 7.77750015258789
15.1999998092652 15.4674997329712 15.5625 15.4575004577637 15.3275003433238 15.585000038147 15.6000003814697 15.414999961853 15.2150001525879 14.8249998092651 14.9499998092651 15.0349998474121 15.1899995804344 15.1975002288818 14.7600002288818 14.5 13.664999961853 13.4425001144409 13.3725004196167 13.2950000762939 13.4224996575955 13.8599996566772 14.5375003814697 14.7124996185303 15.2124996185303 14.3474998474121 13.6875 13.6674995422363 12.8450002579505 11.5074996948242 11.4324998855591 11.6225004196167 11.085000038147 10.5100002327931 10.3000001907349 9.73499965667725 9.65750026702881 8.98250007629395 8.6899995803833 8.98499965667725 8.1850004196167 7.17999982833862 7.25250005722046 7.43750087494243 8.04500007629395 8.13749980926514 7.63000031630584
