SnowAccumulation_R/test/tmax/final_tmax_13_04_2009.asc
NCOLS 97 
NROWS 69 
XLLCORNER 52512.810182332 
YLLCORNER 5316225.2758522 
CELLSIZE 10000 
NODATA_value -9999 
[rows 0 to 20 of 69, columns 0 to 46 of 97]
-9999.000000000000000 -9999 -9999 -9999 -9999 -9999 -9999 -9999 -9999 -9999 -9999 -9999 -9999 -9999 -9999 -9999 -9999 -9999 -9999 -9999 -9999 -9999 -9999 -9999 -9999 -9999 -9999 -9999 -9999 -9999 -9999 -9999 -9999 -9999 -9999 -9999 -9999 -9999 -9999 -9999 -9999 -9999 -9999 -9999 -9999 -9999 -9999
-9999 -9999 -9999 -9999 -9999 7.19999980926514 6.69000005722046 6.5 6.23000001907349 7.30000019073486 7.15999984741211 7.6100001335144 8.21000014525518 9.38000011444092 9.09000015258789 9.31999969482422 10.0299997329712 10.2399997711182 10.2200002667915 -9999 -9999 -9999 -9999 -9999 -9999 -9999 -9999 -9999 -9999 -9999 -9999 -9999 -9999 -9999 -9999 -9999 -9999 -9999 -9999 -9999 -9999 -9999 -9999 -9999 -9999 -9999 -9999
-9999 -9999 -9999 -9999 -9999 5.26999998092651 5.48000001907349 6.05999994277954 6.48999977111816 7.51999998092651 7.73000001907349 8.73999977111817 9.35000038146972 9.31000040826322 9.05000019073486 9.8100004196167 10.2200002670288 10.3400001525879 10.289999961853 10.0600004239206 9.64999961853028 9.22000026702881 8.67000007629395 8.11999988555908 7.78999996185303 7.17000007629395 7.05000019073486 7.26999998092651 7.71000003814697 8.97000026702881 9.55000019073486 10.5600004196167 11.1800003051758 11.2399997711182 10.9499998092651 10.6099996566772 10.3500003814697 10.0600004196167 9.78999996185303 9.89000034332275 10.0699996948242 10.3000001907348 10.4200000762939 10.6099996566772 11.1000003814697 11.4799995422363 11.8199996948242
-9999 -9999 -9999 -9999 -9999 5.90999984741211 6.5 6.76000022888184 6.90999998060273 7.88000011444092 8.21000003814697 8.35999965667725 9.13000011444092 9.05000019073486 9.03999996185303 9.55000019073486 9.97999954223633 10.1999998092651 10.3699998855591 10.1199998850651 9.61999988555908 9.0600004196167 8.60999965667725 8.10999965667725 7.57999992415984 7.40999984741211 7.23999977111816 7.46000003814697 8.05000019073486 9.39000034332275 9.9399995803833 10.960000038147 11.5200004577637 11.5799999237061 11.2799997329712 11.0100002288818 10.9099998474121 10.6999998092651 10.4799995422363 10.6099996566772 10.8400001525879 11.1000003814697 11.1599998474121 11.5 11.960000038147 12.3599996566772 12.6999998092651
-9999 -9999 -9999 -9999 -9999 6.30000019073486 6.55999994277954 7.05000002402104 7.36000013351441 7.57000023984218 8.1899995803833 8.55000019073486 8.86999988555908 9.22000026702881 9.42000008198474 9.77999973297119 9.96000003814697 10.2399997711182 10.5600004196167 10.0600004196167 9.80000019073486 9.40999984741211 8.64000035747307 8.26000022888184 7.86999988555908 7.76000022888184 7.55999994277954 7.76999998092651 8.55000019073486 9.77999973297119 10.9700002667815 11.3400001525879 11.8299999237061 11.9899997711182 11.6499996185303 11.4200000762939 11.3400001525879 11.3699998855591 11.1899995803833 11.4399995803833 11.7799997329712 11.9899997711182 12.1400003433228 12.5699996948242 12.8199996948242 12.8599996566772 13.1000003814697
-9999 -9999 -9999 -9999 -9999 6.51999998092651 6.67999982833862 6.80000019073486 7.09999985322437 7.78999996185303 7.71999979019165 8.09000015258789 8.48999977111816 8.9399995803833 9.43000030517578 9.72000026702881 10.1700000762939 10.6199998855591 10.8100004196167 10.3000001907349 10.0200004577637 9.5600004196167 9.22000026702881 8.89000034332275 8.1899995803833 8.02999973303166 7.98000001907349 8.07999992370605 8.85999965667725 10.4499998092651 11.3500003814697 11.6599998474121 12.2200002670288 12.3900003433228 12.0500001907349 11.6999998092651 11.7499999999977 11.8800001144409 11.960000038147 12.1099996566772 12.2799997329712 12.6199998855591 12.8999996185303 13.3900003433228 13.5500001907349 13.5299997329712 13.6599998474121
-9999 -9999 -9999 -9999 -9999 6.42000007629394 6.44000005722046 6.67999982833862 6.55000019073486 7.1899997756683 7.38000011444092 7.55000019073486 7.94000005722046 8.43000030517578 8.92000007629394 9.42000007629395 9.67000007629394 10.1499996185303 10.6099996566772 10.1000003814697 9.97000026707041 9.90999984741211 9.72999954223633 9.44999980926514 9 8.31000042573124 8.31999969482422 8.39000034332275 9.14999961853027 11.0100002288818 11.4399995803833 11.7600002288818 12.4200000762939 12.6599998474121 12.3599996566772 11.9399995803833 12.1199998855526 12.3800001144409 12.5500001907349 12.5600004196167 12.6999998092651 13.4799995422363 13.7700004577637 14.1999998092651 14.1499996185303 14.1400003433228 14.1499996185303
-9999 -9999 -9999 -9999 -9999 6.3899998664856 6.48999977111816 6.51000022888184 6.25 6.17000007629395 7.01999984382206 7.07999992876413 7.23999977111816 7.59000015258789 8.34000015258789 8.98999977111816 9.39999962013269 9.77999973297119 9.96000003814697 9.82999992370605 9.90999984741211 10.1099996566772 10.2700004577637 9.97000026702881 9.53999996185303 9.13000011444092 8.98999977111816 8.97000027320697 9.85999965667724 10.6400003433228 11.3100004196167 11.9200000761866 12.3199996948242 12.7299995422363 12.4899997711182 12.1400003433228 12.4999999999897 12.9399995803833 12.9099998474121 12.8199996948242 13.1000003814697 13.8100004196167 14.289999961853 14.789999961853 14.5100002288818 14.5500001907349 14.6199998855591
-9999 -9999 -9999 -9999 -9999 6.30000019073486 6.28999996185303 6.51000022888184 6.15000009536743 6.17999982833862 6.40000009536743 6.91999993375324 7.07000017166138 7.42999982833862 7.90999984741211 8.61999988555908 9.14000034332276 9.47000026702881 9.57999992370605 9.88000011444092 10.2799997329712 10.7399997707731 10.8100004196167 10.5299997329712 10.1599998474121 9.8100004196167 9.93999958009309 10.3999996185303 10.75 10.5699996947074 11.0200004577637 11.6400003433228 11.8999996185303 12.4799995422363 12.4899997711182 12.4099998474121 12.75 13.039999961853 12.9399995803833 12.9200000762939 13.1800003051758 13.710000038147 14.1300001144409 14.6300001144409 14.6800003051758 14.7200002670288 14.960000038147
-9999 -9999 -9999 -9999 -9999 6.01000022888184 6.1100001335144 6.26000022888184 6.09999990463257 5.94999980926514 6.1100001335144 6.28999996185303 6.76000016923371 7.30999994277954 7.71000003814697 8.11999988555908 8.90999984741211 9.05000019099222 9.42000007629395 9.82999992370605 10.539999961853 11.3699998855591 11.3999996185303 11.0200004577637 10.710000038147 10.5299997329712 10.789999961853 11.1800003051758 11.0900001525879 10.5299997329712 10.3699998855591 11.2799997326231 11.5900001523283 12.210000038147 12.3699998855591 12.5500001907349 12.8199996948242 12.9200000762939 12.8199996948242 12.6999998092651 13 13.5699996948242 13.8800001144412 14.5 14.710000038147 14.8199996948242 15.1499996185303
-9999 -9999 -9999 -9999 -9999 4.96999979019165 5.94000005722046 5.90000009536743 5.82999990509127 5.76999998092651 5.8600001335144 6.15999984741211 6.75 7.05999994559199 7.53999996185303 7.84000015258789 8.55000019073486 8.80000019073486 9.27000045776367 9.72999954223633 10.7600002288818 12.4200000762939 11.4899997720028 11.1800003051758 10.8900003433228 10.8800001144409 10.9799995422363 11.1199998855591 10.9300003051758 10.6099996566772 10.539999961853 11.0500001907349 11.3100004196167 12.0100002288818 12.3599996567126 12.6700000763249 12.9099998474121 12.9300003051758 12.6599998474121 12.1999998092651 12.6199998855591 13.2399997711182 13.5500001907349 14.1700000762939 14.5200004577637 14.8100004196167 15.2600002288818
-9999 -9999 -9999 -9999 4.32999992370605 4.34000015258789 5.01999998092651 5.51999998092651 5.40999984741211 5.36999988555908 5.46999979019165 5.69999980926514 6.5 7.03000020980835 7.38999982081591 7.78000020980835 8.14999961853027 8.63000011444092 9.10999965665659 9.52999973297119 10.6899995803833 11.3699998855591 10.5900001525879 10.5299997329712 10.5900001525879 10.6300001144409 10.7799997329712 10.9099998473797 10.8800001144409 10.8500003814697 10.9300003051758 11.3500003814697 11.8500003814246 12.1199998855591 12.5200004577637 12.9399995803833 13.1400003433228 13.1199998855591 12.6499996185318 12.1800003051751 12.279999732969 12.7700004577609 13.0699996948233 13.8699998855588 14.3000001907349 14.7700004577637 15.3400001525881
-9999 -9999 -9999 -9999 3.63000011444092 4.19000005722046 4.88000011444092 5.32999992370605 5 5.15000024156006 5.65000009536743 6.01000022888184 6.55999994277954 7.07999992370606 7.03999996185303 7.0599999593596 8.15999984741211 8.56999969482422 8.64999961853027 8.94999980926514 9.31999969482422 9.28999996185303 9.47999954223633 9.64999961853027 9.97999954223633 10.1499996185303 10.5200004577637 10.7600002288818 10.8900003433228 11.1300001144409 11.2299995422363 11.5900001525879 12.1300001143893 12.3299999237061 12.7299995422363 12.9799995422363 13.1999998092651 13.1099996566791 12.8699998855591 11.8400001525879 11.0699996948242 11.4499998092651 11.9799995422363 13.25 14.1300001144409 14.8299999237061 15.5500001907349
-9999 -9999 -9999 -9999 3.52999997138977 4.15999984741211 4.76000022888184 5.17000007629394 5.63000011444092 5.78000020980835 5.67000007629394 6.1399998664856 6.67000007629395 6.73000001907349 6.98000001907349 7.19999980926514 7.46999979019165 7.96999979019165 8.13000011444092 8.32999992370605 8.54000000197256 8.60000038146973 10.039999961853 10.1700000762939 9.47999954223633 9.61999988555908 10.1099996566772 10.5200004577637 10.7200002670288 11.039999961853 11.3900003433228 11.9899997711182 12.8299999237061 12.7200002670288 12.8000001907349 12.9799995422363 13.2600002288818 13.3800001144408 13.2299995422363 11.4099998474121 9.8100004196167 10.4399995803833 11.2700004577644 12.9899997711182 14.0200004577637 15.0200004577637 15.6599998474121
-9999 -9999 -9999 -9999 2.87999669396183 4.69000005722046 4.13999984473889 4.13000011444092 5 5.96000003814697 5.92000007629395 6.01999998092651 6.21999979019165 6.32000017166138 6.55000019073486 6.44999980926514 6.78000020980835 6.69000005722046 7.44000003189747 8.47999954223633 9.22000026702881 9.73999977111816 9.71000003814697 9.86999988555908 9.10999965667725 9.40999984741211 9.64000034332275 9.88000011444092 10.5699996945953 10.75 11.1700000762939 11.8000001907349 12.5299997329712 12.6400003433228 12.6499996185303 12.8000001907349 13.1800003051758 13.4999999999977 13.6800003051758 10.460000038147 7.6100001335144 9.34000015258789 10.6999998092655 13.2299995422363 14.8100004196167 15.3800001144409 16.0300006866455
-9999 -9999 -9999 -9999 0.660000026226044 4.40999944848377 3.76999998092651 4.23000001907349 4.69999980926514 5.1100001335144 5.48000001907349 5.30000019073487 5.78000020980835 5.76999998092651 6.01000022888184 6.25 6.3600001335144 6.59999990463257 6.75 7.3899998664856 7.03000020980835 8.7200002303624 8.73999977111817 9.19999980933365 9.19999980926513 8.94999980926514 9.01000022888184 9.5 10.1599998474121 10.4799995422363 10.7600002288818 11.3000001907349 11.6800003051758 12.0799999237061 12.3699998855591 12.5200004577637 12.8999996185303 12.8500003814697 12.4399995803833 7.44999980926514 4.59999990463257 8.96000003814697 10.7600002288818 13.6000003814697 15.3000001907349 15.8599996566772 16.3199996948242
-9999 -9999 -9999 -9999 1.45000004768372 -0.610000014305115 2.20000046415616 3.29000019875512 4.46999979019165 4.17999982833862 4.09000015258789 4.30999994277954 4.67999982833862 5.23000001907349 5.78000020980835 5.96000003814697 6.28999996185303 6.59999990463257 7 6.73999977111816 6.82999992370606 7.90000009536743 7.71999978939374 8.43000030517578 8.13000011505738 8.09000015258789 8.46000003814697 9.10000038146973 9.35000038146973 10.0299997329712 10.6199998855591 11.0699996948242 11.4700002670288 11.9099998473796 12.1999998092651 12.4899997711182 12.6599998474121 12.1499996185303 11.3100004196167 8.02000045776367 7.21000003814697 10.2700004577637 13.0699996948231 14.1300001144409 15.5200004577637 16.2199993133545 16.6399993896484
-9999 -9999 -9999 -9999 0.170000001788139 0.589999973773956 -0.100000001490116 2.31000079962829 4.6100001335144 4.17999982833862 3.53999996185303 3.61999988555908 3.9100001217133 5.09999990463257 5.48999977111816 5.71999979019165 5.78999996327249 6.26000022888184 6.19000005722046 6.53000020980835 6.5 6.86000013284972 7.36000012748152 7.59000015258789 7.80999994277954 8.07999992370605 7.98999977111816 8.69999980926514 8.93000030517578 9.75 10.9700002670288 11.7700004577637 12.539999961853 12.6599998474121 12.1800003051758 12.6800003051758 12.7700004577637 12.2700004577637 11.6599998474121 10.2299995422363 10.5100002288818 12.9700002670288 14.3000001907346 14.9799995422363 15.8599996566772 16.4500007629395 16.9400005340576
-9999 -9999 -9999 -9999 -0.010001170097012 -0.939999997615814 -0.610000014305115 3.90000009536743 3.6800000667572 5.09000015258789 3.86999988555908 4.07000017166138 4.71999979019165 5.01999998092651 4.90000009536743 5.53999996185303 5.78000020980835 5.94999980884945 6.11999988550239 6.42000007629394 6.46000003805193 6.69999980926514 7.17999982833862 7.34999990463257 7.53000020980835 7.46999979019165 7.94000005722046 8.05000019073486 8.69999980926514 9.35000038146973 10.8999996185303 11.25 12.5299997329712 12.6199998855591 12.3000001907349 12.8900003433228 13.1400003433228 12.8800001144409 12.5799999237061 12.2299995422363 13.1599998474121 15.0500001907349 15.4399995803833 15.7200002670288 16.2299995422363 16.7199993133545 17.1900005340576
-9999 -9999 -9999 -9999 -0.980000019073486 -1.70000004768372 -0.689999997615814 0.810000002384186 8.47000026702881 6.46000003814697 4.61999988555908 4.19000005722046 4.09999990463257 4.67999982833862 5.40999984741211 5.32000017166138 5.61000013351441 5.78999996185303 6.05000019073486 6.15999984741211 6.23999977111816 6.51999998092651 6.82999992370606 7.05999994253126 7.40999984741211 7.28000020980835 7.40999984741211 7.73999977111816 8.30000019073486 8.97999954223633 10.1000003814697 10.960000038147 12.3000001907349 12.4899997711182 12.3100004196167 12.9099998474121 13.3199996948242 13.4399995803833 13.460000038147 13.6999998092651 14.5500001907349 15.6099996566772 16.0799999237061 16.1499996185303 16.4200000762939 16.9300003051758 17.3400001525879
-9999 -9999 -9999 -9999 -1.54999995231628 0.159999996423721 0.449999988079071 8.07999992370606 3.0699999332428 3.01999998092651 4.21999979019165 4.07000017166138 4.28999996185303 5.19999980926514 4.88999986648559 5.07999992370606 5.65000009536743 5.84000015258789 6.13999986648559 6.17000007629395 6.17999982833862 6.21000003814697 6.6100001335144 7.05000019147065 7.21999979019165 7.48000001907349 7.75 7.84000015258789 8.39000034332275 9.3100004196167 10.1400003433228 10.4700002670288 12.1499996185303 11.9799995422363 12.2700004577637 12.75 13.2799997329712 13.75 14.0299997329712 14.6999998092651 15.4399995803833 16.1700000762939 16.2900009155273 16.2999992370605 16.4200000762939 17.0100002288818 17.5100002288818
