SnowAccumulation_R/test/tmax/final_tmax_21_04_2009.asc
NCOLS 97 
NROWS 69 
XLLCORNER 52512.810182332 
YLLCORNER 5316225.2758522 
CELLSIZE 10000 
NODATA_value -9999 
[rows 0 to 20 of 69, columns 47 to 93 of 97]
-9999 -9999 -9999 -9999 -9999 -9999 -9999 -9999 -9999 -9999 -9999 -9999 -9999 -9999 -9999 -9999 -9999 -9999 -9999 -9999 -9999 -9999 -9999 -9999 -9999 -9999 -9999 -9999 -9999 -9999 -9999 -9999 -9999 -9999 -9999 -9999 -9999 -9999 10.6300001144409 10.6199998855591 10.6000003814697 10.6300001144409 10.6099996566772 10.539999961853 -9999 -9999 -9999
-9999 -9999 -9999 -9999 -9999 -9999 -9999 -9999 -9999 -9999 -9999 -9999 -9999 -9999 -9999 -9999 -9999 -9999 -9999 -9999 -9999 -9999 -9999 -9999 11.2700004577637 11.1599998474121 10.9399995803833 10.960000038147 11.4099998474121 11.7700004577637 11.7799997329712 11.6199998855591 11.5500001907349 11.3699998855591 11.1800003051758 10.8199997893822 10.6700000762939 11.0099999065878 11.0100002288818 10.9700002670288 11 10.960000038147 11 10.9300003051758 -9999 -9999 -9999
13.1999998092651 13.1300001144409 12.9399995803833 12.5699996948242 12.3500003814697 12.25 12.1199998855591 12.0100002288818 12.039999961853 11.9300003051758 11.8400001525879 11.6599998474121 11.510000228784 11.1499996185303 11.0500001907349 11.0799999237061 11.0299997329712 11 10.9700002669644 10.8699998855591 10.960000038147 11.0600004196167 11.2100000427301 11.4600000377705 11.5 11.4700002670288 11.1800003051758 10.9399995803833 11.2799997329712 11.710000038147 11.9300003051758 11.8500003814697 11.789999961853 11.6400003433228 11.5200004711605 11.4499998092651 11.1400008013589 11.4399995803833 11.4200000762939 11.3000001907349 11.3199996948242 11.3400001525879 11.289999961853 11.25 -9999 -9999 -9999
13.8500003814699 13.6400003433228 13.3900003433228 12.9399995803833 12.6899995803833 12.5500001907349 12.4799995422356 12.3500003814697 12.0900001525879 12.1400003433228 12.0100002288818 11.7700004577637 11.5500001907349 11.1099996566772 10.8100004196167 11.1300001144409 11.1700000762939 11.1400003433228 11.0799999237061 11 10.9700002670288 11.1800003051758 11.3299999237061 11.460000038147 11.6099996566772 11.7399997711182 11.5 11.1800003051758 11.5399999465176 11.8699998855591 12.1499996185303 12.0200004577637 11.9700002670288 11.8400001525879 11.8100004196167 11.7100002116854 11.7799997329712 11.7399997711182 11.6999998092651 11.6899995803833 11.6499996185303 11.6800003051758 11.5500001907349 11.5 -9999 -9999 -9999
14.4300003051758 14.2399997711182 13.7299995422363 13.3800001144409 13 12.789999961853 12.7600002288818 12.7299995422363 12.4200000762939 12.2200002670288 12.0799999237061 11.8999996185303 11.6899995803833 11.4200000762939 11.25 11.2700004577637 11.2799997329712 11.2799997329395 11.2700004577637 11.1599998474121 11.1999998092651 11.2200002670288 11.5500001906133 11.5900001525879 11.7399997711182 11.8699998855591 11.8400001525879 11.5699996948242 11.5100002288818 11.9499998092651 12.1899995803833 12.1599998474121 12.1700000762939 12.0699996948242 11.8199998807972 11.9700002670288 11.9799995422363 11.9499998092651 11.9300003140368 11.9700002670288 11.9499998092651 11.8999996185303 11.9799995422363 11.9200001032955 -9999 -9999 -9999
14.8500003814697 14.75 14.3599996566772 13.9200000762939 13.539999961853 13.2700004577637 13.0699996948242 12.9799995422363 12.789999961853 12.6199998855591 12.4799995422363 12.3199996947905 12.0600004196167 11.8000001907349 11.6099996566772 11.2299995422363 11.289999961853 11.3999996185303 11.4499998138668 11.460000038147 11.3500003814697 11.289999961853 11.4200000762939 11.7299995422363 11.8199996948242 11.9099998474121 12.0799999237061 12.0799999237061 11.9700002670288 12.1000003814697 12.3100004196167 12.3299999237061 12.3100004109678 12.3000001907349 12.3800001144409 12.25 12.1800003051758 12.1700000627521 12.1700000762939 12.25 12.2200002670288 12.1999998092651 12.2899997695934 12.3500003814697 -9999 -9999 -9999
15.4899997711181 15.2299995422363 14.7600002288818 14.3699998855591 14.1099996566772 13.8699998855591 13.7299995422363 13.3699998855591 13.3199996948242 13.0699996948242 12.7799997329712 12.6599998473971 12.3400001525879 12.1599998474121 11.7299995422363 11.3599996566772 11.380000118099 11.3400001525879 11.6099996566772 11.5900001525879 11.5500001907349 11.3599996566772 11.3000001907349 11.8000001907349 11.9300003051758 12.0100002288818 12.1300001144409 12.2200002670288 12.289999961853 12.3599996566772 12.4399995803833 12.4200000762939 12.4300003051758 12.6899995803833 12.6099996566772 12.5600004196167 12.4499998092651 12.4799995422363 12.4499998092651 12.4799995422363 12.4899997711182 12.4799995422363 12.4799995422363 12.6199998855591 -9999 -9999 -9999
16.0300006866452 15.6199998855591 15.0699996948242 14.7700004577637 14.4300003051758 14.1599998474121 14.0200004577637 13.8900003433228 13.789999961853 13.6000003814697 13.2299995422363 13.0799999237061 12.5900001525879 12.3699998855591 11.9600000402899 12.0100002288818 11.8599996566772 11.5900001525879 11.4899997711182 11.6999998092651 11.6400003433228 11.5399999617875 11.3500003814697 11.8599996566772 12.0500001907349 12.1000003814697 12.1400003433228 12.2399997711182 12.460000038147 12.4399995803833 12.6000003814697 12.6499996185303 12.8400001525879 12.8400001525879 12.789999961853 12.7799997329712 12.7399997711182 12.7399997711182 12.6800003051758 12.6400003433228 12.6800003051758 12.6700000762939 12.75 12.9799995422363 -9999 -9999 -9999
16.4699993133545 15.9700002670288 15.5500001907349 15.1300001144409 14.8299999237061 14.3900003433228 14.1700000762939 14.2200002670288 14 14.1000003814697 13.6199998855591 13.4700002670288 13.0299997336735 12.9899997711182 12.539999961853 12.1700000762939 12.039999961853 11.75 11.6700000762939 11.6800003051758 11.6899995803833 11.6700000762939 11.539999961853 11.8400001525879 12.0900001525879 12.2299995419504 12.25 12.3100004196167 12.460000038147 12.6199998855591 12.819999686545 13.0100002288818 12.9899997711182 13.0299997329712 13.0299997329712 13.0000000037355 12.9799995422363 12.9399995803833 12.8400001525879 12.8500003814697 12.8699998855591 12.960000038147 12.9600000124937 13.0100002288818 -9999 -9999 -9999
16.7099990844727 16.2999992370605 15.789999961853 15.4899997711182 15.1300001144409 14.9200000762894 14.5299997329712 14.3999996185303 14.3999996185303 14.289999961853 14.0500001911833 14.0600004196167 13.7200002670288 13.3599996566772 12.7600002288818 12.5100002287019 12.2200002670288 12.0699996948242 11.7299995422363 11.5 11.6000003816011 11.7600002288818 11.6599998474121 11.8800001144409 12.0299997329712 12.1999998092651 12.4099998474121 12.5100002288818 12.6199998855591 12.7399997711182 12.960000038147 13.1000003814697 13.1899995803833 13.2600002288818 13.2299995422363 13.1899995803833 13.1099996566772 13.1800003051758 13.039999961853 13.0500002303916 13.0299997329712 12.9600000161187 12.960000038147 13.039999961853 12.9899997711182 -9999 -9999
16.7700004577637 16.5 16.0799999237061 15.7700004577637 15.4399995803833 15.2600002288778 14.8199996948829 14.5500001907875 14.539999961853 14.6199998855591 14.5699996948242 14.3599996566772 14.039999961853 13.6899995803833 13.4200000762939 12.9899997711182 12.4700002670288 12.2799997329712 11.8199996948242 11.5200004577637 11.5 11.4399995803833 11.6800003051758 11.9700002670288 12.0900001521087 12.210000038147 12.4499998092651 12.6099996566772 12.7200002670288 12.9200000725154 12.9899997711182 13.1999998092651 13.2799997329712 13.4099998474121 13.4200000762939 13.289999961853 13.3500003814697 13.2600002288818 13.2399997711182 13.1700000762939 13.0500001907349 12.9799995422363 12.9200000762939 12.9300003051758 12.9200000762939 -9999 -9999
16.8799991607669 16.5200004577646 16.2000007629407 16.0000000000034 15.8599996566772 15.6400003433228 15.3999996185303 14.9399995803833 14.710000038147 14.7600002288818 14.6999998092651 14.6199998855591 14.25 13.9499998092651 13.75 13.5600004196167 12.8599996566772 12.5600004196167 12.0799999237061 11.7200002670288 11.5799999237061 11.3599996566772 11.5500001907349 11.8199996948242 12.1000003814697 12.3100004196167 12.4399995803833 12.6800003051758 12.8699998855591 12.9300003051758 13.0200004577637 13.2299995422363 13.3900003433228 13.4899997750278 13.5699996948242 13.4200000762939 13.4200000762939 13.3500003814697 13.289999961853 13.2399997711182 13.1000003814697 12.9099998474121 12.8000002833307 12.789999961853 12.75 -9999 -9999
17.2099990844725 16.9500007629395 16.7199993133545 16.2999992370605 16.1200008392334 15.8999996185303 15.7600002288818 15.4499998092651 15.0500001907349 14.9399995803833 14.8500003814697 14.6300001144409 14.4799995422363 14.2200002670288 14.119999885386 13.8199996948242 13.3299999237061 12.9200000762939 12.5299997329712 12.350000380876 11.8999996185303 11.6300001144409 11.5299997329712 11.6599998474121 12.0900001525879 12.3900003433228 12.4700002836449 12.7600002288818 12.8900003433228 12.9799995422363 13.1199998855591 13.3000001907349 13.5799999237061 13.539999961853 13.5200004577637 13.460000038147 13.4399995803833 13.4099998822795 13.3699998855591 13.2799997965844 13.0500001907349 12.789999961853 12.7399997711182 12.6499996185303 12.5699996948242 -9999 -9999
17.2299995422363 17.2000007629395 16.9400005340576 16.6200008392334 16.4200000762939 16.3400001525879 15.75 15.4099998474121 15.4899997711182 15.1599998474121 15.0500001907349 14.8199996948242 14.6300001144409 14.4700002670288 14.3699998853849 14.0500001907349 13.7200002670288 13.3599996566772 12.9499998092651 12.75 12.25 11.9300003051758 11.8100004196167 11.8999996185303 12.2799997329712 12.5500002093068 12.710000038147 12.8699998855591 12.8500003814697 13.039999961853 13.2600002288818 13.4799995422363 13.5699996948242 13.5500001907349 13.4799995422363 13.3800001144409 13.6000003814697 13.6199998855591 13.4600001329182 13.3699998855591 13 12.8699998855591 12.6400003433228 12.5500001907349 12.3900003433228 -9999 -9999
17.6100006103516 17.2099990844727 17.2600002288818 17.1200008392334 16.8500003814697 16.5799999237061 16.0599994659424 15.5900001525879 15.5 15.2100000381205 15.0500001907349 15.0799999237061 14.8800001144409 14.6099996566772 14.4099998474121 14.3000001907349 13.8800001144409 13.460000038147 13.3299999233868 12.9099998474121 12.4499998092651 12.1700000762939 12.1199998855591 12.2299995422363 12.6000004108989 12.8500003814697 12.9399995803833 12.9099998474121 12.8999996185303 13.1899995803833 13.4700002670288 13.4899997711182 13.5 13.6700000762939 13.5900001525879 13.6499996185303 13.6099996566772 13.7299995422363 13.460000038147 13.3599996566772 13.0400001385077 12.8999996185303 12.6000003814697 12.460000038147 12.2299995422374 -9999 -9999
17.9099998474121 17.6200008392334 17.4899997711182 17.3299999237061 17.0699996948242 16.8700008392334 16.5499992370606 15.960000038147 15.539999961853 15.4300003051758 15.2600002288818 15.0600004196167 14.7299995422363 14.4899997711182 14.5699996948242 14.5600004196167 14.0500001907349 13.6599998474121 13.460000038147 13.1300001144409 12.8299999237061 12.5500001907349 12.5 13.0200004577637 12.7399997711182 13.0900001525879 13.039999961853 12.9700002670288 13.1300001144409 13.4099998474121 13.6199998855591 13.6800003051758 13.7299995422363 13.7200002670288 13.7799997329712 13.6300001452413 13.7299995422363 13.8699998855591 13.6499996185303 13.4099998474121 13.25 12.9700002670288 12.6300001144409 12.4399995803833 12.2799997329712 -9999 -9999
18.1599998474121 18.0699996948242 17.9099998474121 17.6599998474121 17.5699996948229 17.25 16.9500007629394 16.3400001525879 15.7700004577637 15.5699996948242 15.2600002288818 15.0200004577637 14.7399997711182 14.5900001524541 14.4399995803833 14.5200004577637 14.3900003433228 13.75 13.5699996948242 13.3800001144409 13.1199998855591 12.8900003543699 13.0799999237061 13.1499996185303 13.1199998855591 13.3699998855591 13.1899995804852 13.210000038147 13.3500003814697 13.6199998855591 13.8400001525879 13.8699998855591 13.9099998474121 13.8999996185303 13.9200000762939 13.8599996566772 14.1300001144409 14.1400003433228 13.9200000762939 13.7399997711182 13.3500003814697 13.0600004196167 12.6999998092651 12.5299997329712 12.289999961853 -9999 -9999
18.4699993133545 18.3899993896484 18.2600002288818 18.0400009155273 17.9400005340565 17.5100002288818 17.1800003051758 16.7600002288818 16.2399997711182 15.8800001144409 15.3400001525879 15.0100002288818 14.7200002670288 14.5600004196167 14.25 14.1700000762939 13.9799995422363 14.1199998855014 13.8299999237061 13.3599996566772 13.3199996944151 13.3699998855591 13.3500003814697 13.2700004577637 13.289999961853 13.4799995422363 13.4099998474121 13.4499998092651 13.6099996566772 13.8900003433228 13.9700002670288 14.0200004577637 13.9700002670288 13.960000038147 14.0799998783977 14.1099997374963 14.210000038147 14.4099998474121 14.1000004896301 13.8999996185303 13.4499998092651 13.1499996185303 12.8000004953444 12.6199998855591 12.3500003814697 -9999 -9999
18.8199996948242 18.6200008392334 18.5100002288818 18.2099990844727 18.1299991607656 17.8700008392334 17.4099998474121 16.9099998474121 16.6299991607666 16.2299995422363 15.539999961853 14.960000038147 14.6899995803833 14.5100002288818 14.1300001144409 13.8199996948242 13.4799995422363 13.4200000762939 13.9200000581942 13.5500001907349 13.6400003433228 13.5900001524085 13.5900001525879 13.6300001144409 13.5799999237061 13.6000003819555 13.6199998855591 13.710000038147 13.8800001144409 14.1300001144409 14.1599998474121 14.0299997329712 14.0699996948242 14.1199998855591 14.1499996388777 14.2399997711182 14.3599996566772 14.4899997711182 14.3000001907349 13.8800001144409 13.5100002288818 13.2200002670288 13.0299997329712 12.6999998092651 12.4499998092651 -9999 -9999
19.0300006866455 18.9300003051758 18.7199993133545 18.6299991607666 18.5 18.2900009155273 17.6100006103516 17.1499996185303 16.9500007629167 16.3700008392334 15.8100004196167 15.1999998092651 14.75 14.5600004196167 14.0600004196167 13.8400001525879 13.3900003461407 13.460000038147 13.039999961853 12.9099998474121 13.4899997711182 13.75 13.8900003433228 13.9899997711182 13.9799995422363 13.8900003433228 13.8500003814697 14.0100002288818 14.25 14.3500003814697 14.2799997329712 14.1899995803833 14.2799997329712 14.1999997865935 14.2299995422363 14.2799997329712 14.3400001525879 14.3999996185303 14.1700000762939 13.8500003814697 13.5299997329712 13.3999996185303 13.1000003814697 12.8100004196167 12.5400002241274 12.5200004577637 -9999
19.2700004577637 19.1800003051758 19 18.9500007629395 18.9099998474121 18.6399993896484 17.9099998474121 17.3799991607666 17.0699996947858 16.4699993133545 16.0499992370605 15.3900003433228 15.0699996947252 14.7399997711182 14.3800001156209 14.1999998092651 13.9300003051758 13.6999998092651 13.2399997711182 12.9200000762939 13.6499996185303 13.789999961853 14 14.1599998474121 14.210000038147 14.1400003433228 14.1199998855591 14.3500003814697 14.5799999237061 14.460000038147 14.4300003051758 14.2299995422363 14.2100000853026 14.1499996185303 14.2200002670288 14.3000001907349 14.2299995422363 14.2700004577637 14.0600004196167 13.8100004196167 13.5699996948242 13.4799995422363 13.1899995803833 12.8800001144409 12.6800005787343 12.5799999237061 -9999
