SnowAccumulation_R/test/tmax/final_tmax_24_04_2009.asc
NCOLS 97 
NROWS 69 
XLLCORNER 52512.810182332 
YLLCORNER 5316225.2758522 
CELLSIZE 10000 
NODATA_value -9999 
[rows 0 to 20 of 69, columns 47 to 93 of 97]
-9999 -9999 -9999 -9999 -9999 -9999 -9999 -9999 -9999 -9999 -9999 -9999 -9999 -9999 -9999 -9999 -9999 -9999 -9999 -9999 -9999 -9999 -9999 -9999 -9999 -9999 -9999 -9999 -9999 -9999 -9999 -9999 -9999 -9999 -9999 -9999 -9999 -9999 1.58000004291534 1.72000002861023 1.85000002384186 2.03999996185303 2.08999991416931 2.17000007629394 -9999 -9999 -9999
-9999 -9999 -9999 -9999 -9999 -9999 -9999 -9999 -9999 -9999 -9999 -9999 -9999 -9999 -9999 -9999 -9999 -9999 -9999 -9999 -9999 -9999 -9999 -9999 1.79999995231628 1.51999998092651 1.08000004291534 0.949999988079071 1.32000005245209 1.60000002384186 1.60000002384186 1.60000002384186 1.75 1.75 1.70000004768372 1.42000003813439 1.32000005245209 1.65999974176531 1.80999994277954 1.89999997615814 2.07999992370605 2.09999990463257 2.28999996185303 2.38000011444092 -9999 -9999 -9999
1.66999995708466 1.60000002384186 1.42999994754791 1.01999998092651 0.829999983310699 0.810000002384186 0.720000028610229 0.620000004768372 0.769999980926514 0.790000021457672 0.910000026226044 0.990000009536743 0.959999978501117 0.810000002384186 0.980000019073486 1.25999999046326 1.36000001430511 1.44000005722046 1.44000005720435 1.38999998569489 1.53999996185303 1.67999994754791 1.83000003527687 1.90999996624494 1.9099999666214 1.74000000953674 1.22000002861023 0.769999980926514 1.00999999046326 1.4099999666214 1.57000005245209 1.67999994754791 1.85000002384186 1.87000000476837 1.90999995322455 1.89999997615814 1.67000030061215 1.99000000953674 2.09999990463257 2.05999994277954 2.15000009536743 2.30999994277954 2.38000011444092 2.49000000953674 -9999 -9999 -9999
1.89999997615822 1.72000002861023 1.52999997138977 1.02999997138977 0.819999992847443 0.740000009536743 0.689999997615814 0.569999992847443 0.28999999165535 0.5 0.550000011920929 0.550000011920929 0.419999986886978 0.170000001788139 0.100000001490116 0.870000004768372 1.16999995708466 1.30999994277954 1.29999995231628 1.30999994277954 1.3400000333786 1.63999997509262 1.64999997615814 1.77999997138977 1.89999997615814 1.95000004768372 1.49000000953674 0.949999988079071 1.22000001423326 1.55999994277954 1.87999999523163 1.79999995231628 1.92999994754791 1.95000004768372 2 2.05000000052126 2.09999990463257 2.16000008583069 2.23000001907349 2.27999997138977 2.32999992370605 2.48000001907349 2.44000005722046 2.52999997138977 -9999 -9999 -9999
2 1.88999998569489 1.39999997615814 1.12000000476837 0.769999980926514 0.610000014305115 0.610000014305895 0.589999973773956 0.180000007152557 0.00999999977648258 0.0299999993294477 0.119999997317791 0.0500000007450581 0.0799999982118607 0.239999994635582 0.620000004768372 0.939999997615814 1.07000005259463 1.27999997138977 1.28999996185303 1.26999998092651 1.36000001430511 1.77999997124544 1.82000005245209 1.94000005722046 2 1.8400000333786 1.3400000333786 1.21000003814697 1.63999998569489 1.91999995708466 1.94000005722046 2.07999992370606 2.02999997138977 1.86000015984881 2.05999994277954 2.19000005722046 2.26999998092651 2.32999989712095 2.4300000667572 2.5 2.51999998092651 2.72000002861023 2.78999977284651 -9999 -9999 -9999
1.89999997615814 1.94000005722046 1.70000004768372 1.3400000333786 1.05999994277954 0.850000023841858 0.610000014305115 0.46000000834465 0.119999997317791 -0.0900000035762787 -0.0799999982118607 -0.109999999373988 -0.0299999993294477 0.0900000035762787 0.270000010728836 0.159999996423721 0.589999973773956 0.899999976158142 1.25 1.28999996185303 1.30999994277954 1.32000005245209 1.5 1.87999999523163 1.92999994754791 1.96000003814697 2.0699999332428 2 1.74000000953674 1.82000005245209 2.0699999332428 2.14000010490417 2.2000000269263 2.25 2.36999988555908 2.29999995231628 2.30999994277954 2.39000005073779 2.44000005722046 2.60999989509582 2.64000010490417 2.6800000667572 2.85999957466392 3 -9999 -9999 -9999
1.91999995708467 1.96000003814697 1.62999999523163 1.46000003814697 1.45000004768372 1.36000001430511 1.20000004768372 0.569999992847443 0.239999994635582 -0.180000007152557 -0.310000002384186 -0.259999990399284 -0.180000007152557 0.0799999982118607 0.0199999995529652 -0.0199999995529652 0.200000003866234 0.259999990463257 1 1.28999996185303 1.45000004768372 1.30999994277954 1.24000000953674 1.87000000476837 1.98000001907349 2.00999999046326 2.05999994277954 2.14000010490417 2.14000010490417 2.15000009536743 2.23000001907349 2.23000001907349 2.26999998092651 2.63000011444092 2.58999991416931 2.60999989509583 2.53999996185303 2.61999988555908 2.65000009536743 2.75999999046326 2.8199999332428 2.83999991416931 2.85999989509583 3.08999991416931 -9999 -9999 -9999
2.06999993324258 1.87000000476837 1.44000005722046 1.48000001907349 1.48000001907349 1.50999999046326 1.38999998569489 0.939999997615814 0.310000002384186 -0.25 -0.370000004768372 -0.28999999165535 -0.300000011920929 -0.0399999991059303 -0.039999998552911 0.200000002980232 0.239999994635582 0.319999992847443 0.610000014305115 1.28999996185303 1.48000001907349 1.41999995703006 1.20000004768372 1.8400000333786 2.03999996185303 2.04999995231628 2.0699999332428 2.11999988555908 2.32999992370605 2.25 2.4300000667572 2.5 2.74000000953674 2.77999997138977 2.76999998092651 2.79999995231628 2.78999996185303 2.85999989509583 2.84999990463257 2.84999990463257 2.94000005722046 2.95000004768372 3.04999995231628 3.25 -9999 -9999 -9999
2.1800000667572 1.73000001907349 1.51999998092651 1.39999997615814 1.63999998569489 1.67999994754791 1.54999995231628 1.13999998569489 0.200000002980232 -0.419999986886978 -0.349999994039536 -0.209999993443489 -0.109999999180506 0.159999996423721 0.129999995231628 0.150000005960465 0.209999993443489 0.300000011920929 0.620000004768372 1.07000005245209 1.48000001907349 1.48000001907349 1.32000005245209 1.70000004768372 2 2.14000010471355 2.14000010490417 2.17000007629395 2.30999994277954 2.46000003814697 2.70000003774857 2.92000007629395 2.91000008583069 2.98000001907349 3.01999998092651 3.01999997719113 3.01999998092651 3.02999997138977 2.96000003814697 3.03999996185303 3.07999992370606 3.23000001907349 3.24999994869465 3.34999990463257 -9999 -9999 -9999
2.0699999332428 1.66999995708466 1.27999997138977 1.32000005245209 1.52999997138977 1.62000000476878 1.5900000333786 1.1599999666214 0.620000004768372 0.0599999986588955 -0.139999999676296 0.400000005960464 0.419999986886978 0.46000000834465 0.200000002980232 0.119999997365766 0.219999998807907 0.479999989271164 0.46000000834465 0.560000002384186 0.889999986164257 1.36000001430511 1.30999994277954 1.62999999523163 1.83000004291534 2.03999996185303 2.28999996185303 2.39000010490417 2.48000001907349 2.59999990463257 2.83999991416931 3.00999999046326 3.13000011444092 3.23000001907349 3.21000003814697 3.1800000667572 3.11999988555908 3.26999998092651 3.16000008583069 3.25 3.25 3.20000004768372 3.27999997138977 3.47000002861023 3.47000002861023 -9999 -9999
1.87999999523163 1.63999998569489 1.30999994277954 1.22000002861023 1.46000003814697 1.59000003337921 1.45000004771585 1.14999997619234 1.03999996185303 0.990000009536743 0.930000007173582 0.860000014305115 0.790000021457672 0.75 0.839999973773956 0.519999980926514 0.319999992847443 0.509999990463257 0.340000003576279 0.310000002384186 0.46000000834465 0.639999985694885 1.13999998569489 1.60000002384186 1.79999995163747 1.97000002861023 2.28999996185303 2.48000001907349 2.58999991416931 2.76999997768775 2.84999990463257 3.07999992370605 3.1800000667572 3.34999990463257 3.36999988555908 3.24000000953674 3.35999989509583 3.3199999332428 3.36999988555908 3.3199999332428 3.25999999046326 3.27999997138977 3.29999995231628 3.36999988555908 3.48000001907349 -9999 -9999
1.8899999856951 1.48000001907404 1.26999998092763 1.38999998569717 1.51999998092651 1.46000003814697 1.61000001430511 1.37999999523163 1.35000002384186 1.26999998092651 1.19000005722046 1.23000001907349 1.00999999046326 0.980000019073486 1.11000001430511 1.05999994277954 0.600000023841858 0.649999976158142 0.449999988079071 0.349999994039535 0.319999992847443 0.28999999165535 0.759999990463257 1.25 1.6599999666214 2 2.21000003814697 2.51999998092651 2.71000003814697 2.75999999046326 2.83999991416931 3.05999994277954 3.24000000953674 3.3800001163957 3.48000001907349 3.3199999332428 3.39000010490417 3.38000011444092 3.34999990463257 3.40000009536743 3.35999989509583 3.24000000953674 3.23000001907349 3.26999998092651 3.36999988555908 -9999 -9999
2.08999991416915 1.75999999046326 1.69000005722046 1.46000003814697 1.64999997615814 1.55999994277954 1.83000004291534 1.80999994277954 1.54999995231628 1.46000003814697 1.37000000476837 1.23000001907349 1.26999998092651 1.22000002861023 1.25999999040558 1.22000002861023 0.980000019073486 0.879999995231628 0.790000021457672 0.759999990089412 0.519999980926514 0.439999997615814 0.529999971389771 0.870000004768371 1.50999999046326 2.00999999046326 2.19000006885178 2.55999994277954 2.70000004768372 2.76999998092651 2.89000010490417 3.0699999332428 3.40000009536743 3.33999991416931 3.33999991416931 3.29999995231628 3.33999991416931 3.41000003353083 3.41000008583069 3.4500001112969 3.32999992370605 3.16000008583069 3.16000008583069 3.19000005722046 3.25 -9999 -9999
1.86000001430511 1.87999999523163 1.74000000953674 1.6599999666214 1.79999995231628 1.9099999666214 1.52999997138977 1.47000002861023 1.86000001430511 1.62000000476837 1.55999994277954 1.42999994754791 1.39999997615814 1.45000004768372 1.46000003805988 1.3400000333786 1.25999999046326 1.22000002861023 1.10000002384186 1.03999996185303 0.769999980926514 0.649999976158142 0.720000028610229 0.949999988079071 1.61000001430511 2.09999991391862 2.35999989509582 2.66000008583069 2.61999988555908 2.77999997138977 2.97000002861023 3.20000004768372 3.28999996185303 3.25999999046326 3.19000005722046 3.10999989509583 3.46000003814697 3.54999995231628 3.48000008676742 3.53999996185303 3.28999996185303 3.22000002861023 3.09999990463257 3.15000009536743 3.13000011444092 -9999 -9999
2.00999999046326 1.52999997138977 1.87999999523163 2.05999994277954 2.09999990463257 1.92999994754791 1.64999997615814 1.42999994754791 1.66999995708466 1.41999995707231 1.45000004768372 1.69000005722046 1.64999997615814 1.52999997138977 1.39999997615814 1.50999999046326 1.26999998092651 1.14999997615814 1.20000004768372 1.04999995231628 0.829999983310699 0.769999980926514 0.939999997615814 1.20000004768372 1.87000002158507 2.20000004768372 2.50999999046326 2.5699999332428 2.57999992370605 2.83999991416931 3.11999988555908 3.09999990463257 3.10999989509583 3.30999994277954 3.23000001907349 3.35999989509583 3.33999991416931 3.61999988555908 3.36999988555908 3.48000001907349 3.33000001203366 3.25 3.08999991416931 3.10999989509583 3.02999997139026 -9999 -9999
1.92999994754791 1.71000003814697 1.82000005245209 1.99000000953674 2.0699999332428 2.01999998092651 2.03999996185303 1.66999995708466 1.5 1.52999997138977 1.60000002384186 1.60000002384186 1.41999995708466 1.32000005245209 1.51999998092651 1.70000004768372 1.30999994277954 1.25 1.20000004768372 1.16999995708466 1.13999998569489 1.07000005245209 1.25999999046326 1.83000004291534 1.69000005722046 2.29999995231628 2.42000007629395 2.41000008583069 2.64000010490417 2.9300000667572 3.16000008583069 3.21000003814697 3.26999998092651 3.26999998092651 3.36999988555908 3.23000004679398 3.40000009536743 3.59999990463257 3.53999996185303 3.5 3.45000004768372 3.34999990463257 3.16000008583069 3.13000011444092 3.04999995231628 -9999 -9999
1.72000002861023 1.88999998569489 2.01999998092651 2.08999991416931 2.20000004768434 2.24000000953674 2.3199999332428 1.94000005722046 1.61000001430511 1.53999996185303 1.5 1.49000000953674 1.39999997615814 1.30999994269778 1.33000004291534 1.61000001430511 1.70000004768372 1.27999997138977 1.25 1.37000000476837 1.35000002384186 1.3400000399065 1.53999996185303 1.82000005245209 1.95000004768372 2.39000010490417 2.33999991355822 2.42000007629395 2.64000010490417 2.97000002861023 3.25 3.28999996185303 3.36999988555908 3.39000010490417 3.45000004768372 3.40000009536743 3.70000004768372 3.83999991416931 3.82999992370605 3.75999999046326 3.5699999332428 3.47000002861023 3.26999998092651 3.17000007629395 3.10999989509583 -9999 -9999
1.62999999523163 1.87000000476837 2.09999990463257 2.26999998092651 2.38000011444188 2.29999995231628 2.36999988555908 2.29999995231628 2.05999994277954 1.80999994277954 1.5 1.42999994754791 1.36000001430511 1.27999997138977 1.12000000476837 1.22000002861023 1.23000001907349 1.53999996210281 1.50999999046326 1.25999999046326 1.48000001539152 1.6599999666214 1.72000002861023 1.78999996185303 1.95000004768372 2.29999995231628 2.27999997138977 2.4300000667572 2.6800000667572 3.05999994277954 3.19000005722046 3.32999992370605 3.32999992370605 3.38000011444092 3.57999985121301 3.63000019525962 3.76999998092651 4.07999992370605 4.05000020982181 3.97000002861023 3.73000001907349 3.61999988555908 3.43000025914244 3.30999994277954 3.20000004768372 -9999 -9999
1.70000004768372 1.75999999046326 2.04999995231628 2.15000009536743 2.30999994278111 2.51999998092651 2.44000005722046 2.29999995231628 2.42000007629395 2.13000011444092 1.67999994754791 1.35000002384186 1.3400000333786 1.25 1 0.860000014305115 0.689999997615814 0.740000009536743 1.60000000268915 1.4099999666214 1.71000003814697 1.73000001907349 1.87000000476837 2.04999995231628 2.08999991416931 2.22000002893405 2.28999996185303 2.46000003814697 2.74000000953674 3.11999988555908 3.21000003814697 3.19000005722046 3.34999990463257 3.51999998092651 3.59999993176204 3.80999994277954 4.03000020980835 4.28999996185303 4.23000001907349 4.05999994277954 3.88000011444092 3.76999998092651 3.65000009536743 3.46000003814697 3.33999991416931 -9999 -9999
1.62999999523163 1.83000004291534 2 2.4300000667572 2.53999996185303 2.84999990463257 2.49000000953674 2.42000007629395 2.43000006675834 2.19000005722046 1.96000003814697 1.64999997615814 1.44000005722046 1.3400000333786 0.949999988079071 0.899999976158142 0.600000027246936 0.810000002384186 0.569999992847443 0.660000026226044 1.48000001907349 1.8400000333786 2.10999989509583 2.29999995231628 2.34999990463257 2.28999996185303 2.3199999332428 2.53999996185303 2.88000011444092 3.05999994277954 3.16000008583069 3.25 3.52999997138977 3.52999994305023 3.75999999046326 3.98000001907349 4.21000003814697 4.36999988555908 4.34000015258789 4.21000003814697 4.03000020980835 3.97000002861023 3.78999996185303 3.63000011444092 3.48000042705478 3.55999994277954 -9999
1.70000004768372 1.87000000476837 2.11999988555908 2.63000011444092 2.86999988555908 3.10999989509583 2.69000005722046 2.55999994277954 2.43000006673801 2.19000005722046 2.19000005722046 1.86000001430511 1.7000000476562 1.57000005245209 1.33000004421333 1.32000005245209 1.24000000953674 1.10000002384186 0.800000011920929 0.660000026226044 1.61000001430511 1.83000004291534 2.14000010490417 2.34999990463257 2.44000005722046 2.36999988555908 2.40000009536743 2.65000009536743 2.98000001907349 2.95000004768372 3.16000008583069 3.21000003814697 3.42000013759594 3.50999999046326 3.84999990463257 4.17000007629394 4.30999994277954 4.46999979019165 4.5 4.3600001335144 4.19999980926514 4.15999984741211 3.98000001907349 3.77999997138977 3.74000019190906 3.67000007629395 -9999
