SnowAccumulation_R/test/tmax/final_tmax_25_04_2009.asc
NCOLS 97 
NROWS 69 
XLLCORNER 52512.810182332 
YLLCORNER 5316225.2758522 
CELLSIZE 10000 
NODATA_value -9999 
[rows 42 to 62 of 69, columns 0 to 46 of 97]
-9999 -9999 11.0200004577637 3.09999990463257 0.300000011920929 0.439999070565116 -0.769999980926514 0.670000016689301 1.28000013485585 4.98999977111816 1.70000004768372 5.19999975124386 3.95000004768372 0.850000023841858 0.779999971389771 -1.5900000333786 1.5 -1.8999999636398 3.73000000157551 4.28999995881738 4.34000015258789 4.51999998092651 5.26999998092651 5.32999992364223 5.48999977070084 5.98000001907349 6.46000003814697 6.57999992370605 6.71999979019165 7.53999996185303 7.92999982833862 7.96000003814697 8.47000026702881 9.03999996185303 9.8100004196167 10.0500001907349 10.8199996948242 11.0100002288818 11.4200000762939 11.5100002288818 11.5699996948242 11.8199996948242 12.0100002288818 12.039999961853 12.039999961853 11.9700002670288 11.9700002670288
-9999 -9999 6.80000019073486 2.26999998092651 2.20000004768372 -0.200000002980232 1.1199998152682 0.349999994039536 4.44000005722046 2.14000010490417 4.82999992370605 2.10999989509583 0.100000001490116 -0.819999992847443 1.25 -0.400000005960464 1.83000004291534 -0.419999986886978 3.52999997138977 3.99000000953674 3.63000011444092 4.09000015258789 4.57000017166138 4.92999982833862 5.25 5.82000017166138 6.42999982833862 6.53000020980835 6.80999994277954 7.55999994277954 7.98000001907349 8.13000011444092 8.57999992370605 9.18000030517578 9.92000007629395 10.1099996566772 10.6199998855591 10.8199996948242 11.289999961853 11.6899995803833 11.5299997329712 11.8900003433228 12.039999961853 12.0600004196167 12.039999961853 12.0200004577637 12.0200004577637
-9999 -9999 10.75 3.72000002861023 2.58999991416931 -0.610000014305115 2.00999999046326 0.569998982769651 5.8899998664856 5.15000009536743 8.22000026702881 4.73999977111816 2.70000004768372 1.62000000476837 -0.769999980926514 0.0700000002980232 1.74000000953674 0.479999989271164 3.53999996185303 3.65000009536743 3.83999991416931 4.01999998092651 4.11999988555908 4.40999984741211 3.65000009536743 4.98999977111816 5.92999982833862 7.05999994211619 7.05999994277954 8.01000022888184 8.19999980926514 8.31999969482422 9.02999973297119 9.53999996185303 9.76000022888184 10.1599998474121 10.710000038147 11.0799999237061 11.2299995422363 11.460000038147 11.6700000762939 11.8500003814697 12.039999961853 12.1000003814697 12.0900001525879 12.1000003814697 12.1199998855591
-9999 -9999 10.9700002670288 4.08999939602331 1.19000005722046 0.529999971389771 0.169999978269974 0.949999988079071 1.25000045447935 2.41000014884626 8.23999977111816 4.15999984741211 2.22000002285785 -0.680000007152557 -1.69000005722046 0.769999980926514 1.74000000953674 1.23000001907349 3.53999996185303 3.63000011444092 3.78999996185303 3.91000008583069 4.57999992370605 4.80000019073486 4.90000009536743 5.36999988555908 6.42000007629395 7.32000017126012 7.90999984686005 7.98999977111816 8.51000022888184 8.64999961853027 9.38000011444092 9.68000030517578 9.8100004196167 10.5299997329712 10.7299995422363 11.039999961853 11.1800003051758 11.3999996185303 11.6499996185303 11.9099998474121 11.9700002670288 12.0299997329712 12.1099996566772 12.1300001144409 12.2399997711182
-9999 -9999 11.3599996566772 1.82000005245209 2.53999996185303 3.23000001907349 2.10999989509583 0.810000002384186 0.140000000596046 5.11000055365384 8.23999977111816 3.94000005722046 1.47000002861023 -0.46000000834465 -0.119999997317791 -0.259999990463257 1.37999999523163 0.360000014305115 -0.219999998807907 3.64000010490417 3.88000011444092 4.01999998092651 4.71000003814697 4.96000003814697 6.17999982647238 6.17999982833862 7.11999988456853 7.51999998092651 8.05000019073486 8.30000019073486 8.69999980926514 9.01000022888184 9.47999954223633 9.56999969482422 9.96000003814697 10.5600004196167 10.7299995422363 11.0500001907349 11.210000038147 11.3299999237061 11.5600004196167 11.7399997711182 11.9300003051758 12.0100002288818 12.0600004196167 12.1700000762939 12.3599996566772
-9999 -9999 12.1099996566772 2.44000005722046 4.28999996185303 3.57999992370605 3.16000008583069 0.389999985694885 1.71000003814697 6.65999984741211 8.72999949282636 4.82000017166138 1.07000005245209 -0.140000000596046 0.680000007152557 0.100000001490116 1.52999997138977 1.67999994754791 4.16999988245405 3.5 3.27999997138977 4.3899998664856 4.78999996185303 5.05000019073486 6.15000009362693 6.63999986544327 6.98999977111816 7.75 8.07999992370605 8.60999965667725 8.98999977111816 9.47000026702881 9.27999973297119 9.68000030517578 9.96000003814697 10.3599996566772 10.5 11.0600004196167 11.2799997329712 11.5600004196167 11.6099996566772 11.6000003814697 11.8500003814697 11.8900003433228 12.0600004196167 12.210000038147 12.0900001525879
-9999 7.42000007629395 12.4300003051758 5.73000001907349 3.18999986149348 4.19999980926514 1.64999997615814 1.29000013786252 4.21999979019165 7.40999984741211 8.28999997863992 4.68000016011815 0.280000001192093 1.33000004291534 1.98000001907349 0.680000007152557 1.94000005722046 1.62999999523163 0.449999988079071 3.9300000667572 4.07999992370605 4.57999992370605 5.32999992370605 5.57000017166138 5.76000022888184 6.28000020980835 6.82999992370605 7.44000005722046 7.80000019073486 7.92000007629395 9.02000045753976 9.53999996185303 9.32999992375309 9.77000045776367 10 10.3000001907349 10.5699996948242 10.8500003814697 11.1999998092651 11.4499998092651 11.5600004196167 11.6099996566772 11.75 11.8299999237061 11.9300003051758 11.9399995803833 11.9200000762939
-9999 10.7799997329712 12.5 4.05000019073486 4.28999996185303 2.9300000667572 5.48999977111816 5.30000019073486 6.09000015258789 7.46000003814697 8.8100004196167 8.93000030517578 0.800000068569821 4.32999992267964 4.21999979019165 2.21000003814697 1.99000024358756 3.21000003814697 1.50999999046326 5.32999993337366 4.94999980926514 5.36999988555908 5.80999994277954 6.03999996185303 6 7.17999982833862 7.25 7.32999992370605 7.71000003814697 8.46000003794122 8.85999965667725 9.01000022888184 9.17000007629395 9.52000045776367 9.8100004196167 10.1300001144409 10.4899997711182 10.8500003814697 11.039999961853 11.1999998092651 11.460000038147 11.6800003051758 11.7200002670288 11.7299995422363 11.6800003051758 11.7299995422363 11.7700004577637
-9999 3.58999991416931 7.94000140226044 5.07999992370605 1.49000000953674 2.73000001907349 2.64000010490417 2.90000009536743 4.19999980926514 6.51000022888184 7.82000017166138 8.61999988555908 6.53000020980835 5.26999998092651 4.53999996185303 2.3199999332428 2.85999989509583 3.82999992370605 2.83999991416931 5.53000022174441 5.6399998664856 5.61999988555908 5.96000003814697 6.15000009536743 7.21999979019165 7.30000019073486 7.28999996185303 7.94000005642039 7.94000005722046 8.32999992363747 8.75 8.96000003814697 9.05000019073487 9.31999969482422 9.43000030517578 9.82999992370605 10.2700004577637 10.7700004577637 10.9200000762939 11.0600004196167 11.3100004196167 11.3800001144409 11.3599996566772 11.2799997329712 11.4799995422363 11.5500001907349 11.6300001144409
-9999 5.63999888107711 12.7299995422363 5.80000019073486 2.09999990463257 4.15000009536743 4.17999982833862 3.19000005722046 2.68000020829543 6.96999979019165 6.78999996185303 5.59000015258789 8.94999980926514 6.15999984741211 3.63000011444092 5.88000024314615 2.25 3.33999991416931 1.02999997138977 6.05000019073486 5.8899998780071 5.96000003814697 5.90000009536743 5.90999984741211 7.17999982746565 7.17999982833862 7.53000020969121 7.94999980926514 7.98999977108033 7.21999979019165 8.52999973297119 8.72000026702881 8.78999996185303 8.6899995803833 9.07999992370605 9.21000003814697 9.60000038146973 10.0500001907349 10.710000038147 10.8800001144409 10.9300003051758 11.0100002288818 11.1899995803833 11.1300001144409 11.039999961853 11.1899995803833 11.4300003051758
-9999 4.67000007629395 11.8800001144409 9.19999980926514 3.44000005722046 5.86999988555908 4.34000015258789 3.75999999046326 4.38000011444092 6.53000020980835 3.57999992370606 5.32999992370605 7.3600001335144 9.38000011444092 8.69999980926514 5.78999996185303 2.53999999837951 2.79999995231628 1.44000005722046 4.53999996185303 6.15999986386684 6.59000015258789 6.19999980926514 6.07000017166138 6.8600001335144 7.30000019073486 7.84000015258789 8.23999977111817 8.27000045776367 8.27999973297119 8.18999958044182 8.48999977101754 8.40999984741211 8.55000019073486 8.98999977109934 9.09000015258789 9.35999965667725 10.1800003051758 10.3699998855591 10.539999961853 10.7200002670288 10.7399997711182 10.8900003433228 10.9300003051758 11.039999961853 11.0699996948242 11.1300001144409
-9999 5.09999990463257 4.17999982833862 11.8999985052574 4.09999990463257 6.92999982833862 5.78999996185303 4.03000020980835 5.17000007629395 6.26000022888184 4.38000011444092 6.05000019073486 7.11999988555908 9.22000026702881 8.39999962257291 6.78999996185303 4.28000020980835 3.70000004768372 3.07999992370606 3.15000009536743 6.69000005722046 6.65000009536743 6.57999993168588 6.84000015258789 7.09999990463257 7.71999979019165 8.05000019073486 8.30000019073486 8.38000011444092 8.43000030517578 8.34000015257327 8.09000015258789 7.82999992370605 8.26000022888184 8.68000030515032 8.9399995803833 9.3100004196167 9.64999961852755 9.86999988555908 9.9399995803833 9.92000007629395 10.6099996566772 10.0799999237061 10.789999961853 10.8699998855591 10.8000001907349 10.789999961853
-9999 5.36999988555908 7.05000019073486 10.8299999237061 8.57999992370605 6.92000007629394 6.28999996185303 5.36999988555908 6.03999996185303 6.38000011444092 4.19999980926514 5.96000003814697 7.21999979019165 8.76000022888184 8.77000045776367 4.94999980926514 3.88000011444092 2.30999994277954 3.17000007629394 2.22000012360254 3.33999991352635 6.64999998198929 6.94999980926514 7.07000017166138 7.11999988555908 7.78999996185303 8.14000034332275 8.13000011444092 8.23999977111816 8.27000045780506 8.14999961853027 7.96999979019165 7.07999992370605 7.34999990463257 8.18000030517578 8.60000038146972 9 9.49999999999605 9.67000007629395 9.82999992370605 9.72000026702881 9.72000026702881 9.89000034332275 10.0100002288819 10.4200000762939 10.7700004577637 10.8400001525879
-9999 5.83000003881574 6.57000017166138 8.35000038146973 11.3199996948242 6.96000003814697 7.96999979019165 6.51999998092651 5.55999994277954 4.92999982833862 5.15999984741211 5.82000017166138 6.19000005722046 8.53999996185303 9.25 4.92999982833862 4.73000001907349 2.95000004768372 4.07000017166138 6.01000022888184 3.45000004768372 2.88000012840636 2 5.84999990066226 7.19999980926514 7.44999980926514 7.84000015258789 8.0600004196167 8.32999992448477 8.05000019073486 7.92000007629395 7.75 7.32999992370605 7.40999984741211 7.42999982833862 7.82999992370605 8.69999980926514 9.22999954223211 9.55000019073486 9.77999973297119 9.80000019073486 9.60000038146973 9.94999980926514 10.039999961853 10.3500003814697 10.6099996566772 10.6400003433228
-9999 7.07250022888184 7.70499992370605 8.22000026702881 12.2349997923425 9.13250064849854 7.86999988555908 6.80000019073486 6.6100001335144 6.19000005722046 6.63000011444092 5.03000020980835 4.50000000090894 7.88000011444092 9.46000003814697 7.38000011444092 4.15999984741211 2.90000009536743 4.26999998092651 7.01999998092651 3.38000011444092 2.5699999332428 2.39000010573557 5.76000022888184 6.30999994277954 7.36999988555908 7.59000015258789 7.76999998092651 8.1899995803833 8.03999996185303 7.69000005722046 7.73000001907349 7.67000007629395 7.84000015258789 8.10999965667725 8.13000011444092 8.47000026702881 8.85000038146973 9.28999996185303 9.75 9.89999961853026 10 10.0699996948242 10.0500001907349 10.2299995422363 10.5 10.539999961853
-9999 7.62750005722046 6.74749994277954 6.86999988555908 9.88500022888184 12.8774995803833 6.70749998092651 8.18749985639248 4.59000015258789 7.64750003814697 7.66499996185303 7.17749977111816 3.75 7.10750007629395 11.7124996185303 4.35750013141974 2.04749989509583 3.23250007629395 2.72499990463257 5.98500013351441 3.85750007629395 0.732500016689301 0.152500003576279 2.82999992370606 3.64000005747885 5.23000001907349 6.65000009536743 7.15999984741211 7.53999996185303 7.73999977111816 7.23000001907349 7.44000005722046 7.55000019073486 7.8899998664856 7.75 7.57999992370605 8.43000030517578 8.85000038146973 8.96000003814697 9.39999961853027 9.21000003814705 9.48999977111816 9.39000034332275 9.44999980926513 9.61999988555908 9.97000026702881 10.2600002288818
-9999 11.1824998855591 9.25999936197904 4.92000007629395 7.16750001907349 12.6549997329712 8.91499996185303 7.00500011444092 4.86999988555908 7.80249977111816 8.55999947250542 6.7975001335144 5.1100001335144 6.09999990463257 11.2849998474121 9.4375 4.94500017166138 4.1100001335144 2.96000003429233 4.36749982833862 5.05249977111816 2.08750009536743 1.15499997138977 1.80250000953674 0.740000009536743 -0.985000014305115 3.70749997795597 4.76999997772434 5.15500020980835 4.89249992375097 4.94000005722046 5.55999994277954 5.82250022888184 6.07499980926514 5.74499988555908 5.97749996185303 6.76000022888184 7.14750003814697 7.28249979019165 7.3125 5.1824998855622 6.28000020980835 6.77250003814697 6.67749977111788 6.69000005722046 6.83750009536743 6.88250017166138
-9999 10.7449998855591 7.12249994277954 5.00250005722046 6.80000019073486 12.5399999593743 11.8000001907349 9.84500026702881 6.40000009536743 8.6225004196167 9.22749996185303 5.91499996185303 5.65500020980835 8.50500011444092 8.85999965667725 10.4250001907349 9.45250034332275 2.46499991416931 1.45000004768372 3.13000011444092 6.74749994277954 5.17749974172682 1.69500005245209 2.1949999332428 1.53250002861023 1.32000005245209 2.38750004768372 3.32750010490418 3.39750003814697 4.21250009573157 4.85750007629394 5.47249984741211 5.64249992370605 5.69500017166138 5.93249988555908 5.95749998092651 5.96750020980835 7.17000007629395 7.49249982833862 7.03249979019165 5.38999986648605 5.93249988555908 5.86499977111816 5.80249977111816 5.51749992370605 6.88999986648559 7.19250011444092
10.9650001525879 11.5699996948242 5.66499996185303 4.57999992370605 8.26749992370605 12.1199998855591 9.55749988555908 11.6949996948242 9.9350004196167 8.16749954223633 7.6149996758775 5.59499979019165 7.47249984741211 6.05749991157629 5.37750005722046 8.35499954223633 9.40999984741211 4.05999994277954 2.23250007629395 2.7574999332428 5.23750019073486 5.54250001907349 4.87249994277954 2.29250001907349 4.18499994277954 -0.370000004768372 2.36999988555908 2.23499989509583 3.17499995231628 4.31750011444092 5.12249994277954 5.3600001335144 5.74249982820063 5.85500001907349 5.9850001335144 5.68249988555908 5.70749998092651 7.16499996185303 7.46500015258789 7.01999998092651 6.59499979019174 6.36999988555908 5.62249994277954 5.63999986648559 5.85249996185303 6.96500015258789 7.15000009536743
11.5874996185303 12.0150003433228 5.90749979019165 6.6999998092653 10.4075002670288 8.95750045776367 6.55000019073486 8.33250045776367 9.45499992370605 5.9524998664856 7.46750020980835 7.40500055023756 6.37750005722046 5.875 4.875 7.26249980926514 6.53000022455205 7.11250019073486 4.34250020980835 2.12249994277954 4.15749979019165 6.05249977111816 5.72249984741211 4.77500009536743 0.250000007488578 1.78999996185303 1.01499998569489 0.395000010728836 2.96749997138977 5.25500011444092 5.71500015258789 5.91249990463257 5.82499980928427 5.63000011444092 5.2024998664856 5.84499979015118 6.83249998092464 7.65250015259173 7.55249977111816 7.27250003814697 6.95499992370605 6.78000020980835 6.31750011444092 6.4225001335144 6.88749980926514 7.01249980926514 7.15000009536743
11.0950002670288 11.664999961853 6.38250017166138 9.62249946594238 10.8149995803833 8.42749977111816 6.66750001907349 5.39249992370605 10.9624996185303 8.63749980926513 9.60750007629394 10.4250001907349 7.47249989428726 10.1125001907349 6.85500001907349 6.94000005722046 4.92250013351441 4.4375 6.0774998664856 5.3600001335144 3.19250011444092 4.78749990463257 3.47749996185303 5.33500003814697 1.19749999046326 0.997499883174896 0.610000014305115 0.524999976158142 3.80999994277954 5.25 5.64750003814697 5.66499996185303 5.65000009536743 5.58750009536743 5.40749979019165 5.75750017166138 6.78999996185303 7.83750009536743 7.91750001907349 7.79250001907349 7.7350001335144 7.68499994277954 6.84000015258918 6.875 7.05000019073486 6.73250007629464 6.92999982833869
