SnowAccumulation_R/test/tmax/final_tmax_27_04_2009.asc
NCOLS 97 
NROWS 69 
XLLCORNER 52512.810182332 
YLLCORNER 5316225.2758522 
CELLSIZE 10000 
NODATA_value -9999 
[rows 21 to 41 of 69, columns 46 to 91 of 97]
5.67999982833862 5.78999996185303 5.96000003814697 5.94999980926514 5.84999990463257 5.84999990463257 6.05999994277954 5.92000007629394 6.1100001335144 6.23000001907349 6.40999984741211 6.98999977111816 6.59999990463257 6.61000013372751 6.65000009536743 6.75 6.75 6.80000019080056 6.76000022888184 6.67999982833862 6.82000017166138 7.19999981030826 7.71000003814697 8.11999988555908 8.38000011444092 8.4799995422459 8.64000034332275 8.72999954223633 9.09000015258789 9.15999984741211 8.77999973297119 8.71000003814697 8.57999994322909 8.51000022888184 8.5600004196167 8.44999980926514 8.42000007629394 8.38000011444092 8.27000045776367 8.01000022888184 7.92000007629395 7.96999979019165 8.01000022888184 7.90000009536743 7.69999980926514 7.65000009536743
5.38999986648559 5.59000015258789 5.82999992370605 5.69000005722046 5.80000019073486 5.96999979019165 5.76000022888184 5.8899998664856 6.05000019073486 6.21999979019165 6.42000007612798 6.6199998853904 6.53000020980835 6.6399998664856 6.67000007629395 6.71999979019165 6.86999988555908 6.90999984741211 6.90000009536743 6.71000003814697 6.96000003814697 7.34000015258789 7.76999998092651 8.10999965667724 8.3100004196167 8.5 8.75 9.1899995803833 9.61999988555908 9.36999988555908 9.02999973297119 8.81999974950925 8.75 8.68000030517578 8.61999988555908 8.52000045776367 8.40999984741211 8.35000038146973 8.23999977111816 8.03999996185303 8.02999970445908 8.0600004196167 8.10000038146973 7.90000009536743 7.69000047874274 7.61999988555908
4.92999982833862 5.23000001907349 5.73999977111816 5.78999996185303 5.76000022888184 5.73000001907349 5.99999999997336 6.01000022886996 6.05999994277954 6.15999984741211 6.28999996185303 6.5 6.48000001907349 6.63000011444092 6.6100001335144 6.63000011444092 6.69000005722046 6.73000001907349 6.90000009536743 6.94000005722046 7.19000005722046 7.38000011444092 7.80000019073486 8.02000045776367 8.27000045776367 8.51000022888184 8.77999973297119 9.36999988555908 9.51000022967977 9.39999961853027 9.17000004730017 8.97000026702881 8.82999996419213 8.76000022888184 8.59000015258789 8.4399995803833 8.35000038146973 8.30000019073486 8.25 8.11999988555908 8.09000015258789 8.10999965667725 8.10999945422742 7.80999994277954 7.67000007629395 7.48000001907349
4.86999988555885 4.90999984741272 5.32999992370654 5.34999990463257 5.57999992370605 5.61999988555908 5.51000022888184 5.82000017166138 5.92000007629395 6.09000015258789 6.34000015258789 6.44999980926514 6.53000020980835 6.51000022888184 6.67000007629395 6.55000019073486 6.57000017166138 6.6399998664856 6.71000003814697 6.98999977111816 7.07999992435717 7.53999996185303 7.78999996185303 7.94999980926514 8.06000042006759 8.4399995803833 8.69999980926514 9.22999954223633 9.31999969482422 9.23999972387711 8.88000011444092 8.81999969482422 8.78999996185303 8.72000026702881 8.60000038146973 8.38000011444092 8.30000019073486 8.27999973297119 8.26000022888184 8.17000010272943 8.15999984741211 8.10999965667724 7.98000001907349 7.8899998664856 7.61000013351441 7.25
4.67999982833859 4.86999988555908 5.57999992370605 5.57000017166138 5.65000009536743 5.71999979019165 5.69000005722046 5.84999990463257 5.94999980926514 6.05000019073486 6.21999979019165 6.34000015258789 6.51000022890552 6.59999990463257 6.80999994277954 6.73999977111816 6.67999982812516 6.5 6.67999982833862 6.8600001335144 7.23999977111816 7.3600001335144 7.73999977111816 7.90000009536743 7.98000001907349 8.30000019073486 8.60999965667724 9.02000045776367 8.85000038146973 8.78999996185303 8.47000026702881 8.43000030604665 8.4399995803833 8.5600004196167 8.55000019073486 8.48999977111816 8.28999996185303 8.28999996185303 8.27000045776367 8.22999954223633 8.14999961853027 8.11999988555908 8.01000022888195 7.90000009536743 7.48000001907349 7.11999988555908
4.71999979019165 4.59000015258789 5.30999994277954 5.84000015258789 5.75 5.86999988555908 5.90000009536743 5.8899998664856 5.98999977112297 6.09999990463257 6.19999980926514 6.34999990463257 6.46999979021143 6.65000009536743 6.98999977111816 7.21000003814697 7.15000009536743 6.84999990463257 6.80000019073486 7.17999982833862 7.3600001335144 7.57000017166138 7.67999982833862 7.84999990463257 7.94000005722046 8.09000015258789 8.40999982254139 8.3100004196167 8.44999980926514 8.5600004196167 7.8600001335144 7.82999992370605 7.86999988555908 8.14999961853027 8.35999965667725 8.38000011444092 8.26000022888183 8.32999992370605 8.27000046937694 8.23999977111816 8.22999949730247 8.18000030517578 8.14999961853027 7.92000007629395 7.44999980926514 7.30000019073486
4.78999996185299 4.76999998092651 5.34000015258789 5.88000011444092 5.99999999999994 5.98999977111816 6.09000015258789 6.05999994277954 5.99999999999863 6.19000005722046 6.17999982833862 6.32000017166138 6.44000005722046 6.59000015258789 6.88999986648559 6.96000003814697 7.19999980926514 7.11999988555908 7.13000011444092 7.42000007629395 7.48999977111816 7.57000017166138 7.57999992370605 7.69999980950749 7.80000019073486 7.90000008013816 7.96000003814697 8.06999969482422 8.1899995803833 8.3100004196167 7.92999982833862 7.84999990463257 7.75 7.82999992370605 7.94999980926514 8.11999988555908 8.18000030517578 8.23999977111816 8.30000019073486 8.27999977832777 8.27000045776367 8.28999995390528 8.23999977111817 7.94999980926514 7.65000009536743 7.63000011444092
4.9299998283386 5.05999994277954 5.46000003814697 5.61000013351441 5.65999984741344 5.67999982833862 6.03000020980835 6.09000015258789 6.1100001335144 6.26000022888184 6.19999980926514 6.30000019073486 6.42000007629394 6.71999979019165 6.73000001907349 6.71000003814697 6.92000007629394 7.53999996185303 7.48999977111817 7.51000022898489 7.53999996185303 7.48000001907349 7.48000001907349 7.48999977111816 7.36999988555908 7.53000020980835 7.65999984741211 7.78999996185303 7.92000007629395 8.10000038146972 8.18000030517578 7.92000007629395 7.69999980926514 7.76000022888184 7.80000019073486 7.80000019073486 8.14000034332275 8.24999997766989 8.28999997148121 8.36999988555908 8.39999961853027 8.40999984741211 8.3100004196167 8.07999992370605 7.94999988543161 7.96999979019165
5.01000022888184 5.03999996185303 5.40000009536743 5.6399998664856 5.53999996185402 5.5 6.21000003814697 6.15000009536743 6.07000017166138 6.17999982833862 6.28000020980835 6.30000019073486 6.3899998664856 6.75 6.76000022888184 6.71999979019165 6.96000003814697 7.46000003814697 7.57999992370605 7.59999990463257 7.48000001907349 7.44999980926514 7.46000004114453 7.40999984741211 7.1399998664856 7.3600001335144 7.53999996182466 7.53000020980835 7.61999988555908 7.90999984741211 8.07999992370605 7.92000007629395 7.76999998092651 7.74999999843341 7.80000019073486 7.61999988555908 8.05000019073486 8.19999987443475 8.35999965667725 8.4399995803833 8.49999998814666 8.52999973297119 8.4399995803833 8.27000045776367 8.23999977111816 8.25
4.69999980926514 4.71999979019165 5.19999980926514 5.28999996185303 5.44000005722046 5.59000015258789 6.30000019073486 6.11999988555908 5.98000001907349 6.25 6.48000001907349 6.46000003814697 6.42999982833862 6.6100001335144 6.90000009536743 6.88000011444092 7.19999980926514 7.21999979019165 7.42999982833862 7.57000017166138 7.53000020980835 7.61999988555908 7.57999992317498 7.34999990463257 7.07999992370605 7.23999977111816 7.57999992370605 7.55000019073486 7.57999992370605 7.82000016978627 7.98999977111816 7.96000003814697 7.84000015258789 7.82000017166138 7.8899998664856 7.59000015258789 8.01000021768156 8.38000011444092 8.5 8.52999973297119 8.56999969482422 8.67000007629395 8.65999984741211 8.50000013974708 8.47999954223633 8.27000045776367
5.09000015258789 5.1100001335144 5.11999988555908 5.15999984741211 5.46000003814697 5.59999990463257 6.34999990463257 6.1399998664856 6.21000003814697 6.09999990463257 6.55999994277954 6.67999982832233 6.48999977111816 6.76000022888184 7 7.09999990463257 7.69000005722046 7.44999980926514 7.71000003814697 7.76000022981199 7.69000005722046 7.67999982833862 7.63000011444092 7.17999982833862 6.94999980926514 7.05999994277954 7.3899998664856 7.82999992370605 7.65999984741211 7.73999977111816 7.98000001907349 8.02999973297119 7.92000007629395 7.90000009536743 7.96999979019165 7.82000017166138 7.94999980926514 8.46000003814697 8.60000038146973 8.61999988119487 8.72999954223633 8.84000015258789 8.86999988555908 8.85000038146973 8.68000030517578 8.48999977111816
5.05999994277954 5.05999994277954 5.05999994277954 5.13000011444092 5.36999988555908 5.48000001907349 6.34000015258789 6.34999990463257 6.28999996185303 6.09999990463257 6.57000017166138 6.78999996187204 6.80000019073486 6.96000003814697 7.09999990463257 7.26000022888184 7.65999984741211 7.65999984771253 7.73000001909551 7.75 7.80999994277954 7.67000007629394 7.51999998092651 6.92000007629395 6.63000011444092 6.57999992429247 7.11999988555908 7.80999994277954 7.88000011444092 7.92000007629395 8.10000038146973 8.15999984741211 8.09000015258789 7.98000001907349 8.02999973297119 8.09000015258789 8.10999965667725 8.48999977111816 8.69999980926514 8.71000003814697 8.81999969482422 8.52999973297119 8.9799994275684 8.96000003814697 8.90999984741211 8.8100004196167
5 4.94999980926514 4.92000007629395 5.03999996185303 5.28000020980835 5.3899998664856 5.92999982833862 6.44999980926514 6.46999979019165 6.44999980926514 6.73999977111816 6.98000001907349 6.8899998664856 7.11999988555908 7.23000001907349 7.36000013391692 7.75 7.32000017166138 7.44000005722046 7.67000007629395 7.69000005722046 7.38000011444092 7.19999980926514 6.92999982833862 6.90000009536743 7.01999998092651 7.44000005722046 7.90999984741211 8.18000030469578 8.25 8.26000022888183 8.26000022888184 8.13000011444092 7.94999980926514 8.05000019073486 8.22000026702881 8.22000026702881 8.5 8.78999996185303 8.86999988555908 8.88000011444092 8.81999969482422 8.85999965667725 9.03999996185303 9.0600004196167 9.05000045824582
4.76999998092651 4.88000011444092 4.78000020980835 4.94000005722032 5.099999904633 5.34999990463257 6.01999998092651 6.55999994278929 6.61999988555908 6.73000001907349 6.92999982833862 7.13000011444092 6.84000015309192 7.1700000764566 7.32999992377667 7.53999996185303 7.80999994277954 7.67000007629395 7.42999982833862 7.82999992370605 7.40999984741211 6.98999977115543 7.03999996185303 7.05000019073486 7.42000007629395 7.57000017166138 7.76000022888184 8.09000015258789 8.17000007629395 8.3100004196167 8.40999984741211 8.4099998468514 8.31999975795796 8.32999992370605 8.14000034332275 8.14999961853027 8.32999992370605 8.53999996185303 8.69999980926514 8.97999954223633 9.02000045776367 8.98999979095034 8.9399995803833 9.03999996185303 9.15999984741211 9.14999961853027
4.73000001907349 4.90999984741211 4.94999980926514 4.90999984741239 5.09999990463285 5.28999996185256 6.1399998664856 6.44000005724014 6.86999988555908 7.01000022901366 7.17000007628803 7.01000022888184 6.86999988555908 7.48999977111816 7.61999988558269 7.71000003814697 7.84000015258789 7.76000022888184 7.69000005722046 7.82999992370605 7.15999984741211 6.86999988555908 7.05000019073486 7.19000005722046 7.26999997446617 7.42000007629395 7.71999979019165 8.11999988555908 8.06999969482422 8.1899995803833 8.38000011444092 8.46000001076389 8.32999992370605 8.52999973297119 8.42000008864092 8.35000038146973 8.53999996185303 8.72999954223633 8.77999973297119 9.05000019073487 9.15999984741211 9.10000038146973 9.02999973297119 9.06999969482422 9.19999980926513 9.25
4.67999982833862 5.01000022888184 5.07000017166138 5.13000011444092 5.19999980926514 5.32000017166138 6.76000022886544 6.57999992371352 6.96999979019165 7.19000005722046 7.11999988555908 7.09999990463257 7.09000015258789 7.17999982833862 7.48000001907349 7.48999977111816 7.82999992370605 7.78999996109651 7.5 7.61999988555908 7.09000015258789 6.71000003814697 7.23000001907349 7.59000015258789 7.57999992370606 7.57999992370605 7.75 8.07999992370605 7.92999982833862 8.09000015258789 8.3400001368772 8.39000034332275 8.34000015258789 8.4399995803833 8.5600004196167 8.72000026702881 8.76000022888184 8.8100004196167 9.01000022888184 9.10000038146973 9.30000019073486 9.30000019073486 9.17000007629395 8.89999990855404 8.85000038146973 8.96000003814697
4.40000009536743 5.03000020980835 5.09999990463257 5.17000007629395 5.25 5.34999990463257 6.23000001907349 6.38999986648559 6.73000001907349 6.92999982833862 6.84000015258789 6.84999990463257 6.82000017166138 6.94999980926514 7.09999990463257 7.63000011444092 7.67999982833862 7.57999992321744 7.28999996185303 7.32000017166138 7.26999998092651 6.96999979019165 7.34999990463257 7.30999994277954 7.67999982833862 8.13000011444092 8.11999988555908 8.18000030517578 7.90999984741211 8.02000045776367 8.24999999879311 8.38000011444092 8.48999977111817 8.47999954223633 8.52999973297119 8.80000019073486 9.06999969482422 9.05000019073486 9.17000007629395 9.27999973297119 9.27999973297119 9.26000022888183 9.28999993105914 9.02999985967725 8.93000030517578 8.89000034332275
4.67999982833862 4.98000001907349 5.15000009536743 5.21000003814697 5.1399998664856 5.36999988555908 6.13000011444092 6.17999982833862 6.36000013351441 6.67000007629395 6.71000003814517 6.61999988555908 6.57999992370605 6.73000001907349 6.84999990463257 6.98000001907349 7.32000017166138 7.46000003814697 7.30999994277954 7.28999996185303 7.44000005789526 7.53999996185303 7.46999979019165 7.96000003814697 8.11999988555908 8.05000019073486 7.73999977111816 7.42999982833862 7.80999990871411 8.06999969482422 8.14999961853027 8.39999961853027 8.52999973297119 8.68000030517578 8.64999961853028 8.90999984741211 9.2799997086745 9.38000011444092 9.39000034332275 9.47000026702881 9.42000007629395 9.35000040788059 9.18000030517578 9.14000034332275 9.10000038146973 9.06999969482422
4.6399998664856 5.01999998092651 5.23999977111816 5.28999996185303 5.34000015258789 5.40000009536743 6.03000020980835 6.15000009536743 6.19000005722046 6.34999990463257 6.53999996185484 6.5 6.42999982833862 6.55000019073486 6.59999990463257 6.67000007629395 7.05999994277954 7.1399998664856 7.03000020980835 7.03999996185303 7.17000007629395 7.23000001907348 7.44999980926514 7.76000022873407 7.36999988555908 7.21000003814697 7.3400001574049 7.5 7.44999980926514 7.78000020980835 7.86999988555908 8.06999969482422 8.59000015258789 8.72999954223633 8.90999984741211 9.01000022888184 9.1899995803833 9.4399995803833 9.60999965667725 9.59000015258789 9.38000011444092 9.3100004196167 9.21000008951811 9.17000007629395 9.21000003814697 9.27000045776367
4.98999977111816 5.09999990463257 5.13000011444092 5.32999992370605 5.36999988555908 5.40999984741211 5.88000011444092 6.01000022888184 6.15000009536743 6.30000019073486 6.36999988555908 6.32000017166138 6.21999979019165 6.2300000191022 6.34000015258789 6.44999980926514 6.69000005722046 6.6399998664856 6.57999992370605 6.51999998092651 6.55000019073487 6.73999977111816 6.90000009536743 6.94999980926514 7.07000017166138 7.11000014725862 7.28999996132168 7.34000015258789 7.71999979019165 7.9000000950144 7.90000009536743 8.10000038146973 8.47000026702881 8.6899995803833 8.90999984741211 9.18000030517578 9.26000022888184 9.42000007629395 9.52000045776367 9.53999996185303 9.35000038146973 9.23999977111816 9.19999980926514 9.13000011444092 9.28999996185303 9.39000034332275
5.07000017166138 5.09999990463257 5.19000005722046 5.42999982833862 5.46000003814697 5.3899998664856 5.78000020980835 5.8899998664856 5.94000005722046 6.15000009536743 6.17999982833862 6.07000017166138 5.96999979019165 5.98999977111816 6.03000020980835 6.21999979019165 6.32999992370606 6.23999977111816 6.26000022888184 6.34999990463257 6.40000009536743 6.42000007629394 6.55000019073486 6.44999980926514 6.69000005722046 7.03000020980835 7.21999979019165 7.28999996185303 7.67000007629395 7.80000019073486 7.92999982833862 7.84000015258789 7.82999992370605 8.52999973297119 8.40999984741211 9.06999965445683 9.30000019073486 9.55000019073486 9.60999964923652 9.55000019073486 9.42000007629395 9.23999977111816 9.17000007629395 9.14000034332275 9.34000015258789 9.47000026702881
