SnowAccumulation_R/test/tmax/final_tmax_20_04_2009.asc
NCOLS 97 
NROWS 69 
XLLCORNER 52512.810182332 
YLLCORNER 5316225.2758522 
CELLSIZE 10000 
NODATA_value -9999 
[rows 21 to 41 of 69, columns 47 to 93 of 97]
17.6000003814697 17.5699996948242 17.5599994659424 17.5200004577637 17.5699996948242 17.6800003051758 17.25 17.1100006103516 17.0499992370605 16.9200000762939 17.1100006103516 16.5599994659424 16.459999085584 16.7199993133545 16.7000007629395 16.6299991607666 16.6299991607502 16.5300006866455 16.3899993896484 16.3999996185303 16.5900001531095 16.7999992370605 16.9200000762939 16.9300003051758 16.9099998474113 16.8299999237061 16.6599998474121 16.9300003051758 17.0300006866455 16.7600002288818 16.7299995422363 16.6599998552215 16.5900001525879 16.6399993896484 16.6100006103516 16.6599998474121 16.6800003051758 16.7299995422363 16.6499996185303 16.5599994659424 16.5599994659424 16.4400005340576 16.0799999237061 15.6099996566772 15.4200000762939 15.1099996566772 -9999
17.9300003051758 17.9400005340576 17.7099990844727 17.7299995422363 17.8600006103516 17.6200008392334 17.5200004577637 17.3799991607666 17.3799991607666 17.2600002289925 17.159999847682 17.2299995422363 17.2199993133545 17.0900001525879 17.0100002288818 17.0200004577637 16.9899997711182 16.8899993896484 16.6399993896484 16.6900005340576 16.8799991607666 17.0100002288818 17.0799999237061 17.0300006866455 17.0699996948242 17.0499992370605 17.2099990844727 17.5499992370605 17.3199996948242 17.0200004577637 16.8400002040561 16.7600002288818 16.6800003051758 16.6200008392334 16.5599994659424 16.5300006866455 16.5300006866455 16.5499992370605 16.5 16.5499992014209 16.5900001525879 16.5699996948242 16.0899999812774 15.5500011180859 15.3599996566772 15.0900001525879 -9999
18.1200008392334 18.3199996948242 18.1700000762939 17.9300003051758 17.8899993896484 18.0499992370581 17.8999996185564 18.0100002288818 17.9699993133545 17.8299999237061 17.7600002288818 17.5499992370605 17.5699996948242 17.3899993896484 17.2800006866455 17.1900005340576 17.1599998474121 17.1499996185303 17.0300006866455 17.0499992370606 17.1100006103516 17.2199993133545 17.1900005340576 17.1700000762939 17.2399997711182 17.2600002288818 17.5900001525879 17.6100006114915 17.4699993133545 17.2000007550319 17 16.7999992865437 16.7199993133545 16.5300006866455 16.3799991607666 16.3199996948242 16.3199996948242 16.3799991607666 16.3700008392334 16.3899993896484 16.4799995422363 16.4599984219099 15.7600002288818 15.5299997329712 15.1400003433228 14.9399995803833 -9999
18.3500003814712 18.4500007629408 18.6800003051758 18.6399993896484 18.5799999237061 18.3199996948242 18.3600006103516 18.2199993133545 18.2399997711182 18.2000007629395 18.0599994659424 17.9400005340576 17.8299999237061 17.7900009155273 17.5599994659424 17.4200000762939 17.3899993896484 17.2800006866455 17.3099994659424 17.2900009157255 17.4300003051758 17.4099998474121 17.3299999237061 17.2999992371555 17.3700008392334 17.3799991607666 17.6299991607666 17.6299991607666 17.440000516879 17.1000003814697 16.9099998474121 16.8099994659424 16.6399993896484 16.4500007629395 16.2000007629395 16.1200008392334 16.1100006103516 16.1700000762939 16.2000007576523 16.2299995422363 16.2399997711182 15.8299999237061 15.6899995803833 15.3000001907349 14.8100004196167 14.7600002288818 -9999
19.0799999237061 19.4400005340576 19.25 19.1200008392334 19.0599994659424 18.8199996948242 18.7099990844727 18.5599994659424 18.5200004577637 18.4200000762939 18.3099994659424 18.35000038145 18.2399997711182 18.2399997711182 18.0400009155273 17.9099998471586 17.6200008392334 17.5599994659424 17.4799995422363 17.6399993896484 17.5300006866455 17.5900001525879 17.5 17.4400005340576 17.4599990844727 17.4799995422363 17.6000003814697 17.5100002288818 17.2700004577637 16.8400001525879 16.6299991651211 16.5400009155273 16.4799995422363 16.3299999237061 16.2199993133545 15.9399995803833 15.9099998474121 15.9700002670288 15.9899997711182 16 15.7600002288818 15.6199998855593 15.4799995422363 14.9700002670288 14.5200004577637 14.5 -9999
19.0799999237061 19.5599994659424 19.8400001525879 19.5900001525879 19.5699996948242 19.3299999237061 19.0699996948242 19.0200004577589 18.8600006103516 18.7099990844727 18.6299991607666 18.6399993896326 18.6200008392334 18.7299995422363 18.7299995422363 18.6000003814697 18.2000007629395 17.9400005340576 17.9599990844727 17.9599990844727 17.8999996185303 17.7800006866455 17.6800003051758 17.6200008392334 17.5 17.5 17.4599990844727 17.3299999237061 17.1900005340576 16.4500007629395 16.3199996948242 16.1299991607666 16.1299991607666 16.1100006103516 16.0300006866455 15.7600002288818 15.7200002670288 15.7799997174867 15.8100004196167 15.6800003822055 15.6099996566772 15.5500001907349 15.2700004577637 14.7299995422363 14.4899997711182 14.4899997711182 -9999
19.4500007629395 19.8600006103516 20.2299995422363 20.2600002288813 20.0100002288818 19.7999992370605 19.5 19.319999694814 19.2099990844727 18.9799995422363 18.9099998474121 18.9200000762939 18.9099998474121 19.0200004577637 18.9300003051758 19.0100002288818 18.7299995422363 18.4799995422363 18.3799991607666 18.2999992370605 18.1499996185303 17.9699993133545 17.9400005337806 17.7600002288818 17.5599994722132 17.4899997711182 17.4400005340576 17.2700004577637 17.1000003814697 16.5799999237061 16.3899993896484 16.0699996948242 15.8800001144409 15.8599996566772 15.7799997329712 15.6300001144409 15.5600004196167 15.6599998474121 15.7100000041298 15.5600004196167 15.5100002527243 15.4300003051758 15.0799999237061 14.6999998092651 14.6300001144409 14.6300001144409 -9999
19.9099998474121 20.2000007629395 20.2900009155273 20.2800006866461 20.2700004577637 20.0499992370605 19.8099994659424 19.6800003051758 19.5400009155273 19.2600002288818 19.1700000762939 19.2099990844727 19.3500003814697 19.2800006866455 19.1499996185303 19.2199993133545 19.3999996185303 19.0499992370605 18.870000838847 18.5799999237061 18.3899993896484 18.2000007629394 18.0900001525879 18.0200004577637 17.7000007629395 17.4599990844727 17.4099998474121 17.2299995422363 17.0599994659424 16.9699993133545 16.5 16.0499992370605 15.8299999237061 15.7399997711182 15.5100002288818 15.6099996566772 15.6300001004845 15.6800003629431 15.6800003051758 15.5500001907349 15.4899997711182 15.289999961853 15 14.7799998853041 14.7600002288818 14.8000001907349 -9999
20.1100006103516 20.3500003814697 20.5 20.3700008392338 20.5300006866455 20.4400005340576 20.1100006103516 19.9099998474121 19.7299995422363 19.5599994659424 19.4200000762939 19.4699993133545 19.7099990844727 19.6900005340576 19.6299991607146 19.6900005340576 19.7900009155273 19.5100002288818 19.3199996948242 18.8899993896484 18.7199993133545 18.5300007046308 18.75 18.2700004577637 17.8899993896484 17.7600002287613 17.4699993133545 17.2000007629395 17.0499992370605 17 16.5699996948242 16.1399993896484 15.8400001627707 15.7399997711182 15.3599996566772 15.539999961853 15.6400003677612 15.7299995422363 15.6300001144409 15.470000314441 15.4200000762939 15.2299995422363 15.0100002288818 14.9399995803833 14.8400001525879 14.8299999237061 14.8400001525879
20.0799999237061 20.4099998474121 20.4899997711182 20.5900001525879 20.6700000762939 20.7399997711182 20.3199996948242 20.0799999237061 20.0400009155273 19.9899997711182 19.8500003814697 19.8099994659424 19.9500007629394 20.1800003051758 20.1599998474121 20.3299999237061 20.1299991607666 19.8999996185303 19.7800006866455 19.4200000762939 19.6700000762939 19.5300006859248 19.1499996185303 18.6800003051758 18.2600002288818 18.1700000762939 17.75 17.3600006103516 17.1200008404834 17.0400009155273 16.6700000762939 16.25 16.0699996948242 15.8199996948242 15.3299999237061 15.4799995017859 15.6700000762939 15.6800003051758 15.5299997329712 15.4499998092651 15.3599996566772 15.289999961853 15.1099998080702 15.0600004196167 14.7399997711182 14.7700004577637 14.9099998801437
20.4099998474121 20.3799991607666 20.4899997711182 20.6700000762939 20.7399997711182 20.9699993133545 20.5499992370606 20.4699993133545 20.1700000762939 20.3299999237061 20.3600006103326 20.1700000762939 20.3899993896484 20.6100006103516 20.7199993133545 21.1399993896484 20.7700004577637 20.5300006866455 20.3500003894691 20.3799991607666 20.1000003814697 19.9500007629394 19.5300006866455 19.1299991607666 18.6499996185303 18.4799995422363 18.1599998474121 17.6000003814697 17.4200000762939 17.1499996185303 16.7999992370605 16.3600006103516 16.1800003051758 15.8900003433228 15.4799995422363 15.4099998474121 15.6300001144409 15.6400003433228 15.4799995815134 15.4799995422363 15.3599996566772 15.4200000762939 15.4200000762939 15.2299995422363 14.8999996185303 14.8900002355219 14.8999996185303
20.6499996185303 20.4799995422363 20.6000003814697 20.7399997711182 20.8099994659424 21.1399993896484 20.8899993896484 20.7299995422363 20.3799991607666 20.5900001525879 20.7099990844781 20.6800003051758 20.8199996948242 21 21.1599998474121 21.5499992370605 21.3099994681455 21.3799991603923 21.0400009155273 20.7600002288818 20.4200000762939 20.2399997711182 19.8299999237061 19.5499992370605 19.2499999990226 18.7099990844727 18.3700008392334 17.8799991607666 17.6599998474121 17.3400001525879 16.9899997711182 16.7600002288818 16.2999992370605 15.960000038147 15.6599998474121 15.4899997711182 15.5699996948242 15.6599998474121 15.6199998855591 15.5600004196167 15.1300001144409 15.5799997737547 15.5900001525879 15.539999961853 15.2799997329712 15.4799988054726 15.1000003814697
20.8500003814697 20.8999996185303 20.7999992370605 20.8299999237061 20.8500003814697 20.9899997711182 21.1299991607666 21.0300006866455 20.8199996948242 20.9200000762939 21.0699996948242 20.9899997711182 21.1800003051758 21.3199996948242 21.459999085479 21.8299999237061 21.3899993896484 21.3500003814697 21.2099990844727 20.9300003051758 20.5100002288818 20.3099994659424 20.0400009155273 19.9099998474121 19.6100006103516 18.9699993133545 18.5699996948242 18.2000007636995 17.9899997711182 17.5699996948242 17.1900005340576 16.8999996185303 16.3700008392334 16.1700000762939 16.0599994659424 15.5900001525879 15.5299997329712 15.789999961853 15.8299999237061 15.75 15.6099996566772 15.6400003433228 15.8599996566772 15.8800001144409 15.8300009207951 15.9799995422363 15.5200004577637
20.9699993133545 21.1299991607666 20.9599990844734 21.0799999237054 20.9099998474121 21.2000007629395 21.4699993133572 21.2800006866455 21.1900005340576 21.2399997711182 21.3700008392334 21.1399993902899 21.4200000767819 21.7099990845197 21.8400001525879 21.9599990844727 21.7199993133545 21.4500007629395 21.4500007629395 20.9200000762939 20.5200004573165 20.3099994659424 20.0699996948242 19.8099994659424 19.5699996948242 19.0799999237061 18.7600002288818 18.5699996948242 18.1900005340576 17.8400001525879 17.4500007682663 17.1900006437106 17 16.4400005340576 16.2299995422363 15.8800001144409 15.7399997711182 15.8800001144409 16.1200008392334 16.0900001525879 16.0100002619342 15.9499998092651 16.0799999237061 16.25 16.5300006866455 16.4500007629395 15.9399995803833
20.9400005340576 21.0400009155273 21.1100006103514 21.0799999237068 21.0499992370643 21.4099998474121 21.5000000000096 21.5799999237061 21.5100002290171 21.5699996948952 21.5900001525879 21.4899997711182 21.9599990844727 22.0499992370605 22.0799999237061 22.0699996948242 21.8700008392334 21.7199993133545 21.5599994659424 20.8500003814697 20.5100002288818 20.3199996948242 20.0300006866455 19.5499992525655 19.2700004577637 18.9699993133545 18.8500003814697 18.6100006103516 18.2700004577637 18 17.870000874831 17.6100006103516 17.3899993896484 16.9200001027516 16.6700000762939 16.4400005340576 16.3299999237061 16.3099994659424 16.4599990844727 16.4699993133545 16.3799991607666 16.2700004577637 16.3299999237061 16.6299991607666 16.7299995422363 16.6499996185303 16.3299999237072
21.2000007629395 21.2099990844727 21.2099990844727 21.2299995422363 21.2600002288818 21.9999999999939 21.8500003814705 21.8799991607666 21.8600006103516 21.8199996948242 21.8199996948242 21.8199996948242 21.8799991607666 22.0799999237061 22.0300006866455 22.1599998474121 22.0599994652939 21.6800003051758 21.5100002288818 20.8700008392334 20.4500007629395 20.4300003051758 20.1800003051758 19.9099998474121 19.3500003814697 19.0300006866455 18.9099998474121 18.6299991607666 18.3600006103516 18.1700001122042 18.2399997711182 17.8600006103516 17.5900001525879 17.5100002288818 17.3099994659424 17.0400009155273 16.9599990844727 16.9200000762939 16.8199996948242 16.8600006103516 16.7999992370605 16.5900001525879 16.3799993907869 16.3099994659424 16.3700008392334 16.5 16.4099998474121
21.2399997711182 21.25 21.2600002288818 21.2800006866455 21.2999992370606 21.8600006103516 21.8700008392334 21.9099998474121 21.9200000762939 21.8199996948242 21.8099994659424 21.7900009155273 21.8600006103516 21.9500007629395 22.25 22.1599998474121 22.020000457257 21.6299991607666 21.3999996185303 21.0699996948242 20.6900005340576 20.5300006866455 20.0200004577637 19.9599990844727 19.7800006866455 19.4099998474121 19.2900009155273 18.7700004577637 18.5000000347493 18.5200004591047 18.4599990844727 18.2099990844727 17.8999996185303 17.7800006866455 17.7299995422363 17.7099990844727 17.5900001525879 17.4699993133545 17.3099994659424 17.1800003051758 16.9500007629395 16.8400002141757 16.520000633203 16.3700008392334 16.2199993133545 16.3500003814695 16.4099998474121
21.7299995422363 21.5599994659424 21.5699996948242 21.4899997711182 21.3600006103516 21.9300003051758 21.8700008392334 21.8400001525879 21.9599990844727 21.9599990844672 21.8400001525879 21.7900009155273 21.8500003814697 21.9099998474121 21.9099998474121 22.0300006866455 22.0400009155273 21.7299995422363 21.4699993133545 21.4300003050746 21.1599998474121 20.6900005340576 20.5100002288818 20.3600006103516 19.8799991607666 19.3199996948242 18.9500007629395 18.87999916521 18.9300003051758 18.8299999237061 18.7000007629395 18.4899997711182 18.4599990844727 18.1599998474121 18.1299991607666 18.2499999939257 18.2399997711182 18.0599994659424 17.75 17.5200004577637 17.159999926646 16.7700004577637 16.6299991607666 16.4500007629395 16.2999992370605 16.2700004577637 16.2299995422363
22.2800006866455 22.25 22.2600002288818 22.2700004577637 22.2700004577637 22 22.0200004577637 21.9200000762939 21.9400005340576 22.0599994659369 21.9599990844727 21.8500003814697 21.8799991607666 21.8799991607666 21.8199996948242 21.9500007629395 21.9200000762939 21.6299991607666 21.3999996185303 21.3500003814697 21.0699996948242 20.7900009155273 20.770000456483 20.0400009155273 19.5300006866455 19.2500000221583 19.3899993896484 19.0100002288818 18.9200000762939 18.8199996948242 18.6599998474121 18.75 18.7299995422363 18.6100006103516 18.4699993133545 18.5200004577637 18.5799999237061 18.5400009155273 18.2600002288818 17.5900001525879 17.0900001525879 16.7099992312485 16.5400009155273 16.4300003051758 16.3500003814697 16.2900009155273 16.1499996185303
22.4200000762939 22.4300003051758 22.3700008392334 22.3700008392334 22.3500003814697 22.0300006866455 22.0799999237061 22.0900001525879 22.1200008392334 22.1399993896484 22.0400009155273 21.8899993896484 21.850000381464 21.8400001525879 21.7900009155273 21.7999992370605 21.6700000762939 21.4099998474121 21.1100006103516 20.9899997711182 20.8199996948242 20.5300006866455 20.3500003814697 20.0100002288818 19.6399994148462 19.7800006854943 19.4699993133545 19.4099998474121 19.2099990848649 19.0499992370605 18.8700008392334 18.8500003814697 18.8799991607666 18.7900009155273 18.7800006866455 18.75 18.6700000762939 18.4099998474121 18.1900005340576 17.3299999237061 16.8600006103516 16.6700000762939 16.3700008392334 16.3500003814697 16.3600006103516 16.2999992370605 16.0900001525879
22.7299995422363 22.5499992370605 22.5499992370605 22.5200004577637 22.4799995422363 22.1000003814697 22.1499996185303 22.1299991607666 22.2199993133545 22.2199993133545 22.0499992370605 21.8899993896484 21.8500003814411 21.7700004577637 21.7700004577637 21.6700000762939 21.5 21.2800006866455 21.0699996948242 20.9699993133545 20.6499996185303 20.3899993896484 20.1200008392334 20.0699996948242 19.9699993133545 19.9300003051758 19.6399993896484 19.5799999237061 19.5 19.2600002288818 18.8400001525879 18.6599998474121 18.8999996185303 18.4599990844727 18.7600002052522 18.8500003814697 18.7800006866455 18.3400002121142 17.7199993133545 17.0900001525879 16.5699996948242 16.3899993896484 16.2000007629395 16.2000007629395 16.2299995422363 16.2600002288818 16.1000003814697
