SnowAccumulation_R/test/tmax/final_tmax_01_04_2009.asc
NCOLS 97 
NROWS 69 
XLLCORNER 52512.810182332 
YLLCORNER 5316225.2758522 
CELLSIZE 10000 
NODATA_value -9999 
[rows 42 to 62 of 69, columns 47 to 93 of 97]
7.40000009536743 7.38999986648559 7.38000011444092 7.3600001335144 7.3899998664856 6.78999996185303 6.76000022888184 6.86999988555908 6.94000005722046 7.01999998092652 6.80999994277954 6.67000007629395 6.59000015258789 6.51999998092651 6.38999986648559 6.36000013352869 6.26000022888184 6.19000005722046 6.07999992468157 6 5.55000019073486 5.51999995828732 4.94999980926514 4.92000007629395 4.51999998092651 4.42999982833862 4.25 4 3.89000010490417 3.6800000667572 3.28999996185303 3.14000010490417 2.99000000953674 2.77999997138977 2.69000005722046 3 3.15000009536743 2.86999988555908 2.52999997138977 2.11999988555908 1.88999998569489 1.44000005722046 1.08000004291534 1.26999998092651 1.70000004768372 2.0699999332428 2.21000003814697
7.51000022888184 7.32999992370605 7.28999996185303 7.25 7.11999988555908 7.05000019073486 6.98000001907349 6.90999984741211 6.86000013351441 6.88000011444092 6.80999994277954 6.65000009536743 6.57999992370605 6.44000005722046 6.30000019073486 6.17999982833862 6.19000005722046 5.98000001907349 5.92000007591522 5.53000019980094 4.84999990463257 4.61000013341858 4.59999990463257 4.48000001907349 4.5 4.40000009536743 4.19000005722046 3.94000005722046 3.80999994277954 3.65000009536743 3.40000009536743 3.23000001907349 3.0699999332428 2.92000007629394 2.84999990463257 2.58999991416931 2.70000004768372 2.58999991416931 2.5 2.1800000667572 1.98000001907349 1.57000005245209 1.27999997138977 1.30999994277954 1.51999998092651 1.75 1.83000004291534
7.53000020980835 7.5 7.3899998664856 7.07000017166138 6.98999977111816 7.13000011444092 7.15000009536743 7.11999988555908 7.05999994277954 7.01000022888184 6.82999992370606 6.59999990463257 6.48999977111816 6.30000019073486 6.07000017166138 5.98000001907349 5.96999979019165 5.69999980926514 5.51999997378618 4.98999977111816 4.51999998092651 4.38000011444092 4.23000001907349 4.42000007629395 4.3899998664856 4.3600001335144 4.26000022888184 4.150000094976 3.79999995231628 3.59999990463257 3.50999999046326 3.34999990463257 3.16000008583069 3.08999991416931 2.96000003814697 2.73000001050658 2.46000005490564 2.34999990463257 2.46000003814697 2.26000000601489 2.11999988555908 1.78999996185303 1.52000007824901 1.46000003814697 1.46000003814697 1.51999993379882 1.54999935168341
7.78000020980835 7.51999998092651 7.38000011444092 7.05000019073486 6.92000007629395 7.40999984741211 7.32000017166138 7.23000001907349 7.05999994277954 6.90000009536743 6.78000020980835 6.48999977111816 6.34999990463257 6.1100001335144 5.90000009536743 5.78999996006913 5.5399999570705 5.11999988555908 5.09000015258789 4.75 4.42999982833862 4.32000017166138 4.28000020980835 4.17999982833862 4.17999982833862 4.05000019073486 4.23000001907349 4.15000009536743 3.91000008583069 3.66000008583069 3.53999996185303 3.17000007629395 3.03999996185303 3.01999998092651 2.7500000125602 2.66000008583069 2.55999994277954 2.45000004768372 2.30999994277954 2.19000005722046 2.27999997138977 1.99000000953674 1.8400000333786 1.62000000476837 1.46000003814697 1.39999997615814 1.1599999666214
7.84999990463257 7.48999977111816 7.30000019073486 7.09000015258789 6.53999996185303 7.53999996184801 7.21999979019165 7.17000007629395 7.07000017166138 6.84999990463257 6.61000013351441 6.40999984741211 6.30999994277954 5.78000020915475 4.96000003814697 4.92000007629395 5.01999998092651 4.96000003814697 4.86999988555908 4.59999990463257 4.40000009536743 4.34999990463257 4.3899998664856 4.57999992370605 4.51000022888184 4.28999996185303 4.23000001907349 4.09999990463257 3.88000011444092 3.63000011444092 3.49000000953674 3.0699999332428 2.95000004768372 2.77999997138977 2.58999991416931 2.6800000667572 2.63000011444092 2.45000004768372 2.4300000667572 2.49000000953674 2.42000007629395 2.23000001907349 2.03999996185303 1.74000000953674 1.50000014469715 1.42999994754791 1.12000000476837
7.53000020980835 7.30000019073486 7.23999977111816 6.96000003814697 6.36999988555908 7.40999984740285 6.92000007629394 7.05999994277954 7.11999988553609 6.80000019073486 6.51000022831662 6.40999984658958 5.26000022888184 4.48000001907349 4.57000017201081 4.98999977111816 4.78999996185303 4.65999984741211 4.61999988555908 4.46000003814697 4.55999994277954 4.55999994277954 4.6100001335144 4.67999982833862 4.57999992370605 4.40999984741211 4.09000015258789 3.95000004768372 3.83999991416931 3.64000010529411 3.48000001907349 3.10999989509583 2.96000003814697 2.65000009536743 2.51999998092651 2.5699999332428 2.64000010490417 2.70000004768372 2.70000004768372 2.70000004768372 2.6800000667572 2.54999995231628 2.25 1.87000000476837 1.70000031183179 1.51999998092651 1.32000005245209
7.13000011444092 7.07000017166138 6.98999977111816 6.75 6.13000011444092 6.7899999618459 6.44999980926514 6.73000001896981 6.86999988526272 5.09999990463257 4.17000007629395 4.36999988548621 4.01000022888184 4.1399998664856 4.329999924122 5.03000020980835 4.78999996185303 4.67999982817022 4.73000001907349 4.67000007629395 4.73999977146823 4.82999992370605 4.76000022888184 4.73999977048353 4.53999996185303 4.32000017166138 4.17999982833862 3.98000001907349 3.80999994277954 3.75999999046326 3.44000005722046 3.09999990463257 2.95000004768372 2.66000008583069 2.52999997138977 2.6800000667572 2.69000005722046 2.77999997138977 2.82999992370605 2.85999989509583 2.90000009536743 2.74000000953674 2.23000001907349 2.02000013914107 1.96000003814697 1.6599999666214 1.4800000190738
6.86000013351441 6.73999977111816 6.38000011444092 5.96000003814697 5.76000022888184 4.30999994277954 4.73000001907349 4.80999994277954 3.75999999046326 3.00999999046326 2.99000000953674 3.25 3.57999992370605 3.86999988555908 4.1399998664856 5.03999996185303 4.71999979019165 4.75 4.76000022888184 4.86000013351441 4.73000001907349 4.82000017166138 4.76000022888184 4.67000007629395 4.59000015258789 4.44999980926514 4.32999992370605 4.17999982833862 3.95000004768372 3.82999994090554 3.51999998092651 3.16000008583069 2.97000002861023 2.75999999046326 2.72000002861023 2.79999995231628 2.75999999046326 2.69000006292652 2.73000001907349 2.9300000667572 2.86999990290872 2.73000001907349 2.39000010490417 2.29999995231628 2.05999994277954 1.8400000333786 1.71000003814697
6.59999990463257 6.40000009536743 5.94999980926514 5.71000003814697 5.59000015258789 3.6800000667572 3.59999990463257 3.52999997138977 2.80999994277954 3.3199999332428 3.28999996185303 3.45000004768372 3.64000010490417 3.90000009536743 4.69999980926514 5 4.69000005722046 4.59000015258789 4.65999984741211 4.76000022888184 4.76000022888184 4.46999979019165 4.67000007629395 4.59999990463257 4.63999986648559 4.59000015258789 4.55999994277954 4.28000020980835 4.07999994239684 4.01000022888184 3.65000009536743 3.25000000282785 3.0699999332428 2.83999991416931 2.76999998092651 2.78999996185303 2.86999988555908 2.74000000953674 2.83999991416931 2.97000002861023 2.91000008583069 2.75 2.46000003814697 2.34999990463257 2.13000011444092 1.97000002861023 1.87000000476837
6.46999979019165 6.11999988555908 5.51999998092651 4.30000019073486 3.84999990463257 3.57999992370606 4.03000020980835 4.3899998664856 4 4.19000005722046 4.23000001907349 3.74000000953674 3.99000000953674 4.90999984741211 5 4.84999990463257 4.48000001907349 4.57000017166138 4.53999996185303 4.73999977111816 4.59999990463257 4.26000022888184 4.48000001907349 4.67999982833862 4.69000005722046 4.69999980926514 4.6100001335144 4.32000020572375 4.51000022816862 4.09999990463257 3.67000007629395 3.5699999332428 3.20000004768372 2.97000002861023 2.82999992370605 2.90000009536743 3.04999995231628 3.03999996185303 2.99000000953674 3.09999990463257 3.02999997138977 2.88000011444092 2.59000000794084 2.46000003814697 2.20000004768372 2.05999994277954 1.86000001430511
6.26999998092651 4.80000019073486 5.03999996185303 5.11999988555908 5.01000022888184 4.75 4.94999980926514 5.17999982833862 5.13000011444092 4.98999977111816 4.86999988555908 4.76000022888184 4.34999990463257 5.19000005722046 5.32999992370605 4.94000005722046 4.65999984741211 4.84000015258789 4.80000019073486 4.67000007629395 4.57999992370605 4.57999992370605 4.53000020944169 4.6100001335144 4.73000001907349 4.73999977111816 4.80999994277954 4.78999996185303 4.6399998664856 4.19000005722046 3.61999988555908 3.50999999046326 3.15000009536743 2.79999995231628 2.76999998092651 2.59999990463257 2.78999994067212 3.01999998092651 3.22000002861023 3.24000000953674 3.11000001677611 2.86999988555908 2.75 2.55999994277954 2.25999999046326 2.14000010490417 1.96000003814697
5.59000015258789 5.32999992370605 5.28000020980835 5.57000017166138 5.65999984741211 5.59000015258789 5.59000015258789 5.71000003814697 5.78999996185303 5.65999984741211 5.51999998092651 5.32999992370605 4.76000022888184 5.36999988555908 5.57000017166138 5.38000011444092 5.23000001878588 5.15999984741211 5.11999988555908 5.05000019050792 4.92000007629395 4.84999990463257 4.80999994277954 4.42999982833862 4.55000020505007 4.65999984741211 4.92000007629395 4.76000022888184 4.55999994277954 3.97000002861023 3.41000008583069 3.29999995231628 2.92000007629394 2.9300000667572 2.84999990463257 2.84999990463257 2.67000007629395 3.01999998092651 3.30999994277954 3.31999975343347 3.17000007629395 3.17000007629394 3 2.6800000667572 2.44000018776812 2.30999994277954 2.05999994277954
5.71999979019165 5.86999988555908 5.84999990463257 5.90999984741211 6.15999984741211 5.98999977111816 6.05000019073486 6.11999988555908 6.23999977111817 6.07999992370605 6.09000015258789 5.98000001907349 5.76999998092652 5.76999998099954 5.98000001907349 5.67000007629395 5.53999996167997 5.36999988555908 5.26000022888184 5.21000003814697 5.1100001335144 5.19000005722046 5.07000017166138 5.21000003814697 5.23999977111816 5 4.88000011444092 4.86999988555908 4.5 4 3.86999988555908 3.34999990463257 3.05999994277954 2.88000011444092 2.97000002861023 3.05999994277954 3.00999999046326 3.16000008583069 3.12000005503603 3.35999989509583 3.32999992370605 3.24000000472253 3.25 2.94000005722046 2.82999992370605 2.46000003814697 2.17000007629395
5.98999977111816 6.1399998664856 6.34999990463257 6.46999979019165 6.51999998092651 6.59999990463257 6.55999994277954 6.48999977111816 6.67999982833862 6.48999977111816 6.1399998664856 6.44999980926514 6.65000009536743 6.59999990455938 6.44000005722046 6.26000022888184 6.11999988555908 5.80999994277954 5.65000009536743 5.55000019073486 5.28000020980835 5.42999983114007 5.48000001907349 5.61000013351441 5.51999998092651 5.19000005722046 5.71000003814697 5.53999996027863 5.1399998664856 4.48999977111816 4.30000019073486 3.79999995231628 3.20000004768372 3.14000010490417 2.98000001907349 3.23000001907349 3.30999994277954 3.45000031517299 4.15000009536743 3.74000000953674 3.61999988555908 3.44000005722046 3.32999992370605 3.00999999046326 2.94000005722046 2.6800000667572 2.36000011535588
6.28999996185303 6.65999984741211 6.71999979019165 6.94000005722046 6.92000007629395 6.94000005722046 7.01999998092651 6.86999988555908 6.8600001335144 7.09000015258789 7.01999998093482 7.09999990463257 6.94999980926514 6.78999996185303 6.76999998092651 6.61999988555908 6.57999992370606 6.34999990463257 6.1100001335144 5.96999979636395 5.98000001907349 5.84999990463257 5.73999977111816 5.71999979019165 5.8499999047918 5.65000009536743 5.94000005722046 5.90000009536743 5.48000001907349 4.90000009536743 4.51999998092651 4.09000015258789 3.48000002477256 3.39000010490417 3.54999995231628 3.5699999332428 3.74000032316798 3.83249998092651 3.96499991416931 3.77250003814697 3.48250007629395 3.53250002861023 3.70499992370605 3.57999980029421 3.70250010490418 3.43249988555908 2.96000003814697
6.59000015258789 6.96999979019165 7.03000020980835 7.15999984741211 7.17999982833862 7.13999986648559 7.32000017166138 7.28999996185303 7.21000003814697 7.3899998664856 7.3600001335144 7.48999977111816 6.86999988555908 6.82000017166138 6.86999988555908 6.84999990463257 6.86000013351441 6.71000005047407 7.85249996185303 7.96250009536743 8.17000007629395 7.83249997970088 7.76000022888184 7.1399998664856 7.00250005722046 6.41750001907349 6.06500005722046 6.07999992370605 6.10500001907349 5.98000001907349 5.40000009536743 5.17999982833862 5.24749994277954 4.14499998092651 4.15000009536743 4.19000011846394 4.5625 4.66750001907349 4.66249990463257 3.90499997138977 3.51500010490417 3.45749998092651 3.81500005722046 3.58249998092651 3.77250003814697 3.33999991416931 2.91750001907349
8.375 8.75999927520752 8.85750007629395 8.9399995803833 8.73500061035156 8.52250003814697 8.16749954223633 8.31249999999581 8.08500003814697 7.87249994277954 7.64750003814697 7.80999994277954 7.25250005722046 7.00250005722046 7.44000005722046 7.73999977088222 7.80249977111816 8.10000038146973 8.12750053382196 7.875 7.66750001907349 8.11499977111816 7.98000001907349 7.05749988555908 6.80999994277954 6.88250017166138 6.68249988555908 6.67500019073486 6.42749977111816 6.59250020889482 5.58500003814697 5.13999986648559 5.13000011444092 5.07499980926514 4.27500049877 4.84749984741211 4.63000011444092 4.84749984741211 5.22249984741211 4.11999988555908 3.88499999046326 3.5699999332428 4.21750020980835 4.12249994277954 3.99499988555908 3.82999992370605 2.95000170591351
8.52999973297119 8.59249973297119 8.83250045776367 9.13249969482422 8.68000030517578 8.27250003814697 8.2475004196167 8.25250053406662 8.44999980926513 8.50500011444092 8.42000007629394 8.09500026702881 7.30749988626167 6.90749979042619 7.30000019073486 7.59000015258789 7.73750019073486 7.88000011444092 7.92749977111816 7.94500017166138 7.94750022888184 7.64750003814697 8.29749965667724 7.21999979019165 6.98000001907349 7.39249992370605 6.99499988637379 7.22249984741211 6.84749984741211 6.82499980926514 5.875 5.26749992370605 5.17999982833862 5.23250011417347 5.24749997187402 5.26000022888184 4.61250019073486 4.76249980926514 5.17000007629395 4.23750019073486 3.78500008583069 3.6324999332428 3.625 3.88000011444092 3.99000000953674 4.00500011444092 4.25250005722046
8.78499984741211 8.78999996185303 8.90750026702881 9.17999935150146 8.84000015258789 8.42249965667725 8.33250045776367 8.53250026702881 8.61750030517578 8.94999980934677 9.00250053438213 8.79500007629395 8.58750057220459 8.25500011444092 7.55749988555908 7.52500009530782 7.68499994277954 8.03250026702881 8.20249938964844 7.96999979019165 7.88250017166138 7.76749992370605 8.45499992370606 7.625 7.32999992370605 7.85500001907349 7.60249996185303 7.47249984741211 7.21999979019165 6.99749994277954 6.2350001335144 5.92500019169836 5.82499991034927 5.43249988555908 5.2350001335144 5.07999992370605 5.14249992370605 5.08750009536743 4.92000007629395 4.45250076173044 3.89750003814697 3.57999992370605 3.8125 4.125 4.03000020980835 5.19000005722046 5.0475001335144
8.73750019073486 8.96000003814697 9.01500034332275 9.19750022888184 9.19250011444092 8.81500053407047 8.56999969481289 8.42500019073486 9.0625 9.40499973297119 9.60249996185303 9.39999961853027 9.11999988555908 9.21500015258789 8.70499992370605 8.3774995803833 7.96999979019165 8.05749988555908 8.10249996185303 8.5600004196167 8.28999996185303 8.27999973297119 8.78499984741211 8.84249973297119 7.96999979019165 8.27250003814697 7.65000009536743 7.94750022888184 7 6.32250022888184 6.65000009536743 6.89249992370605 6.28999996185303 5.83750009536743 5.65999984741211 5.48750019073486 5.47249985288385 5.43249988555908 5.26000022888184 5.34000015258789 3.92499995231628 4.00250005722046 3.8675000667572 4.23999977111816 4.67250011334087 5.86749982833862 5.94500017166138
8.87500000000016 9.03999996185303 9.11250019073487 9.16749954223633 8.92749977111778 9.02999973297119 9.01500034332275 8.86250019073487 9.22749996185303 9.45750045776367 9.73999977111816 9.82749938964844 9.97000026705803 9.97999954223633 9.56500053405762 9.29750061035156 8.61000061035156 8.39249992370605 8.45499992370605 8.41249942779541 8.60499954340833 9.07250022888184 9.51249980926514 9.5 8.79500007629395 8.47249984741211 7.94999980926514 8.24250030517578 7.57250022133626 6.71999979019165 6.78999996185303 7.02250003814697 6.7975001335144 6.2550001177469 6.08750009536743 5.60750007629395 5.57499980926514 4.79250001907349 4.6399998664856 5.00500011444092 4.55249977111816 3.84500002861023 4.08500003814697 4.71000069619125 5.3899998664856 5.90500020980835 5.57250044909795
