SnowAccumulation_R/test/tmax/final_tmax_03_04_2009.asc
NCOLS 97 
NROWS 69 
XLLCORNER 52512.810182332 
YLLCORNER 5316225.2758522 
CELLSIZE 10000 
NODATA_value -9999 
[rows 0 to 19 of 69, columns 0 to 46 of 97]
-9999.000000000000000 -9999 -9999 -9999 -9999 -9999 -9999 -9999 -9999 -9999 -9999 -9999 -9999 -9999 -9999 -9999 -9999 -9999 -9999 -9999 -9999 -9999 -9999 -9999 -9999 -9999 -9999 -9999 -9999 -9999 -9999 -9999 -9999 -9999 -9999 -9999 -9999 -9999 -9999 -9999 -9999 -9999 -9999 -9999 -9999 -9999 -9999
-9999 -9999 -9999 -9999 -9999 4.51000022888184 2.75999999046326 2.22000002861023 1.58000004291534 2.41000008583069 2.10999989509583 2.40000009536743 2.91000019118301 3.80999994277954 3.20000004768372 3.26999998092651 3.99000000953674 4.32999992370605 4.40000009590144 -9999 -9999 -9999 -9999 -9999 -9999 -9999 -9999 -9999 -9999 -9999 -9999 -9999 -9999 -9999 -9999 -9999 -9999 -9999 -9999 -9999 -9999 -9999 -9999 -9999 -9999 -9999 -9999
-9999 -9999 -9999 -9999 -9999 1.78999996185303 1.5 1.64999997615814 1.88999998569489 2.79999995231628 2.79999995231628 3.75999999046326 4.07999992370605 3.77999994689023 3.15000009536743 3.74000000953674 4.09999990463257 4.28999996185303 4.51999998092651 4.5100002271602 4.48000001907349 4.59000015258789 4.28000020980835 3.60999989509583 3.16000008583069 2.30999994277954 1.74000000953674 1.49000000953674 1.53999996185303 2.42000007629395 2.88000011444092 3.86999988555908 4.76000022888184 5.17000007629394 5.53000020980835 6.11999988555908 6.28000020980835 5.8899998664856 5.36999988555908 5.25 5.21000003814697 5.21000003814697 5.21000003814697 5.17000007629394 5.44999980926514 5.59000015258789 5.65000009536743
-9999 -9999 -9999 -9999 -9999 2.66000008583069 2.95000004768372 2.58999991416931 2.56000006463474 3.53999996185303 3.59999990463257 3.38000011444092 3.9300000667572 3.41000008583069 3.22000002861023 3.44000005722046 3.6800000667572 3.91000008583069 4.46000003814697 4.3600001334115 4.25 4.23000001907349 3.94000005722046 3.36999988555908 2.66000008643033 2.36999988555908 1.75999999046326 1.47000002861023 1.58000004291534 2.51999998092651 2.92000007629394 3.84999990463257 4.57000017166138 5 5.3600001335144 6 6.28000020980835 5.8899998664856 5.38000011444092 5.3600001335144 5.46000003814697 5.53999996185305 5.48000001907349 5.63000011444092 5.90999984741211 6.05000019073486 6.13000011444092
-9999 -9999 -9999 -9999 -9999 3.25 3.1800000667572 3.22000000228703 3.22000002861023 3.31999999109318 3.79999995231628 3.85999989509583 3.82999992370605 3.8199999332428 3.82999992218851 3.80999994277954 3.59999990463257 3.76999998092651 4.57999992370605 4.48000001907349 4.40999984741211 4.25 3.67000008297604 3.24000000953674 2.69000005722046 2.45000004768372 1.8400000333786 1.52999997138977 1.77999997138977 2.53999996185303 3.38000011425101 3.67000007629395 4.15999984741211 4.67999982833862 4.92999982833862 5.3600001335144 5.46000003814697 5.46000003814697 5.15999984741211 5.44000005722046 5.80999994277954 5.8899998664856 5.96000003814697 6.28999996185303 6.34000015258789 5.98000001907349 5.92000007629395
-9999 -9999 -9999 -9999 -9999 3.5699999332428 3.49000000953674 3.34999990463257 3.11000005666518 3.71000003814697 3.44000005722046 3.55999994277954 3.6800000667572 3.79999995231628 3.90000009536743 3.98000001907349 3.92000007629395 4.09999990463257 4.86999988555908 4.92000007629395 4.78000020980835 4.30999994277954 3.76999998092651 3.24000000953674 2.75 2.32999992397815 2.07999992370605 1.62999999523163 1.80999994277954 3.01999998092651 3.29999995231628 3.46000003814697 3.75999999046326 4.21999979019165 4.44999980926514 4.59999990463257 4.6399998664856 4.65000009536743 4.76999998092651 5.28000020980835 5.69999980926514 5.8899998664856 6.07000017166138 6.5 6.51000022888184 6.09999990463257 5.8899998664856
-9999 -9999 -9999 -9999 -9999 3.34999990463257 3.27999997138977 3.45000004768372 3.05999994277954 3.22999985993533 3.1800000667572 3.24000000953674 3.42000007629394 3.64000010490417 3.77999997138977 3.80999994277954 3.77999997138977 3.71000003814697 5.01999998092651 5.07000017166138 4.96000003822186 4.71999979019165 4.11999988555908 3.52999997138977 3.04999995231628 2.41000008969251 2.26999998092651 1.87999999523163 2.10999989509583 3.52999997138977 3.21000003814697 3.23000001907349 3.39000010490417 3.60999989509583 3.94000005722046 4.03999996185303 3.78999996185858 3.67000007629395 4.05000019073486 4.86000013351441 5.55999994277954 6.13000011444092 6.28000020980835 6.51000022888184 6.40000009536743 6.15000009536743 5.76000022888184
-9999 -9999 -9999 -9999 -9999 3.3199999332428 3.41000006393407 3.35999989509583 2.83999991416931 2.5 3.10999990525182 3.06999992717314 3.03999996185303 3.22000002861023 3.75999999046326 4.07999992370605 4.30000019033426 4.46000003814697 4.98000001907349 5.38000011444092 5.09000015258789 4.8600001335144 4.44000005722046 3.75 3.28999996185303 2.94000005722046 2.70000004768372 2.19000006092736 2.66000008583069 2.86999988555908 2.98000001907349 2.94000005722046 2.99000000953674 3.00999999046326 3.39000010490417 3.50999999046326 2.94000005723415 2.44000005722046 3.20000004768372 4.26000022888184 5.13000011444092 5.80999994277954 6.19000005722046 6.34000015258789 6.09999990463257 6.03999996185303 5.67999982833862
-9999 -9999 -9999 -9999 -9999 3.17000007629395 3.09999990463257 3.40000009536743 2.78999996185303 2.74000000953674 2.98000001907349 3.22000002441786 3.33999991416931 3.60999989509583 3.97000002861023 4.55000019073486 4.92000007629395 5.19999980926514 5.32000017166138 5.6399998664856 5.30000019073486 4.78999996211968 4.69999980926514 4 3.69000005722046 3.32999992370605 2.93000006702103 2.65000009536743 2.50999999046326 2.60999989509582 2.75999999046326 2.75999999046326 2.70000004768372 2.8199999332428 2.98000001907349 3.01999998092651 2.6800000667572 2.45000004768372 2.95000004768372 3.83999991416931 4.65999984741211 5.26000022888184 5.59000015258789 5.88000011444092 5.92000007629395 5.78999996185303 5.53999996185303
-9999 -9999 -9999 -9999 -9999 2.71000003814697 2.83999991416931 3.03999996185303 2.78999996185303 2.54999995231628 2.77999997138977 3.09999990463257 3.45000010090568 4.07000017166138 4.44999980926514 4.90000009536743 5.69999980926514 5.76999998028312 5.80000019073486 5.65000009536743 5.28999996185303 4.6100001335144 4.3899998664856 4.19999980926514 4.03000020980835 3.5699999332428 3.07999992370606 2.99000000953674 2.72000002861023 2.78999996185303 2.86999988555908 2.66000008578096 2.60999989499198 2.67000007629395 2.67000007629395 2.95000004768372 3.05999994277954 3.05999994277954 3.25 3.67000007629395 4.3899998664856 4.98000001907349 5.15000009536765 5.57999992370605 5.71000003814697 5.71000003814697 5.28000020980835
-9999 -9999 -9999 -9999 -9999 1.22000002861023 2.5699999332428 2.51999998092651 2.43000004348867 2.39000010490417 2.54999995231628 3.0699999332428 4.15000009536743 4.3000003088549 4.92999982833862 5.40999984741211 6.30000019073486 6.23000001907349 6.23999977111816 5.65000009536743 4.96999979019165 4.38000011444092 4.4000000954703 4.23999977111816 4.01999998092651 3.71000003814697 3.27999997138977 3.14000010490418 2.79999995231628 2.84999990463257 2.80999994277954 2.53999996185303 2.42000007629395 2.60999989509582 2.72000002869163 3.25999999054635 3.69000005722046 3.75 3.75999999046326 3.67000007629395 4.3899998664856 4.71999979019165 4.76000022888184 4.90000009536743 5.03999996185303 5.17999982833862 4.92000007629395
-9999 -9999 -9999 -9999 0.389999985694885 0.389999985694885 1.25 1.99000000953674 1.91999995708466 1.92999994754791 2.19000005722046 2.63000011444092 3.90000009536743 5.19000005722046 5.32999998536019 6.03999996185303 6.63999986648559 6.67999982833862 6.5599999416227 5.75 5.15999984741211 4.73000001907349 4.23999977111816 4.07000017166138 3.85999989509582 3.51999998092651 3.23000001907349 3.02999997150878 2.9300000667572 2.84999990463257 2.67000007629395 2.5 2.45000004769016 2.53999996185303 2.92000007629395 3.74000000953674 4.44999980926514 4.59000015258789 4.38000011444963 4.6700000762973 4.76000022888207 4.48999977111714 4.30000019073418 4.17000007629266 4.30000019073486 4.59000015258789 4.63000011444057
-9999 -9999 -9999 -9999 -0.449999988079071 0.159999996423721 1.01999998092651 1.71000003814697 1.44000005722046 1.74000028730292 2.63000011444092 3.25 4.26999998092651 5.78000020980835 5.96000003814697 5.67000020156527 6.96000003814697 6.86999988555908 6.01999998092651 5.75 5.1399998664856 5.05999994277954 4.23999977111816 3.96000003814697 3.61999988555908 3.25 3.1800000667572 3.05999994277954 3.03999996185303 2.94000005722046 2.53999996185303 2.25999999046326 2.32999992369745 2.33999991416931 2.84999990463257 3.47000002861023 4.13000011444092 4.55000019073244 4.75 4.84999990463257 4.6100001335144 4.15000009536743 3.92000007629395 3.71000003814697 4.15999984741211 4.36999988555908 4.36999988555908
-9999 -9999 -9999 -9999 -0.589999973773956 0.0799999982118607 0.800000011920929 1.44000005722046 2.33999991416931 2.89000010490417 2.91000008583069 3.89000010490417 5.15999984741211 5.96000003814697 6.69999980926514 7 7.05000019073486 6.61999988555908 5.90999984741211 5.65000009536743 5.07000013685179 4.55000019073486 4.84999990463257 4.69999980926514 3.45000004768372 2.98000001907349 2.99000000953674 2.97000002861023 2.95000004768372 2.73000001907349 2.39000010490417 2.16000008583069 2.09999990463257 2.14000010490417 2.60999989509582 3.14000010490417 3.77999997138977 4.32999992370216 4.63000011444092 4.69000005722046 4.28999996185303 3.99000000953674 3.77999997138967 3.72000002861023 4.17999982833862 4.30000019073486 4
-9999 -9999 -9999 -9999 -1.29000333276014 0.629999995231628 0.00999998527866588 0.0799999982118607 1.44000005722046 3.33999991416931 3.85999989509583 4.32000017166138 5.34000015258789 6.23999977111816 7 6.94999980926514 6.94999980926514 6.05000019073486 5.53000020511889 5.44000005722046 4.48000001907349 4.6100001335144 4.57999992370605 4.42999982833862 3.32999992370605 3.00999999046326 2.76999998092651 2.5 2.56999993329367 2.39000010490417 2 1.75999999046326 1.88999998569489 2.00999999046326 2.26999998092651 2.72000002861023 3.38000011444092 4.03000020980346 4.42000007629395 4.61999988555908 4.03000020980835 3.80999994277954 3.69000005722044 3.58999991416931 3.84999990463257 3.85999989509582 3.88000011444092
-9999 -9999 -9999 -9999 -3.44000005722046 0.239999553714365 -0.409999996423721 0.119999997317791 0.939999997615814 2.17000007629395 3.59999990463257 3.7799999713898 5.46000003814697 6.38000011444092 7.34000015258789 7.55000019073486 7.30999994277954 6.32000017166138 5.1399998664856 5.15000009536743 4.42999982833862 3.89000008701812 4.03000020980835 3.70000004846015 3.70000004768372 2.80999994277954 2.46000003814697 2.36999988555908 2.28999996185303 2.19000005722046 1.5900000333786 1.26999998092651 1.07000005245209 1.42999994754791 1.9099999666214 2.28999996185303 2.94000005722046 3.5699999332428 3.92000007629395 4.17999982833862 3.85999989509582 3.61999988555908 3.35999989509583 3.35999989509583 3.41000008583069 3.64000010490417 3.65000009536743
-9999 -9999 -9999 -9999 -2.61999988555908 -4.6399998664856 -1.93999962302581 -0.859999764386374 0.519999980926514 0.730000019073486 1.6599999666214 3.0699999332428 4.23999977111816 6.3600001335144 8.17000007629395 8.42000007629394 8.13000011444092 6.53000020980835 5.25 4.48000001907349 4.30000019073486 3.49000000953674 3.48000001884907 3.14000010490418 2.6300001154889 2.4300000667572 2.39000010490417 2.50999999046326 2.40000009536743 1.88999998569489 1.53999996185303 1.13999998569489 0.980000019073486 1.259999990435 1.61000001430511 2.01999998092651 2.46000003814697 3.01999998092651 3.25999999046326 3.38000011444092 3.15000009536743 3.19000005722046 3.33999991416929 3.30999994277954 3.27999997138977 3.5699999332428 3.6800000667572
-9999 -9999 -9999 -9999 -3.79999995231628 -3.40000009536743 -4.07000017166138 -1.70999918874911 0.550000011920929 0.550000011920929 0.579999983310699 1.97000002861023 3.03000007405392 6.75 8.86999988555908 9.72999954223633 9.21000002976536 6.40999984741211 4.82999992370605 4.23000001907349 3.98000001907349 3.25999999238062 3.04999995231628 2.94000005722046 2.80999994277954 2.80999994277954 2.51999998092651 2.39000010490418 2.30999994277954 2.03999996185303 1.53999996185303 1.35000002384186 1.39999997615814 1.79999995231628 1.47000002861023 1.98000001907349 2.14000010490417 2.53999996185303 2.6800000667572 2.86999988555908 2.78999996185303 2.59999990463257 3.13000011444064 2.91000008583069 3.16000008583069 3.42000007629395 3.80999994277954
-9999 -9999 -9999 -9999 -3.91000126161987 -4.84999990463257 -4.51000022888184 -0.100000001490116 -0.180000007152557 1.4099999666214 0.870000004768372 2.73000001907349 5.30999994277954 6.76000022888184 7.8600001335144 11.3599996566772 9.09000015258789 6.28999995420895 3.54999995222397 3.80999994277954 3.81999993321904 2.99000000953674 3.04999995231628 2.90000009536743 2.63000011444092 2.57999992370605 2.44000005722046 2.22000002861023 2.07999992370605 1.87000000476837 1.53999996185303 1.44000005722046 1.48000001907349 1.62999999523163 1.58000004291534 2.00999999046326 2.1800000667572 2.35999989509583 2.44000005722046 2.55999994277954 2.25 2.17000007629395 2.95000004768372 2.69000005722046 3.17000007629395 3.52999997138977 3.96000003814697
-9999 -9999 -9999 -9999 -4.82000017166138 -5.55999994277954 -4.51999998092651 -2.95000004768372 4.01999998092651 2.58999991416931 1.66999995708466 2.29999995231628 3.26999998092651 5.40000009536743 9.22999954223633 10.7299995422363 10.0299997329712 3.76999998092651 3.65000009536743 3.74000000953674 3.6800000667572 2.86999988555908 2.78999996185303 2.74000000779871 2.55999994277954 2.61999988555908 2.15000009536743 1.78999996185303 1.92999994754791 1.75999999046326 1.5900000333786 1.5900000333786 1.52999997138977 1.58000004291534 1.60000002384186 1.91999995708466 2.20000004768372 2.36999988555908 2.41000008583069 2.35999989509583 2.04999995231628 2.15000009536743 2.73000001907349 2.74000000953674 3.16000008583069 3.72000002861023 4.01000022888184
