SnowAccumulation_R/test/tmax/final_tmax_25_04_2009.asc
NCOLS 97 
NROWS 69 
XLLCORNER 52512.810182332 
YLLCORNER 5316225.2758522 
CELLSIZE 10000 
NODATA_value -9999 
[rows 21 to 41 of 69, columns 0 to 46 of 97]
-9999 -9999 -9999 -9999 0.170000001788139 -0.159999996423721 0.779999971389771 2.26999998092651 -0.490000009536743 0.479999989271164 0.709999978542328 2.75 3.33999991416931 3.22000002861023 3.58999991416931 4.23999977111816 4.71000003814697 4.98999977111816 6.03999996185303 6.17000007629395 6.48999977111816 6.69000005722046 6.82000017166138 6.92000007629395 7.01999998274143 7.13000011444092 6.94999980926514 6.90999984741211 7.01999998092651 7.03000020980835 7.09999990463257 7.69999980926514 8.35999965667725 8.44999980926513 8.77999973297119 9.22999954223633 9.39999961853027 9.71000003814697 9.82999992370605 10.3299999237061 10.6000003814697 10.6099996566772 10.2899999618531 10.2200002670288 10.3500003814697 10.1199998855591 10.289999961853
-9999 -9999 -9999 -9999 1.72000002861023 -1.38999998569489 0.730000019073486 2.35999989509583 -0.00999999977648258 -1.0900000333786 1.41999995708466 1.22000002861023 3.07999992370606 2.8199999332428 3.02000008435801 4.17999982833862 4.5 5.59999990463257 5.98999977111816 6.15999984741211 6.40000009536743 6.69000005722046 6.86000013351441 6.90000009536743 7.11999988304917 7.03999996185303 6.96999979019165 7.05999994277954 7.01999998092651 6.88000011444092 7.07999992370605 7.71000003814697 8.72999954223633 8.89000034332275 8.81999969482422 9.22999954223633 9.31999969482422 9.64000034332275 10.0100002288818 9.94999980926514 10.3299999237061 10.4799995422363 10.3800001144409 10.25 10.1599998474121 10.1400003433228 10.3699998855591
-9999 -9999 -9999 -0.340000003576279 0.400000005960464 2.85999989509583 0.720000028610229 -0.150000005960465 -1.49000000953674 -1.04999995231628 0.150000005960465 -0.709999978542328 2.51999998092651 3.36999978738557 3.86999988555908 4.96999979019165 5.36999988555908 5.57000017166138 6.01000022888184 6.15000009536743 6.34999990463257 6.78999996185303 6.82999992370606 6.90999984741211 6.94999980926514 6.94999980926514 7.01999998102151 7.09999990463257 7.07999992370605 7.15000009536743 7.25 8.15999984741211 8.53999996185303 8.89999961853028 9.13000011444092 9.53999996185303 9.5 9.81999969482422 10.2600002288818 10.3900003433228 10.0799999237061 10.1199998855591 10.2799997329712 10.210000038147 10.1499996185303 10.3400001525879 10.2799997329712
-9999 -9999 -9999 -1.49000000953674 -0.800000011920929 0.0700000002980232 -2.36999988555908 -0.439999997615814 -1.95000004768372 -2.35999989509583 -0.800000011920929 0.260000042820934 1.47000002861023 4.76000022888184 4.98000001907349 5.15000009536743 5.40000009536743 5.90999984741211 6.05999994277954 6.32000017166138 6.36999988555908 6.76999998092651 6.73999977111816 6.90000009536743 7.03999996185303 6.9499998101692 7.03000020980835 7.13000011444092 7.15999984741211 7.19000005722046 7.84999990463257 8.28999996185303 8.19999980926514 8.77999973297119 9.23999977111816 9.72000026702881 9.77000045776367 10.0699996948242 10.3699998855591 10.5299997329712 10.1099996566777 10.0299997329719 10.2100000381474 10.2100000381475 10.2299995422363 10.4399995803833 10.5399999618535
-9999 -9999 -9999 -1.79999995231628 -0.58999942576921 0.100000001490116 -0.9200000166893 -1.19000005722046 -3.95000004768372 -0.980000019073486 -1.96000003814697 4.51000022888184 4.59000015258789 4.69999980926514 5.01000022888184 5.26999998092651 5.51000022888184 6.07999992370606 6.25 6.44000005722046 6.46000003814697 6.69999980926514 6.73000001907349 6.73000001907349 6.92999982833862 7.01999998092651 7.15999984741211 7.15999984807335 7.23999977111816 7.8899998664856 8.35999965667725 8.68000030517578 8.72000026702881 9.03999996185303 9.65999984741211 10.1099996566772 10.2399997711182 10.25 10.5500001907349 10.5900001525879 10.6400003433228 10.6199998855591 10.6700000762939 10.6899995803833 10.7799997329712 10.8100004196167 10.8299999237061
-9999 -9999 -9999 -1.7599939076393 -2.59999990463257 2.77999997138977 -1.63999998569489 -2.47000002861023 -1.99000000953674 -3.07999992370605 -2.21000003814697 -1.14999997615814 4.71999979019165 4.82999992370605 5.01999998092651 5.13000011444092 5.5 6.21000003814697 6.34999990463257 6.44000005722046 6.42999982833862 6.69999980926514 6.69000005722046 6.6399998664856 6.82000017166138 7.01000022888184 7.15999984960985 7.26000023123463 7.92999982833862 8.0600004196167 8.52999973297119 9.38000011444092 9.53999996185303 9.9399995803833 10.1899995803833 10.5900001525879 10.5699996948242 10.3800001144409 10.5600004196167 10.6400003433228 10.6700000762939 10.8800001144409 10.9499998092651 10.9200000762939 11.0200004577637 11.1000003814697 10.9700002670288
-9999 -9999 -9999 3 1.82000005245209 2.50999862436731 -3.52999997138977 0.00999999977648258 -1.92999994754791 -1.44000005722046 -0.899999976158142 -1.36000001430511 -1.13999998569489 4.92000007629395 5 5.11000013351441 5.55999994277954 5.84999990463257 6.07999992370605 6.32000017166138 6.32999992370605 6.48999977111816 6.6100001335144 6.78999996185303 6.88000011444092 7 7.25 7.73000001907349 8.01000023055861 8.109999657757 8.78999996185303 9.60999965667725 9.78999996185303 10.0799999237061 10.3100004196167 10.8500003814697 10.6899995803833 10.5699996948242 10.7299995422363 10.6099996566772 10.7200002670288 10.8199996948242 11.1599998474121 11.1499996185303 11.1000003814697 11.1300001144409 11.1099996566773
-9999 -9999 -9999 5.94000005722046 0.119999997317791 -1.00999999046326 -0.569999992847443 -2.05999994277954 -0.839999973773956 -1.94000005722046 -1.05999994277954 -1.62000000476837 -0.779999971389771 -0.689999997615814 5.01000022888184 4.44999980926514 5.48999977111816 5.80000019073486 6 6.25 6.42000007629394 6.44000005722046 6.53999996185303 6.6399998664856 6.94000005722046 7.21999979019165 7.32999992370605 7.86000013351441 8.31999969683169 8.46000003814697 8.97999954223633 9.89000034332275 10.0900001525879 10.039999961853 10.2799997329712 10.6400003433228 10.6400003433228 10.7799997329712 10.7600002288818 10.7399997711182 10.8699998855591 11.0299997329712 11.039999961853 11.3400001525879 11.2799997329712 11.2700004577637 11.3100004196167
-9999 -9999 -9999 5.76999998092651 1.21000003814697 2.22000002861023 1.25000006116754 0.469999998807907 2.45000004768372 -1.07000005245209 -3.01999998092651 -2.22000002861023 -2.75 -1.73000001907349 4.21000003814697 4.30999994277954 4.46000003814697 5.61999988555908 5.90999984741211 6.1399998664856 6.38000011444092 6.44000005722046 6.46999979019165 6.51000022888184 6.8899998664856 7 7.5 8.10000038146973 8.94999980926514 9.35000038146972 9.61999988650347 10.1700000767112 10.4200000762939 10.4399995803833 10.4700002670288 10.5299997329712 10.8000001907349 10.6599998474121 10.8000001907349 11.0100002288818 10.9200000762939 11.0699996948242 11 11.1199998855591 11.3400001525879 11.5 11.4499998092652
-9999 -9999 -9999 8.67999820256962 4.38000011444092 3.13000011444092 1.12999977618402 -1.10000002384186 -0.910000026226044 0.930000007152557 -2.66000007389648 -1.35000002384186 0.200000002980232 -2.67000007629395 4.05999994277954 4.15999984741211 4.40999984741211 4.6399998664856 5.82999992370605 5.90999984741211 6.36999988555908 6.40999984741211 6.40000009536743 6.42999982833862 6.76999998092651 7.01000022888184 7.84999990463257 8.17000007629395 8.68000030517578 9.35000038125144 10.0900001521118 10.4899997711182 10.7399997711182 10.8500003814697 10.5299997329712 10.6199998855591 10.7700004577637 10.8800001144409 10.8000001907349 10.8199996948242 10.8999996185303 11.1099996566772 11.2200002670288 11.25 11.2600002288818 11.460000038147 11.2299995422363
-9999 -9999 -9999 7.84999990463257 3.10999989509583 5.25 -0.0700000002980232 0.349998687811374 -2.07999992370606 1.94000005722046 0.779999971389771 -0.959999978542328 -1.19000005722046 -0.689999997615814 3.65000009536743 4.05999994277954 4.23999977111816 4.55999994277954 5.19000005722046 5.86999988555908 6.15000009536743 6.38000011444092 6.40999984741211 6.44000005722046 6.69999980926514 7.01999998092651 7.8899998664856 8.19999980926514 8.81999969482422 9.18000030517578 9.57999992370605 9.85000038146973 10.6599998468547 10.779999732741 10.7200002670288 10.6400003433228 10.8599996566772 10.8800001144409 10.9399995803833 11.0699996948242 11.0299997329712 11.25 11.3400001525879 11.3400001525879 11.4200000762939 11.5 11.5100002288818
-9999 -9999 -9999 3.66000008583069 6.82999998326091 2.90000009536743 4.07999992370605 -0.680000007152557 0.399999628734589 -0.870000004768371 0.5 1.71000003814697 1.26999998092651 2.44000005722046 3.5 3.53999996185303 3.75 4.40000009536743 5.09999990463257 5.82999992370605 6.15000009536743 6.23000001907349 6.42999982833862 6.51999998092651 6.82999992370605 6.98999977111816 7.51999998092651 8.31999969482422 8.93000030517578 9.31999969482422 9.71000003814697 9.85000038125638 9.96000003791158 10.3000001907349 10.4399995803833 10.4799995422363 10.7200002670288 11.0500001907349 11.1999998092651 11.1499996185303 11.1199998855591 11.5699996948242 11.3900003433228 11.3800001144409 11.4300003051758 11.4899997711182 11.5799999237061
-9999 -9999 -9999 4.48000001907349 6.53999996185303 8.07999992370605 3.25999999046326 4.26999998092651 0.759999990463257 -0.53999893756524 -1.42999994754791 0.930000007152557 0.479999989271164 0.790000021457672 3.20000004768372 3.3199999332428 3.63000011444092 3.82999992370605 4.6100001335144 5.80000019073486 5.94000005722046 6.13000011444092 6.44999980926514 6.67999982833862 6.94000005722046 7.07000017166138 7.67000007629394 8.31999969482422 8.46000003814697 9.11999988555908 9.44999980926514 9.51000022888183 9.8100004196167 9.64000034332275 9.85000038146973 10.539999961834 10.7200002670288 11.0900001525879 11.2200002670288 11.3599996566772 11.2799997329712 11.6199998855591 11.6199998855591 11.4700002670288 11.460000038147 11.6000003814697 11.6199998855591
-9999 -9999 -9999 1.5900000333786 4.1100001335144 6.96999979019165 7.36999988555908 0.980000019073486 3.47000002861023 0.490000009536743 -0.699999320348921 -1.62000000476837 -1.07000005245209 -0.0599999986588955 2.57999992370605 2.75 3.76999998092651 3.61999988555908 4 4.84000015258789 5.92999982833862 6.32999992370606 6.51999998092651 6.67999982833862 6.86999988555908 7.09000015258789 7.92000007629395 8.06999969482422 8.17000007629394 8.60000038146973 8.90999984741211 9.61999988555908 9.75 9.93000030517578 10.3299999237061 10.6700000762939 11.0699996948242 11.1599998474121 11.4200000762939 11.6400003433218 11.4799995422364 11.569999694824 11.6800003051759 11.5900001525879 11.619999885559 11.6099996566773 11.6199998855591
-9999 -9999 1.28999996185303 2.30999994277954 -1.8400000333786 5.57999992370605 7.53000020980835 4.90999984741211 1.98000001907349 5.51000022888184 -0.259999990463257 -1.93999980835576 -2.49000000953674 -0.850000023841858 1.62000000476837 -0.479999989271164 2.54999995231628 3.22000002861023 3.75999999046326 4.21000003814697 5.96999979019165 6.42999982833862 6.53999996185303 6.61999988555908 7.01999998092651 7.1100001335144 7.61000013351441 8.02999973297119 8.10000038146973 8.47999954223633 8.57999992370605 8.86999988555908 9.44999980926514 9.72000026702881 10.1899995803833 10.8999996185303 11.5500001907349 11.3000001907349 11.4200000762917 11.4999999999997 11.4999999999999 11.4700002670288 11.7299995422363 11.6099996566772 11.5900001525879 11.6199998855591 11.6199998855591
-9999 -9999 -0.649999976158142 -1.51999998092651 1.21000003814697 -0.759999990463257 2.96000003814697 6.8899998664856 3.26999998092651 1.10000029191917 0.0500000007450581 0.300000011920929 -1.91999995708466 -1.28999996185303 1.52999997138977 0.910000026226044 2.0699999332428 2.96000003814697 3.45000004768372 3.96000003814697 6.25 6.44999980926514 6.53999996185303 6.63000011444092 7.11000013245981 7.13999986642489 7.57999992370605 7.92999982833862 8.3100004196167 8.4399995803833 8.72999954223633 8.86999988555908 9.5 9.81999969482422 10.1599998474121 10.789999961853 11.1899995803833 11.4700002670288 11.4899997711182 11.460000038147 11.4499998092651 11.6999998092651 11.789999961853 11.710000038147 11.6599998474121 11.6099996566772 11.6400003433228
-9999 -9999 1.21000003814697 2.6800000667572 1.24000000953674 -0.310000002384186 0.200000328089143 6.55999994277954 6.8899998664856 1.28999996185303 3.78999996185303 2.13000011444092 -0.769999980926514 -1.01999998092651 2.09999990463257 2.04999995231628 2.30999994277954 2.94000005722046 3.48000001907349 3.9300000667572 5.65000009536743 6.42999982833862 6.55999994277954 6.76000022888184 7.17999982833862 7.15000009536743 7.46000003814697 7.51999998092651 8.05000019073486 8.11999988555908 8.35999965667725 8.8100004196167 9.25 9.89000034332275 10.25 10.6999998092651 11.1000003814697 11.5100002288818 11.5100002288818 11.4799995422363 11.460000038147 11.6999998092651 11.789999961853 11.7700004577637 11.6999998092651 11.6300001144409 11.6000003814697
-9999 -9999 2.02999997138977 3.55999994277954 2.60999989509582 -1.66999995708466 0.790000021457672 3.33999991416931 7.82000017166138 1.76999998092651 1.54999995231628 0.740000009536743 1.47000002861023 -2.1800000574114 -2.33999991416931 2.09999990463257 2.30999994277954 2.73000001907349 3.66000008583069 4.30999994277954 5.5 6.05999994277954 6.53999996185303 6.76000022888184 6.92000007629395 7.19999980926514 7.34999990463257 7.40000009536743 7.48999977111816 7.82999992370605 7.98999977111816 8.6899995803833 9.02000045776367 9.73999977111816 10.0299997329712 10.4700002670288 11.1099996566772 11.3599996566772 11.5100002288818 11.5 11.6300001144409 11.6999998092651 11.789999961853 11.7799997329712 11.8000001907349 11.7700004577637 11.7700004577637
-9999 -9999 7.92000178729173 4.17999982833862 -0.119999997317791 1.30999994277954 1.44000005722046 2.64000010490418 7.65000009536743 4.19999980926514 0.840000045409367 4.78000020980835 2.33999991416931 0.340000003576279 -0.0199999995529652 2.16000008583069 2.4300000667572 2.69000005722046 3.1800000667572 3.96000003814697 5.34000015258789 5.46999979019165 5.8600001335144 6.13000011444092 6.21000003814697 6.5 6.88000011444092 7.40000009536743 7.42999982833862 7.73000001907349 7.55999994277954 7.94999980926514 8.97999954223633 9.69999980926514 9.97999954223633 10.5299997329712 10.7700004577637 11.460000038147 11.6099996566772 11.6599998474121 11.6300001144409 11.6199998855591 11.9499998092651 11.9499998092651 11.8800001144409 11.8699998855591 11.8699998855591
-9999 -9999 11.3800001144409 -0.749997814003689 -1.77999974520279 -0.660000026226044 -1.82000005245209 2.86999988555908 3.16000008583069 7.82999992370605 0 3.75999999046326 1.22000002861023 -0.370000004768372 -1.61000001430511 -2.52999997138977 0.720000028610229 2.97000002861023 3.27999997138977 3.99000000953674 4.78000020980835 4.92999982833862 5.76999997943238 5.76999998092651 5.8600001335144 6.36000013266797 6.36000013613784 6.94999980926514 7.3899998664856 7.71999979019165 7.84000015258789 7.96999979019165 8.4399995803833 9.61999988555908 10.1000003814697 10.4399995803833 10.9700002670288 11.1800003051758 11.6199998855591 11.5100002288818 11.5900001525879 11.7299995422363 11.9899997711182 11.9899997711182 11.9700002670288 11.9399995803833 11.8599996566772
-9999 -9999 11.6499996185303 1.6599999666214 0.720000081507113 -0.280000001192093 1.94000005722046 -0.959999978542328 0.649999976158142 6.82999992370606 0.449999988079071 1.23000001907349 2.26999998092651 -0.150000005960464 -0.519999980926514 -1.21000003814697 0.469999998807907 0.5 3.57999992370605 4.38999986648559 4.71999978945486 5.11999988380918 5.57999992370606 5.63000011444092 5.65999984741211 6.34999990463257 6.53999996154483 6.78999996185303 6.80000019073486 7.57000017166138 7.86999988555908 7.96000003814697 8.3100004196167 9.25 9.98999977111816 10.2399997711182 10.8599996566772 11.0500001907349 11.4499998092651 11.5900001525879 11.5600004196167 11.7700004577637 11.9899997711182 12.0200004577637 12 11.9499998092651 11.8999996185303
