SnowAccumulation_R/test/tmax/final_tmax_21_04_2009.asc
NCOLS 97 
NROWS 69 
XLLCORNER 52512.810182332 
YLLCORNER 5316225.2758522 
CELLSIZE 10000 
NODATA_value -9999 
[rows 0 to 20 of 69, columns 0 to 46 of 97]
-9999.000000000000000 -9999 -9999 -9999 -9999 -9999 -9999 -9999 -9999 -9999 -9999 -9999 -9999 -9999 -9999 -9999 -9999 -9999 -9999 -9999 -9999 -9999 -9999 -9999 -9999 -9999 -9999 -9999 -9999 -9999 -9999 -9999 -9999 -9999 -9999 -9999 -9999 -9999 -9999 -9999 -9999 -9999 -9999 -9999 -9999 -9999 -9999
-9999 -9999 -9999 -9999 -9999 13.4300003051758 13.0500001907349 12.9099998474121 12.6999998092651 12.9700002670288 12.960000038147 13.2200002670288 13.5500002618476 14.3999996185303 14.4300003051758 14.8800001144409 15.8999996185303 16.7099990844727 17.0699996970789 -9999 -9999 -9999 -9999 -9999 -9999 -9999 -9999 -9999 -9999 -9999 -9999 -9999 -9999 -9999 -9999 -9999 -9999 -9999 -9999 -9999 -9999 -9999 -9999 -9999 -9999 -9999 -9999
-9999 -9999 -9999 -9999 -9999 14.0799999237061 13.2799997329712 13.3000001907349 13.3900003433228 13.710000038147 13.8599996566772 14.539999961853 15.1300001144409 15.1800003027856 15.210000038147 16.0499992370605 16.7700004577637 17.3999996185303 18.1000003814697 17.7999992861262 18.4300003051758 19.0799999237061 19.4200000762939 19.6399993896484 19.6900005340576 19.8099994659424 19.75 19.5799999237061 19.3899993896484 19.1700000762939 19.0100002288818 18.7000007629395 18.3700008392334 17.9400005340576 17.5 17.1900005340576 16.9799995422363 16.6700000762939 16.2700004577637 15.9899997711182 15.6400003433228 15.2799997329712 15.0900001525879 14.6300001144409 14.3599996566772 14.0100002288818 13.6000003814697
-9999 -9999 -9999 -9999 -9999 15.0200004577637 14.9700002670288 14.1899995803833 14.1800003476833 14.5900001525879 14.8800001144409 15.1300001144409 15.8299999237061 15.9499998092651 16.0400009155273 16.6200008392334 17.2199993133545 17.7700004577637 18.5699996948242 18.7199993137867 19.1800003051758 19.4699993133545 19.7900009155273 19.9799995422363 20.1299991606856 20.2299995422363 20.1499996185303 19.9899997711182 19.75 19.7700004577637 19.6100006103516 19.2800006866455 18.7999992370605 18.2999992370605 17.8400001525879 17.5900001525879 17.4899997711182 17.1599998474121 16.7199993133545 16.4599990844727 16.1700000762939 15.8299999237063 15.5900001525879 15.2299995422363 14.9499998092651 14.6599998474121 14.3500003814697
-9999 -9999 -9999 -9999 -9999 15.8199996948242 15.6499996185303 14.9600005558372 15.0100002288818 15.1599999031965 15.710000038147 16.1299991607666 16.5400009155273 16.9599990844727 17.1800003127635 17.6100006103516 17.8999996185303 18.3199996948242 19.0699996948242 19.3600006103516 19.5599994659424 20.0799999237061 19.950000778662 20.2299995422363 20.4500007629395 20.5599994659424 20.4899997711182 20.3799991607666 20.2700004577637 20.1800003051758 20.0200004578211 19.6599998474121 18.8899993896484 18.5699996948242 18.1499996185303 17.9300003051758 17.7999992370605 17.6200008392334 17.1599998474121 16.9899997711182 16.8299999237061 16.4599990844727 16.2900009155273 15.960000038147 15.5299997329712 15.0200004577637 14.6599998474121
-9999 -9999 -9999 -9999 -9999 16.5100002288818 16.3700008392334 16.2700004577637 15.5500007782598 16.1900005340576 16.2600002288818 16.7399997711182 17.2099990844727 17.6800003051758 18.1399993896484 18.3999996185303 18.7999992370605 19.2099990844727 19.5599994659424 19.9300003051758 20.0400009155273 20.2199993133545 20.3899993896484 20.5499992370606 20.6800003051758 20.899999618364 20.8999996185303 20.75 20.6100006103516 20.6900005340576 20.3899993896484 19.8299999237061 18.7399997711182 18.7999992370605 18.5200004577637 18.1900005340576 18.0100002288839 17.9400005340576 17.6599998474121 17.4300003051758 17.1399993896484 16.9500007629395 16.8999996185303 16.6100006103516 16.1100006103516 15.6099996566772 15.1899995803833
-9999 -9999 -9999 -9999 -9999 16.8999996185303 16.8700008392334 17 17.0200004577637 16.6800006969001 17.0900001525879 17.3199996948242 17.7999992370606 18.2600002288818 18.6599998474121 19.0400009155273 19.2199993133545 19.5599994659424 20.0799999237061 20.1599998474121 20.579999923652 20.7199993133545 20.8600006103516 20.9300003051758 21.1000003814697 21.0900001570934 21.1900005340576 21.1000003814697 20.9500007629394 21.1299991607666 20.3199996948242 19.9200000762939 19.2299995422363 19.1299991607666 18.9400005340576 18.5400009155273 18.3099994659447 18.2600002288818 18.0499992370605 17.75 17.4699993133545 17.7199993133545 17.7000007629395 17.4599990844727 16.7999992370606 16.2399997711182 15.6999998092651
-9999 -9999 -9999 -9999 -9999 17.3700008392334 17.4500007804562 17.5799999237061 17.5900001525879 17.75 17.790001286217 17.9699993285288 18.2800006866455 18.6200008392334 19.1599998474121 19.5799999237061 19.850000382538 20.1100006103516 20.3600006103516 20.5400009155273 20.7800006866455 21.0200004577637 21.3600006103516 21.2700004577637 21.4099998474121 21.7000007629395 21.75 21.3799991645559 21.3899993896484 20.8899993896484 20.4300003051758 19.8899993897242 19.7800006866455 19.5799999237061 19.3299999237061 18.9099998474121 18.6299991607697 18.5599994659424 18.3400001525879 18.1100006103516 18 18.1499996185303 18.2999992370605 18.1700000762939 17.3099994659424 16.7700004577637 16.2299995422363
-9999 -9999 -9999 -9999 -9999 17.6900005340576 17.8199996948242 18.1000003814697 18.1100006103516 18.4799995422363 19.0699996948242 18.9500010354435 19.1599998474121 19.4699993133545 19.75 20.1599998474121 20.4599990844727 20.7000007629395 20.8299999237061 21.25 21.5100002288818 21.6800003049562 21.8400001525879 21.6299991607666 21.7999992370605 22 22.1499996184775 22.0499992370606 21.6900005340576 20.9699993140552 20.5799999237061 20.2299995422363 20.0599994659424 19.9899997711182 19.7199993133545 19.2900009155273 18.9699993133545 18.8799991607666 18.6100006103516 18.4899997711182 18.3500003814697 18.2700004577637 18.3500003814697 18.1800003051758 17.6599998474121 17.1200008392334 16.6700000762939
-9999 -9999 -9999 -9999 -9999 17.7000007629394 18.0200004577637 18.4699993133545 18.5200004577637 18.7999992370605 19.4400005340576 20.0599994659424 19.8899996220111 20.3199996948242 20.4599990844726 20.5900001525879 21.0599994659424 21.1299991607023 21.4099998474121 21.8299999237061 22.1599998474121 21.9500007629395 21.8600006103516 21.9200000762939 22.0499992370605 22.0200004577637 22.0799999237061 22.1499996185303 21.8999996185303 21.3899993896484 20.9899997711182 20.4899997715326 20.3700008394515 20.3099994659424 20.0699996948242 19.6399993896484 19.2900009155273 19.1399993896484 18.8500003814697 18.6800003051758 18.5 18.3500003814697 18.2800006866455 18.2099990844727 17.8500003814697 17.4500007629395 16.9500007629395
-9999 -9999 -9999 -9999 -9999 16.7299995422363 18.0599994659424 18.3999996185303 18.5499992719636 18.9799995422363 19.5900001525879 20.4400005340576 21.3400001525879 20.9599992532158 21.1000003814697 21.1200008392334 21.4799995422363 21.5200004577637 21.8999996185303 22.1499996185303 22.4099998474121 22.1000003814697 22.090000152629 22.0200004577637 21.9899997711182 21.8999996185303 22.0499992370605 22.0900001525879 21.8299999237061 21.5599994659424 21.25 20.9599990844727 20.8099994659424 20.7399997711182 20.3299999237662 19.9200000763384 19.5499992370605 19.3700008392334 18.9699993133545 18.6299991607666 18.3899993896484 18.2099990844727 18.1100006103516 17.9699993133545 17.7099990844727 17.4300003051758 17.0599994659424
-9999 -9999 -9999 -9999 15.8800001144409 16 17.0900001525879 18.1000003814697 18.4799995422363 18.7000007629395 19.3799991607666 20.1700000762939 21.4899997711182 21.9200000762939 21.6100006925568 21.7000007629394 21.7800006866455 21.9699993133545 22.2900009150935 22.25 22.3700008392334 22.1200008392334 21.8500003814697 21.8700008392334 21.9500007629395 21.9300003051758 22 21.9899997711614 21.9099998474121 21.7600002288818 21.5200004577637 21.2999992370605 21.0699996948565 20.9599990844727 20.6599998474121 20.3299999237061 19.8700008392334 19.6200008392334 19.0100002288808 18.469999313353 18.1499996185286 17.8999996185286 17.770000457763 17.6700000762936 17.4300003051758 17.2800006866455 17.1000003814698
-9999 -9999 -9999 -9999 14.9899997711182 15.7299995422363 16.8600006103516 17.8600006103516 18.0300006866455 18.5200008890325 19.8099994659424 20.8500003814697 21.8600006103516 22.2800006866455 22.2299995422363 21.670000173932 22.3199996948242 22.4500007629394 22.2000007629395 22.2600002288818 22.1299991607666 22.1700000762939 21.8799991607666 21.8600006103516 21.9300003051758 21.9200000762939 22.0799999237061 22.0599994659424 22.0599994659424 22.0599994659424 21.7800006866455 21.5300006866455 21.3700008392549 21.2000007629395 20.9500007629395 20.5100002288818 20 19.3299999237117 18.9699993133545 18.0699996948242 17.3999996185303 17.2199993133545 17.25 17.3799991607666 17.4200000762939 17.3500003814697 17.2600002288818
-9999 -9999 -9999 -9999 14.7299995422363 15.6899995803833 16.5499992370605 17.5300006866455 18.75 19.6599998474121 19.8899993896484 21.0799999237061 22.0300006866455 22.2399997711182 22.4500007629395 22.5799999237061 22.6900005340576 22.4699993133545 22.3099994659424 22.3199996948242 22.2000007694293 22.0300006866455 22.2800006866455 22.3700008392334 22.0400009155273 21.9599990844727 22.1700000762939 22.1800003051758 22.1499996185303 22.1499996185303 22.0200004577637 21.8999996185303 21.75 21.5400009155273 21.2199993133545 20.7299995422363 20.1499996185303 19.4300003051817 19.0300006866455 17.7800006866455 16.8299999237061 16.8600006103516 17.0300006866457 17.4200000762939 17.4699993133545 17.5599994659424 17.3899993896484
-9999 -9999 -9999 -9999 13.8699964031156 16.0300006866455 15.6199999363016 16.0599994659424 17.7999992370605 19.75 20.4699993133545 20.9099998474121 21.6299991607666 22.0300006866455 22.3700008392334 22.3199996948242 22.5499992370605 22.3199996948242 22.2399997936275 22.3799991607666 22.3099994659424 22.2800006866455 22.3199996948242 22.4099998474121 22.2199993133545 22.3099994659424 22.2800006866455 22.1100006103516 22.2499999999915 22.1900005340576 22.0599994659424 22 21.9599990844727 21.8400001525879 21.4599990844727 20.9400005340576 20.2999992370605 19.5300006866516 19.1399993896484 17.3299999237061 16.0100002288818 16.5499992370605 16.9799995422364 17.75 18.0900001525879 17.8299999237061 17.75
-9999 -9999 -9999 -9999 11.4799995422363 15.4399988980056 15.1800003051758 15.8999996185303 17.1299991607666 18.6000003814697 19.8899993896484 20.0699996948242 21.1800003051758 21.6100006103516 22.1200008392334 22.4599990844727 22.5599994659424 22.6499996185303 22.5400009155273 22.4500007629394 22.6499996185303 22.4899997711182 22.5 22.5100002289047 22.5100002288818 22.5200004577637 22.3400001525879 22.2800006866455 22.2800006866455 22.2800006866455 22.0100002288818 21.9699993133545 21.7800006866455 21.8199996948242 21.6299991607666 21.1499996185303 20.4400005340576 19.4899997711182 18.8799991607666 16.3700008392334 15.0600004196167 16.6100006103516 17.1599998474121 18.0900001525879 18.4300003051758 18.2299995422363 18.0200004577637
-9999 -9999 -9999 -9999 12.0799999237061 10.4300003051758 13.4399998196338 14.6800006045575 16.4799995422363 17.1700000762939 18.2800006866455 19.2800006866455 19.9699993133545 21.1000003814697 22.0799999237061 22.5 22.8099994659424 22.9699993133545 22.5599994659424 22.7000007629395 22.6299991607666 22.4899997711182 22.540000915652 22.5 22.409999847597 22.5400009155273 22.4699993133545 22.3299999237061 22.2700004577637 22.1900005340576 22.0900001525879 21.9899997711182 21.8600006103516 21.7000007629465 21.7199993133545 21.3500003814697 20.6100006103516 19.5400009155273 18.8199996948242 16.9300003051758 16.2700004577637 17.3099994659424 18.2199993133542 18.4799995422363 18.6299991607666 18.5400009155273 18.3400001525879
-9999 -9999 -9999 -9999 10.8500003814697 11.4499998092651 11.0699996948242 13.760000854754 16.1700000762939 16.6900005340576 17.0699996948242 18.3099994659424 18.9599991407885 20.9099998474121 21.8999996185303 22.5499992370605 22.7199993145036 23.0100002288818 22.5599994659424 22.7299995422363 22.6800003051758 22.499999999821 22.5100002285467 22.5499992370605 22.5599994659424 22.4799995422363 22.6000003814697 22.2000007629395 22.1299991607666 22.0799999237061 21.6499996185303 21.6800003051758 21.5599994659424 21.5699996948242 21.7700004577637 21.6599998474121 20.9300003051758 19.8899993896484 19.2700004577637 18.1399993896484 17.8799991607666 18.5499992370606 18.8799991607665 18.8799991607666 18.8600006103516 18.7099990844727 18.6399993896484
-9999 -9999 -9999 -9999 10.6099986777643 10.0100002288818 10.539999961853 14.7299995422363 15.3299999237061 17.1700000762939 17 18.5599994659424 19.9599990844727 20.6499996185303 21.1399993896484 22.5799999237061 22.9899997711182 23.0100002278657 22.6700000762777 22.7000007629395 22.6100006105654 22.5400009155273 22.5 22.5100002288818 22.5 22.5 22.2800006866455 22.1700000762939 22.0799999237061 21.8299999237061 21.7700004577637 21.6700000762939 21.4899997711182 21.4799995422363 21.8400001525879 22.0100002288818 21.2999992370605 20.3500003814697 19.8799991607666 19.2000007629395 19.1000003814697 19.5300006866455 19.4799995422363 19.2700004577637 19.1499996185303 18.9799995422363 18.9099998474121
-9999 -9999 -9999 -9999 9.8100004196167 9.27000045776367 10.4099998474121 12.0600004196167 17.6499996185303 17.5100002288818 17.2900009155273 17.9699993133545 18.7099990844727 19.8799991607666 21.5799999237061 22.2099990844727 22.9099998474121 22.4599990844727 22.6100006103516 22.5699996948242 22.6700000762939 22.6399993896484 22.5400009155273 22.4899997706216 22.4699993133545 22.5599994659424 22.2700004577637 22.0200004577637 22.0499992370605 21.7999992370605 21.5499992370605 21.4099998474121 21.2199993133545 21.1299991607666 21.6100006103516 21.7900009155273 21.3500003814697 20.6700000762939 20.3799991607666 19.9500007629395 19.8199996948242 19.9099998474121 19.8299999237061 19.6000003814697 19.3400001525879 19.2600002288818 19.1000003814697
-9999 -9999 -9999 -9999 9.25 10.9700002670288 11.3599996566772 16.9300003051758 14.3400001525879 14.8500003814697 16.4400005340576 17.2199993133545 18.4500007629395 20.5200004577637 20.4599990844727 21.3700008392334 22.5699996948242 22.7199993133545 22.5499992370605 22.5699996948242 22.7000007629395 22.7999992370606 22.5499992370605 22.4699993094303 22.4099998474121 22.3500003814697 22.0799999237061 21.9699993133545 21.7399997711182 21.5 21.4500007629395 21.3899993896484 21.0100002288818 21.1499996185303 21.2299995422363 21.2600002288818 21.0900001525879 20.7299995422363 20.6100006103516 20.4699993133545 20.3799991607666 20.3500003814697 19.9599990844727 19.7999992370605 19.4500007629395 19.4300003051758 19.3199996948242
