SnowAccumulation_R/test/tmax/final_tmax_23_04_2009.asc
NCOLS 97 
NROWS 69 
XLLCORNER 52512.810182332 
YLLCORNER 5316225.2758522 
CELLSIZE 10000 
NODATA_value -9999 
[rows 0 to 19 of 69, columns 0 to 45 of 97]
-9999.000000000000000 -9999 -9999 -9999 -9999 -9999 -9999 -9999 -9999 -9999 -9999 -9999 -9999 -9999 -9999 -9999 -9999 -9999 -9999 -9999 -9999 -9999 -9999 -9999 -9999 -9999 -9999 -9999 -9999 -9999 -9999 -9999 -9999 -9999 -9999 -9999 -9999 -9999 -9999 -9999 -9999 -9999 -9999 -9999 -9999 -9999
-9999 -9999 -9999 -9999 -9999 2.19000005722046 0.759999990463257 0.239999994635582 -0.509999990463257 0.389999985694885 -0.150000005960464 0.0199999995529652 0.580000110611413 1.73000001907349 0.910000026226044 0.860000014305115 1.5900000333786 1.86000001430511 1.89999997657348 -9999 -9999 -9999 -9999 -9999 -9999 -9999 -9999 -9999 -9999 -9999 -9999 -9999 -9999 -9999 -9999 -9999 -9999 -9999 -9999 -9999 -9999 -9999 -9999 -9999 -9999 -9999
-9999 -9999 -9999 -9999 -9999 -0.170000001788139 -0.509999990463257 -0.150000005960465 0.209999993443489 1.1599999666214 0.990000009536743 1.85000002384186 2.20000004768372 1.86999997369579 1.02999997138977 1.60000002384186 1.83000004291534 1.85000002384186 1.92999994754791 1.97000001483745 1.83000004291534 1.79999995231628 1.60000002384186 1.46000003814697 1.33000004291534 1.12000000476837 1.1599999666214 1.29999995231628 1.37999999523163 1.50999999046326 1.50999999046326 1.5 1.44000005722046 1.27999997138977 0.959999978542328 0.680000007152557 0.439999997615814 0.360000014305115 0.180000007152557 0.129999995231628 -0.0500000007450581 -0.230000004172311 -0.310000002384186 -0.569999992847443 -0.439999997615814 -0.400000005960464
-9999 -9999 -9999 -9999 -9999 1 1.72000002861023 1.32000005245209 1.33000016760435 2.21000003814697 2.10999989509583 1.73000001907349 2.20000004768372 1.51999998092651 1.23000001907349 1.36000001430511 1.45000004768372 1.42999994754791 1.73000001907349 1.5099999901957 1.27999997138977 1.37999999523163 1.3400000333786 1.26999998092651 1.15999996673484 1.19000005722046 1.20000004768372 1.30999994277954 1.3400000333786 1.67999994754791 1.66999995708466 1.72000002861023 1.58000004291534 1.30999994277954 0.9200000166893 0.660000026226044 0.569999992847443 0.449999988079071 0.200000002980232 0.170000001788139 0.0700000002980232 -0.0900000035761215 -0.300000011920929 -0.360000014305115 -0.200000002980232 -0.0199999995529652
-9999 -9999 -9999 -9999 -9999 1.80999994277954 2.20000004768372 2.32000021402404 2.34999990463257 2.3499999314917 2.54999995231628 2.40000009536743 2.20000004768372 2.03999996185303 1.99000000536348 1.8400000333786 1.46000003814697 1.32000005245209 1.69000005722046 1.38999998569489 1.32000005245209 1.3400000333786 1.07000006070644 1.1599999666214 1.24000000953674 1.3400000333786 1.3400000333786 1.47000002861023 1.5900000333786 1.66999995708466 1.89999997611398 1.78999996185303 1.48000001907349 1.37999999523163 0.959999978542328 0.740000009536743 0.639999985694885 0.660000026226044 0.319999992847443 0.409999996423721 0.479999989271164 0.170000001788139 0.0599999986588955 0.119999997317791 0.0500000007450581 -0.270000010728836
-9999 -9999 -9999 -9999 -9999 2.27999997138977 2.66000008583069 2.99000000953674 2.60000018370695 2.79999995231628 2.42000007629395 2.22000002861023 2.07999992370606 2.01999998092651 2 2.03999996185303 1.88999998569489 1.76999998092651 1.72000002861023 1.69000005722046 1.57000005245209 1.30999994277954 1.1599999666214 1.12000000476837 1.28999996185303 1.55999994253768 1.62999999523163 1.70000004768372 1.77999997138977 1.82000005245209 1.92999994754791 1.71000003814697 1.30999994277954 1.46000003814697 1.13999998569489 0.769999980926514 0.680000007152557 0.720000028610229 0.610000014305115 0.560000002384186 0.310000002384186 0.100000001490116 0.119999997317791 0.239999994635582 0.119999997317791 -0.140000000596046
-9999 -9999 -9999 -9999 -9999 2.28999996185303 2.42000007629394 2.9300000667572 2.64000010490417 2.53999979047349 2.05999994277954 1.92999994754791 1.75999999046326 1.75999999046326 1.75 1.70000004768372 1.64999997615814 1.53999996185303 1.9099999666214 1.66999995708466 1.75999999049238 1.71000003814697 1.52999997138977 1.39999997615814 1.41999995708466 1.53999996281848 1.72000002861023 1.8400000333786 1.85000002384186 2.03999996185303 1.62999999523163 1.54999995231628 1.49000000953674 1.57000005245209 1.33000004291534 0.889999985694885 0.759999990463257 0.810000002384186 0.769999980926514 0.569999992847443 0.280000001192093 0.629999995231628 0.550000011920929 0.409999996423721 0.180000007152557 0.0700000002980232
-9999 -9999 -9999 -9999 -9999 2.22000002861023 2.47000006364465 2.63000011444092 2.14000010490417 1.5900000333786 1.97000001337641 1.70000001531215 1.17999994754791 1.11000001430511 1.52999997138977 1.72000002861023 1.8999999744222 1.83000004291534 1.85000002384186 1.87000000476837 1.79999995231628 1.85000002384186 1.92999994754791 1.5900000333786 1.53999996185303 1.66999995708466 1.6599999666214 1.83000004398623 2.03999996185303 1.55999994277954 1.47000002861023 1.44000005721099 1.58000004291534 1.67999994754791 1.41999995708466 1.00999999046326 0.850000023842714 0.889999985694885 0.819999992847443 0.639999985694885 0.540000021457672 0.6700000166893 0.860000014305115 0.519999980926514 0.159999996423721 0.189999997615814
-9999 -9999 -9999 -9999 -9999 1.99000000953674 2.10999989509583 2.48000001907349 1.87999999523163 1.70000004768372 1.71000003814697 1.62000000476837 1.53999996185303 1.48000001907349 1.54999995231628 1.87999999523163 2.00999999046326 2.19000005722046 2.04999995231628 2.3199999332428 2.27999997138977 2.20000004762097 2.29999995231628 1.80999994277954 1.79999995231628 1.78999996185303 1.80999994276635 1.75 1.55999994277954 1.34000003279466 1.26999998092651 1.36000001430511 1.37999999523163 1.62999999523163 1.44000005722046 1.11000001430511 1 1.05999994277954 0.930000007152557 0.870000004768371 0.730000019073486 0.569999992847443 0.649999976158142 0.519999980926514 0.340000003576279 0.209999993443489
-9999 -9999 -9999 -9999 -9999 1.41999995708466 1.67999994754791 1.95000004768372 1.69000005722046 1.3400000333786 1.4099999666214 1.47000002861023 1.6900000942495 1.9099999666214 1.85000002384186 1.87999999523163 2.41000008583069 2.36999988446531 2.41000008583069 2.52999997138977 2.60999989509583 2.25 2.08999991416931 1.98000001907349 1.96000003814697 1.69000005722046 1.54999995231628 1.57000005245209 1.5 1.17999994754791 1.04999995231628 1.24000000950359 1.29999995224359 1.53999996185303 1.37999999523163 1.21000003814697 1.17999994754791 1.20000004768372 1.17999994754791 1.16999995708466 0.980000019073487 0.769999980926514 0.660000026226138 0.759999990463257 0.579999983310699 0.419999986886978
-9999 -9999 -9999 -9999 -9999 -0.239999994635582 1.25 1.23000001907349 1.12999996498258 1.00999999046326 1.03999996185303 1.3400000333786 2.03999996185303 2.05000001981352 2.13000011444092 2.07999992370605 2.58999991416931 2.42000007629395 2.69000005722046 2.54999995231628 2.50999999046326 2.27999997138977 2.10999989534271 1.94000005722046 1.75 1.5 1.44000005722046 1.44000005722046 1.23000001907349 1.17999994754791 1.17999994754791 1.29999995231628 1.32000005245209 1.57000005245209 1.41999995712005 1.30999994280466 1.32000005245209 1.3400000333786 1.30999994277954 1.44000005722046 1.03999996185303 0.75 0.610000014305115 0.5 0.340000003576279 0.28999999165535
-9999 -9999 -9999 -9999 -1.20000004768372 -1.21000003814697 -0.280000001192093 0.509999990463257 0.389999985694885 0.349999994039535 0.469999998807907 0.689999997615814 1.62000000476837 2.19000005722046 2.28999995500257 2.4300000667572 2.58999991416931 2.66000008583069 2.88000011349065 2.46000003814697 2.4300000667572 2.17000007629395 1.6599999666214 1.5900000333786 1.54999995231628 1.36000001430511 1.28999996185303 1.25000000004328 1.22000002861023 1.32000005245209 1.45000004768372 1.66999995708466 1.76999998093081 1.76999998092651 1.58000004291534 1.5 1.37000000476837 1.3400000333786 1.24999999999539 0.930000007150415 0.759999990461581 0.499999999998789 0.289999991655034 0.209999993443466 0.0399999991059303 0.140000000596046
-9999 -9999 -9999 -9999 -2.14000010490417 -1.50999999046326 -0.629999995231628 0.0599999986588955 -0.270000010728836 -0.00999976586804738 0.720000028610229 1.12000000476837 1.71000003814697 2.35999989509583 2.24000000953674 1.8100000090997 2.85999989509582 2.88000011444092 2.27999997138977 2.25 1.96000003814697 1.95000004768372 1.49000000953674 1.39999997615814 1.36000001430511 1.22000002861023 1.30999994277954 1.25 1.29999995231628 1.63999998569489 1.72000002861023 1.89999997615814 2.18000006674214 2.00999999046326 1.80999994277954 1.5 1.28999996185303 1.05999994278181 0.990000009536743 0.620000004768372 0.360000014305115 0.259999990463257 0.219999998807907 0.270000010728836 0.469999998807907 0.5
-9999 -9999 -9999 -9999 -2.33999991416931 -1.70000004768372 -0.980000019073486 -0.360000014305115 0.449999988079071 0.819999992847443 0.730000019073486 1.33000004291534 1.96000003814697 2.02999997138977 2.23000001907349 2.41000008583069 2.49000000953674 2.45000004768372 2.08999991416931 2.03999996185303 1.79999996352615 1.53999996185303 2.04999995231628 1.94000005722046 1.36000001430511 1.16999995708466 1.33000004291534 1.33000004291534 1.33000004291534 1.67999994754791 1.95000004768372 2.29999995231628 2.58999991416931 2.29999995231628 1.9099999666214 1.5 1.22000002861023 0.98000001907551 0.949999988079071 0.600000023841858 0.259999990463257 0.310000002384186 0.250000000000009 0.360000014305115 0.5 0.709999978542328
-9999 -9999 -9999 -9999 -3.11000325360991 -1.26999998092651 -1.89999999428044 -1.85000002384186 -0.540000021457672 0.939999997615814 1.08000004291534 1.25 1.53999996185303 1.66999995708466 1.87999999523163 1.70000004768372 1.88999998569489 1.48000001907349 1.64999997803392 1.85000002384186 1.99000000953674 1.92999994754791 1.98000001907349 1.87000000476837 1.48000001907349 1.51999998092651 1.42999994754791 1.24000000953674 1.60000002373163 1.67999994754791 1.87999999523163 2.19000005722046 2.46000003814697 2.33999991416931 1.8400000333786 1.39999997615814 1.14999997615814 0.920000016690981 0.889999985694885 0.689999997615814 0.280000001192093 0.419999986886978 0.460000008344665 0.589999973773956 0.790000021457672 0.620000004768372
-9999 -9999 -9999 -9999 -5.23000001907349 -1.77000052682895 -2.44000005722046 -1.94000005722046 -1.13999998569489 -0.140000000596046 0.600000023841858 0.519999980926525 1.12999999523163 1.1599999666214 1.4099999666214 1.57000005245209 1.61000001430511 1.62000000476837 1.47000002861023 1.53999996185303 1.46000003814697 1.78999994843849 1.71000003814697 1.77999997152679 1.77999997138977 1.74000000953674 1.46000003814697 1.45000004768372 1.64999997615814 1.77999997138977 1.69000005722046 1.88999998569489 1.79999995231628 1.9099999666214 1.67999994754791 1.25 1.07000005245209 0.870000004768372 0.8299999833107 0.660000026226044 0.479999989271164 0.579999983310699 0.439999997615814 0.649999976158142 0.680000007152557 0.709999978542328
-9999 -9999 -9999 -9999 -4.44000005722046 -6.44999980926514 -3.98999965509205 -3.00999975616442 -1.69000005722046 -1.38999998569489 -0.740000009536743 -0.319999992847443 0.0599999986588955 0.649999976158142 1.25999999046326 1.39999997615814 1.70000004768372 1.82000005245209 1.39999997615814 1.33000004291534 1.36000001430511 1.49000000953674 1.64999997595866 1.75999999046326 1.52999997186239 1.66999995708466 1.58000004291534 1.8400000333786 1.91999995708466 1.64999997615814 1.75999999046326 1.78999996185303 1.69000005722046 1.48000001908479 1.50999999046326 1.24000000953674 0.990000009536743 0.839999973773956 0.769999980926514 0.509999990463257 0.319999992847443 0.560000002384186 0.800000011920877 0.759999990463257 0.589999973773956 0.720000028610229
-9999 -9999 -9999 -9999 -5.51000022888184 -5.25 -5.94000005722046 -3.90999940035169 -1.87999999523163 -1.74000000953674 -1.75 -1.03999996185303 -0.719999992229245 0.519999980926514 1 1.26999998092651 1.29999995333019 1.60000002384186 1.04999995231628 1.03999996185303 1.23000001907349 1.37999999492485 1.48000002242508 1.67999994754791 1.71000003814697 1.72000002861023 1.69000005722046 1.64999997615814 1.85000002384186 1.88999998569489 1.79999995231628 1.82000005245209 1.72000002861023 1.63999998569489 1.41999995708466 1.37999999523163 1.03999996185303 0.860000014305115 0.730000019073486 0.589999973773956 0.5 0.439999997615814 0.790000021457469 0.449999988079071 0.46000000834465 0.469999998807907
-9999 -9999 -9999 -9999 -5.56000106388104 -6.51000022888184 -6.28999996185303 -2.71000003814697 -2.71000003814697 -1.17999994754791 -1.71000003814697 -0.709999978542328 -0.0199999995529652 0.330000013113022 0.28999999165535 1.1599999666214 1.33000004291534 1.37000000296705 0.910000026174215 1.20000004768372 1.30999994251819 1.4099999666214 1.58000004291534 1.64999997615814 1.69000005722046 1.70000004768372 1.63999998569489 1.62999999523163 1.62999999523163 1.5900000333786 1.75999999046326 1.75999999046326 1.5900000333786 1.54999995231628 1.5 1.50999999046326 1.23000001907349 0.959999978542328 0.8299999833107 0.689999997615814 0.360000014305115 0.28999999165535 0.709999978542328 0.259999990463257 0.439999997615814 0.550000011920929
-9999 -9999 -9999 -9999 -6.34999990463257 -7.07999992370605 -6.21999979019165 -4.96999979019165 -0.560000002384186 -0.870000004768372 -1.36000001430511 -1.16999995708466 -0.990000009536743 -0.25 0.759999990463257 0.819999992847443 1.1599999666214 0.680000007152557 0.910000026226044 1.12000000476837 1.26999998092651 1.46000003814697 1.61000001430511 1.64999997640643 1.70000004768372 1.75999999046326 1.64999997615814 1.55999994277954 1.61000001430511 1.61000001430511 1.58000004291534 1.46000003814697 1.30999994277954 1.27999997138977 1.46000003814697 1.42999994754791 1.23000001907349 0.990000009536743 0.949999988079071 0.769999980926514 0.360000014305115 0.270000010728836 0.490000009536743 0.28999999165535 0.389999985694885 0.769999980926514
