SnowAccumulation_R/test/tmax/final_tmax_15_04_2009.asc
NCOLS 97 
NROWS 69 
XLLCORNER 52512.810182332 
YLLCORNER 5316225.2758522 
CELLSIZE 10000 
NODATA_value -9999 
[rows 21 to 41 of 69, columns 47 to 93 of 97]
9.03999996185303 8.97000026702881 8.89000034332275 8.69999980926514 8.67000007629395 8.77999973297119 8.44999980926514 8.52000045776367 8.59000015258789 8.68000030517578 9.25 8.72000026702881 8.68000030523061 8.52999973297119 8.46000003814697 8.27000045776367 8.22999954212137 7.94999980926514 7.59000015258789 7.51000022888184 7.86999988657324 8.28999996185303 8.56999969482422 8.64000034332275 8.64999961853187 8.60000038146972 8.4399995803833 8.47000026702881 8.30000019073486 7.32000017166138 6.71999979019165 6.05000013997511 5.53999996185303 5.13000011444092 4.59000015258789 4.19999980926514 4.01000022888184 3.71000003814697 3.35999989509583 3.15000009536743 3.15000009536743 3.19000005722046 3.24000000953674 3.3199999332428 3.39000010490417 3.52999997138977 -9999
8.96000003814697 8.96000003814697 8.64000034332275 8.64999961853027 8.78999996185303 8.42000007629395 8.43000030517578 8.47000026702881 8.60000038146972 8.6999998090646 8.81999969458806 8.53999996185303 8.59000015258789 8.46000003814697 8.34000015258789 8.31999969482422 8.25 8.01000022888184 7.51000022888184 7.57999992370605 7.92999982833862 8.22000026702881 8.39999961853027 8.39999961853027 8.5 8.53999996185303 8.80000019073486 8.89999961853027 8.35999965667725 7.40999984741211 6.65000009858412 5.88000011444092 5.55999994277954 5.05999994277954 4.55999994277954 4.11999988555908 3.9300000667572 3.61999988555908 3.29999995231628 3.18000007388523 3.17000007629395 3.1800000667572 3.23000019038396 3.43999976215386 3.5 3.66000008583069 -9999
8.68000030517578 8.94999980926514 8.80000019073486 8.60999965667724 8.5 8.67000007626186 8.5600004195977 8.4399995803833 8.47999954223633 8.5 8.60000038146972 8.43000030517578 8.52000045776367 8.3100004196167 8.14000034332275 7.98000001907349 7.92000007629395 7.88000011444092 7.67000007629394 7.71999979019165 7.84000015258789 8.10999965667724 8.13000011444092 8.17000007629395 8.31999969482422 8.35999965667725 8.75 8.51000023230157 8.14000034332275 7.36999978539843 6.40999984741211 5.780000358257 5.48000001907349 4.86999988555908 4.34000015258789 4.07999992370605 3.77999997138977 3.5699999332428 3.30999994277954 3.23000001907349 3.19000005722046 3.20000008449286 3.32999992370605 3.38000011444092 3.51999998092651 3.6800000667572 -9999
8.40999984741276 8.5500001907354 8.3100004196167 8.35000038146973 8.3100004196167 8.02999973297119 8.25 8.22999954223633 8.35999965667725 8.51000022888184 8.47999954223633 8.40999984741211 8.28999996185303 8.28999996185303 7.92999982833862 7.71000003814697 7.67000007629395 7.51000022888184 7.59999990463257 7.57999992413069 7.88999986648559 7.92999982833862 7.86000013351441 7.86000013372798 8.02999973297119 8.03999996185303 8.32999992370605 8.22000026702881 7.68999994341207 6.51999998092651 5.98999977111816 5.73000001907349 5.23000001907349 4.71000003814697 4.11999988555908 3.89000010490417 3.65000009536743 3.5 3.31999998082658 3.27999997138977 3.22000002861023 3.27999997138977 3.3199999332428 3.41000008583069 3.46000003814697 3.61999988555908 -9999
8.30000019073486 8.75 8.47000026702881 8.35999965667725 8.35000038146972 8.18000030517578 8.22999954223633 8.21000003814697 8.27000045776367 8.3100004196167 8.28999996185303 8.39999961851843 8.31999969482422 8.34000015258789 8.03999996185303 7.84000015216097 7.36999988555908 7.32999992370605 7.28000020980835 7.61000013351441 7.5 7.69000005722046 7.6100001335144 7.55999994277954 7.65000009536743 7.69999980926514 7.80000019073486 7.1399998664856 6.6100001335144 5.75 5.26999999094177 5.05999994277954 4.82999992370605 4.46999979019165 4.23999977111816 3.73000001907349 3.55999994277954 3.44000005722046 3.36999988555908 3.25 3.25999999046326 3.31999993324274 3.32999992370605 3.16000008583069 3.04999995231628 3.19000005722046 -9999
7.82999992370605 8.32999992370605 8.68000030517578 8.38000011444092 8.4399995803833 8.34000015258789 8.19999980926513 8.26000022888321 8.25 8.22999954223633 8.22999954223633 8.27999973295142 8.27999973297119 8.4399995803833 8.46000003814697 8.27000045776367 7.65000009536743 7.32000017166138 7.51000022888184 7.59000015258789 7.55999994277954 7.42000007629395 7.34000015258789 7.30999994277954 7.17999982833862 7.21999973366735 6.65000009536743 6.36999988555908 6.05000019073486 4.71000003814697 4.46000003814697 4.1100001335144 4.09000015258789 4.03999996185303 3.92000007629395 3.53999996185303 3.48000001907349 3.35999991445152 3.30999994277954 3.26999996166908 3.28999996185303 3.32999992370605 3.24000000953674 2.85999989509583 2.88000011444092 3.02999997138977 -9999
7.84000015258789 8.22000026702881 8.59000015258789 8.61999988555862 8.47000026702881 8.47000026702881 8.31999969482422 8.19999980925898 8.27999973297119 8.14000034332276 8.11999988555908 8.15999984741211 8.10000038146973 8.19999980926514 8.02000045776367 8.18000030517578 7.80999994277954 7.55000019073486 7.61999988555908 7.55999994277954 7.3600001335144 7.07999992370605 7.09000015238016 6.92999982833862 6.73999973170128 6.19999980926514 6.11999988555908 5.78000020980835 5.44999980926514 4.51999998092651 4.19999980926514 3.70000004768372 3.45000004768372 3.45000004768372 3.41000008583069 3.29999995231628 3.26999998092651 3.33999991416931 3.30999994277954 3.25 3.34999985694723 3.34999990463257 3.09999990463257 2.83999991416931 2.88000011444092 3.13000011444092 -9999
7.96999979019165 8.22000026702881 8.18000030517578 8.14000034332391 7.96999979019165 8.32999992370605 8.27999973297119 8.23999977111816 8.30000019073486 8.09000015258789 8.02000045776367 8.03999996185303 8.13000011444092 7.86999988555908 7.55999994277954 7.67999982833862 8.13000011444092 7.78999996185303 7.65999984720601 7.40999984741211 7.01999998092651 6.71000003814697 6.59000015258789 5.8899998664856 5.82999992370605 5.59000015258789 5.48999977111816 5.13000011444092 4.86999988555908 4.73999977111816 4 3.34999990463257 3.10999989509582 3.02999997138977 2.79999995231628 3.09999990463257 3.20000001977101 3.26999993278673 3.29999995231628 3.33999991416931 3.35999989509583 3.28999996185303 3.0699999332428 2.97000007430989 3.02999997138977 3.28999996185303 -9999
7.82000017166138 8.05000019073486 8.14000034332275 7.94999980926598 7.88000011444092 8.46000003814697 8.26000022888184 8.10999965667725 8.10000038146973 8.07999992370605 7.92000007629395 7.8899998664856 8.02999973297119 7.75 7.55999994261321 7.55000019073486 7.82999992370605 7.67000007629394 7.53999996185303 7.07999992370605 6.71000003814697 6.40000008466188 5.8600001335144 5.23999977111816 5.30000019073486 5.3699998853463 4.82999992370605 4.40000009536743 4.28999996185303 4.28000020980835 3.6800000667572 3.14000010490418 2.81999994264234 2.75999999046326 2.34999990463257 2.80999994277954 3.00999990085505 3.11999988555908 3.24000000953674 3.32999989999994 3.39000010490417 3.3199999332428 3.15000009536743 3.13000011444092 3.15000009536743 3.28999996185303 3.34999990463257
7.42000007629394 7.55999994277954 7.63000011444092 7.82000017166138 7.88000011444092 8.5 8.14999961853027 7.90999984741211 8.06999969482422 8.18000030517578 7.96000003814697 7.78000020980835 7.69000005722046 7.73999977111816 7.55999994277954 7.63000011444092 7.32999992370605 7.21999979019165 7.23000001907349 6.84000015258789 6.23999977111816 6.01000022759208 5.3899998664856 4.75 4.65999984741211 4.92000007629395 4.40999984741211 3.95000004768372 3.79999995281631 3.80999994277954 3.39000010490417 2.92000007629394 2.75 2.59999990463257 2.05999994277954 2.51999977736429 2.75 3.00999999046326 3.13000011444092 3.21000003814697 3.4300000667572 3.5 3.34000006556226 3.3199999332428 3.00999999046326 3.22000002861023 3.50000075281052
7.51000022888184 7.38000011444092 7.34000015258789 7.84000015258789 7.94000005722046 8.47999954223633 8.07999992370606 8.0600004196167 7.76999998092651 8.10000038146973 8.13000011439204 7.65999984741211 7.67999982833862 7.65999984741211 7.61999988555908 7.98999977111816 7.34999990463257 7.28000020980835 7.15000009034458 6.32999992370606 5.92999982833862 5.67999982833862 4.76000022888184 4.11999988555908 3.9300000667572 4.17000007629394 4.32000017166138 3.64000010490417 3.51999998092651 3.42000007629395 3.14000010490418 2.70000004768372 2.54999995231628 2.40000009536743 2.04999995231628 1.86000001430511 2.53999996185303 2.84999990463257 3.00999995991449 3.23000001907349 3.51999998092651 3.70000004768372 3.72000002861023 3.53999996185303 3.26999998092651 3.53999946597082 4.01999998092651
7.34000015258789 7.26000022888184 7.3600001335144 7.65999984741211 7.78999996185303 8.40999984741211 8.21000003814697 8.03999996185303 7.6100001335144 7.94000005722046 8.06999969481064 7.80999994277954 7.69999980926514 7.55999994277954 7.59000015258789 7.73000001907349 7.3400001498841 6.90000009488299 6.46999979019165 6.1100001335144 5.51999998092651 5.13000011444092 4 3.25 3.01999998108941 3.33999991416931 3.8199999332428 3.49000000953674 3.32999992370605 3.21000003814697 2.98000001907349 2.75 2.33999991416931 2.17000007629395 1.77999997138977 1.74000000953674 2.25999999046326 2.70000004768372 2.8199999332428 3.17000007629394 2.98000001907349 3.77999974205244 3.83999991416931 3.89000010490418 3.79999995231628 4.24999903168027 4.44999980926514
7.30999994277954 7.28999996185303 7.40999984741211 7.63999986648559 7.73000001907349 7.86999988555908 8.22000026702881 8.13000011444092 7.8600001335144 7.94999980926514 8.09000015258789 7.71999979019165 7.67999982833862 7.46999979019165 7.46000003734194 7.26000022888184 6.32000017166138 6.23000001907349 6.03000020980835 5.59000015258789 4.76000022888184 4.32000017166138 3.57999992370605 3.15000009536743 3.11999988555908 3.3199999332428 3.53999996185303 3.49000000973674 3.36999988555908 3.05999994277954 2.79999995231628 2.5 2.01999998092651 1.67999994754791 1.76999998092651 1.57000005245209 1.95000004768372 2.59999990463257 2.83999991416931 3.13000011444092 3.29999995231628 3.48000001907349 3.98000001907349 4.21999979019165 4.29000086166514 4.78000020980835 4.94000005722046
7.28999996185303 7.25 7.4899997711191 7.67000007629399 7.73999977111816 7.8899998664856 8.36999988556493 8.15999984741211 8.02999973297119 7.98999977111816 8.07999992370605 7.44999980957061 7.51999998062444 7.32000017159076 7.15999984741211 7.05999994277954 6.42999982833862 5.90999984741211 5.8899998664856 4.8899998664856 4.15000009451035 3.74000000953674 3.3199999332428 3.39000010490417 3.41000008583069 3.3199999332428 3.40000009536743 3.33999991416931 3.16000008583069 3 2.73000002215748 2.49000002282801 2.05999994277954 1.60000002384186 1.50999999046326 1.53999996185303 1.80999994277954 2.16000008583069 2.85999989509583 3.23000001907349 3.50999991113644 3.58999991416931 4.03999996185303 4.51999998092651 4.84999990463257 5.21999979019165 5.40999984741211
7.34000015258789 7.44000005722046 7.69000005722011 7.67000007629304 7.67999982833606 7.92999982833862 8.11999988557515 8.31999969482422 8.18000030526945 8.09000015248144 7.59999990463257 7.11999988555908 7.48000001907349 7.44000005708667 7.1399998664856 6.84000015258789 6.26000022888184 5.92000007629394 5.57000017166138 4.25 3.67000007629394 3.38000011444092 3.07999992370606 2.79999995619249 2.82999992370605 2.91000008583069 3.13000011444092 2.92000007629395 2.77999997138977 2.74000000953674 2.7199999464613 2.16000008583069 2.1800000667572 1.8300000667273 1.64999997615814 1.74000000953674 2.02999997138977 2.20000004768372 2.88000011444092 3.39000010490417 3.5 3.77999997138977 4.19000005722046 4.71000003814697 5.1399998664856 5.5 5.94999980926322
7.26999998092651 7.36999988555908 7.44000005722046 7.48999977111816 7.55000019073486 8.52000045773909 8.03999996185499 8.14999961853027 8.07999992370606 7.73000001907349 7.55000019073486 7.21999979019165 6.94999980926514 7.09000015258789 6.67000007629395 6.59999990463257 6.30999994142861 5.44000005722046 5.03000020980835 3.84999990463257 3.1800000667572 3.23000001907349 3.16000008583069 2.94000005722046 2.64000010490417 2.63000011444092 2.79999995231628 2.5 2.45000004768372 2.51999993379423 2.32999992370605 2.05999994277954 1.98000001907349 2.01999998092651 2.04999995231628 2 2.0699999332428 2.48000001907349 2.91000008583069 3.61999988555908 3.83999991416931 4.07999992370605 4.25000026002157 4.34999990463257 4.78000020980835 5.3899998664856 5.57999992370606
7.23999977111816 7.32999992370605 7.40000009536743 7.46000003814697 7.51000022888184 7.69000005722046 7.71999979019165 7.78999996185303 7.69999980926514 7.28999996185303 7.1399998664856 6.76999998092651 6.53999996185303 6.5 6.65999984741211 6.23999977111816 5.86000013246479 4.98000001907349 4.42999982833862 3.77999997138977 3.16000008583069 3.0699999332428 2.5699999332428 2.71000003814697 3 2.83999991416931 2.82999992370605 2.29999995231628 2.21000002168677 2.19000005708636 2.25 2.1800000667572 1.99000000953674 1.96000003814697 2.15000009536743 2.41000008583069 2.38000011444092 2.66000008583069 3.17000007629395 3.41000008583069 3.86999988555908 4.4100001245644 4.67999981859225 4.69999980926514 4.8600001335144 5.36000013351327 5.65000009536743
7.05000019073486 7.21000003814697 7.26999998092651 7.19000005722046 7.46999979019165 7.46000003814697 7.3600001335144 7.26999998092651 7.32000017166138 7.21000003811625 6.78000020980835 6.3899998664856 6.17000007629395 6.09999990463257 5.78000020980835 5.67999982833862 5.57000017166138 4.82000017166138 4.19000005722046 4.0599999425771 3.58999991416931 3 3.14000010490417 3.11999988555908 2.75999999046326 2.25 1.82000005245209 2.06999988584743 2.13000011444092 2.11999988555908 2.24000000953674 2.22000002861023 2.3199999332428 2.13000011444092 2.3199999332428 2.7100000123317 2.8199999332428 2.92000007629395 3.48000001907349 3.69000005722046 4.17000041964333 4.75 4.96000003814697 5.26000022888184 5.40999984741211 5.53000020980835 5.82999992370605
6.90999984741211 7.15000009536743 7.17999982833862 7.21000003814697 7.25 7.23999977111816 7.23000001907349 6.98999977111816 6.86999988555908 6.94000005719145 6.55999994277954 6.11999988555908 5.86999988555908 5.71000003814697 5.32999992370605 5.26999998092651 5.09000015258789 4.3899998664856 3.77999997138977 3.59999990463257 3.02999997138977 2.89000010490417 3.06999993210992 2.26999998092651 1.83000004291534 1.75999999817051 1.85000002384186 1.60000002384186 1.77999997138977 1.78999996185303 1.86000001430511 2.30999994277954 2.42000007629395 2.50999999046326 2.52999997138977 2.72000002861023 3 3.24000000953674 3.49000000953674 3.79999995231628 4.59999990463257 5.12999993831034 5.38000011444092 5.80000019073486 6.07000017166138 6.19000005722046 6.48999977111816
6.92000007629395 6.92000007629394 7.1399998664856 7.15000009536743 7.17000007629395 6.96000003814697 6.98000001907349 6.86999988555908 6.75 6.67000007629395 6.28999996185303 5.82000017166138 5.63999986639946 5.34000015258789 5.01999998092651 4.78000020980835 4.46000003814697 3.83999991416931 3.17000007629394 2.89000010490418 2.51999998092651 2.32999992370605 2.20000004768372 2.00999999046326 1.77000000154285 1.8999999750069 1.71000003814697 1.91999995708466 1.94000005718123 1.85000002384186 1.91999995708466 2.22000002861023 2.4300000667572 2.60999989509582 2.89000010490417 2.98000001907349 3.20000004768372 3.47000002861023 3.70000004768372 4.26999998092651 4.78000020980835 5.07000017166138 5.63000011444092 6.25 6.51999998092651 6.94999980926514 7.28999996185303
6.94000005722046 6.92000007629394 7.05000019073486 7.03999996185303 6.80000019073486 6.75 6.73999977111816 6.55999994277954 6.51999998092651 6.40999984741211 5.96000003814697 5.48999977111816 5.32000017154677 4.94999980926514 4.71999979019165 4.34999990463257 4 3.5 3.03999996185303 2.83999991416931 2.36999988555908 2.10999989509583 1.83000004291534 1.83000004291534 1.85000002384186 1.9099999666214 1.72000002861023 1.91999995708466 1.96000003814697 1.94000005722046 1.67999994754791 1.61000001430511 2.3199999332428 2.11999988555908 2.91000003561757 3.23000001907349 3.66000008583069 3.93000002955323 4.28000020980835 4.59999990463257 5.01000022888184 5.26999998092651 5.8899998664856 6.59999990463257 6.96999979019165 7.6399998664856 8.14999961853027
