SnowAccumulation_R/test/tmax/final_tmax_07_04_2009.asc
NCOLS 97 
NROWS 69 
XLLCORNER 52512.810182332 
YLLCORNER 5316225.2758522 
CELLSIZE 10000 
NODATA_value -9999 
[rows 0 to 20 of 69, columns 47 to 93 of 97]
-9999 -9999 -9999 -9999 -9999 -9999 -9999 -9999 -9999 -9999 -9999 -9999 -9999 -9999 -9999 -9999 -9999 -9999 -9999 -9999 -9999 -9999 -9999 -9999 -9999 -9999 -9999 -9999 -9999 -9999 -9999 -9999 -9999 -9999 -9999 -9999 -9999 -9999 7.07999992370605 7.01000022888184 6.94999980926514 6.98000001907349 6.96999979019165 6.98999977111816 -9999 -9999 -9999
-9999 -9999 -9999 -9999 -9999 -9999 -9999 -9999 -9999 -9999 -9999 -9999 -9999 -9999 -9999 -9999 -9999 -9999 -9999 -9999 -9999 -9999 -9999 -9999 7.69999980926514 7.65000009536743 7.48999977111816 7.51000022888184 7.86000013351441 8.11999988555908 8.14000034332275 8.06999969482422 8.03999996185303 7.90999984741211 7.73000001907349 7.40000018091992 7.25 7.209999963195 7.1100001335144 7 6.96000003814697 6.92000007629395 6.94999980926514 6.96999979019165 -9999 -9999 -9999
9.5 9.28999996185303 8.90999984741211 8.5 8.22000026702881 8.06999969482422 7.90999984741211 7.80000019073486 7.75 7.61999988555908 7.51000022888184 7.34000015258789 7.23000001900652 6.98999977111816 6.94000005722046 7.01000022888184 7.05000019073486 7.11000013351441 7.13000011445703 7.1399998664856 7.28000020980835 7.42000007629394 7.5900001495325 7.73999977074171 7.78000020980835 7.78000020980835 7.57000017166138 7.3899998664856 7.65000009536743 7.96999979019165 8.13000011444092 8.11999988555908 8.10999965667725 7.98000001907349 7.84000017268317 7.73999977111816 7.40999997337231 7.32000017166138 7.17000007629395 6.96000003814697 6.92999982833862 6.88000011444092 6.82999992370606 6.86999988555908 -9999 -9999 -9999
9.36999988555912 9.21000003814697 8.85000038146973 8.42000007629395 8.17000007629394 8.03999996185303 7.98999977111699 7.86999988555908 7.65999984741211 7.65000009536743 7.53000020980835 7.34000015258789 7.19000005722046 6.90999984741211 6.73999977111816 6.98999977111816 7.09000015258789 7.1399998664856 7.1399998664856 7.15999984741211 7.21000003814697 7.42999982421554 7.51000022888184 7.63000011444092 7.78000020980835 7.90000009536743 7.71999979019165 7.48000001907349 7.76000021690103 8.02000045776367 8.27000045776367 8.17000007629395 8.14999961853027 8.01000022888184 7.96000003814697 7.78999995221226 7.53999996185303 7.32999992370605 7.13000011444092 7.03999996185303 6.86999988555908 6.80999994277954 6.67999982833862 6.69999980926514 -9999 -9999 -9999
9.15999984741211 9.03999996185303 8.64999961853027 8.31999969482422 8.07999992370605 7.98999977111816 7.98999977111855 7.98000001907349 7.76000022888184 7.59999990463257 7.48000001907348 7.34999990463257 7.21000003814697 7.03999996185303 6.96000003814697 7.03000020980835 7.09999990463257 7.13999986653311 7.21999979019165 7.21999979019165 7.25 7.32000017166138 7.59999990453382 7.65000009536743 7.78999996185303 7.90999984741211 7.90999984741211 7.69999980926514 7.65000009536743 8.02999973297119 8.23999977111816 8.22999954223633 8.22999954223633 8.13000011444092 7.8400002253595 7.69999980926514 7.51000022888184 7.28000020980835 7.05000028821336 6.98000001907349 6.80000019073486 6.63999986648559 6.6399998664856 6.64999998736371 -9999 -9999 -9999
8.9399995803833 8.86999988555908 8.59000015258789 8.22999954223633 8.10999965667724 8.10000038146973 8.02999973297119 8.02999973297119 7.90000009536743 7.76000022888184 7.65000009536743 7.55000019071239 7.38000011444092 7.23000001907349 7.15000009536743 6.94000005722046 7.05000019073486 7.17000007629394 7.28999996389821 7.32999992370605 7.30999994277954 7.30999994277954 7.42000007629395 7.67999982833862 7.76000022888184 7.84999990463257 8.01000022888184 8.01000022888184 7.94999980926514 8.07999992370605 8.30000019073486 8.32999992370605 8.28999995666372 8.25 8.11999988555908 7.80000019073486 7.5 7.23999983882627 7.1100001335144 6.92999982833862 6.69999980926514 6.53000020980835 6.49999993591311 6.55000019073486 -9999 -9999 -9999
8.86999988555907 8.75 8.4399995803833 8.21000003814697 8.27000045776367 8.38000011444092 8.38000011444092 8.21000003814697 8.15999984741211 7.96000003814697 7.76000022888184 7.69000005721293 7.5 7.40999984741211 7.17000007629394 6.98000001907349 7.0199999827292 7.01000022888184 7.30000019073486 7.36999988555908 7.40999984741211 7.30000019073486 7.26000022888184 7.65000009536743 7.75 7.82999992370605 7.94999980926514 8.03999996185303 8.14000034332275 8.23999977111816 8.35999965667725 8.36999988555908 8.36999988555908 8.51000022888184 8.25 7.94000005722046 7.53999996185303 7.42000007629395 7.09000015258789 6.84999990463257 6.6100001335144 6.40999984741211 6.32999992370605 6.34999990463257 -9999 -9999 -9999
8.85999965667707 8.61999988555908 8.30000019073486 8.22999954223633 8.3100004196167 8.51000022888184 8.5600004196167 8.53999996185303 8.40999984741211 8.22000026702881 7.98000001907349 7.8899998664856 7.61000013351441 7.5 7.26999998203255 7.30000019073486 7.23999977111816 7.11999988555908 7.1399998664856 7.40999984741211 7.44000005722046 7.38000011438632 7.21999979019165 7.59000015258789 7.73999977111816 7.78999996185303 7.82999992370605 7.94999980926514 8.18000030517578 8.23999977111816 8.44999980926514 8.52999973297119 8.72000026702881 8.64000034332275 8.35000038146973 7.98999977111816 7.78999996185303 7.42999982833862 7.03999996185303 6.71000003814697 6.48000001907349 6.3600001335144 6.21999979019165 6.01999998092651 -9999 -9999 -9999
8.88000011444092 8.52999973297119 8.30000019073486 8.19999980926514 8.42000007629395 8.64999961853028 8.71000003814697 8.73999977111817 8.48999977111817 8.4399995803833 8.18000030517578 8.10000038146972 7.84999990501562 7.82000017166138 7.55999994277954 7.3600001335144 7.28999996185303 7.17000007629395 7.19999980926514 7.32000017166138 7.44999980926514 7.40999984741211 7.28000020980835 7.48000001907349 7.65000009536743 7.76999998064058 7.78999996185303 7.88000011444092 8.06999969482422 8.28999996185303 8.57999991211503 8.72000026702881 8.84000015258789 8.82999992370606 8.47999954223633 8.02999981514973 7.80999994277954 7.38000011444092 6.92999982833862 6.61999988555908 6.48999977111816 6.32999992370605 6.13999937908418 5.96000003814697 -9999 -9999 -9999
8.86999988555908 8.5 8.1899995803833 8.14999961853027 8.38000011444092 8.55000019073755 8.77999973297119 8.78999996185303 8.75 8.60999965667725 8.44999980962378 8.5 8.27999973297119 8.05000019073487 7.65999984741211 7.51000022877389 7.3600001335144 7.32000017166138 7.15000009536743 7.07000017166138 7.19000005738943 7.3600001335144 7.25 7.3899998664856 7.48000001907349 7.6100001335144 7.78000020980835 7.90000009536743 8.0600004196167 8.27000045776367 8.35999965667725 8.64999961853027 8.90999984741211 9 8.48999977111816 8.22000026702881 7.69999980926514 7.32999992370605 6.84000015258789 6.53000038826346 6.38000011444092 6.09999942002158 5.80999994277954 5.92999982833862 5.98000001907349 -9999 -9999
8.86999988555908 8.59000015258789 8.30000019073486 8.15999984741211 8.42000007629394 8.60000038147238 8.75000000002933 8.78999996187671 8.85999965667725 8.92000007629395 8.88000011444092 8.72999954223633 8.5 8.25 8.07999992370606 7.78000020980835 7.46000003814697 7.38999986648559 7.13000011444092 6.96999979019165 6.98999977111816 6.96999979019165 7.1399998664856 7.32999992370605 7.38999986616615 7.46000003814697 7.65000009536743 7.80999994277954 7.98000001907349 8.05000018479712 8.18000030517578 8.5 8.68000030517578 8.72999954223633 8.56999969482422 8.03999996185303 7.6399998664856 7.15000009536743 6.75 6.51999998092651 6.15000009536743 5.69999980926514 5.65000009536743 5.69999980926514 5.88000011444092 -9999 -9999
9.01000022888238 8.71000003814823 8.48999977111975 8.47999954224154 8.84000015258789 8.85000038146972 9.03999996185303 8.98999977111816 9.02000045776367 9.05000019073486 9 8.93000030517578 8.64000034332275 8.42000007629394 8.27000045776367 8.13000011444092 7.65999984741211 7.5 7.23000001907349 7.01999998092651 6.94000005722046 6.78999996185303 6.92999982833862 7.09000015258789 7.26999998092651 7.38000011444092 7.46000003814697 7.67000007629395 7.67999982833862 7.76999998092651 7.96000003814697 8.22999954223633 8.40999984741211 8.38000013398865 8.3100004196167 7.82999992370606 7.42999982833862 6.94999980926514 6.69999980926514 6.30999994277954 5.67999982833862 5.44000005722046 5.42000005777442 5.48999977111816 5.69000005722046 -9999 -9999
9.4999999999999 9.26000022888184 9.14999961853027 9.02000045776367 9.14000034332275 9.11999988555908 9.31999969482422 9.35000038146973 9.22000026702881 9.1899995803833 9.11999988555908 8.94999980926514 8.8100004196167 8.57999992370605 8.4999999998558 8.26000022888184 7.90999984741211 7.67999982833862 7.46000003814697 7.36999988518524 7.09000015258789 6.90000009536743 6.80999994277954 6.84999990463257 7.1399998664856 7.28999996185303 7.28999994357519 7.28999996185303 7.42000007629395 7.57000017166138 7.78999996185303 7.98999977111816 8.22000026702881 8.13000011444092 7.90999984741211 7.53999996185303 7.15000009536743 6.73000040260581 6.51000022888184 6.07999958973647 5.3600001335144 5.13999986648559 5.17000007629395 5.28999996185303 5.5 -9999 -9999
9.48999977111817 9.48999977111817 9.39999961853027 9.36999988555908 9.46000003814697 9.52999973297119 9.34000015258789 9.3100004196167 9.52999973297119 9.35999965667724 9.28999996185303 9.10999965667725 8.9399995803833 8.76000022888184 8.6599998472476 8.35999965667725 8.10999965667725 7.90999984741211 7.69000005722046 7.57999992370606 7.28000020980835 7.05000019073486 6.94000005722046 6.98000001907349 7.17000007629395 7.26999998092651 7.1100001335144 7.15000009536743 7.15000009536743 7.40999984741211 7.65999984741211 7.86999988555908 7.92000007629395 7.80000019073486 7.53999996185303 7.17999982833862 7.01000022888184 6.84999990463257 6.33999996304424 5.73000001907349 5.11999988555908 5.01000022888184 5 5.13999986648559 5.30999994277954 -9999 -9999
9.76000022888184 9.5 9.69999980926514 9.84000015258789 9.88000011444092 9.77999973297119 9.61999988555908 9.47000026702881 9.5600004196167 9.39000034331041 9.32999992370605 9.34000015258789 9.14999961853027 8.86999988555908 8.68000030517578 8.5 8.14999961853027 7.92000007629395 7.88000011429195 7.65999984741211 7.38000011444092 7.17999982833862 7.1100001335144 7.15999984741211 7.34000017045565 7.34000015258789 7.21000003814697 7.05999994277954 7.03000020980835 7.36999988555908 7.65000009536743 7.63999986648559 7.61000013351441 7.63000011444092 7.34999990463257 7.1399998664856 6.94999980926514 6.71000003814697 6.01000022888184 5.63000011444092 5.19000027803881 5.05999994277954 4.94999980926514 5.03999996185303 5.15000009536702 -9999 -9999
10.0200004577637 9.8100004196167 9.96000003814697 10.1000003814697 10.1400003433228 10.0900001525879 10.0600004196167 9.80000019073486 9.63000011444092 9.60999965667725 9.55000019073486 9.40999984741211 9.11999988555908 8.84000015258789 8.82999992370605 8.6899995803833 8.21000003814697 8.05000019073487 7.96000003814697 7.80999994277954 7.63999986648559 7.44999980926514 7.38000011444092 7.75 7.42999982833862 7.55000019073486 7.30999994277954 7.17000007629394 7.21999979019165 7.46999979019165 7.61999988555908 7.6399998664856 7.59000015258789 7.42999982833862 7.26999998092651 6.88999993116683 6.82999992370605 6.48999977111816 6.05000019073486 5.63999986648559 5.44000005722046 5.15999984741211 4.98000001907349 5.01000022888184 5.01999998092651 -9999 -9999
10.3500003814697 10.3900003433228 10.4799995422363 10.5 10.539999961853 10.5 10.460000038147 10.1700000762939 9.88000011444092 9.78999996185303 9.64000034332275 9.47999954223633 9.22999954223633 9.07999992357226 8.84000015258789 8.73999977111816 8.56999969482422 8.18000030517578 8.10000038146973 8.03999996185303 7.8899998664856 7.71999980123887 7.90999984741211 7.90999984741211 7.78999996185303 7.84000015258789 7.53999996276967 7.46999979019165 7.46999979019165 7.6100001335144 7.69999980926514 7.67000007629394 7.57000017166138 7.38000011444092 7.19000005722046 7.01999998092651 6.82000017166138 6.57999992370605 6.17999982833862 5.94999980926514 5.51000022888184 5.23999977111816 5.05000019073486 5 5.01999998092651 -9999 -9999
10.7799997329712 10.9099998474121 11.0100002288818 10.9799995422363 10.9799995422362 10.8100004196167 10.7399997711182 10.5900001525879 10.3299999237061 10.1199998855591 9.8100004196167 9.60000038146973 9.35999965667725 9.21000003814697 8.85999965667725 8.67000007629395 8.44999980926514 8.55000019073486 8.39000034332276 8.09000015258789 8.09000015626986 8.21000003814697 8.18000030517578 8.07999992370605 8.01000022888184 8.05000019073486 7.92000007629395 7.78999996185303 7.75 7.82999992370605 7.82000017166138 7.69999980926514 7.48000001907349 7.26999998092651 7.15000015879863 7.05000014224326 6.76000022888184 6.69000005722046 6.25000014633454 6.01000022888184 5.57000017166138 5.32000017166138 5.14000001077491 5.07000017166138 5.07000017166138 -9999 -9999
11.2700004577637 11.3000001907349 11.3900003433228 11.25 11.25 11.210000038147 11.0100002288818 10.8000001907349 10.7399997711182 10.5 10.0900001525879 9.72000026702881 9.52000045776367 9.35000038146973 8.94999980926514 8.61999988555908 8.30000019073486 8.22999954223633 8.57999991367487 8.44999980926514 8.51000022888184 8.47000026690069 8.44999980926514 8.46000003814697 8.35999965667725 8.28999996241972 8.23999977111817 8.13000011444092 8.0600004196167 8.03999996185303 7.94999980926513 7.63000011444092 7.44999980926514 7.26999998092651 7.17999975373319 6.88999986648559 6.76999998092651 6.65999984741211 6.42999982833862 5.94999980926514 5.59000015258789 5.36999988555908 5.26000022888184 5.15000009536743 5.15000009536743 -9999 -9999
11.6499996185303 11.710000038147 11.6700000762939 11.710000038147 11.6599998474121 11.6499996185303 11.2700004577637 11.0900001525879 11.0200004577557 10.7200002670288 10.4399995803833 10.0799999237061 9.75 9.56999969482422 9.06999969482422 8.78999996185303 8.39000034672783 8.52999973297119 8.19999980926513 8.10999965667725 8.5 8.68000030517578 8.77000045776367 8.82999992370605 8.78999996185303 8.69999980926514 8.57999992370605 8.51000022888184 8.4399995803833 8.36999988555908 8.03999996185303 7.69999980926514 7.51000022888184 7.32999985002312 7 6.80000019073486 6.6399998664856 6.59000015258789 6.25 5.88000011444092 5.57999992370606 5.46999979019165 5.30999994277954 5.23000001907349 5.23000025220566 5.34000015258789 -9999
12.039999961853 12.0799999237061 12.0299997329712 12.0900001525879 12.1000003814697 12.0299997329712 11.6199998855591 11.3800001144409 11.2200002670074 10.9099998474121 10.7399997711182 10.3699998855591 10.1999998091826 9.85999965667725 9.43999958179929 9.27999973297119 9 8.80000019073486 8.4399995803833 8.19999980926514 8.6899995803833 8.78999996185303 8.93000030517578 9.02999973297119 9.07999992370605 9.02000045776367 8.96000003814697 8.93000030517578 8.76000022888184 8.48999977111816 8.13000011444092 7.67000007629394 7.36999987612801 7.09000015258789 6.88000011444092 6.71000003814697 6.46000003814697 6.40000009536743 6.09000015258789 5.78999996185303 5.55999994277954 5.48999977111816 5.36999988555908 5.30000019073486 5.38000009164383 5.40999984741211 -9999
