SnowAccumulation_R/test/tmax/final_tmax_02_04_2009.asc
NCOLS 97 
NROWS 69 
XLLCORNER 52512.810182332 
YLLCORNER 5316225.2758522 
CELLSIZE 10000 
NODATA_value -9999 
[rows 0 to 20 of 69, columns 0 to 46 of 97]
-9999.000000000000000 -9999 -9999 -9999 -9999 -9999 -9999 -9999 -9999 -9999 -9999 -9999 -9999 -9999 -9999 -9999 -9999 -9999 -9999 -9999 -9999 -9999 -9999 -9999 -9999 -9999 -9999 -9999 -9999 -9999 -9999 -9999 -9999 -9999 -9999 -9999 -9999 -9999 -9999 -9999 -9999 -9999 -9999 -9999 -9999 -9999 -9999
-9999 -9999 -9999 -9999 -9999 6.05000019073486 5.44999980926514 5.13000011444092 4.55000019073486 4.88000011444092 4.32000017166138 4.05999994277954 4.05000020741561 4 3.58999991416931 3.46000003814697 3.64000010490417 3.6800000667572 3.66000008583069 -9999 -9999 -9999 -9999 -9999 -9999 -9999 -9999 -9999 -9999 -9999 -9999 -9999 -9999 -9999 -9999 -9999 -9999 -9999 -9999 -9999 -9999 -9999 -9999 -9999 -9999 -9999 -9999
-9999 -9999 -9999 -9999 -9999 4.44000005722046 4.3899998664856 4.57999992370605 4.73000001907349 4.92999982833862 4.59000015258789 4.57999992370605 4.42999982833862 4.19999979432641 3.76999998092651 3.85999989509583 3.90000009536743 3.85999989509582 3.84999990463257 3.64000011609454 3.66000008583069 4.01999998092651 4.36999988555908 4.59999990463257 4.65000009536743 4.69999980926514 4.71999979019165 4.65999984741211 4.69999980926514 4.96000003814697 5.13000011444092 5.48999977111816 5.57999992370605 5.05000019073486 4.1399998664856 3.15000009536743 2.73000001907349 2.75 3.03999996185303 3.40000009536743 3.64000010490417 3.77999997138976 3.8199999332428 3.74000000953674 3.70000004768372 3.58999991416931 3.41000008583069
-9999 -9999 -9999 -9999 -9999 5 5.15999984741211 5.01999998092651 4.92000009046307 5.03999996185303 4.84000015258789 4.55000019073486 4.55999994277954 4.17000007629394 4.01000022888184 3.95000004768372 3.92000007629395 3.90000009536743 4 3.85999989486943 3.65000009536743 3.67000007629395 3.95000004768372 4.15999984741211 4.24999999996759 4.28999996185303 4.30999994277954 4.34000015258789 4.46000003814697 4.82000017166138 5.03999996185303 5.59000015258789 5.84999990463257 5.30000019073486 4.15000009536743 2.92000007629395 2.48000001907349 2.46000003814697 2.8199999332428 3.33999991416931 3.75999999046326 3.95000004768368 3.9300000667572 3.89000010490417 3.82999992370605 3.76999998092651 3.69000005722046
-9999 -9999 -9999 -9999 -9999 5.30000019073486 5.19999980926514 5.09000004729466 4.8600001335144 4.82000018612391 4.92999982833862 4.84999990463257 4.71000003814697 4.55999994277954 4.48999976732429 4.32999992370605 4.09999990463257 4.03999996185303 4.26999998092651 3.94000005722046 3.78999996185303 3.61999988555908 3.6099998931305 3.79999995231628 3.9300000667572 3.99000000953674 3.97000002861023 4.01000022888184 4.19000005722046 4.53000020980835 5.09999990446916 5.67999982833862 6.5 5.63000011444092 4.1399998664856 2.77999997138977 2.34999990463257 2.24000000953674 2.61999988555908 3.38000011444092 3.99000000953674 4.21000003814697 4.21999979019165 4.15000009536743 3.97000002861023 3.71000003814697 3.57999992370605
-9999 -9999 -9999 -9999 -9999 5.48000001907349 5.3600001335144 5.09999990463257 4.64000002071089 4.96000003814697 4.84000015258789 4.86999988555908 4.82999992370605 4.76000022888184 4.65999984741211 4.61999988555908 4.44999980926514 4.40999984741211 4.63999986648559 4.21999979019165 3.98000001907349 3.5699999332428 3.32999992370605 3.23000001907349 3.63000011444092 3.75999999035744 3.75 3.6800000667572 3.82999992370605 4.30000019073486 4.82000017166138 5.84999990463257 7.73000001907349 5.80999994277954 3.86999988555908 2.34999990463257 1.71000003815219 1.79999995231628 2.40000009536743 3.38000011444092 4.15000009536743 4.40000009536743 4.46000003814697 4.38000011444092 4.11999988555908 3.88000011444092 3.6800000667572
-9999 -9999 -9999 -9999 -9999 5.40000009536743 5.34999990463257 5.36999988555908 5.1100001335144 4.86000023144549 4.88999986648559 4.90999984741211 4.92000007629394 4.90000009536743 4.80000019073486 4.63000011444092 4.51999998092651 4.28000020980835 4.69999980926514 4.21000003814697 3.86999988565061 3.69000005722046 3.34999990463257 3.11999988555908 3.08999991416931 3.46000003476788 3.51999998092651 3.41000008583069 3.50999999046326 4.17999982833862 4.86000013351441 5.51999998092651 6.53999996185303 5.13000011444092 3.23000001907349 1.62999999523163 0.990000009540546 1.14999997615814 2.00999999046326 3.25999999046326 4.30000019073486 4.65999984741211 4.78999996185303 4.78999996185303 4.40999984741211 4.09999990463257 3.75
-9999 -9999 -9999 -9999 -9999 5.46000003814697 5.51999997654732 5.51000022888184 5.23999977111816 5.03999996185303 5.08000005065463 5.05000018567679 4.96000003814697 4.90000009536743 4.96999979019165 4.90000009536743 4.90000009336442 4.69999980926514 4.59000015258789 4.23000001907349 3.76999998092651 3.63000011444092 3.36999988555908 2.9300000667572 2.80999994277954 3 3.0699999332428 3.24999999884674 3.32999992370605 3.5 4.01999998092651 4.55000019066227 4.59999990463257 3.74000000953674 2.39000010490417 0.959999978542328 0.349999994042102 0.419999986886978 1.50999999046326 2.83999991416931 3.90000009536743 4.55000019073486 4.84999990463257 5.05999994277954 4.53999996185303 4.25 3.86999988555908
-9999 -9999 -9999 -9999 -9999 5.44000005722046 5.46000003814697 5.65000009536743 5.3600001335144 5.34999990463257 5.48000001907349 5.33000001593835 5.34000015258789 5.30000019073486 5.23999977111816 5.26000022888184 5.15000009536743 5.13999986648559 4.78999996185303 4.53000020980835 4.03999996185303 3.5000000003294 3.36999988555908 2.71000003814697 2.52999997138977 2.55999994277954 2.55999994287188 2.26999998092651 1.86000001430511 2.56999992934987 2.80999994277954 3.05999994277954 3.00999999046326 2.52999997138977 1.62000000476837 0.730000019073486 0.349999994039536 0.449999988079071 1.30999994277954 2.4300000667572 3.40000009536743 4.09000015258789 4.42999982833862 4.69000005722046 4.53999996185303 4.26999998092651 3.91000008583069
-9999 -9999 -9999 -9999 -9999 5.19999980926514 5.36999988555908 5.55999994277954 5.46000003814697 5.36999988555908 5.53999996185303 5.69000005722046 5.61999997844037 5.71999979019165 5.63000011444092 5.53000020980835 5.61999988555908 5.48000001752933 5.1399998664856 4.76999998092651 4.26000022888184 3.29999995231628 2.91000008583069 2.46000003814697 2.14000010490417 1.72000002861023 1.48000001907349 1.33000004291534 1.11000001430511 0.720000028610229 0.52999997138977 1.77999996978175 1.77999997042404 1.55999994277954 0.970000028610229 0.639999985694885 0.629999995231628 0.779999971389771 1.4099999666214 2.25 3.05999994277954 3.72000002861023 3.96000003814718 4.38000011444092 4.42999982833862 4.34000015258789 3.79999995231628
-9999 -9999 -9999 -9999 -9999 4.17000007629395 5.21999979019165 5.28999996185303 5.28000020515465 5.34000015258789 5.5 5.82000017166138 6.23000001907349 6.00000008999636 5.96999979019165 5.84999990463257 5.96000003814697 5.55999994277954 5.40999984741211 4.82000017166138 4.1399998664856 2.94000005722046 2.47000002912457 2.16000008583069 1.5900000333786 0.949999988079071 0.920000016689301 0.829999983310699 0.46000000834465 0.170000001788139 0.00999999977648258 0.180000007152557 0.239999994635582 0.469999998807907 0.660000026208349 0.699999988115788 0.939999997615814 1.12000000476837 1.57000005245209 2.22000002861023 2.78999996185303 3.30999994277954 3.5 3.80999994277954 3.91000008583069 3.89000010490418 3.48000001907349
-9999 -9999 -9999 -9999 3.41000008583069 3.47000002861023 4.26999998092651 4.92000007629395 4.96999979019165 5.01000022888184 5.23000001907349 5.51000022888184 6.19999980926514 6.34999990463257 6.21000005869839 6.15999984741211 6.09999990463257 5.73999977111816 5.51999997981099 4.65999984741211 3.8199999332428 2.77999997138977 2.11999988555908 1.88999998569489 1.44000005722046 0.980000019073486 0.730000019073486 0.400000006166032 0.200000002980232 -0.0399999991059303 -0.170000001788139 -0.0799999982118607 0.10999999938461 0.25 0.569999992847443 1.02999997138977 1.45000004768372 1.62000000476837 1.7200000286133 2.00999999046344 2.49000000953567 2.88000011443929 2.97000002860948 3.21000003814609 3.23000001907349 3.23000001907349 3.06999993324189
-9999 -9999 -9999 -9999 2.65000009536743 3.22000002861023 4.01999998092651 4.65000009536743 4.53999996185303 4.80000041002381 5.48000001907349 5.92999982833862 6.38000011444092 6.5 6.32000017166138 5.84000018574792 6.13000011444092 5.71000003814697 4.80000019073486 4.44000005722046 3.53999996185303 2.90000009536743 2.14000010490417 1.87000000476837 1.47000002861023 1.11000001430511 0.899999976158142 0.360000014305115 0.140000000596046 0.00999999977648258 -0.209999993443489 -0.239999994635582 -2.79789663833185e-11 0.159999996423721 0.709999978542328 1.16999995708466 1.60000002384186 1.90999996661958 2.05999994277954 2.17000007629394 2.27999997138977 2.42000007629395 2.47000002861023 2.55999994277954 2.66000008583069 2.54999995231628 2.41000008583069
-9999 -9999 -9999 -9999 2.45000004768372 3.11999988555908 3.75999999046326 4.3600001335144 5.09000015258789 5.5 5.51000022888184 6.07000017166138 6.46999979019165 6.32000017166138 6.15000009536743 6.07000017166138 5.71000003814697 5.3600001335144 4.57000017166138 4.21999979019165 3.46000003991695 2.75 2.98000001907349 2.30999994277954 1.61000001430511 1.24000000953674 1.11000001430511 0.46000000834465 0.159999996423721 0 -0.129999995231628 -0.109999999403954 0.100000001490116 0.28999999165535 0.9200000166893 1.4099999666214 1.82000005245209 2.13000011443874 2.3199999332428 2.38000011444092 2.28999996185303 2.39000010490417 2.34999990463256 2.36999988555908 2.35999989509582 2.38000011444092 2.17000007629395
-9999 -9999 -9999 -9999 1.75999695416856 3.44000005722046 3.01000000133661 3.1800000667572 4.34000015258789 5.57999992370606 5.80000019073486 5.94999980926514 6.1399998664856 6.07000017166138 5.90999984741211 5.63000011444092 5.26999998092651 4.48999977111816 4.17999981427033 3.74000000953674 3.49000000953674 3.14000010490418 2.99000000953674 2.29999995231628 1.78999996185303 1.54999995231628 1.1599999666214 0.540000021457672 0.25000000013567 0.0900000035762787 -0.119999997317791 -0.109999999403954 0.300000011920929 0.579999983310699 1.16999995708466 1.69000005722046 2.04999995231628 2.35999989509353 2.5699999332428 2.6800000667572 2.39000010490417 2.4300000667572 2.41000008583068 2.33999991416931 2.3199999332428 2.09999990463257 2.1800000667572
-9999 -9999 -9999 -9999 -0.259999990463257 2.99999949609002 2.59999990463257 3.07999992370606 3.83999991416931 4.71000003814697 5.38000011444092 5.34999990463258 5.80000019073486 5.71000003814697 5.59999990463257 5.26999998092651 5.01999998092651 4.40000009536743 3.70000004768372 2.97000002861023 2.59999990463257 2.99999998345541 2.53999996185303 2.06999993463581 2.0699999332428 1.77999997138977 1.26999998092651 0.819999992847443 0.469999998807907 0.340000003576279 -0.0799999982118607 -0.159999996423721 -0.00999999977648258 0.479999989271164 1.37000000476837 1.96000003814697 2.22000002861023 2.5 2.67000007629395 2.75 2.58999991416931 2.54999995231628 2.36999988555908 2.29999995231628 2.11999988555908 2.03999996185303 2.04999995231628
-9999 -9999 -9999 -9999 0.349999994039536 -1.30999994277954 1.18000021338143 2.14000032097973 3.36999988555908 3.67000007629395 4.23000001907349 4.63000011444092 4.94999980926514 5.34000015258789 5.51999998092651 5.15999984741211 5 4.32000017166138 2.90000009536743 2.82999992370605 2.65000009536743 2.63000011444092 2.22000002908399 2.25 1.87999999599193 1.86000001430511 1.5 1.23000001907349 1 0.469999998807907 0.200000002980232 0.0299999993294477 0.180000007152557 0.779999971338903 1.29999995231628 1.89999997615814 2.23000001907349 2.55999994277954 2.66000008583069 2.64000010490417 2.49000000953674 2.55999994277954 2.51999998092657 2.36999988555908 2.04999995231628 2 2.04999995231628
-9999 -9999 -9999 -9999 -0.730000019073486 -0.319999992847443 -0.819999992847443 1.33000063153302 3.20000004768372 3.36999988555908 3.40000009536743 4 4.28000024020888 5.25 5.40999984741211 5.17000007629395 4.84000014988414 4.01000022888184 2.86999988555908 2.53999996185303 2.65000009536743 2.67000007856921 2.2499999983242 2.13000011444092 2.25999999046326 2.07999992370605 1.77999997138977 1.36000001430511 1.19000005722046 1.00999999046326 0.449999988079071 0.209999993443489 0.850000023841858 1.45000004768372 1.17999994754791 1.85000002384186 2.25 2.61999988555908 2.65000009536743 2.67000007629395 2.61999988555908 2.5 2.52999997138969 2.1800000667572 1.98000001907349 1.82000005245209 2.04999995231628
-9999 -9999 -9999 -9999 -0.900000960539891 -1.62999999523163 -1.27999997138977 2.3199999332428 2.5 3.79999995231628 3.44000005722046 4.26999998092651 4.88000011444092 5.13999986648559 4.96000003814697 5.28999996185303 4.42999982833862 3.73000001512443 2.11999988554289 2.11999988555908 2.29999995188861 2.00999999046326 2.20000004768372 2.11999988555908 2.15000009536743 2.34999990463257 1.8400000333786 1.42999994754791 1.25999999046326 1.08000004291534 1.12999999523163 0.75 1.20000004768372 1.29999995231628 1.24000000953674 1.75 2.39000010490417 2.73000001907349 2.73000001907349 2.70000004768372 2.42000007629395 2.32999992370605 2.48000001907349 2.0699999332428 2.03999996185303 1.95000004768372 2.17000007629395
-9999 -9999 -9999 -9999 -1.70000004768372 -2.28999996185303 -1.36000001430511 0 4.44000005722046 4.13000011444092 3.75999999046326 3.97000002861023 4.11999988555908 4.71999979019165 5.3600001335144 5.11999988555908 4.5 2.48000001907349 2.22000002861023 1.82000005245209 1.20000004768372 1.37000000476837 1.70000004768372 2.03999995912183 2.1800000667572 2.53999996185303 2.03999996185303 1.33000004291534 1.4099999666214 1.29999995231628 1.13999998569489 0.990000009536743 1.3400000333786 1.44000005722046 1.27999997138977 1.71000003814697 2.29999995231628 2.6800000667572 2.75999999046326 2.69000005722046 2.26999998092651 2.10999989509583 2.28999996185303 2.13000011444092 2.14000010490417 2.26999998092651 2.3199999332428
-9999 -9999 -9999 -9999 -2.20000004768372 -0.680000007152557 -0.389999985694885 4.34000015258789 1.94000005722046 2.16000008583069 3.26999998092651 3.57999992370605 4.09000015258789 5.03999996185303 4.73000001907349 4.67000007629395 4.40000009536743 3.20000004768372 2.34999990463257 1.80999994277954 0.769999980926514 1.05999994277954 1.49000000953674 1.92999994239737 2.11999988555908 2.15000009536743 1.9099999666214 1.58000004291534 1.30999994277954 1.23000001907349 1.14999997615814 1.11000001430511 1.29999995231628 1.1599999666214 1.3400000333786 1.60000002384186 2.04999995231628 2.42000007629395 2.58999991416931 2.77999997138977 2.41000008583069 2.05999994277954 2.07999992370606 2.25 2.33999991416931 2.5699999332428 2.61999988555908
