SnowAccumulation_R/test/tmax/final_tmax_28_04_2009.asc
NCOLS 97 
NROWS 69 
XLLCORNER 52512.810182332 
YLLCORNER 5316225.2758522 
CELLSIZE 10000 
NODATA_value -9999 
[rows 40 to 59 of 69, columns 47 to 93 of 97]
8.78999996185303 8.78999996185303 8.85000038146973 8.85000038146972 8.85999965667725 9.11999988555908 9.3100004196167 9.5600004196167 9.80000019073486 9.92000007629395 9.90999984741211 9.81999969482422 9.82999992372328 9.90999984741211 9.98999977111816 10.1700000762939 10.0799999237061 9.96000003814697 9.78999996185303 9.76000022888183 9.76000022888184 9.59000015258789 9.43000030517578 9.06999969482422 8.56000042496165 8.31999969278741 7.71000003814697 7.44999980926514 6.96000003912763 6.6100001335144 6.11999988555908 5.80999994277954 5.69000005722046 5.19000005722046 4.71999979019165 4.42999982833862 3.92000007629395 3.69000005722046 3.78999996185303 4.21000003814697 4.42000007629395 4.48999977111816 4.53999996185303 4.76000022888184 4.84000015258789 4.78000020980835 4.51000022888184
8.92000007629395 8.84000015258789 8.92000007629394 8.89000034332275 8.94999980926514 9.13000011444092 9.32999992370606 9.5600004196167 9.89999961853027 9.97999954223633 9.89999961853028 9.78999996185303 9.78999996184157 9.77999973297119 9.90999984741211 9.93000030517578 9.78999996185303 9.72999954223633 9.69999980926514 9.68000030517578 9.47000026702881 9.22999954223633 8.88000011444092 8.5 8.22000026702881 8.09000015258789 7.48999977111816 7.21000003814697 7.01000022888184 6.44999980926514 5.65000009536743 5.30000019073486 5.34000015258789 4.51000022888184 4.49999999113885 4.42000007629395 4.15999984741211 4.15000008544639 4.61999988555908 4.80000019073486 4.96000003814697 5.05000019073486 5.25 5.5 5.61999988555908 5.73000001907349 5.57999992370606
8.97000026702881 8.88000011444092 8.94999980926514 8.96000003814697 8.89000034332275 8.97000026702881 9.06999969482422 9.46000003814697 9.77999973297119 10 9.88000011444092 9.82999992370605 9.77000045776367 9.77999973297119 9.67000007629395 9.67000007639395 9.61999988555908 9.60000038146973 9.55000019106003 9.52000045776367 9.0600004196167 9.06000039770779 8.42000007629395 8.23999977111816 7.55000019073486 7.40000009536743 7.15000009536743 6.78999996185303 6.6399998664856 6.30999994277954 5.53000020980835 5.21000003814697 4.80000019073486 4.21999979019165 3.95000004768372 4.09999990463257 4.17999982833862 4.69999980926514 5.09999990463257 5.46000003814697 5.59999990463257 5.82999992370605 6.09000015258789 6.23000001907349 6.5 6.69999980926514 6.73999977111816
9.02999973297119 9.02999973297119 8.97000026702881 8.72999954223633 8.53999996185303 9.28999996185303 9.34000015258789 9.52000045776367 9.68000030517578 9.8100004196167 9.88000011444092 9.78999996185303 9.73999977111816 9.64000034332275 9.52999973297119 9.40999984741211 9.52999973297119 9.35000038146973 9.36999988532602 9.06999968077126 8.44999980926514 8.14999961790744 7.8899998664856 7.5 7.44000005722046 7.26000022888184 6.90999984741211 6.51000022888184 6.28999996185303 6.05000019073486 5.57000017166138 5.25 4.84999990463257 4.46000003814697 4.26999998092651 3.84999990463257 4.67999982833862 4.78000020980835 5.55999994277954 6.1100001335144 6.34000015258789 6.71999979019165 7.01000022888184 7.17000007629395 7.46999979019165 7.69999980926514 7.76999998092651
9 9.06999969482422 8.8100004196167 8.47999954223633 8.40999984741211 9.35999965667724 9.53999996185303 9.80000019073486 9.96000003814697 10 9.89999961853027 9.6899995803833 9.59000015258789 9.39000034332276 9.14999961853027 9.0600004196167 9.15999984741211 8.9399995803833 8.80000017804093 8.14000034332275 7.59000015258789 7.40000009536743 7.07000017166138 7.26000022888184 7.17000007629394 7.05000019073486 6.90000009536743 6.71000003748643 6.11999988555908 5.82000017166138 5.65999984741211 5.3899998664856 5.03999996185303 4.90000009536743 4.67000007629395 4.80999987791582 4.78999994844609 4.8899998664856 5.98000001907349 6.71999956858085 7.07000017166138 7.57999992370605 7.96999965231845 8.14000034332275 8.48999977111816 8.76000004037106 8.85000338463377
9.14999961853027 9.05000019073486 8.72999954223633 8.4399995803833 8.34000015258789 9.67000007629395 9.73999977111816 9.9399995803833 9.97000026702881 9.85000038146973 9.81999969482422 9.5 9.34000015258789 9.0600004196167 8.81999969482422 8.69999980582037 8.43999957192848 7.80000019073486 7.84000015258789 7.48999977111816 7.1100001335144 6.96000003814697 6.88000011444092 6.63999986648559 6.59999990463257 6.34000015258789 6.67999982833862 6.55999994277954 6.19000005722046 5.82000017166138 5.6399998664856 5.03000020980835 4.8899998664856 4.92999982833862 4.88000011276623 5.09000015258789 5.15000009536743 5.55999994277954 6.05000019073486 6.19999980926514 7.69000005722046 8.27000045776367 8.53999996185303 9.06999969482422 9.48999977111816 9.68000030517578 11.0600004196167
9.22000026702881 8.88000011444092 8.60000038146973 8.39999961853027 8.27999973297119 9.59000015258593 9.57999992370605 9.85999965667725 9.97999954223633 9.78999996185303 9.55000019073486 9.31999969482422 9.18000030517578 8.48999976969212 7.15000009536743 7.09000015258789 7.28000020980835 7.28999996185303 7.21999979019165 6.92999982833862 6.71999979019165 6.67000007629395 6.76000022888184 7.05999994277954 6.92999982833862 6.53999996185303 6.48999977111816 6.30000019073486 5.98999977111816 5.67000007629395 5.48999977111816 4.8600001335144 4.84999990463257 4.84000015258789 4.86999988555908 5.55000019073486 5.73000001907349 6.01000022888184 6.69000005722046 7.25 8.10999965667725 9.03999996185303 9.21000003814697 9.75 10.3799997285822 11.3100004196167 11.8599996566772
8.96000003814697 8.80000019073486 8.76000022888184 8.34000015258789 8.18000030517578 9.3699998855524 9.1899995803833 9.71000003814697 9.93000030516084 9.69999980926514 9.35000038065514 9.199999808028 7.48999977111816 6.32999992370606 6.38999986693331 6.92999982833862 6.65000009536743 6.51000022888184 6.51000022888184 6.34999990463257 6.6399998664856 6.67000007629395 6.80000019073486 6.94999980926514 6.78000020980835 6.51999998092651 6.03000020980835 5.82000017166138 5.78999996185303 5.63000011475995 5.44000005722046 4.98999977111816 4.94000005722046 4.78999996185303 5.03000020980835 5.40000009536743 6.15999984741211 6.96000003814697 7.32000017166138 8.03999996185303 8.80000019073486 9.07999992370605 9.88000011444092 10.3199996948242 10.5900010669463 11.5500001907349 12.0100002288818
8.72000026702881 8.6899995803833 8.75 8.22999954223633 8.03999996185303 8.57999992370207 8.56999969482422 9.23999977097199 9.55000019034255 7.42999982833862 6.26000022888184 6.36000013337271 5.6399998664856 5.57999992370605 5.73999977163262 6.63000011444092 6.28999996185303 6.13999986634125 6.32000017166138 6.34000015258789 6.51999998171415 6.76000022888184 6.71000003814697 6.69000005633197 6.40000009536743 6.09000015258789 5.88000011444092 5.67000007629395 5.57000017166138 5.61000013351441 5.30999994277954 5.07000017166138 5.03000020980835 5 5.34000015258789 5.98000001907349 6.67000007629395 7.53999996185303 8 8.75 9.5600004196167 9.77000045776367 9.81999969482422 10.8700003074646 11.3800001144409 11.6899995803833 12.0399999618523
8.52999973297119 8.5600004196167 7.80999994277954 7.90000009536743 7.65999984741211 5.38000011444092 6.34999990463257 6.76999998092651 5.8899998664856 5.11999988555908 4.59000015258789 4.69999980926514 4.71999979019165 4.82000017166138 5.07999992370605 6.21999979019165 5.76999998092651 5.84000015258789 5.96999979019165 6.26000022888184 6.11999988555908 6.36999988555908 6.3600001335144 6.23000001907349 6.15999984741211 6.03000020980835 5.86999988555908 5.80999994277954 5.67000007629394 5.6100001373365 5.34999990463257 5.23999977111816 5.15999984741211 5.40999984741211 6.03000020980835 6.53999996185303 7.19000005722046 7.7600001737231 8.18000030517578 9.34000015258789 9.99999985686625 10.1800003051758 10.5200004577637 11.0299997329712 11.5200004577637 11.960000038147 11.9899997711182
8.14999961853027 7.8899998664856 7.71000003814697 7.75 7.23999977111816 4.21000003814697 4.6100001335144 5.09000015258789 4.34000015258789 5.01000022888184 4.51999998092651 4.48000001907349 4.32000017166138 4.36999988555908 5.32999992370605 5.67000007629395 5.25 5.13000011444092 5.36000013351441 5.69000005722046 5.76999998092651 5.3899998664856 5.82999992370605 5.73999977111816 5.90000009536743 5.94999980926514 6 5.73000001907349 5.73000001907349 5.61999988555908 5.53000020980835 5.42999982833862 5.44000005722046 5.75 6.01000022888184 6.84000015258789 7.78999996185303 7.90999984741211 8.85000038146973 9.85000038146973 10.1000003814697 10.5799999237061 11.0299997329712 11.2299995422363 11.6199998855591 12.0699996948242 12.1700000762939
7.61999988555908 7.65999984741211 7.53999996185303 4.26999998092651 3.91000008583069 3.6800000667572 4.73000001907349 5.42999982833862 5.07999992370606 5.15000009536743 4.88000011444092 4.17000007629395 4.13000011444092 5.05999994277954 5.13000011444092 4.8899998664856 4.3899998664856 4.57999992370605 4.67999982833862 5.23999977111816 5.09999990463257 4.63999986648559 5.11999988555908 5.51000022888184 5.61999988555908 5.76999998092651 5.73000001907349 5.48999979256485 5.76999998049858 5.57000017166138 5.44000005722046 5.6399998664856 5.76000022888184 6.17000007629395 6.34999990463257 7.3899998664856 8.53999996185303 8.90999984741211 9.56999969482422 10.5100002288818 10.7299995422363 11.3400001525879 11.4399995334978 11.5299997329712 11.6800003051758 11.7200002670288 11.9099998474121
7.34999990463257 4.71999979019165 5.05000019073486 5.19999980926514 5.17000007629395 4.90999984741211 5.32999992370605 5.6399998664856 5.55000019073486 5.21999979019165 4.82000017166138 4.55999994277954 3.84999990463257 4.73000001907349 4.90000009536743 4.38000011444092 4.07000017166138 4.42999982833862 4.6100001335144 4.67000007629395 4.65000009536743 4.84000015258789 4.78999996136415 4.98000001907349 5.26999998092651 5.34999990463257 5.23000001907349 5.63000011444092 5.6399998664856 5.48000001907349 5.21000003814697 5.44999980926514 5.69000005722046 5.96000003814697 6.40999984741211 7.03000020980835 8.36999978214649 9.26000022888183 10.3900003433228 10.7600002288818 11.160000289886 11.3999996185303 11.4700002670288 11.7299995422363 11.710000038147 11.75 11.9499998092651
6.40999984741211 5.44000005722046 5.23999977111816 5.55000019073486 5.65000009536743 5.55000019073486 5.53000020980835 5.57999992370606 5.59000015258789 5.17999982833862 4.73000001907349 4.3899998664856 3.53999996185303 4.21000003814697 4.5 4.34000015258789 4.19999980903505 4.30999994277954 4.59000015258789 4.6799998287925 4.90999984741211 4.94999980926514 4.90000009536743 4.26000022888184 4.51999997897442 4.34000015258789 4.94000005722046 5.11000013351441 5.09000015258789 4.82000017166138 4.67000007629395 4.94000005722046 5.19999980926514 6.30999992252719 6.71000003814697 7.80000019073486 7.88000011444092 9.61999988555908 10.8900003433228 11.1999995632098 11.5 12.0699996948242 12.0200004577637 11.9200000762939 12.0100001987547 12 12
6.15999984741211 5.98000001907349 5.78000020980835 5.65999984741211 5.88000011444092 5.59999990463257 5.53999996185303 5.42000007629395 5.44000005722046 4.90000009536743 4.55000019073486 4.26000022888184 3.90000009536743 3.92000007642377 4.30999994277954 4.03999996185303 3.970000028591 4.01000022888184 4.23000001907349 4.38000011444092 4.69000005722046 5.15000009536743 4.98999977111816 4.92000007629395 4.8899998664856 4.5 4.48999977111816 4.92000007629395 4.71000003814697 4.69000005722046 4.90000009536743 4.94000005722046 5.44999980926514 5.65000009536743 7.01999998092652 8.36999988555908 8.84000015258789 10.2600002288818 10.7200005575604 11.3699998855591 11.7700004577637 12.1400001988962 12.4399995803833 12.3800001144409 12.4300003051758 12.1599998474121 12.0500001907349
5.98999977111816 5.86999988555908 6.03999996185303 6.01999998092651 5.92000007629394 5.94000005722046 5.67000007629395 5.28999996185303 5.36999988555908 4.67999982833862 3.75999999046326 3.92000007629395 4.23000001907349 4.26999998091025 4.26000022888184 4.21999979019165 4.15999984741211 4.05000019073486 4.28999996185303 4.40000009536743 4.44000005722046 5.15999984056415 5.03999996185303 5.40000009536743 5.07000017166138 4.5 5.26000022888184 5.25000000067474 5.48999977111816 5.3600001335144 5.53000020980835 5.67000007629395 5.61999988555908 6.09999990463257 6.96999979019165 8.68000030517578 9.46000003814697 11.1300001487346 11.9899997711182 11.8800001144409 12.1999998092651 12.1000003814697 12.4499998092651 12.3400001525879 12.4700002670288 12.4499998092651 12.2500001321562
5.8899998664856 6.03999996185303 6.07999992370606 6.26999998092651 6.05000019073486 5.96999979019165 5.84000015258789 5.28999996185303 5.07000017166138 4.92999982833862 4.51999998085178 4.01000022888184 3.96000003814697 3.88000011444092 4.11999988555908 4.13000011444092 4.19999980926514 4.26999998092651 4.51999998092651 4.59000015512942 4.80999994277954 5.21000003814697 5.25 5.30000019073486 5.5199999808469 5.05000019073486 5.6100001335144 5.84000015258789 6.03000020980835 6 5.84999990463257 6.13000011444092 6.05999994433384 6.46000003814697 7.98000001907349 8.60000038146973 10.0799992586917 8.65000057220459 8.86999988555908 9.00750064849854 9.12249946594238 9.43249988555908 9.86499977111817 9.94750004468507 10.2349996566772 10.3275003433228 10.0574998855591
5.90999984741211 6.21000003814697 6.19000005722046 6.21999979019165 6.05000019073486 5.86999988555908 5.86999988555908 5.48000001907349 5.15000009536743 4.96999979019165 4.67999982833862 4.53000020980835 3.49000000953674 3.51999998092651 3.79999995231628 3.94000005722046 4.05000019073486 4.28999999928717 8.17000007629395 8.35750007629395 8.67250061035156 8.52999973361187 8.8725004196167 8.55749988555908 8.29249954223633 8.2475004196167 8.58250045776367 8.9399995803833 9.18000030517578 8.83500003814697 8.375 8.79749965667725 8.97499942779541 8.34500026702881 8.5 8.66749955570997 9.21500015258789 9.38749980926514 9.49499988555908 9.09249973297119 8.81750011444092 9.60499954223633 9.90750026702881 9.70750045776367 10.1099996566772 10.1850004196167 10.0299997329712
6.61499977111816 7.09000015258789 7.51999998092651 7.92749977111816 7.90500020980835 7.71750020980835 7.48750019073486 7.59749984740443 7.37249994277954 7.55249977111816 7.55999994277954 7.76749992370605 7.03249979019165 6.65999984741211 7.27750015258789 7.71000003795035 7.84999990463257 8.22999954223633 8.38249969475352 8.27750015258789 8.4399995803833 8.83749961853027 9.0625 8.48499965667724 8.01000022888183 8.74250030517578 9.08500003814697 9.53749942779541 9.55500030517578 9.36250018902201 8.27750015258789 8.44749927520752 8.63749980926514 8.99499988555908 8.48750048402483 9.01749992370606 9.3149995803833 9.54500007629395 10.1175003051758 9.26000022888184 9.09249973297119 9.46500015258789 10.1049995422363 10.0249996185303 10.1199998855591 10.1000003814697 9.83750117053453
6.50500011444092 7.15000009536743 7.61999988555908 8.0625 7.72749996185303 7.38500022888184 7.53249979019165 7.58249998093985 7.91750001907349 8.06999969482422 8.15499973297119 7.96999979019165 7.15749979090709 6.70749998151602 7.19999980926514 7.68249988555908 7.86499977111816 8.11250019073486 8.25750064849854 8.34000015258789 8.51749992370605 8.73499965667725 9.36499977111817 8.51249980926514 8.21000003814697 9.30000019073486 9.15499973620673 9.88999938964844 9.63000011444092 9.32000064849853 8.32750034332275 8.13249969482422 8.21249961853027 8.74750038862435 8.98750009561812 9.20250034332276 9.05999946594238 9.21749973297119 9.97000026702881 9.44250011444092 9.08750057220459 9.25 9.27250003814697 9.48999977111816 9.74499988555908 9.90999984741211 9.89249992370605
