SnowAccumulation_R/test/tmax/final_tmax_05_04_2009.asc
NCOLS 97 
NROWS 69 
XLLCORNER 52512.810182332 
YLLCORNER 5316225.2758522 
CELLSIZE 10000 
NODATA_value -9999 
[rows 21 to 41 of 69, columns 0 to 46 of 97]
-9999 -9999 -9999 -9999 9.09000015258789 9.09000015258789 10.1300001144409 11.6899995803833 9.35000038146972 10.6599998474121 11.0100002288818 13.3199996948242 12.8699998855591 12.1000003814697 11.5900001525879 10.3900003433228 8.8100004196167 7.05999994277954 6.17999982833862 5.82000017166138 5.46000003814697 5.51000022888184 5.80000019073486 6.46999979019165 7.05000018674205 7.8600001335144 7.65999984741211 7.82999992370605 8.05000019073486 8.1899995803833 8.4399995803833 8.73999977111816 9.27999973297119 9.25 9.43000030517578 9.76000022888184 9.82999992370605 9.92000007629395 9.9399995803833 10.4300003051758 10.2399997711182 9.81999969482422 9.68999958038328 9.8100004196167 10.1700000762939 9.89999961853028 10.0900001525879
-9999 -9999 -9999 -9999 10.1300001144409 7.65000009536743 10.0799999237061 11.6199998855591 9.73999977111816 8.56999969482422 11.7799997329712 11.5299997329712 13.2600002288818 12.2600002288818 11.8000000873033 10.6999998092651 9.32999992370605 7.44000005722046 6.23000001907349 6.19000005722046 5.51000022888184 5.44000005722046 6.15999984741211 6.36999988555908 6.82999991994118 7.23000001907349 7.34999990463257 8.01000022888184 8.14000034332275 8.40999984741211 8.47000026702881 8.72999954223633 9.47999954223633 9.55000019073486 9.5600004196167 9.81999969482422 9.93000030517578 9.90999984741211 10 9.98999977111816 9.97999954223633 9.89999961853027 9.88000011444092 9.84000015258789 9.86999988555908 9.85000038146973 10.0900001525879
-9999 -9999 -9999 8.06999969482422 8.89999961853027 11.0799999237061 9.88000011444092 9.14000034332275 7.80999994277954 8.43000030517578 9.94999980926514 8.82999992370606 12.5100002288818 12.3699998233026 11.4300003051758 9.85000038146973 8.43000030517578 7.65999984741211 6.48000001907349 6.38000011444092 5.96999979019165 6.03999996185303 6.09999990463257 6.15999984741211 6.3600001335144 7.07999992370606 7.48999976940826 8 8.13000011444092 8.35000038146973 8.43000030517578 9.0600004196167 9.35999965667724 9.47999954223633 9.71000003814697 9.94999980926514 10.039999961853 10.1099996566772 10.1499996185303 10.1000003814697 9.80000019073486 9.67000007629395 9.80000019073486 9.73999977111816 9.72000026702881 9.9399995803833 9.85999965667725
-9999 -9999 -9999 6.76000022888184 7.57999992370606 8.72000026702881 6.38000011444092 8.72999954223633 7.05999994277954 6.61999988555908 8.53999996185303 9.81999975379553 11.0600004196167 10.1999998092651 9.69999980926514 9.38000011444092 8.57999992370605 7.15999984741211 6.84999990463257 6.42999982833862 6.17999982833862 6.09000015258789 5.73999977111816 6.23999977111816 6.53999996185303 7.07999992370605 7.30999994277954 7.82000017166138 7.96999979019165 8.11999988555908 8.53999996185303 9.14999961853027 9.34000015258789 9.47999954223633 9.77999973297119 9.89000034332275 9.94999980926514 10.1499996185303 10.1400003433228 9.94999980926514 9.84000015258812 9.60000038147015 9.67000007629406 9.64000034332292 9.64999961853027 9.86999988555908 9.96000003814702
-9999 -9999 -9999 6.23999977111816 7.56000051795808 8.51000022888184 7.76000022888184 7.65000009536743 4.5 8.06999969482422 6.88999986648559 11.1199998855591 10.9099998474121 10.6800003051758 9.44999980926514 8.90999984741211 8.38000011444092 6.94000005722046 6.8899998664856 6.98999977111816 6.5 5.88000011444092 5.55999994277954 5.67000007629395 6.42999982833862 6.8899998664856 7.07999992370605 7.53999996013381 7.71999979019165 8.36999988555908 8.73999977111817 9.19999980926514 9.46000003814697 9.5600004196167 9.93000030517578 10.1000003814697 10.0500001907349 10.0500001907349 10 9.97000026702881 9.93000030517578 9.90999984741211 9.82999992370605 9.80000019073486 9.86999988555908 9.89000034332275 9.88000011444096
-9999 -9999 -9999 6.06000465325893 5.42999982833862 10.4200000762939 6.75 5.96999979019165 6.61000013351441 5.34000015258789 6.38000011444092 7.57000017166138 10.9499998092651 10.1300001144409 10.1899995803833 9.97000026702881 8.94999980926513 7.61999988555908 6.98000001907349 7.15999984741211 6.57999992370605 6.15999984741211 5.59999990463257 4.21000003814697 6.03000020980835 6.51000022888184 7.07999992086731 7.28000020935086 7.75 8.56999969482422 9.0600004196167 9.56999969482422 9.86999988555908 9.94999980926514 10.1300001144409 10.1700000762939 10.2399997711182 10.0799999237061 10.0500001907349 10.0100002288818 10.0100002288818 10.0500001907349 9.96000003814697 9.85000038146973 9.96000003814697 10.0200004577637 9.84000015258789
-9999 -9999 -9999 9.57999992370606 9.34000015258789 10.0099990471265 4.44000005722046 8.46000003814697 6.44999980926514 7.05000019073486 7.69999980926514 7.09000015258789 7.19999980926514 10.6499996185303 10.4700002670288 10.25 9.02999973297119 8.73999977111816 8.0600004196167 6.94000005722046 6.8899998664856 6.40999984741211 6.25 5.88000011444092 6.19000005722046 6.48999977111816 6.55000019073486 7.32999992370605 7.86000013465028 8.65999984756636 8.77000045776367 9.68000030517578 9.72000026702881 10.039999961853 10.1700000762939 10.1899995803833 10.2700004577637 10.2399997711182 10.1999998092651 10.0200004577637 10.0100002288818 9.90999984741211 10.1199998855591 10.0500001907349 9.96000003814697 9.9399995803833 9.84000015258796
-9999 -9999 -9999 10.8800001144409 7.44999980926514 6.84000015258789 7.40000009536743 5.98000001907349 7.44999980926514 6.26000022888184 7.26999998092651 6.57000017166138 7.3899998664856 7.38000011444092 10.460000038147 9.03999996185303 9.10999965667725 8.84000015258789 8.11999988555908 7.46999979019165 6.82000017166138 6.75 6.71999979019165 6.61999988555908 6.75 6.69999980926514 6.76999998092651 7.53999996185303 8.06999969419967 8.71000003814697 8.85999965667725 9.68000030517578 9.86999988555908 9.97999954223633 10.1000003814697 10.1800003051758 10.1700000762939 10.2700004577637 10.2299995422363 10.0900001525879 10.0699996948242 9.98999977111816 9.93000030517578 10.2600002288818 10.1199998855591 10.0100002288818 9.93000030517578
-9999 -9999 -9999 10.6999998092651 8.18000030517578 9.27999973297119 8.8699999679001 8.39999961853027 10.3100004196167 7.01999998092651 4.75 5.63000011444092 4.88000011444092 5.88000011444092 9.21000003814697 9.09000015258789 8.93000030517578 9.15999984741211 7.94000005722046 7.73999977111816 7.11999988555908 7.05000019073486 6.94999980926514 6.84000015258789 7.01000022888184 6.96000003814697 6.94000005722046 7.32999992370605 7.96999979019165 8.43000030517578 8.93000030505522 9.81999969481118 10.210000038147 10.2200002670288 10.1499996185303 10.1599998474121 10.289999961853 10.2700004577637 10.1999998092651 10.3199996948242 10.1000003814697 10.039999961853 10 9.86999988555908 10.1999998092651 10.25 10.0799999237061
-9999 -9999 -9999 11.779998887856 10.1800003051758 9.71000003814697 8.41999992569875 6.55999994277954 6.8899998664856 8.89999961853027 4.94999982245557 6.44000005722046 8.09000015258789 4.59000015258789 9.32999992370605 9.1899995803833 8.60999965667725 8.36999988555908 8.60000038146972 8.27999973297119 7.19999980926514 7.21999979019165 7.15000009536743 7.19999980926514 7.05999994277954 7.19999980926514 7.63000011444092 7.53000020980835 7.28999996185303 8.43000030463006 8.86999988547973 9.8100004196167 10.5500001907349 10.5699996948242 10.25 10.289999961853 10.4399995803833 10.4399995803833 10.210000038147 10.1999998092651 9.96000003814697 10.1199998855591 10.0600004196167 10 9.98999977111816 9.89000034332275 10
-9999 -9999 -9999 11.539999961853 9.21000003814697 10.7700004577637 7.07000017166138 7.79999872027396 5.36999988555908 9.57999992370605 8.60000038146973 6.69999980926514 6.34000015258789 6.76999998092651 9.34000015258789 8.98999977111816 8.80000019073486 8.46000003814697 7.69000005722046 8.22000026702881 8.35000038146973 7.67000007629395 7.38999986648559 7.51000022888184 7.38000011444092 7.61999988555908 7.86999988555908 7.8600001335144 7.80000019073486 8.32999992370606 9.03999996185303 9.27999973297119 10.3199996942827 10.4300003049168 10.5 10.3699998855591 10.4300003051758 10.460000038147 10.4899997711182 10.460000038147 10.2399997711182 10.4099998474121 10.1499996185303 10.1099996566772 10.0500001907349 9.85999965667725 9.86999988555908
-9999 -9999 -9999 9.27000045776367 11.1599999181338 9.17000007629395 10.2299995422363 6.40000009536743 7.79999969300613 6.57000017166138 8.13000011444092 9.36999988555908 8.97999954223633 10.0900001525879 9.47999954223633 9.35000038146973 9.27999973297119 8.72999954223633 7.90999984741211 8.3100004196167 8.31999969482422 8.27000045776367 8.30000019073486 8.02999973297119 8.02000045776367 8.01000022888184 8.0600004196167 8.0600004196167 8.36999988555908 8.60000038146973 9.36999988555908 9.27999973303394 9.64000034307167 9.89000034332275 10.1499996185303 10.2600002288818 10.4899997711182 10.7200002670288 10.6800003051758 10.460000038147 10.4799995422363 10.6700000762939 10.210000038147 10.1599998474121 10.0500001907349 9.92000007629395 9.9399995803833
-9999 -9999 -9999 9.64999961853027 11.0600004196167 11.8800001144409 9.52999973297119 10.460000038147 7.75 6.74000078945252 5.76999998092651 8.5 8.01000022888184 8.32999992370605 9.35999965667725 9.65999984741211 10.1300001144409 9.47000026702881 8.44999980926514 8.22000026702881 8.17000007629395 7.67000007629395 8.22999954223633 8.94999980926514 8.60000038146972 8.5600004196167 8.64999961853027 8.47999954223633 8.90999984741211 9.0600004196167 9.22999954223633 9.38000011444092 9.40999984741211 9.47999954223633 9.52999973297119 10.2299995422378 10.5299997329742 10.7700004577637 10.8599996566772 10.9099998474121 10.6899995803833 10.7399997711182 10.6400003433228 10.1199998855591 10.0799999237061 10.0799999237061 9.97000026702881
-9999 -9999 -9999 7.3899998664856 9.55000019073487 11.3199996948242 11.7299995422363 7.67999982833862 10.0500001907349 7.48000001907349 6.44000074672446 5.34999990463257 6.01000022888184 7.21999979019165 8.73999977111816 9.3100004196167 11.3999996185303 9.92000007629394 8.85000038146973 8.34000015258789 8.59000015258789 8.02000045776367 8.14000034332275 8.85999965667725 8.96000003814697 8.80000019073487 9.10000038146973 8.92000007629395 8.59000015258789 8.93000030517578 9.09000015258789 9.71000003814697 9.82999992370605 9.94999980926514 10.289999961853 10.6000003814697 10.9799995422363 11.0100002288818 11.0900001525879 11.0699996948243 10.9399995803833 10.8000001907351 10.6800003051762 10.3199996948243 10.1400003433231 10.1000003814698 10.0799999237061
-9999 -9999 6.84999990463257 7.80999994277954 4.26000022888184 10.6199998855591 11.75 10.6199998855591 8.67000007629395 11.3299999237061 6.6100001335144 4.78000047066648 4.07999992370605 6.09000015258789 7.59999990463257 5.28000020980835 9.13000011444092 9.35999965667725 8.93000030517578 8.60999965667724 9.06999969482422 8.64999961853027 8.84000015258789 9.18000030517578 9.43000030517578 9.44999980926514 9.09000015258789 9.09000015258789 8.9399995803833 9.09000015258789 9.13000011444092 9.52000045776367 9.85999965667725 10.1800003051758 10.6099996566772 10.9300003051758 11.5100002288818 11.1499996185303 11.0900001525859 11.079999923706 10.9600000381472 10.8999996185303 10.8400001525879 10.3400001525879 10.2700004577637 10.1199998855591 10.0900001525879
-9999 -9999 4.96999979019165 4.23999977111816 6.96999979019165 5.30999994277954 8.81999969482422 11.6099996566772 9.61999988555908 7.75000023190818 6.78999996185303 7.21999979019165 4.46000003814697 5.3899998664856 7.67000007629394 6.98999977111816 8.35000038146973 8.68000030517578 8.6899995803833 9.09000015258789 9.71000003814697 9.27999973297119 9.43000030517578 9.56999969482422 9.85999965607462 9.81000041971787 10.0699996948242 9.77999973297119 9.56999969482422 9.34000015258789 9.56999969482422 9.72000026702881 10.039999961853 10.4700002670288 10.9300003051758 11.0500001907349 11.1800003051758 11.1199998855591 11.1599998474121 11.1099996566772 11.0699996948242 11.210000038147 10.9700002670288 10.6999998092651 10.4300003051758 10.3199996948242 10.039999961853
-9999 -9999 6.48000001907349 7.80999994277954 6.84000015258789 5.59000015258789 6.18000015344757 11.3699998855591 11.75 7.86999988555908 10.2799997329712 9.10000038146973 5.76999998092651 5.44999980926514 8.36999988555908 8.47000026702881 8.6899995803833 8.89999961853028 9.11999988555908 9.22000026702881 9.89000034332275 9.6899995803833 9.98999977111816 10.1000003814697 10.0799999237061 9.96000003814697 10.1700000762939 10.1899995803833 10.3199996948242 10.2600002288818 9.94999980926514 10.0100002288818 10.3000001907349 10.5299997329712 10.7700004577637 10.9700002670288 11.0799999237061 11.1700000762939 11.1899995803833 11.1599998474121 11.1099996566772 11.2299995422363 10.9799995422363 10.8199996948242 10.5 10.2799997329712 10.1700000762939
-9999 -9999 7.03999996185303 8.48999977111816 7.8600001335144 4.07000017166138 6.67000007629395 9.07999992370605 12.1599998474121 8.15999984741211 8.03999996185303 7.34000015258789 8.34000015258789 3.79999996406285 3.53999996185303 9.06999969482422 9.03999996185303 9 9.47999954223633 9.31999969482422 9.77999973297119 10 10.5600004196167 10.4700002670288 10.3100004196167 10.3000001907349 10.5 10.7600002288818 10.6400003433228 10.6400003433228 10.5299997329712 10.6499996185303 10.710000038147 10.789999961853 10.8800001144409 10.9899997711182 11.2200002670288 11.3199996948242 11.25 11.2299995422363 11.4200000762939 11.2600002288818 11.0299997329712 10.8999996185303 10.7299995422363 10.5200004577637 10.3199996948242
-9999 -9999 11.0100011389871 8.84000015258789 5.28999996185303 6.78999996185303 7.11999988555908 8.31999969482422 12.039999961853 10.0799999237061 7.07000024874274 10.7799997329712 8.97999954223633 6.78999996185303 6.34000015258789 9.14000034332275 9.22999954223633 9.35000038146973 9.17000007629395 9.22000026702881 9.9399995803833 10.0900001525879 10.0100002288818 10.1400003433228 10.3199996948242 10.4799995422363 10.4499998092651 10.7200002670288 10.6899995803833 10.789999961853 10.9700002670288 10.8199996948242 11.0799999237061 11.1800003051758 11.25 11.5500001907349 11.5699996948242 11.6300001144409 11.6099996566772 11.5500001907349 11.4700002670288 11.3999996185303 11.25 11.039999961853 10.8100004196167 10.5500001907349 10.4899997711182
-9999 -9999 12.8800001144409 4.48000188390465 3.55000019025329 4.76999998092651 3.72000002861023 8.47000026702881 8.82999992370606 12.2600002288818 6.01000022888184 9.8100004196167 7.51000022888184 5.71000003814697 4.17999982833862 2.97000002861023 6.84999990463257 9.01000022888184 9.18000030517578 9.26000022888184 10 10.25 9.57999992445312 9.15999984873159 9.72999954223633 10.3999996179729 10.3999996205364 10.5799999237061 10.6999998092651 10.8999996185303 11.1099996566772 11.1300001144409 11.1400003433228 11.25 11.5600004196167 11.5799999237061 11.6700000762939 11.6899995803833 11.6999998092651 11.6199998855591 11.5500001907349 11.4200000762939 11.1099996566772 11.039999961853 10.75 10.5299997329712 10.2299995422363
-9999 -9999 13.0600004196167 6.42999982833862 5.8699998150299 5 7.26000022888184 4.55000019073486 6.26999998092651 11.6199998855591 6.30999994277954 7.19000005722046 8.31999969482422 5.76000022888184 5.32000017166138 4.44999980926514 6.38000011444092 6.38000011444092 8.93000030517578 9.64000034332275 9.81999969462774 9.80000019082236 9.75 9.67000007629394 9.77999973297119 10.4200000762939 10.6300001141003 10.789999961853 10.9300003051758 11.2700004577637 11.2399997711182 11.25 11.2700004577637 11.539999961853 11.5699996948242 11.5799999237061 11.6899995803833 11.6999998092651 11.710000038147 11.6499996185303 11.539999961853 11.3299999237061 11.1300001144409 11.1000003814697 10.7700004577637 10.539999961853 10.25
