SnowAccumulation_R/test/tmax/final_tmax_26_04_2009.asc
NCOLS 97 
NROWS 69 
XLLCORNER 52512.810182332 
YLLCORNER 5316225.2758522 
CELLSIZE 10000 
NODATA_value -9999 
[rows 0 to 20 of 69, columns 47 to 93 of 97]
-9999 -9999 -9999 -9999 -9999 -9999 -9999 -9999 -9999 -9999 -9999 -9999 -9999 -9999 -9999 -9999 -9999 -9999 -9999 -9999 -9999 -9999 -9999 -9999 -9999 -9999 -9999 -9999 -9999 -9999 -9999 -9999 -9999 -9999 -9999 -9999 -9999 -9999 7.80999994277954 8.14000034332275 8.47999954223633 8.88000011444092 9.03999996185303 9.31999969482422 -9999 -9999 -9999
-9999 -9999 -9999 -9999 -9999 -9999 -9999 -9999 -9999 -9999 -9999 -9999 -9999 -9999 -9999 -9999 -9999 -9999 -9999 -9999 -9999 -9999 -9999 -9999 6.80000019073486 6.51999998092651 6.07000017166138 5.92999982833862 6.28999996185303 6.57000017166138 6.59999990463257 6.73999977111816 7.05000019073486 7.19999980926514 7.30999994277954 7.19000010224803 7.15999984741211 7.80999962798091 8.15999984741211 8.44999980926514 8.84000015258789 8.96000003814697 9.36999988555908 9.64999961853027 -9999 -9999 -9999
4.8899998664856 5.07000017166138 5.40000009536743 5.42999982833862 5.59999990463257 5.84999990463257 5.98000001907349 5.96999979019165 6.23999977111816 6.30999994277954 6.40000009536743 6.38000011444092 6.30000019066274 6.05000019073486 6.1100001335144 6.32000017166138 6.40000009536743 6.46999979019165 6.48000001904126 6.42000007629395 6.55999994277954 6.69000005722046 6.84999990997951 7.09999990425611 7.09000015258789 6.90999984741211 6.3600001335144 5.90999984741211 6.13000011444092 6.53000020980835 6.71000003814697 6.96000003814697 7.28000020980835 7.44999980926514 7.65999980387242 7.73000001907349 7.65000058775653 8.27000045776367 8.5600004196167 8.72000026702881 8.90999984741211 9.27999973297119 9.5600004196167 9.88000011444092 -9999 -9999 -9999
5.38000011444092 5.40999984741211 5.69000005722046 5.65999984741211 5.82000017166138 6.03000020980835 6.11000013351869 6.21000003814697 6.09000015258789 6.36999988555908 6.40999984741211 6.32999992370606 6.15999984741211 5.80999994277954 5.63999986648559 6.26999998092651 6.48999977111816 6.59000015258789 6.57000017166138 6.55000019073486 6.55000019073486 6.84000015317689 7.01000022888184 7.1399998664856 7.26000022888184 7.28999996185303 6.80000019073486 6.25 6.51999996654953 6.86000013351441 7.23999977111816 7.25 7.51000022888184 7.67000007629395 7.80000019073486 8.00000017353838 8.32999992370605 8.55000019073486 8.80000019073487 8.9399995803833 9.1899995803833 9.5600004196167 9.72000026702881 10.0200004577637 -9999 -9999 -9999
5.76999998092651 5.84000015258789 5.82000017166138 6 6 6.1399998664856 6.2800002098142 6.51000022888184 6.30999994277954 6.23999977111816 6.28000020980835 6.28999996185303 6.15999984741211 6.05000019073486 6.09000015258789 6.34000015258789 6.55999994277954 6.65000009546246 6.78999996185303 6.75 6.88000011444092 6.92999982833862 7.34000015244356 7.36999988555908 7.48000001907349 7.53000020980835 7.34999990463257 6.82999992370606 6.69000005722046 7.15000009536743 7.48000001907349 7.57000017166138 7.82999992370606 7.84000015258789 7.78000047663809 8.25 8.52999973297119 8.76000022888184 8.99999988479768 9.1899995803833 9.46000003814697 9.6899995803833 10.1199998855591 10.3999991325148 -9999 -9999 -9999
5.94000005722046 6.11999988555908 6.32000017166138 6.48000001907349 6.53000020980835 6.59999990463257 6.48999977111816 6.65999984741211 6.57000017166138 6.51999998092651 6.55000019073486 6.48999977112565 6.44000005722046 6.40000009536743 6.44000005722046 6.19000005722046 6.5 6.75 7.00000000587991 7.17000007629395 7.11999988555908 7.09000015258789 7.25 7.61999988555908 7.65999984741211 7.67000007629394 7.78000020980835 7.69999980926514 7.44000005722046 7.53000020980835 7.82000017166138 7.96000003814697 8.11999985442301 8.21000003814697 8.59000015258789 8.61999988555908 8.75 8.97000016546665 9.10000038146973 9.44999980926514 9.68000030517578 9.93000030517578 10.3499998046908 10.6099996566772 -9999 -9999 -9999
6.0500001907349 6.32000017166138 6.38999986648559 6.69000005722046 7.01999998092651 7.23999977111816 7.26000022888184 7 7.03999996185303 6.84000015258789 6.69999980926514 6.69999980930653 6.63000011444092 6.71999979019165 6.48000001907349 6.28999996185303 6.44000006159863 6.6100001335144 7.21999979019165 7.38000011444092 7.44999980926514 7.26000022888184 7.17999982833862 7.80000019073487 7.90000009536743 7.92000007629395 7.96999979019165 8.05000019073486 8.03999996185303 8.06999969482422 8.18000030517578 8.22999954223633 8.30000019073486 8.92000007629395 8.94999980926514 9.05000019073486 9.07999992370605 9.22999954223633 9.39000034332275 9.67000007629395 9.92000007629395 10.1599998474121 10.289999961853 10.789999961853 -9999 -9999 -9999
6.30999994277946 6.34000015258789 6.23999977111817 6.63000011444092 7.01999998092651 7.44999980926514 7.55000019073486 7.57000017166138 7.42000007629395 7.19999980926514 7.03000020980835 7.01999998092651 6.80000019073486 6.86999988555908 6.69000005950166 7.01999998092651 6.98000001907349 6.90999984741211 7.05999994277954 7.57999992370606 7.67000007629395 7.57000017159586 7.32999992370605 7.96000003814697 8.17000007629395 8.15999984741211 8.17000007629395 8.22000026702881 8.4399995803833 8.36999988555908 8.57999992370605 8.67000007629395 9.13000011444092 9.21000003814697 9.26000022888184 9.35999965667725 9.39000034332275 9.55000019073486 9.64999961853027 9.80000019073486 10.0799999237061 10.1800003051758 10.5299997329712 11 -9999 -9999 -9999
6.48999977111816 6.28999996185303 6.30000019073486 6.42999982833862 7.07000017166138 7.59999990463257 7.73000001907349 7.8600001335144 7.48000001907349 7.46999979019165 7.32000017166138 7.3600001335144 7.23999977175659 7.5 7.32000017166138 7.19000005722046 7.17999982833862 7.11999988555908 7.30000019073486 7.57999992370605 7.82999992370605 7.82000017166138 7.65999984741211 8.03999996185303 8.32999992370605 8.46000003795635 8.44999980926514 8.47000026702881 8.60999965667725 8.77000045776367 9.05000017914384 9.44999980926514 9.46000003814697 9.56999969482422 9.64000034332276 9.68000029396937 9.71000003814697 9.78999996185303 9.8100004196167 10.0100002288818 10.1400003433228 10.5 10.7399996172033 11.0600004196167 -9999 -9999 -9999
6.46999979019165 6.30999994277954 6.05000019073486 6.17999982833862 6.80999994277954 7.19000005722687 7.73000001907349 7.8600001335144 7.8899998664856 7.78000020980835 7.61999988624696 8.02999973297119 8 7.94000005722046 7.55000019073486 7.40999984738812 7.38999986648559 7.53000020980835 7.36999988555908 7.32000017166138 7.57999992408155 7.96000003814697 7.88000011444092 8.18000030517578 8.36999988555908 8.56999969482422 8.8100004196167 8.89000034332275 8.97999954223633 9.10000038146973 9.52999973297119 9.71000003814697 9.84000015258789 9.96000003814697 9.96000003814697 9.93000030517578 9.89000034332275 10.0900001525879 10.0299997329712 10.2299995025796 10.3100004196167 10.4300001730081 10.6700000762939 11.1099996566772 11.2299995422363 -9999 -9999
6.42999982833862 6.38999986648559 6.15000009536743 6.01999998092651 6.69000005722046 7.1199998855654 7.53000020983908 7.75000000000263 7.94000005722046 8.27999973297119 8.35000038151177 8.42000007629395 8.38000011444092 8.32999992370605 8.35999965667725 8 7.69000005722046 7.78000020980835 7.46999979019165 7.32000017166138 7.42000007629395 7.51000022888184 7.94000005722046 8.38000011444092 8.55000019009598 8.69999980926514 9.01000022888184 9.18000030517578 9.27999973297119 9.63000011120213 9.71000003814697 9.9399995803833 10.039999961853 10.2200002670288 10.2299995422363 10.0900001525879 10.210000038147 10.1800003051758 10.2700004577637 10.2399997711182 10.2700004577637 10.3800001144409 10.6099996566772 10.8100004196167 11.1599998474121 -9999 -9999
6.63000011444178 6.4299998283402 6.300000190737 6.46999979019866 7.1100001335144 7.19000005722046 7.69000005722046 7.78999996185303 8.07999992370605 8.40999984741211 8.47999954223633 8.72000026702881 8.60999965667725 8.63000011444092 8.75 8.6899995803833 8.17000007629395 8.13000011444092 7.80999994277954 7.59000015258789 7.51000022888184 7.38000011444092 7.78999996185303 8.23999977111816 8.63000011444092 8.9399995803833 9.13000011444092 9.40999984741211 9.76000022888184 9.80000019073486 9.85000038146973 10.0699996948242 10.2399997711182 10.3599996625417 10.460000038147 10.2700004577637 10.3100004196167 10.2700004577637 10.2299995422363 10.289999961853 10.2299995422363 10.2399997711182 10.4499996055557 10.6300001144409 10.9700002670288 -9999 -9999
7.26000022888177 7.09999990463257 7.11999988555908 7.09000015258789 7.40000009536743 7.40999984741211 7.92999982833862 8.19999980926514 8.25 8.51000022888184 8.56999969482422 8.67000007629395 8.86999988555908 8.92000007629395 8.99999999996155 8.98999977111817 8.73999977111817 8.56999969482422 8.38000011444092 8.30000019022907 7.94000005722046 7.76000022888184 7.76999998092651 8.0600004196167 8.6899995803833 9.14999961853027 9.29000000505516 9.80000019073486 9.9399995803833 9.97000026702881 10.0699996948242 10.2200002670288 10.539999961853 10.4700002670288 10.4200000762939 10.3400001525879 10.3299999237061 10.3400001525879 10.3199996948242 10.3100004355189 10.0799999237061 10.0600004196167 10.1899995803833 10.4899997711182 10.789999961853 -9999 -9999
7.07999992370605 7.30000019073486 7.30000019073486 7.36999988555908 7.61999988555908 7.80999994277954 7.65000009536743 7.84999990463257 8.53999996185303 8.60999965667725 8.6899995803833 8.81999969482422 9 9.19999980926514 9.27000045772496 9.25 9.19999980926514 9.10999965667724 8.90999984741211 8.80000019073486 8.42000007629395 8.1899995803833 8.18000030517578 8.38000011444092 9 9.4399996135477 9.81999969482422 10.0699996948242 10.0100002288818 10.1400003433228 10.3000001907349 10.5 10.5799999237061 10.5 10.3800001144409 10.2399997711182 10.539999961853 10.5900001525879 10.4200002252203 10.3999996185303 10 9.97999954223633 10.1099996566772 10.4200000762939 10.6300001144409 -9999 -9999
7.32999992370605 7.07000017166138 7.48000001907349 7.76000022888184 7.92999982833862 7.84999990463257 7.78000020980835 7.80000019073486 8.3100004196167 8.21000003816108 8.53999996185303 9.05000019073487 9.23999977111816 9.31999969482422 9.28999996185303 9.52999973297119 9.36999988555908 9.22000026702881 9.22999954215121 9 8.68000030517578 8.52000045776367 8.60999965667725 8.84000015258789 9.44999984500065 9.89000034332275 10.1400003433228 10.1700000762939 10.1300001144409 10.3500003814697 10.6000003814697 10.5299997329712 10.5100002288818 10.6700000762939 10.5299997329712 10.6099996566772 10.5500001907349 10.75 10.460000038147 10.4399995803833 10.2100001485567 10.1599998474121 10.1599998474121 10.3999996185303 10.5200004577633 -9999 -9999
7.44999980926514 7.30999994277954 7.46000003814697 7.69000005722046 7.88000011444092 7.90999984741211 8.11999988555908 8.01000022888184 8.10999965667725 8.27999973297119 8.64999961853027 8.93000030517578 9 9.14000034332275 9.4399995803833 9.8100004196167 9.56999969482422 9.46000003814697 9.38000011444092 9.27999973297119 9.15999984741211 9.01000022888184 9.11999988555908 9.81999969482422 9.59000015258789 10.1499996185303 10.1999998092651 10.1599998474121 10.3400001525879 10.5900001525879 10.7700004577637 10.789999961853 10.789999961853 10.7200002670288 10.7799997329712 10.569999734865 10.7200002670288 10.9499998092651 10.75 10.5900001525879 10.4899997711182 10.3999996185303 10.3199996948242 10.4700002670288 10.4700002670288 -9999 -9999
7.51999998092651 7.57999992370605 7.67000007629395 7.76999998092651 7.90999984741326 8.07999992370606 8.34000015258789 8.22000026702881 8.18000030517578 8.25 8.5 8.77999973297119 8.96000003814697 9.00000000000743 9.27000045776367 9.76000022888184 9.96000003814697 9.56999969482422 9.52999973297119 9.60000038146973 9.52000045776367 9.43999959293695 9.72000026702881 9.93000030517578 9.98999977111816 10.3900003433228 10.2600002285763 10.3100004196167 10.4899997711182 10.7700004577637 10.9799995422363 10.9799995422363 10.9899997711182 10.9300003051758 10.9499998092651 10.8699998855591 11.2299995422363 11.3199996948242 11.1400003433228 11 10.710000038147 10.6300001144409 10.5200004577637 10.4799995422363 10.5500001907349 -9999 -9999
7.69000005722046 7.67999982833862 7.75 7.90999984741211 8.02999973297254 8.0600004196167 8.31999969482422 8.52000045776367 8.56999969482422 8.47000026702881 8.46000003814697 8.68000030517578 8.88000011444092 8.93000030517578 9.01000022888184 9.32999992370605 9.48999977111816 9.84000015283768 9.84000015258789 9.57999992370605 9.76000022847272 9.96000003814697 9.98999977111816 10 10.1000003814697 10.3999996185303 10.3599996566772 10.4499998092651 10.6499996185303 10.9799995422363 11.0699996948242 11.1099996566772 11 10.9700002670288 11.1300000510097 11.1599999282312 11.3000001907349 11.6800003051758 11.3800002162388 11.2200002670288 10.9200000762939 10.8599996566772 10.7500001282568 10.6800003051758 10.6700000762939 -9999 -9999
7.90000009536743 7.71000003814697 7.76999998092652 7.78999996185303 7.90999984741379 8.18000030517578 8.3100004196167 8.46000003814697 8.88000011444092 8.75 8.60000038146973 8.55000019073486 8.80000019073486 8.84000015258789 8.82999992370605 8.89000034332275 8.89000034332275 9.01000022888184 9.93999955966673 9.8100004196167 10.0799999237061 10.1000003814185 10.1999998092651 10.3299999237061 10.3299999237061 10.4099998478574 10.460000038147 10.6000003814697 10.8400001525879 11.1599998474121 11.1899995803833 11.0200004577637 11.0600004196167 11.1300001144409 11.170000062729 11.2399997711182 11.4499998092651 11.710000038147 11.5100002288818 11.1800003051758 11.0600004196167 11.0699996948242 10.9899997711182 10.8699998855591 10.8199996948242 -9999 -9999
7.94999980926514 7.8899998664856 7.82999992370605 8.02999973297119 8.06999969482422 8.38000011444092 8.30000019073486 8.53999996185303 8.71000003816518 8.77999973297119 8.84000015258789 8.78999996185303 8.85000038146972 8.86999988555908 8.69999980926514 8.85999965667725 8.72999954493691 8.97000026702881 8.88000011444092 9.11999988555908 9.88000011444092 10.1999998092651 10.4399995803833 10.6199998855591 10.6499996185303 10.5699996948242 10.5600004196167 10.7799997329712 11.1199998855591 11.2600002288818 11.210000038147 11.1199998855591 11.25 11.1599997793972 11.1499996185303 11.25 11.3500003814697 11.4399995803833 11.1800003051758 11.1000003814697 11.1700000762939 11.2299995422363 11.1999998092651 11.1000003814697 10.9600004169874 11.0100002288818 -9999
8.06999969482422 8.02999973297119 8.0600004196167 8.26000022888184 8.32999992370606 8.52999973297119 8.48999977111816 8.6899995803833 8.72000026702655 8.77000045776367 9.03999996185303 8.96000003814697 8.92000007633247 9.02999973297119 9.02000045847166 9.10000038146973 9.21000003814697 9.14999961853027 9.02000045776367 9.05000019073487 9.9399995803833 10.1400003433228 10.4399995803833 10.6599998474121 10.7700004577637 10.6899995803833 10.6899995803833 11.0100002288818 11.3599996566772 11.2399997711182 11.2600002288818 11.0600004196167 11.069999718402 10.9499998092651 11.1099996566772 11.2600002288818 11.1800003051758 11.210000038147 10.8599996566772 11.039999961853 11.3900003433228 11.5299997329712 11.5 11.289999961853 11.1600001437677 11.0600004196167 -9999
