SnowAccumulation_R/test/tmax/final_tmax_09_04_2009.asc
NCOLS 97 
NROWS 69 
XLLCORNER 52512.810182332 
YLLCORNER 5316225.2758522 
CELLSIZE 10000 
NODATA_value -9999 
[rows 21 to 41 of 69, columns 0 to 46 of 97]
-9999 -9999 -9999 -9999 8.15999984741211 8.10000038146973 9.07999992370605 10.6300001144409 8.31999969482422 9.4399995803833 9.75 11.9799995422363 12.6599998474121 12.5900001525879 12.9099998474121 13.3000001907349 13.2700004577637 12.8199996948242 12.0299997329712 11.7799997329712 11.6400003433228 11.789999961853 12.6400003433228 13.789999961853 14.0600004246985 14.6800003051758 14.8999996185303 15.3500003814697 15.6899995803833 15.8800001144409 16.1499996185303 16.5 16.7900009155273 16.7700004577637 16.8199996948242 16.9099998474121 16.9200000762939 16.9200000762939 16.9699993133545 16.8799991607666 16.8199996948242 16.5400009155273 16.1599998474122 16.0599994659424 16.0900001525879 15.8400001525879 15.9499998092651
-9999 -9999 -9999 -9999 9.34000015258789 6.76000022888184 9.01000022888184 10.5699996948242 8.65999984741211 7.78000020980835 10.3999996185303 10.3000001907349 12.289999961853 12.1300001144409 12.3300000142086 13.2600002288818 13.2399997711182 12.4300003051758 12.289999961853 12.0900001525879 11.8400001525879 12.5100002288818 13.2200002670288 13.6999998092651 14.3400001542014 14.5299997329712 14.9099998474121 15.6400003433228 15.8400001525879 16.1599998474121 16.2299995422363 16.5 16.8199996948242 16.8299999237061 16.7800006866455 16.8500003814697 16.7999992370605 16.7800006866455 16.8500003814697 16.5799999237061 16.6399993896484 16.5499992370605 16.2900009155273 16.1000003814697 15.8800001144409 15.7600002288818 15.8999996185303
-9999 -9999 -9999 7.23000001907349 8.03999996185303 10.4399995803833 8.88000011444092 8.1899995803833 7.07999992370605 7.71999979019165 9.10000038146973 8.30000019073486 11.6099996566772 12.579999823138 13.0500001907349 13.7200002670288 13.1999998092651 12.8999996185303 12.789999961853 12.5500001907349 12.539999961853 13.25 13.4300003051758 13.6499996185303 14.5100002288818 15.1000003814697 15.1199998892639 15.75 15.8900003433228 16.1200008392334 16.1900005340576 16.7000007629395 16.7800006866455 16.8099994659424 16.8500003814697 16.8999996185303 16.7299995422363 16.6800003051758 16.7800006866455 16.7900009155273 16.5 16.3899993896484 16.2600002288818 16.0799999237061 15.8199996948242 15.8500003814697 15.6899995803833
-9999 -9999 -9999 6.01000022888184 6.80000019073486 7.8899998664856 5.75 7.90999984741211 6.5 6.26000022888184 8.0600004196167 9.22000032324439 10.5699996948242 13.3599996566772 13.4300003051758 13.6700000762939 13.2600002288818 13.1300001144409 12.9899997711182 12.9799995422363 13.3599996566772 13.5 13.5799999237061 14.2200002670288 14.6499996185303 15.1000003846985 15.5100002288818 15.9399995803833 16.0200004577637 16.1100006103516 16.6599998474121 16.7800006866455 16.8700008392334 16.8199996948242 16.8299999237061 16.8099994659424 16.7700004577637 16.7999992370605 16.7700004577637 16.6399993896484 16.5200004577638 16.3400001525881 16.1800003051758 16.0300006866457 15.8100004196167 15.8100004196167 15.7700004577637
-9999 -9999 -9999 5.57000017166138 6.8700004516797 7.78999996185303 7.09999990463257 7.07000017166138 4.26999998092651 7.61999988555908 6.76999998092651 13.6999998092651 13.789999961853 13.8900003433228 13.7700004577637 13.8199996948242 13.5500001907349 13.1999998092651 13.8699998855591 13.8900003433228 13.5900001525879 13.6700000762939 14.1000003814697 14.0799999237061 14.8000001907349 15.1800003051758 15.5500001907349 15.8299999237061 15.9799995422363 16.6299991607666 16.8999996185303 16.9599990844727 16.8500003814697 16.8500003814697 16.9699993133545 16.9599990844727 16.8500003814697 16.8099994659424 16.6700000762939 16.6100006103516 16.5699996948242 16.4799995422363 16.2800006866455 16.1800003051758 16.0599994659424 15.8999996185303 15.7600002288819
-9999 -9999 -9999 5.48000529827222 4.90999984741211 10.0699996948242 6.26999998092651 5.65000009536743 6.38000011444092 5.30999994277954 6.44000005722046 7.73000001907349 14.4700002670288 14.2399997711182 14.7799997329712 14.8199996948242 14.4499998092651 13.9399995803833 14.0100002288818 14.0799999237061 14.3299999237061 14.210000038147 14.0799999237061 13.6899995803833 14.710000038147 15.2799997329712 15.550000192841 15.8299999256667 16.7399997711182 16.8199996948242 17.0699996948242 17.25 17.2399997711182 17.2299995422363 17.2099990844727 17.1299991607666 16.9799995422363 16.8500003814697 16.7000007629395 16.5699996948242 16.4899997711182 16.5499992370605 16.3700008392334 16.2199993133545 16.1499996185303 16.0699996948242 15.789999961853
-9999 -9999 -9999 9.52000045776367 8.97999954223633 9.74999877545141 4.19999980926514 8.09000015258789 6.3600001335144 6.98999977111816 7.76999998092651 7.46999979019165 7.86000013351441 14.789999961853 14.8400001525879 14.8800001144409 14.8299999237061 14.789999961853 14.6300001144409 14.6099996566772 14.6000003814697 14.6400003433228 14.5799999237061 14.6099996566772 15 15.4899997711182 15.9899997711182 16.2199993133545 16.8400001523174 16.9300003057311 17.1299991607666 17.3400001525879 17.2900009155273 17.25 17.25 17.2000007629395 17.0900001525879 16.9699993133545 16.8099994659424 16.6200008392334 16.5 16.3299999237061 16.4599990844727 16.3500003814697 16.1499996185303 16.0300006866455 15.8599996566773
-9999 -9999 -9999 11.8000001907349 7.23000001907349 6.55000019073486 7.1399998664856 5.90000009536743 7.44000005722046 6.51000022888184 7.55000019073486 7.15000009536743 8.22000026702881 8.38000011444092 14.9399995803833 14.1400003433228 15.1400003433228 15 14.7700004577637 14.7299995422363 14.8299999237061 14.8000001907349 15.0200004577637 14.9700002670288 15.4200000762939 15.8599996566772 16.0300006866455 16.2600002288818 16.7900009165534 17.1100006103516 17.2299995422363 17.4099998474121 17.3400001525879 17.1700000762939 17.2000007629395 17.2399997711182 17.1800003051758 16.9400005340576 16.8500003814697 16.6800003051758 16.5400009155273 16.4099998474121 16.3299999237061 16.4699993133545 16.2700004577637 16.1100006103516 15.9899997711182
-9999 -9999 -9999 11.6099996566772 8.14999961853027 9.47000026702881 8.81999979363335 8.40999984741211 10.6899995803833 7.3899998664856 5.3600001335144 6.44000005722046 6 7.26999998092651 14.0299997329712 14.1199998855591 14.2399997711182 15.2200002670288 15.039999961853 15.0100002288818 15 14.9700002670288 15.1300001144409 15.1000003814697 15.6000003814697 15.75 15.9799995422363 16.4500007629395 17 17.2600002288818 17.4699993136961 17.6100006105471 17.4200000762939 17.3400001525879 17.25 17.1399993896484 17.1100006103516 16.8899993896484 16.8199996948242 16.9200000762939 16.5699996948242 16.4300003051758 16.2399997711182 16.0799999237061 16.3099994659424 16.3099994659424 16.1299991607666
-9999 -9999 -9999 13.7999986583269 10.8800001144409 10.2299995422363 8.76000002580638 6.73999977111816 7.23999977111816 9.47000026702881 5.69999982936486 7.36999988555908 9.28999996185303 6.17999982833862 13.9799995422363 14.0799999237061 14.1499996185303 14.3800001144409 15.5500001907349 15.6400003433228 15.3900003433228 15.2700004577637 15.2600002288818 15.2600002288818 15.6400003433228 15.8100004196167 16.7299995422363 16.6100006103516 16.6599998474121 17.2600002284089 17.6399993889938 17.7600002288818 17.7199993133545 17.6700000762939 17.3199996948242 17.1200008392334 17.0900001525879 17.0100002288818 16.8199996948242 16.7900009155273 16.4500007629395 16.5300006866455 16.2600002288818 16.1100006103516 16.0499992370606 15.8800001144409 16.0200004577637
-9999 -9999 -9999 13.3699998855591 9.71000003814697 12.0200004577637 7.48000001907349 8.15999847141958 5.90999984741211 10.5 9.60000038146973 7.78999996185303 7.71999979019165 8.43000030517578 13.6499996185303 13.9300003051758 14.1400003433228 14.5 15.289999961853 16.0799999237061 15.7700004577637 15.3900003433228 15.5900001525879 15.6899995803833 15.710000038147 16.0499992370605 16.7600002288818 16.6800003051758 16.8400001525879 17.0699996948242 17.0499992370605 17.0900001525879 17.6000003810636 17.4999999997938 17.2700004577637 17.1499996185303 17.1800003051758 17 17.0100002288818 16.9400005340576 16.6499996185303 16.7299995422363 16.3400001525879 16.2800006866455 16.1399993896484 15.9099998474121 15.8999996185303
-9999 -9999 -9999 9.89000034332275 12.7700005992063 9.89999961853028 11.4499998092651 7.11999988555908 8.50999979402402 7.46000003814697 9.27000045776367 10.7700004577637 10.5500001907349 12.1099996566772 13.5600004196167 13.7299995422363 13.9899997711182 14.5500001907349 15.3599996566772 16.0100002288818 15.6499996185303 15.5600004196167 15.8299999237061 16.0300006866455 16.1100006103516 16.25 16.6900005340576 16.7900009155273 16.9699993133545 16.9200000762939 16.8500003814697 17.0900001523494 17.090000152329 17.0699996948242 16.9300003051758 16.9500007629395 16.9500007629395 17.0400009155273 17.0400009155273 16.8400001525879 16.6900005340576 16.8400001525879 16.3999996185303 16.3299999237061 16.1900005340576 16.0100002288818 15.9899997711182
-9999 -9999 -9999 10.5200004577637 12.75 14.2299995422363 10.6400003433228 12.0799999237061 8.78999996185303 7.78000138111135 7.05999994277954 10.039999961853 9.64000034332276 10.1899995803833 13.3299999237061 13.6700000762939 14.2299995422363 14.1700000762939 14.6000003814697 14.8100004196167 15.3299999237061 14.9200000762939 15.789999961853 16.3299999237061 16.3299999237061 16.4300003051758 16.75 17.0100002288818 17.0200004577637 16.9899997711182 16.8700008392334 16.8299999237061 16.8099994659424 16.3299999237061 16.0799999237061 16.7600002288701 16.8799991607711 17.0400009155273 17.1200008392334 17.1200008392334 16.9300003051758 16.9200000762939 16.7800006866455 16.2999992370605 16.2299995422363 16.1700000762939 16.0400009155273
-9999 -9999 -9999 7.82999992370605 10.6199998855591 13.3100004196167 14.1499996185303 8.75 11.7799997329712 8.82999992370605 7.85000066308682 7.03999996185303 7.78999996185303 9.18000030517578 12.5299997329712 12.960000038147 14.6300001144409 13.9799995422363 14.0500001907349 14.539999961853 15.3000001907349 15.1700000762939 15.8199996948242 16.2199993133545 16.3199996948242 16.6100006103516 17.0499992370605 17.0200004577637 16.9400005340576 16.9400005340576 16.8600006103516 16.9599990844727 16.8700008392334 16.6499996185303 16.7099990844727 16.9400005340576 17.1599998474121 17.1700000762939 17.1800003051758 17.29999923706 17.1299991607665 16.930000305176 16.7800006866459 16.420000076294 16.270000457764 16.2099990844728 16.1700000762939
-9999 -9999 7.23000001907349 8.40999984741211 4.71999979019165 12.3699998855591 14.25 12.5699996948242 10.1899995803833 13.8699998855591 8.25 6.60000018048261 6.05999994277954 8.1899995803833 11.1800003051758 8.3100004196167 12.5799999237061 13.3500003814697 13.5799999237061 13.789999961853 15.5 15.4499998092651 15.6700000762939 15.8199996948242 16.4799995422363 16.5599994659424 17.0499992370605 17.1000003814697 17.0300006866455 16.8999996185303 16.8999996185303 16.9500007629395 16.7800006866455 16.7700004577637 16.8700008392334 17.1100006103516 17.5799999237061 17.2399997711182 17.1800003051745 17.2199993133539 17.0900001525879 17.0200004577637 16.9400005340576 16.4599990844727 16.3999996185303 16.2600002288818 16.2000007629395
-9999 -9999 5.25 4.57000017166138 7.69999980926514 6.09999990463257 10.1499996185303 14.210000038147 11.4799995422363 9.37000017916759 8.53999996185303 9.1899995803833 6.65999984741211 7.59999990463257 10.9700002670288 10.1400003433228 11.7200002670288 12.6599998474121 13.0600004196167 13.0900001525879 15.25 15.3800001144409 15.5500001907349 15.7600002288818 16.7700004556043 16.8400001524462 17.1700000762939 17.3500003814697 17.2700004577637 16.9899997711182 17.0499992370605 17.0100002288818 16.8600006103516 16.8700008392334 16.9300003051758 17.1399993896484 17.2199993133545 17.0900001525879 17.0799999237061 17.0699996948242 17.0599994659424 17.1800003051758 17.0300006866455 16.8799991607666 16.7000007629395 16.5499992370605 16.2199993133545
-9999 -9999 6.92999982833862 8.55000019073486 7.63000011444092 6.46000003814697 7.21000042170249 13.8900003433228 14.6700000762939 9.72000026702881 12.6700000762939 11.3599996566772 7.98999977111816 7.76000022888184 11.7700004577637 11.8000001907349 12.0900001525879 12.4799995422363 12.7200002670288 12.9799995422363 14.6300001144409 15.2700004577637 15.4399995803833 15.8299999237061 16.8700008392334 16.8999996185303 17.1800003051758 17.3099994659424 17.6200008392334 17.4899997711182 17.1399993896484 17.0900001525879 17.0599994659424 16.9500007629395 16.9799995422363 17.0799999237061 17.1000003814697 17.0699996948242 17.0799999237061 17.0799999237061 17.0599994659424 17.1700000762939 17.0300006866455 16.9699993133545 16.8500003814697 16.5400009155273 16.3400001525879
-9999 -9999 7.59000015258789 9.52000045776367 8.85999965667725 4.88000011444092 7.94000005722046 10.8500003814697 15.3800001144409 10.1700000762939 10.1400003433228 9.5600004196167 10.8500003814697 6.15999985984461 6.07000017166138 12.3000001907349 12.2700004577637 12.289999961853 12.8699998855591 13.1300001144409 14.289999961853 14.789999961853 15.1899995803833 15.6999998092651 16.4899997711182 17.0400009155273 17.4200000762939 17.8199996948242 17.8500003814697 17.6800003051758 17.5100002288818 17.4400005340576 17.3999996185303 17.0799999237061 17.0799999237061 17.1200008392334 17.1000003814697 17.1499996185303 17.1100006103516 17.1000003814697 17.2999992370605 17.1800003051758 17.0400009155273 16.9799995422363 16.9099998474121 16.6800003051758 16.5200004577637
-9999 -9999 12.7300009134618 9.98999977111816 6.01000022888184 7.90999984741211 8.51000022888184 10.0299997329712 15.210000038147 12.6400003433228 9.1599999412503 13.8699998855591 11.789999961853 9.42000007629395 8.97000026702881 12.2700004577637 12.2600002288818 12.5600004196167 12.7399997711182 13.1599998474121 13.9399995803833 13.8999996185303 14.6199998855591 15.3800001144409 15.960000038147 16.4300003051758 17.1299991607666 17.8999996185303 17.8299999237061 17.7099990844727 17.5200004577637 17.5900001525879 17.5400009155273 17.4200000762939 17.4099998474121 17.4200000762939 17.3999996185303 17.3999996185303 17.3500003814697 17.3299999237061 17.2999992370605 17.2800006866455 17.2900009155273 17.1499996185303 17 16.6800003051758 16.6200008392334
-9999 -9999 15.539999961853 5.03000228184275 4.13000040819024 5.69999980926514 4.78000020980835 10.3999996185303 10.960000038147 15.7700004577637 8.17000007629395 12.7700004577637 10.2399997711182 8.30000019073486 6.69999980926514 5.55000019073486 9.69999980926514 12.6800003051758 13.0299997329712 13.1899995803833 13.539999961853 13.1099996566772 15.3999996156914 15.590000151991 15.6099996566772 16.3600006091748 16.3600006161386 17.4500007629395 17.7299995422363 17.7399997711182 17.7299995422363 17.7299995422363 17.6399993896484 17.4699993133545 17.5400009155273 17.4500007629394 17.4599990844727 17.4400005340576 17.3899993896484 17.3700008392334 17.3799991607666 17.1700000762939 17.0599994659424 16.8700008392334 16.6100006103516 16.5699996948242 16.3600006103516
-9999 -9999 15.7700004577637 7.19999980926514 6.8099998810663 5.96000003814697 8.77999973297119 5.96000003814697 8.02000045776367 14.8500003814697 8.56999969482422 9.73999977111816 11.3999996185303 8.44999980926513 7.98999977111816 7.1100001335144 9.31999969482422 9.27000045776367 12.9799995422363 13.8699998855591 13.8699998853135 14.8199996906682 15.2200002670288 15.3500003814697 15.4399995803833 16.8400001525879 17.3500003806425 17.4799995422363 17.5900001525879 17.9899997711182 17.8199996948242 17.7900009155273 17.7600002288818 17.6499996185303 17.5100002288818 17.4899997711182 17.5 17.4699993133545 17.3999996185303 17.3799991607666 17.1700000762939 16.9099998474121 16.8700008392334 16.8799991607666 16.5900001525879 16.5900001525879 16.3700008392334
