SnowAccumulation_R/test/tmax/final_tmax_17_04_2009.asc
NCOLS 97 
NROWS 69 
XLLCORNER 52512.810182332 
YLLCORNER 5316225.2758522 
CELLSIZE 10000 
NODATA_value -9999 
[rows 42 to 62 of 69, columns 47 to 93 of 97]
16.9099998474121 16.6499996185303 16.3500003814697 16.1299991607666 15.9200000762939 15.4799995422363 15.3599996566772 15.3100004196167 15.210000038147 15.2200002670288 14.75 14.3599996566772 14.1499996185303 13.8199996948242 13.3800001144409 13.1999998090937 12.7799997329712 12.3900003433228 11.9600000415613 11.75 10.9799995422363 10.8100004035502 10.3199996948242 10.1599998474121 9.5600004196167 9.46000003814697 9.31999969482422 9.10000038146972 9.02999973297119 8.86999988555908 8.30000019073486 8.0600004196167 7.78000020980835 7.28000020980835 7.01999998092651 7.15999984741211 7.13000011444092 6.94999980926514 6.90999984741211 6.78999996185303 6.69999980926514 6.48000001907349 6.32000017166138 6.32000017166138 6.30000019073486 6.26999998092651 6.23000001907349
16.9799995422363 16.6399993896484 16.4599990844727 15.8900003433228 15.5 15.6800003051758 15.5200004577637 15.2600002288818 15.0200004577637 14.9499998092651 14.6899995803833 14.3000001907349 14.1000003814697 13.710000038147 13.3000001907349 13.0200004577637 12.789999961853 12.2700004577637 12.0900001518013 11.4099998386822 10.6599998474121 10.2899999612781 10.0699996948242 9.72999954223633 9.71000003814697 9.56999969482422 9.3100004196167 9.02999973297119 8.88000011444092 8.75 8.39999961853027 8.11999988555908 7.78000020980835 7.38000011444092 7.15000009536743 6.55000019073486 6.61999988555908 6.46999979019165 6.67999982833862 6.65000009536743 6.59999990463257 6.44999980926514 6.28000020980835 6.25 6.21000003814697 6.17000007629395 6.15000009536743
16.9699993133545 16.7399997711182 16.2099990844727 15.6199998855591 15.4300003051758 15.6700000762939 15.6099996566772 15.3999996185303 15.1700000762939 15.039999961853 14.6499996185303 14.1899995803833 13.9700002670288 13.539999961853 13.039999961853 12.8100004196167 12.5900001525879 12.0500001907349 11.7299995347787 11.0500001907349 10.289999961853 10.0299997329712 9.65999984741211 9.78999996185303 9.69999980926514 9.60999965667725 9.51000022888184 9.35000038095597 8.86999988555908 8.64000034332275 8.52000045776367 8.27999973297119 7.90999984741211 7.71999979019165 7.32999992370605 6.82999990167688 6.23999980966314 6.01999998092651 6.38999986648559 6.44999971984318 6.48000001907349 6.40000009536743 6.28000026657955 6.21999979019165 6.15999984741211 6.11000018064172 6.09000004338197
17.2000007629395 16.8099994659424 16.2600002288818 15.6899995803833 15.4099998474121 15.8800001144409 15.6999998092651 15.4399995803833 15.0799999237061 14.8100004196167 14.539999961853 14.0299997329712 13.7799997329712 13.3199996948242 12.8699998855591 12.630000112534 12.1199998801787 11.5 11.3900003433228 10.8000001907349 10.2399997711182 10.0200004577637 9.8100004196167 9.52999973297119 9.47999954223633 9.21000003814697 9.5 9.39000034332276 9.06999969482422 8.72999954223633 8.5600004196167 7.96999979019165 7.73000001907349 7.67000007629394 7.17999983922413 6.80000019073486 6.5 6.13000011444092 5.78999996185303 5.55999994277954 6.21999979019165 6.17999982833862 6.17999982833862 6.19999980926514 6.13000011444092 6.09999990463257 6.01999998092651
17.2900009155273 16.8099994659424 16.2099990844727 15.8800001144409 15.3800001144409 16.0100002288744 15.4899997711182 15.25 14.9799995422363 14.6700000762939 14.2799997329712 13.9200000762939 13.7200002670288 12.9399995796406 11.8000001907349 11.6400003433228 11.5900001525879 11.3500003814697 11.1599998474121 10.6599998474121 10.2600002288818 10.1199998855591 10.039999961853 10.1899995803833 10.0299997329712 9.63000011444092 9.52999973297119 9.32999992370606 9.02000045776367 8.68000030517578 8.47999954223633 7.84000015258789 7.67000007629395 7.5 7.05999994277954 6.94000005722046 6.67999982833862 6.05000019073486 5.75 5.80000019073486 5.76000022888184 6.05999994277954 5.98000001907349 6.01999998092651 6.11000008528207 6.05000019073486 6.01000022888184
16.9300003051758 16.7399997711182 16.4099998474121 15.6300001144409 15.210000038147 15.7700004577518 15.0799999237061 15.039999961853 15.0100002288473 14.5299997329712 14.1199998849523 13.9600000372057 12.5500001907349 11.4799995422363 11.4700002673127 11.7600002288818 11.3299999237061 11 10.8800001144409 10.5100002288818 10.5299997329712 10.4499998092651 10.3999996185303 10.3800001144409 10.1700000762939 9.84000015258789 9.30000019073486 9.06999969482422 8.94999980926514 8.69999980976142 8.47000026702881 7.94999980926514 7.78999996185303 7.42999982833862 7.1399998664856 7.01999998092651 6.71999979019165 6.42000007629394 6.23000001907349 5.84999990463257 5.59999990463257 5.55999994277954 5.88000011444092 5.88000011444092 5.90000001409117 5.90999984741211 5.98000001907349
16.8400001525879 16.6399993896484 16.3700008392334 15.3299999237061 14.960000038147 15.0299997329622 14.5299997329712 14.6400003432174 14.6899995800785 12.8500003814697 11.7799997329712 11.8500003813483 11.2200002670288 11.1000003814697 11.1899995807445 11.789999961853 11.3299999237061 11.1099996562923 11.039999961853 10.8400001525879 10.8800001146597 10.8699998855591 10.6300001144409 10.5299997316385 10.1000003814697 9.68000030517578 9.42000007629395 9.09000015258789 8.84000015258789 8.80000019073486 8.36999988555908 7.90000009536743 7.73999977111816 7.44999980926514 7.19999980926514 7.21999979019165 6.80000019073486 6.51000022888184 6.38000011444092 5.96999979019165 5.69000005722046 5.61999988555908 5.40000009536743 5.89999995473227 5.8899998664856 5.84999990463257 5.9299998283384
16.6900005340576 16.5300006866455 15.4099998474121 14.9899997711182 14.539999961853 12.2399997711182 12.6999998092651 12.7399997711182 11.7700004577637 10.9300003051758 10.5500001907349 10.6700000762939 10.7200002670288 10.7600002288818 10.9300003051758 11.7600002288818 11.210000038147 11.1800003051758 11.0799999237061 11.1099996566772 10.8800001144409 10.8699998855591 10.6400003433228 10.4099998474121 10.1499996185303 9.82999992370605 9.59000015258789 9.32999992370605 8.98999977111816 8.8400001564099 8.31999969482422 7.90000009536743 7.65000009536743 7.44999980926514 7.30999994277954 7.28999996185303 6.86000013351441 6.32000022111392 6.17999982833862 6.17999982833862 5.90999989512343 5.78000020980835 5.67000007629395 5.78000020980835 5.88000011444092 5.98999977111816 5.92000007629394
16.2900009155273 16.1599998474121 15.6000003814697 14.789999961853 14.25 11.3999996185303 11.3500003814697 11.3900003433228 10.5900001525879 11.1199998855591 10.789999961853 10.8100004196167 10.7299995422363 10.7200002670288 11.4799995422363 11.6300001144409 11.1000003814697 10.8999996185303 10.8999996185303 10.9700002670288 10.9200000762939 10.3599996566772 10.4799995422363 10.2700004577637 10.1599998474121 9.94999980926514 9.85000038146973 9.36999988555908 9.09000015726055 8.85000038146973 8.39000034332276 7.88000011774007 7.6399998664856 7.34999990463257 7.23000001907349 7.1100001335144 6.96999979019165 6.57999992370605 6.42000007629395 6.3899998664856 6.21000003814697 6 5.88000011444092 5.86999988555908 5.90999984741211 6.07000017166138 6.07000017166138
15.9499998092651 15.9700002670288 15.4399995803833 12.0900001525879 11.4700002670288 11.1300001144409 11.6499996185303 12.0299997329712 11.6199998855591 11.6800003051758 11.539999961853 10.9499998092651 10.9899997711182 11.6800003051758 11.6599998474121 11.3000001907349 10.6899995803833 10.7600002288818 10.6400003433228 10.9099998474121 10.6700000762939 10 10.1400003433228 10.3299999237061 10.1400003433228 9.97000026702881 9.77999973297119 9.26000025789788 9.38000011337109 8.78999996185303 8.21000003814697 8.13000011444092 7.67999982833862 7.36999988555908 7.1399998664856 7.17000007629395 7.21000003814697 7.05999994277954 6.73000001907349 6.75 6.57999992370605 6.46000003814697 6.17000014997161 6.09000015258789 5.96000003814697 5.90000009536743 5.90999984741211
15.6800003051758 13.0299997329712 13.1199998855591 12.960000038147 12.6599998474121 12.3100004196167 12.4300003051758 12.5600004196167 12.4399995803833 12.1499996185303 11.8800001144409 11.710000038147 11.1899995803833 11.7399997711182 11.789999961853 11.1899995803833 10.7200002670288 10.9300003051758 10.8900003433228 10.7200002670288 10.5799999237061 10.460000038147 10.2700004563582 10.1099996566772 10.039999961853 9.94999980926514 9.63000011444092 9.55000019073486 9.32999992370605 8.69999980926514 7.92999982833862 7.84000015258789 7.40999984741211 6.92000007629395 6.8899998664856 6.55000019073486 6.72999999290885 7.01000022888184 7.15000009536743 7.09999990463257 6.80000042303335 6.46999979019165 6.34999990463257 6.26999998092651 6.03999996185303 5.98999977111816 6.01999998092651
14.6700000762939 13.6800003051758 13.3900003433228 13.3900003433228 13.25 13.0600004196167 12.8800001144409 12.8199996948242 12.8100004196167 12.4700002670288 12.1499996185303 11.8900003433228 11.2200002670288 11.6199998855591 11.7600002288818 11.4399995803833 11.2200002666262 11.1099996566772 11.1400003433228 11.1099996566772 11.0900001525879 10.8000001907349 10.5799999237061 9.65999984741211 9.560000427425 9.35999965667725 9.51000022888184 9.1899995803833 8.89999961853027 8.10999965667725 7.38000011444092 7.28999996185303 6.84000015258789 6.98999976924296 6.90000009536743 6.86999988555908 6.51999998092651 6.98999977111816 7.28999996185303 7.23999941149952 6.88000011444092 7 6.80000019073486 6.48000001907349 6.3499999749277 6.26999998092651 6.15999984741211
14.6499996185303 14.2299995422363 13.960000038147 13.6400003433228 13.6400003433228 13.3199996948242 13.1400003433228 12.9700002670288 12.9700002670288 12.5299997329712 12.2799997329712 12.0699996948242 11.7399997711182 11.6999998093057 11.8599996566772 11.4499998092651 11.2799997327597 11.0900001525879 11.039999961853 11.0500001907349 11.0600004196167 11.1199998855591 10.8100004196167 10.4899997711182 10.1400003433228 9.60999965667725 9.1899995803833 9.07999992370605 8.59000015258789 7.96999979019165 7.82999992370605 7.19999980926514 6.92999982833862 6.71999979019165 6.96000003814697 7.09000015258789 7 7.19999980926514 6.92999995746415 7.09999990463257 7.07000017166138 7.07999987556394 7.21000003814697 6.92999982833862 6.88000011444092 6.51000022888184 6.32999992370605
14.710000038147 14.3199996948242 14.3299999237061 14.1199998855591 13.8800001144409 13.8199996948242 13.4799995422363 13.1099996566772 13.1599998474121 12.6000003814697 11.8699998855591 12.0299997329712 12.210000038147 12.189999580302 12.0200004577637 11.8100004196167 11.6599998474121 11.3299999237061 11.2700004577637 11.2200002670288 10.960000038147 11.2100000344117 10.9899997711182 10.9300003051758 10.3500003814697 9.67000007629394 10 9.72999954043702 9.28999996185303 8.51000022888184 8.3100004196167 7.73000001907349 6.96000003814697 6.96000003814697 6.80999994277954 7.17000007629394 7.28999996185303 7.59999994578474 7.90000009536743 7.5 7.46999979019165 7.26000022888184 7.32000017166138 7.01999998092651 7.05000019073486 6.90000009536743 6.64000002800973
14.8100004196167 14.6300001144409 14.539999961853 14.5100002288818 14.1700000762939 14.039999961853 13.8299999237061 13.3100004196167 13.1199998855591 13 12.6899995803279 12.3100004196167 12.1700000762939 12.0299997329712 12.0699996948242 11.9099998474121 11.8800001144409 11.6899995803833 11.5900001525879 11.4899997745674 11.3900003433228 11.3299999237061 11.1800003051758 10.8800001144409 10.8900003419693 10.1700000762939 10.2600002288818 10.1800003051758 9.6899995803833 8.98999977111816 8.51000022888184 8.02000045776367 7.23000002667225 7.15999984741211 7.46999979019165 7.5 7.69999739024009 3.50999999046326 3.79749989509582 3.9925000667572 4.05999994277954 4.29500007629395 4.80999994277954 4.937499836065 5.13000011444092 5.12750005722046 4.85249996185303
15 14.9499998092651 14.8199996948242 14.6400003433228 14.3500003814697 14.1400003433228 14.0299997329712 13.6400003433228 13.3500003814697 13.1899995803833 12.9499998092651 12.789999961853 11.8800001144409 11.8299999237061 11.9200000762939 11.8900003433228 11.8900003433228 11.840000102248 6.48250007629395 6.32000017166138 6.31750011444092 6.06750011410665 6.21750020980835 5.41750001907349 5.00500011444092 3.96000003814697 3.61249995231628 3.60999989509583 3.86249995231628 3.71499991416931 3.17000007629395 2.84500002861023 3.02999997138977 2.25999999046326 2.58999991416931 2.84999993157973 3.6875 4.1100001335144 4.42749977111816 3.98250007629395 3.70499992370606 4.40749979019165 4.84000015258789 4.70499992370605 4.99749994277954 4.95499992370605 4.69500017166138
9.71749973297119 9.74499988555908 9.58500003814697 9.4399995803833 9.18249988555908 8.94499969482422 8.53499984741211 8.72500038147601 8.7475004196167 8.23750019073486 7.76749992370606 7.67999982833862 6.90250015258789 6.53000020980835 6.79500007629395 6.97249984690088 6.89750003814697 7.05249977111816 6.86999988432583 6.11749982833862 5.86999988555908 6.30499982833862 6.35750007629395 5.36749982833862 4.75500011444092 4.32999992370605 3.63750004768372 3.62750005722046 3.78749990463257 3.78500008543737 2.99749994277954 2.26749992370605 2.40499997138977 2.82500004768372 2.54500041589296 3.21250009536743 3.75250005722046 4.09999990463257 4.7649998664856 4.13250017166138 3.98250007629394 4.29500007629395 5.05749988555908 4.99499988555908 5.07000017166138 4.98250007629395 4.54750105665208
9.72749996185303 9.47999954223633 9.47500038146973 9.72749996185303 9.2475004196167 8.79249954223633 8.5600004196167 8.53499984742163 8.79249954223633 9.05500030517578 8.72999954223633 7.93499994277954 7.037499905378 6.50500011497972 6.75250005722046 6.84499979019165 6.8899998664856 6.67749977111816 6.54250001907349 6.05000019073486 6.00500011444092 6.01749992370605 6.625 5.27750015258789 4.83750009536743 4.84499979019165 4.15500020829533 4.0475001335144 3.91750001907349 3.77999997138977 2.76250004768372 2.08249998092651 2.125 2.66500000489788 3.40749989544709 3.67249989509583 3.72250008583069 3.91000008583069 4.6875 4.2975001335144 3.98499989509583 4.12750005722046 4.19250011444092 4.38749980926514 4.77750015258789 4.92500019073486 4.94750022888184
10.022500038147 9.67749977111816 9.70250034332275 9.88249969482422 9.39249992370605 8.94999980926514 8.81500053405762 8.92749977111817 8.92499923706055 9.43249988554493 9.49499988577072 9.02000045776367 8.36250019073486 7.95249986648559 6.99499988555908 6.84749984714384 6.78999996185303 6.80249977111816 6.8274998664856 6.11250019073486 5.96750020980835 6.15749979019165 6.90749979019165 5.62249994277954 5.44250011444092 5.47249984741211 4.94750022888184 4.55249977111816 4.4375 4.01000022888184 2.67499995231628 2.41000008635927 2.51250015235241 3.14000010490417 3.24000000953674 3.53749990463257 4.17500019073486 4.25250005722046 4.42500019073486 4.41500065388286 4.03499984741211 3.86249995231628 4.1399998664856 4.42500019073486 4.50750017166138 4.90500020980835 4.80249977111816
10.1824998855591 10.0775003433228 10.0574998855591 10.0275001525879 9.85750007629395 9.40750026704529 9.10000038146454 9.0024995803833 9.4375 9.63500022888184 9.86499977111816 9.78999996185303 8.78750038146972 8.48500061035156 7.72749996185303 7.24499988555908 6.57499980926514 6.39249992370605 6.44750022888184 6.91750001907349 6.55749988555908 6.84499979019165 7.32499980926514 7.01000022888184 6.29500007629395 6.15749979019165 5.33500003814697 5.48750019073486 4.45749998092651 3.50999999046326 2.90750002861023 3.7574999332428 3.38000011444092 3.54500007629395 3.64000010490417 3.91750001907349 4.4124998825352 4.64499998092651 4.78249979019165 5.06750011444092 4.00250005722046 4.26000022888184 4.15999984741211 4.47749996185303 4.58500018339575 5.06750011444092 4.88500022888184
10.3950004577641 10.3424997329712 10.2950000762939 10.0474996566772 9.81499958038283 9.82250022888184 9.64750003814697 9.43249988555908 9.5600004196167 9.73499965667725 10.0375003814697 10.2399997711182 10.1575002667308 9.06500053405762 8.10249996185303 7.76249980926514 7.01249980926514 6.67749977111816 6.6725001335144 6.82250022888184 6.97249984852369 7.44250011444092 7.75250005722046 7.65250015258789 7.23750019073486 6.5625 5.86749982833862 5.80499982833862 5.11000012615747 3.96499991416931 4.43249988555908 4.66249990463257 4.36499977111816 4.16750001991163 4.21000003814697 4.05749988555908 4.23250007629395 3.9449999332428 4.06500005722046 4.63749980926514 4.53999996185303 3.96250009536743 4.48250007629395 4.8375007828215 5.36749982833862 5.43499994277954 5.02250005343954
