SnowAccumulation_R/test/tmax/final_tmax_14_04_2009.asc
NCOLS 97 
NROWS 69 
XLLCORNER 52512.810182332 
YLLCORNER 5316225.2758522 
CELLSIZE 10000 
NODATA_value -9999 
[rows 42 to 62 of 69, columns 0 to 46 of 97]
-9999 -9999 10.2399997711182 1.38999998569489 -1.33000004291534 -0.930001121108681 -2 -0.0500000007450581 0.800000211889139 5.30999994277954 1.77999997138977 5.76999991916902 4.55000019073486 1.02999997138977 0.889999985694885 -2.13000011444092 1.57000005245209 -2.88000009930121 2.80999992567289 2.96000003733385 2.96000003814697 3.20000004768372 3.88000011444092 4.07000017140607 4.13999986630302 4.69000005722046 5.17999982833862 5.36999988555908 5.32000017166138 5.73000001907349 5.94999980926514 6 6.46000003814697 6.69999980926514 6.76999998092651 6.84000015258789 7.28000020980835 7.30999994277954 7.48999977111816 7.57999992370605 7.3899998664856 7.75 7.98999977111816 8.06999969482422 8.27000045776367 8.67000007629395 8.76000022888183
-9999 -9999 5.21999979019165 0.400000005960465 0.699999988079071 -1.67999994754791 0.0799997139616152 -0.509999990463257 4.53999996185303 2 5.30000019073486 2.39000010490417 -0.0299999993294477 -1.13999998569489 1.55999994277954 -0.709999978542328 2.35999989509582 -1.1599999666214 2.80999994277954 2.8199999332428 2.24000000953674 3.03999996185303 3.57999992370605 3.78999996185303 4.13000011444092 4.73000001907349 5.26000022888184 5.84000015258789 5.55999994277954 5.84999990463257 6.07000017166138 6.26999998092651 6.59000015258789 6.98000001907349 7.40000009536743 7.44000005722046 7.59999990463257 7.80999994277954 7.80999994277954 7.94000005722046 7.82999992370605 8.21000003814697 8.35000038146973 8.21000003814697 8.60999965667725 8.81999969482422 8.92000007629395
-9999 -9999 10.4499998092651 1.89999997615814 1.03999996185303 -2.25999999046326 0.910000026226044 -0.350001259294864 6.19999980926514 5.44000005722046 9.01000022888184 5.26000022888184 3.10999989509583 1.95000004768372 -1.19000005722046 -0.129999995231628 2.34999990463257 0.0700000002980232 3.09999990463257 2.9300000667572 2.84999990463257 3.13000011444092 3.47000002861023 3.60999989509583 3.00999999046326 4.28999996185303 5.05999994277954 5.92999982795062 5.92999982833862 6.51999998092651 6.46000003814697 6.53999996185303 7.05999994277954 7.40000009536743 7.55000019073486 7.6399998664856 7.8600001335144 7.88000011444092 7.86999988555908 7.8899998664856 7.92999982833862 8.11999988555908 8.39999961853027 8.52999973297119 8.92000007629395 9.14000034332275 9.26000022888184
-9999 -9999 10.8400001525879 2.21999925552683 -0.629999995231629 -1.05999994277954 -1.34000004167912 -0.140000000596046 0.620000499348861 2.15000017578283 9.02000045776367 4.57000017166138 2.44000005085798 -1.1599999666214 -2.46000003814697 0.790000021457672 2.26999998092651 1.27999997138977 3.26999998092651 3.21000003814697 3.19000005722046 3.47000002861023 3.8199999332428 4.28999996185303 4.21999979019165 4.65000009536743 5.61999988555908 5.9499998091272 6.26000022859177 6.42000007629395 6.80000019073486 6.90999984741211 7.25 7.53999996185303 7.65999984741211 7.90000009536743 7.94000005722046 8.02000045776367 8.0600004196167 8.06999969482422 8.14000034332275 8.43000030517578 8.52000045776367 8.69999980926514 8.92000007629395 9.14000034332276 9.46000003814697
-9999 -9999 11.3100004196167 -0.189999997615814 0.790000021457672 1.95000004768372 0.970000028610229 -0.430000007152557 -0.97000002861023 5.36000061314274 9 4.21999979019165 1.46000003814697 -1 -0.529999971389771 -0.759999990463257 1.54999995231628 -0.0799999982118607 -1.08000004291534 3.76999998092651 3.76999998092651 4.03000020980835 4.48000001907349 4.73000001907349 5.53000020783547 5.53000020980835 6.0300002095442 6.07999992370606 6.1399998664856 6.57000017166138 6.86999988555908 7.1399998664856 7.42000007629394 7.67000007629394 7.82999992370605 7.98000001907349 7.96999979019165 8.0600004196167 8.14999961853027 8.15999984741211 8.15999984741211 8.22000026702881 8.48999977111817 8.64000034332275 8.89999961853027 9.10999965667725 9.59000015258789
-9999 -9999 11.5600004196167 0.400000005960465 2.6800000667572 2.24000000953674 2.09999990463257 -1.05999994277954 0.790000021457672 7.17999982833862 9.65999983505962 5.05999994277954 0.800000011920929 -0.720000028610229 0.400000005960465 -0.389999985694885 1.57000005245209 1.75 4.46999955445734 3.92000007629395 3.91000008583069 4.51000022888184 4.73000001907349 5.03999996185303 5.63999986517352 5.96000003746627 6 6.42999982833862 6.59999990463257 6.96000003814697 7.21000003814697 7.57000017166138 7.5 7.67000007629395 7.86999988555908 8.05000019073486 8.0600004196167 8.11999988555908 8.21000003814697 8.28999996185303 8.18000030517578 8.07999992370605 8.31999969482422 8.60999965667725 8.80000019073486 8.77999973297119 9.18000030517578
-9999 5.13000011444092 11.2299995422363 4.01000022888184 1.30999975843208 2.85999989509583 0.170000001788139 -0.109999775871896 3.71000003814697 8.42000007629395 9.53999997617125 4.78000055945285 -0.370000004768372 1.00999999046326 1.88999998569489 0.239999994635582 1.88999998569489 1.47000002861023 -0.270000010728836 4.32999992370605 4.57999992370605 5.13000011444092 5.40000009536743 5.73000001907349 5.80000019073486 6.09000015258789 6.13000011444092 6.21000003814697 6.48000001907349 6.86000013351441 7.3400001524516 7.67000007629395 7.59999990464825 7.75 7.8899998664856 8.14000034332275 8.17000007629395 8.14999961853027 8.22999954223633 8.32999992370605 8.21000003814697 8.10000038146973 8.34000015258789 8.57999992370605 8.72000026702881 8.89999961853028 9.02999973297119
-9999 8.47999954223633 10.7600002288818 1.99000000953674 2.65000009536743 1.25 4.75 4.84000015258789 6.1100001335144 8.78999996185303 10.0200004577637 9.93000030517578 0.120000035083716 4.24999999886896 4.09999990463257 1.99000000953674 1.73000024459614 3.04999995231628 1.02999997138977 5.09999988481401 5.26999998092651 5.55000019073486 5.84000015258789 6.03999996185303 6.17999982833862 6.65999984741211 6.53999996185303 6.38000011444092 6.51000022888184 7.13000011427632 7.34999990463257 7.28000020980835 7.40999984741211 7.67000007629394 7.8600001335144 8.03999996185303 8.18000030517578 8.15999984741211 8.23999977111816 8.23999977111816 8.22000026702881 8.15999984741211 8.4399995803833 8.57999992370605 8.71000003814697 8.78999996185303 8.9399995803833
-9999 0.839999973773956 5.73000157843301 3.03999996185303 -0.670000016689301 0.889999985694885 1.0900000333786 1.66999995708466 3.41000008583069 6.73999977111816 8.56999969482422 9.52000045776367 6.48000001907349 4.94000005722046 4.26000022888184 1.91999995708466 2.49000000953674 3.39000010490417 2.4300000667572 4.69000008300235 5.40999984741211 5.80000019073486 6.01000022888184 6.23000001907349 7.01000022888184 6.90000009536743 6.80000019073486 6.78000020956706 6.78000020980835 7.11999988544249 7.3600001335144 7.40000009536743 7.3899998664856 7.63000011444092 7.80000019073486 7.90000009536743 8.05000019073486 8.22999954223633 8.22999954223633 8.23999977111817 8.27000045776367 8.27999973297119 8.40999984741211 8.47000026702881 8.68000030517578 8.75 8.89000034332275
-9999 2.92999893714211 11.210000038147 3.75999999046326 -0.0900000035762787 2.60999989509583 2.79999995231628 1.88999998569489 1.40000015947888 7.30999994277954 6.94999980926514 5.34000015258789 9.64999961853027 5.82999992370605 3.04999995231628 5.33000005924518 1.64999997615814 2.77999997138977 0.129999995231628 5.6399998664856 5.5700001780622 5.98999977111816 6.26000022888184 6.59999990463257 6.86999988561364 6.86999988555908 6.78999996202038 6.88000011444092 6.78999996193814 6.73000001907349 7.25 7.34000015258789 7.36999988555908 7.46999979019165 7.55999994277954 7.65999984741211 7.98000001907349 8.27000045776367 8.22999954223633 8.3100004196167 8.35000038146973 8.4399995803833 8.5 8.53999996185303 8.61999988555908 8.65999984741211 8.98999977111816
-9999 1.75999999046326 10.0200004577637 7.48000001907349 1.33000004291534 4.59999990463257 2.86999988555908 2.44000005722046 3.45000004768372 6.42000007629395 2.71000003814697 4.90000009536743 7.42000007629395 10.2299995422363 8.94999980926514 5.17999982833862 1.83000007213653 2.08999991416931 0.509999990463257 3.75999999046326 5.71999978836336 6.26000022888184 6.44000005722046 6.78999996185303 6.8899998664856 7.09000015258789 6.88000011444092 6.88000011444092 6.84000015258789 6.90999984741211 7.01999998091189 7.23000001900305 7.26000022888184 7.55999994277954 7.5900001525861 7.76999998092651 7.98000001907349 8.27999973297119 8.39000034332275 8.42000007629395 8.55000019073486 8.55000019073486 8.5600004196167 8.56999969482422 8.65999984741211 8.69999980926514 8.89999961853028
-9999 2.16000008583069 1.5 10.3999984361577 1.99000000953674 5.80999994277954 4.53000020980835 2.65000009536743 4.30999994277954 5.86999988555908 3.54999995231628 5.69999980926514 7.05999994277954 10.1499996185303 8.56000042764338 6.34999990463257 3.51999998092651 2.91000008583069 2.28999996185303 2.35999989509583 6.17999982833862 6.34000015258789 6.48000002662197 6.80000019073486 7.03000020980835 7.19000005722046 7.09000015258789 7.03000020980835 6.96000003814697 6.84999990463257 6.92999982826065 6.92999982833862 6.86999988555908 7.26000022888184 7.46999979017346 7.65000009536743 7.92000007629395 8.2899999618497 8.56999969482422 8.72000026702881 8.73999977111816 8.55000019073487 8.80000019073486 8.69999980926514 8.78999996185303 9.0600004196167 8.96000003814697
-9999 2.39000010490417 4.55999994277954 9.28999996185303 7.15000009536743 5.63000011444092 5.21000003814697 4.19000005722046 5.32000017166138 5.88000011444092 3.21000003814697 5.48999977111816 7.15999984741211 9.48999977111816 9.35000038146973 4.26000022888184 3.05999994277954 1.27999997138977 2.27999997138977 1.2200001372378 2.52999997062991 6.3400000206368 6.82999992370606 7.01999998092651 6.96000003814697 7.09000015258789 6.94000005722046 6.80999994277954 6.69999980926514 6.71999979022614 6.78999996185303 6.76000022888184 5.42999982833862 5.73999977111816 6.98999977111816 7.53000020980835 7.96999979019165 8.47000026702503 8.61999988555908 8.75 8.63000011444092 8.61999988555908 8.77000045776367 8.85999965667726 9.09000015258789 9.21000003814697 9.1899995803833
-9999 2.83000011692575 3.97000002861023 6.40000009536743 10.1300001144409 5.53999996185303 7.28000020980835 5.53000020980835 4.55000019073486 3.94000005722046 4.28999996185303 5.21999979019165 5.71999979019165 9.0600004196167 10.0799999237061 4.21999979019165 4.01000022888184 1.98000001907349 3.29999995231628 5.69000005722046 2.63000011444092 1.91999997433608 0.75 6.30999993604728 7.01000022888184 7.01000022888184 6.92000007629394 6.82999992370605 6.67000007655985 6.67000007629395 6.75 6.69999980926514 5.76000022888184 5.86999988555908 5.96999979019165 6.65000009536743 8 8.4999999999968 8.72999954223633 8.77999973297119 8.76000022888184 8.53999996185303 8.94999980926514 9.05000019073486 9.19999980926514 9.21000003814697 9.14000034332275
-9999 2.72499990463257 3.39750003814697 4.2975001335144 8.76750012119339 6.65250015258789 6.96999979019165 5.75 5.78000020980835 5.42999982833862 6.09999990463257 4.15000009536743 3.57999992476648 8 10.2299995422363 7.28999996185303 3.33999991416931 1.86000001430511 3.54999995231628 7.1100001335144 2.50999999046326 1.46000003814697 1.20000004830726 6.30000019073486 7.40000009536743 6.86999988555908 6.88000011444092 6.73999977111816 6.67999982833862 6.61999988555908 6.42000007629394 6.55999994277954 6.69000005722046 6.61999988555908 7.15999984741211 7.26999998092651 7.98000001907349 8.35000038146973 8.64000034332275 8.80000019073486 8.89999961853026 9.02999973297119 9.10000038146973 9.06999969482417 9.13000011444092 9.19999980926514 9.15999984741211
-9999 3.36500000953674 2.45250010490417 3.05250000953674 6.59499979019165 10.1199998855591 4.63749980926514 6.36749970381184 3.38000011444092 5.67999982833862 5.83750009536743 5.8125 2.74499988555908 6.27750015258789 11.3249998092651 4.25500016870503 2.09249997138977 3.26500010490417 3.1800000667572 7.12249994277954 5.49749994277954 2.45250010490417 1.95500004291534 4.29250001907349 2.66000006614801 4.76000022888184 5.90999984741211 6.65999984741211 6.59999990463257 6.57000017166138 5.98999977111816 5.98000001907349 6.15000009536743 6.75 6.67999982833862 6.48999977111816 7.8899998664856 8.35000038146973 8.35000038146973 8.56999969482422 8.23999977111835 8.51000022888184 8.35000038146973 8.3800001144409 8.46000003814697 8.6899995803833 8.92000007629395
-9999 7.16249990463257 5.19749940632554 1.35500001907349 4.13500022888184 9.70750045776367 6.76999998092651 4.92999982833862 3.30250000953674 6.09000015258789 6.79500008479398 5.45499992370605 4.14499998092651 5.31750011444092 10.6750001907349 9.1850004196167 5.03999996185303 4.19000005722046 3.88499998271464 5.72749996185303 6.88500022888184 3.96499991416931 2.95250010490418 3.25500011444092 2.0550000667572 0.59249997138977 5.64499997764653 6.87750005355452 7.24249982833862 7.25000000000346 7.60750007629395 8.52499961853027 9.07750034332275 9.52750015258789 9.33749961853027 9.56999969482422 10.6199998855591 11.4274997711182 11.6525001525879 12.6099996566772 10.9200000762963 12.2224998474121 13.2200002670288 12.9975004196167 13.3374996185303 14.0200004577637 14.3950004577637
-9999 6.67999982833862 3.42000007629395 1.75250005722046 4.10249996185303 9.80000022819068 9.64249992370605 7.55000019073486 4.13749980926514 6.625 7.61250019073486 4.4524998664856 4.63749980926514 7.78749990463257 8.41749954223633 10.4049997329712 9.56500053405762 2.98250007629395 2.71000003814697 4.83500003814697 9.14750003814697 7.32749983403129 3.52500009536743 3.30999994277954 2.58249998092651 2.53749990463257 4.22749996185303 5.28249979019165 5.63250017166138 6.78749990479916 7.55249977111816 8.52499961853027 8.93000030517578 9.21749973297119 9.6850004196167 9.76249980926514 9.98250007629395 11.5474996566772 12.2749996185303 12.5649995803833 12.1875000000003 12.6049995422363 12.4575004577637 12.272500038147 12.5675001144409 14.0675001144409 14.4875001907349
6.15250015258789 7.09499979019165 1.99749994277954 1.47749996185303 5.5 9.7475004196167 7.40000009536743 9.4350004196167 7.67000007629395 5.97249984741211 5.92749968967092 4.03249979019165 6.46000003814697 5.57999994781864 5.08500003814697 8.48499965667725 9.80249977111816 4.97749996185303 3.78500008583069 4.73250007629395 7.6725001335144 7.69999980926514 6.86499977111816 3.72000002861023 5.50500011444092 1.10249996185303 4.23250007629395 4.1725001335144 5.30000019073486 6.78000020980835 7.75250005722046 8.35499954223633 9.21749973285971 9.5024995803833 9.90250015258789 9.66250038146973 9.98750019073487 11.789999961853 12.4975004196167 12.727499961853 13.6800003051756 13.5174999237061 12.5450000762939 12.3400001525879 12.2049999237061 14.0325002670288 14.3774995803833
6.21250009536743 7.24749994277954 2.32750010490417 3.80999994277972 7.63999986648559 6.56500005722046 4.42500019073486 6.18249988555908 7.24249982833862 3.875 5.83500003814697 5.93500030112618 5.1875 5.50750017166138 4.80999994277954 7.73250007629395 7.57000018384306 8.57999992370605 6.51999998092651 4.3600001335144 6.53999996185303 8.5625 8.11750030517578 6.88000011444092 2.20000005528554 3.73499989509583 2.93499994277954 2.35500001907349 4.96000003814697 7.65000009536743 8.3125 8.96249961853027 9.47999954219074 9.63749980926514 10.1274995803833 10.1525001525997 11.3500003814727 12.3199996948272 12.4025001525879 12.9750003814697 13.9525003433228 14.1674995422363 13.4324998855591 13.2849998474121 13.3800001144409 14.125 14.4499998092651
6.62249994277954 7.66499996185303 3.1949999332428 7.02500009536743 8.18249988555908 6.14499998092651 4.51999998092651 3.29999995231628 8.46500015258789 6.44750022888184 8 8.96500015258789 6.11499991843994 9.77250003814697 6.78000020980835 7.20749998092651 6.21000003814697 6.46000003814697 9.5600004196167 8.3725004196167 5.88000011444092 7.65000009536743 6.37249994277954 7.96500015258789 3.46499991416931 3.3050000667572 2.70499992370605 2.42000007629395 5.45749998092651 7.46999979019165 8.1899995803833 8.76249980926514 9.1899995803833 9.46249961853027 10.0775003433228 10.4549999237061 11.3125 12.352499961853 12.5200004577637 13.1175003051758 13.539999961853 13.6274995803833 13.8874998092651 13.7375001907349 13.9300003051758 14.0275001525882 14.3699998855587
