SnowAccumulation_R/test/tmax/final_tmax_12_04_2009.asc
NCOLS 97 
NROWS 69 
XLLCORNER 52512.810182332 
YLLCORNER 5316225.2758522 
CELLSIZE 10000 
NODATA_value -9999 
[rows 42 to 62 of 69, columns 0 to 46 of 97]
-9999 -9999 8.72999954223633 2.49000000953674 0.129999995231628 0.519998964161273 -0.439999997615814 1.42999994754791 2.31000014909595 7.09000015258789 3.64000010490417 8.14999955347612 7.19999980926514 3.48000001907349 3.6800000667572 0.490000009536743 5.23000001907349 0.410000013061352 10.4399995435425 10.5500001901386 11.1700000762939 11.4499998092651 12.2299995422363 12.499999999617 12.9200000751985 13.8400001525879 14.5600004196167 14.7700004577637 14.8299999237061 15.3100004196167 15.5100002288818 15.5 15.6700000762939 15.9899997711182 16.2800006866455 16.3799991607666 16.5799999237061 16.6599998474121 16.7700004577637 16.8199996948242 16.7800006866455 16.6800003051758 16.6900005340576 16.6599998474121 16.5400009155273 16.3999996185303 16.3899993896484
-9999 -9999 5.46999979019165 1.62000000476837 1.9099999666214 -0.189999997615814 1.45999976653003 0.970000028610229 6.09000015258789 3.61999988555908 7.36999988555908 4.48000001907349 2.00999999046326 1.0900000333786 4.34999990463257 2 6.03999996185303 2.32999992370605 10.0500001907349 10.789999961853 10.8199996948242 11.3599996566772 11.710000038147 12.4200000762939 12.7600002288818 13.7700004577637 14.5299997329712 14.9799995422363 14.9099998474121 15.25 15.4799995422363 15.5100002288818 15.6899995803833 15.8900003433228 16.2299995422363 16.1800003051758 16.3999996185303 16.4799995422363 16.6299991607666 16.9599990844727 16.7199993133545 16.7999992370605 16.7399997711182 16.6700000762939 16.5499992370606 16.4599990844727 16.4599990844727
-9999 -9999 9.38000011444092 2.86999988555908 2.20000004768372 -0.699999988079071 2.19000005722046 1.09999886491048 7.73999977111816 7.13000011444092 11.1800003051758 7.6399998664856 5.3600001335144 4.36999988555908 1.28999996185303 2.59999990463257 5.84999990463257 3.72000002861023 10.3500003814697 10.5 10.8100004196167 11.3999996185303 11.7299995422363 12.0100002288818 12.039999961853 12.8299999237061 13.6700000762939 14.7200002664906 14.7200002670288 15.25 15.460000038147 15.5299997329712 15.7399997711182 15.9499998092651 16.2000007629395 16.1299991607666 16.3400001525879 16.4599990844727 16.5300006866455 16.6299991607666 16.5799999237061 16.6499996185303 16.6900005340576 16.7000007629395 16.6200008392334 16.5799999237061 16.6200008392334
-9999 -9999 9.89999961853028 3.11999923801918 0.720000028610229 0.370000004768372 0.139999996445782 1.29999995231628 2.1200003667726 3.71000012608662 11.1899995803833 6.80000019073486 4.570000165909 1.03999996185303 -0.0299999993294477 3.54999995231628 5.65999984741211 5.07999992370605 10.039999961853 10.1000003814697 10.6300001144409 10.8299999237061 11.5200004577637 12.3400001525879 12.6599998474121 13.0600004196167 13.9200000762939 14.6700000760933 14.9399995801307 15.0299997329712 15.3599996566772 15.4399995803833 15.6999998092651 15.8599996566772 15.9300003051758 16.25 16.3400001525879 16.3999996185303 16.3400001525879 16.4799995422363 16.4500007629395 16.5599994659424 16.5599994659424 16.5499992370605 16.6000003814697 16.6599998474121 16.6700000762939
-9999 -9999 10.5 1.0900000333786 1.96000003814697 3.07999992370606 2.28999996185303 1.03999996185303 0.620000004768371 7.15000060474032 11.1800003051758 6.36000013351441 3.60999989509583 1.19000005722046 1.91999995708466 1.98000001907349 4.73000001907349 3.30999994277954 2.58999991416931 10.0200004577637 10.4700002670288 10.9799995422363 11.3299999237061 11.8999996185303 13.5699996916783 13.5699996948242 14.3299999232933 14.6300001144409 14.8800001144409 15.0600004196167 15.1700000762939 15.4300003051758 15.6300001144409 15.6999998092651 15.789999961853 16.1900005340576 16.2900009155273 16.2600002288818 16.2800006866455 16.2999992370605 16.2700004577637 16.3199996948242 16.4300003051758 16.4899997711182 16.4799995422363 16.4899997711182 16.8700008392334
-9999 -9999 10.75 1.60000002384186 3.60999989509583 3.33999991416931 3.34999990463257 0.479999989271164 2.29999995231628 9.07999992370605 11.8100003949114 7.28000020980835 2.90000009536743 1.46000003814697 2.85999989509583 2.32999992370605 4.67000007629395 5.34000015258789 9.82999959417824 9.85999965667724 9.73999977111817 10.7700004577637 11.2299995422363 11.8500003814697 13.1300001116829 13.9099998457529 14.1199998855591 14.7299995422363 14.8100004196167 15.0500001907349 15.2600002288818 15.5900001525879 15.3999996185303 15.6099996566772 15.6999998092651 15.9099998474121 15.9700002670288 16.1399993896484 16.1900005340576 16.3600006103516 16.2600002288818 16.0900001525879 16.2800006866455 16.3500003814697 16.4200000762939 16.3400001525879 16.4799995422363
-9999 5.21999979019165 10.460000038147 4.65999984741211 2.42999991427223 3.92000007629395 1.58000004291534 1.36000023167683 5.19999980926514 10.3699998855591 11.5699997096362 6.95000019208761 1.70000004768372 3.22000002861023 4.44000005722046 2.94000005722046 4.94000005722046 4.84000015258789 3.24000000953674 9.71000003814697 9.89000034332275 10.8599996566772 11.2700004577637 11.8999996185303 12.1400003433228 13.2600002288818 13.75 14.1700000762939 14.4200000762939 14.8900003433228 15.2899999617362 15.6199998855591 15.3699998856151 15.4899997711182 15.6000003814697 15.7600002288818 15.75 15.8199996948242 16.0900001525879 16.25 16.1599998474121 16.0699996948242 16.2000007629395 16.3199996948242 16.3899993896484 16.2700004577637 16.2800006866455
-9999 7.69000005722046 10.0299997329712 2.98000001907349 3.67000007629395 2.48000001907349 5.90999984741211 6.25 7.69000005722046 10.710000038147 11.9300003051758 11.8500003814697 2.19000009498635 6.98000001770826 6.98999977111816 4.78999996185303 4.66000014874072 6.61999988555908 4.55000019073486 10.0699996943409 10.1899995803833 10.3999996185303 11.0200004577637 11.6800003051758 11.9200000762939 12.9200000762939 13.7299995422363 13.8999996185303 14.2700004577637 14.9200000762322 15.0799999237061 14.9899997711182 15.1300001144409 15.3100004196167 15.4300003051758 15.5500001907349 15.6300001144409 15.8100004196167 15.9700002670288 16.0499992370605 16.0699996948242 16.1200008392334 16.25 16.2900009155273 16.25 16.1200008392334 16.0499992370606
-9999 1.91999995708466 5.81000133216146 3.86999988555908 0.759999990463257 2.1800000667572 2.46000003814697 3.14000010490417 4.94000005722046 8.65999984741211 10.5900001525879 11.3000001907349 9.22999954223633 7.78999996185303 7.15000009536743 4.63000011444092 5.57000017166138 6.8899998664856 5.94999980926514 10.060000425346 10.3299999237061 10.5299997329712 11.0699996948242 11.3400001525879 12.4899997711182 12.6199998855591 13.4399995803833 14.060000419096 14.0600004196167 14.8199996946802 14.9700002670288 14.9499998092651 15.039999961853 15.2399997711182 15.1700000762939 15.3800001144409 15.6400003433228 15.8299999237061 15.9099998474121 15.9399995803833 16.0200004577637 16.0499992370605 16.0799999237061 16.0499992370606 16.1800003051758 16.0100002288818 15.9399995803833
-9999 3.57999905846898 10.710000038147 4.48999977111816 1.29999995231628 3.82999992370605 4.09000015258789 3.38000011444092 2.97000022028747 9.27999973297119 9.22000026702881 7.6399998664856 11.8900003433228 8.92000007629395 5.59000015258789 8.88000029667833 4.48999977111816 5.90000009536743 3.25 10.1700000762939 10.3900003382021 10.789999961853 11.1899995803833 11.6700000762939 12.2200002666742 12.2200002670288 13.4300003048913 13.8299999237061 14.229999541858 14.2299995422363 14.7700004577637 14.789999961853 14.9399995803833 14.8000001907349 14.9300003051758 14.9899997711182 15.25 15.4399995803833 15.8199996948242 15.9099998474121 15.9499998092651 16.0200004577637 16.0499992370605 16.0300006866455 15.9200000762939 15.7799997329712 15.8699998855591
-9999 2.69000005722046 9.75 7.71999979019165 2.5699999332428 5.73000001907349 4.19000005722046 3.94000005722046 5.13000011444092 8.43000030517578 4.63999986648559 7.30999994277954 10.4399995803833 14 13.1999998092651 8.43000030517578 4.57999994744828 4.96999979019165 3.51999998092651 7.13000011444092 10.2700004190036 11.1300001144409 11.4399995803833 11.7299995422363 11.8400001525879 12.1400003433228 12.710000038147 12.9899997711182 13.6899995803833 14.0100002288818 14.4099998473195 14.729999542129 14.75 14.9399995803833 15.0399999618494 14.9799995422363 15.1800003051758 15.6300001144409 15.7299995422363 15.8299999237061 15.9799995422363 15.9899997711182 16 15.960000038147 15.8400001525879 15.7600002288818 15.6499996185303
-9999 3.02999997138977 2.59999990463257 10.5799988641773 3.17000007629394 6.94999980926514 5.82999992370605 4.17000007629395 6.07000017166138 7.88000011444092 5.55999994277954 8.27000045776367 10.0900001525879 14.3999996185303 13.0299997418767 9.96000003814697 6.28000020980835 5.63000011444092 5.19999980926514 5.44999980926514 10.5299997329712 10.8100004196167 11.1599998480591 11.6400003433228 12.0299997329712 12.1800003051758 12.5200004577637 12.710000038147 12.6099996566772 13.289999961853 14.0500001905545 14.1099996566772 14.1199998855591 14.5799999237061 14.8400001525697 15.0100002288818 15.2399997711182 15.5600004196138 15.8000001907349 15.9099998474121 15.8999996185303 15.8900003433228 15.960000038147 15.9300003051758 15.7799997329712 16.1299991607666 15.9899997711182
-9999 3.24000000953674 5.17000007629395 10.25 7.96999979019165 6.80999994277954 6.67000007629395 5.75 7.17999982833862 7.94000005722046 5.21000003814697 8.02999973297119 10.25 13.8699998855591 14.1000003814697 7.01000022888184 5.67000007629394 3.9300000667572 4.98999977111816 4.1900001585759 5.63999986514123 10.8100002541234 11.1899995803833 11.4499998092651 11.960000038147 11.9700002670288 12.3599996566772 12.1199998855591 12.4700002670288 13.3299999232094 13.539999961853 13.5900001525879 12.6899995803833 13.2799997329712 14.3299999237061 14.789999961853 15.1800003051758 15.6300001144375 15.7799997329712 15.9099998474121 15.789999961853 15.7700004577637 15.8999996185303 15.9799995422363 16.1700000762939 16.2099990844727 16.1499996185303
-9999 3.62000007055677 4.71999979019165 7.13000011444092 11.25 6.76000022888184 8.88000011444092 7.17000007629395 6.36999988555908 5.92000007629395 6.40999984741211 7.69999980926514 8.42000007629394 13.1999998092651 14.8699998855591 6.88999986648559 6.69000005722046 4.57999992370605 5.96000003814697 8.64000034332275 5.48999977111816 5.01999999407046 4.17000007629395 9.68999957320222 11.2700004577637 11.3800001144409 11.3900003433228 11.6199998855591 12.170000076237 12.5 13 13.039999961853 12.6700000762939 13.1099996566772 13.3100004196167 13.8999996185303 15.0699996948242 15.5600004196134 15.8000001907349 15.9200000762939 15.9099998474121 15.6700000762939 16.0400009155273 16.1299991607666 16.2299995422363 16.1599998474121 16.0499992370606
-9999 5.18499994277954 6.08249998092651 6.44750022888184 9.9624997700805 8.10999965667725 8.56999969482422 7.42999982833862 7.73999977111816 7.59999990463257 8.5 6.42000007629395 5.9099998485062 11.6099996566772 14.7600002288818 10.8800001144409 5.88000011444092 4.42999982833862 6.17999982833862 10.4499998092651 5.32000017166138 4.42999982833862 4.46999978894456 9.35000038146973 10.5100002288818 10.8699998855591 10.7399997711182 11.1199998855591 11.5799999237061 11.5 11.9700002670288 12.3100004196167 12.6999998092651 13.4300003051758 14.0699996948242 14.1999998092651 14.8800001144409 15.289999961853 15.6199998855591 15.9099998474121 15.9899997711182 16.0900001525879 16.1200008392334 16.079999923706 16.0900001525879 16.0900001525879 16
-9999 5.82000017166138 5.42749977111816 5.45499992370605 8.23250007629394 11.8774995803833 7.09749984741211 9.54750052915085 8.48999977111816 10.4099998474121 10.4375 8.89000034332275 7.15500020980835 10.8374996185303 16.3125 10.0850000886628 8.55249977111816 10.1300001144409 9.77750015258789 13.3125 12.5349998474121 9.59749984741211 9.02000045776367 11.9575004577637 6.01000026167656 8.14000034332275 9.98999977111816 10.8500003814697 11.1199998855591 11.289999961853 11.3800001144409 11.6999998092651 12.1800003051758 13.210000038147 13.3299999237061 13.210000038147 14.6300001144409 15.1499996185303 15.1999998092651 15.5299997329712 15.2299995422365 15.4899997711182 15.3100004196167 15.3199996948242 15.3400001525879 15.5100002288818 15.710000038147
-9999 9.10249996185303 7.50999944709576 3.65750002861023 6.32499980926514 11.8000001907349 8.88500022888184 7.88250017166138 7.51999998092651 10.539999961853 11.0050001127774 8.36250019073487 8.4975004196167 9.8125 15.477499961853 14.5174999237061 11.4099998474121 11.2224998474121 10.1274995748177 11.7624998092651 13.625 10.8999996185303 10.4300003051758 11.4575004577637 10.4049997329712 8.76500034332275 13.0225000366153 14.0550003027465 14.2049999237061 14.112500190747 14.1099996566772 14.6975002288818 15.0950002670288 15.3450002670288 15.1374998092651 15.335000038147 16.1749992370605 16.6900005340576 17.0400009155273 16.9775009155273 15.3225002288842 16.5599994659424 17.1424999237061 16.9424991607664 17.0925006866455 17.2924995422363 17.2975006103516
-9999 8.21500015258789 5.27500009536743 3.80999994277954 6.67999982833862 12.1925001034245 11.5 10.0074996948242 6.15000009536743 9.80749988555908 10.4899997711182 7.42000007629395 8.98999977111816 12.147500038147 13.0150003433228 14.4899997711182 13.4250001907349 8.60000038146973 8.60999965667725 10.6975002288818 14.9949998855591 13.727499944518 11.0299997329712 12.1800003051758 11.6149997711182 11.4324998855591 12.1999998092651 13.0825004577637 12.6875 13.442500114452 13.914999961853 14.6300001144409 14.9099998474121 15.0325002670288 15.4025001525879 15.4750003814697 15.4975004196167 16.8950004577637 17.5625 17.2049999237061 16.3799991607669 16.8724994659424 16.5599994659424 16.3349990844727 16.0424995422363 17.3649997711182 17.5524997711182
7.13500022888184 8.0625 3.51999998092651 3.2574999332428 7.70499992370606 11.647500038147 9.21749973297119 11.4949998855591 9.29500007629395 7.625 8.85750006644136 7.42749977111816 10.6424999237061 10.0275001746816 9.55000019073487 12.1350002288818 13.2600002288818 10.0150003433228 9.32499980926514 10.4700002670288 13.3800001144409 14.5699996948242 14.1999998092651 12.125 14.085000038147 9.53250026702881 12.3950004577637 12.1700000762939 12.2700004577637 13.147500038147 13.8924999237061 14.3325004577637 15.0725002287994 15.3325004577637 15.6899995803833 15.4250001907349 15.5524997711182 17.1275005340576 17.5599994659424 17.4575004577637 17.9249992370604 17.7625007629395 16.8125 16.6650009155273 16.4799995422363 17.3850002288818 17.5650005340576
6.86499977111816 7.84999990463257 3.56500005722046 5.15999984741233 9.3125 8.42250061035156 6.16499996185303 8.3149995803833 8.68000030517578 5.59000015258789 8.95250034332275 9.49000016910019 9.08500003814697 9.9975004196167 9.36750030517578 12.1424999237061 12.265000352459 13.4575004577637 11.8000001907349 9.7475004196167 12.2849998474121 14.6824998855591 14.9350004196167 14.0500001907349 9.66749954959042 11.147500038147 10.3450002670288 9.55249977111816 11.5325002670288 13.6700000762939 14.2399997711182 14.8074998855591 15.2749996184774 15.5200004577637 16.3875007629395 16.0599994659798 16.8999996185338 17.6749992370632 17.6350002288818 17.7824993133545 18.3549995422363 18.4874992370605 17.6424999237061 17.5174999237061 17.6525001525879 17.5650005340576 17.7075004577637
7.19500017166138 8.27999973297119 4.19750022888184 8.23499965667725 9.50749969482422 7.80499982833862 6.30000019073486 5.36499977111816 9.42500019073486 7.80999994277954 11.6125001907349 13.1899995803833 9.89999986808436 14.0775003433228 11.2200002670288 11.9125003814697 11.1525001525879 11.4875001907349 14.4425001144409 13.522500038147 11.2224998474121 13.5574998855591 12.6199998855591 14.4674997329712 10.2674999237061 10.0675001144409 9.33250045776367 8.90250015258789 11.1925001144409 13.0500001907349 13.8549995422363 14.4324998855591 14.9975004196167 15.3599996566772 16.2374992370605 16.4825000762939 16.8150005340576 17.6700000762939 17.7275009155273 17.8724994659424 18.1825008392334 18.1825008392334 18.0699996948243 17.9074993133545 17.9899997711182 17.7049999237071 17.8799991607669
