SnowAccumulation_R/test/tmax/final_tmax_22_04_2009.asc
NCOLS 97 
NROWS 69 
XLLCORNER 52512.810182332 
YLLCORNER 5316225.2758522 
CELLSIZE 10000 
NODATA_value -9999 
[rows 42 to 62 of 69, columns 0 to 46 of 97]
-9999 -9999 13.9899997711182 9.81999969482422 7.42999982833862 7.71999878837905 6.76999998092651 9.03999996185303 9.9899999512483 13.5 11.1000003814697 13.4300002726487 12.6099996566772 10.1400003433228 9.71000003814697 6.67999982833862 9.32999992370606 5.57000018514267 9.84000013928271 9.53999996347927 9.5 10.0100002288818 10.6499996185303 10.7799997326521 10.8299999235756 11.1099996566772 12 11.8599996566772 12.0200004577637 12.7299995422363 13.4300003051758 13.8000001907349 14.1400003433228 14.6000003814697 15.1800003051758 15.3400001525879 16.2700004577637 16.3500003814697 16.6499996185303 16.8299999237061 16.4500007629395 16.6100006103516 16.3799991607666 16.3099994659424 16.1399993896484 16.2099990844727 16.2000007629395
-9999 -9999 13.0100002288818 9.15999984741211 9.72999954223633 7.48999977111816 9.20999988654699 8.77000045776367 13.3699998855591 11.4300003051758 13.6800003051758 11.6899995803833 9.43000030517578 8.15999984741211 10.3599996566772 8.30000019073486 9.94999980926514 7.34000015258789 10.3800001144409 9.35000038146972 7.36999988555908 9.59000015258789 10.5600004196167 11.0200004577637 11.1700000762939 11.7700004577637 11.9700002670288 11.4700002670288 12.0200004577637 12.8299999237061 13.6400003433228 14.3599996566772 14.3500003814697 15.0600004196167 16.0400009155273 16.25 16.6700000762939 16.9099998474121 17.0699996948242 17.5 17.3099994659424 17.0799999237061 17.0200004577637 16.4500007629395 16.4899997711182 16.3400001525879 16.3299999237061
-9999 -9999 15.1199998855591 10.8599996566772 10.3000001907349 7.09000015258789 10.4899997711182 9.13999909401583 14.8000001907349 14.2600002288818 15.9499998092651 13.7200002670288 12.2799997329712 11.1800003051758 8.17000007629395 9.0600004196167 10.3599996566772 8.60000038146973 10.8800001144409 10.5600004196167 9.60999965667725 10.210000038147 10.9099998474121 11.3800001144409 11.789999961853 11.8699998855591 11.9499998092651 12.5900001525128 12.5900001525879 13.5 13.6700000762939 13.9099998474121 15 15.6599998474121 16.0599994659424 16.5100002288818 16.9699993133545 17.0100002288818 17.0900001525879 17.1599998474121 17.3299999237061 17.2199993133545 17.0499992370605 17 17 16.8199996948242 16.7600002288818
-9999 -9999 15.5799999237061 11.4399988601605 8.84000015258789 8.57999992370605 8.35999965667725 9.75 10.4400001507107 11.930000372894 16.5499992370605 13.6099996566772 11.9899997650172 8.53999996185303 7.11999988555908 10.0799999237061 10.8299999237061 9.85999965667724 11.8299999237061 11.7600002288818 11.5 11.6999998092651 12.1000003814697 12.0600004196167 11.8599996566772 12 12.75 12.8100004195916 12.9799995420773 13.3100004196167 14.1499996185303 14.3999996185303 15.4099998474121 15.9200000762939 16.1599998474121 16.8600006103516 17.2399997711182 17.2199993133545 17.1900005340576 17.3099994659424 17.3700008392334 17.3299999237061 17.2700004577637 17.3199996948242 16.9799995422363 17.0200004577637 16.7800006866455
-9999 -9999 16.0900001525879 9.39999961853027 10.5100002288818 11.8699998855591 11.0200004577637 9.63000011444092 9.14000034332275 14.7900004600713 17.1100006103516 13.6300001144409 11.2799997329712 8.89999961853027 9.23999977111816 8.88000011444092 10.7700004577637 9.21000003814697 8.17000007629395 12.5100002288818 12.539999961853 12.6099996566772 13.25 13.1499996185303 12.9200000757874 12.9200000762939 13.0200004571859 12.9099998474121 12.8000001907349 13.710000038147 14.5600004196167 14.8800001144409 15.6800003051758 16.0200004577637 16.3199996948242 16.6800003051758 17.1700000762939 17.1800003051758 17.3099994659424 17.3299999237061 17.3400001525879 17.3899993896484 17.4099998474121 17.3299999237061 17.1100006103516 16.9699993133545 16.7399997711182
-9999 -9999 17.1399993896484 10.210000038147 12.6599998474121 12.3800001144409 12.3599996566772 9.14000034332275 11.1199998855591 16.9500007629395 18.1900007440503 14.460000038147 10.8699998855591 9.36999988555908 10.3299999237061 9.47000026702881 11.1700000762939 11.25 13.3399999512445 13.539999961853 13.6400003433228 13.8199996948242 13.7799997329712 13.6300001144409 13.5799999237596 13.3599996571452 13.3800001144409 13.5299997329712 13.9700002670288 14.6199998855591 14.9099998474121 15.0600004196167 15.3100004196167 15.960000038147 16.3099994659424 16.5499992370605 16.8799991607666 17.0799999237061 17.2600002288818 17.2999992370605 17.3400001525879 17.6499996185303 17.4300003051758 17.5100002288818 17.1299991607666 16.9200000762939 16.9799995422363
-9999 14.75 18.1299991607666 14.1400003433228 11.4599998651789 13.2299995422363 10.5500001907349 10.3000004204272 14.1700000762939 18.7800006866455 19.440000527886 14.4799998153165 9.92000007629395 11.210000038147 11.9099998474121 10.3000001907349 11.8000001907349 11.3500003814697 9.55000019073486 14.289999961853 14.7299995422363 15.1899995803833 15.2399997711182 15.0600004196167 14.960000038147 14.3000001907349 14.1599998474121 13.9899997711182 14.2700004577637 14.3500003814697 15.3400001523445 15.5299997329712 15.7200002669863 16.1800003051758 16.4699993133545 16.6800003051758 16.7000007629395 17.1700000762939 17.2800006866455 17.4099998474121 17.5300006866455 17.6299991607666 17.6399993896484 17.6399993896484 17.5100002288818 17.1800003051758 17.1399993896484
-9999 17.8799991607666 18.8199996948242 12.2600002288818 13.1199998855591 11.7200002670288 15.5 15.539999961853 16.8400001525879 19.7299995422363 19.4500007629394 18.7000007629394 10.5699997640617 14.0100002280099 13.9099998474121 12.1700000762939 11.9200002989739 13.3599996566772 11.1300001144409 15.6199998889427 15.710000038147 15.8699998855591 15.8000001907349 15.7700004577637 15.710000038147 15.6800003051758 14.9700002670288 14.6999998092651 14.6000003814697 15.4799995418728 16.1100006103516 16.3500003814697 16.4300003051758 16.3999996185303 16.5300006866455 16.9300003051758 16.8999996185303 17.1700000762939 17.4400005340576 17.5699996948242 17.8899993896484 17.9200000762939 17.8600006103516 17.8600006103516 18.0200004577637 17.7299995422363 17.5100002288818
-9999 10.9200000762939 16.0900012980892 13.539999961853 9.77999973297119 11.4899997711182 11.789999961853 12.4300003051758 14.1499996185303 17.1399993896484 17.6299991607666 18.4200000762939 15.5699996948242 14.6499996185303 14.1499996185303 12.289999961853 12.8400001525879 13.8100004196167 12.8500003814697 15.6899995861127 15.8900003433228 16.0400009155273 16.0699996948242 16.2199993133545 16.3999996185303 16.2800006866455 15.7700004577637 15.7700004574843 15.7700004577637 16.069999694639 16.4200000762939 16.7700004577637 16.6700000762939 16.5599994659424 17.1399993896484 17.1399993896484 17.2299995422363 17.5 17.5799999237061 17.7099990844727 18.0599994659424 18.0200004577637 18.5599994659424 18.7199993133545 18.4300003051758 18.0599994659424 17.9200000762939
-9999 13.2499990025741 19.1700000762939 14.4499998092651 10.539999961853 13.4499998092651 13.6700000762939 12.7600002288818 12.2700006332502 17.7800006866455 16.7399997711182 15.4099998474121 18.1100006103516 15.1599998474121 13.5 14.8000002385722 12.1700000762939 13.2399997711182 10.6800003051758 15.8400001525879 15.9999999991465 16.3199996948242 16.6399993896484 16.9400005340576 16.6200008394244 16.6200008392334 16.2999992373618 16.1800003051758 16.2600002288062 16.2000007629394 16.4599990844727 16.8099994659424 16.9500007629394 17.1499996185303 17.1599998474121 17.2900009155273 17.6800003051758 17.8700008392334 17.7399997711182 18.1299991607666 18.3600006103516 18.9099998474121 18.8500003814697 19.0499992370605 19.3199996948242 18.9400005340576 18.4599990844727
-9999 12.3100004196167 19.0799999237061 18.2399997711182 12.1400003433228 15.6300001144409 13.8299999237061 13.3999996185303 14.3199996948242 16.9200000762939 13.5200004577637 15.0900001525879 16.3600006103516 18.2800006866455 16.5400009155273 14.9200000762939 12.4600000737603 12.6899995803833 11.2200002670288 14.1000003814697 15.9799995148118 16.9200000762939 16.9500007629395 17.2099990844727 17.1399993896484 17.4300003051758 17.0200004577637 16.9599990844727 16.4400005340576 16.7099990844727 16.7499999999805 17.1700000761531 17.4200000762939 17.6399993896484 17.8600006103426 17.7000007629395 18.1599998474121 18.3500003814697 18.4899997711182 18.6499996185303 19.2800006866455 19.2900009155273 19.3299999237061 19.3600006103516 19.1800003051758 19.3299999237061 19.2800006866455
-9999 12.8100004196167 12.3100004196167 18.9999994216098 12.9099998474121 16.8999996185303 15.5699996948242 13.6700000762939 15.1599998474121 16.4300003051758 14.3100004196167 15.710000038147 16.3700008392334 18.4599990844727 16.6200008477288 15.6099996566772 14 13.5500001907349 12.9399995803833 13 16.3500003814697 16.6200008392334 16.8700008439781 17.1599998474121 17.4200000762939 17.6399993896484 17.5400009155273 17.3799991607666 17.2299995422363 17.2700004577637 17.1299991607032 17.1900005340576 16.8999996185303 17.6399993896484 18.059999465916 18.3099994659424 18.6100006103516 18.8199996948226 18.9400005340576 18.9200000762939 18.8899993896484 19.5100002288818 19.1599998474121 19.7700004577637 19.7600002288818 19.8799991607666 19.8899993896484
-9999 13.1099996566772 15.3699998855591 18.2199993133545 17.8600006103516 16.6299991607666 16.1800003051758 15.1800003051758 16.0699996948242 16.4400005340576 14.1000003814697 15.6800003051758 16.6200008392334 18.0900001525879 17.7199993133545 14.6199998855591 13.7700004577637 12.3500003814697 13.1800003051758 12.1499997135226 13.2799997322698 16.620000724192 17.0900001525879 17.4400005340576 17.5799999237061 17.5400009155273 17.7000007629394 17.6000003814697 17.4699993133545 17.5000000001173 17.1900005340576 17.1399993896484 16.0900001525879 16.4699993133545 17.8700008392334 18.4400005340576 18.8799991607666 19.2399997711159 19.3099994659424 19.3199996948242 19.2199993133545 19.2600002288818 19.5200004577637 19.6900005340576 20.0400009155273 20.2700004577637 20.3099994659424
-9999 13.6000005993556 14.8199996948242 16.9200000762939 18.1299991607666 16.4500007629395 17.8099994659424 16.3700008392334 15.4099998474121 14.8000001907349 15.039999961853 15.6000003814697 15.8699998855591 17.9500007629395 18.6900005340576 14.7299995422363 14.6000003814697 13.0699996948242 14.1199998855591 15.9700002670288 13.6899995803833 12.9499998287072 11.960000038147 16.9899997647311 17.7900009155273 17.7600002288818 17.6800003051758 17.5400009155273 17.4799995421414 17.6599998474121 17.6100006103516 17.4300003051758 17 17.0900001525879 17.2399997711182 17.9200000762939 19.1599998474121 19.5499992370582 19.6900005340576 19.6800003051758 19.6599998474121 19.5599994659424 20 20.1599998474121 20.3999996185303 20.4899997711182 20.4599990844727
-9999 18.1550006866455 18.7474994659424 19.625 24.0925008759756 21.5674991607666 17.3999996185303 16.4899997711182 16.4200000762939 16.0200004577637 16.4500007629395 14.9200000762939 14.4399995812081 17.3899993896484 19.0200004577637 16.8799991607666 14.25 13.1199998855591 14.4700002670288 17.2999992370605 13.7700004577637 12.9099998474121 12.5500001953075 17.1299991607666 18.1900005340576 17.7299995422363 17.7199993133545 17.6900005340576 17.6800003051758 17.5900001525879 17.7299995422363 17.9400005340576 17.9500007629395 18.2800006866455 18.7299995422363 18.8299999237061 19.4200000762939 19.7099990844727 19.9099998474121 19.9899997711182 20.1000003814697 20.2299995422363 20.3999996185303 20.4400005340576 20.5699996948242 20.6700000762939 20.6299991607666
-9999 18.75 17.6674995422363 18.2474994659424 21.6299991607666 25.1474990844727 19.3274993896484 20.8274992384373 16.8349990844727 20.125 20.2649993896484 20.6949996948242 17.4225006103516 21.0224990844727 26.2474994659424 18.9050007429776 16.4724998474121 17.1049995422363 17.0524997711182 21.1149997711182 19.3724994659424 16.2999992370605 15.727499961853 17.9524993896484 14.1400003452793 16.1399993896484 17.0900001525879 17.9799995422363 17.9500007629395 17.9099998474121 18.4099998474121 18.6900005340576 18.6299991607666 18.8500003814697 18.7199993133545 18.5300006866455 19.6499996185303 19.9899997711182 19.9799995422363 20.1299991607666 19.9099998474122 20.1399993896484 20.0799999237061 20.1399993896484 20.25 20.4500007629395 20.6299991607666
-9999 22.6200008392334 20.6149989127986 16.3575000762939 18.8449993133545 24.5725002288818 21.5375003814697 19.7749996185303 17.3724994659424 20.4099998474121 21.3575000886908 20.3274993896484 18.8899993896484 20.0874996185303 25.7250003814697 24.125 19.5224990844727 17.7849998474121 17.8325004492481 19.6875 20.7875003814697 17.8075008392334 16.7049999237061 17.1075000762939 15.6999998092651 14.1225004196167 19.197500225772 20.3500003782123 20.2625007629395 20.5699996946204 20.7425003051758 21.7049999237061 22.2525005340576 22.6224994659424 22.3449993133545 22.6275005340576 23.7749996185303 24.3899993896484 24.6275005340576 25.0149993896484 22.8999996185331 24.1949996948242 24.8899993896484 24.6550006866454 24.9899997711182 25.4025001525879 25.4099998474121
-9999 22.3474998474121 18.8875007629395 16.7124996185303 18.5925006866455 24.4850006668105 24.5450000762939 22.8325004577637 19.6075000762939 21.6275005340576 22.875 19.3700008392334 19.4899997711182 22.6450004577637 23.2775001525879 25.2325000762939 24.2975006103516 17.1100006103516 16.7224998474121 18.7625007629395 23.0650005340576 21.2049998893619 17.2849998474121 17.3374996185303 16.5375003814697 15.9975004196167 17.8899993896484 18.9624996185303 19.0774993896484 20.0149993896743 20.7150001525879 21.5725002288818 22.0524997711182 22.2875003814697 22.7875003814697 22.8899993896484 23.0524997711182 24.4750003814697 25.1025009155273 25.0524997711182 24.8250007629397 25.1825008392334 24.6424999237061 24.3700008392334 24.0799999237061 25.4799995422363 25.7250003814697
22.7649993896484 23.4150009155273 17.5699996948242 16.4724998474121 20.1599998474121 24.7199993133545 22.3799991607666 24.8174991607666 23.2525005340576 21.6574993133545 21.2299994483092 19.0825004577637 21.3899993896484 20.3299999489805 19.8024997711182 23.1875 24.5625 19.3050003051758 17.875 18.6725006103516 21.5925006866455 21.5499992370605 20.6975002288818 17.6350002288818 19.4074993133545 14.6350002288818 18.1000003814697 17.9750003814697 18.6700000762939 19.8600006103516 20.7425003051758 21.3600006103516 22.299999236968 22.6499996185303 23.1450004577637 22.8799991607666 22.9724998474121 24.6275005340576 25.1725006103516 25.2849998474121 26.3950004577633 26.1800003051758 25.2099990844727 25.0224990844727 24.7975006103516 25.5249996185303 25.7299995422363
23.7224998474121 24.0874996185303 17.8875007629395 18.7625007629396 22.5200004577637 21.6299991607666 19.3875007629395 21.4549999237061 22.9500007629395 19.4775009155273 21.3250007629395 21.0774997479954 19.8525009155273 20.2649993896484 19.5074996948242 22.2250003814697 21.992500317865 22.9500007629395 20.6224994659424 18.4050006866455 20.4950008392334 22.5100002288818 22.0025005340576 20.6774997711182 15.7550001224674 17.2350006103516 16.4675006866455 15.7375001907349 17.9675006866455 20.4724998474121 21.1625003814697 21.7625007629395 22.5825004576764 22.9449996948242 23.9775009155273 23.5825004578054 24.3724994659495 25.1975002288852 25.2674999237061 25.6025009155273 26.5799999237061 26.8525009155273 26.1224994659424 25.9575004577637 26.1124992370605 25.8950004577637 26.1100006103516
23.1424999237061 23.6625003814697 18.3075008392334 21.7999992370605 23.1875 21.2275009155273 19.5625 18.4599990844727 24.4775009155273 22.2950000762939 24.0249996185303 25.1299991607666 20.4825003745088 24.6599998474121 21.5575008392334 21.7124996185303 20.5450000762939 20.6499996185303 23.5125007629395 22.5475006103516 19.9599990844727 21.6725006103516 20.3850002288818 21.8575000762939 16.9624996185303 16.6049995422363 15.9650001525879 15.3725004196167 17.8950004577637 19.9724998474121 20.8374996185303 21.5224990844727 22.2150001525879 22.7124996185303 23.7999992370605 24.0224990844727 24.3899993896484 25.2299995422363 25.3700008392334 25.7350006103516 26.1375007629394 26.2075004577637 26.5699996948241 26.4300003051758 26.5424995422363 26.2299995422372 26.4099998474123
