SnowAccumulation_R/test/tmax/final_tmax_25_04_2009.asc
NCOLS 97 
NROWS 69 
XLLCORNER 52512.810182332 
YLLCORNER 5316225.2758522 
CELLSIZE 10000 
NODATA_value -9999 
[rows 0 to 20 of 69, columns 0 to 46 of 97]
-9999.000000000000000 -9999 -9999 -9999 -9999 -9999 -9999 -9999 -9999 -9999 -9999 -9999 -9999 -9999 -9999 -9999 -9999 -9999 -9999 -9999 -9999 -9999 -9999 -9999 -9999 -9999 -9999 -9999 -9999 -9999 -9999 -9999 -9999 -9999 -9999 -9999 -9999 -9999 -9999 -9999 -9999 -9999 -9999 -9999 -9999 -9999 -9999
-9999 -9999 -9999 -9999 -9999 4.34999990463257 3.34999990463257 3.01999998092651 2.5699999332428 3.13000011444092 2.85999989509583 3.01999998092651 3.40000018403894 4.23000001907349 3.75 3.84999990463257 4.57999992370605 5.03999996185303 5.21000003933365 -9999 -9999 -9999 -9999 -9999 -9999 -9999 -9999 -9999 -9999 -9999 -9999 -9999 -9999 -9999 -9999 -9999 -9999 -9999 -9999 -9999 -9999 -9999 -9999 -9999 -9999 -9999 -9999
-9999 -9999 -9999 -9999 -9999 2.90000009536743 2.58999991416931 2.77999997138977 2.98000001907349 3.55999994277954 3.5 4.15000009536743 4.46000003814697 4.24999998087841 3.75 4.23999977111816 4.57999992370605 4.80000019073486 5.13000011444092 5.5599999100692 5.75 6.09999990463257 6.34000015258789 6.55000019073486 6.53999996185303 6.48000001907349 6.65000009536743 6.96999979019165 7.28000020980835 7.75 7.94999980926514 8.39000034332276 8.73999977111816 8.71000003814697 8.51000022888184 8.35000038146973 8.1899995803833 8.11999988555908 8.01000022888184 8.0600004196167 8.0600004196167 8.05000019073487 8.03999996185303 7.84999990463257 7.80999994277954 7.69000005722046 7.55999994277954
-9999 -9999 -9999 -9999 -9999 3.74000000953674 4.07999992370605 3.6800000667572 3.66000015667672 4.21000003814697 4.21000003814697 4.03000020980835 4.42999982833862 3.99000000953674 3.8199999332428 3.95000004768372 4.09999990463257 4.23999977111816 4.75 4.71999979033572 4.90000009536743 5.48999977111816 5.98000001907349 6.36999988555908 6.5599999426823 6.65999984741211 6.82000017166138 7.07999992370606 7.34999990463257 7.96999979019165 8.14000034332275 8.53999996185303 8.72000026702881 8.65999984741211 8.43000030517578 8.28999996185303 8.25 8.17000007629395 8.01000022888184 8.06999969482422 8.09000015258789 8.06000041961678 7.94000005722046 7.88000011444092 7.88000011444092 7.82999992370605 7.78000020980835
-9999 -9999 -9999 -9999 -9999 4.3600001335144 4.48000001907349 4.3200004173446 4.25 4.27000000985168 4.51999998092651 4.51000022888184 4.44000005722046 4.34999990463257 4.32000016862626 4.21999979019165 3.96000003814697 3.96000003814697 4.51999998092651 4.65000009536743 4.82000017166138 5.36999988555908 5.75000000943354 6.38000011444092 6.80999994277954 6.98999977111816 7.09999990463257 7.30000019073486 7.63000011444092 8.03999996185303 8.51000022878467 8.52999973297119 8.48999977111816 8.61999988555908 8.36999988555908 8.23999977111817 8.18000030517578 8.22999954223633 8.02000045776367 8.17000007629395 8.28999996185303 8.13000011444092 8.0600004196167 8.06999969482422 7.8899998664856 7.51000022888184 7.40999984741211
-9999 -9999 -9999 -9999 -9999 4.78000020980835 4.92999982833862 5.01000022888184 4.39000019696853 4.67999982833862 4.48000001907349 4.46000003814697 4.42000007629395 4.36999988555908 4.32000017166138 4.32999992370605 4.17999982833862 4.13000011444092 4.3899998664856 4.80000019073486 4.94999980926514 5.32999992370605 5.94999980926514 6.76000022888184 7.11999988555908 7.44999980903839 7.48999977111817 7.51000022888184 7.76999998092651 8.27999973297119 8.52999973297119 8.43000030517578 8.14000034332275 8.63000011444092 8.4399995803833 8.10000038146972 8.06000041961583 8.13000011444092 8.11999988555908 8.14999961853027 8.05000019073487 7.92999982833862 7.94999980926514 7.98999977111816 7.76000022888184 7.3899998664856 7.21999979019165
-9999 -9999 -9999 -9999 -9999 4.8899998664856 4.94999980926514 5.23999977111816 5.01000022888184 4.63999992769252 4.46000003814697 4.40999984741211 4.34000015258789 4.30000019073486 4.21000003814697 4.07000017166138 3.99000000953674 3.84999990463257 4.46999979019165 4.67000007629395 5.32000017156153 5.61999988555908 6.25 7.03000020980835 7.78000020980835 7.71000004297425 7.76000022888184 7.59000015258789 7.73000001907349 8.46000003814697 8.3100004196167 8.31999969482422 8.47000026702881 8.85000038146973 8.55000019073487 8 7.90999984741065 8.02999973297119 8.06999969482422 7.96999979019165 7.84000015258789 8.10000038146972 8.0600004196167 7.92000007629395 7.55999994277954 7.26999998092651 7.01000022888184
-9999 -9999 -9999 -9999 -9999 5.01999998092651 5.17999985023524 5.28999996185303 4.94000005722046 4.57000017166138 4.5999999960357 4.46000002398443 4.21000003814697 4.07000017166138 4.17999982833862 4.19000005722046 4.26999997945764 4.21999979019165 4.44000005722046 4.78000020980835 5.23000001907349 5.63000011444092 6.46000003814697 6.96999979019165 7.65000009536743 8.21000003814697 8.32999992370606 7.53999996588942 7.61999988555908 7.88000011444092 8.17000007629395 8.40999984736161 8.72999954223633 9.10000038146973 8.53999996185303 7.90999984741211 7.80999994277726 7.96000003814697 7.86999988555908 7.71000003814697 7.69999980926514 7.84999990463257 8.01000022888184 7.78000020980835 7.26000022888184 7.05999994277954 6.8899998664856
-9999 -9999 -9999 -9999 -9999 5.03000020980835 5.11999988555908 5.40000009536743 4.98000001907349 4.86999988555908 4.86000013351441 4.59000021966578 4.53000020980835 4.40999984741211 4.34999990463257 4.44999980926514 4.5 4.65999984741211 4.71000003814697 5.25 5.67000007629395 6.15000009481844 6.57999992370605 6.80999994277954 7.48000001907349 8.10999965667724 8.47000026694966 8.1899995803833 7.80000019073486 7.71000003806911 7.98000001907349 8.28999996185303 8.40999984741211 8.73999977111817 8.36999988555908 7.88000011444092 7.75 7.82999992370605 7.61999988555908 7.48999977111816 7.44999980926514 7.44999980926514 7.53999996185303 7.40999984741211 7.05000019073486 6.73999977111816 6.78000020980835
-9999 -9999 -9999 -9999 -9999 4.78000020980835 5 5.23999977111816 5.07000017166138 4.86999988555908 4.94999980926514 4.94999980926514 4.75000010397039 4.80999994277954 4.71000003814697 4.6399998664856 4.96000003814697 4.94999980875042 5.1399998664856 5.57000017166138 6.01000022888184 5.92000007629394 6.01999998092651 6.57999992370605 7.1399998664856 7.40000009536743 7.78999996185303 7.96000003814697 7.86000013351441 7.71999979019165 7.73999977111816 8.01000022845082 8.09000015219329 8.30000019073486 8.0600004196167 7.76999998092651 7.65999984741211 7.63999986648559 7.46999979019165 7.28000020980835 7.26000022888184 7.28999996185303 7.26999998092657 7.28000020980835 6.92999982833862 6.53999996185303 6.67000007629395
-9999 -9999 -9999 -9999 -9999 3.58999991416931 4.84999990463257 4.90000009536743 4.84999989299839 4.86000013351441 4.98000001907349 5.28000020980835 5.57999992370605 5.13000026068491 5.11999988555908 4.98000001907349 5.25 5.15999984741211 5.5 5.63999986648559 5.84000015258789 5.53999996185303 6.11000013302064 6.23999977111816 6.51000022888184 6.57000017166138 7.26000022888184 7.5 7.51000022888184 7.59000015258789 7.59000015258789 7.48000001907349 7.40999984741211 7.59000015258789 7.80000019067116 7.65000009535584 7.59000015258789 7.55999994277954 7.34999990463257 7.07000017166138 7.09000015258789 7.1100001335144 7.07999992370605 7.01000022888184 6.78000020980835 6.57000017166138 6.73999977111816
-9999 -9999 -9999 -9999 2.85999989509583 2.86999988555908 3.73000001907349 4.46000003814697 4.46000003814697 4.48000001907349 4.73000001907349 5.07000017166138 5.8899998664856 5.86999988555908 5.50000006165413 5.42999982833862 5.42000007629395 5.5 5.7699999802448 5.57000017166138 5.63000011444092 5.51000022888184 5.67000007629395 5.86999988555908 6.23000001907349 6.44000005722046 6.88000011444092 7.23999977097751 7.30999994277954 7.46999979019165 7.46000003814697 7.38000011444092 7.30999994279029 7.38999986648559 7.46999979019165 7.57999992370605 7.57999992370605 7.6100001335144 7.34999990463436 7.03000020980937 6.98999977111789 6.9499998092649 6.88000011444103 6.9000000953678 6.86999988555908 6.92999982833862 7.05999994278061
-9999 -9999 -9999 -9999 2.08999991416931 2.69000005722046 3.51999998092651 4.19000005722046 3.97000002861023 4.26000049202857 5.11000013351441 5.73000001907349 6.32000017166138 6.21999979019165 5.98000001907349 5.23999984664949 5.82000017166138 5.84000015258789 5.42999982833862 5.48000001907349 5.40000009536743 5.76000022888184 5.71999979019165 5.82999992370605 6.15999984741211 6.34999990463257 6.78000020980835 7.07999992370605 7.23999977111816 7.51999998092651 7.40999984741211 7.26999998092651 7.23000001907779 7.34999990463257 7.59999990463257 7.65000009536743 7.71999979019165 7.69000005722122 7.65000009536743 7.30000019073486 7.01999998092651 7.03999996185303 7.1399998664856 7.51999998092651 8.10000038146973 8.17000007629395 8.02000045776367
-9999 -9999 -9999 -9999 1.97000002861023 2.59999990463257 3.28999996185303 3.90000009536743 4.71000003814697 5.17000007629395 5.15999984741211 5.92999982833862 6.42000007629395 6.11999988555908 5.92999982833862 5.92999982833862 5.82000017166138 5.63000011444092 5.40000009536743 5.42000007629395 5.44000009792997 5.53999996185303 6.17000007629395 6.36000013351441 6.28999996185303 6.34000015258789 6.69000005722046 6.96999979019165 7.09000015258789 7.34000015258789 7.42999982833862 7.57999992370605 7.90000009536743 7.75 7.78999996185303 7.80999994277954 7.90999984741211 7.96999979019149 8 7.5 6.98999977111816 7.15999984741211 7.32999992370626 7.90999984741211 8.72000026702881 8.72000026702881 8.35999965667725
-9999 -9999 -9999 -9999 1.289996814021 3.07999992370606 2.4999999855022 2.55999994277954 3.79999995231628 5.28999996185303 5.51000022888184 5.71000003814697 5.92999982833862 5.80999994277954 5.71000003814697 5.46000003814697 5.42999982833862 5.03000020980835 5.13999987305083 6.01999998092651 6.13000011444092 6.26000022888184 6.30999994277954 6.48999977111816 6.57999992370605 6.65999984741211 6.59999990463257 6.59999990463257 7.05000019060767 7.11999988555908 7.25 7.51999998092651 7.94000005722046 7.98000001907349 7.92000007629395 7.94000005722046 8.10999965667725 8.26000022888077 8.38000011444092 7.69000005722046 6.84999990463257 7.28999996185303 7.59999990463266 8.21000003814697 8.80000019073486 8.81999969482422 8.75
-9999 -9999 -9999 -9999 -0.730000019073486 2.65999960291694 2.03999996185303 2.51999998092651 3.24000000953674 4.1399998664856 4.90999984741211 4.82000017166139 5.40000009536743 5.28999996185303 5.32000017166138 5.26999998092651 5.23000001907349 5.15999984741211 5.05999994277954 5.98000001907349 6.32000017166138 6.23000002667506 6.28999996185303 6.78000020926028 6.78000020980835 6.69000005722046 6.38000011444092 6.53999996185303 6.86000013351441 7.01999998092651 6.98000001907349 7.26000022888184 7.42000007629394 7.75 8.01000022888184 8.07999992370605 8.3100004196167 8.38000011444092 8.36999988555908 7.32999992370605 6.6399998664856 7.59999990463257 7.86999988555908 8.47999954223633 8.8100004196167 8.96000003814697 8.93000030517578
-9999 -9999 -9999 -9999 0 -1.86000001430511 0.550000366365516 1.53000019787866 2.75999999046326 2.88000011444092 3.33999991416931 3.77999997138977 4.19000005722046 4.73999977111816 5.15999984741211 5.11999988555908 5.30000019073486 5.32000017166138 5.8899998664856 6.19000005722046 6.34000015258789 6.40000009536743 6.71000003787269 6.90999984741211 6.59000015324545 6.17999982833862 6.25 6.90999984741211 6.98999977111816 6.75 6.98999977111816 7.21000003814697 7.46000003814697 7.82999992367497 8.15999984741211 8.4399995803833 8.53999996185303 8.48999977111816 8.35000038146973 7.63000011444092 7.40999984741211 8.1899995803833 8.80000019073465 8.93000030517578 9.01000022888184 9.14000034332276 9.14999961853027
-9999 -9999 -9999 -9999 -1.07000005245209 -0.769999980926514 -1.39999997615814 0.660000719155853 2.65000009536743 2.59999990463257 2.42000007629394 2.97000002861023 3.31999997111889 4.55999994277954 4.92000007629395 5.01999998092651 4.96999979059721 5.11000013351441 5.78000020980835 6.1100001335144 6.3600001335144 6.73000001894566 6.82000017065589 6.82999992370605 6.88999986648559 6.88999986648559 6.28000020980835 6.86999988555908 6.8899998664856 6.92000007629395 7.1399998664856 7.51999998092651 8.05000019073486 8.42000007629394 8.39999961853027 9.02000045776367 8.93000030517578 8.77000045776367 8.64999961853027 8.42000007629395 8.53999996185303 9.02999973297119 9.36999988555895 9.23999977111816 9.23999977111816 9.1899995803833 9.34000015258789
-9999 -9999 -9999 -9999 -1.18000099208626 -2.04999995231628 -1.79999995231628 1.89999997615814 1.85000002384186 3.1800000667572 2.52999997138977 3.27999997138977 4.03999996185303 4.3899998664856 4.30999994277954 4.94999980926514 4.94000005722046 4.90000009686853 5.90000009531074 6.30999994277954 6.49999999954857 6.73000001907349 6.78999996185303 6.80000019073486 6.8899998664856 6.84000015258789 6.80000019073486 6.78999996185303 6.82999992370606 6.94999980926514 7.40000009536743 7.51000022888184 8.11999988555908 8.39000034332275 8.69999980926514 9.68000030517578 9.48999977111816 9.22000026702881 9.17000007629395 9.18000030517578 9.28999996185303 9.68000030517578 9.85999965667725 9.5600004196167 9.53999996185303 9.47999954223633 9.59000015258789
-9999 -9999 -9999 -9999 -2 -2.66000008583069 -1.82000005245209 -0.529999971389771 4.65999984741211 3.80999994277954 2.98000001907349 3.04999995231628 3.22000002861023 3.91000008583069 4.76999998092651 4.73999977111816 4.88000011444092 5.55000019073486 5.92000007629394 6.19000005722046 6.36999988555908 6.67999982833862 6.76999998092651 6.78000021104979 6.90999984741211 6.82000017166138 6.67999982833862 6.63000011444092 6.78999996185303 6.92999982833862 7.42000007629395 7.57000017166138 8.28999996185303 8.52000045776367 8.64999961853027 9.60000038146973 9.77000045776367 9.6899995803833 9.72000026702881 9.77999973297119 9.8100004196167 10 10.1099996566772 9.89999961853027 9.77000045776367 9.85000038146973 9.80000019073486
-9999 -9999 -9999 -9999 -2.44000005722046 -1 -0.759999990463257 4.69000005722046 1.42999994754791 1.51999998092651 2.54999995231628 2.75 3.25 4.38000011444092 4.11999988555908 4.36999988555908 4.86999988555908 4.86999988555908 6.01000022888184 6.15999984741211 6.36999988555908 6.80000019073486 6.73000001907349 6.82999992566816 6.88999986648559 6.98999977111816 6.8600001335144 6.76000022888184 6.84999990463257 7.05999994277954 7.38000011444092 7.55000019073486 8.39000034332275 7.96000003814697 8.39999961853027 9.13000011444092 9.60000038146973 9.81999969482422 9.96000003814697 10.289999961853 10.3900003433228 10.4399995803833 10.1999998092651 10.1499996185303 9.96000003814697 10.1199998855591 10.1099996566772
