SnowAccumulation_R/test/tmax/final_tmax_26_04_2009.asc
NCOLS 97 
NROWS 69 
XLLCORNER 52512.810182332 
YLLCORNER 5316225.2758522 
CELLSIZE 10000 
NODATA_value -9999 
[rows 0 to 20 of 69, columns 0 to 46 of 97]
-9999.000000000000000 -9999 -9999 -9999 -9999 -9999 -9999 -9999 -9999 -9999 -9999 -9999 -9999 -9999 -9999 -9999 -9999 -9999 -9999 -9999 -9999 -9999 -9999 -9999 -9999 -9999 -9999 -9999 -9999 -9999 -9999 -9999 -9999 -9999 -9999 -9999 -9999 -9999 -9999 -9999 -9999 -9999 -9999 -9999 -9999 -9999 -9999
-9999 -9999 -9999 -9999 -9999 5.32000017166138 4.5 4.09999990463257 3.41000008583069 4.07999992370605 3.41000008583069 3.25999999046326 3.46000009960247 3.83999991416931 3.23000001907349 3.19000005722046 3.69000005722046 3.90000009536743 3.93000006699454 -9999 -9999 -9999 -9999 -9999 -9999 -9999 -9999 -9999 -9999 -9999 -9999 -9999 -9999 -9999 -9999 -9999 -9999 -9999 -9999 -9999 -9999 -9999 -9999 -9999 -9999 -9999 -9999
-9999 -9999 -9999 -9999 -9999 2.97000002861023 3 3.29999995231628 3.5699999332428 4.11999988555908 3.75 4.07000017166138 4.07999992370605 3.76999995762209 3.16000008583069 3.53999996185303 3.75999999046326 3.79999995231628 3.8199999332428 3.9400000374221 3.78999996185303 3.75 3.70000004768372 3.60999989509583 3.5 3.25999999046326 3.0699999332428 3.03999996185303 3.07999992370606 3.27999997138977 3.32999992370605 3.39000010490417 3.38000011444092 3.36999988555908 3.23000001907349 3.08999991416931 2.96000003814697 3.23000001907349 3.49000000953674 3.85999989509582 4.1399998664856 4.34000015258788 4.42000007629395 4.44999980926514 4.65999984741211 4.76999998092651 4.82999992370605
-9999 -9999 -9999 -9999 -9999 3.63000011444092 3.99000000953674 3.97000002861023 3.89000016158102 4.28999996185303 4.05000019073486 3.63000011444092 3.86999988555908 3.3199999332428 3.13000011444092 3.28999996185303 3.45000004768372 3.49000000953674 3.66000008583069 3.49000000931035 3.26999998092651 3.15000009536743 3.39000010490417 3.53999996185303 3.48000001917072 3.4300000667572 3.1800000667572 3.03999996185303 3.01999998092651 3.32999992370605 3.35999989509583 3.4300000667572 3.36999988555908 3.25999999046326 3.09999990463257 3.03999996185303 3.05999994277954 3.39000010490417 3.67000007629395 4.1399998664856 4.53000020980835 4.7800002098083 4.78999996185303 4.90999984741211 5.07999992370606 5.25 5.42000007629395
-9999 -9999 -9999 -9999 -9999 3.9300000667572 3.96000003814697 4.15999966314969 3.9300000667572 3.86999990002171 3.97000002861023 3.8199999332428 3.65000009536743 3.55999994277954 3.55999994164138 3.55999994277954 3.4300000667572 3.45000004768372 3.6800000667572 3.47000002861023 3.44000005722046 3.53999996185303 3.39000012141289 3.67000007629395 3.67000007629395 3.60999989509583 3.28999996185303 3.0699999332428 3.14000010490417 3.35999989509583 3.49000000951024 3.41000008583069 3.22000002861023 3.23000001907349 3.10999989509583 3.23000001907349 3.3199999332428 3.72000002861023 3.9300000667572 4.51000022888184 5.05000019073486 5.30000019073486 5.40000009536743 5.51999998092651 5.5 5.40999984741211 5.48999977111816
-9999 -9999 -9999 -9999 -9999 4 3.99000000953674 3.89000010490417 3.57999993105011 3.79999995231628 3.5 3.39000010490417 3.33999991416931 3.41000008583069 3.53999996185303 3.66000008583069 3.74000000953674 3.80999994277954 3.76999998092651 3.75999999046326 3.75 3.85999989509583 4.17999982833862 4.53000020980835 3.96000003814697 3.65000009562441 3.45000004768372 3.08999991416931 3.15000009536743 3.6800000667572 3.50999999046326 3.33999991416931 3.05999994277954 3.19000005722046 3.25 3.40000009536743 3.7499999999945 3.96000003814697 4.17999982833862 4.65999984741211 5.23000001907349 5.63000011444092 5.8899998664856 6.1100001335144 5.96000003814697 5.84000015258789 5.80000019073486
-9999 -9999 -9999 -9999 -9999 3.65000009536743 3.60999989509583 3.67000007629394 3.24000000953674 3.28999975987002 2.99000000953674 2.91000008583069 2.86999988555908 3.05999994277954 3.25999999046326 3.45000004768372 3.53999996185303 3.69000005722046 3.94000005722046 3.82999992370605 4.13999986643983 4.30000019073486 4.67000007629395 5.05999994277954 4.67999982833862 3.75999999223326 3.50999999046326 3.0699999332428 3.20000004768372 3.92000007629395 3.36999988555908 3.21000003814697 3.02999997138977 3.10999989509583 3.41000008583069 3.67000007629395 4.05000019072872 4.21000003814697 4.11999988555908 4.26999998092651 5.09000015258789 5.92999982833862 6.44999980926514 7.03999996185303 6.61999988555908 6.30000019073486 6.05999994277954
-9999 -9999 -9999 -9999 -9999 3.45000004768372 3.50999995980814 3.38000011444092 2.85999989509583 2.4300000667572 2.79999994216041 2.58999988786742 2.1800000667572 2.38000011444092 3.00999999046326 3.40000009536743 3.66000008583069 3.78999996185303 3.89000010490417 3.98000001907349 4.26999998092651 4.55999994277954 5 5.07999992370606 4.65999984741211 3.90000009536743 3.51999998092651 2.84999990611533 3.05999994277954 3.25 3.19000005722046 3.02999997140555 3.02999997138977 3.07999992370606 3.53999996185303 3.90000009536743 4.32999992369978 4.53999996185303 3.65000009536743 2.83999991416931 3.6800000667572 5.51999998092651 6.51999998092651 7.76999998092651 6.98000001907349 6.59000015258789 6.32999992370605
-9999 -9999 -9999 -9999 -9999 3.17000007629395 3.0699999332428 3.26999998092651 2.69000005722046 2.53999996185303 2.64000010490418 2.59999996332582 2.59999990463257 2.74000000953674 3 3.48000001907349 3.76999998092651 4 4.03999996185303 4.40000009536743 4.76000022888184 5.13000011412721 5.25 5.01000022888184 4.53000020980835 3.91000008583069 3.490000009761 3.40000009536743 3.25999999046326 3.01999998119902 3.0699999332428 3.10999989509583 3.11999988555908 3.36999988555908 3.72000002861023 4.05000019073486 4.36999988555908 4.40999984741211 3.11999988555908 0.990000009536743 2.07999992370605 4.73999977111816 5.86999988555908 7.07999992370605 6.98000001907349 6.6399998664856 6.5
-9999 -9999 -9999 -9999 -9999 2.66000008583069 2.71000003814697 2.80999994277954 2.5699999332428 2.27999997138977 2.41000008583069 2.63000011444092 2.9100001551034 3.24000000953674 3.28999996185303 3.45000004768372 4.03999996185303 4.09999990443955 4.34999990463257 4.69999980926514 5.15999984741211 5.42999982833862 5.36999988555908 4.98000001907349 4.42999982833862 3.76999998092651 3.53999996185303 3.51999998092651 3.59999990463257 3.35999989509583 3.30999994277954 3.28999996244982 3.39000010528839 3.71000003814697 3.9300000667572 4.28000020980835 4.5 4.42999982833862 3.5699999332428 1.82000005245209 2.52999997138977 4.71999979019165 5.55000019073542 6.71000003814697 6.88000011444092 6.67000007629395 6.55000019073486
-9999 -9999 -9999 -9999 -9999 1.3400000333786 2.38000011444092 2.26999998092651 2.16000005558162 2.02999997138977 2.0699999332428 2.4300000667572 3.30999994277954 3.44000010784333 3.55999994277954 3.61999988555908 4.17000007629395 4.25 4.63000011444092 4.88000011444092 5.40000009536743 5.94000005722046 5.26000022958134 4.90000009536743 4.23000001907349 3.5699999332428 3.65000009536743 3.72000002861023 3.74000000953674 3.75 3.85999989509583 4.19000005722046 4.32999992370605 4.71999979019165 4.34999990484137 4.6700000763983 4.92999982833862 4.94999980926514 4.78999996185303 5.30000019073486 4.6100001335144 5.25 5.69999980926514 6.46000003814697 6.67000007629395 6.61999988555908 6.59999990463257
-9999 -9999 -9999 -9999 0.600000023841858 0.569999992847443 1.22000002861023 1.74000000953674 1.60000002384186 1.54999995231628 1.62999999523163 1.82000005245209 2.71000003814697 3.53999996185303 3.71000004043046 3.96000003814697 4.21999979019165 4.53000020980835 4.88000011411039 4.94999980926514 5.42999982833862 5.46000003814697 4.76999998092651 4.59000015258789 4.21999979019165 3.85999989509583 3.86999988555908 4.03999996176647 4.1100001335144 4.32000017166138 4.57000017166138 4.98999977111816 5.32000017163773 5.40999984741211 5.48999977111816 5.69999980926514 5.90000009536743 6.01000022888184 5.69000005723096 5.9299998283403 5.69000005722162 5.73999977111928 5.88999986648623 6.40000009536795 6.53999996185303 6.6399998664856 6.73999977111867
-9999 -9999 -9999 -9999 -0.159999996423721 0.330000013113022 0.970000028610229 1.44000005722046 1.1599999666214 1.33000021103696 1.86000001430511 2.15000009536743 2.73000001907349 3.76999998092651 3.79999995231628 3.55000003705873 4.61999988555908 4.88000011444092 4.73000001907349 4.86999988555908 4.86999988555908 4.65999984741211 4.46000003814697 4.40999984741211 4.26999998092651 4.09999990463257 4.23000001907349 4.44000005722046 4.59999990463257 5.01000022888184 5.28000020980835 5.69999980926514 6.17000007625736 6.09999990463257 6.09000015258789 6.09000015258789 6.21999979019165 6.3299999237056 6.38000011444092 6.23000001907349 6.05999994277954 6.15000009536743 6.28000020980835 6.65999984741211 6.94999980926514 7.03000020980835 7.17000007629395
-9999 -9999 -9999 -9999 -0.319999992847443 0.189999997615814 0.75 1.20000004768372 1.78999996185303 2.04999995231628 1.98000001907349 2.47000002861023 3.21000003814697 3.63000011444092 4.1399998664856 4.44999980926514 4.78000020980835 4.76000022888184 4.76000022888184 4.84000015258789 4.80999998053908 4.6399998664856 5.17999982833862 5.30999994277954 4.46999979019165 4.34000015258789 4.57999992370605 4.88000011444092 5.05000019073486 5.48000001907349 5.90999984741211 6.42999982833862 6.8600001335144 6.71000003814697 6.53000020980835 6.42000007629395 6.48999977111816 6.57999992370559 6.65000009536743 6.32000017166138 5.96000003814697 6.17000007629395 6.3099999427797 6.69999980926514 6.96000003814697 7.21999979019165 7.17999982833862
-9999 -9999 -9999 -9999 -0.930002832765636 0.589999973773956 0.0999999869922981 0.150000005960464 1.13999998569489 2.3199999332428 2.48000001907349 2.67000007629395 3.13000011444092 3.5699999332428 4.1100001335144 4.13000011444092 4.57999992370605 4.55000019073486 4.65999987461087 5.59000015258789 5.44999980926514 5.23999977111816 5.25 5.36999988555908 4.80000019073486 4.80000019073486 4.92000007629395 5.1100001335144 5.67000007609044 5.8600001335144 6.26999998092651 6.76999998092651 7.1399998664856 7.09000015258789 6.78000020980835 6.59999990463257 6.67999982833862 6.78999996185226 6.8899998664856 6.34999990463257 5.73000001907349 6.19000005722046 6.46000003814704 6.90999984741211 7.25 7.23999977111816 7.40000009536743
-9999 -9999 -9999 -9999 -2.74000000953674 0.24999962206753 -0.25 0.170000001788139 0.800000011920929 1.5900000333786 2.29999995231628 2.30999994277955 3.07999992370605 3.45000004768372 4.03000020980835 4.51000022888184 4.67999982833862 4.94999980926514 5.07999992370605 5.98999977111816 5.98000001907349 5.76000024140206 5.73000001907349 5.61999988558192 5.61999988555908 5.13000011444092 5.21000003814697 5.55000019073486 6.01000022888184 6.25 6.48999977111816 6.96000003814697 7.1100001335144 7.17000007629394 6.94999980926514 6.71999979019165 6.84000015258789 6.84999990463257 6.82000017166138 5.94000005722046 5.46000003814697 6.40000009536743 6.6399998664856 7.15000009536743 7.34999990463257 7.46000003814697 7.48000001907349
-9999 -9999 -9999 -9999 -2.0699999332428 -3.75999999046326 -1.49999965441652 -0.609999811246137 0.519999980926514 0.75 1.30999994277954 1.9099999666214 2.42000007629395 3.32999992370605 4.26000022888184 4.73000001907349 5.09999990463257 5.3899998664856 6.07000017166138 6.09000015258789 6.07999992370606 6.03999996185303 5.96999979046593 5.76999998092651 5.38000011524232 5.32999992370605 5.65000009536743 6.19999980926514 6.28000020980835 6.44999980926514 6.82000017166138 7.17000007629394 7.32000017166138 7.1999998092722 7.21999979019165 7.09999990463257 7.03000020980835 6.90000009536743 6.76000022888184 6.15000009536743 6.07000017166138 6.86999988555908 7.44000005722027 7.53999996185303 7.57999992370606 7.69999980926514 7.67000007629395
-9999 -9999 -9999 -9999 -3.05999994277954 -2.72000002861023 -3.25 -1.27999931571428 0.540000021457672 0.660000026226044 0.720000028610229 1.49000000953674 1.95000009203861 3.52999997138977 4.40000009536743 5.01999998092651 5.17000007751063 5.5 6.09999990463257 6.17999982833862 6.38000011444092 6.38999986635777 6.25000000368676 6.17999982833862 6.11999988555908 6.1100001335144 6.23999977111816 6.36999988555908 6.40000009536743 6.48999977111816 6.84999990463257 6.96000003814697 7.34999990463257 7.46000003814697 7.51999998092651 7.6399998664856 7.3600001335144 7.09999990463257 6.96000003814697 6.76000022888184 6.98000001907349 7.57000017166138 7.88000011444081 7.75 7.76999998092651 7.78000020980835 7.86999988555908
-9999 -9999 -9999 -9999 -3.15000109615546 -3.9300000667572 -3.60999989509583 -0.0500000007450581 -0.0199999995529652 1.35000002384186 0.97000002861023 2.02999997138977 3.10999989509583 3.67000007629395 4.05000019073486 5.32999992370605 5.61000013351441 5.57000017334723 6.32000017165814 6.30000019073486 6.48999977066673 6.51999998092651 6.36000013351441 6.36999988555908 6.42000007629394 6.57000017166138 6.53999996185303 6.42999982833862 6.48000001907349 6.76000022888184 7.30999994277954 7.34999990463257 7.59999990463257 7.69000005722046 7.84999990463257 8.1899995803833 7.78999996185303 7.40999984741211 7.30999994277954 7.28999996185303 7.48000001907349 7.98999977111816 8.1899995803833 7.92000007629395 7.96999979019165 7.98000001907349 8.01000022888184
-9999 -9999 -9999 -9999 -3.90000009536743 -4.51999998092651 -3.60999989509583 -2.27999997138977 2.77999997138977 2.03999996185303 1.53999996185303 1.91999995708466 2.42000007629395 3.38000011444092 4.80999994277954 5.28999996185303 5.78000020980835 6.25 6.42000007629394 6.40000009536743 6.51999998092651 6.57999992370605 6.53000020980835 6.53999996185303 6.57999992370605 7.01999998092651 6.76999998092651 6.46000003814697 6.55000019073486 6.82999992370605 7.42000007629395 7.55000019073486 7.80999994277954 7.86999988555908 7.90999984741211 8.22000026702881 8.01000022888183 7.71000003814697 7.65999984741211 7.63999986648559 7.69999980926514 8 8.22999954223633 8.06999969482422 8.03999996185303 8.14000034332275 8.02000045776367
-9999 -9999 -9999 -9999 -4.32999992370605 -2.83999991416931 -2.5699999332428 2.75 -0.219999998807907 0.0399999991059303 1.13999998569489 1.62999999523163 2.53999996185303 4.26999998092651 4.15999984741211 4.88000011444092 5.76000022888184 5.71999979019165 6.40000009536743 6.42999982833862 6.53000020980835 6.80000019073486 6.63000011444092 6.53999996307935 6.59000015258789 6.6100001335144 6.6100001335144 6.53999996185303 6.76999998092651 7.1399998664856 7.44999980926514 7.55999994277954 7.96000003814697 7.69999980926514 7.84000015258789 7.98000001907349 7.94999980926514 7.80000019073486 7.78999996185303 7.90000009536743 8 8.14999961853027 8.10000038146973 8.14999961853027 8.06999969482422 8.22999954223633 8.14000034332275
