SnowAccumulation_R/test/tmax/final_tmax_16_04_2009.asc
NCOLS 97 
NROWS 69 
XLLCORNER 52512.810182332 
YLLCORNER 5316225.2758522 
CELLSIZE 10000 
NODATA_value -9999 
[rows 0 to 20 of 69, columns 47 to 93 of 97]
-9999 -9999 -9999 -9999 -9999 -9999 -9999 -9999 -9999 -9999 -9999 -9999 -9999 -9999 -9999 -9999 -9999 -9999 -9999 -9999 -9999 -9999 -9999 -9999 -9999 -9999 -9999 -9999 -9999 -9999 -9999 -9999 -9999 -9999 -9999 -9999 -9999 -9999 5.76000022888184 5.78000020980835 5.78999996185303 5.88000011444092 5.88000011444092 5.84999990463257 -9999 -9999 -9999
-9999 -9999 -9999 -9999 -9999 -9999 -9999 -9999 -9999 -9999 -9999 -9999 -9999 -9999 -9999 -9999 -9999 -9999 -9999 -9999 -9999 -9999 -9999 -9999 7.96000003814697 7.51000022888184 6.88000011444092 6.53999996185303 6.69999980926514 6.75 6.67000007629395 6.57999992370605 6.6399998664856 6.53000020980835 6.34999990463257 5.92999994090766 5.75 5.93999984735459 5.94999980926514 5.90000009536743 5.96000003814697 5.92000007629394 6 5.96000003814697 -9999 -9999 -9999
9.59000015258789 9.64000034332275 9.68000030517578 9.43000030517578 9.35000038146973 9.38000011444092 9.30000019073486 9.1899995803833 9.28999996185303 9.21000003814697 9.15999984741211 8.98999977111816 8.84000015248486 8.46000003814697 8.39999961853027 8.5 8.47999954223633 8.44999980926514 8.39999961841749 8.22999954223633 8.25 8.23999977111817 8.23999977417355 8.30000019065957 8.21000003814697 7.8600001335144 7.13000011444092 6.46000003814697 6.48999977111816 6.76999998092651 6.73000001907349 6.75 6.82000017166138 6.69999980926514 6.61000014021283 6.51000022888184 6.11000046559086 6.23000001907349 6.17000007629395 5.98000001907349 6.01000022888184 6.03999996185303 5.98999977111816 5.96999979019165 -9999 -9999 -9999
9.89000034332278 9.81999969482422 9.85999965667725 9.53999996185303 9.4399995803833 9.42000007629395 9.39999961853066 9.3100004196167 9.03999996185303 9.1899995803833 9.10999965667725 8.89999961853027 8.67000007629394 8.21000003814697 7.92999982833862 8.43000030517578 8.55000019073486 8.55000019073486 8.47000026702881 8.34000015258789 8.22000026702881 8.35999965549925 8.34000015258789 8.39000034332276 8.32999992370605 8.1899995803833 7.51999998092651 6.75 6.82000016159749 7.05999994277954 7.21999979019165 6.98999977111816 6.98999977111816 6.84999990463257 6.82000017166138 6.67999987654383 6.5 6.34999990463257 6.21999979019165 6.17999982833862 6.07000017166138 6.09999990463257 5.92999982833862 5.88000011444092 -9999 -9999 -9999
10.0500001907349 10.0500001907349 9.8100004196167 9.73999977111816 9.47999954223633 9.39000034332275 9.42000007629628 9.47999954223633 9.14999961853027 8.97999954223633 8.90999984741211 8.8100004196167 8.61999988555908 8.40999984741211 8.32999992370605 8.47999954223633 8.59000015258789 8.63000011444092 8.65999984741211 8.51000022888184 8.47999954223633 8.38000011444092 8.61999988548312 8.5600004196167 8.5 8.35999965667725 8 7.26999998092651 7.03000020980835 7.28999996185303 7.40000009536743 7.26000022888184 7.25 7.09999990463257 6.69000024319303 6.67000007629395 6.53000020980835 6.34999990463257 6.19999987129725 6.19999980926514 6.09999990463257 6 6.07999992370606 6.01000022888184 -9999 -9999 -9999
9.97999954223633 10.1499996185303 10.1700000762939 10.0799999237061 9.85999965667725 9.67000007629395 9.47000026702881 9.47000026702881 9.30000019073486 9.17000007629395 9.11999988555908 9.0100002288706 8.85000038146973 8.71000003814697 8.64000034332275 8.28999996185303 8.5 8.6899995803833 8.84000015744519 8.85999965667725 8.68000030517578 8.48999977111817 8.56999969482422 8.76000022888184 8.60999965667725 8.4399995803833 8.35000038146973 8.18000030517578 7.71999979019165 7.59999990463257 7.69999980926514 7.59000015258789 7.46999978327252 7.40000009536743 7.30000019073486 6.88000011444092 6.55999994277954 6.34000019998318 6.26000022888184 6.21000003814697 6.05999994277954 5.98000001907349 6.06999993667747 6.15000009536743 -9999 -9999 -9999
9.86999988555914 10.1800003051758 10.1199998855591 10.1800003051758 10.1999998092651 10.1300001144409 10.0299997329712 9.64999961853027 9.64000034332275 9.40999984741211 9.21000003814697 9.17000007631652 8.98999977111816 8.97999954223633 8.63000011444092 8.32999992370605 8.43999958385109 8.4399995803833 8.96000003814697 9.02000045776367 8.96000003814697 8.60000038146973 8.42000007629395 8.85999965667725 8.77000045776367 8.59000015258789 8.44999980926514 8.4399995803833 8.23999977111816 8.07999992370605 7.98000001907349 7.78999996185303 7.73000001907349 7.94999980926514 7.53000020980835 7.1399998664856 6.65999984741211 6.57000017166138 6.28000020980835 6.13000011444092 6.01000022888184 5.92000007629394 5.8899998664856 6.07000017166138 -9999 -9999 -9999
10.0100002288818 10.0799999237061 9.88000011444092 10.0600004196167 10.0900001525879 10.1300001144409 10.0900001525879 10.039999961853 9.92000007629395 9.72000026702881 9.48999977111816 9.4399995803833 9.10000038146973 9.06999969482422 8.77999973476851 8.93000030517578 8.85000038146972 8.67000007629395 8.72000026702881 9.15999984741211 9.11999988555908 8.93999958020859 8.48999977111816 8.93000030517578 8.93000030517578 8.72000026702881 8.64000034332275 8.48999977111816 8.52000045776367 8.26000022888184 8.28999996185303 8.27999973297119 8.42000007629395 8.14999961853027 7.69000005722046 7.21999979019165 6.96999979019165 6.59000015258789 6.21000003814697 5.92000007629395 5.82999992370605 5.76999998092651 5.80999994277954 5.6399998664856 -9999 -9999 -9999
10.1099996566772 9.9399995803833 9.90999984741211 9.86999988555908 10.1000003814697 10.0699996948242 9.98999977111816 10.1899995803833 9.89999961853028 9.97000026702881 9.72999954223633 9.72000026702881 9.4799995426513 9.5600004196167 9.26000022888184 9.02000045776367 8.94999980926514 8.78999996185303 8.86999988555908 9.0600004196167 9.22000026702881 9.10000038146973 8.71000003814697 8.88000011444092 8.96000003814697 8.89000034408523 8.77999973297119 8.60000038146973 8.53999996185303 8.52999973297119 8.64000033835515 8.77999973297119 8.63000011444092 8.40999984741211 7.86000013351441 7.25000010832611 6.96999979019165 6.48000001907349 5.98000001907349 5.75 5.67999982833862 5.69000005722046 5.62999880615272 5.21000003814697 -9999 -9999 -9999
9.97000026702881 9.89000034332275 9.63000011444092 9.69999980926514 9.90999984741211 9.98999977111858 10.0500001907349 10.1499996185303 10.25 10.1800003051758 10.000000000543 10.2299995422363 10.0799999237061 9.90999984741211 9.39999961853027 9.19999980916919 9.0600004196167 9.09000015258789 8.8100004196167 8.63000011444092 8.8500003817138 9.07999992370605 8.77999973297119 8.86999988555908 8.84000015258789 8.9399995803833 8.96000003814697 8.84000015258789 8.72999954223633 8.67000007629395 8.75 8.76000022888184 8.76000022888184 8.61999988555908 7.84000015258789 7.44999980926514 6.73999977111816 6.34999990463257 5.78000020980835 5.53000037834905 5.40999984741211 5.17999863883786 4.63000011444092 4.78000020980835 4.73000001907349 -9999 -9999
9.73999977111816 9.80000019073486 9.60000038146973 9.53999996185303 9.8100004196167 9.97000026703064 10.0100002289168 10.0900001525984 10.25 10.5200004577637 10.5500001907638 10.5200004577637 10.3699998855591 10.1999998092651 10.1199998855591 9.6899995803833 9.25 9.22000026702881 8.76000022888184 8.44999980926514 8.47000026702881 8.39000034332275 8.64999961853027 8.88000011444092 8.8299999235064 8.88000011444092 8.96000003814697 8.92000007629395 8.78999996185303 8.63000011767966 8.57999992370605 8.60000038146973 8.46000003814697 8.25 7.94999980926514 7.09999990463257 6.57000017166138 5.94000005722046 5.51999998092651 5.26000022888184 4.8899998664856 4.13000011444092 4.07000017166138 4.11999988555908 4.17999982833862 -9999 -9999
9.7200002670292 9.56999969482459 9.48999977111905 9.65999984741374 9.84000015258789 9.84000015258789 10.1599998474121 10.1400003433228 10.3500003814697 10.5699996948242 10.5900001525879 10.7200002670288 10.5 10.3900003433228 10.3900003433228 10.2600002288818 9.60000038146973 9.43000030517578 8.94999980926514 8.53999996185303 8.36999988555908 8.02999973297119 8.27000045776367 8.52000045776367 8.81999969482422 8.89999961853028 8.85000038146973 8.89999961853027 8.6899995803833 8.56999969482422 8.31999969482422 8.22999954223633 8.0600004196167 7.71000009483573 7.51999998092651 6.67000007629395 6.07999992370606 5.46000003814697 5.17000007629395 4.76999998092651 3.75 3.46000003814697 3.39000014194234 3.44000005722046 3.50999999046326 -9999 -9999
9.93999958038323 9.80000019073486 9.81999969482422 9.64000034332276 9.93000030517578 9.89999961853028 10.3299999237061 10.5 10.4399995803833 10.5900001525879 10.5799999237061 10.5600004196167 10.6300001144409 10.5600004196167 10.5699996947281 10.4300003051758 10.039999961853 9.72000026702881 9.36999988555908 9.1899995796576 8.61999988555908 8.22999954223633 8.01000022888184 8.07999992370605 8.64000034332275 8.86999988555908 8.77000045444036 8.72000026702881 8.6899995803833 8.36999988555908 8.09000015258789 7.84999990463257 7.73999977111816 7.40000009536743 6.78000020980835 6.05999994277954 5.44000005722046 4.90000056606661 4.6399998664856 4.19999883916334 3.02999997138977 2.72000002861023 2.73000001907349 2.78999996185303 2.86999988555908 -9999 -9999
9.59000015258789 9.89000034332275 9.85999965667725 9.82999992370605 10.0500001907349 10.2200002670288 9.94999980926514 10.039999961853 10.6400003433228 10.5900001525879 10.6000003814697 10.6000003814697 10.6400003433228 10.6999998092651 10.6999998091684 10.539999961853 10.3400001525879 10.0900001525879 9.71000003814697 9.51000022888183 8.90999984741211 8.44999980926514 8.19999980926514 8.28999996185303 8.69999980926514 8.89999961455058 8.72999954223633 8.67000007629395 8.42000007629395 8.13000011444092 7.84999990463257 7.57999992370605 7.40999984741211 6.76000022888184 6.01000022888184 5.23000001907349 4.96000003814697 4.73999977111816 4.08999935379853 3.02999997138977 2.33999991416931 2.20000004768372 2.11999988555908 2.24000000953674 2.25999999046326 -9999 -9999
9.81999969482422 9.52999973297119 10.0100002288818 10.2399997711182 10.3299999237061 10.1899995803833 10 9.89999961853027 10.3100004196167 10.1300001144409 10.3199996948242 10.6899995803833 10.7299995422363 10.6700000762939 10.5600004196167 10.6599998474121 10.3500003814697 10.0100002288818 9.93000030489913 9.5 8.94999980926514 8.55000019073487 8.39999961853027 8.51000022888184 8.89000034857789 8.77000045776367 8.72999954223633 8.60999965667725 8.15999984741211 7.92000007629395 7.67000007629394 7.05000019073486 6.73000001907349 6.28000020980835 5.46999979019165 4.8899998664856 4.51999998092651 4.17999982833862 2.71000003814697 2.41000008583069 1.96000025896559 1.82000005245209 1.64999997615814 1.75 1.73000001907373 -9999 -9999
9.86999988555908 9.8100004196167 9.96000003814697 10.1400003433228 10.2399997711182 10.210000038147 10.3000001907349 10.0299997329712 9.97000026702881 10.0799999237061 10.289999961853 10.4200000762939 10.3299999237061 10.3199996948242 10.539999961853 10.7600002288818 10.3599996566772 10.0600004196167 9.88000011444092 9.5600004196167 9.22000026702881 8.81999969482422 8.65999984741211 8.94999980926514 8.42000007629394 8.6899995803833 8.42000007629395 8.19999980926514 7.96000003814697 7.73000001907349 7.3600001335144 7.09000015258789 6.46000003814697 5.69999980926514 5.05000019073486 4.12000003648202 3.94000005722046 2.85999989509583 2.29999995231628 1.91999995708466 1.75 1.51999998092651 1.33000004291534 1.37999999523163 1.3400000333786 -9999 -9999
9.81999969482422 10.0600004196167 10.1899995803833 10.210000038147 10.3100004196172 10.3500003814697 10.4700002670288 10.1599998474121 9.93000030517578 9.90999984741211 9.98999977111816 10.1000003814697 10.1099996566772 10.0699996947648 10.1700000762939 10.5 10.5299997329712 9.94999980926514 9.80000019073486 9.64999961853028 9.32999992370605 8.9899997701139 8.85999965667725 8.77000045776367 8.52000045776367 8.59000015258789 8.10000038299746 7.94999980926514 7.69000005722046 7.46999979019165 7.11999988555908 6.80999994277954 6.13000011444092 5.34000015258789 4.57000017166138 4.09999990463257 3.00999999046326 2.46000003814697 2.01999998092651 1.80999994277954 1.42999994754791 1.25 1.07000005245209 1.00999999046326 1.03999996185303 -9999 -9999
9.88000011444092 10.1099996566772 10.2799997329712 10.3500003814697 10.4200000762946 10.2799997329712 10.3800001144409 10.3699998855591 10.2200002670288 10 9.77999973297119 9.8100004196167 9.82999992370605 9.78999996185303 9.68000030517578 9.84000015258789 9.81999969482422 10.0699996948819 9.85999965667724 9.39000034332275 9.31000040897992 8.97000026702881 8.85000038146973 8.53999996185303 8.30000019073487 8.25 8.01000022888183 7.71000003814697 7.46999979019165 7.28999996185303 7.09000015258789 6.48999977111816 5.67000007629395 4.8600001335144 4.18000015455775 3.78999963857804 2.5 2.05999994277954 1.71000014630725 1.53999996185303 1.16999995708466 1.02999997138977 0.890000129984006 0.819999992847443 0.819999992847443 -9999 -9999
10.039999961853 10.0500001907349 10.2200002670288 10.1499996185303 10.2299995422374 10.3599996566772 10.2700004577637 10.1899995803833 10.3900003433228 10.1300001144409 9.73999977111816 9.47000026702881 9.52999973297119 9.47000026702881 9.26000022888184 9.13000011444092 8.93000030517578 8.97000026702881 9.71000001132445 9.09000015258789 9.10000038146973 8.97000026659322 8.76000022888184 8.5600004196167 8.19999980926514 7.90999984866692 7.76000022888184 7.5 7.28999996185303 7.09999990463257 6.82999992370605 6 5.30999994277954 4.57999992370605 4.19999956510121 3.04999995231628 2.32999992370605 1.82000005245209 1.58000004291534 1.21000003814697 0.949999988079071 0.850000023841858 0.759999990463257 0.670000016689301 0.680000007152557 -9999 -9999
10.039999961853 10.1700000762939 10.1499996185303 10.3400001525879 10.3299999237061 10.5100002288818 10.1499996185303 10.1300001144409 10.1700000762985 9.97999954223633 9.78999996185303 9.51000022888184 9.34000015258789 9.25 8.85000038146973 8.82999992370605 8.48999977041367 8.35999965667725 8.07999992370605 8.14000034332275 8.60999965667725 8.77000045776367 8.71000003814697 8.55000019073486 8.22000026702881 7.94000005722046 7.51999998092651 7.34999990463257 7.26999998092651 7.17000007629394 6.53000020980835 5.76999998092651 5.17000007629395 4.6799996072901 3.60999989509583 2.89000010490417 2.23000001907349 2 1.39999997615814 1.01999998092651 0.779999971389771 0.720000028610229 0.620000004768372 0.589999973773956 0.569999847139663 0.529999971389771 -9999
10.1400003433228 10.25 10.2700004577637 10.460000038147 10.5200004577637 10.5699996948242 10.1999998092651 10.1000003814697 9.97999954221826 9.76000022888184 9.77000045776367 9.4399995803833 9.27999973294367 9.14999961853027 8.90999984629112 8.46000003814697 8.36999988555908 8.21000003814697 7.90999984741211 7.76999998092651 8.35000038146973 8.39999961853028 8.39999961853027 8.3100004196167 8.05000019073486 7.76000022888184 7.32000017166138 7.28999996185303 7.26999998092651 6.88000011444092 6.30999994277954 5.42999982833862 4.70999996269837 4.01000022888184 3.40000009536743 2.8199999332428 2.09999990463257 1.88999998569489 1.29999995231628 0.899999976158142 0.680000007152557 0.649999976158142 0.569999992847443 0.519999980926514 0.490000009536743 0.5 -9999
