SnowAccumulation_R/test/tmax/final_tmax_02_04_2009.asc
NCOLS 97 
NROWS 69 
XLLCORNER 52512.810182332 
YLLCORNER 5316225.2758522 
CELLSIZE 10000 
NODATA_value -9999 
[rows 42 to 62 of 69, columns 47 to 93 of 97]
8.72000026702881 8.63000011444092 8.5 8.31999969482422 8.17000007629395 7.78000020980835 7.71999979019165 7.76999998092651 7.78000020980835 7.84000015258789 7.55000019073486 7.34000015258789 7.23000001907349 7.11000013351441 6.90999984741211 6.86000013352869 6.73000001907349 6.65000009536743 6.57000017214913 6.55000019073487 6.28000020980835 6.44999980013643 6.23999977111816 6.25 5.82999992370605 5.76999998092651 5.63000011444092 5.3899998664856 5.28000020980835 5.03999996185303 4.5 4.26000022888184 3.97000002861023 3.52999997138977 3.30999994277954 3.48000001907349 3.47000002861023 3.23000001907349 2.83999991416931 2.38000011444092 2.11999988555908 1.53999996185303 1 1.1599999666214 1.42999994754791 1.5900000333786 1.62999999523163
8.84000015258789 8.60999965667725 8.46000003814697 8.27999973297119 7.92999982833862 7.96999979019165 7.88000011444092 7.76000022888184 7.65999984741211 7.65999984741211 7.55000019073486 7.34999990463257 7.25 7.07999992370605 6.92000007629394 6.78999996185303 6.82000017166138 6.63999986648559 6.63999986628167 6.40999984123732 6.19000005722046 6.01999998092651 6.01000022888184 5.84999990463257 5.92000007629394 5.82000017166138 5.6100001335144 5.34999990463257 5.19999980926514 5.03000020980835 4.67999982833862 4.44000005722046 4.11999988555908 3.77999997138977 3.58999991416931 3.05999994277954 3.14000010490417 2.9300000667572 2.80999994277954 2.44000005722046 2.22000002861023 1.72000002861023 1.33000004291534 1.3400000333786 1.52999997138977 1.67999994754791 1.72000002861023
8.86999988555908 8.78999996185303 8.63000011444092 8.15999984741211 8.02999973297119 7.94999980926514 7.96999979019165 7.92000007629395 7.84000015258789 7.78000020980835 7.57000017166138 7.30000019073486 7.19000005722046 6.98000001907349 6.75 6.65999984741211 6.71000003814697 6.51999998092651 6.4099998413825 6.15999984741211 5.80000019073486 5.71000003814697 5.59000015258789 5.84999990463257 5.82999992370605 5.82000017166138 5.76000022888184 5.63000011400055 5.23000001907349 5 4.88000011444092 4.65000009536743 4.32999992370605 4.17000007629394 3.84999990463257 3.49999997185157 2.94000009576544 2.69000005722046 2.75999999046326 2.50999998657535 2.36999988555908 2.00999999046326 1.76000007967555 1.70000004768372 1.76999998092651 1.86999992622221 1.91000062185788
9.14000034332275 8.85999965667725 8.68000030517578 8.25 8.07999992370606 8.13000011444092 8.0600004196167 7.96999979019165 7.80000019073486 7.61999988555908 7.51000022888184 7.19999980926514 7.05000019073486 6.82000017166138 6.63000011444092 6.53000020820899 6.34000014780536 6.07999992370605 6.13000011444092 5.90999984741211 5.69000005722046 5.61999988555908 5.65999984741211 5.57000017166138 5.57999992370605 5.44999980926513 5.73999977111816 5.65999984741211 5.40000009536743 5.11999988555908 4.96999979019165 4.48999977111816 4.26999998092651 4.21999979019165 3.8800001177903 3.54999995231628 3.28999996185303 2.91000008583069 2.50999999046326 2.25999999046326 2.48000001907349 2.22000002861023 2.11999988555908 2.05999994277954 2.0699999332428 2.09999990463257 2.44000005722046
9.21000003814697 8.85999965667725 8.64999961853028 8.39999961853027 7.69999980926514 8.15999984740753 7.8899998664856 7.84999990463257 7.76000022888184 7.53999996185303 7.30000019073486 7.11999988555908 7.01999998092651 6.48999977043485 5.65999984741211 5.65000009536743 5.8600001335144 5.92000007629394 5.8899998664856 5.73999977111816 5.63999986648559 5.63999986648559 5.78000020980835 6.05999994277954 5.98999977111816 5.75 5.73000001907349 5.59000015258789 5.3600001335144 5.09999990463257 4.94000005722046 4.42999982833862 4.28999996185303 4.19999980926514 3.85999989509583 3.74000000953674 3.52999997138977 2.99000000953674 2.6800000667572 2.65000009536743 2.48000001907349 2.47000002861023 2.32999992370605 2.26999998092651 2.35999982274732 2.5699999332428 2.63000011444092
8.92000007629395 8.72999954223633 8.60000038146972 8.22999954223633 7.53999996185303 7.98999977110976 7.55999994277954 7.69999980926514 7.76999998090237 7.44999980926514 7.17999982774847 7.09000015172625 5.90000009536743 5.09999990463257 5.210000038551 5.73000001907349 5.61000013351441 5.57000017166138 5.6100001335144 5.53999996185303 5.80999994277954 5.8600001335144 6.01000022888184 6.15000009536743 6.05000019073486 5.88000011444092 5.51999998092651 5.36999988555908 5.30999994277954 5.13000011483085 4.96999979019165 4.55999994277954 4.48000001907349 4.19999980926514 3.97000002861023 3.89000010490417 3.66000008583069 3.41000008583069 3.25 2.91000008583069 2.66000008583069 2.53999996185303 2.55999994277954 2.4300000667572 2.43000033090504 2.54999995231628 2.53999996185303
8.69999980926514 8.55000019073486 8.47000026702881 8 7.28000020980835 7.42000007628766 7.1100001335144 7.3699998854605 7.4999999997115 5.76999998092651 4.82999992370605 4.99999999991903 4.59999990463257 4.71999979019165 4.92000007677557 5.73999977111816 5.57000017166138 5.51000022883372 5.71000003814697 5.78000020980835 5.92999982903875 6.1399998664856 6.1399998664856 6.13000011386974 5.92999982833862 5.69999980926514 5.53999996185303 5.3600001335144 5.21999979019165 5.21000003814697 4.90999984741211 4.59000015258789 4.48000001907349 4.26999998092651 4.07999992370605 4.11999988555908 3.8199999332428 3.58999991416931 3.49000000953674 3.17000007629394 2.9300000667572 2.79999995231628 2.42000007629395 2.64000022795994 2.69000005722046 2.53999996185303 2.46000003814715
8.5 8.38000011444092 7.90999984741211 7.32000017166138 7.09000015258789 5.26999998092651 5.57000017166138 5.57000017166138 4.59000015258789 3.80999994277954 3.65000009536743 3.84999990463257 4.09999990463257 4.36999988555908 4.65999984741211 5.69000005722046 5.44000005722046 5.53999996185303 5.69999980926514 5.96000003814697 5.86999988555908 6.07999992370605 6.07999992370606 5.98000001907349 5.90999984741211 5.78000020980835 5.63999986648559 5.53000020980835 5.34000015258789 5.2500000038221 4.90999984741211 4.63000011444092 4.44999980926514 4.32999992370605 4.26000022888184 4.26000022888184 3.96000003814697 3.55999998082 3.45000004768372 3.4300000667572 3.16000013787929 3 2.75 2.8199999332428 2.74000000953674 2.67000007629395 2.53999996185303
8.3100004196167 8.01000022888184 7.51999998092651 7.11999988555908 6.94000005722046 4.63000011444092 4.46999979019165 4.34000015258789 3.60999989509583 4.01999998092651 3.85999989509582 3.96000003814697 4.07999992370605 4.30999994277954 5.15999984741211 5.55000019073486 5.32000017166138 5.26000022888184 5.5 5.78999996185303 5.8600001335144 5.57999992370605 5.8899998664856 5.80000019073486 5.88000011444092 5.84000015258789 5.82999992370605 5.53999996185303 5.40999984896971 5.25 4.98000001907349 4.65000009740977 4.48999977111816 4.32999992370605 4.26000022888184 4.21000003814697 4.13000011444092 3.84999990463257 3.72000002861023 3.65000009536743 3.49000000953674 3.22000002861023 3.01999998092651 2.94000005722046 2.79999995231628 2.75 2.66000008583069
8.17000007629395 7.76999998092651 7.13000011444092 5.48999977111816 4.84000015258789 4.48000001907349 4.82999992370605 5.05000019073486 4.63000011444092 4.69000005722046 4.61999988555908 4.1100001335144 4.30000019073486 5.21999979019165 5.34000015258789 5.25 4.94000005722046 5.13000011444092 5.25 5.69999980926514 5.59000015258789 5.23000001907349 5.55000019073486 5.80999994277954 5.80999994277954 5.82000017166138 5.73999977111816 5.42999984978532 5.55999994213764 5.19999980926514 4.84999990463257 4.82999992370605 4.55999994277954 4.40000009536743 4.26000022888184 4.34000015258789 4.40000009536743 4.30000019073486 4.03000020980835 3.98000001907349 3.80999994277954 3.64000010490417 3.27000008809395 3.13000011444092 2.86999988555908 2.74000000953674 2.5699999332428
8.11999988555908 6.40999984741211 6.55000019073486 6.36999988555908 6 5.63000011444092 5.63000011444092 5.67999982833862 5.55000019073486 5.26999998092651 5.05000019073486 4.90999984741211 4.48999977111816 5.32000017166138 5.5 5.17000007629395 4.98999977111816 5.28999996185303 5.46000003814697 5.51000022888184 5.48999977111816 5.59000015258789 5.51999998037653 5.59000015258789 5.69000005722046 5.69999980926514 5.55000019073486 5.6100001335144 5.5 5.11999988555908 4.63000011444092 4.6100001335144 4.38000011444092 4.09000015258789 4.11999988555908 3.92000007629395 4.11999986064041 4.34000015258789 4.40999984741211 4.32999992370605 4.02000018003927 3.66000008583069 3.5 3.27999997138977 2.94000005722046 2.8199999332428 2.66000008583069
7.96000003814697 7.05999994277954 6.80000019073486 6.78000020980835 6.57999992370605 6.36999988555908 6.1399998664856 6.03999996185303 6.01999998092651 5.71000003814697 5.44000005722046 5.23000001907349 4.65000009536743 5.28000020980835 5.53999996185303 5.46000003814697 5.36999988540569 5.48999977111816 5.69999980926514 5.76000022918442 5.90000009536743 5.86000013351441 5.78000020980835 5.19000005722046 5.26999998613204 5.15999984741211 5.40999984741211 5.28999996185303 5.13000011444092 4.63000011444092 4.17999982833862 4.17999982833862 3.94000005722046 4.19000005347003 4.15999984741211 4.23999977111816 3.98000001907349 4.40000009536743 4.57999992370605 4.48999953452672 4.11999988555908 4.05999994277954 3.83999991416931 3.44000005722046 3.18000019730486 3.02999997138977 2.78999996185303
7.84000015258789 7.53999996185303 7.30000019073486 7 6.96000003814697 6.65999984741211 6.44999980926514 6.28000020980835 6.28999996185303 5.90999984741211 5.73999977111816 5.57000017166138 5.3600001335144 5.40000009548103 5.73999977111816 5.55000019073486 5.49999999998077 5.51999998092651 5.65999984741211 5.75 5.92000007629395 6.15000009536743 5.98999977111816 5.92000007629395 5.73999977111816 5.34999990463257 5.13000011444092 5.17999982833862 4.8600001335144 4.5 4.46000003814697 4.09999990463257 4.01999998092651 3.92000007629395 4.23999977111816 4.44000005722046 4.40999984741211 4.63000011444092 4.3499999934063 4.40999984741211 4.25 4.1100001335144 4.1399998664856 3.76999998092651 3.65000009536743 3.22000002861023 2.92000007629394
7.73000001907349 7.51999998092651 7.55999994277954 7.40000009536743 7.17999982833862 7.13000011444092 6.82999992370605 6.5 6.57000017166138 6.1100001335144 5.51999998092651 5.73000001907349 5.98999977111816 6.01999998091025 6 5.98000001907349 5.92000007629395 5.80999994277954 5.92000007629394 5.96000003814697 5.8899998664856 6.28999996029666 6.23999977111816 6.32000017166138 5.92000007629395 5.40000009536743 5.76000022888184 5.59999990373291 5.40000009536743 4.92000007629395 4.84000015258789 4.51000022888184 4.03000020980835 4.1100001335144 4.11999988555908 4.5 4.65000009536743 4.98999970939007 5.03999996185303 4.65999984741211 4.51999998092651 4.28999996185303 4.19000005722046 3.8199999332428 3.76999998092651 3.5 3.16000030609039
7.67999982833862 7.67999982833862 7.65999984741211 7.69000005722046 7.42999982833862 7.34000015258789 7.17999982833862 6.76000022888184 6.6100001335144 6.59000015258789 6.36000013348119 6.15000009536743 6.09000015258789 6 6.15999984741211 6.15999984741211 6.21000003814697 6.19999980926514 6.26000022888184 6.25000000399383 6.38000011444092 6.5 6.44999980926514 6.30000019073486 6.34999990375682 5.80999994277954 5.96999979019165 5.96999979019165 5.71999979019165 5.30000019073486 4.98999977111816 4.73000001907349 4.21999979537263 4.23000001907349 4.59999990463257 4.67000007629395 4.9099995555609 3.90499997138977 4.02250003814697 3.77500009536743 3.59500002861023 3.68249988555908 3.80250000953674 3.75749979325339 3.89000010490417 3.61500000953674 3.20749998092651
7.73000001907349 7.86999988555908 7.82000017166138 7.76000022888184 7.57999992370605 7.42000007629395 7.38000011444092 7.09999990463257 6.8899998664856 6.82999992370605 6.67000007629395 6.6399998664856 5.90999984741211 5.92000007629394 6.11999988555908 6.21999979019165 6.30999994277954 6.40000009909072 6.7649998664856 6.83750009536743 7.09999990463257 6.93749999923398 6.91750001907349 6.57999992370605 6.40500020980835 6.04500007629395 5.90250015258789 6.03499984741211 6.05749988555908 5.53749990463257 4.90500020980835 4.65000009536743 4.75 3.81750011444092 3.95499992370605 4.1125002213566 4.65500020980835 4.65250015258789 4.67749977111816 3.95499992370605 3.57999992370605 3.63499999046326 3.95250010490417 3.73749995231628 3.92000007629395 3.5625 3.15000009536743
7.01249980926514 7.2649998664856 7.36000013351441 7.41750001907349 7.30499982833862 7.09749984741211 6.80000019073486 6.96750020980748 6.86749982833862 6.86000013351441 6.66750001907349 6.82250022888184 6.13000011444092 5.875 6.27750015258789 6.5824999809003 6.72249984741211 7.1100001335144 7.01499986629707 6.8600001335144 6.67749977111816 7.20499992370605 7.23750019073486 6.40250015258789 6.15749979019165 6.53000020980835 6.26000022888184 6.4225001335144 6.32000017166138 6.07999992134612 4.72749996185303 4.15999984741211 4.26249980926514 4.4225001335144 3.96250043290822 4.5475001335144 4.7649998664856 4.9850001335144 5.30999994277954 4.25250005722046 4.03999996185303 3.64499998092651 4.34499979019165 4.26249980926514 4.11999988555908 3.9375 3.08750141169394
7.11499977111816 7.07499980926514 7.24249982833862 7.60500001907349 7.25 6.8899998664856 6.91249990463257 6.92999982835196 7.27500009536743 7.38500022888184 7.34999990463257 7.07250022888184 6.21750021059234 5.79750013393277 6.25250005722046 6.61250019073486 6.75250005722046 6.82749986648559 6.80749988555908 6.86749982833862 6.99499988555908 6.96500015258789 7.76249980926514 6.54500007629395 6.37249994277954 7.1100001335144 6.68499994319853 6.82000017166138 6.49249982833862 5.98999977111816 4.55749988555908 3.91000008583069 3.97749996185303 4.25750018113113 4.76749980844739 4.94250011444092 4.74499988555908 4.86000013351441 5.5149998664856 4.50500011444092 4.00250005722046 3.6875 3.71250009536743 3.97000002861023 4.02250003814697 4.04750013351441 4.07000017166138
7.30499982833862 7.20499992370606 7.2649998664856 7.60750007629395 7.36499977111816 7.01000022888184 7.07499980926514 7.27500009536743 7.5475001335144 7.90999984748504 7.95749998124221 7.76749992370605 7.57499980926514 7.26000022888184 6.56500005722046 6.55499982829764 6.70499992370605 6.96750020980835 7.13000011444092 6.86250019073486 7.1100001335144 7.19999980926514 7.89249992370605 7.07250022888184 6.97499990463257 7.63500022888184 7.30000019073486 6.99499988555908 6.5 6.00750017166138 4.47499990463257 4.18249988619472 4.27000008846284 4.69250011444092 4.65500020980835 4.8125 5.1725001335144 5.18249988555908 5.17500019073486 4.76500074525369 4.0149998664856 3.55999994277954 3.82999992370606 4.09499979019165 3.89249992370606 4.76000022888184 4.57999992370605
7.19750022888184 7.25250005722046 7.32999992370605 7.55249977111816 7.69999980926514 7.4324998855738 7.35750007629414 7.36999988555908 8.03249931335449 8.33250045776367 8.48250007629395 8.33749961853027 8.13749980926514 8.22749996185303 7.72249984741211 7.41249990463257 7.03499984741211 6.99749994277954 7.0625 7.53249979019165 7.51749992370606 7.70749998092651 8.30999946594238 8.31999969482422 7.86999988555908 8.01500034332275 7.23999977111816 7.42500019073486 6.30249977111816 5.31500005722046 4.75500011444092 5.40250015258789 5.01999998092651 5.06500005722046 5.04250001907349 5.13749980926514 5.42749976101651 5.52250003814697 5.5774998664856 5.70749998092651 4.1399998664856 3.98499989509583 3.93249988555908 4.12750005722046 4.48999976910116 5.27250003814697 5.28749990463257
7.13749980926504 7.14750003814697 7.24499988555908 7.3899998664856 7.26749992370758 7.71500015258789 8.15750026702881 8.03250026702881 8.16249942779541 8.31999969482422 8.60249996185303 8.82499980926514 9.03999996188663 9.03250026702881 8.61499977111816 8.35750007629395 7.65500020980835 7.36499977111816 7.41499996185303 7.48000001907349 7.69250011587873 8.27000045776367 8.8125 8.96749973297119 9.03750038146973 8.52000045776367 7.90999984741211 7.78749990463257 7.04750012526143 5.81500005722046 5.96750020980835 6.22249984741211 5.90749979019165 5.64249992449763 5.6399998664856 5.37750005722046 5.40749979019165 4.96999979019165 4.91499996185303 5.36250019073486 4.89249992370605 4.0475001335144 4.28499984741211 4.64250075820977 5.28249979019165 5.44500017166138 5.1075002139288
