SnowAccumulation_R/test/tmax/final_tmax_23_04_2009.asc
NCOLS 97 
NROWS 69 
XLLCORNER 52512.810182332 
YLLCORNER 5316225.2758522 
CELLSIZE 10000 
NODATA_value -9999 
[rows 0 to 19 of 69, columns 46 to 91 of 97]
-9999 -9999 -9999 -9999 -9999 -9999 -9999 -9999 -9999 -9999 -9999 -9999 -9999 -9999 -9999 -9999 -9999 -9999 -9999 -9999 -9999 -9999 -9999 -9999 -9999 -9999 -9999 -9999 -9999 -9999 -9999 -9999 -9999 -9999 -9999 -9999 -9999 -9999 -9999 0.00999999977648258 0.449999988079071 0.879999995231629 1.39999997615814 1.60000002384186 1.99000000953674 -9999
-9999 -9999 -9999 -9999 -9999 -9999 -9999 -9999 -9999 -9999 -9999 -9999 -9999 -9999 -9999 -9999 -9999 -9999 -9999 -9999 -9999 -9999 -9999 -9999 -9999 -0.569999992847443 -1.0900000333786 -1.77999997138977 -2.09999990463257 -1.82000005245209 -1.62000000476837 -1.62000000476837 -1.46000003814697 -1.08000004291534 -0.870000004768372 -0.699999988079071 -0.819999943317062 -0.819999992847443 -0.100000316288672 0.340000003576279 0.720000028610229 1.21000003814697 1.37999999523163 1.89999997615814 2.28999996185303 -9999
-0.379999995231628 -0.370000004768372 -0.259999990463257 -0.0599999986588955 -0.180000007152557 -0.0299999993294477 0.28999999165535 0.469999998807907 0.449999988079071 0.800000011920929 0.860000014305115 0.920000016689301 0.810000002384186 0.64999997603966 0.209999993443489 0.140000000596046 0.239999994635582 0.159999996423721 0.0599999986588955 -0.0199999997301958 -0.270000010728836 -0.270000010728836 -0.280000001192093 -0.270000014548072 -0.25999999061384 -0.349999994039536 -0.730000019073486 -1.54999995231628 -2.22000002861023 -2.08999991416931 -1.71000003814697 -1.60000002384186 -1.30999994277954 -0.899999976158142 -0.670000016689301 -0.39000004263157 -0.28999999165535 -0.33999951118698 0.360000014305115 0.75 0.970000028610229 1.22000002861023 1.67999994754791 2.04999995231628 2.47000002861023 -9999
0.140000000596046 -0.0399999991058838 -0.100000001490116 0.0700000002980232 -0.119999997317791 0.0500000007450581 0.349999994039536 0.479999989277794 0.649999976158142 0.490000009536743 0.839999973773956 0.829999983310699 0.620000004768372 0.340000003576279 -0.25 -0.620000004768371 0.0199999995529652 0.119999997317791 0.0700000002980232 -0.0500000007450581 -0.25 -0.430000007152557 -0.25000000706818 -0.330000013113022 -0.25 -0.270000010728836 -0.379999995231628 -1.12000000476837 -1.9099999666214 -1.73000003201276 -1.38999998569489 -1.01999998092651 -1.02999997138977 -0.709999978542328 -0.490000009536743 -0.319999992847443 -0.049999856129985 0.330000013113022 0.639999985694885 0.980000019073486 1.1599999666214 1.49000000953674 1.95000004768372 2.17000007629395 2.5699999332428 -9999
-0.170000001788139 0.150000005960465 0.170000001788139 -0.0500000007450581 0.0500000007450581 0.0799999982118607 0.349999994039536 0.569999992856802 0.939999997615814 0.689999997615814 0.579999983310699 0.550000011920929 0.449999988079071 0.209999993443489 -0.0799999982118607 -0.200000002980232 -0.0399999991059303 0.0500000007450581 0.0700000002663466 0.0700000002980232 -0.159999996423721 -0.300000011920929 -0.400000005960464 -0.0599999987652409 -0.100000001490116 -0.109999999403954 -0.200000002980232 -0.560000002384186 -1.30999994277954 -1.52999997138977 -1.10000002384186 -0.790000021457672 -0.709999978542328 -0.389999985694885 -0.379999995231628 -0.409999729593533 0.140000000596046 0.519999980926514 0.850000023841858 1.1799997968989 1.41999995708466 1.75999999046326 2.05999994277954 2.58999991416931 2.94999942666167 -9999
-0.129999995231628 0.0599999986588955 0.280000001192093 0.379999995231628 0.389999985694885 0.560000002384186 0.829999983310699 0.759999990463257 1.04999995231628 0.97000002861023 0.860000014305115 0.810000002384186 0.660000026207315 0.439999997615814 0.219999998807907 0.0900000035762787 -0.400000005960464 -0.189999997615814 0.0299999993294477 0.170000004855916 0.0599999986588955 -0.150000005960464 -0.340000003576279 -0.219999998807907 0.0900000035762787 -0.00999999977648258 -0.119999997317791 -0.129999995231628 -0.28999999165535 -0.720000028610229 -0.709999978542328 -0.419999986886978 -0.300000011920929 -0.110000035729401 0.00999999977648258 0.439999997615814 0.540000021457672 0.759999990463257 1.07999990072883 1.25999999046326 1.72000002861023 2.01999998092651 2.32999992370605 2.82999921875535 3.13000011444092 -9999
-0.109999999403954 -0.0599999986588286 0.340000003576279 0.340000003576279 0.600000023841858 1.1599999666214 1.62999999523163 1.72000002861023 1.46000003814697 1.51999998092651 1.21000003814697 0.910000026226044 0.829999983329515 0.540000021457672 0.469999998807907 -0.0299999993294477 -0.46000000834465 -0.349999991287943 -0.490000009536743 0.100000001490116 0.159999996423721 0.109999999403954 -0.270000010728836 -0.439999997615814 0.180000007152557 0.180000007152557 0.0799999982118607 0.0199999995529652 0.0599999986588955 -0.0500000007450581 -0.109999999403954 -0.0500000007450581 -0.0199999995529652 0.0599999986588955 0.740000009536743 0.829999983310699 1.01999998092651 1.13999998569489 1.35000002384186 1.62000000476837 1.99000000953674 2.30999994277954 2.60999989509583 2.75999999046326 3.3199999332428 -9999
0.0599999986588955 0.119999997317721 0.239999994635582 0.140000000596046 0.689999997615814 1.26999998092651 1.94000005722046 2.09999990463257 2.16000008583069 1.97000002861023 1.62999999523163 1.24000000953674 1.12999999523163 0.610000014305115 0.5 0.0500000023349887 0.0700000002980232 -0.0599999986588955 -0.310000002384186 -0.280000001192093 0.239999994635582 0.219999998807907 0.0399999989530537 -0.379999995231628 0.259999990463257 0.400000005960464 0.280000001192093 0.239999994635582 0.200000002980232 0.360000014305115 0.189999997615814 0.379999995231628 0.46000000834465 0.939999997615814 1.04999995231628 1.1599999666214 1.37999999523163 1.46000003814697 1.74000000953674 1.95000004768372 2.19000005722046 2.55999994277954 2.69000005722046 3.07999992370605 3.69000005722046 -9999
0.219999998807907 0.270000010728836 0.0900000035762787 0.270000010728836 0.620000004768372 1.50999999046326 2.19000005722046 2.36999988555908 2.49000000953674 1.98000001907349 1.94000005722046 1.49000000953674 1.4099999666214 1.00999999065478 0.899999976158142 0.439999997615814 0.0799999982118607 -0.0299999993294477 -0.270000010728836 -0.189999997615814 0.0500000007450581 0.270000010728836 0.200000002980232 -0.129999995231628 0.230000004172325 0.490000009536743 0.560000002574804 0.5 0.439999997615814 0.519999980926514 0.639999985694885 0.889999974931817 1.30999994277954 1.27999997138977 1.41999995708466 1.5900000333786 1.75999995310941 1.85000002384186 2.0699999332428 2.19000005722046 2.51999998092651 2.70000004768372 3.14000010490417 3.42000028151534 3.9300000667572 -9999
0.259999990463257 0.159999996423721 0.0500000007450581 -0.00999999977648258 0.5 1.33000004291534 1.75999999047008 2.33999991416931 2.40000009536743 2.34999990463257 2.10999989509583 1.80999994330166 1.86000001430511 1.55999994277954 1.23000001907349 0.519999980926514 0.230000004028401 0.00999999977648258 0.0199999995529652 -0.310000002384186 -0.469999998807907 -0.189999997259091 0.180000007152557 -0.00999999977648258 0.270000010728836 0.430000007152557 0.639999985694885 0.860000014305115 0.889999985694885 0.920000016689301 0.990000009536743 1.42999994754791 1.5900000333786 1.70000004768372 1.85000002384186 1.96000003814697 2 2.08999991416931 2.47000002861023 2.53999996185303 2.88000001529896 3.00999999046326 3.21000028045247 3.69000005722046 4.21000003814697 4.3600001335144
0.239999994635582 0 0.0900000035762787 0.0799999982118607 0.379999995231628 1.17999994754791 1.62000000477469 1.98000001908746 2.10999989504847 1.99000000953674 2.26999998092651 2.25000000002628 2.10999989509583 1.80999994277954 1.49000000953674 1.28999996185303 0.720000028610229 0.150000005960464 0.0900000035762787 -0.400000005960465 -0.680000007152557 -0.600000023841858 -0.560000002384186 -0.0900000035762787 0.379999995231628 0.550000011242111 0.709999978542328 1.02999997138977 1.19000005722046 1.23000001907349 1.57000005029291 1.62999999523163 1.85000002384186 1.94000005722046 2.1800000667572 2.25 2.21000003814697 2.51999998092651 2.65000009536743 2.92000007629395 2.97000002861023 3.13000011444092 3.51999998092651 3.82999992370605 4.07000017166138 4.51000022888184
0.289999991655722 0.159999996424606 0.0399999991073273 0.119999997319654 0.629999995234888 1.14999997615814 1.25 1.78999996185303 1.75999999046326 1.95000004768372 2.20000004768372 2.20000004768372 2.26999998092651 1.87000000476837 1.62999999523163 1.52999997138977 1.33000004291534 0.479999989271164 0.280000001192093 -0.219999998807907 -0.569999992847443 -0.689999997615814 -0.889999985694885 -0.439999997615814 0.0900000035762787 0.550000011920929 0.910000026226044 1.12000000476837 1.42999994754791 1.76999998092651 1.77999997138977 1.78999996185303 2 2.19000005722046 2.38000011444092 2.54999995231628 2.46000003814697 2.69000005722046 2.83999991416931 2.90000009536743 3.17000007629395 3.46000003814697 3.58999991416931 3.87999983665425 4.09000015258789 4.53000020980835
0.629999995231628 0.759999990463213 0.680000007152557 0.819999992847443 0.759999990463257 1.25999999046326 1.28999996185303 1.89999997615814 2.10999989509583 1.99000000953674 2.14000010490417 2.10999989509583 1.99000000953674 1.97000002861023 1.75999999046326 1.71000003798355 1.45000004768372 0.9200000166893 0.569999992847443 0.230000004172325 0.0900000029165531 -0.379999995231628 -0.620000004768372 -0.610000014305115 -0.270000010728836 0.509999990463257 1.08000004291534 1.27000002412861 1.85000002384186 1.99000000953674 1.97000002861023 2.02999997138977 2.17000007629395 2.54999995231628 2.49000000953674 2.51999998092651 2.5699999332428 2.75999999046326 2.99999979080055 3.09999990463257 3.33000017815916 3.51999998092651 3.59999990463257 3.76999998092651 4.1399998664856 4.53999996185303
0.610000014305115 0.5 0.930000007152557 0.97000002861023 1.03999996185303 1.39999997615814 1.64999997615814 1.37999999523163 1.5 2.21000003814697 2.09999990463257 2.08999991416931 1.99000000953674 1.92999994754791 1.87999999523163 1.82000005226822 1.50999999046326 1.22000002861023 0.97000002861023 0.629999995231628 0.469999998807907 -0.0299999993294477 -0.300000011920929 -0.28999999165535 -0.0399999991059303 0.759999990463257 1.35000005037337 1.82000005245209 2.16000008583069 2.07999992370605 2.14000010490417 2.26999998092651 2.48000001907349 2.5699999332428 2.51999998092651 2.48000001907349 2.48000001907349 3.02999997138977 3.21000003814697 3.30000018247598 3.67000007629395 3.58999991416931 3.64000010490417 3.82999992370605 4.23999977111816 4.55999994277954
0.860000014305115 0.829999983310699 0.620000004768372 1.22000002861023 1.54999995231628 1.73000001907349 1.60000002384186 1.41999995708466 1.32000005245209 1.78999996185303 1.55999994277601 1.73000001907349 2.09999990463257 2.04999995231628 1.83000004291534 1.62000000476837 1.62000000476837 1.16999995708466 0.839999973773956 0.819999992677197 0.479999989271164 0.0799999982118606 -0.100000001490116 0.0500000007450581 0.360000014305115 1.1699999865139 1.69000005722046 2.11999988555908 2.22000002861023 2.16000008583069 2.32999992370605 2.5699999332428 2.48000001907349 2.46000003814697 2.71000003814697 2.65000009536743 2.90000009536743 2.94000005722046 3.41000008583069 3.39000010490417 3.72000002861023 3.77999993826702 3.83999991416931 3.97000002861023 4.34999990463257 4.61999988555818
0.819999992847443 0.899999976158142 1.01999998092651 1.20000004768372 1.44000005722046 1.62000000476837 1.62000000476837 1.78999996185303 1.49000000953674 1.41999995708466 1.52999997138977 1.74000000953674 1.82000005245209 1.60000002384186 1.42999994754791 1.62999999523163 1.75 1.13999998569489 0.910000026226044 0.779999971389771 0.610000014305115 0.46000000834465 0.310000002384186 0.490000009536743 1.23000001907349 1.05999994277954 1.85000002384186 2.03999996185303 2.03999996185303 2.25999999046326 2.50999999046326 2.69000005722046 2.72000002861023 2.75999999046326 2.75 2.92000007629395 2.83999993572977 3.10999989509583 3.59999990463257 3.71000003814697 3.88000011444092 3.9300000667572 4.09999990463257 4.19999980926514 4.53999996185303 4.63000011444092
0.839999973773956 0.779999971389771 1.19000005722046 1.38999998569489 1.5 1.65999996662255 1.78999996185303 2.00999999046326 1.69000005722046 1.41999995708466 1.39999997615814 1.45000004768372 1.51999998092651 1.41999995708466 1.30999994266061 1.27999997138977 1.52999997138977 1.51999998092651 0.879999995231629 0.779999971389771 0.810000002384186 0.709999978542328 0.639999992724926 0.870000004768371 1.22000002861023 1.4099999666214 1.99000000953674 1.94000005640567 2.03999996185303 2.26999998092651 2.58999991416931 2.84999990463257 2.86999988555908 2.9300000667572 2.96000003814697 3.09999990463257 3.07999992370605 3.64000010490417 3.98000001907349 4.15000009536743 4.17000007629395 4.19000005722046 4.36999988555908 4.46999979019165 4.53999996185303 4.84999990463257
0.819999992847443 0.779999971389771 1.12000000476837 1.38999998569489 1.63999998569489 1.78999996185437 1.75 1.94000005722046 1.99000000953674 1.8400000333786 1.5900000333786 1.32000005245209 1.29999995231628 1.24000000953674 1.13999998569489 0.879999995231628 0.930000007152557 0.839999973773956 1.17999994774006 1.02999997138977 0.620000004768372 0.829999976355887 0.980000019073486 1.05999994277954 1.16999995708466 1.39999997615814 1.86000001430511 1.86000001430511 2.02999997138977 2.29999995231628 2.70000004768372 2.8199999332428 2.9300000667572 2.91000008583069 2.99000000953674 3.29999982545346 3.41000019897687 3.75 4.34000015258789 4.46999975837998 4.48999977111816 4.46000003814697 4.65999984741211 4.78000016171166 4.82999992370605 5.09000015258789
0.889999985694885 0.980000019073486 1.08000004291534 1.35000002384186 1.45000004768372 1.62000000477026 1.88999998569489 1.88999998569489 1.87000000476837 2.16000008583069 1.86000001430511 1.41999995708466 1.08000004291534 1.0900000333786 0.980000019073486 0.629999995231628 0.370000004768372 0.0700000002980232 0.0700000002980232 1.05999991377634 0.629999995231628 0.990000009536743 1.00999999048888 1.21000003814697 1.46000003814697 1.55999994277954 1.75000000032382 1.8400000333786 2.04999995231628 2.33999991416931 2.75 2.82999992370605 2.75 2.94000005722046 3.17000007629395 3.29999996588094 3.63000011444092 4.05000019073486 4.57000017166138 4.57999992370605 4.59999990463257 4.69999980926514 4.92000007629395 4.96000003814697 5.1100001335144 5.3600001335144
0.959999978542328 1.08000004291534 1.3400000333786 1.41999995708466 1.76999998092651 1.83000004291534 2.15000009536743 1.85000002384186 1.91999995708466 2.0000000000091 1.83000004291534 1.6599999666214 1.3400000333786 1.11000001430511 0.980000019073486 0.449999988079071 0.310000002384186 -0.150000002907636 -0.0299999993294477 -0.46000000834465 -0.439999997615814 0.610000014305115 1.08000004291534 1.45000004768372 1.73000001907349 1.85000002384186 1.78999996185303 1.86000001430511 2.11999988555908 2.49000000953674 2.67000007629395 2.72000002861023 2.78999996185303 3.11999988555908 3.13000004642589 3.40000009536743 3.77999997138977 4.19999980926514 4.46999979019165 4.63000011444092 4.76000022888184 4.92000007629395 5.03999996185303 5.21000003814697 5.40999984741211 5.62000061409781
