SnowAccumulation_R/test/tmax/final_tmax_07_04_2009.asc
NCOLS 97 
NROWS 69 
XLLCORNER 52512.810182332 
YLLCORNER 5316225.2758522 
CELLSIZE 10000 
NODATA_value -9999 
[rows 42 to 62 of 69, columns 47 to 93 of 97]
17.2399997711182 16.9799995422363 16.7900009155273 16.5699996948242 16.3299999237061 16.0400009155273 15.9399995803833 15.9099998474121 15.8599996566772 15.8900003433228 15.5799999237061 15.3500003814697 15.2299995422363 15.0799999237061 14.8599996566772 14.7899999618102 14.6000003814697 14.4399995803833 14.2600002303451 14.1599998474121 13.710000038147 13.7100000293834 13.5 13.4700002670288 13.0699996948242 12.9899997711182 12.8500003814697 12.6300001144409 12.5500001907349 12.3599996566772 11.9300003051758 11.7600002288818 11.5900001525879 11.289999961853 11.1300001144409 11.4899997711182 11.6099996566772 11.2200002670288 10.5900001525879 9.85000038146973 9.44999980926514 8.60000038146973 7.75 7.86999988555908 8 7.96999979019165 7.90000009536743
17.3199996948242 16.9899997711182 16.7800006866455 16.5699996948242 16.1700000762939 16.2900009155273 16.1499996185303 15.9499998092651 15.789999961853 15.7700004577637 15.6300001144409 15.4099998474121 15.3100004196167 15.1199998855591 14.9300003051758 14.789999961853 14.75 14.4899997711182 14.4200000758861 14.0399999580204 13.710000038147 13.4799995420926 13.4300003051758 13.2700004577637 13.289999961853 13.1999998092651 12.9899997711182 12.75 12.6300001144409 12.4899997711182 12.2299995422363 12.039999961853 11.8400001525879 11.6300001144409 11.5100002288818 11.0500001907349 11.1499996185303 10.8900003433228 10.5600004196167 9.90999984741211 9.53999996185303 8.73999977111817 8.0600004196167 7.96000003814697 7.94000005722046 7.8600001335144 7.78000020980835
17.2299995422363 17.1000003814697 16.9300003051758 16.4400005340576 16.2999992370605 16.3299999237061 16.2900009155273 16.1499996185303 16.0100002288818 15.9399995803833 15.6999998092651 15.4300003051758 15.3199996948242 15.1000003814697 14.8500003814697 14.75 14.7299995422363 14.460000038147 14.2899999582035 14.039999961853 13.5699996948242 13.4300003051758 13.25 13.4399995803833 13.3999996185303 13.3599996566772 13.2700004577637 13.1499996181144 12.7799997329712 12.5900001525879 12.5 12.3299999237061 12.1000003814697 12 11.7799997329712 11.460000014894 10.8800001563376 10.5900001525879 10.5 9.98999983332468 9.69999980926513 9.02999973297119 8.46000024901255 8.27000045776367 8.05000019073486 7.86000029060672 7.76000033808775
17.5 17.25 16.9899997711182 16.5300006866455 16.3600006103516 16.5599994659424 16.4300003051758 16.25 16.0200004577637 15.8299999237061 15.6999998092651 15.3999996185303 15.2600002288818 15.0299997329712 14.8299999237061 14.7299995414367 14.4899997677875 14.3100004196167 14.3100004196167 13.9899997711182 13.6800003051758 13.5699996948242 13.5100002288818 13.3699998855591 13.3599996566772 13.1899995803833 13.3999996185303 13.3100004196167 13.0500001907349 12.8000001907349 12.6700000762939 12.25 12.0900001525879 12.0600004196167 11.7600002347432 11.4499998092651 11.1899995803833 10.7600002288818 10.2600002288818 9.93000030517578 9.82999992370605 9.26000022888184 9 8.57999992370605 8.25 8.10000038146973 7.92000007629395
17.5699996948242 17.2399997711182 16.9899997711182 16.6900005340576 15.9899997711182 16.7000007629336 16.2999992370605 16.1599998474121 16.0200004577637 15.789999961853 15.5600004196167 15.3999996185303 15.3100004196167 14.8199996944974 14.1599998474121 14.1400003433228 14.3199996948242 14.3199996948242 14.2600002288818 14.0299997329712 13.8500003814697 13.789999961853 13.8299999237061 14 13.8999996185303 13.6099996566772 13.5299997329712 13.3800001144409 13.1400003433228 12.8699998855591 12.7200002670288 12.25 12.1199998855591 12.0200004577637 11.6899995803833 11.5699996948242 11.3599996566772 10.789999961853 10.3900003433228 10.289999961853 9.89999961853027 9.53999996185303 9.23999977111816 8.80000019073486 8.47000044789978 8.47000026702881 8.07999992370605
17.3299999237061 17.1299991607666 16.9500007629395 16.5200004577637 15.8299999237061 16.5599994659323 15.9899997711182 16.0499992370606 16.0799999236796 15.7399997711182 15.5100002283831 15.449999808542 14.4499998092651 13.7200002670288 13.8500003818628 14.3599996566772 14.2299995422363 14.1700000762939 14.1700000762939 14.0500001907349 14.210000038147 14.210000038147 14.2399997711182 14.2600002288818 14.1199998855591 13.8800001144409 13.4799995422363 13.3000001907349 13.1899995803833 12.9700002674542 12.8000001907349 12.3999996185303 12.3100004196167 11.9899997711182 11.7399997711182 11.6499996185303 11.4200000762939 11.1300001144409 10.9399995803833 10.5200004577637 10.1099996566772 9.85999965667725 9.48999977111816 9 8.79000034791477 8.59000015258789 8.23999977111816
17.2000007629394 16.9799995422363 16.8700008392334 16.2900009155273 15.5799999237061 15.9700002670211 15.5600004196167 15.7499999999133 15.8599996564105 14.25 13.3999996185303 13.6099996566165 13.3000001907349 13.4799995422363 13.6999998097358 14.5 14.3500003814697 14.2799997329231 14.460000038147 14.4700002670288 14.5799999240999 14.6700000762939 14.5500001907349 14.4799995413478 14.1800003051758 13.8699998855591 13.6700000762939 13.3999996185303 13.1899995803833 13.1400003433228 12.8000001907349 12.460000038147 12.3100004196167 12.0299997329712 11.8000001907349 11.8299999237061 11.5200004577637 11.2600002288818 11.1199998855591 10.7299995422363 10.3699998855591 10.1000003814697 9.4399995803833 9.22999975319075 9.17000007629395 8.72000026702881 8.39000034332344
17.0200004577637 16.8600006103516 16.3400001525879 15.6800003051758 15.4300003051758 13.6700000762939 14.0100002288818 14.0500001907349 13.0600004196167 12.3299999237061 12.3100004196167 12.5799999237061 12.9300003051758 13.2600002288818 13.5699996948242 14.5900001525879 14.3800001144409 14.4700002670288 14.6300001144409 14.8500003814697 14.7299995422363 14.8199996948242 14.6800003051758 14.5200004577637 14.3199996948242 14.0600004196167 13.8699998855591 13.6499996185303 13.3699998855591 13.2399997844956 12.8699998855591 12.5 12.289999961853 12.0900001525879 11.9499998092651 11.9300003051758 11.6099996566772 11.1800003470201 11.039999961853 10.9099998474121 10.5100003156295 10.25 9.72999954223633 9.65999984741211 9.28999996185303 8.9399995803833 8.71000003814697
16.8600006103516 16.5300006866455 15.8999996185303 15.4499998092651 15.2799997329712 13.1000003814697 12.960000038147 12.8699998855591 12.1700000762939 12.6700000762939 12.6599998474121 12.8299999237061 13.0500001907349 13.3400001525879 14.1899995803833 14.5900001525879 14.3900003433228 14.3500003814697 14.6099996566772 14.8900003433228 14.9300003051758 14.5600004196167 14.6800003051758 14.5200004577637 14.4099998474121 14.2200002670288 14.1300001144409 13.7399997711182 13.4899997804636 13.3299999237061 12.960000038147 12.529999735799 12.3299999237061 12.0799999237061 11.9799995422363 11.8599996566772 11.7299995422363 11.4399995803833 11.2399997711182 11.0699996948242 10.8400001525879 10.3999996185303 9.97999954223633 9.77999973297119 9.39000034332275 9.09000015258789 8.89999961853027
16.8299999237061 16.2800006866455 15.4099998474121 13.9200000762939 13.3400001525879 13.0299997329712 13.3999996185303 13.710000038147 13.3199996948242 13.5 13.5799999237061 13.1300001144409 13.4300003051758 14.3500003814697 14.4700002670288 14.4099998474121 14.1199998855591 14.3299999237061 14.4899997711182 14.9899997711182 14.8599996566772 14.3599996566772 14.5100002288818 14.6499996185303 14.4499998092651 14.2799997329712 14.1300001144409 13.6999998344965 13.7899999609972 13.3199996948242 12.8500003814697 12.7700004577637 12.3900003433228 12.1300001144409 11.9499998092651 11.9499998092651 11.9399995803833 11.8100004196167 11.4799995422363 11.3199996948242 11.0900001525879 10.7299995422363 10.1899997545304 9.94999980926514 9.47999954223633 9.23999977111816 8.85999965667725
17.0200004577637 14.960000038147 15.0500001907349 14.8800001144409 14.5799999237061 14.2399997711182 14.3299999237061 14.4799995422363 14.3999996185303 14.2299995422363 14.1400003433228 14.0799999237061 13.7799997329712 14.5500001907349 14.710000038147 14.4099998474121 14.2399997711182 14.5600004196167 14.8000001907349 14.9200000762939 14.8900003433228 14.8699998855591 14.6800003038925 14.5100002288818 14.3999996185303 14.3100004196167 14.039999961853 13.9399995803833 13.7600002288818 13.2700004577637 12.6499996185303 12.5699996948242 12.210000038147 11.8199996948242 11.789999961853 11.5200004577637 11.6400003246337 11.8100004196167 11.8000001907349 11.6700000762939 11.2500001769891 10.75 10.5 10.0900001525879 9.55000019073486 9.32999992370606 8.96000003814697
16.6299991607666 15.7399997711182 15.4700002670288 15.460000038147 15.3100004196167 15.1300001144409 14.9700002670288 14.9700002670288 15 14.789999961853 14.6400003433228 14.4899997711182 14.0100002288818 14.5699996948242 14.8000001907349 14.710000038147 14.6199998854249 14.7700004577637 15.0699996948242 15.1899995809885 15.4899997711182 15.1999998092651 14.960000038147 14.1099996566772 14.0100002314846 13.8000001907349 13.9200000762939 13.6700000762939 13.4499998092651 12.8199996948242 12.2299995422363 12.1499996185303 11.7700004577637 11.869999884434 11.8000001907349 11.7799997329712 11.5100002288818 11.8299999237061 11.9300003051758 11.7999999730703 11.3299999237061 11.1000003814697 10.8000001907349 10.2200002670288 9.76000045985053 9.52000045776367 9.0600004196167
16.7800006866455 16.4300003051758 16.1800003051758 15.8800001144409 15.8599996566772 15.5699996948242 15.4200000762939 15.3199996948242 15.3699998855591 15.0900001525879 15.0200004577637 14.8999996185303 14.710000038147 14.7299995423256 14.9899997711182 14.7700004577637 14.7100000381277 14.7399997711182 14.9300003051758 15.0699996948242 15.289999961853 15.3299999237061 15.039999961853 14.5799999237061 14.3299999237061 13.9399995803833 13.6400003433228 13.5600004196167 13.1800003051758 12.6800003051758 12.5699996948242 12.0600004196167 11.8199996948242 11.6499996185303 11.8299999237061 11.960000038147 11.8900003433228 12.0200004577637 11.7100001511319 11.75 11.460000038147 11.1400003914646 11.0500001907349 10.5 10.2799997329712 9.67000007629395 9.15999984741211
17 16.6900005340576 16.7099990844727 16.4799995422363 16.2399997711182 16.1900005340576 15.9099998474121 15.6300001144409 15.7299995422363 15.3699998855591 14.8800001144409 15.1199998855591 15.3199996948242 15.3000001906861 15.1999998092651 15.1000003814697 15.0200004577637 14.8999996185303 15.0299997329712 15.0799999237061 14.9799995422363 15.1899995704226 14.7600002288818 14.7299995422363 14.3900003433228 13.9099998474121 14.2200002670288 14.0200004564142 13.6800003051758 13.0699996948242 12.9099998474121 12.4399995803833 11.8299999237061 11.8100004196167 11.6999998092651 12.0200004577637 12.1300001144409 12.3599997046886 12.6199998855591 12.0299997329712 11.6999998092651 11.3900003433228 11.0900001525879 10.5299997329712 10.3599996566772 9.89000034332275 9.35000076325251
17.2199993133545 17.1499996185303 17.0400009155273 16.9500007629395 16.6299991607666 16.5200004577637 16.3600006103516 15.9700002670288 15.8400001525879 15.8699998855591 15.6800003051536 15.539999961853 15.4099998474121 15.2700004577637 15.2799997329712 15.1599998474121 15.1599998474121 15.1099996566772 15.1700000762939 15.1499996188934 14.9799995422363 14.8900003433228 14.7299995422363 14.5699996948242 14.6400003426858 14.1999998092651 14.3400001525879 14.289999961853 13.9300003051758 13.3900003433228 13.0200004577637 12.6300001144409 12.0100002347536 11.9399995803833 12.1999998092651 12.2399997711182 12.4399977915244 8.625 8.41749954223633 8.0625 7.59000015258789 7.4375 7.19999980926514 6.98750006916503 6.96000003814697 6.28499984741211 5.6399998664856
17.4400005340576 17.4500007629395 17.3299999237061 17.1499996185303 16.8799991607666 16.7000007629395 16.6299991607666 16.3500003814697 16.1499996185303 16.1100006103516 15.9700002670288 15.9300003051758 15.1899995803833 15.1300001144409 15.1700000762939 15.1099996566772 15.1000003814697 15.1300001199001 15.4324998855591 15.4449996948242 15.4174995422363 15.1649999611009 15.1499996185303 14.4925003051758 14.0749998092651 13.3999996185303 12.8924999237061 12.7799997329712 12.6499996185303 12.0775003433228 11.3850002288818 10.6099996566772 10.539999961853 9.22249984741211 9.125 9.27000054350417 9.6850004196167 9.39750003814697 9.14249992370605 8.26500034332275 7.80000019073486 7.14750003814697 7.42999982833862 7.09999990463257 7.13250017166138 6.27750015258789 5.60249996185303
17.25 17.4375 17.5200004577637 17.5575008392334 17.3400001525879 17.1149997711182 16.7574996948242 16.8700008392324 16.7250003814697 16.4825000762939 16.25 16.2574996948242 15.3900003433228 14.9925003051758 15.3125 15.5550003051627 15.6450004577637 15.8000001907349 15.7274999614131 15.3275003433228 15.0924997329712 15.4899997711182 15.4475002288818 14.4449996948242 13.8549995422363 13.852499961853 13.0825004577637 13.0450000762939 12.8599996566772 12.6424999213207 11.1575002670288 10.1575002670288 10.0799999237061 10.0150003433228 9.26000063742957 9.89000034332275 9.85499954223633 9.79749965667725 9.91749954223633 8.51500034332275 8.11750030517578 7.37249994277954 8.04500007629395 7.80999994277954 7.42500019073486 7.03999996185303 5.79500229296516
17.2175006866455 17.3299999237061 17.5100002288818 17.7724990844727 17.2999992370605 16.9125003814697 16.8649997711182 16.8525009155306 16.9599990844727 17 16.8600006103516 16.5849990844727 15.5675001153063 14.9475002295411 15.2775001525879 15.5375003814697 15.6099996566772 15.3199996948242 15.3649997711182 15.3024997711182 15.3074998855591 15.2849998474121 15.8774995803833 14.6175003051758 14.2799997329712 14.5050001144409 13.8124999977887 13.4899997711182 13.1175003051758 12.6674995422363 11.0150003433228 9.98999977111816 9.88000011444092 10.0574999389346 10.3175001032505 10.4750003814697 10.0474996566772 9.94499969482422 10.3625001907349 8.82750034332275 8.19999980926514 7.69500017166138 7.64249992370605 7.77250003814697 7.57000017166138 7.47749996185303 7.7975001335144
17.4624996185303 17.5475006103516 17.6025009155273 17.8050003051758 17.5049991607666 17.0874996185303 16.9799995422363 17.1550006866455 17.1774997711182 17.397499084502 17.4074993135961 17.0650005340576 16.9449996948242 16.5799999237061 15.647500038147 15.5399999616369 15.4925003051758 15.477499961853 15.6499996185303 15.4025001525879 15.5600004196167 15.6300001144409 16.1875 15.1949996948242 15.0024995803833 15.1875 14.6875 14.0424995422363 13.5775003433228 12.7799997329712 10.8874998092651 10.3874998100547 10.2974997971916 10.6824998855591 10.6599998474121 10.6000003814697 10.6700000762939 10.3199996948242 9.76000022888184 9.07250119003421 8.22749996185303 7.59250020980835 7.84749984741211 8.07999992370605 7.79250001907349 9.09999942779541 8.90000057220459
17.5375003814697 17.6450004577637 17.6875 17.8299999237061 17.9375 17.5524997711362 17.3225002288886 17.375 17.7525005340576 17.7199993133545 17.8299999237061 17.6650009155273 17.4225006103516 17.4575004577637 16.6049995422363 16.2175006866455 15.7025003433228 15.6324996948242 15.6724996566772 16.1375007629395 15.9750003814697 16.1124992370605 16.6375007629395 16.4825000762939 15.8374996185303 15.7924995422363 14.9724998474121 14.7550001144409 13.7399997711182 12.539999961853 11.0749998092651 11.6850004196167 11.1549997329712 11 10.8774995803833 10.7600002288818 10.7524995896432 10.5550003051758 10.0150003433228 10.039999961853 8.32250022888184 8.05749988555908 7.9850001335144 8.26499938964844 8.68749993947977 10.0524997711182 10.1525001525879
17.5949993133546 17.7199993133545 17.7775001525879 17.8575000762939 17.7075004577643 17.9850006103516 18.2625007629395 18.0925006866455 17.8899993896484 17.8225002288818 18.0550003051758 18.2000007629395 18.3250007628796 18.0249996185303 17.2999992370605 16.9624996185303 16.2749996185303 15.9499998092651 16.0625 16.0475006103516 16.1949996957425 16.6324996948242 17.1574993133545 17.1975002288818 17.0125007629395 16.2674999237061 15.6400003433228 15.2349996566772 14.4250001812557 12.7174997329712 12.6925001144409 12.6750001907349 12.1075000762939 11.6250000044701 11.4724998474121 10.8675003051758 10.8225002288818 10.039999961853 9.5024995803833 9.7524995803833 9.01749992370605 8.17500019073486 8.375 8.7050006368936 9.34500026702881 10.0325002670288 9.6425002907335
