SnowAccumulation_R/test/tmax/final_tmax_26_04_2009.asc
NCOLS 97 
NROWS 69 
XLLCORNER 52512.810182332 
YLLCORNER 5316225.2758522 
CELLSIZE 10000 
NODATA_value -9999 
[rows 42 to 62 of 69, columns 47 to 93 of 97]
8.60000038146973 8.42000007629395 8.19999980926514 8.02999973297119 7.8899998664856 7.71000003814697 7.65999984741211 7.78000020980835 7.96000003814697 8.14999961853027 8.14999961853027 8.30000019073486 8.36999988555908 8.64000034332275 8.81999969482422 8.94999980953659 9.15999984741211 9.38000011444092 9.56000041815343 9.64999961853027 9.5 9.85999964280161 9.67000007629394 9.98999977111816 9.84000015258789 9.9399995803833 10.1800003051758 10.3299999237061 10.4399995803833 10.6400003433228 10.460000038147 10.4200000762939 10.5799999237061 10.5299997329712 10.5 11.2700004577637 11.7700004577637 11.5299997329712 11.5699996948242 11.4300003051758 11.3000001907349 10.9499998092651 10.6599998474121 11.039999961853 11.6999998092651 12.1300001144409 12.2399997711182
8.60000038146973 8.3100004196167 8.18000030517578 7.8600001335144 7.61000013351441 7.80000019073486 7.71999979019165 7.67000007629395 7.73999977111816 7.8600001335144 8.0600004196167 8.21000003814697 8.3100004196167 8.52000045776367 8.73999977111816 8.78999996185303 9.17000007629395 9.27999973297119 9.42000007641048 9.39000033587042 9.30000019073486 9.21000003867399 9.44999980926513 9.56999969482422 9.97999954223633 10.0500001907349 10.1899995803833 10.289999961853 10.3299999237061 10.5900001525879 10.6300001144409 10.5699996948242 10.6599998474121 10.7200002670288 10.7200002670288 10.5 10.8900003433228 10.8599996566772 11.2200002670288 11.2299995422363 11.1800003051758 11.0200004577637 10.9899997711182 11.2200002670288 11.8400001525879 12.3100004196167 12.4499998092651
8.53999996185303 8.32999992370605 7.94999980926514 7.59999990463257 7.51999998092651 7.67999982833862 7.69999980926514 7.71000003814697 7.80000019073486 7.86999988555908 7.98000001907349 8.10000038146973 8.18000030517578 8.36999988555908 8.52000045776367 8.61999988555908 9.01000022888184 9.10999965667725 9.11999987921213 9.09000015258789 8.93000030517578 8.9399995803833 9.05000019073486 9.63000011444092 9.76000022888184 10.0900001525879 10.3900003433228 10.4399995803344 10.3500003814697 10.5200004577637 10.5900001525879 10.7600002288818 10.8199996948242 10.8500003814697 10.8900003433228 10.6800002917134 10.3400001693465 10.210000038147 10.8199996948242 10.9899996583688 11.0799999237061 11.1599998474121 11.3699997801263 11.5699996948242 12.1499996185303 12.6399999977189 12.7900011631181
8.60999965667725 8.3100004196167 7.84999990463257 7.51000022888184 7.44000005722046 7.75 7.67999982833862 7.65999984741211 7.6399998664856 7.6100001335144 7.84000015258789 7.94999980926514 8.02000045776367 8.19999980926514 8.39999961853027 8.48999976970335 8.61999988111817 8.68000030517578 8.85999965667725 8.86999988555908 8.86999988555908 8.92000007629395 9.19999980926514 9.38000011444092 9.53999996185303 9.69999980926514 10.3900003433228 10.4799995422363 10.5600004196167 10.6199998855591 10.6499996185303 10.4700002670288 10.6300001144409 10.7700004577637 10.600000399054 10.539999961853 10.3699998855591 10.2200002670288 10.0699996948242 9.93000030517578 10.8400001525879 11.1000003814697 11.3000001907349 11.8800001144409 12.5 12.8100004196167 13.7700004577637
8.67000007629394 8.31999969482422 7.65999984741211 7.32999992370605 7.36999988555908 7.71000003814304 7.46999979019165 7.44000005722046 7.48000001907349 7.42000007629394 7.59999990463257 7.88000011444092 8 7.92000007593744 7.59999990463257 7.73999977111816 8.25 8.57999992370605 8.68000030517578 8.77000045776367 8.89999961853027 9.01000022888184 9.40999984741211 10.0100002288818 10.0699996948242 10.1000003814697 10.4099998474121 10.4200000762939 10.5 10.5600004196167 10.5600004196167 10.3100004196167 10.539999961853 10.5 10.3900003433228 10.5699996948242 10.4499998092651 10.0299997329712 9.93000030517578 10.0900001525879 10.3199996948242 11.0600004196167 11.2200002670288 11.8900003433228 12.759999698325 13.1800003051758 13.9499998092651
8.51000022888184 8.3100004196167 7.92999982833862 7.40000009536743 7.32000017166138 7.57999992369959 7.21999979019165 7.26000022888184 7.28999996183923 7.26000022888184 7.51000022854935 7.67999982789531 7.26000022888184 6.92999982833862 7.17000007681809 7.92999982833862 8.09000015258789 8.31999969482422 8.47000026702881 8.64999961853027 9.17000007629395 9.34000015258789 9.76000022888183 10.1899995803833 10.1999998092651 10.3000001907349 10.1800003051758 10.1499996185303 10.4200000762939 10.5600004194395 10.5299997329712 10.3900003433228 10.3699998855591 10.3599996566772 10.3800001144409 10.4099998474121 10.3800001144409 10.3199996948242 10.2299995422363 10.0500001907349 10.0500001907349 10.2200002670288 11.1400003433228 11.789999961853 12.1899991943216 12.7200002670288 13.2399997711182
8.44999980926514 8.3100004196167 8.0600004196167 7.40999984741211 7.25 7.30999994277514 7.05999994277954 7.13000011442562 7.15999984733844 6.61999988555908 6.25 6.48000001906539 6.42000007629394 6.76999998092651 7.07000017221962 8.06999969482422 8.18000030517578 8.22999954250096 8.68000030517578 9 9.27999973424016 9.76000022888184 9.98999977111816 10.1099996568042 10.1300001144409 10.1300001144409 10.0799999237061 10.1499996185303 10.289999961853 10.4399995803833 10.3999996185303 10.2399997711182 10.25 10.3000001907349 10.3599996566772 10.5200004577637 10.3599996566772 10.289999961853 10.2799997329712 10.0799999237061 10.039999961853 10.210000038147 10.4899997711182 11.7199997396461 11.7799997329712 12.2200002670288 12.5699996948236
8.40999984741211 8.3100004196167 7.67999982833862 7.38000011444092 7.1399998664856 6.55999994277954 6.63000011444092 6.6100001335144 6.03000020980835 5.61000013351441 5.55000019073486 5.82000017166138 6.21000003814697 6.65000009536743 7.01000022888184 8.17000007629395 8.17000007629394 8.38000011444092 8.77999973297119 9.30000019073486 9.31999969482422 9.77999973297119 10.0100002288818 10.0100002288818 10.1700000762939 10.2600002288818 10.2200002670288 10.3599996566772 10.4099998474121 10.4399995765613 10.2399997711182 10.1700000762939 10.0900001525879 10.210000038147 10.3699998855591 10.4899997711182 10.3000001907349 9.9899998015505 9.96000003814697 10.2200002670288 10.2499999739755 10.3199996948242 10.6899995803833 10.8699998855591 11.4399995803833 11.9499998092651 11.9899997711182
8.31999969482422 8.14999961853027 7.84999990463257 7.34000015258789 7.07999992370605 6.15999984741211 5.92000007629394 5.92000007629394 5.19000005722046 5.98000001907349 5.96999979019165 6.13999986648559 6.42000007629395 6.78999996185303 7.63999986648559 8.19999980926514 8.17000007629395 8.22000026702881 8.68000030517578 9.22000026702881 9.40999984741211 9.31999969482422 9.86999988555908 9.88000011444092 10.1800003051758 10.3599996566772 10.460000038147 10.3599996566772 10.4600000350318 10.3500003814697 10.25 10.0799999243345 10 10.0200004577637 10.0500001907349 10.1999998092651 10.3000001907349 10.0299997329712 10.1099996566772 10.3500003814697 10.3100004196167 10.4499998092651 10.539999961853 10.7299995422363 11.1499996185303 11.6300001144409 11.7299995422363
8.13000011444092 8.10000038146973 7.82999992370605 7.28000020980835 6.48000001907349 6.07000017166138 6.38000011444092 6.67000007629395 6.40999984741211 6.67000007629395 6.82999992370605 6.5 6.86999988555908 7.80000019073486 7.98000001907349 8.05000019073486 7.90000009536743 8.17000007629395 8.5 9.22000026702881 9.21000003814697 9 9.5600004196167 9.94999980926514 10.1499996185303 10.3599996566772 10.3599996566772 10.2100000608553 10.460000037719 10.2299995422363 10 10.0900001525879 9.96000003814697 9.94999980926514 9.85999965667725 10.1499996185303 10.4399995803833 10.4099998474121 10.3100004196167 10.6000003814697 10.5900001525879 10.6099996566772 10.6300000876491 10.710000038147 10.8800001144409 10.9399995803833 11.1499996185303
8.0600004196167 7.65000009536743 7.8899998664856 7.78999996185303 7.44000005722046 7.1399998664856 7.1399998664856 7.30000019073486 7.30000019073486 7.30999994277954 7.3899998664856 7.40999984741211 7.28000020980835 8.06999969482422 8.27000045776367 8.09000015258789 8.02999973297119 8.40999984741211 8.78999996185303 9.07999992370605 9.17000007629395 9.47999954223633 9.48999977093484 9.73999977111816 10.0299997329712 10.1300001144409 10.1300001144409 10.3800001144409 10.3400001525879 10.0600004196167 9.63000011444092 9.71000003814697 9.60999965667725 9.40999984741211 9.52000045776367 9.40999984741211 9.81999965370838 10.210000038147 10.6000003814697 10.6700000762939 10.6499996517165 10.3999996185303 10.4200000762939 10.6400003433228 10.6499996185303 10.710000038147 10.9099998474121
7.51999998092651 7.59000015258789 7.61999988555908 7.76000022888184 7.71999979019165 7.63000011444092 7.59000015258789 7.71000003814697 7.82000017166138 7.84000015258789 7.90999984741211 7.8600001335144 7.55999994277954 8.17000007629395 8.42000007629394 8.43000030517578 8.39000034328441 8.64000034332275 9.07999992370605 9.27000045863361 9.71000003814697 9.85000038146973 9.82999992370605 9.27000045776367 9.52999973882743 9.46000003814697 9.93000030517578 9.94999980926514 9.84000015258789 9.38000011444092 8.97999954223633 9.06999969482422 8.9399995803833 9.39999961140446 9.43000030517578 9.61999988555908 9.35999965667725 10.0299997329712 10.5699996948242 10.6399997755029 10.3199996948242 10.7399997711182 10.6700000762939 10.5900001525879 10.6899995402148 10.6999998092651 10.7399997711182
7.3600001335144 7.55000019073486 7.59000015258789 7.71000003814697 7.90000009536743 7.80000019073486 7.86999988555908 8 8.14999961853027 8.14999961853027 8.31999969482422 8.3100004196167 8.27000045776367 8.32999992381965 8.65999984741211 8.52000045776367 8.51000022895875 8.64999961853027 9 9.22999954223633 9.6899995803833 10.1800003051758 10.0699996948242 10.1099996566772 10.0600004196167 9.65999984741211 9.53999996185303 9.75 9.43000030517578 9.13000011444092 9.17000007629395 8.86999988555908 8.93000030517578 8.89000034332275 9.39000034332275 9.69999980926514 9.6899995803833 10.0699996948242 9.9999999596482 10.0600004196167 10.3000001907349 10.5900000322325 10.8699998855591 10.8199996948242 10.8800001144409 10.6700000762939 10.6099996566772
7.28000020980835 7.40999984741211 7.6100001335144 7.8600001335144 8.02000045776367 8.14000034332275 8.19999980926514 8.25 8.47000026702881 8.43000030517578 8.23999977111816 8.59000015258789 8.89999961853027 8.93000030515952 8.90999984741211 8.89999961853027 8.86999988555908 8.88000011444092 9.22000026702881 9.39000034332275 9.57999992370605 10.2799997292359 10.2799997329712 10.5600004196167 10.2299995422363 9.65999984741211 10.2700004577637 10.1400003427979 10.039999961853 9.59000015258789 9.5600004196167 9.30000019073486 8.84000015258789 9 9.11999988555908 9.61999988555908 9.8100004196167 10.2700003343068 10.3599996566772 10.25 10.5 10.4099998474121 10.7299995422363 10.6499996185303 10.7799997329712 10.8000001907349 10.6499997066349
7.28999996185303 7.46000003814697 7.6399998664856 8.06999969482422 8.22000026702881 8.3100004196167 8.52000045776367 8.5 8.55000019073486 8.88000011444092 8.85999965669939 9.02999973297119 9.01000022888183 8.92000007629395 9.02000045776367 8.98999977111816 9.05000019073486 9.18000030517578 9.5 9.63000011716398 9.97000026702881 10.3800001144409 10.4499998092651 10.4700002670288 10.6099996561996 10.1099996566772 10.460000038147 10.5299997329712 10.3599996566772 9.97000026702881 9.64999961853027 9.47000026702881 8.96000004332795 9.02999973297119 9.56999969482422 9.6899995803833 10.0200015946762 11.625 11.9125003814697 12.1575002670288 12.1274995803833 12.4025001525879 12.8800001144409 12.9224994945846 13.0950002670288 13.0799999237061 12.8249998092651
7.44999980926514 7.76999998092651 7.88000011444092 8.18000030517578 8.36999988555908 8.40999984741211 8.72999954223633 8.81999969482422 8.80000019073486 9.07999992370605 9.10000038146973 9.31999969482422 8.76000022888183 8.76000022888184 8.89999961853027 8.94999980926514 9.02000045776367 9.25000002686805 11.9075002670288 12.0050001144409 12.2775001525879 12.0950002670845 12.4224996566772 12.0699996948242 11.7674999237061 11.6199998855591 11.6824998855591 11.9875001907349 12.2924995422363 12.0649995803833 11.5974998474121 11.7375001907349 11.8874998092651 11.1300001144409 11.1750001907349 11.5100001553894 12.147500038147 12.3149995803833 12.539999961853 12.2025003433228 11.9375 12.602499961853 12.914999961853 12.7299995422363 13.0474996566772 12.9674997329712 12.7650003433228
11.6424999237061 11.9200000762939 12.1975002288818 12.3450002670288 12.1175003051758 11.9250001907349 11.6175003051758 11.7524995803819 11.6099996566772 11.6899995803833 11.6324996948242 11.789999961853 11.1099996566772 10.7025003433228 11.1875 11.5725002284624 11.6450004577637 12.0950002670288 12.1599998471293 11.897500038147 11.9375 12.3800001144409 12.6075000762939 11.9750003814697 11.4925003051758 12.0450000762939 12.1099996566772 12.4650001525879 12.5600004196167 12.4700002660392 11.5299997329712 11.5150003433228 11.6450004577637 11.7049999237061 11.0750001231369 11.6599998474121 12.2174997329712 12.5174999237061 13.0050001144409 12.3599996566772 12.2049999237061 12.5799999237061 13.1225004196167 13.0649995803833 13.0900001525879 13.0500001907349 12.6250007635836
11.5775003433228 11.9375 12.1774997711182 12.5024995803833 12.0375003814697 11.6575002670288 11.6300001144409 11.6350002288936 11.9025001525879 12.0625 11.9875001907349 11.9724998474121 11.2075004583763 10.6075000768898 10.9624996185303 11.4375 11.6674995422363 11.8249998092651 11.8900003433228 11.9399995803833 12.0574998855591 12.2200002670288 12.8725004196167 11.9650001525879 11.7049999237061 12.5600004196167 12.3024997731898 12.8400001525879 12.6575002670288 12.4925003051758 11.6525001525879 11.3050003051758 11.4025001525879 11.4449997025723 11.8199995997079 12.022500038147 11.9449996948242 12.1549997329712 12.9174995422363 12.3675003051758 12.1599998474121 12.4350004196167 12.3549995422363 12.5200004577637 12.8325004577637 13.0074996948242 13.0074996948242
11.8500003814697 12.1674995422363 12.227499961853 12.4849996566772 12.1824998855591 11.75 11.6049995422363 11.8100004196167 12.039999961853 12.4025001526162 12.3850002291711 12.1975002288818 12.3800001144409 12.1300001144409 11.5275001525879 11.4949998855069 11.6125001907349 12.0050001144409 12.1824998855591 11.9624996185303 12.0950002670288 12.1750001907349 13.0375003814697 12.1499996185303 12.0524997711182 12.835000038147 12.6599998474121 12.7075004577637 12.7349996566772 12.647500038147 12.0024995803833 11.8299999244822 11.8575001558709 11.7674999237061 11.6899995803833 11.727499961853 12.2950000762939 12.4075002670288 12.6075000762939 12.4675004716861 12.0874996185303 12.0550003051758 12.3149995803833 12.5799999237061 12.6175003051758 13.2049999237061 13.0950002670288
12.0424995422363 12.2449998855591 12.2950000762939 12.4674997329712 12.5174999237061 12.060000419625 11.7075004577381 11.3874998092651 12.1875 12.6575002670288 12.9375 12.8000001907349 12.8599996566772 13.0424995422363 12.7224998474121 12.4549999237061 12.1599998474121 12.1450004577637 12.1049995422363 12.6450004577637 12.5 12.6700000762939 13.2174997329712 13.2425003051758 12.5074996948242 12.7875003814697 12.25 12.8649997711182 12.3549995422363 11.7025003433228 12.5174999237061 12.8575000762939 12.1625003814697 11.9200000762939 11.8074998855591 11.9724998474121 12.4449996769359 12.6824998855591 12.8924999237061 13.1700000762939 12.0174999237061 12.3500003814697 12.2550001144409 12.6000003814697 12.8400002695936 13.5050001144409 13.4025001525879
12.0825004577638 12.3500003814697 12.4075002670288 12.5050001144409 12.2349996566756 12.039999961853 11.6324996948242 11.4449996948242 12.2700004577637 12.6800003051758 13.0325002670288 13.2674999237061 13.4549999238302 13.7600002288818 13.5799999237061 13.3800001144409 12.8599996566772 12.6499996185303 12.6625003814697 12.6125001907349 12.7899999630734 13.3100004196167 13.8024997711182 13.7924995422363 13.1075000762939 12.9049997329712 12.7124996185303 13.1925001144409 12.7224998419887 12.2325000762939 12.414999961853 12.8625001907349 12.6075000762939 12.185000421712 12.147500038147 12.0150003433228 12.1424999237061 11.8325004577637 12 12.5974998474121 12.5150003433228 11.9449996948242 12.5325002670288 13.0250002434892 13.6199998855591 13.7650003433228 13.4224997117314
