SnowAccumulation_R/test/tmax/final_tmax_04_04_2009.asc
NCOLS 97 
NROWS 69 
XLLCORNER 52512.810182332 
YLLCORNER 5316225.2758522 
CELLSIZE 10000 
NODATA_value -9999 
[rows 40 to 59 of 69, columns 47 to 93 of 97]
7.15999984741211 7.09000015258789 7.05000019073486 6.96999979019165 6.92999982833862 6.23999977111816 6.26999998092651 6.25 6.21999979019165 6.19999980926514 5.96000003814697 5.65000009536743 5.53999996180709 5.38000011444092 5.19999980926514 5.09999990463257 4.90999984741211 4.55999994277954 4.17999982833862 4.03000020980835 3.82999992370605 3.5699999332428 3.40000009536743 3.05999994277954 2.59999991303183 2.4600000366415 2 1.80999994277954 1.50999999101242 1.29999995231628 1.0900000333786 1.07000005245209 1.11000001430511 1.05999994277954 1.07000005245209 1.04999995231628 1.01999998092651 1.00999999046326 1.03999996185303 0.910000026226044 0.939999997615814 0.980000019073486 1.10000002384186 1.19000005722046 1.19000005722046 1.12000000476837 0.959999978542328
7.11999988555908 7.05999994277954 6.90000009536743 6.76999998092651 6.63000011444092 6.03999996185303 6.09000015258789 6.05999994277954 6.13000011444092 6.09000015258789 5.82000017166138 5.51999998092651 5.42000007622518 5.21000003814697 5.09999990463257 4.88999986648559 4.65999984741211 4.3600001335144 4.07999992370605 3.94000005722046 3.54999995231628 3.24000000953674 2.95000004768372 2.67000007629395 2.48000001907349 2.39000010490417 1.96000003814697 1.78999996185303 1.6599999666214 1.35000002384186 0.910000026226044 0.740000009536743 0.980000019073486 0.639999985694885 0.949999965433943 1.05999994277954 1.12000000476837 1.08000004539561 0.980000019073486 0.879999995231629 0.779999971389771 0.75 0.779999971389771 0.990000009536743 1.0900000333786 1.19000005722046 1.11000001430511
7.05000019073486 6.96000003814697 6.78000020980835 6.51000022888184 6.23999977111816 5.71000003814697 5.69000005722046 5.80999994277954 5.8899998664856 5.96999979019165 5.67999982833862 5.46999979019165 5.34000015258789 5.17000007629395 4.90000009536743 4.78999996178159 4.53000020980835 4.26999998092651 3.9700000312116 3.8199999332428 3.19000005722046 3.08999989700734 2.63000011444092 2.5699999332428 2.08999991416931 2 1.8400000333786 1.61000001430511 1.52999997138977 1.37000000476837 0.930000007152557 0.769999980926514 0.639999985694885 0.400000005960465 0.28999999165535 0.680000007152557 0.939999997615814 0.819999992847443 0.879999995231628 0.839999973773956 0.790000021457672 0.629999995231628 0.479999989271164 0.689999997615814 1.02999997138977 1.24000000953674 1.27999997138977
7.09999990463257 6.90999984741211 6.76000022888184 6.23999977111816 5.80999994277954 5.86000013351441 5.80000019073486 5.71999979019165 5.65999984741211 5.67999982833862 5.59000015258789 5.38000011444092 5.26999998092651 5.03999996185303 4.80000019073486 4.6100001335144 4.51999998092651 4.15000009536743 4.03000020922569 3.51999997326127 2.9300000667572 2.6099998945209 2.41000008583069 2.15000009536743 2.14000010490417 2.01999998092651 1.77999997138977 1.51999998092651 1.38999998569489 1.27999997138977 1.02999997138977 0.839999973773956 0.680000007152557 0.529999971389771 0.439999997615814 0.159999996423721 0.430000007152557 0.400000005960465 0.709999978542328 0.779999971389771 0.769999980926514 0.709999978542328 0.670000016689301 0.790000021457672 1.10000002384186 1.32000005245209 1.37999999523163
7.15000009536743 7 6.46999979019165 6.01000022888184 5.82999992370605 5.8600001335144 5.8899998664856 5.86000013351441 5.80000019073486 5.75 5.53999996185303 5.26000022888184 5.13000011444092 4.86999988555908 4.55000019073486 4.40999984741211 4.32999992370605 3.95000004768372 3.72000002194592 3.19000005722046 2.58999991416931 2.38000011444092 2.05999994277954 2.17000007629395 2.09999990463257 2.00999999046326 1.89999997615814 1.75999998999843 1.36000001430511 1.17999994754791 1.0900000333786 0.959999978542328 0.779999971389771 0.709999978542328 0.579999983310699 0.349999980577246 0.0800000116188076 0 0.5 0.689999900418043 0.769999980926514 0.8299999833107 0.929999966601511 1.00999999046326 1.27999997138977 1.48999986815347 1.55000060755244
7.28000020980835 7.01999998092651 6.59000015258789 6.13000011444092 5.8600001335144 6.13000011444092 6.01999998092651 5.90999984741211 5.71999979019165 5.53999996185303 5.42999982833862 5.09999990463257 4.94000005722046 4.65999984741211 4.3899998664856 4.23999976939578 3.9000000905849 3.47000002861023 3.42000007629395 2.98000001907349 2.52999997138977 2.34999990463257 2.1800000667572 1.92999994754791 1.87999999523163 1.63999998569489 1.85000002384186 1.75 1.47000002861023 1.22000002861023 1.10000002384186 0.689999997615814 0.610000014305115 0.629999995231628 0.35000000911176 0.259999990463257 0.140000000596046 0.0700000002980232 0.0299999993294477 -0.0500000007450581 0.6700000166893 0.829999983310699 0.939999997615814 1.22000002861023 1.49000000953674 1.62000000476837 2.07999992370605
7.36999988555908 7.05000019073486 6.65999984741211 6.3899998664856 5.8600001335144 6.26999998092018 5.86000013351441 5.76999998092651 5.65000009536743 5.42000007629395 5.19000005722046 4.98999977111816 4.88000011444092 4.30000019005155 3.40000009536743 3.33999991416931 3.44000005722046 3.33999991416931 3.23000001907349 2.86999988555908 2.54999995231628 2.44000005722046 2.35999989509583 2.46000003814697 2.30999994277954 1.92999994754791 1.82000005245209 1.63999998569489 1.37999999523163 1.12000000476837 0.980000019073486 0.529999971389771 0.5 0.349999994039536 0.170000001788139 0.300000011920929 0.219999998807907 -0.0299999993294477 0 0.180000007152557 0.409999996423721 0.879999995231628 0.930000007152557 1.25 1.66999969180667 1.89999997615814 2.23000001907349
7.11999988555908 6.98999977111816 6.84000015258789 6.1100001335144 5.71000003814697 6.0999999046218 5.5 5.59999990463257 5.65000009534099 5.30999994277954 5.05999994218107 4.96999978931292 3.76999998092651 2.91000008583069 3.00000000038219 3.46000003814697 3.22000002861023 3.03999996185303 3 2.75 2.79999995231628 2.74000000953674 2.66000008583069 2.58999991416931 2.39000010490417 2.05999994277954 1.57000005245209 1.37000000476837 1.25999999046326 1.07000005280657 0.910000026226044 0.540000021457672 0.370000004768372 0.189999997615814 0.119999997317791 0.150000005960464 0.170000001788139 0.230000004172325 0.230000004172325 0.230000004172325 0.349999994039536 0.439999997615814 0.939999997615814 1.23000001907349 1.40999986502608 1.70000004768372 1.97000002861023
6.98000001907349 6.90000009536743 6.80000019073486 5.80000019073486 5.46999979019165 5.42000007628556 5 5.23999977101618 5.36999988526228 3.60999989509583 2.6800000667572 2.86999988547812 2.45000004768372 2.55999994277954 2.74000000999647 3.50999999046326 3.24000000953674 3.10999989490337 3.1800000667572 3.0699999332428 3.13000011461595 3.10999989509583 2.84999990463257 2.73000001767728 2.29999995231628 1.87000000476837 1.62999999523163 1.30999994277954 1.0900000333786 1.05999994277954 0.740000009536743 0.319999992847443 0.230000004172325 0.109999999403954 0.0700000002980232 0.219999998807907 0.159999996423721 0.219999998807907 0.280000001192093 0.300000011920929 0.419999986886978 0.5 0.529999971389771 1.24999973630886 1.28999996185303 1.5 1.71000003814656
6.86000013351441 6.80999994277954 5.90000009536743 5.57999992370605 5.17999982833862 2.71000003814697 3.22000002861023 3.32999992370605 2.3199999332428 1.55999994277954 1.46000003814697 1.71000003814697 1.99000000953674 2.24000000953674 2.50999999046326 3.50999999046326 3.16000008583069 3.20000004768372 3.25 3.35999989509583 3.17000007629394 3.14000010490418 2.85999989509583 2.61999988555908 2.27999997138977 1.91999995708466 1.69000005722046 1.41999995708466 1.12999999523163 0.999999984711598 0.5 0.219999998807907 0.0599999986588955 0.00999999977648258 0.0900000035762787 0.189999997615814 0.100000001490116 -0.0399999876937948 0.00999999977648258 0.360000014305115 0.479999954572071 0.519999980926514 0.699999988079071 0.790000021457672 1.13999998569489 1.46000003814697 1.48000001907349
6.76999998092651 6.69999980926514 6.30000019073486 5.40999984741211 5.09000015258789 1.99000000953674 1.98000001907349 2.00999999046326 1.26999998092651 1.86000001430511 1.75999999046326 1.89999997615814 2.03999996185303 2.24000000953674 3.09999990463257 3.41000008583069 3.0699999332428 2.96000003814697 3.10999989509582 3.27999997138977 3.25999999046326 2.71000003814697 2.71000003814697 2.47000002861023 2.23000001907349 1.94000005722046 1.82000005245209 1.35000002384186 1.10000000982375 0.790000021457672 0.46000000834465 0.110000001446286 -0.0399999991059303 -0.150000005960464 -0.170000001788139 -0.0599999986588955 0.0700000002980232 -0.100000001490116 0.0799999982118607 0.400000005960464 0.419999986886978 0.560000002384186 0.589999973773956 0.720000028610229 1.00999999046326 1.36000001430511 1.44000005722046
6.55999994277954 6.59000015258789 6.21999979019165 2.60999989509583 2.11999988555908 1.8400000333786 2.39000010490417 2.83999991416931 2.45000004768372 2.65000009536743 2.6800000667572 2.15000009536743 2.36999988555908 3.25 3.3199999332428 3.11999988555908 2.6800000667572 2.82999992370606 2.88000011444092 3.28999996185303 3.07999992370606 2.38000011444092 2.39000010490417 2.46000003814697 2.11999988555908 1.85000002384186 1.63999998569489 1.13999999326431 1.10000002295033 0.620000004768372 0.200000002980232 0.170000001788139 -0.109999999403954 -0.239999994635582 -0.349999994039535 -0.129999995231628 0.150000005960464 0.170000001788139 0.200000002980232 0.550000011920929 0.579999983310699 0.639999985694885 0.679999980360698 0.75 0.889999985694885 0.939999997615814 1.12999999523163
6.42000007629394 3.39000010490417 3.57999992370605 3.57999992370606 3.41000008583069 3.10999989509583 3.33999991416931 3.57999992370605 3.51999998092651 3.34999990463257 3.22000002861023 3.09999990463257 2.6800000667572 3.39000010490417 3.5 3.02999997138977 2.71000003814697 2.99000000953674 3.11999988555908 3.10999989509583 3.00999999046326 2.82999992370606 2.53999995989753 2.1800000667572 1.9099999666214 1.75999999046326 1.21000003814697 1.0900000333786 0.899999976158142 0.419999986886978 -0.150000005960464 -0.180000007152557 -0.430000007152557 -0.709999978542328 -0.660000026226044 -0.759999990463257 -0.400000042092578 -0.0399999991059303 0.389999985694885 0.519999980926514 0.600000057027318 0.479999989271164 0.529999971389771 0.740000009536743 0.779999971389771 0.850000023841858 1.04999995231628
4.88000011444092 4.15999984741211 3.97000002861023 4.15000009536743 4.15000009536743 4.03000020980835 3.96000003814697 4.03999996185303 4.09000015258789 3.89000010490417 3.70000004768372 3.5 2.86999988555908 3.34999990463257 3.51999998092651 3.26999998092651 3.10999989478905 3.10999989509583 3.30999994277954 3.38000011485697 3.57999992370605 3.08999991416931 2.72000002861023 1.62999999523163 1.35000001798563 0.920000016689301 0.920000016689301 0.629999995231629 0.409999996423721 -0.180000007152557 -0.680000007152557 -0.709999978542328 -0.970000028610229 -0.750000003375391 -0.759999990463257 -0.620000004768372 -0.810000002384186 -0.219999998807907 0.349999994039536 0.479999544479266 0.370000004768372 0.800000011920929 0.769999980926514 0.759999990463257 0.889999925442061 0.920000016689301 1.00999999046326
5.01000022888184 4.86999988555908 4.71000003814697 4.55999994277954 4.69000005722046 4.44000005722046 4.3899998664856 4.3600001335144 4.44000005722046 4.15999984741211 4.07999992370606 3.91000008583069 3.59999990463257 3.53999996188548 3.66000008583069 3.25 3.10999989492277 2.98000001907349 3.04999995231628 3.14000010490417 3.25 3.13000011444092 2.70000004768372 1.89999997615814 1.42999994754791 0.939999997615814 0.509999990463257 0.389999985694885 0.0399999991059303 -0.389999985694885 -0.46000000834465 -0.860000014305115 -0.990000009536743 -1.0900000333786 -0.790000021457672 -0.550000011920929 -0.550000011920929 -0.219999998807907 -0.109999959052307 0.119999997317791 0.419999986886978 0.729999908346511 0.990000009536743 1.00999999046326 1.08000004291534 0.97000002861023 0.990000009536743
5.26999998092651 5.15000009536743 5.28000020980835 5.19000005722046 5.07000017166138 5.07000017166138 4.8600001335144 4.6399998664856 4.76999998092651 4.42000007629394 3.89000010490417 4.13000011444092 4.21999979019165 4.1100001333843 3.8199999332428 3.51999998092651 3.34999990463257 3.05999994277954 3.05999994277954 3.04999995231628 2.79999995231628 2.86999987217442 2.23000001907349 2.00999999046326 1.39999997615814 0.829999983310699 0.930000007152557 0.709999977492727 0.449999988079071 -0.0599999986588955 -0.170000001788139 -0.519999980926514 -1.00999999046326 -0.97000002861023 -0.959999978542328 -0.540000021457672 -0.379999995231628 -0.0399998756492978 0.529999971389771 0.419999986886978 0.680000007152557 0.639999985694885 0.949999988079071 0.939999997615814 1.07000005245209 1.13999998569489 1.09000006274656
5.53999996185303 5.69999980926514 5.65000009536743 5.69000005722046 5.46000003814697 5.3899998664856 5.30000019073486 4.94000005722046 4.84000015258789 4.90000009536743 4.71000003812483 4.57000017166138 4.26999998092651 4.01999998092651 3.82999992370605 3.5 3.40000009536743 3.19000005722046 3.13000011444092 3.03999996094534 2.65000009536743 2.41000008583069 2.15000009536743 1.78999996185303 1.75999998903021 1.0900000333786 1.05999994277954 1.00999999046326 0.720000028610229 0.259999990463257 -0.0599999986588955 -0.340000003576279 -0.839999968938379 -0.839999973773956 -0.46000000834465 -0.370000004768372 -0.0499980115106441 2.64750003814697 2.88000011444092 3.04250001907349 2.67499995231628 2.61249995231628 2.50250005722046 2.49249992124177 2.62750005722046 2.29250001907349 1.82749998569489
5.82000017166138 6.01999998092651 5.96999979019165 5.8899998664856 5.69999980926514 5.55000019073486 5.55000019073486 5.30000019073486 5.11000013351441 5.07999992370606 4.94000005722046 4.84999990463257 3.95000004768372 3.79999995231628 3.64000010490417 3.35999989509583 3.25 3.10999992206451 5.74749994277954 5.7350001335144 5.88749980926514 5.5574998851134 5.68499994277954 5.22749996185303 4.62249994277954 4.15250015258789 3.98250007629394 4.05249977111816 4.19500017166138 4.0625 3.75250005722046 3.3050000667572 3.50999999046326 2.59500002861023 2.91499996185303 3.09750017157154 3.78749990463257 3.37249994277954 3.47499990463257 3.00999999046326 2.77500009536743 2.67000007629395 2.62249994277954 2.38499999046326 2.50500011444092 2.18249988555908 1.72749996185303
6.36499977111816 6.63500022888184 6.98000001907349 7.19750022888184 6.9524998664856 6.69999980926514 6.44500017166138 6.67000007629883 6.63250017166138 6.30249977111816 6.11499977111816 6.21750020980835 5.42500019073486 4.97749996185303 5.32999992370605 5.62750005695829 5.69250011444092 6.06750011444092 6.11749982782804 5.65250015258789 5.42500019073486 5.89249992370605 5.88250017166138 5.0475001335144 4.30000019073486 4.55000019073486 4.26999998092651 4.36999988555908 4.36999988555908 4.26249980847849 3.60500001907349 3.17249989509583 3.27749991416931 3.39249992370605 3.03500042954605 3.57750010490418 3.85750007629395 4.0625 4.22249984741211 3.19749999046326 2.8824999332428 2.83750009536743 2.96749997138977 2.85249996185303 2.66750001907349 2.51500010490417 1.72750105594289
6.25 6.63000011444092 7.00250005722046 7.39750003814697 6.93249988555908 6.52750015258789 6.55749988555908 6.59749984742163 6.78999996185303 6.90749979019165 6.79250001907349 6.44000005722046 5.60500001967754 4.91499996265172 5.23000001907349 5.56750011444092 5.66249990463257 5.76249980926514 5.75500011444092 5.59749984741211 5.4850001335144 5.55249977111816 6.16750001907349 5.1100001335144 4.7350001335144 5.01000022888184 4.61250019117713 4.72749996185303 4.58750009536743 4.36999988555908 3.46250009536743 3.15249991416931 3.17499995231628 3.39500006357264 3.97499982742041 4.09499979019165 3.91000008583069 4.11499977111816 4.625 3.70749998092651 3.00500011444092 2.65499997138977 2.46000003814697 2.45250010490417 2.36249995231628 2.3824999332428 2.38750004768372
