SnowAccumulation_R/test/tmax/final_tmax_26_04_2009.asc
NCOLS 97 
NROWS 69 
XLLCORNER 52512.810182332 
YLLCORNER 5316225.2758522 
CELLSIZE 10000 
NODATA_value -9999 
[rows 21 to 41 of 69, columns 0 to 46 of 97]
-9999 -9999 -9999 -9999 -1.76999998092651 -2.00999999046326 -1.05999994277954 0.490000009536743 -2.04999995231628 -0.949999988079071 -0.639999985694885 1.6599999666214 2.67000007629395 2.86999988555908 3.52999997138977 4.73000001907349 5.55000019073486 5.84000015258789 6.38999986648559 6.42999982833862 6.53999996185303 6.69000005722046 6.55999994277954 6.51000022888184 6.55000018583459 6.59999990463257 6.63000011444092 6.76999998092651 7.07999992370605 7.23000001907349 7.36999988555908 7.6399998664856 7.98000001907349 8.02999973297119 8.17000007629395 8.25 8.22999954223633 8.22999954223633 8.28999996185303 7.82999992370605 8.09000015258789 8.14999961853027 8.0600004196167 8.10000038146973 8.32999992370605 8.07999992370605 8.1899995803833
-9999 -9999 -9999 -9999 -0.25 -3.1800000667572 -1.01999998092651 0.629999995231628 -1.54999995231628 -2.48000001907349 0.200000002980232 0.100000001490116 2.34999990463257 2.36999988555908 2.78000014593041 4.65999984741211 5.30000019073486 6.01000022888184 6.38999986648559 6.42000007629395 6.44999980926514 6.51000022888184 6.61999988555908 6.5 6.28000021249754 6.51000022888184 6.65999984741211 6.98000001907349 7.13000011444092 7.36999988555908 7.5 7.76000022888184 8.1899995803833 8.22000026702881 8.15999984741211 8.26000022888184 8.26000022888184 8.22000026702881 8.3100004196167 7.71000003814697 7.92000007629395 8.07999992370606 8.10999965667725 8.03999996185303 8 7.96000003814697 8.17000007629395
-9999 -9999 -9999 -2.25999999046326 -1.5 1.00999999046326 -0.980000019073486 -1.77999997138977 -2.98000001907349 -2.40000009536743 -1.04999995231628 -1.8400000333786 1.72000002861023 3.04999982301454 4.05000019073486 5.51000022888184 5.82999992370605 5.98000001907349 6.40000009536743 6.40999984741211 6.5 6.55999994277954 6.51999998092651 6.53000020980835 6.6100001335144 6.67000007629395 6.73999977102317 7.01000022888184 7.15000009536743 7.30000019073486 7.40999984741211 8.06999969482422 8.27999973297119 8.34000015258789 8.27999973297119 8.36999988555908 8.3100004196167 8.34000015258789 8.39000034332276 8.39000034332276 7.8600001335144 7.86000013351441 8.01000022888184 7.94000005722046 7.88000011444092 8.03999996185303 7.98999977111816
-9999 -9999 -9999 -3.39000010490417 -2.66000008583069 -1.70000004768372 -4.01000022888184 -1.97000002861023 -3.41000008583069 -3.70000004768372 -1.98000001907349 -0.829999924890558 0.589999973773956 4.76999998092651 5.34000015258789 5.73000001907349 5.90999984741211 6.40999984741211 6.51000022888184 6.55000019073486 6.51999998092651 6.57000017166138 6.6100001335144 6.59999990463257 6.71000003814697 6.670000077198 6.73000001907349 6.96999979019165 7.11999988555908 7.25 7.71999979019165 8.17000007629395 8.38000011444092 8.35000038146973 8.35999965667724 8.52000045776367 8.5 8.44999980926514 8.43000030517578 8.44999980926514 8.02999973297189 7.86999988555983 7.94000005722083 7.90000009536783 7.86999988555908 8.02999973297119 8.13000011444115
-9999 -9999 -9999 -3.6800000667572 -2.42999950516555 -1.64999997615814 -2.53999996185303 -2.69000005722046 -5.42999982833862 -2.26999998092651 -3.11999988555908 4.15999984741211 4.36999988555908 4.61999988555908 5.30999994277954 5.67000007629395 5.98000001907349 6.40000009536743 6.55000019073486 6.59000015258789 6.59999990463257 6.65999984741211 6.61999988555908 6.55000019073486 6.71000003814697 6.8600001335144 7.01999998092651 7.00000000171922 7.17999982833862 7.59000015258789 7.92999982833862 8.11999988555908 8.36999988555908 8.39999961853028 8.64000034332275 8.72999954223633 8.57999992370605 8.56999969482422 8.5 8.51000022888184 8.5 8.48999977111816 8.34000015258789 8.27999973297119 8.3100004196167 8.31999969482422 8.34000015258789
-9999 -9999 -9999 -3.639993910809 -4.38000011444092 1.05999994277954 -3.24000000953674 -3.95000004768372 -3.3199999332428 -4.36999988555908 -3.32999992370605 -2.11999988555908 4.61000013351441 5.05999994277954 5.23999977111816 5.38000011444092 5.61999988555908 6.44000005722046 6.6100001335144 6.73000001907349 6.6399998664856 6.73000001907349 6.59999990463257 6.25 6.76999998092651 7.03999996185303 7.01999998211696 7.26000023018895 7.71000003814697 7.80999994277954 8.10999965667725 8.48999977111816 8.55000019073486 8.64999961853027 8.67000007629395 8.72000026702881 8.72999954223633 8.60999965667725 8.60000038146973 8.61999988555908 8.6899995803833 8.78999996185303 8.60000038146972 8.47000026702881 8.57999992370605 8.68000030517578 8.56999969482422
-9999 -9999 -9999 1.23000001907349 0.0599999986588955 0.809998656039027 -5.15000009536743 -1.45000004768372 -3.23000001907349 -2.66000008583069 -1.98000001907349 -2.28999996185303 -1.92999994754791 5.11999988555908 5.23999977111816 5.36000013351441 5.86999988555908 6.07000017166138 6.30999994277954 6.51000022888184 6.51000022888184 6.57000017166138 6.57000017166138 6.86999988555908 7.05000019073486 7.17999982833862 7.34999990463257 7.51000022888184 7.80999994337453 7.90000009604613 8.19999980926514 8.52000045776367 8.63000011444092 8.72999954223633 8.72999954223633 8.77000045776367 8.69999980926514 8.77999973297119 8.77000045776367 8.64000034332275 8.68000030517578 8.57999992370605 8.92000007629395 8.84000015258789 8.77999973297119 8.84000015258789 8.84000015258791
-9999 -9999 -9999 4.53999996185303 -1.62000000476837 -2.63000011444092 -2.13000011444092 -3.48000001907349 -2.10999989509583 -3.04999995231628 -2.10999989509583 -2.50999999046326 -1.54999995231628 -1.38999998569489 5.23999977111816 4.90999984741211 5.86000013351441 6.15000009536743 6.17999982833862 6.34000015258789 6.53999996185303 6.61999988555908 6.65000009536743 6.75 7.11999988555908 7.30999994277954 7.38000011444092 7.57000017166138 7.92000007727537 8.11999988555908 8.19999980926514 8.56999969482422 8.77999973297119 8.85999965667725 8.77999973297119 8.8100004196167 8.77999973297119 8.82999992370605 8.80000019073486 8.77999973297119 8.8100004196167 8.80000019073486 8.73999977111816 9.19999980926514 9.10999965667725 9.13000011444092 9.17000007629394
-9999 -9999 -9999 4.34999990463257 -0.509999990463257 0.639999985694885 -0.29999993899039 -0.939999997615814 1.11000001430511 -2.15000009536743 -4.03999996185303 -3.0699999332428 -3.47000002861023 -2.32999992370605 4.65999984741211 4.76000022888184 4.88000011444092 5.82999992370605 6.07999992370605 6.19999980926514 6.40000009536743 6.73000001907349 6.59999990463257 6.65000009536743 7.05999994277954 7.17999982833862 7.38999986648559 7.78000020980835 8.27000045776367 8.25 8.26000022823885 8.52000045735948 8.84000015258789 8.94999980926514 8.90999984741211 8.84000015258789 8.97000026702881 9.07999992370605 9.07999992370605 9.07999992370605 8.88000011444092 8.86999988555908 8.85000038146973 8.90999984741211 9.30000019073486 9.44999980926514 9.3999996185303
-9999 -9999 -9999 7.90999734261267 2.84999990463257 1.5900000333786 -0.31000022371353 -2.46000003814697 -2.11999988555908 -0.200000002980232 -3.63000009685366 -2.16000008583069 -0.540000021457672 -3.22000002861023 4.51000022888184 4.6100001335144 4.73000001907349 4.86999988555908 5.92999982833862 6.01999998092651 6.28999996185303 6.38000011444092 6.46999979019165 6.71000003814697 6.88000011444092 7.13000011444092 7.53999996185303 7.90999984741211 8.3100004196167 8.25000000029105 7.94000005801395 8.21000003814697 9.26000022888184 9.39999961853027 9 8.90999984741211 9.02999973297119 9.39999961853027 9.14999961853028 9.15999984741211 8.9399995803833 9.02999973297119 9.05000019073486 9.14000034332275 9.14999961853027 9.19999980926514 9.22000026702881
-9999 -9999 -9999 6.90000009536743 1.48000001907349 3.92000007629395 -1.48000001907349 -1.01000125356253 -3.25 0.759999990463257 -0.170000001788139 -1.74000000953674 -1.82000005245209 -1.23000001907349 3.98000001907349 4.46999979019165 4.61000013351441 4.76999998092651 5.07000017166138 5.69000005722046 6.01000022888184 6.23000001907349 6.3600001335144 6.53000020980835 6.73999977111816 7.05999994277954 7.46999979019165 7.8600001335144 8.32999992370605 8.39999961853027 8.52000045776367 8.67000007629395 9.2399997707678 9.350000381369 9.18000030517578 9.06999969482422 9.27000045776367 9.48999977111816 9.53999996185303 9.48999977111816 9.35000038146973 9.42000007629395 9.34000015258789 9.30000019073487 9.35000038146972 9.25 9.27000045776367
-9999 -9999 -9999 2.03999996185303 5.69999989487533 1.39999997615814 2.75999999046326 -1.89999997615814 -0.790000372487315 -1.86000001430511 -0.400000005960465 0.769999980926514 0.529999971389771 1.76999998092651 3.88000011444092 4.03999996185303 4.23000001907349 4.67000007629395 5.01000022888184 5.67000007629395 6 6.1100001335144 6.17999982833862 6.34999990463257 6.67999982833862 6.88000011444092 7.3899998664856 7.75 8.25 8.48999977111816 8.80000019073487 8.67000007636924 8.80000019066424 9.14000034332275 9.11999988555908 9.32999992370605 9.57999992370605 9.8100004196167 9.80000019073486 9.61999988555908 9.65999984741211 9.81999969482422 9.43000030517578 9.36999988555908 9.31999969482422 9.22000026702881 9.34000015258789
-9999 -9999 -9999 2.95000004768372 5.42000007629395 7.32999992370605 1.95000004768372 3.13000011444092 -0.360000014305115 -1.49999893796027 -2.20000004768372 0.189999997615814 -0.159999996423721 0.270000010728836 3.67000007629395 3.97000002861023 4.3600001335144 4.34000015258789 4.86999988555908 5.75 5.82000017166138 5.94000005722046 6.1399998664856 6.23999977111816 6.55999994277954 6.73999977111816 7.42999982833862 7.69000005722046 7.82000017166138 8.36999988555908 8.64999961853027 8.6899995803833 8.89000034332275 8.76000022888184 9.0600004196167 9.39999961855814 9.7899999618575 9.90999984741211 10.039999961853 10.2200002670288 9.98999977111816 9.9399995803833 9.8100004196167 9.39999961853027 9.34000015258789 9.46000003814697 9.34000015258789
-9999 -9999 -9999 -0.150000005960464 2.70000004768372 6.03000020980835 6.65999984741211 -0.189999997615814 2.5 -0.419999986886978 -1.4599993704168 -2.20000004768372 -1.61000001430511 -0.519999980926514 3.20000004768372 3.5699999332428 4.84999990463257 4.34000015258789 4.40999984741211 4.96999979019165 5.84999990463257 5.90999984741211 6.17999982833862 6.15000009536743 6.34000015258789 6.71000003814697 7.44000005722046 7.65000009536743 7.84999990463257 8.02000045776367 8.32999992370605 8.86999988555908 8.96000003814697 9.27000045776367 9.57999992370605 9.84000015258789 10.1999998092651 10.2600002288818 10.3599996566772 10.6099996566761 10.3800001144408 10.1800003051758 9.9200000762943 9.61999988555906 9.51000022888188 9.46000003814697 9.42000007629395
-9999 -9999 -0.560000002384186 0.610000014305115 -3.54999995231628 4.53999996185303 6.90000009536743 4.03999996185303 1.05999994277954 4.98999977111816 -0.980000019073486 -2.50999974459696 -2.96000003814697 -1.27999997138977 2.34999990463257 0.579999983310699 3.44000005722046 3.92000007629395 4.1399998664856 4.38000011444092 5.75 5.59000015258789 5.82000017166138 5.8600001335144 6.34000015258789 6.44999980926514 7.17999982833862 7.59999990463257 7.76999998092651 8.1899995803833 8.35999965667725 8.56999969482422 8.9399995803833 9.18000030517578 9.59000015258789 10.1099996566772 10.6000003814697 10.3400001525879 10.3599996566753 10.4399995803827 10.3199996948241 10.1999998092651 10.0699996948242 9.60999965667725 9.52999973297119 9.46000003814697 9.42000007629395
-9999 -9999 -2.60999989509583 -3.42000007629395 -0.360000014305115 -2.24000000953674 1.78999996185303 6.42000007629395 2.51999998092651 0.280000301183383 -0.649999976158142 -0.230000004172325 -2.41000008583069 -1.72000002861023 2.03999996185303 1.55999994277954 2.5699999332428 3.29999995231628 3.57999992370605 3.82999992370606 5.42999982833862 5.40999984741211 5.5 5.59000015258789 6.32000016995394 6.4200000760916 6.94999980926514 7.42000007629395 7.94000005722046 8.14999961853027 8.44999980926514 8.55000019073486 9 9.35000038146973 9.76000022888184 10.0200004577637 10.1999998092651 10.2600002288818 10.3100004196167 10.289999961853 10.2600002288818 10.3000001907349 10.1000003814697 9.84000015258789 9.5600004196167 9.5 9.28999996185303
-9999 -9999 -0.670000016689301 1.00999999046326 -0.330000013113022 -1.76999998092651 -1.12999962811427 6.13000011444092 6.73999977111816 0.629999995231628 3.51999998092651 1.85000002384186 -1.28999996185303 -1.51999998092651 2.41000008583069 2.32999992370605 2.54999995231628 2.98000001907349 3.39000010490417 3.60999989509583 4.67999982833862 5.17999982833862 5.30999994277954 5.51000022888184 6.28000020980835 6.38000011444092 6.82000017166138 6.96999979019165 7.73000001907349 7.92000007629395 8.05000019073486 8.43000030517578 8.77999973297119 9.36999988555908 9.63000011444092 9.92000007629395 10.0900001525879 10.289999961853 10.3299999237061 10.3199996948242 10.2700004577637 10.3000001907349 10.0900001525879 9.89000034332275 9.47999954223633 9.39000034332275 9.36999988555908
-9999 -9999 0.200000002980232 2.09999990463257 1.1599999666214 -3.25999999046326 -0.400000005960464 2.53999996185303 7.92000007629395 1.20000004768372 1.04999995231628 0.28999999165535 1.25999999046326 -2.81999992338254 -2.98000001907349 2.32999992370605 2.46000003814697 2.66000008583069 3.26999998092651 3.45000004768372 4.01999998092651 4.5 5.11999988555908 5.3899998664856 5.73000001907349 6.3899998664856 6.84999990463257 7.01999998092651 7.19999980926514 7.57999992370605 7.75 8.27999973297119 8.57999992370605 9.21000003814697 9.43000030517578 9.6899995803833 10.1300001144409 10.3100004196167 10.4200000762939 10.3999996185303 10.4200000762939 10.3299999237061 10.1300001144409 9.97000026702881 9.71000003814697 9.47999954223633 9.21000003814697
-9999 -9999 6.87000186352141 2.8199999332428 -1.82000005245209 -0.0500000007450581 0.319999992847443 1.78999996185303 7.8600001335144 4.09000015258789 0.250000088392229 5.09999990463257 2.34999990463257 -0.100000001490116 -0.569999992847443 2.36999988555908 2.50999999046326 2.63000011444092 2.75 2.98000001907349 3.53999996185303 3.49000000953674 4.17999982833862 4.69000005722046 4.98000001907349 5.48999977111816 6.26999998092651 7.1100001335144 7.15999984741211 7.46999979019165 7.1100001335144 7.69000005722046 8.46000003814697 9.11999988555908 9.35000038146972 9.6899995803833 9.89000034332275 10.4700002670288 10.6899995803833 10.6199998855591 10.460000038147 10.3400001525879 10.1400003433228 9.89999961853027 9.6899995803833 9.35000038146973 9.28999996185303
-9999 -9999 10.6899995803833 -2.63999774278486 -3.67999978769533 -2.25 -3.33999991416931 2.21000003814697 2.6800000667572 8.4399995803833 -0.670000016689301 3.97000002861023 0.959999978542328 -0.990000009536743 -2.4300000667572 -3.54999995231628 -0.219999998807907 2.67000007629395 2.85999989509583 2.91000008583069 2.91000008583069 2.45000004768372 4.61000013082497 4.84999990387858 4.73999977111816 5.42000007501397 5.42000008200379 6.6100001335144 7.26000022888184 7.57000017166138 7.59000015258789 7.73000001907349 8.10000038146972 9.02999973297119 9.31999969482422 9.60000038146973 10.0200004577637 10.2799997329712 10.8000001907349 10.4700002670288 10.3199996948242 10.25 9.89000034332275 9.60999965667725 9.28999996185303 9.21000003814697 8.72999954223633
-9999 -9999 10.9899997711182 -0.0500000007450581 -0.859999979040473 -1.87000000476837 0.879999995231628 -2.25 -0.28999999165535 7.40000009536743 -0.170000001788139 0.860000014305115 2.30999994277954 -0.779999971389771 -1.26999998092651 -2.20000004768372 -0.479999989271164 -0.610000014305115 2.75 3.08999991416931 3.05999994253395 3.85999989159603 4.28999996185303 4.44000005722046 4.48000001907349 5.80999994277954 6.26999998018035 6.51999998092651 6.69999980926514 7.5 7.69999980926514 7.76000022888184 7.98999977111816 8.6899995803833 9.11999988555908 9.31999969482422 9.88000011444092 10.0600004196167 10.2799997329712 10.1999998092651 9.94999980926514 9.82999992370605 9.68000030517578 9.47000026702881 9.26000022888184 8.98999977111816 8.6899995803833
