SnowAccumulation_R/test/tmax/final_tmax_08_04_2009.asc
NCOLS 97 
NROWS 69 
XLLCORNER 52512.810182332 
YLLCORNER 5316225.2758522 
CELLSIZE 10000 
NODATA_value -9999 
[rows 20 to 39 of 69, columns 47 to 93 of 97]
11.5299997329712 11.3999996185303 11.3100004196167 11.4700002670288 11.5500001907349 11.4499998092651 10.6899995803833 10.2200002670288 9.93999958034491 9.38000011444092 9.05000019073486 8.39999961853027 8.09000015253836 7.98999977111816 7.90000009642942 7.96000003814697 7.98000001907349 7.86999988555908 7.65000009536743 7.57999992370605 8.39000034332275 8.55000019073486 8.76000022888184 8.89000034332275 8.88000011444092 8.72999954223633 8.57999992370605 8.84000015258789 9.10999965667725 8.89000034332275 8.71000003814697 8.28999996185303 8.07999998972381 7.94999980926514 7.88000011444092 7.84000015258789 7.6399998664856 7.63999986648559 7.36999988555908 7.13000011444092 6.96000003814697 6.92000007629395 6.76999998092651 6.63000011444092 6.61000027029364 6.57000017166138 -9999
11.9200000762939 11.7399997711182 11.6700000762939 11.5799999237061 11.6300001144409 11.6099996566772 10.75 10.2600002288818 10.039999961853 9.56999969482422 9.52000045776367 8.5600004196167 8.31999969588076 8.40999984741211 8.34000015258789 8.22000026702881 8.22000026699596 8.06999969482422 7.86999988555908 7.86999988555908 8.18999958125258 8.57999992370605 8.88000011444092 9.02000045776367 9.06000041962148 9.09000015258789 8.93000030517578 9.48999977111816 9.64999961853027 9.10000038146973 8.84000015258789 8.50000005075976 8.39000034332276 8.23999977111816 7.98000001907349 7.84000015258789 7.76000022888184 7.63999986648559 7.40999984741211 7.23999977111816 7.23000001907349 7.1399998664856 6.94000005722046 6.78999996185303 6.69999980926514 6.57000017166138 -9999
12.3400001525879 12.1599998474121 11.7600002288818 11.6599998474121 11.7799997329712 11.3199996948242 10.9300003051758 10.4700002670288 10.3000001907349 9.85000038151122 9.43999958055199 9.13000011444092 9.02000045776367 8.71000003814697 8.52999973297119 8.5 8.46000003814697 8.3100004196167 7.98000001907349 8.07999992370606 8.39999961853027 8.69999980926514 8.9399995803833 9.05000019073486 9.21000003814697 9.42000007629395 10 10.8199996948242 10.289999961853 9.5600004196167 9.06999977524334 8.78999996185303 8.60000038146973 8.32999992370605 8.06999969482422 7.84999990463257 7.76999998092651 7.63000011444092 7.44000005722046 7.38999985935774 7.3899998664856 7.34000015258789 7.05000036204534 6.85000045261254 6.75 6.6100001335144 -9999
12.5900001525879 12.6000003814697 12.2200002670288 11.710000038147 11.6000003814697 11.6599998474006 11.2399997711324 10.9499998092651 10.75 10.2799997329712 9.90999984741211 9.39000034332276 9.3100004196167 8.92000007629395 8.67000007629395 8.5 8.44999980926514 8.43000030517578 8.30000019073486 8.38000011444092 8.51000022888184 8.80000019073486 8.90999984741211 9.09000015258789 9.31999969482422 9.64000034332275 10.539999961853 10.7700004593595 10.4700002670288 9.82999988416907 9.28999996185303 8.88000021340683 8.6899995803833 8.3100004196167 7.98999977111816 7.84000015258789 7.71000003814697 7.63000011444092 7.5 7.46999979019165 7.46000003814697 7.39999992972587 7.07000017166138 6.92000007629395 6.67000007629395 6.55000019073486 -9999
12.8400001525896 12.7200002670304 12.7299995422363 12.460000038147 12.2799997329712 11.7399997711182 11.5500001907349 11.0900001525879 10.960000038147 10.6000003814697 10.1400003433228 9.72000026702881 9.47000026702881 9.25 8.82999992370605 8.57999992370605 8.52999973297119 8.38000011444092 8.46000003814697 8.4600000385433 8.75 8.85000038146973 8.89000034332275 8.96000003852667 9.3100004196167 9.60999965667725 10.3199996948242 10.4300003051758 10.1800002171354 9.39000034332275 9.06999969482422 8.92000007629395 8.61999988555908 8.28999996185303 7.90000009536743 7.76000022888184 7.65000009536743 7.6100001335144 7.53999998300132 7.51999998092651 7.46000003814697 7.28000020980835 7.17000007629394 6.86999988555908 6.5 6.44999980926514 -9999
13.6999998092651 13.8800001144409 13.3900003433228 12.9899997711182 12.8100004196167 12.289999961853 11.8999996185303 11.3999996185303 11.1999998092651 10.75 10.3000001907349 10.210000038072 9.82999992370605 9.63000011444092 9.22999954223633 9.02000045737678 8.57999992370605 8.51000022888184 8.46000003814697 8.72000026702881 8.64999961853027 8.85999965667725 8.88000011444092 8.89999961853027 9.15999984741211 9.47000026702881 9.92000007629395 9.52999973297119 9.32999992370605 8.78999996185303 8.56000042440659 8.47000026702881 8.40999984741211 8.21000003814697 8.0600004196167 7.69000005722046 7.59999990463257 7.59000015258789 7.57000017166138 7.5 7.44000005722046 7.28000020980852 7.15000009536743 6.69999980926514 6.28999996185303 6.26999998092651 -9999
13.7200002670288 14.0299997329712 14.1000003814697 13.5500001907349 13.3999996185303 12.8800001144409 12.2799997329712 12.0600004195995 11.5200004577637 11 10.5600004196167 10.4200000762148 10.1199998855591 10.0500001907349 9.90999984741211 9.69999980926514 9.10999965667725 8.78999996185303 8.90999984741211 8.96000003814697 8.94999980926514 8.85999965667725 8.85000038146972 8.85999965667725 8.89000034332275 9.15999980558414 8.85999965667725 8.89999961853027 8.89999961853027 7.98000001907349 7.88000011444092 7.78000020980835 7.92000007629394 7.98999977111816 7.92000007629395 7.61999988555908 7.57000017166138 7.57999991983503 7.57999992370606 7.59000010123474 7.46999979019165 7.40999984741211 7.1100001335144 6.55999994277954 6.32999992370605 6.30999994277954 -9999
14.1899995803833 14.4499998092651 14.5900001525879 14.4700002670274 13.9700002670288 13.4799995422363 12.789999961853 12.399999618505 11.8900003433228 11.2200002670288 10.7600002288818 10.6199998855591 10.3000001907349 10.1899995803833 9.89000034332275 9.96000003814697 9.56999969482422 9.28999996185303 9.28999996185303 9.22000026702881 9.05000019073487 8.81999969482422 8.82999992356757 8.72000026702881 8.63000009025322 8.40999984741211 8.46000003814697 8.44999980926514 8.44999980926514 7.92999982833862 7.78000020980835 7.57000017166138 7.53999996185303 7.6100001335144 7.67000007629394 7.59000015258789 7.55000019073486 7.65000009536743 7.67000024638138 7.65000009536743 7.54000000953836 7.44999980926514 7.05000019073486 6.6399998664856 6.55999994277954 6.51999998092651 -9999
14.7799997329712 14.960000038147 14.7799997329712 14.6199998855591 15.2299995422363 13.8400001525879 13.1800003051758 12.8299999237061 12.2399997711182 11.4700002670288 10.9499998092651 10.8199996948242 10.6599998474121 10.2700004577637 9.89000034332275 9.92000007629395 10.1899995803833 9.81999969482422 9.68000030489239 9.40999984741211 9.09000015258789 8.80000019073487 8.68000030517578 8.28999996185303 8.07999992370606 7.96000003814697 8.02000045776367 8.01000022888184 8.06999969482422 8.09000015258789 7.73000001907349 7.42999982833862 7.42999982833862 7.44000005722046 7.36999988555908 7.65999984741211 7.76999995301387 7.83000012589338 7.96999979019165 7.78000020980835 7.69000005722046 7.42999982833862 7.07000017166138 6.8100001255782 6.76000022888184 6.76000022888184 -9999
15.1099996566772 15.3000001907349 15.2700004577637 14.9899997711182 15.5 14.4200000762939 13.5799999237061 13.1099996566772 12.4399995803833 11.7700004577637 11.1499996185303 11.0200004577637 10.9499998092651 10.5600004196167 10.3299999235085 10.1999998092651 10.3400001525879 10.1199998855591 9.97000026702881 9.52999973297119 9.19999980926514 8.89000035274361 8.8100004196167 8.14000034332275 7.90000009536743 7.90000009525395 7.67000007629394 7.57000017166138 7.71999979019165 7.84000015258789 7.6100001335144 7.40999984741211 7.36999988555908 7.40999984741211 7.21000003814697 7.67000007629395 7.86000024756122 8.14000034332275 8.02999973297119 7.82000023092667 7.73000001907349 7.46000003814697 7.15000009536743 7.05000019073486 6.90999984741211 6.86000013351441 6.84000015258789
15.1800003051758 15.3500003814697 15.3999996185303 15.5100002288818 15.4200000762939 14.8599996566772 13.8699998855591 13.3199996948242 12.8000001907349 12.2700004577637 11.6199998855591 11.3500003814697 11.0900001525879 10.9700002670288 10.75 10.6800003051758 10.3500003814697 10.1999998092651 10.1800003051758 9.80000019073486 9.77999973297119 9.53999996063914 8.93000030517578 8.23999977111817 7.92000007629395 8.03999996185303 7.67000007629394 7.42999982833862 7.48000001832345 7.59999990463257 7.53000020980835 7.40999984741211 7.40000009536743 7.5 7.19999980926514 7.69000003614278 8.09000015258789 8.15999984741211 7.98999977111816 7.8899998664856 7.73999977111816 7.57000017166138 7.28000041942896 7.19000005722046 6.82000017166138 6.82000017166138 6.96000013633877
15.4099998474121 15.4799995422363 15.2600002288818 15.5600004196167 15.5 15.1499996185303 14.1499996185303 13.8100004196167 12.9499998092651 12.6800003051758 12.4799995421413 11.7399997711182 11.539999961853 11.3500003814697 11.2399997711182 11.4200000762939 10.8199996948242 10.7399997711182 10.6099996628163 10.4700002670288 10.0900001525879 9.84000015258789 9.01000022888184 8.34000015258789 7.94000005722046 7.98999977111816 7.96999979019165 7.42999982833862 7.3600001335144 7.44999980926514 7.48999977111816 7.42000007629395 7.42999982833862 7.55999994277954 7.44999980926514 7.59999990463257 8.11999988555908 8.14999961853027 7.92999988070814 7.90000009536743 7.73999977111816 7.65999984741211 7.59999990463257 7.32999992370605 6.96000003814697 6.95999990878653 6.92999982833862
15.539999961853 15.6400003433228 15.5 15.5100002288818 15.5600004196167 15.3000001907349 14.5600004196167 14.1199998855591 13.210000038147 13.0100002288818 12.9200000762342 12.3699998855591 12.0500001907349 11.7399997711182 11.6899995803833 11.6700000762939 11.3100004230215 11.5100002285075 11.1700000762939 10.8699998855591 10.3500003814697 10.0100002288818 9.05000019073486 8.32999992370605 8.02999973258025 7.92000007629395 8 7.57999992370605 7.40999984741211 7.44999980926514 7.55000019073486 7.51999998092651 7.46999979019165 7.59999990463257 7.71000003814697 7.75 8.10999965667725 8.11999988555908 8.02000045776367 7.8600001335144 7.32999992370605 7.69999971223811 7.65000009536743 7.51999998092651 7.26000022888184 7.329999481647 7.01999998092651
15.4499998092651 15.4099998474121 15.4799995422363 15.4700002670288 15.5100002288818 14.9799995422363 14.8199996948242 14.5 13.789999961853 13.460000038147 13.4099998474121 12.7799997329712 12.5200004577637 12.1800003051758 12.1099996586395 12.3999996185303 11.6000003814697 11.539999961853 11.4099998474121 11.0600004196167 10.3900003433228 10.0100002288818 9.34000015258789 8.82999992370606 8.64000034332276 8.39000034332276 8.22999954223633 7.92000007697395 7.69999980926514 7.57999992370605 7.63999986648559 7.53000020980835 7.40999984741211 7.53999996185303 7.75 7.82999992370605 8.06999969482422 8.07999992370606 8.02000045776367 7.78999996185303 7.55999994277954 7.55999994277954 7.71000003814697 7.69000005722046 7.63000055218707 7.61999988555908 7.26999998092651
15.4200000762939 15.289999961853 15.449999809265 15.5299997329708 15.4799995422363 15.1499996185303 15.3999996185275 14.8100004196167 14.289999961853 13.9099998474121 13.8400001525879 13.0200004587259 12.8800001153239 13.1300001143389 12.9099998474121 12.789999961853 12.2700004577637 11.8500003814697 11.8800001144409 11.1099996566772 10.5200004570929 10.1800003051758 9.73999977111816 9.52999973297119 9.35000038146973 8.89999961853027 8.60999965667725 8.39999961853027 8.02999973297119 7.90000009536743 7.84999990463257 7.76000031195231 7.76999998092651 7.53999996185303 7.55000019073486 7.76999998092651 7.90000009536743 7.90000009536743 7.90999984741211 7.75 7.61999993183322 7.55999994277954 7.67000007629394 7.82000017166138 7.86999988555908 7.86000013351441 7.51999998092651
15.5100002288818 15.4499998092651 15.4300003051759 15.5299997329715 15.5799999237068 15.3699998855591 15.380000114449 15.2200002670288 14.760000229083 14.3900003434529 14.2200002670288 13.6099996566772 13.8100004196167 13.7200002668872 13.3999996185303 13.1300001144409 12.6700000762939 12.4200000762939 12.1999998092651 11.1899995803833 10.7200002670288 10.5100002288818 10.1800003051758 9.68999959395004 9.47999954223633 9.11999988555908 8.90999984741211 8.57999992370605 8.21000003814697 8.07999992370605 8.07999994013596 7.90000009536743 7.94999980926514 7.71999980694822 7.57999992370606 7.65999984741211 7.69000005722046 7.61999988555908 7.67999982833862 7.65000009536743 7.57000017166138 7.51999998092651 7.63000011444092 7.69999980926514 7.8899998664856 7.94999980926514 7.76000022888272
15.7399997711182 15.6700000762939 15.6400003433228 15.6400003433228 15.6400003433228 16.1200008392221 15.7700004577609 15.6300001144409 15.3199996948242 14.8100004196167 14.5600004196167 14.1199998855591 13.789999961853 13.8800001144409 13.4799995422363 13.4300003051758 13.1999998081844 12.539999961853 12.3000001907349 11.4300003051758 10.8699998855591 11.0100002288818 10.9200000762939 10.6499996185303 10.0100002288818 9.47999954223633 9.14999961853027 8.72999954223633 8.38000011444092 8.26000025581454 8.3100004196167 7.98000001907349 7.82999992370605 7.82999992370605 7.76000022888184 7.55000019073486 7.46999979019165 7.42999982833862 7.34999990463257 7.51000022888184 7.51000022888184 7.46000003814697 7.16000029744933 7.21000003814697 7.51000022888184 7.84000015258789 7.88000011444092
15.8000001907349 15.7299995422363 15.6999998092651 15.6800003051758 15.6800003051758 15.8100004196167 15.7200002670288 15.5799999237061 15.3100004196167 14.7700004577637 14.5600004196167 14.1199998855591 13.8299999237061 13.7799997329712 13.9099998474121 13.5699996948242 13.2799997321568 12.6300001144409 12.3100004196167 11.9200000762939 11.4300003051758 11.4300003051758 10.9700002670288 11.1300001144409 10.8900003433228 10.1400003433228 9.85000038146973 8.97999954223633 8.56000045802377 8.51000023075921 8.4399995803833 8.18000030517578 7.84999990463257 7.73000001907349 7.67000007629395 7.55999994277954 7.34000015258789 7.13000011444092 7.11999988555908 7.11999988555908 7.17000007629394 7.32999943099218 7.0100002386282 7.01999998092651 7.21000003814697 7.67000007629282 7.90999984741211
16.4899997711182 16.0799999237061 16.0400009155273 15.8000001907349 15.7200002670288 15.8299999237061 15.6400003433228 15.3800001144409 15.2799997329712 15.1099996566375 14.5900001525879 14.1400003433228 13.8900003433228 13.8100004196167 13.5299997329712 13.4899997711182 13.4300003051758 12.9099998474121 12.539999961853 12.5200004577974 12.2600002288818 11.8100004196167 11.8500003814697 11.7600002288818 11.0699996948242 10.0500001907349 9.39999961853027 9.1300001085165 8.98999977111816 8.80000019073486 8.56999969482422 8.27999973297119 8.22999954223633 7.80999994277954 7.6399998664856 7.51999999611195 7.34000015258789 6.86999988555908 6.90000009536743 6.88000011444092 6.9299993925487 6.59000015258789 6.67000007629395 6.80999994277954 6.98000001907349 7.15000009536743 7.55000019073486
16.9599990844727 16.7099990844727 16.6599998474121 16.6100006103516 16.5699996948242 15.8599996566772 15.7700004577637 15.4099998474121 15.1800003051758 15.1899995803489 14.7399997711182 14.2600002288818 13.9799995422363 13.8199996948242 13.4799995422363 13.4799995422363 13.3599996566772 12.8599996566772 12.5299997329712 12.4899997711182 12.210000038147 11.9899997711182 12.0399999605231 11.1599998474121 10.3699998855591 9.82999994008398 9.77999973297119 9.10000038146973 8.84000015258789 8.64999961853027 8.35000038146973 8.39000034332275 8.31999969482422 8.0600004196167 7.69000005722046 7.6100001335144 7.23000001907349 6.69000005722046 6.67999982833862 6.51000022888184 6.15000009536743 6.190000035204 6.28999996185303 6.40999984741211 6.59000015258789 6.71999979019165 6.96999979019165
