SnowAccumulation_R/test/tmax/final_tmax_06_04_2009.asc
NCOLS 97 
NROWS 69 
XLLCORNER 52512.810182332 
YLLCORNER 5316225.2758522 
CELLSIZE 10000 
NODATA_value -9999 
[rows 21 to 41 of 69, columns 0 to 46 of 97]
-9999 -9999 -9999 -9999 7.13000011444092 6.90999984741211 7.92999982833862 9.5600004196167 6.82000017166138 7.94999980926514 8.23999977111816 10.7399997711182 11.6700000762939 11.6400003433228 12.1099996566772 12.6300001144409 12.4499998092651 11.8400001525879 11.1999998092651 10.9200000762939 10.6400003433228 10.7299995422363 11.0200004577637 11.9799995422363 12.3999996130855 13.1800003051758 13.2299995422363 13.5200004577637 13.6899995803833 13.8699998855591 14.0799999237061 13.9200000762939 13.8299999237061 13.8500003814697 13.8500003814697 13.8599996566772 13.8199996948242 13.6099996566772 13.6899995803833 13.5100002288818 13.5299997329712 13.3400001525879 13.0100002288819 12.9499998092651 13.039999961853 12.7700004577637 12.8299999237061
-9999 -9999 -9999 -9999 8.52999973297119 5.5 7.80999994277954 9.52000045776367 7.21000003814697 6.15000009536743 8.90999984741211 8.76000022888184 11.1099996566772 10.9799995422363 11.300000335108 12.7399997711182 12.6400003433228 11.7700004577637 11.5100002288818 11.2600002288818 10.3100004196167 10.8199996948242 11.1400003433228 11.4300003051758 12.1000003793184 12.5500001907349 12.9499998092651 13.5799999237061 13.8199996948242 14.289999961853 14.2299995422363 14.0600004196167 14.1499996185303 14.039999961853 13.9399995803833 13.8199996948242 13.6800003051758 13.5299997329712 13.6499996185303 13.2799997329712 13.4099998474121 13.4200000762939 13.2600002288818 13.1199998855591 12.9799995422363 12.8900003433228 13.0200004577637
-9999 -9999 -9999 6.30000019073486 7.11000013351441 9.68000030517578 7.69999980926514 6.84999990463257 5.53000020980835 6.09000015258789 7.46999979019165 6.57000017166138 10.2399997711182 11.600000233012 12.4200000762939 13.9799995422363 12.7799997329712 12.210000038147 11.6099996566772 11.2200002670288 11.0299997329712 11.0900001525879 11.1099996566772 11.1899995803833 11.6400003433228 12.0299997329712 12.5600004168618 13.4899997711182 13.7399997711182 13.9399995803833 14.0200004577637 14.3000001907349 14.4399995803833 14.289999961853 14.0200004577637 13.8299999237061 13.5100002288818 13.3800001144409 13.539999961853 13.5600004196167 13.3500003814697 13.3100004196167 13.3500003814697 13.2299995422363 13.0900001525879 13.1899995803833 13.039999961853
-9999 -9999 -9999 5.01000022888184 5.78999996185303 6.80000019073486 4.3600001335144 6.51000022888184 4.94000005722046 4.55999994277954 6.34999990463257 7.56000000285306 8.98999977111817 12.7399997711182 13.3199996948242 13.6400003433228 12.8100004196167 12.1099996566772 11.7399997711182 11.5500001907349 11.4899997711182 10.9700002670288 10.8299999237061 11.1899995803833 11.4300003051758 12.0299997325837 12.2700004577637 13.0900001525879 13.4099998474121 13.6599998474121 14.0699996948242 14.4899997711182 14.9799995422363 14.4300003051758 14.1700000762939 13.9799995422363 13.8500003814697 13.6599998474121 13.6199998855591 13.6300001144409 13.5200004577643 13.3900003433235 13.4200000762946 13.3599996566779 13.2799997329712 13.3800001144409 13.3800001144415
-9999 -9999 -9999 4.59999990463257 5.90000067960389 6.73000001907349 5.80000019073486 5.61999988555908 2.67000007629395 5.98999977111816 4.98000001907349 12.3599996566772 12.5600004196167 12.8400001525879 13.0299997329712 13.1099996566772 12.7299995422363 12.039999961853 12.4399995803833 12.3900003433228 11.6800003051758 10.960000038147 10.8599996566772 10.6599998474121 11.2299995422363 11.6400003433228 12.1199998855591 12.4499998094635 12.9700002670288 13.8100004196167 14.1199998855591 14.4499998092651 14.5699996948242 14.3900003433228 14.3900003433228 14.2299995422363 13.9099998474121 13.8900003433228 13.7700004577637 13.5900001525879 13.5600004196167 14.039999961853 14.0100002288818 13.9799995422363 13.9499998092651 13.8699998855591 13.7799997329713
-9999 -9999 -9999 4.54000589631557 3.77999997138977 9.34000015258789 4.94999980926514 4.15999984741211 4.76000022888184 3.59999990463257 4.63000011444092 5.88000011444092 13.1199998855591 12.9700002670288 13.3699998855591 13.4300003051758 12.7600002288818 12.4300003051758 12.5600004196167 12.6899995803833 12.0900001525879 11.1899995803833 10.6800003051758 9.06999969482422 11.039999961853 11.4200000762939 12.1199998818962 12.4799995420403 13.0799999237061 13.9799995422363 14.3599996566772 14.6700000762939 14.7600002288818 14.6700000762939 14.4099998474121 14.2200002670288 14.1300001144409 13.9899997711182 13.8299999237061 13.8000001907349 13.6199998855591 14.3400001525879 14.3299999237061 14.2600002288818 14.2299995422363 14.1899995803833 13.9399995803833
-9999 -9999 -9999 9.10000038146972 8.21000003814697 8.97999816955691 2.84999990463257 6.73999977111816 4.76000022888184 5.34000015258789 6.03000020980835 5.57999992370605 5.8899998664856 13.1000003814697 13.1800003051758 13.2299995422363 12.8199996948242 12.7399997711182 12.539999961853 12.3100004196167 11.9799995422363 11.4099998474121 11.1400003433228 10.8699998855591 11.2299995422363 11.5100002288818 11.7399997711182 12.3199996948242 13.2399997717672 14.0699996947008 14.1599998474121 14.710000038147 14.7399997711182 14.7799997329712 14.4899997711182 14.210000038147 14.0799999237061 14.1899995803833 14.1300001144409 13.8400001525879 13.7700004577637 13.7399997711182 14.6000003814697 14.539999961853 14.3800001144409 14.2700004577637 14.1099996566773
-9999 -9999 -9999 11.75 6.34999990463257 5.3899998664856 5.92000007629394 4.44999980926514 5.8899998664856 4.78000020980835 5.80000019073486 5.23999977111816 6.25 6.36999988555908 13.0799999237061 12.1899995803833 13.1999998092651 12.789999961853 12.4099998474121 12.2799997329712 11.8299999237061 11.6899995803833 11.6499996185303 11.3699998855591 11.4799995422363 11.6899995803833 11.8500003814697 12.3000001907349 13.3599996552051 14.0299997329712 14.0699996948242 14.5799999237061 14.8000001907349 14.9899997711182 14.6400003433228 14.4200000762939 14.4499998092651 14.1400003433228 14.4200000762939 14.4200000762939 14.0699996948242 14.0799999237061 14.1899995803833 14.8000001907349 14.6199998855591 14.4700002670288 14.3500003814697
-9999 -9999 -9999 11.5 7.38000011444092 8.60000038146973 7.77000006562007 7.11999988555908 9.42000007629395 5.69999980926514 3.52999997138977 4.5 3.92000007629395 5.11999988555908 11.8900003433228 11.9799995422363 12.0799999237061 12.9700002670288 12.210000038147 12.1300001144409 11.9799995422363 11.9300003051758 11.6400003433228 11.460000038147 11.6899995803833 11.7799997329712 11.8100004196167 12.3699998855591 13.0600004196167 13.4700002670288 14.0500001902928 14.6400003431533 14.9799995422363 14.960000038147 14.7700004577637 14.5 14.6400003433228 14.5500001907349 14.5699996948242 14.5500001907349 14.3299999237061 14.3000001907349 14.2799997329712 14.3999996185303 14.7799997329712 14.7799997329712 14.6099996566773
-9999 -9999 -9999 13.8899985818174 10.3999996185303 9.44999980926513 7.62999989311151 5.36999988555908 5.71000003814697 7.90000009536743 3.89000011997896 5.46000003814697 7.34000015258789 3.98000001907349 11.6899995803833 11.789999961853 11.460000038147 11.6700000762939 12.8400001525879 12.8199996948242 12.2299995422363 11.9399995803833 11.8900003433228 11.6599998474121 11.8100004196167 11.8699998855591 12.4499998092651 12.5 12.539999961853 13.4700002663012 13.8299999234283 14.5100002288818 15.1300001144409 15.1300001144409 14.8599996566772 14.9799995422363 14.9399995803833 15.0200004577637 15.0500001907349 15.0900001525879 14.6499996185303 14.4200000762939 14.539999961853 14.5 14.6099996566772 14.4700002670288 14.6000003814697
-9999 -9999 -9999 13.2299995422363 9.11999988555908 11.3999996185303 6.30999994277954 6.88999842793562 4.3600001335144 9 7.86999988555908 5.8899998664856 5.67999982833862 6.30000019073486 10.9499998092651 11.1999998092651 11.3999996185303 11.7299995422363 12.4700002670288 13 12.6499996185303 12.039999961853 12.0500001907349 12.0799999237061 11.8500003814697 12.1899995803833 12.6099996566772 12.6599998474121 12.8000001907349 13.25 13.7700004577637 14.0200004577637 15.02000045727 14.9899997710174 15.0500001907349 15 15.0200004577637 15.3299999237061 15.1899995803833 15.3500003814697 15.1400003433228 15.1000003814697 14.9300003051758 14.8500003814697 14.8500003814697 14.6199998855591 14.6300001144409
-9999 -9999 -9999 9.46000003814697 12.4200001805149 9.10999965667724 10.5299997329712 5.76999998092651 7.07999948884849 5.80000019073486 7.51999998092651 9 8.61999988555908 10.0900001525879 10.8299999237061 10.8699998855591 11.1300001144409 11.6599998474121 12.3699998855591 12.9200000762939 12.5 12.3599996566772 12.5699996948242 12.4899997711182 12.3500003814697 12.3900003433228 12.7299995422363 12.7700004577637 13.1599998474121 13.3800001144409 13.6400003433228 14.0200004577009 14.3999996183341 14.7799997329712 14.8100004196167 15.1199998855591 15.3000001907349 15.5299997329712 15.6499996185303 15.5600004196167 15.3699998855591 15.6800003051758 15.3599996566772 15.0699996948242 14.9899997711182 14.7600002288818 14.789999961853
-9999 -9999 -9999 10.1499996185303 12.2399997711182 13.6700000762939 9.6899995803833 10.9700002670288 7.42999982833862 6.17000129567288 5.25 8.15999984741211 7.67999982833862 8.10999965667725 10.5200004577637 10.8699998855591 11.4200000762939 11.3500003814697 11.6300001144409 11.7200002670288 12.1400003433228 11.6999998092651 12.6199998855591 12.8199996948242 12.6499996185303 12.6800003051758 13.0500001907349 12.9899997711182 13.3500003814697 13.7299995422363 13.8900003433228 14.1499996185303 14.3000001907349 14.460000038147 14.6300001144409 15.2299995422466 15.5399999618597 15.6700000762939 15.8400001525879 16.1299991607666 15.960000038147 15.8100004196167 15.6300001144409 15.1400003433228 15.0500001907349 15.0500001907349 14.8400001525879
-9999 -9999 -9999 7.3600001335144 10.0299997329712 12.6899995803833 13.3500003814697 7.53999996185303 10.460000038147 7.32999992370606 6.10000069574759 5.09999990463257 5.80000019073486 7.09999990463257 9.72999954223633 10.1800003051758 11.9099998474121 11.210000038147 11.1400003433228 11.4499998092651 12.1700000762939 11.9799995422363 12.8500003814697 12.8299999237061 12.7299995422363 12.9200000762939 13.3299999237061 13.2299995422363 12.9200000762939 13.6800003051758 14 14.6400003433228 14.7600002288818 14.8900003433228 15.3299999237061 15.6499996185303 16.1200008392334 16.1900005340576 16.3099994659424 16.5900001525866 16.3799991607664 16.0599994659427 15.7899999618537 15.4099998474122 15.1899995803837 15.1099996566774 15.039999961853
-9999 -9999 6.90999984741211 8.02000045776367 4 11.6199998855591 13.4300003051758 11.5200004577637 8.88000011444092 12.5600004196167 6.61999988555908 4.70000011509885 4.07000017166138 6.13000011444092 8.39000034332275 5.51999998092651 9.85000038146973 10.5900001525879 10.8299999237061 11.0100002288818 12.4399995803833 12.4700002670288 12.6599998474121 12.6199998855591 13.0799999237061 13.1400003433228 13.460000038147 13.3999996185303 13.4099998474121 13.9399995803833 14.3299999237061 14.7200002670288 14.9099998474121 15.1700000762939 15.6599998474121 16.0100002288818 16.5499992370605 16.2900009155273 16.309999465941 16.4099998474119 16.2900009155275 16.1800003051758 16.0599994659424 15.4499998092651 15.3599996566772 15.1800003051758 15.1000003814697
-9999 -9999 4.94000005722046 4.1399998664856 7.13000011444092 5.26999998092651 9.30000019073486 13.2200002670288 10.25 8.01000052178113 6.98999977111816 7.48999977111816 4.78999996185303 5.59000015258789 8.28999996185303 7.46000003814697 9.06999969482422 10.0600004196167 10.4700002670288 10.6199998855591 12.4700002670288 12.3900003433228 12.539999961853 12.6800003051758 13.3400001511064 13.3599996566368 13.9899997711182 14.0900001525879 14.2399997711182 14.289999961853 14.7600002288818 14.8599996566772 15.0900001525879 15.4499998092651 15.9200000762939 16.1700000762939 16.2999992370605 16.2600002288818 16.3600006103516 16.3600006103516 16.3500003814697 16.4400005340576 16.2600002288818 15.9399995803833 15.710000038147 15.5200004577637 15.3199996948242
-9999 -9999 6.75 8.28999996185303 7.13000011444092 5.73000001907349 6.3900002372559 12.9300003051758 13.5500001907349 8.36999988555908 11.2600002288818 9.77000045776367 6.26000022888184 5.96999979019165 9.14000034332275 9.1899995803833 9.51000022888184 9.97000026702881 10.3000001907349 10.6199998855591 12.0500001907349 12.4300003051758 12.6099996566772 12.8599996566772 13.4499998092651 13.4499998092651 14.0299997329712 14.2399997711182 14.9799995422363 15.1899995803833 14.9700002670288 15 15.3400001525879 15.6199998855591 15.8199996948242 16.1200008392334 16.2199993133545 16.3099994659424 16.3899993896484 16.3999996185303 16.3799991607666 16.4599990844727 16.2800006866455 16.1299991607666 15.8400001525879 15.6499996185303 15.5299997329712
-9999 -9999 7.51000022888184 9.22000026702881 8.46000003814697 4.23000001907349 7.11999988555908 9.96000003814697 14.289999961853 8.92000007629395 8.8100004196167 8.07999992370605 9.23999977111816 4.4800000313345 4.30000019073486 9.80000019073486 9.73999977111816 9.86999988555908 10.4399995803833 10.6099996566772 12.1400003433228 12.4700002670288 12.6099996566772 12.8599996566772 13.3500003814697 13.6999998092651 14.5200004577637 14.9799995422363 15.1999998092651 15.5200004577637 15.5200004577637 15.6999998092651 15.7600002288818 16.0100002288818 16.0799999237061 16.1499996185303 16.3700008392334 16.5100002288818 16.4899997711182 16.4899997711182 16.6800003051758 16.5 16.3199996948242 16.2000007629395 16.1299991607666 16.0499992370605 15.8500003814697
-9999 -9999 12.5400011753268 9.77999973297119 5.67000007629395 7.40000009536743 7.80999994277954 9.22999954223633 14.1899995803833 11.5200004577637 7.9499999001709 12.5699996948242 10.3299999237061 7.88000011444092 7.40000009536743 9.97999954223633 10.1800003051758 10.4200000762939 10.5299997329712 11.0100002288818 12.0600004196167 12.0699996948242 12.5 12.8999996185303 13.539999961853 14.0200004577637 14.4899997711182 15.2200002670288 15.3000001907349 15.6999998092651 15.9799995422363 15.9200000762939 16.2199993133545 16.4200000762939 16.4799995422363 16.7299995422363 16.7700004577637 16.8500003814697 16.9099998474121 16.8299999237061 16.7399997711182 16.6700000762939 16.7399997711182 16.5100002288818 16.3299999237061 16.1900005340576 16.1599998474121
-9999 -9999 14.9099998474121 4.89000208356276 3.89000037221609 5.26999998092651 4.17000007629394 9.64000034332275 10.1199998855591 14.710000038147 7.01000022888184 11.5900001525879 8.93000030517578 6.90999984741211 5.25 4.03000020980835 8.32999992370605 10.4799995422363 10.7399997711182 11.1800003051758 12.1099996566772 11.8699998855591 12.4099998474121 11.9600000395607 12.7700004577637 14.0799999225087 14.079999930419 15.3599996566772 15.3900003433228 16 16.0300006866455 16.3199996948242 16.3600006103516 16.5200004577637 16.7399997711182 16.7900009155273 16.8899993896484 16.9500007629395 17.0200004577637 16.8899993896484 16.8500003814697 16.7099990844727 16.7000007629395 16.6100006103516 16.5100002288818 16.3700008392334 16.2099990844727
-9999 -9999 15.0600004196167 7.32000017166138 6.61000016877899 5.65000009536743 8.3100004196167 5.30000019073486 7.28999996185303 13.9499998092651 7.55999994277954 8.68000030517578 10.2600002288818 7.21000003814697 6.71999979019165 5.78999996185303 8.10000038146973 8.06999969482422 11.0600004196167 12.289999961853 12.3699998854608 12.7799997311775 12.8599996566772 12.8299999237061 13.0699996948242 14.8000001907349 15.5699996935752 15.8100004196167 15.9499998092651 16.4400005340576 16.5799999237061 16.6299991607666 16.5499992370605 16.8099994659424 16.8099994659424 16.8199996948242 16.9300003051758 16.9500007629395 16.9699993133545 16.9400005340576 16.8400001525879 16.6800003051758 16.6900005340576 16.7399997711182 16.5699996948242 16.5100002288818 16.2800006866455
