SnowAccumulation_R/test/tmax/final_tmax_03_04_2009.asc
NCOLS 97 
NROWS 69 
XLLCORNER 52512.810182332 
YLLCORNER 5316225.2758522 
CELLSIZE 10000 
NODATA_value -9999 
[rows 20 to 39 of 69, columns 47 to 93 of 97]
4.30000019073486 4.71000003814697 5.19999980926514 5.92999982833862 6.26999998092651 6.42000007629395 5.61000013351441 5.07999992370605 4.76999998088699 4.17999982833862 3.84999990463257 3.22000002861023 2.93000006664713 2.49000000953674 1.94000005786945 1.54999995231628 1.21000003814697 0.949999988079071 0.449999988079071 0.140000000596046 0.819999992847443 0.939999997615814 1.08000004291534 1.12000000476837 1 0.759999990463257 0.509999990463257 1.07000005245209 1.82000005245209 1.76999998092651 1.86000001430511 1.64999997615814 1.62000010851032 1.63999998569489 1.73000001907349 1.85000002384186 1.8400000333786 1.94000005722046 1.91999995708466 1.50999999046326 1.02999997138977 0.860000014305115 0.490000009536743 0.189999997615814 0.0200002275185783 -0.0599999986588955 -9999
4.26999998092651 4.67999982833862 5.25 5.78000020980835 6.09999990463257 6.34999990463257 5.42000007629395 4.90000009536743 4.67000007629395 4.21000003814697 4.13000011444092 3.23000001907349 2.98000001924657 2.55999994277954 2.17000007629394 1.72000002861023 1.54999995203709 1.11000001430511 0.660000026226044 0.469999998807907 0.699999988832441 1.00999999046326 1.25 1.33000004291534 1.33000004291614 1.22000002861023 0.779999971389771 1.85000002384186 2.36999988555908 2.14000010490417 2.11999988555908 1.96000012795262 2.00999999046326 1.99000000953674 1.86000001430511 1.86000001430511 1.87000000476837 1.91999995708466 1.86000001430511 1.51999998092651 1.33000004291534 0.949999988079071 0.569999992847443 0.239999994635582 0.119999997317791 -0.0500000007450581 -9999
4.25 4.69000005722046 4.94000005722046 5.48000001907349 5.82999992370605 5.57000017166138 5.23999977111816 4.78999996185303 4.65000009536743 4.2300000188937 3.83999991401187 3.23000001907349 3.0699999332428 2.59999990463257 2.1800000667572 1.87000000476837 1.69000005722046 1.29999995231628 0.769999980926514 0.709999978542328 0.959999978542328 1.19000005722046 1.39999997615814 1.5 1.64999997615814 1.86000001430511 2.5699999332428 4.13000011444092 3.53999996185303 2.88000011444092 2.51000012235064 2.44000005722046 2.28999996185303 2.11999988555908 1.96000003814697 1.86000001430511 1.83000004291534 1.80999994277954 1.6599999666214 1.45000011896399 1.29999995231628 0.970000028610229 0.580000004724509 0.280000591323791 0.150000005960464 0.00999999977648258 -9999
4 4.61999988555908 4.88000011444092 5.07000017166138 5.13000011444092 5.38000011438644 5.07000017160913 4.42000007629394 4.30000019073486 3.98000001907349 3.69000005722046 3.19000005722046 3.07999992370606 2.5699999332428 2.13000011444092 1.74000000953674 1.58000004291534 1.35000002384186 1.05999994277954 1.02999997138977 1.11000001430511 1.37000000476837 1.5 1.72000002861023 2 2.46000003814697 3.78999996185303 4.40000009605138 4.07999992370606 3.40000008745996 2.99000000953674 2.60999998506475 2.44000005722046 2.10999989509583 1.86000001430511 1.75 1.70000004768372 1.66999995708466 1.51999998092651 1.42999994754791 1.22000002861023 0.929999823106642 0.519999980926514 0.340000003576279 0.0700000002980232 -0.0399999991059303 -9999
3.72000002861063 4.13999986648562 3.9300000667572 4.15000009536743 4.19000005722046 4.03000020980835 4.19999980926514 4.05000019073486 4.05000019073486 3.91000008583069 3.58999991416931 3.22000002861023 2.96000003814697 2.64000010490417 2.07999992370605 1.66999995708466 1.52999997138977 1.23000001907349 1.17999994754791 1.12999999554303 1.37999999523163 1.5 1.61000001430511 1.72000002913232 2.20000004768372 2.71000003814697 3.75 4.01000022888184 3.88000003284246 3.13000011444092 2.82999992370605 2.67000007629395 2.39000010490418 2.09999990463257 1.75 1.62000000476837 1.54999995231628 1.51999998092651 1.41000000363097 1.3400000333786 1.12999999523163 0.790000021457672 0.649999976158142 0.28999999165535 -0.100000001490116 -0.119999997317791 -9999
3.39000010490417 3.91000008583069 3.78999996185303 3.8199999332428 3.88000011444092 3.83999991416931 3.92000007629395 3.83999991416931 3.82999992370605 3.69000005722046 3.4300000667572 3.39000010484103 3.03999996185303 2.76999998092651 2.26999998092651 1.9999999995464 1.45000004768372 1.25999999046326 1.12999999523163 1.35000002384186 1.30999994277954 1.58000004291534 1.72000002861023 1.80999994277954 2.23000001907349 2.75 3.45000004768372 3.19000005722046 3.0699999332428 2.54999995231628 2.32999992849596 2.24000000953674 2.19000005722046 2 1.86000001430511 1.5 1.4099999666214 1.38999998569489 1.36000001430511 1.23000001907349 1.01999998092651 0.790000021457918 0.629999995231628 0.129999995231628 -0.28999999165535 -0.300000011920929 -9999
2.78999996185303 3.33999991416931 3.6800000667572 3.50999999046326 3.63000011444092 3.69000005722046 3.67000007629394 3.74000000953743 3.70000004768372 3.57999992370605 3.40000009536743 3.32999992364277 3.07999992370606 2.94000005722046 2.70000004768372 2.44000005722046 1.78999996185303 1.4099999666214 1.46000003814697 1.51999998092651 1.5900000333786 1.63999998569489 1.79999995231628 1.89999997615814 2.10999989509583 2.55999991451739 2.45000004768372 2.59999990463257 2.66000008583069 1.74000000953674 1.64999997615814 1.57000005245209 1.71000003814697 1.76999998092651 1.69000005722046 1.37999999523163 1.29999995231628 1.29999995231628 1.27999997138977 1.21000001247032 1.03999996185303 0.949999988079071 0.600000023841858 0.00999999977648258 -0.25 -0.25 -9999
2.6800000667572 3.11999988555908 3.38000011444092 3.35999989509577 3.40000009536743 3.58999991416931 3.59999990463257 3.53999996185029 3.65000009536743 3.5 3.35999989509583 3.28999996185303 3.01999998092651 2.85999989509582 2.49000000953674 2.5 2.04999995231628 1.73000001907349 1.71000003814697 1.69000005722046 1.67999994754791 1.66999995708466 1.7799999715975 1.87999999523163 1.98000000742758 2.02999997138977 2.13000011444092 2.1800000667572 2.22000002861023 1.71000003814697 1.57000005245209 1.37000000476837 1.3400000333786 1.38999998569489 1.42999994754791 1.30999994277954 1.23000001907349 1.32000005245209 1.32000018852195 1.25999999046326 1.12000006040136 1 0.550000011920929 0.0900000035762787 0 -0.0500000007450581 -9999
2.83999991416931 3.20000004768372 3 2.88000011444191 3.19000005722046 3.32999992370605 3.45000004768372 3.48000001907349 3.61999988555908 3.48000001907349 3.34999990463257 3.28999996185303 3.14000010490417 2.72000002861023 2.29999995231628 2.27999997138977 2.46000003814697 2.08999991416931 1.95000004745185 1.77999997138977 1.72000002861023 1.72000002861023 1.73000001907349 1.71000003814697 1.70000004768372 1.69000005722046 1.76999998092651 1.76999998092651 1.8400000333786 1.87000000476837 1.52999997138977 1.23000001907349 1.23000001907349 1.24000000953674 1.14999997615814 1.37999999523163 1.42999992800906 1.47000022116948 1.5900000333786 1.41999995708466 1.32000005245209 1.01999998092651 0.600000023841858 0.28000022969064 0.200000002980232 0.159999996423721 -9999
3.13000011444092 3.41000008583069 3.13000011444092 2.83999991416971 3.03999996185303 3.38000011444092 3.36999988555908 3.3199999332428 3.45000004768372 3.52999997138977 3.38000011444092 3.26999998092651 3.17000007629395 2.76999998092651 2.52999997119225 2.35999989509583 2.46000003814697 2.26999998092651 2.15000009536743 1.86000001430511 1.87999999523163 1.889999999398 2.07999992370605 1.72000002861023 1.63999998569489 1.66999995699245 1.48000001907349 1.37000000476837 1.49000000953674 1.60000002384186 1.39999997615814 1.22000002861023 1.19000005643716 1.23000001907349 1.01999998092651 1.4099999666214 1.56000009755755 1.83000004291534 1.72000002861023 1.52000004019188 1.41999995708466 1.11000001430511 0.730000019073486 0.589999973773956 0.360000014305115 0.230000004172325 0.180000007152557
3.54999995231628 3.24000000953674 3.15000009536743 3.07999992370606 3.07999992370606 3.41000008583069 3.25999999046326 3.14000010490418 3.42000007629395 3.61999988555908 3.45000004768372 3.25999999046326 3.03999996185303 2.91000008583069 2.70000004768372 2.60999989509582 2.35999989509583 2.3199999332428 2.35999989509582 2.22000002861023 2.63000011444092 2.57999992325085 2.33999991416931 1.97000002861023 1.75999999046326 1.85000002384186 1.5 1.22000002861023 1.24000000891171 1.35000002384186 1.30999994277954 1.23000001907349 1.23000001907349 1.3400000333786 1.05999994277954 1.48000006769784 1.94000005722046 1.98000001907349 1.80999994277954 1.70000004768372 1.52999997138977 1.29999995231628 0.930000263355741 0.790000021457672 0.280000001192093 0.189999997615814 0.280000197577438
3.34999990463257 3.78999996185303 2.9300000667572 3.05999994277954 3.0699999332428 3.44000005722046 3.22000002861023 3.28999996185303 3.19000005722046 3.57999992370605 3.6300001144029 3.24000000953674 3.17000007629395 3.02999997138977 2.9300000667572 3.08999991416931 2.67000007629395 2.78999996185303 2.78999996836414 3.03999996185303 3.02999997138977 2.98000001907349 2.60999989509582 2.26999998092651 1.94000005722046 1.9099999666214 1.76999998092651 1.19000005722046 1.0900000333786 1.1599999666214 1.25999999046326 1.26999998092651 1.29999995231628 1.46000003814697 1.36000001430511 1.61000001430511 2.09999990463257 2.13000011444092 1.91000001899076 1.87000000476837 1.66999995708466 1.51999998092651 1.39999997615814 1 0.479999989271164 0.359999992744977 0.370000004768372
3.33999991416931 4.01000022888184 3.3199999332428 3.14000010490417 3.10999989509583 3.45000004768372 3.39000010490417 3.3199999332428 3.10999989509583 3.49000000953674 3.64000010489874 3.47000002861023 3.35999989509583 3.19000005722046 3.17000007629395 3.17000007629394 3.03999996515766 3.40000009538945 3.42000007629395 3.49000000953674 3.39000010490417 3.27999997138977 2.85999989509583 2.5699999332428 2.30999994209539 1.97000002861023 1.79999995231628 1.26999998092651 1.05999994277954 1.12000000476837 1.33000004291534 1.35000002384186 1.39999997615814 1.58000004291534 1.8400000333786 1.88999998569489 2.25 2.28999996185303 2.19000005722046 2.00999999046326 1.39999997615814 1.67999990344462 1.58000004291534 1.30999994277954 0.879999995231628 0.969999397097389 0.550000011920929
2.98000001907349 2.94000005722046 3.04999995231628 3.08999991416931 3.09999990463257 3.0699999332428 3.47000002861023 3.46000003814697 3.38000011444092 3.58999991416931 3.76999998092651 3.55999994277954 3.5699999332428 3.4300000667572 3.43000006821633 3.83999991416931 3.40000009536743 3.5 3.71000003814697 3.75999999046326 3.54999995231628 3.4300000667572 3.22000002861023 3.07999992370606 2.84999990463257 2.35999989509583 2.00999999046326 1.55999994373955 1.27999997138977 1.25 1.46000003814697 1.44000005722046 1.45000004768372 1.79999995231628 2.02999997138977 2.14000010490417 2.40000009536743 2.47000002861023 2.42000007629395 2.16000008583069 1.82000005245209 1.75 1.76999998092651 1.60000002384186 1.47000075818773 1.37000000476837 0.810000002384186
2.75999999046326 2.54999995231628 2.78999996185256 2.86999988555948 3.04999995231628 3.17000007629395 3.63000011444794 3.57999992370605 3.61999988555908 3.75 3.91000008583069 3.55999994337522 3.7200000290982 3.96000003817051 4.03999996185303 4.19000005722046 4.03000020980835 3.83999991416931 4.19000005722046 3.90000009536743 3.58999991424384 3.65000009536743 3.5699999332428 3.45000004768372 3.23000001907349 2.74000000953674 2.36999988555908 2.13000011444092 1.72000002861023 1.66999995708466 1.76999997868361 1.76000011673042 2.0699999332428 2 2.05999994277954 2.32999992370605 2.50999999046326 2.55999994277954 2.58999991416931 2.36999988555908 2.09000001332799 1.92999994754791 1.86000001430511 1.85000002384186 1.88999998569489 1.6599999666214 1.00999999046326
2.78999996185303 2.79999995231628 2.69000005722086 2.86999988556027 3.02999997139256 3.3199999332428 3.52999997140584 3.8199999332428 3.86999988569438 4.00000000003548 3.94000005722046 3.80999994277954 4.32999992370605 4.42000007628608 4.44000005722046 4.51000022888184 4.42999982833862 4.38000011444092 4.53000020980835 4.03999996185303 3.8199999332428 3.97000002861023 3.95000004768372 3.5699999461635 3.27999997138977 2.92000007629394 2.70000004768372 2.39000010490417 2.03999996185303 1.99000000953674 2.05000001255885 2.20000004768372 2.41000008583069 2.36999989437834 2.33999991416931 2.54999995231628 2.6800000667572 2.65000009536743 2.69000005722046 2.54999995231628 2.38000011444092 2.07999992370605 1.94000005722046 1.97000002861023 1.87999999523163 1.60000002384186 1.14999997615961
3.01999998092651 3.04999995231628 3.07999992370606 3.13000011444092 3.21000003814697 3.98000001906171 3.80999994278386 4.03999996185303 4.15000009536743 4.15999984741211 4.15999984741211 4.17999982833862 4.26000022888184 4.51000022888184 4.5 4.78999996185303 4.74999999938758 4.53000020980835 4.67999982833862 4.30000019073486 4 4.44999980926514 4.61999988555908 4.46999979019165 3.86999988555908 3.32999992370605 3.02999997138977 2.66000008583069 2.35999989509583 2.31000000337818 2.57999992370605 2.4300000667572 2.48000001907349 2.58999991416931 2.75 2.77999997138977 2.80999994277954 2.88000011444092 2.75999999046326 2.71000003814697 2.58999991416931 2.22000002861023 1.62000043480361 1.41999995708466 1.21000003814697 1.08000004291534 0.870000004768372
3.04999995231628 3.10999989509583 3.16000008583069 3.21000003814697 3.26999998092651 3.69000005722046 3.78999996185303 4.01000022888184 4.15999984741211 4.1100001335144 4.1399998664856 4.15999984741211 4.28999996185303 4.42000007629394 4.88000011444092 4.92999982833862 4.84999990425254 4.65000009536743 4.73000001907349 4.75 4.51000022888184 4.84000015258789 4.73000001907349 5.01000022888184 4.76999998092651 4.03000020980835 3.75999999046326 3.00999999046326 2.66000014069792 2.81999993431559 2.8199999332428 2.75 2.65000009536743 2.66000008583069 2.88000011444092 3.09999990463257 3.04999995231628 3.03999996185303 2.9300000667572 2.79999995231628 2.51999998092651 2.29999978294589 1.64000026834656 1.35000002384186 0.879999995231628 0.620000004769108 0.490000009536743
3.55999994277954 3.44000005722046 3.49000000953674 3.35999989509582 3.32999992370605 3.76999998092651 3.77999997138977 3.90000009536743 4.17000007629395 4.21999979019346 4.17000007629395 4.17999982833862 4.34000015258789 4.44999980926514 4.57000017166138 4.88000011444092 5.01000022888184 4.92000007629395 4.96000003814697 5.11000013412172 5.23000001907349 5.17000007629395 5.48999977111816 5.51000022888184 4.98999977111816 4.05999994277954 3.49000000953674 3.24000001694226 3.25 3.11999988555908 3.03999996185303 2.94000005722046 2.99000000953674 2.85999989509583 3.01999998092651 3.29999993409376 3.35999989509583 3.26999998092651 3.08999991416931 2.90000009536743 2.54999985987606 1.99000000953674 1.78999996185303 1.38999998569489 0.899999976158142 0.680000007152557 0.230000004172325
3.74000000953674 3.75 3.78999996185303 3.8199999332428 3.83999991416931 3.86999988555908 3.96000003814697 3.99000000953674 4.15000009536743 4.34000015259152 4.32999992370605 4.30000019073486 4.44000005722046 4.48999977111816 4.55999994277954 4.90000009536743 4.96999979019165 4.90999984741211 4.96999979019165 5.09999990463257 5.19000005722046 5.28999996185303 5.46999978964984 4.92999982833862 4.34000015258789 3.90000010981854 3.89000010490417 3.34999990463257 3.19000005722046 3.0699999332428 2.92000007629394 3.09999990463257 3.13000011444092 3.14000010490418 3.10999989509583 3.23000001907349 3.39000010490417 3.46000003814697 3.29999995231628 2.78999996185303 2.29999995231628 1.91000012073544 1.71000003814697 1.38999998569489 1.00999999046326 0.790000021457672 0.370000004768372
