SnowAccumulation_R/test/tmax/final_tmax_18_04_2009.asc
NCOLS 97 
NROWS 69 
XLLCORNER 52512.810182332 
YLLCORNER 5316225.2758522 
CELLSIZE 10000 
NODATA_value -9999 
[rows 21 to 41 of 69, columns 0 to 46 of 97]
-9999 -9999 -9999 -9999 3.05999994277954 2.94000005722046 4.15000009536743 6.19000005722046 3.1800000667572 4.59999990463257 5.01999998092651 8.13000011444092 9.43000030517578 9.65999984741211 10.4700002670288 12.039999961853 13.3800001144409 13.9700002670288 13.6199998855591 13.6400003433228 13.8000001907349 13.7700004577637 13.5 13.4399995803833 13.4899997673068 13.6199998855591 13.3599996566772 13.1999998092651 13.1499996185303 13.1000003814697 13.1199998855591 13 13.1400003433228 13.1000003814697 13.1199998855591 13.2200002670288 13.1099996566772 13.039999961853 13.039999961853 13.0699996948242 12.8400001525879 12.2799997329712 11.8699998855591 11.8000001907349 11.9099998474121 11.539999961853 11.5500001907349
-9999 -9999 -9999 -9999 4.65999984741211 1.44000005722046 4.1100001335144 6.17000007629395 3.65000009536743 2.58999991416931 5.92000007629394 5.82000017166138 8.77999973297119 8.80000019073486 9.29000016871603 11.5500001907349 12.5900001525879 13.1000003814697 13.5299997329712 13.6000003814697 13.460000038147 13.6099996566772 13.5900001525879 13.3900003433228 13.2799997340469 13.3699998855591 13.3100004196167 13.2700004577637 13.1999998092651 13 13.1000003814697 13.0299997329712 13.2700004577637 13.2700004577637 13.1400003433228 13.1300001144409 13 12.8500003814697 12.9499998092651 12.5100002288818 12.5200004577637 12.3199996948242 12.0500001907349 11.8500003814697 11.6499996185303 11.4799995422363 11.5500001907349
-9999 -9999 -9999 2.15000009536743 3.08999991416931 6.15999984741211 4.01000022888184 3.11999988555908 1.78999996185303 2.53999996185303 4.23999977111816 3.28999996185303 7.69999980926514 9.43999940079754 10.5699996948242 12.2200002670288 12.7600002288818 13.0100002288818 13.4799995422363 13.5500001907349 13.5200004577637 13.5799999237061 13.5299997329712 13.4899997711182 13.4700002670288 13.25 13.2299995419513 13.2600002288818 13.2200002670288 13.0799999237061 13.1000003814697 13.2399997711182 13.289999961853 13.3100004196167 13.289999961853 13.2399997711182 12.8999996185303 12.8800001144409 12.9899997711182 12.9799995422363 12.3699998855591 12.1700000762939 12.0699996948242 11.8800001144409 11.6400003433228 11.6800003051758 11.3999996185303
-9999 -9999 -9999 0.800000011920929 1.67999994754791 2.89000010490417 0.360000014305115 2.8199999332428 1.1599999666214 0.860000014305115 2.97000002861023 4.40999992071285 6.21999979019165 11.6400003433228 12.1400003433228 12.5 12.8500003814697 13.4700002670288 13.5900001525879 13.5299997329712 13.5100002288818 13.5500001907349 13.4799995422363 13.4499998092651 13.4200000762939 13.2499999996126 13.1999998092651 13.25 13.2600002288818 13.25 13.1700000762939 13.3800001144409 13.3199996948242 13.3500003814697 13.3800001144409 13.3000001907349 13.210000038147 13.1499996185303 13.0600004196167 12.9200000762939 12.5200004577643 12.229999542237 12.0900001525884 11.9399995803838 11.7399997711182 11.7799997329712 11.6700000762945
-9999 -9999 -9999 0.389999985694885 1.82000071368093 2.82999992370605 1.92999994754791 1.85000002384186 -1.25999999046326 2.44000005722046 1.46000003814697 10.8999996185303 11.1199998855591 11.3800001144409 12.1499996185303 12.6199998855591 12.9499998092651 13.3599996566772 13.539999961853 13.5799999237061 13.5600004196167 13.539999961853 13.4300003051758 13.3199996948242 13.4099998474121 13.3699998855591 13.4099998474121 13.2799997337647 13.3400001525879 13.4499998092651 13.4799995422363 13.4499998092651 13.4099998474121 13.4499998092651 13.6700000762939 13.6800003051758 13.4200000762939 13.3400001525879 13.0600004196167 12.9899997711182 12.9300003051758 12.8299999237061 12.5500001907349 12.4300003051758 12.3199996948242 12.1800003051758 12.0000000000001
-9999 -9999 -9999 0.350006497221322 -0.360000014305115 5.78999996185303 1.01999998092651 0.280000001192093 1.03999996185303 -0.159999996423721 1.07000005245209 2.5699999332428 11.2600002288818 11.7700004577637 11.9300003051758 12.1000003814697 12.4499998092651 13.4200000762939 13.6099996566772 13.7299995422363 13.5699996948242 13.5900001525879 13.3900003433228 12.8699998855591 13.4300003051758 13.5900001525879 13.4099998496098 13.3999996193145 13.5100002288818 13.8000001907349 13.8400001525879 13.8400001525879 13.8100004196167 13.8500003814697 13.8900003433228 13.8699998855591 13.789999961853 13.4799995422363 13.2799997329712 13.0600004196167 13.0299997329712 13.1199998855591 12.8299999237061 12.6300001144409 12.5699996948242 12.4899997711182 12.1400003433228
-9999 -9999 -9999 5.3600001335144 4.46000003814697 5.38999836871778 -1.19000005722046 3.09999990463257 1.02999997138977 1.73000001907349 2.59999990463257 2.23000001907349 2.70000004768372 11.3999996185303 11.5500001907349 11.7299995422363 12.3199996948242 12.8199996948242 13.2200002670288 13.5 13.4799995422363 13.5200004577637 13.4499998092651 13.5299997329712 13.6499996185303 13.75 13.8299999237061 13.8299999237061 13.6000003829842 13.8299999240454 13.9099998474121 13.9499998092651 14.0900001525879 13.9799995422363 13.9899997711182 14.0500001907349 13.8900003433228 13.75 13.5299997329712 13.210000038147 13.0699996948242 12.8599996566772 13.1199998855591 12.960000038147 12.710000038147 12.5600004196167 12.3299999237062
-9999 -9999 -9999 8.47999954223633 2.42000007629395 1.47000002861023 2.09999990463257 0.610000014305115 2.26999998092651 1.1599999666214 2.32999992370605 1.8400000333786 3.07999992370606 3.29999995231628 11.5100002288818 10.8100004196167 12.3500003814697 12.789999961853 13.1099996566772 13.3800001144409 13.5799999237061 13.6400003433228 13.7399997711182 13.75 13.8199996948242 13.8999996185303 13.9300003051758 13.8999996185303 13.8800001152885 13.9399995803833 14.1099996566772 14.2700004577637 14.25 14.1400003433228 14.1099996566772 14.0299997329712 13.960000038147 13.75 13.6000003814697 13.4300003051758 13.2700004577637 13.1199998855591 13.0100002288818 13.289999961853 13 12.789999961853 12.6199998855591
-9999 -9999 -9999 8.19999980926514 3.5699999332428 5.03000020980835 4.13000022266043 3.50999999046326 6.21999979019165 2.15000009536743 -0.119999997317791 1.01999998092651 0.519999980926514 1.96000003814697 10.3999996185303 10.5699996948242 10.789999961853 12.460000038147 12.8500003814697 13.210000038147 13.5500001907349 13.8000001907349 13.7700004577637 13.8000001907349 13.9399995803833 13.960000038147 13.9399995803833 14.0799999237061 14.3599996566772 14.4499998092651 14.2600002294444 14.439999580618 14.4499998092651 14.4399995803833 14.3699998855591 14.2299995422363 14.1599998474121 14.1099996566772 14.0600004196167 13.8699998855591 13.3500003814697 13.1999998092651 12.9899997711182 12.8400001525879 13.1899995803833 13.1400003433228 12.9099998474122
-9999 -9999 -9999 11.2099978999036 7.03000020980835 6.01000022888184 4.0299999656615 1.60000002384186 2.05999994277954 4.57999992370605 0.240000014735293 2.03999996185303 4.23999977111816 0.680000007152557 10.1400003433228 10.3100004196167 10.6499996185303 10.9700002670288 12.75 12.8900003433228 13.5900001525879 13.6199998855591 13.7399997711182 13.9499998092651 13.9499998092651 13.9899997711182 14.2799997329712 14.3199996948242 14.460000038147 14.4499998094107 14.5399999619125 14.6199998855591 15.039999961853 15.0100002288818 14.5299997329712 14.4799995422363 14.5299997329712 14.5 14.1599998474121 14.1000003814697 13.5699996948242 13.4499998092651 13.0299997329712 12.9700002670288 12.9200000762939 12.5699996948242 12.8900003433228
-9999 -9999 -9999 10.4899997711182 5.55000019073486 8.35999965667725 2.5699999332428 3.24999844920042 0.610000014305115 5.80999994277954 4.61999988555908 2.5 2.38000011444092 3.1800000667572 9.47999954223633 10.1300001144409 10.4200000762939 10.8400001525879 11.710000038147 12.710000038147 13.25 13.539999961853 13.6800003051758 13.8699998855591 13.960000038147 14.1899995803833 14.3100004196167 14.3500003814697 14.6099996566772 14.6099996566772 14.6199998855591 14.6800003051758 15.0900001524525 14.9799995422123 14.8800001144409 14.7399997711182 14.6099996566772 14.6000003814697 14.6000003814697 14.4399995803833 14.0600004196167 13.9200000762939 13.3800001144409 13.289999961853 13.0799999237061 12.7399997711182 12.7399997711182
-9999 -9999 -9999 5.90999984741211 9.56000057594802 5.6399998664856 7.40999984741211 2.05999994277954 3.54999947030553 2.23000001907349 4.21000003814697 5.92999982833862 5.59999990463257 7.40000009536743 9.26000022888184 9.43000030517578 9.76000022888184 10.6000003814697 11.5699996948242 12.6499996185303 13.1599998474121 13.3299999237061 13.6400003433228 13.7700004577637 14.0299997329712 14.1099996566772 14.3100004196167 14.5299997329712 14.7200002670288 14.6499996185303 14.5500001907349 14.6800003052511 14.9200000761684 14.9300003051758 14.7299995422363 14.9099998474121 14.8999996185303 15.1700000762939 14.9399995803833 14.6300001144409 14.4499998092651 14.3000001907349 13.4899997711182 13.3699998855591 13.2799997329712 12.9200000762939 12.8599996566772
-9999 -9999 -9999 6.73999977111816 9.43000030517578 11.3599996566772 6.40999984741211 8.02999973297119 3.92000007629395 2.62000124042454 1.71000003814697 4.98999977111816 4.5 5.09999990463257 8.85999965667725 9.17000007629395 9.6899995803833 9.85000038146973 10.960000038147 12.6599998474121 12.8999996185303 13.1899995803833 13.539999961853 13.8900003433228 14.1300001144409 14.2200002670288 14.4399995803833 14.7399997711182 14.9399995803833 14.9700002670288 14.8900003433228 14.9300003051758 14.9099998474121 14.7700004577637 14.6899995803833 15.000000000022 15.1899995803952 15.25 15.3000001907349 15.2600002288818 14.9399995803833 14.460000038147 14.2299995422363 13.4499998092651 13.3299999237061 13.2200002670288 12.8999996185303
-9999 -9999 -9999 3.57999992370605 6.71000003814697 10.1000003814697 11.0799999237061 4.01000022888184 7.46000003814697 3.85999989509583 2.61000075879023 1.62000000476837 2.41000008583069 3.9300000667572 8.0600004196167 8.40999984741211 9.85999965667725 9.5600004196167 10.1300001144409 11.2700004577637 12.8800001144409 13.4099998474121 13.5299997329712 13.8400001525879 14.1000003814697 14.25 14.8199996948242 14.9300003051758 15.1400003433228 15.039999961853 14.9700002670288 15.1199998855591 15.1099996566772 15.1400003433228 15.210000038147 15.3900003433228 15.6499996185303 15.6800003051758 15.5900001525879 15.5100002288821 15.3400001525878 14.9499998092657 14.3800001144418 13.840000152588 13.3800001144417 13.2700004577638 13.1800003051758
-9999 -9999 3.0699999332428 4.32000017166138 0.0500000007450581 8.77999973297119 11.2200002670288 8.75 5.57999992370605 10.1899995803833 3.14000010490417 1.17000027491187 0.550000011920927 2.82999992370605 6.73999977111816 3.85999989509583 8.0600004196167 8.98999977111816 9.78999996185303 10.3999996185303 12.8400001525879 13.2399997711182 13.4799995422363 13.6099996566772 14.2600002288818 14.3800001144409 14.7700004577637 14.9700002670288 15.0500001907349 15.0900001525879 15.0900001525879 15.1700000762939 15.2299995422363 15.3299999237061 15.460000038147 15.6199998855591 15.8400001525879 15.789999961853 15.5900001525882 15.5500001907351 15.3199996948247 15.1999998092651 14.75 13.8800001144409 13.7299995422363 13.3400001525879 13.25
-9999 -9999 0.980000019073486 0.159999996423721 3.41000008583069 1.46000003814697 5.96999979019165 11.039999961853 7.19999980926514 4.61000049095078 3.52999997138977 4.11999988555908 1.29999995231628 2.22000002861023 6.51000022888184 5.67999982833862 7.26999998092651 8.48999977111816 9.10999965667725 9.78999996185303 12.8599996566772 13.2799997329712 13.4200000762939 13.5799999237061 14.4600000361884 14.5200004576423 14.9700002670288 15.1000003814697 15.2700004577637 15.1300001144409 15.210000038147 15.2200002670288 15.3299999237061 15.5 15.7200002670288 15.75 15.8400001525879 15.8400001525879 15.75 15.6599998474121 15.5699996948242 15.3999996185303 14.9799995422363 14.4799995422363 14.0600004196167 13.789999961853 13.460000038147
-9999 -9999 2.92000007629395 4.65999984741211 3.4300000667572 1.97000002861023 2.70000046594175 10.6599998474121 11.5799999237061 5.03000020980835 8.52000045776367 6.69000005722046 2.82999992370605 2.55999994277954 7.30000019073486 7.26999998092651 7.61999988555908 8.4399995803833 9.10999965667725 9.64999961853028 12.0200004577637 13.1499996185303 13.4099998474121 13.7299995422363 14.5699996948242 14.5799999237061 14.9899997711182 15.0900001525879 15.3800001144409 15.3699998855591 15.25 15.2799997329712 15.460000038147 15.6099996566772 15.6300001144409 15.75 15.8699998855591 15.9799995422363 15.8100004196167 15.7299995422363 15.6300001144409 15.4399995803833 15.0100002288818 14.6999998092651 14.1199998855591 13.8900003433228 13.8100004196167
-9999 -9999 3.76999998092651 5.78000020980835 4.92999982833862 0.400000005960464 3.53999996185303 6.84000015258789 12.6599998474121 5.65000009536743 5.53999996185303 4.73000001907349 6.07000017166138 0.990000022483685 0.879999995231628 7.44999980926514 7.75 8.1899995803833 9.28999996185303 10.0900001525879 11.8100004196167 12.6000003814697 13.3500003814697 13.7299995422363 14.0799999237061 14.7700004577637 15.0900001525879 15.3000001907349 15.3800001144409 15.4899997711182 15.4200000762939 15.5900001525879 15.6400003433228 15.6300001144409 15.6899995803833 15.8400001525879 15.8999996185303 16.0300006866455 15.8800001144409 15.8199996948242 15.8599996566772 15.5100002288818 15.0900001525879 14.8500003814697 14.6199998855591 14.4099998474121 14.1800003051758
-9999 -9999 9.78000139543007 6.44000005722046 1.87999999523163 3.79999995231628 4.30999994277954 5.96999979019165 12.5299997329712 8.85999965667725 4.56000004876644 10.2799997329712 7.34000015258789 4.53999996185303 4.05999994277954 7.53999996185303 7.92999982833862 8.22000026702881 8.8100004196167 9.72999954223633 11.3000001907349 11.3100004196167 12.460000038147 13.1599998474121 13.5900001525879 14.039999961853 14.789999961853 15.3599996566772 15.3699998855591 15.4899997711182 15.5100002288818 15.5699996948242 15.75 15.8999996185303 15.960000038147 16.1000003814697 16.1599998474121 16.25 16.2299995422363 16.0900001525879 15.9300003051758 15.789999961853 15.6300001144409 15.2299995422363 14.8400001525879 14.6199998855591 14.5799999237061
-9999 -9999 13.2299995422363 1.06000231525889 0.0400002811052839 1.51999998092651 0.409999996423721 6.48000001907349 7.07000017166138 13.3299999237061 3.54999995231628 8.96000003814697 5.67000007629395 3.50999999046326 1.85000002384186 0.709999978542328 5.09999990463257 8.64000034332275 8.97999954223633 9.77999973297119 10.5500001907349 10.0100002288818 13.1000003767632 13.3199996941331 13.289999961853 13.9600000369909 13.9600000440111 14.9899997711182 15.2799997329712 15.460000038147 15.5500001907349 15.5799999237061 15.710000038147 15.9300003051758 16.0599994659424 16.1299991607666 16.2199993133545 16.2900009155273 16.3700008392334 16.1900005340576 16.0100002288818 15.7600002288818 15.6099996566772 15.460000038147 15.1599998474121 14.9499998092651 14.7399997711182
-9999 -9999 13.5200004577637 3.6800000667572 2.9500001005806 1.95000004768372 4.90000009536743 1.6599999666214 3.8199999332428 12.25 4.15999984741211 5.40000009536743 7.23000001907349 3.83999991416931 3.35999989509583 2.48000001907349 4.8600001335144 4.86999988555908 9.51000022888183 10.7200002670288 10.989999770234 11.9099998433873 12.8599996566772 13.0200004577637 13.0900001525879 14.3999996185303 14.7499999994323 14.8900003433228 14.9399995803833 15.4799995422363 15.5699996948242 15.6000003814697 15.7200002670288 15.960000038147 16.1000003814697 16.1399993896484 16.2199993133545 16.25 16.3600006103516 16.2000007629395 16.0499992370605 15.8199996948242 15.6099996566772 15.5900001525879 15.25 15.1999998092651 14.8500003814697
