SnowAccumulation_R/test/tmax/final_tmax_03_04_2009.asc
NCOLS 97 
NROWS 69 
XLLCORNER 52512.810182332 
YLLCORNER 5316225.2758522 
CELLSIZE 10000 
NODATA_value -9999 
[rows 20 to 39 of 69, columns 0 to 46 of 97]
-9999 -9999 -9999 -9999 -5.32999992370605 -3.5699999332428 -3.25999999046326 3.90000009536743 -0.409999996423721 -0.209999993443489 1.17999994754791 1.73000001907349 3.04999995231628 6.61000013351441 6.15999984741211 7.59000015258789 8.56999969482422 5.03000020980835 3.97000002861023 3.77999997138977 3.59999990463257 2.38000011444092 2.53999996185303 2.67000007261499 2.57999992370606 2.46000003814697 2.15000009536743 1.99000000953674 1.9099999666214 1.66999995708466 1.62999999523163 1.69000005722046 1.53999996185303 1.5 1.61000001430511 1.66999995708466 1.86000001430511 2.00999999046326 2.10999989509583 2.3199999332428 2.25 2.3199999332428 2.52999997138977 2.82999992370605 3.20000004768372 3.8199999332428 4.15999984741211
-9999 -9999 -9999 -9999 -2.23000001907349 -2.53999996185303 -1.35000002384186 0.649999976158142 -2.77999997138977 -1.52999997138977 -1.22000002861023 1.66999995708466 2.88000011444092 2.8199999332428 3.69000005722046 5.51999998092651 6.53000020980835 5.13000011444092 4.01000022888184 3.76999998092651 3.5 2.6800000667572 2.67000007629395 2.36999988555908 2.41000008074893 2.29999995231628 2.10999989509583 2.00999999046326 1.72000002861023 1.63999998569489 1.61000001430511 1.44000005722046 1.5 1.54999995231628 1.66999995708466 1.9099999666214 1.89999997615814 1.79999995231628 1.77999997138977 1.89999997615814 2.17000007629394 2.25 2.49000000953664 2.78999996185303 3.54999995231628 3.63000011444092 4.15000009536743
-9999 -9999 -9999 -9999 -0.310000002384186 -4.01000022888184 -1.32000005245209 0.819999992847443 -2.15000009536743 -3.48000001907349 -0.259999990463257 -0.519999980926514 2.16000008583069 1.73000001907349 2.00000016376653 3.96000003814697 4.48000001907349 4.11999988555908 4.03000020980835 3.76999998092651 2.75 2.69000005722046 2.63000011444092 2.38000011444092 2.13000011713011 2.14000010490417 2.0699999332428 1.87000000476837 1.73000001907349 1.52999997138977 1.60000002384186 1.5 1.96000003814697 1.87999999523163 1.88999998569489 1.87999999523163 1.75999999046326 1.62000000476837 1.74000000953674 1.39999997615814 1.75999999046326 2.13000011444092 2.50999999046326 2.66000008583069 3.05999994277954 3.41000008583069 4.01000022888184
-9999 -9999 -9999 -2.86999988555908 -1.9099999666214 1.33000004291534 -1.27999997138977 -2.34999990463257 -3.98000001907349 -3.41000008583069 -1.88999998569489 -3.00999999046326 1.12000000476837 2.29999977033605 2.74000000953674 3.32999992370605 3.84999990463257 3.83999991416931 3.92000007629395 3.61999988555908 3.07999992370606 3.14000010490418 3.05999994277954 2.45000004768372 2.36999988555908 2.02999997138977 1.98000001774356 1.79999995231628 1.73000001907349 1.64999997615814 1.62999999523163 1.60000002384186 1.85000002384186 2.04999995231628 2.04999995231628 1.88999998569489 1.60000002384186 1.63999998569489 1.87000000476837 1.89999997615814 1.5 1.74000000953674 2.29999995231628 2.4300000667572 2.78999996185303 3.39000010490417 3.65000009536743
-9999 -9999 -9999 -4.26000022888184 -3.35999989509583 -2.1800000667572 -5.1100001335144 -2.66000008583069 -4.53999996185303 -5.03999996185303 -3.08999991416931 -1.73999994395187 -0.270000010728836 3.69000005722046 3.42000007629395 3.6800000667572 4.01000022888184 4.19000005722046 4.13000011444092 3.17000007629395 3.20000004768372 3.25999999046326 3.08999991416931 2.82999992370605 2.51999998092651 2.0299999694525 1.8400000333786 1.78999996185303 1.73000001907349 1.67999994754791 1.67999994754791 1.85000002384186 1.9099999666214 1.97000002861023 2.16000008583069 2.09999990463257 2.00999999046326 1.87999999523163 1.94000005722046 1.89999997615814 1.53999996185347 1.62999999523223 2.10999989509601 2.2699999809267 2.65000009536743 3.23000001907349 3.6600000858305
-9999 -9999 -9999 -4.63000011444092 -3.0999991935851 -2.11999988555908 -3.29999995231628 -3.57999992370605 -6.98999977111816 -3.26999998092651 -4.53999996185303 3.6800000667572 3.72000002861023 3.74000000953674 3.60999989509583 3.85999989509582 4.07999992370605 3.00999999046326 3.05999994277954 3.17000007629395 3.35999989509582 3.28999996185303 3.20000004768372 2.97000002861023 2.70000004768372 2.38000011444092 1.95000004768372 1.77999997211713 1.8400000333786 1.86000001430511 1.86000001430511 2.28999996185303 2.29999995231628 2.35999989509583 2.44000005722046 2.44000005722046 2.16000008583069 2.10999989509583 2 1.94000005722046 1.9099999666214 2.11999988555908 2.38000011444092 2.5 2.77999997138977 3.01999998092651 3.24999999999992
-9999 -9999 -9999 -4.59999235055672 -5.51000022888184 1.33000004291534 -4.19999980926514 -5.19000005722046 -4.55000019073486 -5.92000007629395 -4.84000015258789 -3.53999996185303 3.8199999332428 3.47000002861023 4.07000017166138 4.07000017166138 4.13000011444092 3.16000008583069 3.10999989509583 3.16000008583069 3.35999989509583 3.1800000667572 3.09999990463257 3 2.83999991416931 2.47000002861023 1.95000005079717 1.88999998562953 1.86000001430511 2.00999999046326 2.19000005722046 2.35999989509583 2.47000002861023 2.5 2.54999995231628 2.60999989509582 2.64000010490417 2.30999994277954 2.14000010490417 1.92999994754791 1.85000002384186 2.35999989509583 2.58999991416931 2.63000011444092 2.79999995231628 2.97000002861023 2.9300000667572
-9999 -9999 -9999 1.28999996185303 0.0199999995529652 0.999998278389914 -6.55000019073486 -1.98000001907349 -4.44999980926514 -3.80999994277954 -3.11999988555908 -3.76999998092651 -3.57999992370605 2.99000000953674 3 3.02999997138977 3.15000009536743 3.20000004768372 2.88000011444092 3 3.07999992370606 3.20000004768372 3.25999999046326 3.27999997138977 2.89000010490417 2.25 2.0699999332428 2.14000010490417 1.92999994798063 1.79999995219288 2.17000007629394 2.59999990463257 2.70000004768372 2.71000003814697 2.64000010490417 2.66000008583069 2.74000000953674 2.59999990463257 2.4300000667572 2.05999994277954 1.97000002861023 2.17000007629394 2.72000002861023 2.73000001907349 2.6800000667572 2.6800000667572 2.69000005722045
-9999 -9999 -9999 4.84000015258789 -2.13000011444092 -3.4300000667572 -2.80999994277954 -4.63999986648559 -2.99000000953674 -4.42000007629395 -3.27999997138977 -4.05999994277954 -3.07999992370606 -3.02999997138977 3.00999999046326 2.07999992370606 3.09999990463257 3.16000008583069 2.78999996185303 2.9300000667572 3.17000007629395 3.94000005722046 3.5 3.25 2.4300000667572 2.03999996185303 2.11999988555908 2.28999996185303 2.00999999189079 1.75999999046326 2.32999992370605 2.75 2.89000010490417 2.91000008583069 2.72000002861023 2.66000008583069 2.82999992370606 2.63000011444092 2.50999999046326 2.44000005722046 2.35999989509583 2.54999995231628 2.57999992370605 2.85999989509583 2.74000000953674 2.59999990463257 2.59999990463255
-9999 -9999 -9999 4.57999992370605 -0.740000009536743 0.800000011920929 -0.399999904798751 -1.27999997138977 1.5 -3.23000001907349 -5.80999994277954 -4.82000017166138 -5.59000015258789 -4.40000009536743 1.92999994754791 1.92999994754791 1.96000003814697 2.58999991416931 2.3199999332428 2.67000007629395 3.07999992370605 5.76999998092651 3.76999998092651 2.69000005722046 2.25 2.21000003814697 2.4300000667572 2.42000007629395 2.5 2.47000002861023 2.59999990459238 2.9100000860393 3.0699999332428 3.07999992370606 2.89000010490417 2.77999997138977 2.89000010490417 2.83999991416931 2.9300000667572 2.91000008583069 2.50999999046326 2.67000007629395 2.97000002861023 2.92000007629394 2.80999994277954 2.90000009536743 2.94000005722045
-9999 -9999 -9999 7.67999757809198 3.23000001907349 1.98000001907349 -0.400000307150927 -3.33999991416931 -3 -0.430000007152557 -5.32000015721471 -3.60999989509583 -1.61000001430511 -5.59000015258789 1.85000002384186 1.76999998092651 1.37000000476837 1.37000000476837 2.01999998092651 1.86000001430511 2.25999999046326 2.84999990463257 2.46000003814697 1.87000000476837 1.82000005245209 1.99000000953674 2.14000010490417 2.34999990463257 2.89000010490417 2.47000002901042 2.57999992376557 3.0699999332428 3.5699999332428 3.54999995231628 3.25999999046326 3.10999989509583 3.32999992370605 3.33999991416931 3.02999997138977 3.02999997138977 2.64000010490417 3.04999995231628 3.00999999046326 3.07999992370606 3.05999994277954 2.98000001907349 3.34999990463257
-9999 -9999 -9999 6.90999984741211 1.62999999523163 4.55999994277954 -1.99000000953674 -1.36000175308655 -4.53999996185303 1.08000004291534 -0.519999980926514 -2.99000000953674 -3.41000008583069 -2.89000010490418 1.5 1.28999996185303 1.19000005722046 1.0900000333786 0.600000023841858 0.970000028610229 1.29999995231628 1.5 1.36000001430511 1.17999994754791 1.4099999666214 1.38999998569489 1.37000000476837 2.15000009536743 2.5 2.47000002861023 2.57999992370606 2.65000009536743 3.4100000854644 3.45000004758299 3.4300000667572 3.44000005722046 3.41000008583069 3.46000003814697 3.50999999046326 3.50999999046326 3.25 3.66000008583069 3.13000011444092 3.08999991416931 3.14000010490418 3.00999999046326 3.10999989509583
-9999 -9999 -9999 2.10999989509583 5.92999995861514 1.67999994754791 3.48000001907349 -2.63000011444092 -1.10000052680965 -2.78999996185303 -0.810000002384186 0.9200000166893 0.170000001788139 1.52999997138977 1.4099999666214 0.930000007152557 0.860000014305115 0.75 0.270000010728836 0.769999980926514 0.790000021457672 0.680000007152557 0.560000002384186 0.579999983310699 0.879999995231628 0.699999988079071 1.29999995231628 1.63999998569489 2.20000004768372 2.34999990463257 2.61999988555908 2.65000009540508 2.95000004744048 3.24000000953674 3.15000009536743 3.41000008583069 3.64000010490417 3.96000003814697 3.86999988555908 3.73000001907349 3.71000003814697 3.58999991416931 3.24000000953674 3.16000008583069 3.1800000667572 2.98000001907349 3.10999989509583
-9999 -9999 -9999 3.02999997138977 5.75 7.51999998092651 2.46000003814697 4.01999998092651 -0.490000009536743 -2.2499984266078 -3.48000001907349 -0.119999997317791 -0.819999992847443 -0.589999973773956 0.860000014305115 0.75 0.990000009536743 0.759999990463257 0.259999990463257 -0.479999989271164 0.370000004768372 -0.100000001490116 0.140000000596046 -0.0299999993294477 0.519999980926514 0.519999980926514 1.11000001430511 1.41999995708466 1.76999998092651 2.30999994277954 2.4300000667572 2.78999996185303 2.80999994277954 2.61999988555908 2.75999999046326 3.49000000954554 3.85999989510253 4.09999990463257 4.26999998092651 4.30999994277954 4.07999992370606 3.75999999046326 3.95000004768372 3.25999999046326 3.1800000667572 3.17000007629394 2.99000000953674
-9999 -9999 -9999 -0.540000021457672 2.9300000667572 6.34000015258789 7.05999994277954 -0.270000010728836 3.32999992370606 -0.649999976158142 -2.35999888624269 -3.71000003814697 -2.95000004768372 -1.62000000476837 -0.0299999993294477 0.0700000002980232 1.29999995231628 0.349999994039535 -0.370000004768372 -0.550000011920929 -0.0399999991059303 -0.370000004768372 0.0599999986588955 0.0599999986588955 0.200000002980232 0.349999994039536 1.12999999523163 1.26999998092651 1.33000004291534 2.01999998092651 2.20000004768372 2.76999998092651 2.91000008583069 3.07999992370606 3.54999995231628 3.97000002861023 4.46999979019165 4.51000022888184 4.57000017166138 4.90999984741029 4.53000020980805 4.05999994277977 3.97000002861079 3.43000006675709 3.1900000572206 3.11999988555894 3.03999996185303
-9999 -9999 -1.13999998569489 0.300000011920929 -4.65999984741211 4.98000001907349 7.19999980926514 4.73999977111816 1.38999998569489 5.67000007629395 -1.55999994277954 -4.09999951184615 -4.92000007629395 -2.63000011444092 -1.58000004291534 -4.09000015258789 -0.529999971389771 0 -0.170000001788139 -0.379999995231628 0.200000002980232 0.0299999993294477 0.0700000002980232 0.219999998807907 0.209999993443489 0.310000002384186 0.850000023841858 1.22000002861023 1.5 2.04999995231628 2.16000008583069 2.41000008583069 2.98000001907349 3.29999995231628 3.82999992370606 4.40000009536743 5.26999998092651 4.67000007629395 4.57000017165914 4.65000009536701 4.40000009536764 4.15999984741211 4.21000003814697 3.38000011444092 3.25 3.05999994277954 3
-9999 -9999 -3.57999992370605 -4.51999998092651 -0.769999980926514 -3.04999995231628 2.02999997138977 6.76999998092651 3.07999992370606 0.310000339253816 -1.03999996185303 -0.560000002384186 -3.97000002861023 -3.16000008583069 -1.72000002861023 -2.55999994277954 -1.13999998569489 -0.560000002384186 -0.259999990463257 -0.0900000035762787 0.519999980926514 0.509999990463257 0.560000002384186 0.589999973773956 0.709999978215907 0.730000019033017 1.16999995708466 1.33000004291534 2.04999995231628 2.17000007629395 2.35999989509583 2.54999995231628 3.16000008583069 3.53999996185303 3.98000001907349 4.44999980926514 4.67999982833862 4.51999998092651 4.59000015258789 4.53000020980835 4.44999980926514 4.3600001335144 3.98000001907349 3.66000008583069 3.0699999332428 2.98000001907349 3.0699999332428
-9999 -9999 -1.37000000476837 0.620000004768372 -0.769999980926514 -2.47000002861023 -1.63999951812252 6.42000007629394 6.8899998664856 0.730000019073486 3.97000002861023 2.13000011444092 -2.11999988555908 -2.53999996185303 -0.810000002384186 -1 -0.639999985694885 -0.560000002384186 -0.230000004172325 0.119999997317791 0.980000019073486 0.850000023841858 1 0.980000019073486 0.879999995231628 0.850000023841858 1.47000002861023 1.5 2.05999994277954 2.5 2.48000001907349 2.73000001907349 3.10999989509583 3.69000005722046 3.98000001907349 4.32999992370605 4.48999977111816 4.59999990463257 4.59999990463257 4.55000019073486 4.46000003814697 4.36000013351441 3.98000001907349 3.55999994277954 2.8199999332428 2.99000000953674 3.24000000953674
-9999 -9999 -0.449999988079071 1.82000005245209 0.879999995231628 -4.32000017166138 -0.720000028610229 2.79999995231628 7.78000020980835 1.39999997615814 1.22000002861023 0.239999994635582 1.38999998569489 -4.28000019557528 -4.63000011444092 -0.349999994039536 0 -0.259999990463257 -0.00999999977648258 0.280000001192093 1.08000004291534 1.02999997138977 1.44000005722046 1.29999995231628 1.07000005245209 1.26999998092651 1.77999997138977 1.53999996185303 1.9099999666214 2.55999994277954 2.95000004768372 3.30999994277954 3.44000005722046 3.96000003814697 4.09000015258789 4.23999977111816 4.67000007629395 4.76000022888184 4.67000007629395 4.63000011444092 4.78999996185303 4.42000007629395 4.05999994277954 3.75 3.47000002861023 3.45000004768372 3.72000002861023
-9999 -9999 6.25000189301895 2.49000000953674 -2.64000010490418 -0.439999997615814 0.109999999403954 1.87999999523163 7.6399998664856 4.32000017166138 0.210000095241184 4.94999980926514 2.55999994277954 -0.239999994635582 -0.879999995231628 0.180000007152557 -0.239999994635582 0.280000001192093 0.519999980926514 0.689999997615814 1.26999998092651 1.14999997615814 1.11000001430511 1.20000004768372 1.21000003814697 1.5900000333786 1.52999997138977 1.8400000333786 2.08999991416931 2.79999995231628 3.85999989509583 3.29999995231628 3.75 4.28000020980835 4.38000011444092 4.78000020980835 4.8600001335144 5.07999992370605 5.03999996185303 4.98999977111816 4.84999990463257 4.71000003814697 4.78000020980835 4.28000020980835 3.96000003814697 3.85999989509583 3.90000009536743
