SnowAccumulation_R/test/tmax/final_tmax_10_04_2009.asc
NCOLS 97 
NROWS 69 
XLLCORNER 52512.810182332 
YLLCORNER 5316225.2758522 
CELLSIZE 10000 
NODATA_value -9999 
[rows 21 to 41 of 69, columns 0 to 46 of 97]
-9999 -9999 -9999 -9999 6.92000007629395 6.69000005722046 7.90999984741211 9.92000007629395 6.59999990463257 7.76000022888184 8.02000045776367 10.5 11.4300003051758 11.3500003814697 11.9099998474121 12.7600002288818 13.0600004196167 12.9300003051758 13.2200002670288 13.3299999237061 13.539999961853 13.7799997329712 14.2799997329712 14.7799997329712 14.9600000412323 15.1000003814697 15.2200002670288 15.3900003433228 15.3800001144409 15.4099998474121 15.3299999237061 15.2600002288818 15.1099996566772 15.1099996566772 15.1300001144409 15.3699998855591 15.3999996185303 15.2799997329712 15.3400001525879 15.4499998092651 15.8000001907349 15.9399995803833 15.7700004577637 15.789999961853 16.1399993896484 16.2299995422363 16.6000003814697
-9999 -9999 -9999 -9999 8.65999984741211 5.13000011444092 7.76999998092651 9.85999965667724 7.03999996185303 5.90999984741211 8.69999980926514 8.5 10.7799997329712 10.6400003433228 11.0000001637666 12.6800003051758 12.9300003051758 12.8599996566772 13.0500001907349 13.3199996948242 13.3000001907349 13.5200004577637 14.3699998855591 14.75 15.1300001110346 15.1999998092651 15.1199998855591 15.5200004577637 15.5500001907349 15.4799995422363 15.5100002288818 15.4799995422363 15.4700002670288 15.4300003051758 15.4200000762939 15.4399995803833 15.4300003051758 15.4200000762939 15.4700002670288 15.2200002670288 15.5900001525879 15.8400001525879 15.8999996185303 15.8599996566772 16.0100002288818 16.2600002288818 16.7099990844727
-9999 -9999 -9999 5.94999980926514 6.92000007629395 10.1199998855591 7.65000009536743 6.67999982833862 5.28000020980835 5.88000011444092 7.28000020980835 6.38999986648559 9.94999980926514 11.3199995463667 12.1999998092651 13.1599998474121 12.960000038147 12.8299999237061 13.0200004577637 13.210000038147 13.2799997329712 13.9799995422363 14.1099996566772 14.460000038147 14.9499998092651 15.3299999237061 15.369999887174 15.6300001144409 15.6199998855591 15.5100002288818 15.5200004577637 15.75 15.75 15.6800003051758 15.5299997329712 15.5100002288818 15.4399995803833 15.460000038147 15.5299997329712 15.6800003051758 15.4300003051758 15.5699996948242 15.8500003814697 15.8699998855591 16.0499992370605 16.5 16.6800003051758
-9999 -9999 -9999 4.51000022888184 5.40999984741211 6.59999990463257 3.99000000953674 6.32000017166138 4.67999982833862 4.34999990463257 6.19000005722046 7.38999992545688 8.78999996185303 12.4200000762939 12.8599996566772 13.1599998474121 12.9799995422363 13.0900001525879 13.0100002288818 13.1099996566772 13.1999998092651 13.8599996566772 14.0600004196167 14.3100004196167 14.9099998474121 15.3299999246101 15.539999961853 15.789999961853 15.7200002670288 15.6899995803833 15.8999996185303 15.8900003433228 15.8800001144409 15.8199996948242 15.7200002670288 15.6999998092651 15.6599998474121 15.5600004196167 15.6999998092651 15.6999998092651 15.5200004577642 15.5299997329718 15.8100004196171 15.8999996185307 16.1599998474121 16.6399993896484 16.9899997711188
-9999 -9999 -9999 4.05999994277954 5.54000063666891 6.51999998092651 5.53999996185303 5.3899998664856 2.36999988555908 5.82999992370605 4.8600001335144 12.1599998474121 12.3199996948242 12.5100002288818 12.8999996185303 13.1000003814697 12.9099998474121 13.1499996185303 12.9700002670288 13.1400003433228 13.3199996948242 13.8500003814697 13.8999996185303 13.8999996185303 14.7600002288818 15.2399997711182 15.6199998855591 15.75 15.6499996185303 16.1700000762939 16.2099990844727 16.2000007629394 15.8800001144409 15.8900003433228 16.1200008392334 16.1100006103516 15.8400001525879 15.8900003433228 15.8800001144409 15.8599996566772 15.8400001525879 16.0699996948242 16.2000007629395 16.3099994659424 16.7099990844727 17.0900001525879 17.3999996185302
-9999 -9999 -9999 4.00000671336087 3.26999998092651 9.52000045776367 4.63000011444092 3.86999988555908 4.57000017166138 3.42000007629395 4.53999996185303 5.82999992370605 12.6400003433228 12.75 13.1099996566772 13.1599998474121 13.1099996566772 13.4099998474121 13.1199998855591 12.8999996185303 13.4799995422363 13.8299999237061 13.7799997329712 13.1300001144409 14.4499998092651 15.1800003051758 15.6199998862001 15.7500000013071 16.2800006866455 16.2900009155273 16.5699996948242 16.5799999237061 16.5799999237061 16.5499992370605 16.4899997711182 16.3199996948242 16.2299995422363 16 15.9399995803833 15.9099998474121 15.8900003433228 16.3799991607666 16.4699993133545 16.4799995422363 16.9799995422363 17.4300003051758 17.5699996948242
-9999 -9999 -9999 9.09000015258789 8.14999961853027 9.0499986765079 2.44000005722046 6.57999992370605 4.57999992370606 5.19999980926514 5.94999980926514 5.57000017166138 5.94999980926514 13.0699996948242 13.1400003433228 13.1999998092651 13.4499998092651 13.3999996185303 13.3800001144409 13.5299997329712 13.6599998474121 13.9300003051758 14.0600004196167 14.1800003051758 14.6499996185303 15.3199996948242 15.7399997711182 15.9300003051758 16.2999992374392 16.3099994666828 16.7000007629395 16.7299995422363 16.7199993133545 16.6599998474121 16.5699996948242 16.3700008392334 16.3400001525879 16.2900009155273 16.25 15.9499998092651 16.0900001525879 16.2800006866455 16.8500003814697 16.9200000762939 17.1900005340576 17.5599994659424 17.7800006866454
-9999 -9999 -9999 12.0500001907349 6.01000022888184 5.07000017166138 5.67000007629395 4.19999980926514 5.75 4.69000005722046 5.73999977111816 5.26999998092651 6.32999992370605 6.5 13.1999998092651 12.5299997329712 13.6400003433228 13.6899995803833 13.6199998855591 13.7399997711182 13.9399995803833 13.9700002670288 14.0900001525879 14.2399997711182 15 15.5799999237061 15.7399997711182 15.9899997711182 16.370000840884 16.5499992370605 16.8199996948242 16.9400005340576 16.8999996185303 16.7299995422363 16.8099994659424 16.6299991607666 16.5699996948242 16.4300003051758 16.6000003814697 16.6000003814697 16.5900001525879 16.6200008392334 16.8299999237061 17.3500003814697 17.5400009155273 17.8299999237061 18.0900001525879
-9999 -9999 -9999 11.6999998092651 7.11000013351441 8.47999954223633 7.61999997966313 6.96000003814697 9.36999988555908 5.61999988555908 3.51999998092651 4.57000017166138 4.11999988555908 5.3899998664856 12.3599996566772 12.4700002670288 12.6099996566772 13.7600002288818 13.8400001525879 13.9200000762939 14 13.9899997711182 14.2399997711182 14.3000001907349 14.8400001525879 15.0799999237061 15.6400003433228 16.2000007629395 16.7000007629395 16.9400005340576 17.1299991614096 17.2399997715615 17.2900009155273 17.2099990844727 17.0799999237061 16.9500007629395 16.9899997711182 16.8500003814697 16.8700008392334 16.7299995422363 16.6399993896484 16.9699993133545 16.9899997711182 17.3899993896484 17.7700004577637 18.1599998474121 18.2999992370606
-9999 -9999 -9999 14.2399978365168 10.4099998474121 9.35999965667725 7.43999983132756 5.15000009536743 5.57000017166138 7.82000017166138 3.89000012374765 5.53000020980835 7.44000005722046 4.32999992370605 12.2600002288818 12.3999996185303 12.5799999237061 12.8599996566772 14.2399997711182 14.2200002670288 14.3100004196167 14.2700004577637 14.2299995422363 14.25 14.7200002670288 15 15.8999996185303 16.0900001525879 16.4799995422363 16.9400005337666 17.4500007624435 17.5799999237061 17.8299999237061 17.8099994659424 17.3400001525879 17.3400001525879 17.4599990844727 17.4799995422363 17.3500003814697 17.3700008392334 17.1499996185303 17.1000003814697 17.5300006866455 17.5599994659424 17.9200000762939 18 18.1100006103516
-9999 -9999 -9999 13.5100002288818 8.9399995803833 11.4799995422363 6.05999994277954 6.69999834570201 4.21999979019165 8.89999961853027 7.82999992370605 5.96999979019165 5.86999988555908 6.57999992370605 11.8599996566772 12.2799997329712 12.539999961853 12.9700002670288 14.0100002288818 14.6499996185303 14.4899997711182 14.3599996566772 14.3199996948242 14.4899997711182 14.7600002288818 15.0799999237061 15.7600002288818 16.0499992370606 16.5799999237061 16.7999992370605 17.0200004577637 17.1800003051758 17.7999992366863 17.7999992370174 17.5900001525879 17.4300003051758 17.6000003814697 17.7199993133545 17.5100002288818 17.7800006866455 17.6800003051758 17.7299995422363 17.9500007629394 17.9300003051758 18.0900001525879 18.1299991607666 18.1700000762939
-9999 -9999 -9999 9.26000022888183 12.5800000428158 8.92000007629395 10.4700002670288 5.57999992370605 6.93999962236289 5.75 7.5 8.96000003814697 8.6899995803833 10.2299995422363 11.7399997711182 12.0299997329712 12.3400001525879 13.0600004196167 13.9300003051758 14.6000003814697 14.4899997711182 14.4200000762939 14.5699996948242 14.6499996185303 14.7399997711182 15.0200004577637 15.460000038147 16.0799999237061 16.5400009155273 16.7999992370605 16.9500007629395 17.1800003050754 17.3299999236119 17.7099990844727 17.5900001525879 17.8600006103516 17.6800003051758 18 18.0699996948242 17.9799995422363 17.8799991607666 18.3600006103516 18.2099990844727 18.1000003814697 18.1000003814697 18.1100006103516 18.3500003814697
-9999 -9999 -9999 9.97999954223633 12.3599996566772 13.9899997711182 9.53999996185303 10.9099998474121 7.28000020980835 6.11000133104079 5.32000017166138 8.21000003814697 7.80000019073486 8.35000038146973 11.5900001525879 11.9300003051758 12.4499998092651 12.5699996948242 13.2399997711182 14.4399995803833 14.3000001907349 14.1800003051758 14.6300001144409 14.8100004196167 14.9700002670288 15.0699996948242 15.460000038147 16.0400009155273 16.1000003814697 16.6900005340576 16.9099998474121 17.0200004577637 17.3400001525879 17.3099994659424 17.5599994659424 18.0100002288716 18.079999923712 18.1200008392334 18.2399997711182 18.5200004577637 18.4099998474121 18.4500007629395 18.3700008392334 18.1599998474121 18.1399993896484 18.3799991607666 18.3700008392334
-9999 -9999 -9999 6.90000009536743 9.85000038146973 12.8599996566772 13.6199998855591 7.34999990463257 10.3599996566772 7.23999977111816 6.1400006285689 5.30000019073486 6.01999998092651 7.38000011444092 10.8599996566772 11.2600002288818 12.8500003814697 12.3699998855591 12.6099996566772 13.2700004577637 14.2700004577637 14.4799995422363 14.8599996566772 14.9200000762939 15.0100002288818 15.1099996566772 15.8999996185303 15.8900003433228 15.6700000762939 16.3400001525879 16.6399993896484 17.1599998474121 17.3099994659424 17.5200004577637 17.8899993896484 18.1200008392334 18.4799995422363 18.5499992370606 18.7199993133545 18.879999160766 18.7800006866454 18.7000007629394 18.6000003814701 18.4599990844727 18.4200000762939 18.3899993896485 18.3799991607666
-9999 -9999 6.34000015258789 7.57999992370606 3.47000002861023 11.6300001144409 13.7200002670288 11.5200004577637 8.73999977111817 12.6800003051758 6.6399998664856 4.92000036413745 4.38999986648559 6.46000003814697 9.61999988555908 6.92999982833862 11.0100002288818 11.8000001907349 12.3599996566772 12.75 14.5200004577637 14.6899995803833 14.7200002670288 14.8199996948242 15.3500003814697 15.4300003051758 15.789999961853 15.960000038147 15.9200000762939 16.4099998474121 16.5900001525879 16.8400001525879 17.2299995422363 17.4799995422363 17.8899993896484 18.3199996948242 18.7299995422363 18.6399993896484 18.7199993133527 18.7900009155271 18.7399997711181 18.6900005340576 18.7399997711182 18.4599990844727 18.4200000762939 18.3999996185303 18.3899993896484
-9999 -9999 4.23000001907349 3.47000002861023 6.69999980926514 4.88999986648559 9.09000015258789 13.4799995422363 10.1499996185303 7.91000015378615 7 7.57000017166138 5.11999988555908 5.94999980926514 9.44999980926514 8.68000030517578 10.1999998092651 11.2799997329712 11.7700004577637 12.1999998092651 14.5500001907349 14.8599996566772 15.0100002288818 15.1599998474121 15.8199996933679 15.8299999236858 16.0599994659424 16.1800003051758 16.5100002288818 16.5699996948242 16.7900009155273 16.9200000762939 17.3099994659424 17.6000003814697 17.9599990844727 18.3500003814697 18.5799999237061 18.7099990844727 18.7700004577637 18.7600002288818 18.7399997711182 18.8400001525879 18.8099994659424 18.6499996185303 18.5100002288818 18.4500007629395 18.3099994659424
-9999 -9999 6.11999988555908 7.82000017166138 6.67999982833862 5.34000015258789 6.07000055886963 13.1400003433228 13.8699998855591 8.30000019073486 11.3000001907349 9.80000019073486 6.5 6.28000020980835 10.1999998092651 10.1899995803833 10.5100002288818 11.2399997711182 11.6899995803833 12.1300001144409 14.2299995422363 14.9200000762939 15.1899995803833 15.4700002670288 16.0400009155273 15.9700002670288 16.3299999237061 16.3700008392334 16.7399997711182 16.7999992370605 16.7999992370605 16.9899997711182 17.3299999237061 17.7399997711182 18 18.3299999237061 18.5599994659424 18.7800006866455 18.8199996948242 18.7999992370605 18.7800006866455 18.8600006103516 18.8099994659424 18.7099990844727 18.4899997711182 18.3799991607666 18.3400001525879
-9999 -9999 6.90999984741211 8.85999965667725 8.06999969482422 3.78999996185303 6.84999990463257 9.82999992370605 14.7600002288818 8.85000038146973 8.77000045776367 8.13000011444092 9.34000015258789 4.84999991680784 4.80000019073486 10.5500001907349 10.6899995803833 11.2299995422363 11.8699998855591 12.6099996566772 14.1400003433228 14.7399997711182 15.3199996948242 15.6000003814697 15.8400001525879 16.2199993133545 16.6000003814697 16.6800003051758 16.7600002288818 16.8899993896484 16.9200000762939 17.2299995422363 17.3799991607666 17.8899993896484 18.0400009155273 18.2600002288818 18.6499996185303 18.8199996948242 18.8999996185303 18.8899993896484 18.9599990844727 18.8899993896484 18.8400001525879 18.7600002288818 18.6200008392334 18.4400005340576 18.2700004577637
-9999 -9999 12.5500016711731 9.4399995803833 5.13000011444092 7.01999998092651 7.53999996185303 9.05000019073486 14.6300001144409 11.5799999237061 7.92999992092008 12.8000001907349 10.4499998092651 8.11999988555908 7.71999979019165 10.8900003433228 11.1000003814697 11.6599998474121 12.0600004196167 12.7799997329712 13.789999961853 13.8199996948242 14.8100004196167 15.4700002670288 15.8299999237061 16.0699996948242 16.4599990844727 16.7999992370605 16.8099994659424 16.9500007629395 17.0100002288818 17.0699996948242 17.5799999237061 17.9899997711182 18.1399993896484 18.5 18.6399993896484 19.0200004577637 19.2000007629395 19.1399993896484 19.0100002288818 18.9300003051758 18.8400001525879 18.7299995422363 18.6000003814697 18.3700008392334 18.3199996948242
-9999 -9999 15.6300001144409 4.24000206071622 3.27000027467584 4.82000017166138 3.8199999332428 9.5 10.0299997329712 15.2200002670288 7.05000019073486 11.7299995422363 9.0600004196167 7.19999980926514 5.65999984741211 4.59000015258789 8.8100004196167 11.9399995803833 12.5799999237061 12.8800001144409 13.5200004577637 12.9899997711182 15.6599998439756 15.9499998083541 15.7700004577637 16.040000914908 16.0400009200026 16.7600002288818 16.9200000762939 17.0499992370605 17.2299995422363 17.2900009155273 17.4799995422363 18.0100002288818 18.3400001525879 18.4899997711182 18.7800006866455 18.9699993133545 19.3400001525879 19.0900001525879 19.0200004577637 18.9500007629395 18.7099990844727 18.5599994659424 18.3099994659424 18.2600002288818 17.9200000762939
-9999 -9999 15.9399995803833 6.73000001907349 6.11999991200773 5.19999980926514 8.03999996185303 5.07000017166138 7.13000011444092 14.2799997329712 7.59000015258789 8.73999977111816 10.4099998474121 7.48999977111816 7.07000017166138 6.26999998092651 8.60000038146973 8.61999988555908 12.8000001907349 13.9700002670288 14.0500001902437 15.0100002246821 15.4300003051758 15.5699996948242 15.6000003814697 16.4899997711182 16.7600002284439 16.8799991607666 16.9699993133545 17.2800006866455 17.3299999237061 17.3700008392334 17.5 18.0599994659424 18.2999992370606 18.4300003051758 18.7299995422363 18.8500003814697 19.0300006866455 19.0400009155273 18.9099998474121 18.8099994659424 18.6000003814697 18.5300006866455 18.2800006866455 18.0799999237061 17.8799991607666
