SnowAccumulation_R/test/tmax/final_tmax_09_04_2009.asc
NCOLS 97 
NROWS 69 
XLLCORNER 52512.810182332 
YLLCORNER 5316225.2758522 
CELLSIZE 10000 
NODATA_value -9999 
[rows 0 to 20 of 69, columns 47 to 93 of 97]
-9999 -9999 -9999 -9999 -9999 -9999 -9999 -9999 -9999 -9999 -9999 -9999 -9999 -9999 -9999 -9999 -9999 -9999 -9999 -9999 -9999 -9999 -9999 -9999 -9999 -9999 -9999 -9999 -9999 -9999 -9999 -9999 -9999 -9999 -9999 -9999 -9999 -9999 5.01999998092651 4.92999982833862 4.86000013351441 4.86000013351441 4.84000015258789 4.78000020980835 -9999 -9999 -9999
-9999 -9999 -9999 -9999 -9999 -9999 -9999 -9999 -9999 -9999 -9999 -9999 -9999 -9999 -9999 -9999 -9999 -9999 -9999 -9999 -9999 -9999 -9999 -9999 8.09000015258789 7.67000007629395 7.11999988555908 6.82999992370605 7.01000022888183 7.09999990463257 7 6.71999979019165 6.55000019073486 6.26000022888184 5.94999980926514 5.44999993534255 5.23999977111816 5.18999994479233 5.1100001335144 4.98999977111816 4.96000003814697 4.90000009536743 4.92999982833862 4.88000011444092 -9999 -9999 -9999
9.88000011444092 10.0500001907349 10.3199996948242 10.3100004196167 10.3800001144409 10.4799995422363 10.460000038147 10.3699998855591 10.4499998092651 10.3500003814697 10.2700004577637 10.1000003814697 9.94999980916211 9.5600004196167 9.42000007629395 9.39000034332275 9.23999977111816 9.06999969482422 8.96000003793752 8.6899995803833 8.59000015258789 8.48999977111816 8.40999984053747 8.26000022895713 8.15999984741211 7.82000017166138 7.17999982833862 6.6100001335144 6.65000009536743 6.94000005722046 6.90000009536743 6.69000005722046 6.53999996185303 6.26000022888184 6.03000023995119 5.8899998664856 5.4400002175331 5.3600001335144 5.23999977111816 5.01000022888184 5 4.96999979019165 4.90000009536743 4.8899998664856 -9999 -9999 -9999
10.3599996566772 10.4300003051758 10.6800003051758 10.6199998855591 10.6700000762939 10.710000038147 10.6999998092655 10.6099996566772 10.3400001525879 10.3999996185303 10.2600002288818 10.0100002288818 9.77000045776367 9.27000045776367 8.90999984741211 9.23999977111816 9.21000003814697 9.0600004196167 8.92000007629394 8.68000030517578 8.44999980926514 8.47000025878258 8.23999977111816 8.23999977111816 8.11999988555908 7.94000005722046 7.34000015258789 6.67999982833862 6.73000001044731 6.94000005722046 7 6.65999984741211 6.48000001907349 6.21000003814697 6.11999988555908 5.88999978935763 5.55999994277954 5.3899998664856 5.23000001907349 5.17000007629395 5.03000020980835 5.01000022888184 4.84000015258789 4.82000017166138 -9999 -9999 -9999
10.7799997329712 10.8900003433228 10.9200000762939 11.039999961853 10.9300003051758 10.8900003433228 10.9099998474129 10.8999996185303 10.5299997329712 10.289999961853 10.1099996566772 9.92000007629395 9.69999980926514 9.39999961853027 9.19999980926514 9.19999980926514 9.14999961853027 9.10999965655054 8.97999954223633 8.71000003814697 8.4399995803833 8.23999977111816 8.34000015255751 8.23999977111817 8.10000038146973 7.92000007629395 7.55999994277954 6.92000007629395 6.69999980926514 6.86999988555908 6.88000011444092 6.63000011444092 6.48000001907349 6.28999996185303 5.86999989364503 5.63999986648559 5.51000022888184 5.34999990463257 5.19000012811406 5.17999982833862 5.05999994277954 4.92999982833862 4.98000001907349 4.94999975526328 -9999 -9999 -9999
11.0500001907349 11.2700004577637 11.4899997711182 11.5900001525879 11.5 11.3500003814697 11.1499996185303 11.0600004196167 10.7700004577637 10.5 10.3199996948242 10.1499996184928 9.88000011444091 9.60999965667725 9.40999984741211 8.94999980926514 8.97000026702881 9.0600004196167 9.02999973450509 8.78999996185303 8.48999977111816 8.19999980926513 8.21000003814697 8.26000022888184 8.03999996185303 7.80999994277954 7.67000007629394 7.48999977111816 7.03999996185303 6.88000011444092 6.84999990463257 6.63999986648559 6.42999983352801 6.32999992370605 6.03000020980835 5.71000003814697 5.48000001907349 5.32000019874449 5.25 5.21000003814697 5.05999994277954 4.94000005722046 4.97999984817647 5.05000019073486 -9999 -9999 -9999
11.2200002670289 11.6199998855591 11.75 11.960000038147 12.039999961853 11.960000038147 11.8400001525879 11.3699998855591 11.1599998474121 10.7600002288818 10.4099998474121 10.2899999618417 9.97000026702881 9.80000019073486 9.34000015258789 8.92000007629395 8.92000007827273 8.68000030517578 8.9399995803833 8.81999969482422 8.60999965667724 8.17000007629395 7.96000003814697 8.21000003814697 8.02000045776367 7.78000020980835 7.57000017166138 7.51000022888184 7.26000022888184 7.01999998092651 6.82999992370606 6.57000017166138 6.46999979019165 6.36000013351441 6.07000017166138 5.82999992370605 5.53999996185303 5.48999977111816 5.30999994277954 5.21000003814697 5.09000015258789 4.96000003814697 4.90999984741211 5.01000022888184 -9999 -9999 -9999
11.6800003051758 11.8699998855591 11.8800001144409 12.1499996185303 12.2299995422363 12.2200002670288 12.1199998855591 11.8500003814697 11.4799995422363 11.0600004196167 10.6499996185303 10.5100002288818 10.0500001907349 9.85000038146973 9.42000007753824 9.30000019073486 9.14000034332275 8.80000019073486 8.64999961853027 8.82999992370606 8.63000011444092 8.40999984718279 7.90000009536743 8.14000034332275 8.02000045776367 7.73000001907349 7.59999990463257 7.36999988555908 7.28999996185303 6.96000003814697 6.86000013351441 6.78000020980835 6.57999992370605 6.34000015258789 6.07000017166138 5.8600001335144 5.73000001907349 5.55999994277954 5.34999990463257 5.15999984741211 5.07999992370606 5.01000022888184 4.96999979019165 4.96999979019165 -9999 -9999 -9999
12.1300001144409 12.1000003814697 12.2200002670288 12.3100004196167 12.5100002288818 12.4399995803833 12.3100004196167 12.1199998855591 11.5500001907349 11.2799997329712 10.8699998855591 10.75 10.3599996570284 10.210000038147 9.73999977111816 9.32999992370606 9.17000007629395 8.82999992370605 8.69999980926514 8.67000007629395 8.61999988555908 8.4399995803833 7.98000001907349 7.98000001907349 7.92000007629395 7.73000002031251 7.57000017166138 7.30000019073486 7.1399998664856 7 6.94999981092099 6.8600001335144 6.57999992370605 6.38000011444092 6.15000009536743 5.90999988850138 5.78999996185303 5.57999992370605 5.30999994277954 5.19999980926514 5.17000007629395 5.15999984741211 5.05999973755815 5.03000020980835 -9999 -9999 -9999
12.4300003051758 12.3900003433228 12.3199996948242 12.5 12.6199998855591 12.6199998855578 12.4799995422363 12.1999998092651 11.9099998474121 11.5200004577637 11.2399997716193 11.2399997711182 10.8800001144409 10.4899997711182 9.84000015258789 9.56000041940081 9.22000026702881 9.02999973297119 8.60000038146973 8.27000045776367 8.34000015262544 8.35999965667725 7.96000003814697 7.88000011444092 7.71000003814697 7.71999979019165 7.61000013351441 7.38000011444092 7.17000007629395 6.98999977111816 6.92999982833862 6.80999994277954 6.63000011444092 6.46000003814697 6.19000005722046 6.03000020980835 5.73999977111816 5.65000009536743 5.3600001335144 5.2700000701543 5.19999980926514 5.03999976360255 4.96999979019165 5.13000011444092 5.15000009536743 -9999 -9999
12.6899995803833 12.6999998092651 12.6099996566772 12.6700000762939 12.75 12.7600002288806 12.5100002289196 12.210000038168 12 11.9399995803833 11.8199996948163 11.5299997329712 11.1499996185303 10.75 10.4300003051758 9.9399995803833 9.35000038146973 9.10000038146973 8.52999973297119 8.09000015258789 8.02000045776367 7.78000020980835 7.80999994277954 7.82999992370605 7.63000011460064 7.59000015258789 7.51000022888184 7.34999990463257 7.1399998664856 6.88999987134375 6.82000017166138 6.75 6.55999994277954 6.44999980926514 6.32999992370606 5.94999980926514 5.82000017166138 5.55999994277954 5.42999982833862 5.30000019073486 5.09999990463257 4.94000005722046 4.94000005722046 5.01000022888184 5.15999984741211 -9999 -9999
13.1099996566785 12.9300003051778 12.829999923708 12.9200000762979 13.0200004577637 12.8800001144409 12.8000001907349 12.3800001144409 12.1400003433228 12.0600004196167 11.9399995803833 11.7799997329712 11.3100004196167 10.9399995803833 10.6599998474121 10.4200000762939 9.61999988555908 9.25 8.65999984741211 8.14999961853027 7.92999982833862 7.5 7.5 7.51999998092651 7.65999984741211 7.55999994277954 7.3600001335144 7.28000020980835 7.03000020980835 6.92000007629395 6.71000003814697 6.63000011444092 6.51000022888184 6.34999993590919 6.30999994277954 5.90000009536743 5.71999979019165 5.48000001907349 5.3600001335144 5.23999977111816 4.96999979019165 4.82000017166138 4.82000015314185 4.8899998664856 5.05999994277954 -9999 -9999
14.0600004196166 13.7799997329712 13.5900001525879 13.2399997711182 13.2299995422363 13.0600004196167 13.0600004196167 12.8100004196167 12.3900003433228 12.1999998092651 12.0600004196167 11.7399997711182 11.5 11.1300001144409 10.9899997708875 10.5799999237061 9.97999954223633 9.47999954223633 8.98999977111816 8.74999999923032 8.13000011444092 7.65999984741211 7.32000017166138 7.19999980926514 7.51999998092651 7.51999998092651 7.26000022722018 7.1100001335144 7.07999992370605 6.84999990463257 6.67999982833862 6.55000019073486 6.57000017166138 6.36999988555908 6.07000017166138 5.76000022888184 5.55000019073486 5.38000027134009 5.28999996185303 5.15999970428283 4.82000017166138 4.65999984741211 4.67999982833862 4.78999996185303 4.94999980926514 -9999 -9999
14.0900001525879 14.1099996566772 13.8599996566772 13.5900001525879 13.4899997711182 13.4700002670288 12.9300003051758 12.6300001144409 12.75 12.3699998855591 12.2200002670288 11.8999996185303 11.6099996566772 11.3299999237061 11.1700000760423 10.6999998092651 10.25 9.8100004196167 9.30000019073487 9.03999996185303 8.39000034332275 7.86999988555908 7.51000022888184 7.48999977111816 7.61000013351441 7.5799999316655 7.30000019073486 7.11999988555908 6.92999982833862 6.80999994277954 6.71000003814697 6.61999988555908 6.55000019073486 6.21000003814697 5.84000015258789 5.48000001907349 5.53000020980835 5.5 5.2299999107632 5 4.67999982833862 4.6100001335144 4.57000017166138 4.71999979019165 4.84000015258789 -9999 -9999
14.4899997711182 14.0799999237061 14.1899995803833 14.1000003814697 13.8900003433228 13.6300001144409 13.1499996185303 12.710000038147 12.6700000762939 12.3500003814415 12.1599998474121 12.1300001144409 11.8199996948242 11.4099998474121 11.1300001144409 10.8599996566772 10.2799997329712 9.78999996185303 9.6300001140153 9.10000038146973 8.48999977111816 8.02000045776367 7.75 7.75 7.86999990973315 7.73999977111816 7.48999977111816 7.26000022888184 6.8899998664856 6.88000011444092 6.84999990463257 6.51000022888184 6.34999990463257 6.19999980926514 5.80000019073486 5.59999990463257 5.44000005722046 5.44000005722046 4.8899998664856 4.84999990463257 4.65000019473543 4.59000015258789 4.51999998092651 4.65999984741211 4.74999999999975 -9999 -9999
14.7399997711182 14.4899997711182 14.3800001144409 14.2399997711182 14.0200004577637 13.8400001525879 13.5799999237061 13.0100002288818 12.6099996566772 12.5200004577637 12.3400001525879 12.0900001525879 11.6499996185303 11.25 11.25 11.0600004196167 10.3400001525879 9.90999984741211 9.68000030517578 9.25 8.81999969482422 8.35000038146973 8.09000015258789 8.48999977111816 7.90999984741211 7.96999979019165 7.55999994277954 7.30000019073486 7.1100001335144 7.05999994277954 6.92999982833862 6.80000019073486 6.5 6.11999988555908 5.8600001335144 5.40000017236889 5.3899998664856 5.19000005722046 4.92999982833862 4.78000020980835 4.69999980926514 4.61999988555908 4.53000020980835 4.65999984741211 4.67999982833862 -9999 -9999
14.8999996185303 14.8900003433228 14.75 14.5 14.4300003051745 14.1499996185303 13.9099998474121 13.3299999237061 12.789999961853 12.6000003814697 12.3100004196167 12.039999961853 11.6700000762939 11.43999958019 11.1300001144409 11.0100002288818 10.7200002670288 9.97999954223633 9.77000045776368 9.47999954223633 9.07999992370605 8.68000031572084 8.76000022888183 8.60999965667725 8.3100004196167 8.26000022888183 7.71999979212678 7.55999994277954 7.32999992370605 7.25 7.1100001335144 6.94999980926514 6.6100001335144 6.21999979019165 5.88000011444092 5.65000009536743 5.46999979019165 5.28000020980835 5.07000017166138 4.94999980926514 4.71999979019165 4.65999984741211 4.59000015258789 4.57000017166138 4.69999980926514 -9999 -9999
15.1300001144409 15.1300001144409 15.0299997329712 14.8000001907349 14.710000038146 14.289999961853 14.039999961853 13.6999998092651 13.2399997711182 12.8900003433228 12.3699998855591 12.0299997329712 11.6800003051758 11.4499998092651 10.9700002670288 10.6999998092651 10.3500003814697 10.4499998091114 10.0500001907349 9.44999980926514 9.27000045776367 9.17000007629395 9.05000019073486 8.73999977111816 8.5 8.39999961853027 8.15999984741211 7.84000015258789 7.6100001335144 7.51999998092651 7.40999984741211 7.07999992370605 6.61999988555908 6.21999979019165 5.9600001650098 5.79000000226257 5.44999980926514 5.36999988555908 5.1500001653536 5.01999998092651 4.76000022888184 4.71999979019165 4.67000014042236 4.65000009536743 4.75 -9999 -9999
15.4399995803833 15.2700004577637 15.1700000762939 14.8299999237061 14.7499999999992 14.539999961853 14.1499996185303 13.7600002288818 13.6000003814697 13.2299995422363 12.5799999237061 12.0100002288818 11.6999998092651 11.460000038147 10.9099998474121 10.4200000762939 9.89999961853028 9.76000022888184 10.1800002866399 9.69999980926514 9.64999961853027 9.49999999959003 9.31999969482422 9.14999961853028 8.84000015258789 8.57999992479895 8.43000030517578 8.14999961853027 7.92000007629395 7.76999998092651 7.59999990463257 7.05999994277954 6.71000003814697 6.3600001335144 6.19999984317693 5.90000009536743 5.63000011444092 5.46999979019165 5.28999996185303 4.98999977111816 4.80999994277954 4.76999998092651 4.73000001907349 4.73999977111816 4.84000015258789 -9999 -9999
15.6099996566772 15.5299997329712 15.2700004577637 15.1400003433228 14.9899997711182 14.8400001525879 14.2399997711182 13.9200000762939 13.8000001907212 13.3400001525879 12.8699998855591 12.3199996948242 11.8400001525879 11.5799999237061 10.8900003433228 10.4899997711182 9.85000038487481 9.89000034332275 9.28999996185303 9.02000045776367 9.51000022888184 9.69999980926513 9.65999984741211 9.55000019073486 9.30000019073486 9.07999992370605 8.73999977111816 8.51000022888184 8.31999969482422 8.21000003814697 7.71999979019165 7.23999977111816 6.94999980926514 6.67000008762976 6.38000011444092 6.05999994277954 5.78000020980835 5.69999980926514 5.32000017166138 5.03000020980835 4.84999990463257 4.82000017166138 4.80000019073486 4.8600001335144 4.95000021724782 5.13999986648559 -9999
15.8299999237061 15.7299995422363 15.5 15.3699998855591 15.289999961853 15.0500001907349 14.4700002670288 14.1099996566772 13.8699998855275 13.3999996185303 13.1199998855591 12.5500001907349 12.2700004576536 11.8299999237061 11.2700004590617 10.9300003051758 10.5 10.1899995803833 9.55000019073486 9.0600004196167 9.71000003814697 9.77999973297119 9.8100004196167 9.75 9.57999992370605 9.38000011444092 9.10000038146972 8.92000007629395 8.65999984741211 8.31999969482422 7.8899998664856 7.30999994277954 6.92000016588928 6.76999998092651 6.51000022888184 6.26999998092651 5.8899998664856 5.78999996185303 5.40999984741211 5.09000015258789 4.92000007629395 4.90999984741211 4.92999982833862 4.98999977111816 5.26000009210151 5.30000019073486 -9999
