SnowAccumulation_R/test/tmax/final_tmax_18_04_2009.asc
NCOLS 97 
NROWS 69 
XLLCORNER 52512.810182332 
YLLCORNER 5316225.2758522 
CELLSIZE 10000 
NODATA_value -9999 
[rows 21 to 41 of 69, columns 47 to 93 of 97]
11.3800001144409 10.9200000762939 10.1599998474121 9.3100004196167 8.97999954223633 8.88000011444092 9.03999996185303 9.64000034332275 10.0100002288818 10.8299999237061 12.1099996566772 12.6499996185303 13.029999732766 13.1700000762939 13.289999961853 13.25 13.2799997329876 13.1999998092651 13.0699996948242 13.1000003814697 13.3299999242566 13.5299997329712 13.6099996566772 13.5600004196167 13.4999999999952 13.289999961853 12.8400001525879 13.1899995803833 13.2700004577637 12.4899997711182 11.9099998474121 11.180000426218 11.0500001907349 10.4200000762939 9.64999961853027 8.97000026702881 8.63000011444092 7.98000001907349 7.30000019073486 6.73999977111816 6.55000019073486 6.26000022888184 6.1399998664856 6.44000005722046 6.42999982833862 6.3600001335144 -9999
11.4799995422363 11.0900001525879 10.2799997329712 9.72000026702881 9.60999965667725 9.18000030517578 9.40999984741211 9.89000034332275 10.2799997329712 11.0299997328882 11.8999996183391 12.3400001525879 12.6800003051758 13.0299997329712 13.2399997711182 13.4499998092651 13.5 13.5 13.289999961853 13.4399995803833 13.6999998092651 13.8599996566772 13.9300003051758 13.8599996566772 13.8999996185303 13.8900003433228 14.1800003051758 14.8199996948242 14.1700000762939 13.1599998474121 12.3300000684604 11.8699998855591 11.460000038147 10.7299995422363 9.97999954223633 9.23999977111816 8.89000034332275 8.22999954223633 7.55000019073486 7.02000014487132 6.78999996185303 6.42999982833862 6.42000097567497 6.91999994983626 6.92000007629395 6.82999992370605 -9999
11.4300003051758 11.3199996948242 10.7399997711182 10.1499996185303 9.89000034332275 9.85999965667785 9.89000034334769 10.3500003814697 10.5600004196167 11.0299997329712 11.6700000762939 12.1199998855591 12.4799995422363 12.8100004196167 13.0799999237061 13.289999961853 13.3900003433228 13.6199998855591 13.6700000762939 13.8299999237061 13.9499998092651 14.1400003433228 14.1400003433228 14.1499996185303 14.2700004577637 14.3800001144409 15.0299997329712 15.0399999648168 14.6000003814697 13.6499996396167 12.9799995422363 12.1800004941105 11.7799997329712 10.960000038147 10.1700000762939 9.77999973297119 9.13000011444092 8.51000022888184 7.86999988555908 7.59999990463257 7.13000011444092 6.79000088208239 7.30999994277954 7.34999990463257 7.40000009536743 7.25 -9999
11.4600000381482 11.2799997329723 11.039999961853 10.7399997711182 10.5600004196167 10.1400003433228 10.2399997711182 10.3400001525879 10.5600004196167 11.0299997329712 11.4799995422363 11.9799995422363 12.1599998474121 12.710000038147 12.9099998474121 13.1599998474121 13.3199996948242 13.5299997329712 13.8599996566772 13.9399995808929 14.2799997329712 14.3599996566772 14.3299999237061 14.3299999238722 14.4899997711182 14.6000003814697 15.0500001907349 15.039999961853 14.5399999232011 13.6700000762939 13 12.6599998474121 11.9499998092651 11.210000038147 10.3800001144409 10 9.38000011444092 8.80000019073486 8.22000042035403 7.96999979019165 7.55000019073486 7.75 7.73000001907349 7.80000019073486 7.86999988555908 7.59000015258789 -9999
11.9499998092651 12.0600004196167 11.5200004577637 11.1099996566772 10.9399995803833 10.5500001907349 10.4399995803833 10.4300003051758 10.5299997329712 10.8000001907349 11.1899995803833 11.5500001908335 12.0500001907349 12.6700000762939 12.9899997711182 13.1000003814564 13.1999998092651 13.5900001525879 13.8699998855591 14.2399997711182 14.3199996948242 14.5200004577637 14.4899997711182 14.4700002670288 14.5600004196167 14.6800003051758 14.8800001144409 14.5900001525879 14.1499996185303 13.3500003814697 12.7600002419452 12.4799995422363 12.0100002288818 11.3900003433228 11.0299997329712 10.25 9.65999984741211 9.09000015258789 8.8100004196167 8.28999996185303 8.27999973297119 8.1199998855592 8.07999992370605 7.96000003814697 7.80999994277954 7.76999998092651 -9999
11.8199996948242 12.039999961853 12.0299997329712 11.460000038147 11.3299999237061 10.9300003051758 10.5900001525879 10.5600004196153 10.5200004577637 10.6300001144409 10.9799995422363 11.2799997330701 11.8900003433228 12.6899995803833 13.3500003814697 13.5 13.5699996948242 13.789999961853 14.3199996948242 14.5100002288818 14.6800003051758 14.6599998474121 14.6199998855591 14.6000003814697 14.5100002288818 14.5799999044878 14.3800001144409 14.210000038147 13.9499998092651 12.8199996948242 12.5500001907349 12.0900001525879 11.8100004196167 11.4399995803833 11.1599998474121 10.4700002670288 9.96000003814697 9.35999976893982 9.07999992370605 8.8799999282856 8.5600004196167 8.47000026702881 8.27999973297119 7.94999980926514 7.80999994277954 7.78000020980835 -9999
12.1400003433228 12.2700004577637 12.3100004196167 12.1700000762925 11.6599998474121 11.2700004577637 10.8299999237061 10.6099996566656 10.5100002288818 10.4099998474121 10.6999998092651 10.9899997711182 11.6300001144409 12.460000038147 13.0500001907349 13.5200004577637 13.8599996566772 14.210000038147 14.6999998092651 14.8100004196167 14.8699998855591 14.7700004577637 14.7700004575559 14.6199998855591 14.4300002962174 14.210000038147 14.1700000762939 13.9700002670288 13.7299995422363 12.9799995422363 12.6700000762939 12.1199998855591 11.6999998092651 11.539999961853 11.1599998474121 10.6499996185303 10.1300001144409 9.89999961853027 9.35000064226977 9.07999992370605 8.80000028610553 8.68000030517578 8.38000011444092 8.10999965667725 8.06999969482422 8 -9999
12.5799999237061 12.5900001525879 12.289999961853 12.0799999237059 12.1099996566772 11.3699998855591 10.9399995803833 10.7399997711182 10.5 10.1899995803833 10.3699998855591 10.7200002670288 11.5900001525879 12.2200002670288 12.7799997329712 13.25 14.3100004196167 14.6599998474121 14.829999924144 15.0500001907349 15 14.8699998855591 14.7799997329712 14.5500001907349 14.210000038147 13.960000038147 13.9300003051758 13.75 13.5600004196167 13.4499998092651 12.8299999237061 12.210000038147 11.8199996948242 11.6199998855591 11.1099996566772 10.8599996566772 10.369999946967 10.1099998781209 9.78999996185303 9.30000019073487 9.10999965667725 8.77999973297119 8.52000045776367 8.36999999219127 8.35000038146973 8.28999996185303 -9999
12.7799997329712 12.7700004577637 12.5299997329712 12.1800003051753 12.4499998092651 11.6800003051758 11.1000003814697 10.7799997329712 10.4099998474121 10.0699996948242 10.0799999237061 10.5100002288818 11.5500001907349 12.2299995422363 12.5100002291937 13.3299999237061 14.3199996948242 14.8500003814697 15.0500001907349 15.1800003051758 15.1700000762939 15.0500002018686 15.1400003433228 14.6199998855591 14.210000038147 14.0799999235855 13.8100004196167 13.5500001907349 13.4300003051758 13.3900003433228 12.9099998474121 12.4099998474121 12.0000000148826 11.8299999237061 11.1899995803833 11.039999961853 10.8800003995578 10.6199998855591 9.98999977111816 9.43000046519194 9.22999954223633 8.89000034332275 8.69999980926514 8.67000007629395 8.63000011444092 8.52999973297119 8.40999984741211
12.75 12.6099996566772 12.5699996948242 12.539999961853 12.4899997711182 11.9300003051758 11.2200002670288 10.8400001525879 10.5900001525879 10.4099998474121 10.3999996185303 10.6499996185303 11.4799995422363 12.4200000762939 12.7200002670288 13.6300001144409 14.1800003051758 14.8100004196167 15.1199998855591 15.3400001525879 15.6499996185303 15.6199998851039 15.3699998855591 14.9200000762939 14.4899997711182 14.4200000762939 13.9700002670288 13.5699996948242 13.3800001151909 13.3500003814697 13.0200004577637 12.6199998855591 12.4399995803833 12.1499996185303 11.4399995803833 11.3000004654012 11.6499996185303 11.0100002288818 10.210000038147 9.84000015258789 9.28999996185303 9.0600004196167 8.93999966190326 8.94999980926514 8.78999996185303 8.81999969482422 8.85000247624466
12.75 12.7200002670288 12.5900001525879 12.5699996948242 12.5299997329712 12.1499996185303 11.4200000762939 11.2200002670288 10.710000038147 10.8400001525879 10.9300003051839 11.0200004577637 11.8000001907349 12.6400003433228 13.0500001907349 14.1999998092651 14.5 15.1599998474121 15.3800001168593 15.6999998092651 15.8699998855591 15.8599996566772 15.5900001525879 15.2600002288818 14.789999961853 14.6199998855591 14.3199996948242 13.6899995803833 13.5100002288818 13.3599996566772 13.1599998474121 12.8400001525879 12.6999998092651 12.4799995422363 11.960000038147 12.2200002670288 12.1000003814697 11.4099998474121 10.479999751714 10.1099996566772 9.35999965667725 9.26000022888184 9.27000045776367 9.25 9.21000003814697 9.41999975289335 10.1800003051758
12.8599996566772 12.8699998855591 12.7700004577637 12.7200002670288 12.7200002670288 12.3299999237061 11.8000001907349 11.5100002288818 10.9799995422363 11.1999998092651 11.4099998474501 11.6400003433228 12.2299995422363 12.9099998474121 13.3500003814697 14.3000001907349 14.8000001918364 15.1599998478745 15.5500001907349 15.8999996185303 16.0100002288818 15.9899997711182 15.7399997711182 15.5699996948242 15.2799997320264 14.75 14.4200000762939 13.8599996566772 13.6199998855591 13.460000038147 13.3599996566772 13.2299995422363 12.9700002670288 12.8000001907349 12.9300003051758 12.8000001907349 12.5900001525879 11.8500003814697 11.3599996566772 10.4399995803833 9.35999965667725 9.53999987364602 9.52999973297119 9.60000038146973 9.71000003814697 10.0999997710074 10.4899997711182
12.8999996185303 12.8999996185303 12.8599996566772 12.8100004196167 12.789999961853 12.1400003433228 12.0900001525879 11.8900003433228 11.539999961853 11.6800003051758 11.9200000762939 12.039999961853 12.6300001144409 13.2200002670288 13.6099996578345 14.6000003814697 14.6499996185303 14.9700002670288 15.5600004196167 15.8900003433228 15.9200000762939 15.8999996185303 15.8900003433228 15.9200000762939 15.6400003433228 14.9799995422363 14.5799999237061 14.1400003442428 13.8900003433228 13.6499996185303 13.5699996948242 13.4099998474121 13.1300001144409 13.3000001907349 13.4200000762939 13.3199996948242 13.0799999237061 12.2600002288818 11.8000001907349 10.8299999237061 10.0200004577637 9.84000015258789 9.84000015258789 9.88000011444092 9.93000064564385 10.1700000762939 10.3599996566772
12.9499998092651 12.960000038147 12.9600000381477 13.0200004577631 12.8500003814697 12.3999996185303 12.6300001144405 12.2200002670288 12.0299997329712 12.1300001144409 12.3500003814697 12.2700004586495 12.9200000770143 13.5000000002197 14.0900001525879 14.7700004577637 15.0500001907349 15.0299997329712 15.7399997711182 15.7200002670288 15.500000000559 15.8000001907349 15.9099998474121 15.8400001525879 15.6000003814697 15.1000003814697 14.7799997329712 14.5799999237061 14.1800003051758 14 13.8699998866805 13.7399998807712 13.8000001907349 13.5100002288818 13.4700002670288 13.5500001907349 13.289999961853 12.8999996185303 12.1000003814697 11.2200002670288 10.5100004470307 10.2299995422363 10.0500001907349 10.0600004196167 10.0699996948242 10.0900001525879 10.1499996185303
12.9799995422363 13.0500001907349 13.1099996566772 13.0200004577644 12.9600000381505 12.6700000762939 12.6700000763028 12.6199998855591 12.4700002672161 12.6000003815939 12.7399997711182 12.8199996948242 13.6999998092651 13.9899997712677 14.4200000762939 14.9099998474121 15.1999998092651 15.3199996948242 15.7799997329712 15.5100002288818 15.3800001144409 15.7799997329712 15.9399995803833 15.6099996689519 15.2700004577637 15 14.9200000762939 14.6599998474121 14.3400001525879 14.1999998092651 14.1800003325586 14.0699996948242 14.0799999237061 13.8199997124628 13.6599998474121 13.5900001525879 13.2399997711182 12.8900003433228 12.2399997711182 11.5200004577637 11.1199998855591 10.5299997329712 10.2299995422363 10.289999961853 10.1300001144409 10.0600004196167 10.0299997329714
13.2200002670288 13.1800003051758 13.1599998474121 13.1499996185303 13.1499996185303 13.3900003433156 13.1400003433208 13.0699996948242 13 13.039999961853 13.1000003814697 13.289999961853 13.6300001144409 14.0600004196167 14.3699998855591 15.0100002288818 15.1400003429085 15.1899995803833 15.6099996566772 15.4200000762939 15.1899995803833 15.9200000762939 16.3099994659424 16.2099990844727 15.6499996185303 15.1999998092651 15.0500001907349 14.7299995422363 14.4700002670288 14.3800001436181 14.4700002670288 14.1899995803833 14.0600004196167 14.0500001907349 13.9300003051758 13.6000003814697 13.3999996185303 12.9300003051758 12.2600002288818 11.7200002670288 11.3999996185303 10.7600002288818 10.2600003788938 10.1000003814697 9.98999977111816 10 9.96000003814697
13.2600002288818 13.2200002670288 13.1899995803833 13.1800003051758 13.1800003051758 13.2399997711182 13.1899995803833 13.1599998474121 13.1599998474121 13.1000003814697 13.1700000762939 13.3100004196167 13.6499996185303 13.9099998474121 14.6700000762939 14.9799995422363 15.0200004575646 15.0299997329712 15.3299999237061 15.5500001907349 15.3800001144409 15.9799995422363 16.0799999237061 16.5 16.3999996185303 15.7600002288818 15.539999961853 14.8900003433228 14.6000004089033 14.6199998866319 14.5900001525879 14.4099998474121 14.1400003433228 14.0299997329712 13.9300003051758 13.7200002670288 13.4300003051758 12.9099998474121 12.3599996566772 12.039999961853 11.4099998474121 10.9200000762939 10.3400004157459 10.1400003433228 9.9399995803833 9.94999980926514 9.96000003814697
13.8100004196167 13.5500001907349 13.5299997329712 13.4399995803833 13.2200002670288 13.3500003814697 13.2299995422363 13.1400003433228 13.289999961853 13.3100004196185 13.2799997329712 13.3800001144409 13.6899995803833 13.8999996185303 14.2200002670288 14.7600002288818 15 15.0600004196167 15.2600002288818 15.5200004587421 15.8299999237061 15.9799995422363 16.6000003814697 16.7600002288818 16.3999996185303 15.5799999237061 15.0500001907349 14.9499997900107 14.8999996185303 14.8000001907349 14.710000038147 14.5299997329712 14.5 14.1499996185303 13.9799995422363 13.800000210476 13.5799999237061 12.960000038147 12.4700002670288 12.1400003433228 11.5200005237915 10.8500003814697 10.5699996948242 10.1999998092651 10.0100002288818 9.94999980926514 9.86999988555908
14.3000001907349 14.1400003433228 14.1199998855591 14.0900001525879 14.0600004196167 13.4499998092651 13.4300003051758 13.289999961853 13.3400001525879 13.5000000000036 13.5 13.5200004577637 13.7700004577637 13.8800001144409 14.1000003814697 14.6199998855591 14.7700004577637 14.8100004196167 14.9799995422363 15.1800003051758 15.3900003433228 15.7700004577637 16.1299991608651 15.789999961853 15.4099998474121 15.1800003013222 15.0900001525879 14.7200002670288 14.710000038147 14.6300001144409 14.5100002288818 14.6400003433228 14.6099996566772 14.4099998474121 14.0699996948242 13.9700002670288 13.6099996566772 13.0699996948242 12.8299999237061 12.1499996185303 11.6300001144409 10.9200003478282 10.5500001907349 10.25 10.0900001525879 10 9.78999996185303
14.4200000762939 14.3900003433228 14.210000038147 14.1599998474121 14.1300001144409 13.5100002288818 13.539999961853 13.5500001907349 13.6300001144409 13.6899995803833 13.6599998474121 13.6300001144409 13.6800003052217 13.8599996566772 14.0600004196167 14.3699998855591 14.3599996566772 14.3800001144409 14.3800001144409 14.4399995803833 14.7200002670288 14.9799995422363 15.0699996948242 15.210000038147 15.1199998855591 15.0399999608789 14.8800001144409 14.960000038147 14.8500003817051 14.710000038147 14.5900001525879 14.6099996566772 14.6300001144409 14.4700002670288 14.2700004577637 14.1000003814697 13.6899995803833 13.1700000762939 12.9200000762939 12.4200000762939 11.7600002288818 11.4200000762939 10.7399997711182 10.4399995803833 10.3400001525879 10.1099996566772 9.77999973297119
14.8100004196167 14.4899997711182 14.4399995803833 14.3500003814697 14.2700004577637 13.6099996566772 13.6599998474121 13.6499996185303 13.8199996948242 13.8500003814697 13.7600002288818 13.6999998092651 13.7299995422478 13.8100004196167 14.0299997329712 14.1499996185303 14.0699996948242 14.0799999237061 14.1400003433228 14.1899995803833 14.1899995803833 14.3800001144409 14.3000001907349 14.3999996185303 14.7200002670288 14.8599996566772 14.7600002288818 14.9099998474121 14.9099998474121 14.7799997329712 14.4200000762939 14.2799997329712 14.5699996948242 14.1300001144409 14.2799997201718 14.25 13.960000038147 13.449999873752 13.3400001525879 12.6999998092651 12.0100002288818 11.6800003051758 11.0900001525879 10.6999998092651 10.5600004196167 10.2700004577637 9.88000011444092
