SnowAccumulation_R/test/tmax/final_tmax_01_04_2009.asc
NCOLS 97 
NROWS 69 
XLLCORNER 52512.810182332 
YLLCORNER 5316225.2758522 
CELLSIZE 10000 
NODATA_value -9999 
[rows 42 to 62 of 69, columns 0 to 46 of 97]
-9999 -9999 5.25 -3.0699999332428 -5.67999982833862 -5.37000085746721 -6.40000009536743 -4.65000009536743 -3.84999970466436 0.769999980926514 -2.95000004768372 1.26999991323502 -0.119999997317791 -3.55999994277954 -3.5 -5.94000005722046 -2.55999994277954 -5.8899998529508 1.59000000850128 2.33999991010371 2.55999994277954 2.59999990463257 3.32999992370605 3.359999895032 3.46000003788614 3.8199999332428 4.05000019073486 4.1399998664856 4.17000007629395 4.53000020980835 4.65999984741211 4.71000003814697 4.92999982833862 5.15000009536743 5.3899998664856 5.51000022888184 6.01000022888184 6.11999988555908 6.3600001335144 6.48999977111816 6.42000007629394 6.78999996185303 7 7.07000017166138 7.13000011444092 7.34000015258789 7.38000011444092
-9999 -9999 0.759999990463257 -3.99000000953674 -3.75 -5.98999977111816 -4.45000004929875 -5.05999994277954 -0.0599999986588955 -2.72000002861023 0.720000028610229 -2.4300000667572 -4.57999992370605 -5.3899998664856 -3.11999988555908 -4.6399998664856 -2.49000000953674 -4.15000009536743 1.44000005722046 2.42000007629395 3.30999994277954 2.77999997138977 3.1800000667572 3.22000002861023 3.36999988555908 3.88000011444092 4.07999992370606 4.32000017166138 4.36999988555908 4.55000019073486 4.71000003814697 4.88000011444092 4.98000001907349 5.21999979019165 5.59999990463257 5.76000022888184 6.11999988555908 6.36999988555908 6.53000020980835 6.86000013351441 6.65999984741211 7.09000015258789 7.19000005722046 7.15999984741211 7.3899998664856 7.46000003814697 7.51000022888184
-9999 -9999 5.42999982833862 -2.5 -3.38000011444092 -6.40000009536743 -3.57999992370605 -4.86000118080546 1.75 0.910000026226044 4.84999990463257 0.680000007152557 -1.75999999046326 -2.85999989509583 -5.13000011444092 -4.1399998664856 -2.51999998092651 -3.0699999332428 1.62000000476837 2.26999998092651 2.75 2.71000003814697 2.72000002861023 3.00999999046326 2.40000009536743 3.53999996185303 4.21000003814697 4.65999984712424 4.65999984741211 4.94999980926514 4.8899998664856 4.94000005722046 5.23999977111816 5.40000009536743 5.38000011444092 5.84000015258789 6.30999994277954 6.40999984741211 6.53000020980835 6.61999988555908 6.78000020980835 6.98999977111816 7.23000001907349 7.32999992370605 7.55000019073486 7.65999984741211 7.75
-9999 -9999 5.80000019073486 -2.13000085448648 -4.8600001335144 -5.26999998092651 -5.53000021949226 -4.5 -3.92999956772098 -2.50999991004785 5 -0.0799999982118607 -2.32999992937128 -5.23000001907349 -6.09000015258789 -3.40000009536743 -2.24000000953674 -2.16000008583069 1.67999994754791 2.16000008583069 2.66000008583069 2.57999992370605 3.20000004768372 3.48000001907349 3.54999995231628 3.95000004768372 4.51000022888184 4.7399997711934 4.82000017158652 5 5.1100001335144 5.17999982833862 5.42999982833862 5.63999986648559 5.73000001907349 6.17000007629395 6.38000011444092 6.51000022888184 6.57999992370605 6.67999982833862 6.84000015258789 7.21999979019165 7.28999996185303 7.3600001335144 7.55999994277954 7.69000005722046 7.8899998664856
-9999 -9999 6.30000019073486 -4.34999990463257 -3.47000002861023 -2.41000008583069 -3.38000011444092 -4.65000009536743 -5.13000011444092 0.890000539684274 5.11999988555908 -0.389999985694885 -3.04999995231628 -4.98000001907349 -4.40000009536743 -4.30000019073486 -2.35999989509583 -3.11999988555908 -3.55999994277954 2.54999995231628 2.73000001907349 2.98000001907349 3.55999994277954 3.59999990463257 4.53999995998679 4.53999996185303 4.88000011510128 4.82999992370605 4.63999986648559 5.09000015258789 5.36999988555908 5.36999988555908 5.59000015258789 5.80000019073486 5.96000003814697 6.21000003814697 6.3899998664856 6.53000020980835 6.73999977111816 6.80000019073486 6.84999990463257 6.96999979019165 7.19999980926514 7.30000019073486 7.44000005722046 7.53000020980835 8.10000038146973
-9999 -9999 6.90999984741211 -3.72000002861023 -1.55999994277954 -2.02999997138977 -2.21000003814697 -5.07999992370605 -3.47000002861023 2.96000003814697 5.84000012170651 0.629999995231628 -3.45000004768372 -4.61999988555908 -3.51999998092651 -3.88000011444092 -2.07999992370605 -1.36000001430511 2.3499996470131 2.46000003814697 2.50999999046326 3.42000007629395 3.58999991416931 3.64000010490417 4.40999984577871 4.74999999927675 4.8600001335144 5.25 5.34999990463257 5.53000020980835 5.63000011444092 5.67999982833862 5.55000019073486 5.82000017166138 6.01999998092651 6.23000001907349 6.30000019073486 6.51000022888184 6.78999996185303 6.94999980926514 6.88000011444092 6.82000017166138 7.07000017166138 7.23000001907349 7.32999992370605 7.21999979019165 7.53000020980835
-9999 1 7.01999998092651 -0.140000000596046 -2.78000014435777 -1.32000005245209 -3.86999988555908 -4.12999991114995 -0.589999973773956 4.21000003814697 5.42000009085904 0.390000345548001 -4.26999998092651 -3.03999996185303 -2.0699999332428 -3.22000002861023 -1.53999996185303 -1.46000003814697 -2.74000000953674 2.75 3.03999996185303 3.40000009536743 3.5 3.51999998092651 3.67000007629395 4.36999988555908 4.67999982833862 5.15000009536743 5.44000005722046 5.69999980926514 5.67000007630855 5.88000011444092 5.84000015259685 5.96000003814697 6.13000011444092 6.34000015258789 6.34000015258789 6.5 6.73999977111816 6.96000003814697 6.86999988555908 6.78000020980835 7.03999996185303 7.17000007629395 7.26999998092651 7.19000005722046 7.25
-9999 4.51999998092651 6.86999988555908 -2 -1.39999997615814 -2.75 0.610000014305115 0.649999976158142 1.88999998569489 4.38000011444092 5.73999977111816 5.61000013351441 -3.70999997520378 0.25999998932723 0.300000011920929 -1.45000004768372 -1.49999970246172 0.629999995231628 -1.37000000476837 3.59999996022124 3.44000005722046 3.33999991416931 3.53999996185303 3.78999996185303 3.85999989509583 4.09999990463257 4.6100001335144 4.92000007629395 5.40999984741211 5.73000001903234 5.73999977111816 5.76000022888184 5.75 5.90999984741211 6.09000015258789 6.34000015258789 6.42000007629395 6.51000022888184 6.67999982833862 6.76999998092651 6.76999998092651 6.80000019073486 7.03999996185303 7.1100001335144 7.03999996185303 6.90000009536743 6.92999982833862
-9999 -2.9300000667572 1.84000161490913 -0.870000004768371 -4.32999992370605 -2.94000005722046 -2.77999997138977 -2.25999999046326 -0.660000026226044 2.4300000667572 3.9300000667572 5.03000020980835 1.89999997615814 0.910000026226044 0.509999990463257 -1.37999999523163 -0.349999994039536 1.12000000476837 0.28999999165535 4.74999996228204 3.70000004768372 3.42000007629395 3.47000002861023 3.46000003814697 3.5 3.82999992370605 4.34000015258789 4.78000020957976 4.78000020980835 5.63000011433119 5.73000001907349 5.86000013351441 5.75 5.8899998664856 6.07999992370606 6.1399998664856 6.32000017166138 6.57000017166138 6.65000009536743 6.73000001907349 6.76000022888184 6.80000019073486 6.69000005722046 6.6100001335144 6.86999988555908 6.71000003814697 6.67999982833862
-9999 -0.820000930187609 7.17000007629395 -0.0299999993294477 -3.6800000667572 -1.22000002861023 -1.04999995231628 -1.92999994754791 -2.37999994574404 3.00999999046326 2.48000001907349 1.10000002384186 4.90999984741211 1.47000002861023 -0.46000000834465 1.65000001260564 -1.23000001907349 0.209999993443489 -2.3199999332428 3.34999990463257 3.55999992912442 3.30999994277954 3.21000003814697 3.19000005722046 3.39000010504058 3.39000010490417 4.11000013326338 4.51999998092651 5.05000019023363 4.86000013351441 5.48000001907349 5.44999980926514 5.5 5.57000017166138 5.6399998664856 5.76000022888184 6.09999990463257 6.53000020980835 6.65000009536743 6.73000001907349 6.78000020980835 6.80000019073486 6.65000009536743 6.51999998092651 6.32000017166138 6.26000022888184 6.44000005722046
-9999 -1.67999994754791 6.21999979019165 3.9300000667572 -2.25 0.870000004768372 -0.850000023841858 -1.27999997138977 -0.389999985694885 2.28999996185303 -1.03999996185303 0.819999992847443 2.5699999332428 5.15999984741211 3.13000011444092 1.45000004768372 -1.0499999258346 -0.629999995231628 -1.97000002861023 1.6599999666214 3.23999999710429 2.84999990463257 3.09999990463257 3.15000009536743 3.04999995231628 2.95000004768372 3.78999996185303 3.75 4.44999980926514 4.5 4.84000015259764 5.13000011434365 5.13000011444092 4.94999980926514 5.23999977110561 5.73999977111816 6.07999992370606 6.53000020980835 6.71999979019165 6.80999994277954 6.90999984741211 6.86999988555908 6.65000009536743 6.5 6.28000020980835 6.23999977111816 6.1399998664856
-9999 -1.16999995708466 -1.79999995231628 6.53999888185026 -1.5 2.26999998092651 0.910000026226044 -0.959999978542328 0.540000021457672 1.91999995708466 -0.189999997615814 1.51999998092651 2.44000005722046 5.15000009536743 3.01999999071086 2.00999999046326 0.419999986886978 -0.0299999993294477 -0.310000002384186 -0.100000001490116 3.11999988555908 3.04999995231628 3.11999987779493 2.8199999332428 2.8199999332428 3.04999995231628 3.15000009536743 3.40000009536743 3.69000005722046 3.90000009536743 4.55999994253587 4.69000005722046 4.01000022888184 4.51999998092651 4.94999980923694 5.23999977111816 5.65000009536743 6.01999998092349 6.23000001907349 6.26999998092651 6.21000003814697 6.65999984741211 5.88000011444092 6.48000001907349 6.28999996185303 5.94000005722046 5.86999988555908
-9999 -0.819999992847443 1.36000001430511 6.03999996185303 3.98000001907349 2.25 1.70000004768372 0.639999985694885 1.62000000476837 2.07999992370605 -0.370000004768372 1.48000001907349 2.6800000667572 4.53000020980835 4.09000015258789 0.75 -0.0500000007450581 -1.44000005722046 -0.529999971389771 -1.26999989502437 -0.0799999989132688 3.04999984448231 2.75999999046326 2.47000002861023 2.50999999046326 2.77999997138977 2.84999990463257 3.13000011444092 3.44000005722046 3.9000000951812 4.26999998092651 4.34000015258789 2.66000008583069 3.01999998092651 4.34999990463257 4.94000005722046 5.48000001907349 6.03000020980424 6.17999982833862 6.26000022888184 6.09999990463257 5.88000011444092 5.71999979019165 5.67000007629395 5.76999998092651 5.94999980926514 5.98000001907349
-9999 -0.259999797243575 0.889999985694885 3.51999998092651 7.26000022888184 2.30999994277954 4.15999984741211 2.11999988555908 1.02999997138977 0.400000005960464 0.680000007152557 1.38999998569489 1.75 4.28999996185303 5.15000009536743 0.709999978542328 0.649999976158142 -0.879999995231628 0.209999993443489 1.92999994754791 -0.25 -0.679999996746937 -1.51999998092651 1.79999994910551 2.54999995231628 2.48000001907349 2.58999991416931 3.02999997138977 3.49000001016352 3.75999999046326 3.89000010490417 4.13000011444092 3.05999994277954 3.17000007629394 3.33999991416931 4.01999998092651 5.34000015258789 5.92999982833455 6.19999980926514 6.32000017166138 6.25 5.80999994277954 5.80999994277954 5.71999979019165 5.76999998092651 5.90999984741211 5.92999982833862
-9999 3.79500007629395 4.73999977111816 5.00500011444092 8.86250032382413 5.96250009536743 3.99000000953674 2.51999998092651 2.38000011444092 1.87999999523163 2.42000007629395 0.629999995231628 0.159999997265331 3.54999995231628 5.48999977111816 2.84999990463257 0.109999999403954 -0.990000009536743 0.340000003576279 2.73000001907349 -0.389999985694885 -1.13999998569489 -1.24000000995244 1.72000002861023 2.23000001907349 2.1800000667572 2.10999989509583 2.75999999046326 3.33999991416931 3.29999995231628 3.46000003814697 3.95000004768372 3.99000000953674 3.9300000667572 4.42999982833862 4.53999996185303 5.19999980926514 5.67000007629395 6.05000019073486 6.38000011444092 6.28999996185308 6.23000001907349 5.98999977111816 5.84000015258778 5.80000019073486 5.94999980926514 5.98999977111816
-9999 4.69250011444092 4.55000019073486 4.01999998092651 6.57499980926514 9.6274995803833 3.63000011444092 5.32999980491782 2.69250011444092 4.37750005722046 4.50750017166138 3.83249998092651 0.610000014305115 3.96499991416931 8.52750015258789 1.52750008561778 -0.59500002861023 0.340000003576279 -0.0299999807029963 3.39499998092651 2.13000011444092 -1.23000001907349 -1.45500004291534 1.94749999046326 -0.259999996537436 0.819999992847443 1.78999996185303 2.32999992370605 2.78999996185303 3.0699999332428 3.21000003814697 3.61999988555908 3.70000004768372 4.1100001335144 4.03999996185303 3.90000009536743 5.13000011444092 5.63999986648559 5.71000003814697 6.03000020980835 5.6500000953677 5.80000019073486 5.48999977111816 5.44999980926512 5.44000005722046 5.65999984741211 5.88000011444092
-9999 7.82250022888184 6.50499928401671 2.24749994277954 4.78249979019165 10.0675001144409 5.66249990463257 3.51999998092651 2.23499989509583 4.82250022888184 5.35500002246894 3.33249998092651 1.91499996185303 2.9375 8.02000045776367 6.40250015258789 2.40499997138977 1.08500003814697 0.252499992895842 1.75999999046326 3.25500011444092 0.105000101029873 -0.349999994039536 0.870000123977661 0.245000004768372 -0.774999976158142 3.21499991296253 4.21999978755261 4.28249979019165 3.73749995243722 4.02750015258789 4.53000020980835 5.11999988555908 5.49749994277954 5.125 5.25 5.99749994277954 6.55249977111816 6.82250022888184 7.29250001907349 5.63999986648814 6.84499979019165 7.5 7.41750001907329 7.5774998664856 7.88999986648559 7.94999980926514
-9999 6.85500001907349 3.87249994277954 2.05749988555908 5.30999994277954 10.7049998085846 8.34249973297119 5.86499977111816 2.20749998092651 4.98999977111817 5.57749986648559 2.28250002861023 2.40000009536743 5.26999998092651 5.67500019073486 7.32999992370605 6.50750017166138 -0.342500001192093 -1.25999999046326 0.552499890327454 4.50250005722046 3.11499998679266 0.267500102519989 1.30999994277954 0.889999985694885 2.08999991416931 2.46250009536743 3.13499999046326 2.7425000667572 3.43499994285334 3.95499992370605 4.67000007629395 5.03999996185303 5.19500017166138 5.3899998664856 5.42000007629395 5.36250019073486 6.71999979019165 7.44999980926514 7.32000017166138 6.59749984741247 7.09000015258789 6.88500022888184 6.74249982833862 6.60500001907349 7.92749977111816 8.22000026702881
6.25500011444092 7.07000017166138 1.96249997615814 1.16750001907349 5.7649998664856 8.79500007629395 5.96999979019165 7.68499994277954 5.78249979019165 4.02250003814697 3.86749998136894 1.93250000476837 4.07999992370605 2.90000011993712 2.26999998092651 5.24749994277954 6.34999990463257 1.07000005245209 -0.642499983310699 0.0799999833106995 2.8824999332428 3.96749997138977 3.42000007629395 1.30750000476837 3.39000010490417 -0.33500000834465 2.41750001907349 1.97500002384186 2.29999995231628 3.36249995231628 4.09000015258789 4.5149998664856 5.15500020970175 5.36499977111816 5.49499988555908 5.32000017166138 5.40500020980835 6.99499988555908 7.40000009536743 7.47499990463257 8.03750038146965 7.88250017166138 6.99749994277954 6.89499998092651 6.96500015258789 7.98999977111816 8.22249984741211
6.48999977111816 7.03000020980835 1.72749996185303 2.72250008583086 6.5149998664856 5.08249998092651 2.74749994277954 4.64750003814697 5.60750007629395 2.23499989509583 3.96250009536743 3.83250032950005 2.69000005722046 2.74749994277954 1.84249997138977 4.17749977111816 3.38500000561785 3.78250002861023 0.504999995231628 -1.50999999046326 1.61000001430511 3.96250009536743 4.10500001907349 3.20000004768372 -0.999999992971495 0.524999976158142 0.215000092983246 -0.512499988079071 1.64250004291534 4.03249979019165 4.45499992370605 5.01749992370606 5.36000013347895 5.34749984741211 5.31500005722046 5.62499999998617 6.62249994277793 7.40000009537166 7.44999980926514 7.7649998664856 8.42749977111816 8.50750064849854 7.80249977111816 7.81500005722046 8.23750019073486 8.36250019073486 8.48999977111816
5.83249998092651 6.59250020980835 1.76999998092651 5.09499979019165 6.34999990463257 4.1399998664856 2.60750007629395 1.81749999523163 7.13500022888184 4.87249994277954 6.29250001907349 7.34000015258789 3.51750015718865 6.89499998092651 3.79500007629395 3.83750009536743 1.61249995231628 0.920000016689301 1.92750000953674 1.38250005245209 -0.0799999907612801 2.44250011444092 1.61000001430511 3.53999996185303 -0.582499980926514 -0.720000028610229 -1.14499998092651 -1.20749998092651 1.8125 3.53749990463257 4.19500017166138 4.67500019073486 5.03499984741211 5.24749994277954 5.34000015258789 5.65000009536743 6.44999980926514 7.61000013351441 7.82999992370605 8.18249988555908 8.49499988555908 8.54249954223633 8.33250045776424 8.31999969482424 8.66749954223633 8.68499946594351 8.82250022888211
