SnowAccumulation_R/test/tmax/final_tmax_28_04_2009.asc
NCOLS 97 
NROWS 69 
XLLCORNER 52512.810182332 
YLLCORNER 5316225.2758522 
CELLSIZE 10000 
NODATA_value -9999 
[rows 20 to 39 of 69, columns 0 to 46 of 97]
-9999 -9999 -9999 -9999 -6.90000009536743 -5.34000015258789 -5.11999988555908 1.35000002384186 -2.76999998092651 -2.71000003814697 -1.20000004768372 -0.769999980926514 0.28999999165535 2.77999997138977 2.45000004768372 3.5 5.21999979019165 5.19999980926514 4.86999988555908 4.84000015258789 5.01999998092651 5.32000017166138 5.28000020980835 5.34000015332368 5.40999984741211 5.5 5.34000015258789 5.19999980926514 5.32000017166138 5.42999982833862 5.59000015258789 5.67000007629395 5.73999977111816 5.92999982833862 6.01999998092651 5.92000007629394 5.69999980926514 5.48999977111816 5.51000022888184 5.67999982833862 5.61999988555908 5.53000020980835 5.30999994277954 5.34000015258789 5.32000017166138 5.80999994277954 6.07999992370606
-9999 -9999 -9999 -9999 -3.96000003814697 -4.44000005722046 -3.4300000667572 -1.78999996185303 -5.01000022888184 -3.99000000953674 -3.75999999046326 -1.13999998569489 -0.0199999995529652 0 0.790000021457672 2.44000005722046 4.01999998092651 4.75 4.73000001907349 4.78999996185303 5.15999984741211 5.21999979019165 5.21999979019165 5.32000017166138 5.48000001979945 5.61000013351441 5.42999982833862 5.3600001335144 5.34999990463257 5.34999990463257 5.40000009536743 5.55999994277954 5.71999979019165 5.73999977111816 5.78000020980835 5.82999992370605 5.78999996185303 5.82000017166138 5.88000011444092 5.6100001335144 5.76000022888184 5.65000009536743 5.3499999046326 5.32000017166138 5.61999988555908 5.61999988555908 6.1399998664856
-9999 -9999 -9999 -9999 -2.19000005722046 -5.84999990463257 -3.5699999332428 -1.74000000953674 -4.51999998092651 -5.76000022888184 -3.07999992370605 -3.29999995231628 -0.829999983310699 -1.00999999046326 -0.619999815143963 1.57000005245209 2.69000005722046 3.90000009536743 4.46999979019165 4.55999994277954 4.78999996185303 4.92999982833862 4.96000003814697 5.21000003814697 5.51999997716164 5.46999979019165 5.36999988555908 5.44999980926514 5.40999984741211 5.28000020980835 5.40000009536743 5.59000015258789 5.80999994277954 5.84000015258789 5.73000001907349 5.80999994277954 5.76999998092651 5.78999996185303 5.8600001335144 5.3600001335144 5.59999990463257 5.69999980926514 5.53999996185303 5.3899998664856 5.32999992370605 5.48000001907349 6.01999998092651
-9999 -9999 -9999 -4.53000020980835 -3.73000001907349 -0.939999997615814 -3.57999992370605 -4.61999988555908 -6.17000007629394 -5.75 -4.5 -5.44999980926514 -1.87000000476837 -0.460000190324895 0.430000007152557 2.15000009536743 3.15000009536743 3.58999991416931 4.19999980926514 4.19999980926514 4.32000017166138 4.78999996185303 4.84000015258789 4.90999984741211 5.25 5.15999984741211 5.19999981012009 5.44999980926514 5.44000005722046 5.42999982833862 5.48000001907349 5.73000001907349 5.84000015258789 5.92000007629394 5.86999988555908 5.94000005722046 5.82000017166138 5.80999994277954 5.8899998664856 5.92000007629394 5.51000022888184 5.59000015258789 5.55000019073486 5.38000011444092 5.26000022888184 5.57000017166138 5.69000005722046
-9999 -9999 -9999 -5.84999990463257 -5.09999990463257 -4.21999979019165 -7.03999996185303 -4.98000001907349 -6.67999982833862 -7.19999980926514 -5.55000019073486 -4.42000002062947 -3.11999988555908 2.13000011444092 2.30999994277954 2.4300000667572 3.10999989509583 3.92000007629395 3.74000000953674 3.84999990463257 4.03000020980835 4.42000007629394 4.46999979019165 4.88000011444092 5.19000005722046 5.15999984844532 5.28999996185303 5.44000005722046 5.51000022888184 5.55000019073486 5.55999994277954 5.80000019073486 5.82999992370605 5.90000009536743 5.82999992370605 5.98999977111816 5.96000003814697 5.92999982833862 5.92000007629395 6.03000020980835 5.57999992370624 5.57000017166145 5.460000038147 5.32999992370622 5.25 5.51999998092651 5.78999996185314
-9999 -9999 -9999 -6.19000005722046 -4.84999929775131 -4.17000007629395 -5.40999984741211 -5.80000019073486 -8.90999984741211 -5.67000007629395 -6.80000019073486 1.69000005722046 1.82000005245209 1.96000003814697 2.34999990463257 2.60999989509583 3.03999996185303 3.57999992370605 3.5 3.58999991416931 3.94000005722046 4.40000009536743 4.48999977111816 4.40999984741211 4.90000009536743 5.07999992370606 5.32000017166138 5.28999996264651 5.53999996185303 5.73999977111816 5.84999990463257 5.8600001335144 5.90999984741211 5.96000003814697 6.09000015258789 6.15000009536743 6.09999990463257 6.07999992370606 6.05000019073486 6.01999998092651 6.01999998092651 5.65000009536743 5.53000020980835 5.48000001907349 5.6100001335144 5.75 5.92000007629388
-9999 -9999 -9999 -6.12999281999753 -7.17999982833862 -0.949999988079071 -6.19999980926514 -7.19999980926514 -6.73000001907349 -7.96999979019165 -7.05000019073486 -5.96000003814697 1.73000001907349 2.07999992370605 2.00999999046326 2.13000011444092 2.35999989509583 3.35999989509583 3.44000005722046 3.52999997138977 3.5699999332428 4.21999979019165 4.30999994277954 4.21999979019165 4.69999980926514 4.96000003814697 5.32000017138666 5.40999984806567 5.61999988555908 5.94000005722046 6.07999992370606 6.07999992370606 6.1399998664856 6.17000007629395 6.26000022888184 6.28000020980835 6.26000022888184 6.13000011444092 6.09000015258789 5.98000001907349 5.92999982833862 5.78999996185303 5.65999984741211 5.53000020980835 5.84000015258789 6.1399998664856 6.17000007629395
-9999 -9999 -9999 -0.389999985694885 -2.00999999046326 -1.24000161922574 -8.31999969482422 -4.3899998664856 -6.63000011444092 -6.1100001335144 -5.59000015258789 -6.15000009536743 -5.96000003814697 1.35000002384186 1.45000004768372 1.58000004291534 2.5699999332428 2.94000005722046 3.07999992370606 3.21000003814697 3.54999995231628 3.86999988555908 4 4.3600001335144 4.73000001907349 5.11999988555908 5.40000009536743 5.48000001907349 5.80999994380724 6.13000011459517 6.03999996185303 6.15000009536743 6.15999984741211 6.19000005722046 6.30000019073486 6.42999982833862 6.30999994277954 6.23999977111816 6.19000005722046 6.03999996185303 6.09000015258789 6.17999982833862 5.96999979019165 5.94000005722046 6.03999996185303 6.30999994277954 6.49999999999993
-9999 -9999 -9999 3.55999994277954 -3.92000007629395 -5.36999988555908 -4.90999984741211 -6.67000007629395 -5.3600001335144 -6.6399998664856 -5.71000003814697 -6.36999988555908 -5.53000020980835 -5.46999979019165 1.46000003814697 0.850000023841858 2.17000007629395 2.86999988555908 2.96000003814697 3.09999990463257 3.46000003814697 3.47000002861023 3.70000004768372 3.99000000953674 4.78000020980835 5.21000003814697 5.34000015258789 5.38000011444092 5.99999999928623 6.17999982833862 6.05999994277954 6.19000005722046 6.1399998664856 6.05999994277954 6.26000022888184 6.26999998092651 6.25 6.28999996185303 6.23000001907349 6.21999979019165 6.30999994277954 6.40000009536743 6.42999982833862 6.36999988555908 6.44999980926514 6.67000007629395 6.94999980926511
-9999 -9999 -9999 3.34999990463257 -2.5699999332428 -1.41999995708466 -2.71999996744268 -3.72000002861023 -1.47000002861023 -5.61000013351441 -7.82000017166138 -6.98000001907349 -7.61000013351441 -6.55999994277954 0.5799999833107 0.680000007152557 0.8299999833107 2.14000010490417 2.50999999046326 3.05999994277954 3.09999990463257 3.07999992370606 3.52999997138977 3.77999997138977 4.28000020980835 4.80999994277954 5.07999992370606 5.25 5.69999980926514 5.76999998092651 6.03000020946676 6.23000001903437 6.26999998092651 6.26999998092651 6.26000022888184 6.19999980926514 6.3600001335144 6.34999990463257 6.3899998664856 6.46999979019165 6.42000007629395 6.48999977111816 6.59999990463257 6.82999992370606 6.73999977111816 7.15999984741211 7.3600001335144
-9999 -9999 -9999 7.41999717439204 1.47000002861023 -0.209999993443489 -2.73000029744649 -5.44999980926514 -5.28999996185303 -3.26999998092651 -7.34999989269836 -5.94000005722046 -4.32000017166138 -7.51000022888184 0.419999986886978 0.5 0.709999978542328 0.9200000166893 2.23000001907349 2.32999992370605 2.86999988555908 3 3.13000011444092 3.49000000953674 3.96000003814697 4.51000022888184 4.88000011444092 5.03999996185303 5.42000007629395 5.76999998045356 5.86000013325652 6.19999980926514 6.55000019073486 6.55000019073486 6.30999994277954 6.32999992370606 6.65999984741211 6.67999982833862 6.44000005722046 6.44999980926514 6.46000003814697 6.71999979019165 6.92999982833862 7.15999984741211 7.21999979019165 7.55000019073486 7.38000011444092
-9999 -9999 -9999 6.23000001907349 -0.100000001490116 2.63000011444092 -4.07000017166138 -3.69000153694258 -6.55000019073486 -1.97000002861023 -3.41000008583069 -5.40000009536743 -5.73999977111816 -5.28000020980835 0.00999999977648258 0.360000014305115 0.529999971389771 0.810000002384186 1.36000001430511 2.1800000667572 2.58999991416931 2.9300000667572 3.0699999332428 3.30999994277954 3.66000008583069 4.03000020980835 4.73000001907349 4.90000009536743 5.3899998664856 5.51000022888184 5.51000022888184 5.63000011444092 6.44000005678251 6.46000003806064 6.55000019073486 6.57999992370605 6.71000003814697 6.76000022888184 6.80999994277954 6.8600001335144 6.84000015258789 7.09999990463257 7.38000011444092 7.42000007629395 7.51000022888184 7.82999992370605 7.88000011444092
-9999 -9999 -9999 0.680000007152557 4.83000000559416 -0.330000013113022 1.13999998569489 -4.73999977111816 -3.59000030187369 -5.11999988555908 -3.60999989509583 -2.25999999046326 -2.88000011444092 -1.66999995708466 -0.150000005960465 -0.150000005960464 0.0500000007450581 0.589999973773956 1.25999999046326 2.13000011444092 2.48000001907349 2.61999988555908 2.89000010490418 3.21000003814697 3.44000005722046 3.84999990463257 4.28999996185303 4.69000005722046 5.30000019073486 5.40000009536743 5.19000005722046 5.63000011431542 5.88999986634436 6.28000020980835 6.38999986648559 6.65999984741211 6.8899998664856 7.26000022888184 7.19000005722046 7.11999988555908 7.1399998664856 7.61999988555908 7.48000001907349 7.51000022888184 7.80000019073486 7.90000009536743 8.10999965667725
-9999 -9999 -9999 1.77999997138977 4.48000001907349 6.61000013351441 0.200000002980232 1.48000001907349 -2.9300000667572 -4.61999853943469 -5.69000005722046 -3.0699999332428 -3.63000011444092 -3.41000008583069 -0.519999980926514 -0.360000014305115 0.0199999995529652 0.0900000035762787 0.790000021457672 2.14000010490417 2.26999998092651 2.40000009536743 2.79999995231628 3.24000000953674 3.54999995231628 3.6800000667572 4.17000007629394 4.40999984741211 4.76000022888184 5.23999977111816 5.34000015258789 5.78999996185303 5.94999980926514 6.09000015258789 6.28999996185303 6.76000022890091 7.05000019074678 7.36999988555908 7.46999979019165 7.61999988555908 7.51000022888184 7.71999979019165 7.90000009536743 7.82999992370605 7.8600001335144 8.10000038146973 8.15999984741211
-9999 -9999 -9999 -1.78999996185303 1.37000000476837 5.13000011444092 5.75 -2.52999997138977 0.579999983310699 -3.14000010490418 -4.72999916989494 -5.84000015258789 -5.25 -4.21000003814697 -1.23000001907349 -1.01999998092651 0.109999999403954 -0.140000000596046 0.230000004172325 1.01999998092651 2.25999999046326 2.61999988555908 2.80999994277954 3.17000007629394 3.38000011444092 3.6800000667572 4.40999984741211 4.46000003814697 4.38000011444092 5 5.23999977111816 5.90000009536743 6.07000017166138 6.44999980926514 6.90000009536743 7.26000022888184 7.78999996185303 7.80999994277954 7.92999982833862 7.88999986648581 7.80000019073528 7.96000003814707 8.14999961853069 8.06999969482424 8.10000038146973 8.11999988555911 8.17000007629395
-9999 -9999 -2.13000011444092 -0.850000023841858 -5.96999979019165 3.39000010490417 6.03000020980835 2.58999991416931 -1.14999997615814 3.44000005722046 -3.95000004768372 -6.10999980669206 -6.76000022888184 -4.96000003814697 -2.34999990463257 -4.80999994277954 -1.35000002384186 -0.589999973773956 -0.0700000002980232 0.360000014305115 2.23000001907349 2.55999994277954 2.80999994277954 2.96000003814697 3.45000004768372 3.51999998092651 4.19999980926514 4.46000003814697 4.53000020980835 5.09000015258789 5.40999984741211 5.73000001907349 6.25 6.57999992370605 7.1100001335144 7.71000003814697 8.43000030517578 8 7.92999982833862 7.92000007629478 7.98000001907374 8 8.32999992370605 8.07999992370605 8.10000038146973 8.13000011444092 8.17000007629395
-9999 -9999 -4.51999998092651 -5.57999992370605 -2.15000009536743 -4.57999992370605 0.129999995231628 5.34000015258789 0.649999976158142 -2.11999953876067 -3.44000005722046 -3.13000011444092 -5.94999980926514 -5.34000015258789 -2.50999999046326 -3.23000001907349 -1.91999995708466 -1.02999997138977 -0.569999992847443 -0.100000001490116 2.28999996185303 2.57999992370605 2.73000001907349 2.90000009536743 3.59999990312601 3.60999989507559 4.25 4.51999998092651 5.01999998092651 5.19999980926514 5.63000011444092 5.78000020980835 6.38999986648559 6.80999994277954 7.32000017166138 7.76000022888184 8.02999973297119 8.13000011444092 8.19999980926514 8.17000007629395 8.15999984741211 8.39999961853027 8.46000003814697 8.3100004196167 8.21000003814697 8.15999984741211 8.25
-9999 -9999 -2.20000004768372 -0.330000013113022 -2.0699999332428 -3.98000001907349 -3.2999995304053 4.98999977111816 5.51000022888184 -1.71000003814697 1.54999995231628 -0.550000011920929 -4.42999982833862 -4.78999996185303 -1.77999997138977 -1.74000000953674 -1.49000000953674 -1.01999998092651 -0.569999992847443 -0.200000002980232 1.62999999523163 2.48000001907349 2.69000005722046 3.02999997138977 3.72000002861023 3.64000010490417 4.15000009536743 4.21999979019165 4.92000007629395 5.07999992370605 5.28000020980835 5.75 6.28999996185303 6.96999979019165 7.25 7.65999984741211 7.90999984741211 8.19999980926514 8.26000022888183 8.25 8.22999954223633 8.44999980926514 8.47999954223633 8.39999961853027 8.19999980926514 8.22000026702881 8.27999973297119
-9999 -9999 -1.17999994754791 0.839999973773956 -0.319999992847443 -5.71000003814697 -2.47000002861023 0.899999976158142 6.82999992370605 -0.959999978542328 -1.21000003814697 -2.24000000953674 -1.21000003814697 -6.23000000724118 -6.53999996185303 -1.24000000953674 -1.14999997615814 -1.01999998092651 -0.349999994039536 0.129999995231628 1.42999994754791 1.99000000953674 2.5699999332428 2.98000001907349 3.30999994277954 3.85999989509583 4.19000005722046 4.15999984741211 4.40999984741211 5.03000020980835 5.21999979019165 5.86999988555908 6.13000011444092 6.90000009536743 7.13000011444092 7.5 8.03999996185303 8.19999980926514 8.35000038146973 8.35000038146973 8.47999954223633 8.48999977111816 8.52999973297119 8.46000003814697 8.4399995803833 8.47000026702881 8.57999992370605
-9999 -9999 6.21000218599546 1.64999997615814 -3.78999996185303 -1.87000000476837 -1.58000004291534 0.0599999986588955 6.71000003814697 2.34999990463257 -2.05999984349538 3.1800000667572 0.159999996423721 -2.72000002861023 -3.3199999332428 -1.21000003814697 -1.05999994277954 -0.860000014305115 -0.629999995231628 0.0199999995529652 1.00999999046326 0.990000009536743 1.75 2.30999994277954 2.6800000667572 3.10999989509583 3.6800000667572 4.30000019073486 4.44999980926514 5.05999994277954 5.46000003814697 5.36999988555908 6.17999982833862 6.90000009536743 7.13000011444092 7.65999984741211 7.86000013351441 8.43000030517578 8.61999988555908 8.61999988555908 8.53999996185303 8.48999977111816 8.77999973297119 8.69999980926514 8.68000030517578 8.75 8.77000045776367
