SnowAccumulation_R/test/tmax/final_tmax_27_04_2009.asc
NCOLS 97 
NROWS 69 
XLLCORNER 52512.810182332 
YLLCORNER 5316225.2758522 
CELLSIZE 10000 
NODATA_value -9999 
[rows 0 to 20 of 69, columns 0 to 45 of 97]
-9999.000000000000000 -9999 -9999 -9999 -9999 -9999 -9999 -9999 -9999 -9999 -9999 -9999 -9999 -9999 -9999 -9999 -9999 -9999 -9999 -9999 -9999 -9999 -9999 -9999 -9999 -9999 -9999 -9999 -9999 -9999 -9999 -9999 -9999 -9999 -9999 -9999 -9999 -9999 -9999 -9999 -9999 -9999 -9999 -9999 -9999 -9999
-9999 -9999 -9999 -9999 -9999 5.38000011444092 3.99000000953674 3.50999999046326 2.83999991416931 3.67000007629395 3.20000004768372 3.35999989509583 3.82000004210686 4.78999996185303 4.17999982833862 4.28000020980835 5.07999992370605 5.48999977111816 5.61000013428574 -9999 -9999 -9999 -9999 -9999 -9999 -9999 -9999 -9999 -9999 -9999 -9999 -9999 -9999 -9999 -9999 -9999 -9999 -9999 -9999 -9999 -9999 -9999 -9999 -9999 -9999 -9999
-9999 -9999 -9999 -9999 -9999 2.75 2.59999990463257 2.96000003814697 3.28999996185303 4.15000009536743 4 4.78000020980835 5.11999988555908 4.84000012689324 4.17999982833862 4.80999994277954 5.17999982833862 5.34999990463257 5.57999992370605 5.80999992039881 5.80999994277954 5.8899998664856 5.82999992370605 5.80000019073486 5.71999979019165 5.59000015258789 5.53999996185303 5.44000005722046 5.40000009536743 5.67000007629395 5.80000019073486 6.1399998664856 6.42000007629395 6.38000011444092 6.17000007629395 5.98999977111816 5.80999994277954 5.71000003814697 5.59000015258789 5.71000003814697 5.78000020980835 5.84000015258789 5.8600001335144 5.73999977111816 5.8600001335144 5.88000011444092
-9999 -9999 -9999 -9999 -9999 3.79999995231628 4.42000007629395 4.13000011444092 4.11999999891277 4.94000005722046 4.8600001335144 4.55000019073486 5.05000019073486 4.48999977111816 4.28000020980835 4.51000022888184 4.71999979019165 4.84000015258789 5.28999996185303 5.15999984735037 5.13000011444092 5.42999982833862 5.53999996185303 5.57999992370605 5.51999998102375 5.53000020980835 5.44000005722046 5.36999988555908 5.32000017166138 5.71000003814697 5.82999992370605 6.21999979019165 6.44999980926514 6.40000009536743 6.15000009536743 5.98000001907349 5.94000005722046 5.84999990463257 5.73000001907349 5.8899998664856 6.03000020980835 6.0799999237061 5.98999977111816 6.01999998092651 6.15999984741211 6.28000020980835
-9999 -9999 -9999 -9999 -9999 4.55000019073486 4.80000019073486 4.90000024453245 4.88000011444092 4.9000001304909 5.17999982833862 5.09999990463257 5 4.94000005722046 4.94000005532352 4.90999984741211 4.65000009536743 4.6399998664856 5.15999984741211 5.05999994277954 5.09000015258789 5.30000019073486 5.26000023517087 5.44999980926514 5.53999996185303 5.59999990463257 5.46999979019165 5.40999984741211 5.42999982833862 5.59000015258789 6.0199999808161 6.17000007629395 6.36999988555908 6.46000003814697 6.15000009536743 5.98000001907349 5.90999984741211 5.98999977111816 5.88000011444092 6.19000005722046 6.48000001907349 6.42000007629395 6.40000009536743 6.5 6.44999980926514 6.19000005722046
-9999 -9999 -9999 -9999 -9999 5 5.21000003814697 5.34999990463257 4.95000005161943 5.28000020980835 4.94999980926514 4.86999988555908 4.84999990463257 4.90999984741211 5 5.07999992370605 5.01999998092651 4.98999977111816 5.13000011444092 5.28999996185303 5.28000020980835 5.23000001907349 5.28999996185303 5.44000005722046 5.59999990463257 5.71000003805627 5.67000007629395 5.5 5.48000001907349 5.67999982833862 5.94000005722046 6.1100001335144 6.36999988555908 6.51999998092651 6.21999979019165 5.86999988555908 5.84000015258702 5.94000005722046 6.09999990463257 6.40000009536743 6.51000022888184 6.51000022888184 6.59000015258789 6.71000003814697 6.59999990463257 6.3600001335144
-9999 -9999 -9999 -9999 -9999 4.92000007629395 4.98000001907349 5.36999988555908 5.03000020980835 4.94999966848906 4.61999988555908 4.55999994277954 4.53000020980835 4.67999982833862 4.80000019073486 4.84999990463257 4.84000015258789 4.78000020980835 5.30999994277954 5.25 5.51999998090987 5.55999994277954 5.59999990463257 5.69000005722046 5.82000017166138 5.75000000257455 5.78999996185303 5.59999990463257 5.51999998092651 5.96999979019165 5.92000007629394 6.07999992370606 6.42999982833862 6.55999994277954 6.26999998092651 5.82000017166138 5.71999979019107 5.84000015258789 6.17000007629395 6.46999979019165 6.61999988555908 7.03999996185303 7.03999996185303 6.98000001907349 6.73000001907349 6.57000017166138
-9999 -9999 -9999 -9999 -9999 4.84999990463257 5.05000020825207 5.1399998664856 4.63000011444092 4.1399998664856 4.55999995293542 4.36000011024734 4 4.1100001335144 4.65999984741211 4.96999979019165 5.19000005615219 5.21000003814697 5.34000015258789 5.44999980926514 5.51000022888184 5.65000009536743 5.90999984741211 5.78000020980835 5.88000011444092 6.07000017166138 6.07999992370606 5.76000023225923 5.80999994277954 5.69999980926514 5.8899998664856 6.13999986643825 6.36999988555908 6.53000020980835 6.23000001907349 5.78999996185303 5.63000011444149 5.69999980926514 6.13000011444092 6.53999996185303 6.84999990463257 7.13000011444092 7.32999992370605 7.15000009536743 6.75 6.67999982833862
-9999 -9999 -9999 -9999 -9999 4.6100001335144 4.67000007629395 5.03999996185303 4.42999982833862 4.30999994277954 4.42000007629395 4.40999987675878 4.40999984741211 4.53000020980835 4.78999996185303 5.26999998092651 5.53000020980835 5.73999977111816 5.69000005722046 5.98000001907349 6.01000022888184 6.01000022874067 6.15999984741211 5.84999990463257 6.01000022888184 6.17999982833862 6.28999996182664 6.17999982833862 5.94000005722046 5.67000007641073 5.78999996185303 6.01999998092651 6.09000015258789 6.32999992370605 6.1399998664856 5.84000015258789 5.76999998092651 5.88000011444092 6.23000001907349 6.75 6.98999977111816 7.03000020980835 7.15000009536743 7.09000015258789 6.86999988555908 6.65999984741211
-9999 -9999 -9999 -9999 -9999 3.98000001907349 4.23999977111816 4.53000020980835 4.28000020980835 4 4.19000005722046 4.40000009536743 4.63999992954282 5.03999996185303 5.19000005722046 5.42999982833862 6.09999990463257 6.11999988478701 6.19000005722046 6.32000017166138 6.38000011444092 5.92000007629394 5.78000020980835 5.84000015258789 6.01000022888184 5.96000003814697 6 6.07999992370605 6 5.78000020980835 5.71999979019165 5.86000013338178 5.92999982817248 6.13999986648559 6.01999998092651 5.92000007629395 6.01000022888184 6.13000011444092 6.48000001907349 6.92999982833862 7.1100001335144 7.11999988555908 7.09000015258798 7.19999980926514 6.98999977111816 6.76000022888184
-9999 -9999 -9999 -9999 -9999 2.17000007629395 3.78999996185303 3.80999994277954 3.72999999813186 3.71000003814697 3.85999989509582 4.32000017166138 5.19999980926514 5.25000008718391 5.55999994277954 5.75 6.46999979019165 6.38999986648559 6.59000015258789 6.40000009536743 6.25 5.69000005722046 5.69000005726161 5.61999988555908 5.63999986648559 5.59999990463257 5.78999996185303 5.8899998664856 5.78999996185303 5.78000020980835 5.76000022888184 5.73999977111816 5.71999979019165 5.96000003814697 6.00000000002123 6.03000020983734 6.21999979019165 6.3600001335144 6.61999988555908 6.98000001907349 7.03999996185303 7.01999998092651 6.96999979019165 6.94000005722046 6.76999998092651 6.6399998664856
-9999 -9999 -9999 -9999 1.04999995231628 1.0900000333786 2.16000008583069 3.05999994277954 3.03999996185303 3.04999995231628 3.30999994277954 3.69000005722046 4.82000017166138 5.59999990463257 5.78000021209178 6.17000007629395 6.57000017166138 6.69000005722046 6.80000018974328 6.26999998092651 5.98999977111816 5.44999980926514 5.11000013351441 5.13999986648559 5.30000019073486 5.34000015258789 5.53999996185303 5.73000001900857 5.76000022888184 5.8600001335144 5.84999990463257 5.88000011444092 5.92999982833862 6 6.1100001335144 6.30999994277954 6.46999979019165 6.57999992370605 6.65000009536666 6.67999982833741 6.78000020980686 6.7499999999987 6.65000009536701 6.67000007629383 6.51000022888184 6.53000020980835
-9999 -9999 -9999 -9999 0 0.709999978542328 1.75 2.5699999332428 2.34999990463257 2.67000036867938 3.5699999332428 4.1399998664856 4.92999982833862 5.78999996185303 5.76999998092651 5.56000000357298 6.76000022888184 6.80000019073486 6.13999986648559 6.01000022888184 5.51999998092651 5.34999990463257 4.92000007629395 4.88000011444092 4.98000001907349 5.05999994277954 5.44000005722046 5.67999982833862 5.82999992370605 6.07999992370605 5.98999977111816 5.94999980926514 6.07000017165277 6.1100001335144 6.34999990463257 6.44000005722046 6.57000017166138 6.61999988555923 6.65999984741211 6.48999977111816 6.34999990463257 6.3600001335144 6.38999986648559 6.55000019073486 6.73999977111816 6.73000001907349
-9999 -9999 -9999 -9999 -0.270000010728836 0.519999980926514 1.3400000333786 2.09999990463257 3.05999994277954 3.57999992370605 3.5699999332428 4.3600001335144 5.19999980926514 5.46999979019165 5.84999990463257 6.09000015258789 6.26999998092651 6.34000015258789 5.90000009536743 5.76999998092651 5.38000011857085 5 5.53000020980835 5.57000017166138 4.84000015258789 4.84000015258789 5.30000019073486 5.65000009536743 5.80000019073486 6.05000019073486 6.13999986648559 6.28000020980835 6.48000001907349 6.44000005722046 6.57999992370605 6.61999988555908 6.67000007629395 6.69000005722062 6.75 6.46000003814697 6.11999988555908 6.23000001907349 6.25000000000007 6.48000001907349 6.65999984741211 6.80000019073486
-9999 -9999 -9999 -9999 -1.13000352724796 0.920000016689301 0.330000016737473 0.509999990463257 2 3.69000005722046 4 4.26999998092651 4.76000022888184 5.09000015258789 5.48000001907349 5.36999988555908 5.65000009536743 5.28000020980835 5.42999982646285 5.40999984741211 5.44999980926514 5.46000003814697 5.59000015258789 5.5 4.80000019073486 4.96999979019165 5.17999982833862 5.34000015258789 5.86000013336178 5.94000005722046 6.07999992370605 6.30000019073486 6.6399998664856 6.71999979019165 6.75 6.75 6.75 6.73000001907364 6.80000019073486 6.46000003814697 5.86999988555908 6.09999990463257 6.23000001907353 6.51999998092651 6.76999998092651 6.57999992370605
-9999 -9999 -9999 -9999 -3.47000002861023 0.329999383225546 -0.230000004172325 0.360000014305115 1.33000004291534 2.50999999046326 3.47000002861023 3.4800000190735 4.32000017166138 4.55999994277954 4.98999977111816 5.28000020980835 5.34999990463257 5.36999988555908 5.17999982833862 5.09000015258789 4.90999984741211 5.30000017419025 5.19999980926514 5.28999996224124 5.28999996185303 4.92000007629395 5.01000022888184 5.3600001335144 5.78000020980835 5.94999980926514 5.92999982833862 6.17000007629395 6.28000020980835 6.55999994277954 6.82999992370605 6.82999992370605 6.75 6.6399998664856 6.6100001335144 6.09000015258789 5.65999984741211 6.01999998092651 6.03000020980835 6.38999986648559 6.48999977111816 6.46999979019165
-9999 -9999 -9999 -9999 -2.74000000953674 -4.73000001907349 -1.91999964694571 -0.79999974898559 0.720000028610229 1.16999995708466 2 2.66000008583069 3.17000007629395 4.01000022888184 4.82999992370605 5.09999990463257 5.42000007629395 5.51999998092651 5 5 4.8899998664856 4.92999982833862 5.23999977051973 5.28999996185303 4.57999992516502 4.69000005722046 5.01000022888184 5.82999992370605 5.86999988555908 5.80000019073486 6.03999996185303 6.19999980926514 6.34000015258789 6.53000020978998 6.76999998092651 6.82000017166138 6.65000009536743 6.46999979019165 6.32999992370605 5.80999994277954 5.51000022888184 5.88000011444092 6.23000001907338 6.26000022888184 6.17999982833862 6.26999998092651
-9999 -9999 -9999 -9999 -3.96000003814697 -3.57999992370606 -4.21999979019165 -1.74999931452104 0.479999989271164 0.769999980926514 0.930000007152557 1.86000001430511 2.30999998713444 3.84999990463257 4.55000019073486 4.98000001907349 5.03999996273175 5.28000020980835 4.73000001907349 4.65000009536743 4.92999982833862 5.07999992368049 5.15000009905419 5.28000020980835 5.30999994277954 5.42999982833862 5.1100001335144 5.6399998664856 5.84999990463257 5.92999982833862 6.19999980926514 6.42000007629394 6.55999994277954 6.59999990463257 6.69999980926514 6.88000011444092 6.61000013351441 6.34000015258789 6.1399998664856 5.80999994277954 5.65999984741211 5.71999979019165 6.05999994277937 5.82000017166138 5.84000015258789 5.82000017166138
-9999 -9999 -9999 -9999 -4.13000126288619 -5.05000019073486 -4.73000001907349 -0.589999973773956 -0.349999994039536 1.28999996185303 0.949999988079071 2.17000007629394 3.13000011444092 3.61999988555908 3.75999999046326 4.8600001335144 5.05000019073486 5.01999997903281 4.51000022883163 4.86999988555908 5.03000020942819 5.05999994277954 5.26000022888184 5.32000017166138 5.40000009536743 5.48000001907349 5.57000017166138 5.61999988555908 5.65000009536743 5.82000017166138 6.30999994277954 6.40000009536743 6.55999994277954 6.59999990463257 6.76000022888184 6.94999980926514 6.65000009536743 6.25 6.05000019073486 5.78000020980835 5.46000003814697 5.46999979019165 5.82000017166138 5.44999980926514 5.59999990463257 5.67000007629395
-9999 -9999 -9999 -9999 -5.05999994277954 -5.80000019073486 -4.80999994277954 -3.28999996185303 1.80999994277954 1.5900000333786 1.29999995231628 1.70000004768372 2.07999992370605 2.96000003814697 4.21000003814697 4.44000005722046 4.84000015258789 4.26000022888184 4.48000001907349 4.78000020980835 4.98999977111816 5.03000020980835 5.23000001907349 5.34999990438428 5.46000003814697 5.65999984741211 5.57000017166138 5.51000022888184 5.65999984741211 5.71999979019165 6.05000019073486 6.21000003814697 6.3899998664856 6.42000007629394 6.67000007629395 6.73999977111816 6.44999980926514 6.07999992370606 5.96000003814697 5.67999982833862 5.28000020980835 5.21000003814697 5.42000007629395 5.23999977111816 5.32999992370605 5.65000009536743
-9999 -9999 -9999 -9999 -5.6100001335144 -3.98000001907349 -3.69000005722046 1.76999998092651 -1.02999997138977 -0.730000019073486 0.660000026226044 1.17999994754791 1.95000004768372 3.4300000667572 3.19000005722046 3.6800000667572 4.51999998092651 4.46000003814697 4.55000019073486 4.65999984741211 4.98000001907349 5.01999998092651 5.13000011444092 5.34000015209736 5.46000003814697 5.63000011444092 5.55999994277954 5.48000001907349 5.65999984741211 5.73999977111816 6 6.07999992370605 6.21000003814697 6.48999977111816 6.55000019073486 6.36999988555908 6.13000011444092 5.82999992370605 5.73999977111816 5.63999986648559 5.34999990463257 5.1399998664856 4.96999979019165 5.03999996185303 5.09000015258789 5.55999994277954
