SnowAccumulation_R/test/tmax/final_tmax_08_04_2009.asc
NCOLS 97 
NROWS 69 
XLLCORNER 52512.810182332 
YLLCORNER 5316225.2758522 
CELLSIZE 10000 
NODATA_value -9999 
[rows 0 to 19 of 69, columns 0 to 46 of 97]
-9999.000000000000000 -9999 -9999 -9999 -9999 -9999 -9999 -9999 -9999 -9999 -9999 -9999 -9999 -9999 -9999 -9999 -9999 -9999 -9999 -9999 -9999 -9999 -9999 -9999 -9999 -9999 -9999 -9999 -9999 -9999 -9999 -9999 -9999 -9999 -9999 -9999 -9999 -9999 -9999 -9999 -9999 -9999 -9999 -9999 -9999 -9999 -9999
-9999 -9999 -9999 -9999 -9999 12.9700002670288 12.039999961853 11.6199998855591 10.9300003051758 10.8699998855591 10.2799997329712 9.89999961853028 9.8000001986363 9.57999992370605 9.09000015258789 8.85999965667725 8.89000034332275 8.72000026702881 8.56000041854868 -9999 -9999 -9999 -9999 -9999 -9999 -9999 -9999 -9999 -9999 -9999 -9999 -9999 -9999 -9999 -9999 -9999 -9999 -9999 -9999 -9999 -9999 -9999 -9999 -9999 -9999 -9999 -9999
-9999 -9999 -9999 -9999 -9999 12.0600004196167 11.460000038147 11.2200002670288 11.1300001144409 10.9899997711182 10.5299997329712 10.3900003433228 10.1199998855591 9.84000013525895 9.34000015258789 9.34000015258789 9.30000019073486 9.10000038146973 8.77999973297119 8.15999987581844 7.73999977111816 7.65000009536743 7.48000001907349 6.94999980926514 6.53000020980835 5.6399998664856 5.80000019073486 5.90999984741211 5.94999980926514 6.1399998664856 6.17999982833862 6.19000005722046 6.11999988555908 6.28000020980835 6.17000007629395 5.84000015258789 5.6100001335144 5.67000007629395 5.75 5.96999979019165 6.15999984741211 6.34000015258788 6.44000005722046 6.51000022888184 6.75 7 7.26000022888184
-9999 -9999 -9999 -9999 -9999 12.6899995803833 12.3299999237061 11.6400003433228 11.3800000776009 11.1999998092651 10.8299999237061 10.4099998474121 10.3100004196167 9.84000015258789 9.64999961853027 9.5600004196167 9.51000022888183 9.43000030517578 9.27999973297119 8.9499998085242 8.1899995803833 7.21000003814697 7.11999988555908 6.78999996185303 6.11000013414646 5.80000019073486 5.90000009536743 6.19999980926514 6.28999996185303 6.48000001907349 6.48000001907349 6.55000019073486 6.55999994277954 6.46000003814697 6.15999984741211 5.78999996185303 5.65000009536743 5.73999977111816 5.84999990463257 6.1100001335144 6.32000017166138 6.42999982833863 6.40000009536743 6.48000001907349 6.71000003814697 7.05000019073486 7.42999982833862
-9999 -9999 -9999 -9999 -9999 13.0900001525879 12.5200004577637 11.8100004547143 11.2700004577637 11.109999646347 11.0100002288818 10.7700004577637 10.5100002288818 10.289999961853 10.1999998058506 10.0600004196167 9.85999965667725 9.88000011444092 10.0100002288818 9.25 8.81999969482422 8.15999984741211 7.23000004344349 7.07000017166138 6.78999996185303 6.71999979019165 6.69000005722046 6.86999988555908 6.96999979019165 6.92999982833862 6.90000009534977 6.98000001907349 7.11999988555908 6.84999990463257 6.36999988555908 6.01999998092651 5.92999982833862 6.03000020980835 6.07999992370606 6.42999982833862 6.69999980926514 6.6399998664856 6.59999990463257 6.6100001335144 6.65999984741211 6.76999998092651 7.11000013351441
-9999 -9999 -9999 -9999 -9999 13.3900003433228 12.789999961853 12.1000003814697 11.180000525497 11.2200002670288 11.0100002288818 10.8599996566772 10.6899995803833 10.5500001907349 10.4399995803833 10.4300003051758 10.3599996566772 10.5299997329712 10.9200000762939 9.94999980926514 9.47999954223633 8.73999977111817 8.38000011444092 8.34000015258789 7.61999988555908 7.71000003802604 7.76999998092651 7.82999992370605 7.78999996185303 7.75 7.32000017166138 7.51000022888184 7.94999980926514 7.21999979019165 6.6100001335144 6.23999977111816 6.17999982833833 6.26000022888184 6.44000005722046 6.73000001907349 6.84000015258789 6.76000022888184 6.75 6.67999982833862 6.63999986648559 6.80000019073486 7.07999992370605
-9999 -9999 -9999 -9999 -9999 13.2600002288818 12.9799995422363 12.4700002670288 11.8800001144409 11.2500001775002 11.0600004196167 10.9899997711182 10.8500003814697 10.7299995422363 10.6099996566772 10.5 10.4399995803833 10.3599996566772 11.0299997329712 10.1999998092651 9.57999992384335 9.34000015258789 9.02000045776367 9.01000022888184 9.14000034332276 8.5699997065706 8.73999977111816 8.97000026702881 8.9399995803833 8.73999977111816 7.98000001907349 7.90000009536743 7.86999988555908 7.21000003814697 6.73000001907349 6.46999979019165 6.4099998474124 6.46999979019165 6.69999980926514 6.96000003814697 7.09000015258789 7.23999977111816 7.17000007629394 7.03000020980835 6.86999988555908 6.98000001907349 7.09999990463257
-9999 -9999 -9999 -9999 -9999 13.4899997711182 13.2899998523703 12.8100004196167 12.2399997711182 11.8000001907349 11.3500005642755 11.2299995280738 10.9799995422363 10.8000001907349 10.789999961853 10.7399997711182 10.7899999605177 10.7299995422363 10.7200002670288 10.289999961853 9.77000045776367 9.65999984741211 9.53999996185303 9.35000038146973 9.40999984741211 9.72000026702881 9.88000011444092 9.78999996490092 9.88000011444092 8.82999992370605 8.14999961853028 7.69999980932511 7.5 6.92000007629394 6.69999980926514 6.57000017166138 6.5599999427804 6.59000015258789 6.84000015258789 7.09000015258789 7.28000020980835 7.40999984741211 7.53000020980835 7.34000015258789 7.05000019073486 7.15999984741211 7.26000022888184
-9999 -9999 -9999 -9999 -9999 13.6599998474121 13.2399997711182 13.1400003433228 12.5799999237061 12.25 12.039999961853 11.479999684777 11.3900003433228 11.210000038147 11.0600004196167 11.0500001907349 11 11.0600004196167 10.8199996948242 10.6499996185303 10.2700004577637 9.97000026713861 9.97000026702881 9.5600004196167 9.53999996185303 9.75 10.1000003813114 9.9399995803833 9.42000007629395 8.68999957976043 8.03999996185303 7.59000015258789 7.34999990463257 6.96000003814697 6.67000007629395 6.57000017166138 6.67999982833862 6.82000017166138 7.05999994277954 7.32000017166138 7.44000005722046 7.44000005722046 7.51000022888184 7.42000007629395 7.28999996185303 7.26999998092651 7.42999982833862
-9999 -9999 -9999 -9999 -9999 13.6700000762939 13.3900003433228 13.1400003433228 12.8999996185303 12.5299997329712 12.3400001525879 12.1599998474121 11.7399999013812 11.6400003433228 11.4399995803833 11.2700004577637 11.3699998855591 11.2700004566056 11.1300001144409 10.9799995422363 10.7299995422363 10.1499996185303 9.97000026702881 9.77000045776367 9.52999973297119 9.27000045776367 9.5600004196167 9.69999980926514 9.43000030517578 8.60000038146973 7.92000007629395 7.6300001149714 7.46999979057587 7.1399998664856 6.65999984741211 6.67999982833862 6.90999984741211 7.09000015258789 7.46000003814697 7.80000019073486 7.80999994277954 7.69999980926514 7.63000011444098 7.67999982833862 7.55999994277954 7.53000020980835 7.53000020980835
-9999 -9999 -9999 -9999 -9999 13 13.4899997711182 13.1899995803833 13.0200004158803 12.7399997711182 12.5699996948242 12.539999961853 12.5100002288818 12.0000001209326 11.8100004196167 11.5600004196167 11.6000003814697 11.3400001525879 11.4300003051758 11.1999998092651 10.9099998474121 10.289999961853 10.2899999620176 10.0699996948242 9.47000026702881 8.80000019073486 9.53999996185303 9.73999977111816 9.53999996185303 9.07999992370605 8.63000011444092 8.64000034332275 8.59000015258789 8.42000007629394 7.099999904944 7.03000020993396 7.23000001907349 7.42999982833862 7.84999990463257 8.47999954223633 8.13000011444092 7.90000009536743 7.76000022888184 7.61000013351441 7.48000001907349 7.51999998092651 7.59999990463257
-9999 -9999 -9999 -9999 12.5900001525879 12.5100002288818 12.9200000762939 13.1099996566772 12.8100004196167 12.6800003051758 12.5600004196167 12.5200004577637 12.8199996948242 12.5200004577637 12.1199999312288 11.8900003433228 11.7200002670288 11.6000003814697 11.6800003045147 11.3599996566772 11.2399997711182 11.1800003051758 10.8299999237061 10.6099996566772 10.1300001144409 9.8100004196167 10.0600004196167 10.2499999999567 10.1899995803833 9.97000026702881 9.72999954223633 9.76000022888184 9.68000030520157 9.48999977111817 8.9399995803833 8.5600004196167 8.36999988555908 8.46000003814697 8.13000011445193 8.06999969482785 8.14999961853172 8.02999973297291 7.80999994278044 7.5500001907354 7.36999988555908 7.5 7.73000001907398
-9999 -9999 -9999 -9999 11.960000038147 12.4099998474121 12.8800001144409 13.0799999237061 12.6300001144409 12.659999913199 12.9200000762939 13.0500001907349 13.1599998474121 12.7299995422363 12.4200000762939 11.7200003057156 11.9399995803833 11.8000001907349 11.4099998474121 11.4200000762939 11.4300003051758 11.9399995803833 11.4300003051758 11.2299995422363 10.9899997711182 10.8500003814697 11.0200004577637 11.1199998855591 11.1400003433228 11.0600004196167 10.789999961853 10.7799997329712 10.979999542232 10.5600004196167 10.039999961853 9.5600004196167 9.28999996185303 9.22000026702941 9.3100004196167 9.42000007629395 9.53999996185303 9.32999992370606 9.0600004196167 8.47999954223633 8.22999954223633 8.10999965667724 8.18000030517578
-9999 -9999 -9999 -9999 11.8800001144409 12.3400001525879 12.8100004196167 13.0100002288818 13.2299995422363 13.1999998092651 13.0299997329712 13.210000038147 13.1800003051758 12.6199998855591 12.1499996185303 12 11.6800003051758 11.5600004196167 11.3199996948242 11.3500003814697 11.4600000275271 11.6300001144409 11.5200004577637 11.6499996185303 11.8199996948242 11.8400001525879 12.039999961853 12.1000003814697 12.0799999237061 11.9099998474121 11.7200002670288 11.6899995803833 11.6099996566772 11.3999996185303 11.0500001907349 10.6199998855591 10.2600002288818 10.0500001907361 10.1499996185303 10.6199998855591 10.8699998855591 10.5600004196167 10.0699996948238 9.26000022888184 8.67000007629395 8.52999973297119 8.25
-9999 -9999 -9999 -9999 11.2399963010668 12.8299999237061 12.2600001853884 12.1199998855591 12.7700004577637 13.3599996566772 13.1400003433228 13.0699996948242 12.8299999237061 12.3500003814697 11.8800001144409 11.5299997329712 11.1700000762939 10.6300001144409 10.9200000556604 10.5900001525879 11.2799997329712 11.5299997329712 11.6700000762939 11.9399995803833 12.6099996566772 13.0200004577637 13.0699996948242 12.8500003814697 12.8000001908112 12.6400003433228 12.3400001525879 12.1700000762939 12.1999998092651 12.1700000762939 11.9799995422363 11.6499996185303 11.2299995422363 10.9200000762959 10.9200000762939 12.1599998474121 12.75 11.9399995803833 11.2899999618529 10.1599998474121 9.4399995803833 8.80000019073486 8.64000034332275
-9999 -9999 -9999 -9999 9.02999973297119 12.5499998233001 11.8599996566772 12.210000038147 12.5200004577637 12.7200002670288 12.7799997329712 12.5100002288818 12.4499998092651 11.9399995803833 11.4899997711182 11 10.7600002288818 10.3900003433228 10.1899995803833 9.6899995803833 10.539999961853 11.2700004349589 11.5600004196167 13.0399999605514 13.039999961853 14.1199998855591 13.9700002670288 13.7399997711182 13.5100002288818 13.3699998855591 12.8299999237061 12.5 12.2799997329712 12.5600004196167 12.8199996948242 12.6300001144409 12.1400003433228 11.9499998092651 12.1599998474121 14.2399997711182 15.1099996566772 13.0200004577637 11.9700002670288 10.789999961853 9.85000038146973 9.3100004196167 8.93000030517578
-9999 -9999 -9999 -9999 9.85000038146973 7.63000011444092 10.3800005309136 11.3700000834115 12.3100004196167 11.9799995422363 11.7600002288818 11.6000003814697 11.6400003433228 11.5200004577637 11.2600002288818 10.6800003051758 10.5200004577637 10.1000003814697 9.40999984741211 10.0699996948242 10.2799997329712 10.7600002288818 12.6400003406298 13.7399997711182 14.0500001900978 14.7799997329712 14.6999998092651 13.5299997329712 13.539999961853 13.8900003433228 13.4899997711182 13.0799999237061 12.8999996185303 13.1499996185063 13.4300003051758 13.3400001525879 12.8299999237061 12.7799997329712 13.1000003814697 14.3299999237061 14.3699998855591 13.0699996948242 11.9200000762945 11.3199996948242 10.3100004196167 9.81999969482422 9.43000030517578
-9999 -9999 -9999 -9999 8.56999969482422 8.92000007629395 8.10000038146973 10.4000004306739 12.3900003433228 11.960000038147 11.3100004196167 11.1000003814697 11.1000003934306 11.3699998855591 11.0200004577637 10.4399995803833 10.0500001883691 9.44999980926514 9.03999996185303 9.67000007629395 10.2200002670288 10.9700002654438 12.510000218827 13.0699996948242 13.3699998855591 13.7399997711182 15.1300001144409 14.0900001525879 13.9799995422363 13.8500003814697 13.2399997711182 13.1700000762939 13.2700004577637 13.1599998474121 13.9899997711182 14.1199998855591 13.3599996566772 13.1099996566772 13.3000001907349 13.9300003051758 13.6899995803833 12.3500003814697 12.039999961853 11.3000001907349 10.6700000762939 10.1199998855591 9.97000026702881
-9999 -9999 -9999 -9999 8.39999834977179 7.34000015258789 7.59000015258789 11.8800001144409 11.5699996948242 12.6199998855591 11.5699996948242 11.3999996185303 11.3599996566772 11.2700004577637 10.6199998855591 10.3199996948242 9.35999965667724 8.78999996049049 9.03999996171698 9.63000011444092 10.1999998079108 10.4099998474121 12.210000038147 12.8100004196167 13.1700000762939 13.5200004577637 14.1000003814697 13.9700002670288 14.0799999237061 14.0200004577637 14.039999961853 13.7200002670288 13.8000001907349 13.6899995803833 14.6000003814697 15.0500001907349 13.8900003433228 13.289999961853 13.4300003051758 13.710000038147 13.0600004196167 12.0500001907349 12.210000038147 11.5100002288818 11.1400003433228 10.6999998092651 10.539999961853
-9999 -9999 -9999 -9999 7.3600001335144 6.53999996185303 7.53000020980835 9.01000022888184 14.8500003814697 13.4899997711182 12.1199998855591 11.5200004577637 11.0200004577637 11.0600004196167 10.8299999237061 10.1099996566772 9.22000026702881 8.39999961853027 8.5600004196167 9.32999992370605 9.80000019073486 9.94999980926514 11.1300001144409 12.1400003366189 13.0799999237061 13.9799995422363 14.0500001907349 13.9700002670288 13.8800001144409 13.8599996566772 14.3800001144409 14.2299995422363 14.0500001907349 14.0900001525879 14.789999961853 15.0900001525879 14.3000001907349 13.6999998092651 13.7399997711182 13.7600002288818 13.3000001907349 12.8500003814697 12.5500001907349 12.1000003814697 11.6000003814697 11.3699998855591 11.0500001907349
