SnowAccumulation_R/test/tmax/final_tmax_22_04_2009.asc
NCOLS 97 
NROWS 69 
XLLCORNER 52512.810182332 
YLLCORNER 5316225.2758522 
CELLSIZE 10000 
NODATA_value -9999 
[rows 42 to 62 of 69, columns 47 to 93 of 97]
16.1900005340576 15.8199996948242 15.9300003051758 16.0599994659424 16.0400009155273 15.6800003051758 15.789999961853 16.1800003051758 16.6000003814697 16.8799991607666 17.1299991607666 17.4699993133545 17.6299991607666 18.0300006866455 18.3299999237061 18.5100002291962 18.7999992370605 19.0900001525879 19.3400001506369 19.4699993133545 19.5 20.0499992345045 20.2700004577637 20.7900009155273 20.8700008392334 21.0300006866455 21.3500003814697 21.5499992370605 21.6700000762939 21.9099998474121 21.8999996185303 21.9799995422363 22.4099998474121 22.8099994659424 23.0400009155273 24.5400009155273 25.7199993133545 25.7000007629394 25.6499996185303 25.25 24.9500007629394 24.2099990844727 23.4099998474121 23.5200004577637 23.6000003814697 23.4899997711182 23.3500003814697
16.2999992370605 16.2299995422363 16.2900009155273 16.2199993133545 16.3799991607666 16.1299991607666 16.2099990844727 16.4599990844727 16.7900009155273 17.0100002288818 17.4099998474121 17.7600002288818 17.9300003051758 18.2800006866455 18.6100006103516 18.7199993133545 19.1499996185303 19.3500003814697 19.510000229144 19.5900001540783 19.9899997711182 19.9899997719806 20.3700008392334 20.6800003051758 21.2000007629395 21.3299999237061 21.5799999237061 21.7800006866455 21.8600006103516 22.2000007629395 22.4300003051758 22.5 22.9300003051758 23.4400005340576 23.7099990844727 23.9899997711182 25.0900001525879 25.1800003051758 25.5699996948242 25.3600006103516 25.1499996185303 24.5799999237061 24.0300006866455 23.9699993133545 24 23.8999996185303 23.7800006866455
16.3700008392334 16.6900005340576 16.6399993896484 16.7099990844727 16.7199993133545 16.3700008392334 16.5400009155273 16.8400001525879 17.1900005340576 17.3700008392334 17.7099990844727 18.0300006866455 18.1900005340576 18.5300006866455 18.7999992370605 18.9400005340576 19.3700008392334 19.5599994659424 19.6200008398681 20.0599994659424 20.0499992370605 20.1200008392334 20.3600006103516 20.9899997711182 21.1800003051758 21.6000003814697 21.9799995422363 22.0799999238284 22.1399993896484 22.4300003051758 22.5900001525879 22.9799995422363 23.3799991607666 23.6200008392334 24.1499996185303 24.5799998931099 24.6200008258265 24.6299991607666 25.3999996185303 25.4400004718511 25.3700008392334 25.0300006866455 24.7000008845923 24.6000003814697 24.5200004577637 24.4099999573764 24.2900024717123
16.7700004577637 16.75 16.6399993896484 16.7399997711182 16.8400001525879 16.75 16.8600006103516 17.1499996185303 17.4200000762939 17.5300006866455 17.9599990844727 18.2800006866455 18.4400005340576 18.7600002288818 19.0599994659424 19.2000007641082 19.4200000760377 19.9500007629395 20.1399993896484 20.25 20.3500003814697 20.4400005340576 20.7900009155273 21.0599994659424 21.2600002288818 21.5200004577637 22.2199993133545 22.3500003814697 22.5400009155273 22.7600002288818 22.8799991607666 22.9500007629395 23.4099998474121 23.7299995422363 24.0799999354288 24.4899997711182 24.5499992370605 24.7900009155273 24.8700008392334 24.7600002288818 25.5 25.3400001525879 25.2600002288818 25.1700000762939 25.0900001525879 25.0400009155273 25.4799995422363
16.7700004577637 16.7600002288818 16.6900005340576 16.5100002288818 16.8799991607666 16.8799991607673 17.0300006866455 17.3299999237061 17.6399993896484 17.7399997711182 18.1499996185303 18.5900001525879 18.7900009155273 18.9200000770961 19.1900005340576 19.3600006103516 19.8600006103516 20.2399997711182 20.3600006103516 20.5200004577637 20.7199993133545 20.8500003814697 21.2700004577637 21.8600006103516 21.9699993133545 22.0900001525879 22.4500007629395 22.5200004577637 22.7099990844727 22.8999996185303 22.9899997711182 22.9699993133545 23.4400005340576 23.5900001525879 23.8700008392334 24.5499992370605 24.6800003051758 24.7099990844727 24.9400005340576 25.2199993133545 25.4400005340576 25.6700000762939 25.5599994659424 25.5200004577637 25.5900001043544 25.9300003051758 25.9200000762939
16.8600006103516 16.9899997711182 16.8199996948242 16.6499996185303 16.9699993133545 17.1200008392319 17.1900005340576 17.5400009155273 17.7000007629475 17.9799995422363 18.4599990845807 18.7000007631967 19.0200004577637 18.9099998474121 19.1499996189998 19.8600006103516 20.1000003814697 20.3799991607666 20.5499992370605 20.7800006866455 21.2800006866455 21.4500007629395 21.8600006103516 22.2800006866455 22.3299999237061 22.4899997711182 22.4799995422363 22.5 22.8299999237061 23.0699996944343 23.1200008392334 23.1599998474121 23.3099994659424 23.4500007629395 23.7999992370605 24.1100006103516 24.6499996185303 25.1000003814697 25.2399997711182 25.4300003051758 25.6000003814697 25.6000003814697 25.8299999237061 25.7600002288818 25.7800010320701 25.9799995422363 25.9500007629395
17.2600002288818 17.1399993896484 17.0900001525879 16.7700004577637 17.0699996948242 17.2199993133551 17.4300003051758 17.8299999237689 17.989999771231 18.5100002288818 18.5400009155273 18.7399997711303 18.7800006866455 19.1200008392334 19.4099998479156 20.3099994659424 20.5100002288818 20.6100006106643 21.0699996948242 21.4099998474121 21.6700000774754 22.1100006103516 22.3400001525879 22.4599990847265 22.5200004577637 22.5699996948242 22.5599994659424 22.6800003051758 22.8899993896484 23.0699996948242 23.1399993896484 23.2399997711182 23.3099994659424 23.4599990844727 23.7999992370605 24.2700004577637 24.6800003051758 25.1399993896484 25.3600006103516 25.6000003814697 25.8400001525879 25.8199996948242 25.5200004577637 25.9999999824202 26.0499992370605 25.9799995422363 25.9300003051759
17.4500007629395 17.3899993896484 17.3099994659424 17.25 17.5 16.9300003051758 17.8099994659424 18.3999996185303 18.3999996185303 18.5300006866455 18.3999996185303 18.6000003814697 18.9200000762939 19.3199996948242 19.6499996185303 20.7099990844727 20.8299999237061 21.0599994659424 21.4899997711182 22 22.0400009155273 22.4500007629394 22.6399993896484 22.6499996185303 22.7900009155273 22.8899993896484 22.8799991607666 23.0400009155273 23.1599998474121 23.2299995651691 23.2800006866455 23.3199996948242 23.3099994659424 23.5699996948242 24.0300006866455 24.3700008392334 24.7099990844727 24.8899993744323 25.0799999237061 25.7000007629395 25.8799991217309 25.8600006103516 25.8299999237061 25.8700008392334 26.0100002288818 26.1000003814697 26
17.6399993896484 17.7399997711182 17.3700008392334 17.3299999237061 17.5599994659424 16.7999992370605 17.3799991607666 18.25 17.8600006103516 19.0400009155273 18.9899997711182 19.1000003814697 19.3199996948242 19.6800003051758 20.4400005340576 21.0300006866455 21.1399993896484 21.2399997711182 21.7399997711182 22.2700004577637 22.4500007629394 22.3700008392334 22.7999992370605 22.7900009155273 23.0100002288818 23.1599998474121 23.2600002288818 23.2099990844727 23.350000401718 23.4300003051758 23.4300003051758 23.3899993893343 23.3899993896484 23.6000003814697 23.7600002288818 24.2600002288818 24.7900009155273 24.75 25.2199993133545 25.7299995422363 25.7800006866455 25.8899993896484 25.7600002288818 25.8199996948242 25.9400005340576 26.1200008392334 26.1000003814697
18.1499996185303 17.8299999237061 17.4099998474121 17.0799999237061 17.0599994659424 17.0300006866455 18.0699996948242 19 19.0499992370605 19.5300006866455 19.7399997711182 19.5100002288818 19.8400001525879 20.7299995422363 20.9599990844727 21.1800003051758 21.1900005340576 21.4899997711182 21.8799991607666 22.5900001525879 22.6000003814697 22.3600006103516 22.7800006866455 23.0699996948242 23.1700000762939 23.3299999237061 23.3400001525879 23.229999578822 23.6000003811844 23.4599990844727 23.3500003814697 23.4799995422363 23.5100002288818 23.7000007629395 23.7600002288818 24.3500003814697 24.9799995422363 25.1399993896484 25.3899993896484 25.8899993896484 25.9400005340576 25.9300003051758 25.8600006237465 25.8700008392334 25.8400001525879 25.8099994659424 25.8299999237061
18.8500003814697 17.7900009155273 18.0499992370605 18.2800006866455 18.4799995422363 18.4500007629395 19.0599994659424 19.6499996185303 19.8199996948242 20.0699996948242 20.2600002288818 20.3199996948242 20.2900009155273 21.1499996185303 21.4300003051758 21.4599990844727 21.5599994659424 21.9799995422363 22.4300003051758 22.7600002288818 22.8400001525879 23.0499992370605 22.9899997705071 23.0699996948242 23.2399997711182 23.2900009155273 23.3899993896484 23.6299991607666 23.6200008392334 23.4400005340576 23.1499996185303 23.2800006866455 23.3199996948242 23.3400001525879 23.5599994659424 23.7600002288818 24.4599990259138 25 25.6299991607666 25.8099994659424 25.9400005008714 25.6900005340576 25.7000007629394 25.8400001525879 25.7299995422363 25.7299995422363 25.7999992370605
19.5799999237061 18.8999996185303 18.7900009155273 19.1100006103516 19.3799991607666 19.4500007629394 19.7700004577637 20.1800003051758 20.3899993896484 20.6000003814697 20.7800006866455 20.7999992370605 20.6700000762939 21.4300003051758 21.7700004577637 22 22.0599994660574 22.4500007629395 22.9400005340576 23.1599998483199 23.6299991607666 23.5699996948242 23.4500007629395 22.8099994659424 22.9400005451194 22.9500007629395 23.3299999237061 23.3700008392334 23.2900009155273 22.9599990844727 22.7000007629395 22.8199996948242 22.8299999237061 23.4300002946745 23.5699996948242 24.0300006866455 23.9300003051758 24.8700008392334 25.5900001525879 25.7399992127622 25.5200004577637 25.9699993133545 25.9200000762939 25.8199996948242 25.8500003814697 25.8199996948242 25.7800006866455
19.9500007629395 19.8199996948242 19.7099990844727 19.75 20.0900001525879 20.0599994659424 20.3400001525879 20.6499996185303 20.8600006103516 20.9899997711182 21.2399997711182 21.2900009155273 21.4400005340576 21.6299991609776 22.1900005340576 22.3299999237061 22.4200000765247 22.7000007629395 23.0799999237061 23.2999992370605 23.6800003051758 23.9200000762939 23.7199993133545 23.6299991607666 23.5300006866455 23.2000007629395 23.1000003814697 23.2999992370605 23.0599994659424 22.8600006103516 22.9300003051758 22.7600002288818 22.9099998474121 22.9400005340576 23.6000003814697 24.1599998474121 24.2999992370606 24.9400005340576 25.049999148288 25.1100006103516 25.4500007629395 25.7999991118917 26.0799999237061 26.0499992370605 26.0900001525879 25.8600006103516 25.75
20.3199996948242 20.2399997711182 20.3799991607666 20.5100002288818 20.6599998474121 20.8099994659424 20.9500007629395 21.1000003814697 21.3400001525879 21.3799991607666 21.2800006866455 21.6200008392334 22.1499996185303 22.329999923828 22.6399993896484 22.9099998474121 23 23.1399993896484 23.4500007629394 23.5799999237061 23.6200008392334 23.999999996576 23.8600006103516 23.9799995422363 23.7299995422363 23.2900009155273 23.7800006866455 23.7000007627895 23.6800003051758 23.3700008392334 23.3799991607666 23.2399997711182 22.9300003051758 23.1299991607666 23.3999996185303 24.1299991607666 24.4300003051758 25.159999621075 25.0900001525879 25.2199993133545 25.5900001525879 25.5599994659424 25.9400005340576 25.8899993896484 26.0200004577637 26.0200004577637 25.8500004842572
20.7000007629395 20.7800006866455 20.8700008392334 21.1599998474121 21.2399997711182 21.3199996948242 21.5400009155273 21.5699996948242 21.6399993896484 21.9799995422363 21.9699993133766 22.1399993896484 22.4300003051758 22.5200004577637 22.9599990844727 23.2600002288818 23.4400005340576 23.6499996185303 23.8600006103516 23.8999996228872 24.0599994659424 24.1000003814697 24.0100002288818 23.9699993133545 24.1000003813105 23.75 24.0599994659424 24.1399993896484 24.0699996948242 23.8099994659424 23.5699996948242 23.5 23.1499996223297 23.2600002288818 23.9200000762939 24.1200008392334 24.6199983316358 19.5974998474121 19.6725006103516 19.4699993133545 19.1025009155273 18.9974994659424 18.8649997711182 18.829999752403 19.0125007629395 18.7250003814697 18.3050003051758
21.1599998474121 21.3799991607666 21.4200000762939 21.6000003814697 21.7000007629395 21.7199993133545 22.0100002288818 22.1100006103516 22.1100006103516 22.3999996185303 22.4300003051758 22.7399997711182 22.4400005340576 22.6000003814697 23.0799999237061 23.4699993133545 23.6800003051758 23.9500007684238 24.1499996185303 24.2075004577637 24.1674995422363 23.9374999996936 24.125 23.6674995422363 23.2999992370605 22.7999992370605 22.6825008392334 22.7124996185303 22.7099990844727 22.1800003051758 21.4974994659424 21.0349998474121 21.0974998474121 20.0349998474121 20.0400009155273 20.1650009449239 20.5750007629395 20.3950004577637 20.3325004577637 19.6100006103516 19.1525001525879 18.7674999237061 18.9475002288818 18.6825008392334 18.9174995422363 18.5874996185303 18.1275005340576
25.8624992370605 26.2224998474121 26.3349990844727 26.3575000762939 26.1674995422363 25.9424991607666 25.5825004577637 25.7374992370642 25.6749992370606 25.3924999237061 25.1625003814697 25.1574993133545 24.3449993133545 23.9449996948242 24.2175006866455 24.4775009154618 24.5200004577637 24.4599990844727 24.3349990840092 23.9699993133545 23.7849998474121 24.2250003814697 24.3624992370605 23.5450000762939 23.0400009155273 23.3024997711182 23.0499992370605 23.1299991607666 22.9599990844727 22.6674995402063 21.3374996185303 20.6000003814697 20.6399993896484 20.6550006866455 20.0800002633055 20.5949993133545 20.7299995422363 20.8299999237061 21.0550003051758 19.9150009155273 19.5125007629395 18.7900009155273 19.2900009155273 19.1700000762939 19 18.8299999237061 18.0650018560826
25.9300003051758 26.1275005340576 26.3400001525879 26.5575008392334 26.1100006103516 25.7425003051758 25.7299995422363 25.6800003051829 25.8374996185303 26.0025005340576 25.7975006103516 25.3850002288818 24.5100002295202 23.8549995427117 24.1949996948242 24.2875003814697 24.2224998474121 23.9825000762939 23.9750003814697 23.9025001525879 23.8950004577637 23.9475002288818 24.6499996185303 23.5550003051758 23.2800006866455 23.7975006103516 23.3400001531465 23.5 23.1075000762939 22.6200008392334 21.2150001525879 20.4074993133545 20.3899993896484 20.5349998663519 20.8999995446756 21.0200004577637 20.7800006866455 20.7700004577637 21.3150005340576 20.1049995422363 19.375 18.8024997711182 18.7875003814697 18.875 18.8474998474121 18.8150005340576 18.8349990844727
26.2199993133545 26.3899993896484 26.4575004577637 26.6474990844727 26.3274993896484 25.9225006103516 25.8500003814697 26.0174999237061 26.0475006103516 26.3675003051899 26.3449993136102 25.9724998474121 25.7399997711182 25.3449993133545 24.3649997711182 24.0774993893653 23.9974994659424 24.0424995422363 24.2075004577637 23.9025001525879 23.9974994659424 24.0575008392334 24.7999992370605 23.8799991607666 23.7900009155273 24.2250003814697 23.8775005340576 23.6674995422363 23.2450008392334 22.6725006103516 21.1625003814697 20.7800006873949 20.7600003435871 21.0674991607666 20.9899997711182 20.9899997711182 21.2625007629395 21.0849990844727 20.9200000762939 20.3925008189514 19.4274997711182 18.5974998474121 18.8150005340576 18.9575004577637 18.5275001525879 19.2425003051758 19.0174999237061
26.3299999237061 26.5149993896484 26.5699996948242 26.7325000762939 26.8225002288818 26.4174995422564 26.170000076302 26.25 26.6424999237061 26.6550006866455 26.7800006866455 26.6100006103516 26.0349998474121 25.8299999237061 25.0424995422363 24.6424999237061 24.1424999237061 24.1000003814697 24.1275005340576 24.5349998474121 24.3474998474121 24.5174999237061 25.0949993133545 25.0049991607666 24.4575004577637 24.5599994659424 23.8525009155273 24.1000003814697 23.0774993896484 22.1350002288818 21.3649997711182 21.9475002288818 21.4449996948242 21.3675003051758 21.2975006103516 21.2450008392334 21.4174995363437 21.4300003051758 21.2649993896484 21.3374996185303 19.6149997711182 18.9874992370605 18.8400001525879 18.9300003051758 19.1149998094482 19.6399993896484 19.5125007629395
26.5249996185306 26.6875 26.6924991607666 26.7775001525879 26.6399993896491 26.9200000762939 27.1399993896484 26.9775009155273 26.8099994659424 26.7749996185303 26.9750003814697 27.1025009155273 27.2024993895447 26.6499996185303 25.8649997711182 25.5275001525879 24.7325000762939 24.4825000762939 24.4825000762939 24.4274997711182 24.5499992382446 25.0625 25.5674991607666 25.6025009155273 25.3225002288818 24.8775005340576 24.3675003051758 24.3775005340576 23.6674995335118 22.3125 22.4974994659424 22.6749992370605 22.2099990844727 21.8724994676652 21.8050003051758 21.3649997711182 21.3824996948242 20.8500003814697 20.6424999237061 21.0249996185303 20.3325004577637 19.3024997711182 19.2124996185303 19.3825005256523 19.9099998474121 19.9274997711182 19.4750004976942
