SnowAccumulation_R/test/tmax/final_tmax_03_04_2009.asc
NCOLS 97 
NROWS 69 
XLLCORNER 52512.810182332 
YLLCORNER 5316225.2758522 
CELLSIZE 10000 
NODATA_value -9999 
[rows 40 to 59 of 69, columns 47 to 93 of 97]
3.94000005722046 3.97000002861023 3.95000004768372 3.97000002861023 3.98000001907349 3.94000005722046 4.05999994277954 4.21000003814697 4.38000011444092 4.46000003814697 4.44999980926514 4.3899998664856 4.40999984744082 4.51000022888184 4.6100001335144 4.80999994277954 4.76000022888184 4.71999979019165 4.67999982833862 4.71000003814697 4.88000011444092 4.90000009536743 4.84000015258789 4.67000007629395 4.30000020447908 4.26000022737636 3.82999992370605 3.69000005722046 3.41000008634063 3.22000002861023 3.03999996185303 3.07999992370606 3.15000009536743 3.15000009536743 3.23000001907349 3.23000001907349 3.25999999046326 3.20000004768372 3.09999990463257 2.49000000953674 2.09999990463257 1.91999995708466 1.54999995231628 1.37000000476837 1.27999997138977 0.990000009536743 0.610000014305115
4.42000007629395 4.1399998664856 4.30000019073486 4.28999996185303 4.42999982833862 4.07000017166138 4.17999982833862 4.28999996185303 4.53000020980835 4.57999992370605 4.51999998092651 4.46000003814697 4.46999979019165 4.5 4.65000009536743 4.71000003814697 4.61999988555908 4.6100001335144 4.6399998664856 4.67000007629395 4.61999988555908 4.6100001335144 4.40999984741211 4.32999992370605 4.26000022888184 4.21999979019165 3.83999991416931 3.72000002861023 3.61999988555908 3.32999992370605 2.89000010490417 2.73000001907349 3.03999996185303 2.69000005722046 3.0599999171807 3.1800000667572 3.22000002861023 3.09999992199445 2.75999999046326 2.39000010490417 1.96000003814697 1.75 1.44000005722046 1.32000005245209 1.28999996185303 1.17999994754791 0.920000016689301
4.65000009536743 4.40000009536743 4.55999994277954 4.59999990463257 4.53999996185303 4.05000019073486 4.05999994277954 4.28999996185303 4.51000022888184 4.67999982833862 4.59000015258789 4.59000015258789 4.55999994277954 4.63000011444092 4.57999992370606 4.59999990474686 4.59000015258789 4.59000015258789 4.55999994310471 4.55999994277954 4.23999977111816 4.48999975286076 4.11000013351441 4.21999979019165 3.83999991416931 3.80999994277954 3.74000000953674 3.57999992370605 3.51999998092651 3.39000010490417 2.96000003814697 2.79999995231628 2.6800000667572 2.41000008583069 2.27999997138977 2.69000005722046 2.90000009536743 2.64000010490417 2.53999996185303 2.28999996185303 2.11999988555908 1.70000004768372 1.3400000333786 1.3400000333786 1.35000002384186 1.33000004291534 1.28999996185303
4.78000020980835 4.67999982833862 4.78000020980835 4.67999982833862 4.59999990463257 4.38000011444092 4.3600001335144 4.40999984741211 4.5 4.59999990463257 4.69000005722046 4.67999982833862 4.65999984741211 4.65000009536743 4.61999988555908 4.53000020980835 4.65999984741211 4.51000022888184 4.51999998066432 4.21000002963003 3.75999999046326 3.57999992418516 3.76999998092651 3.74000000953674 3.91000008583069 3.84999990463257 3.71000003814697 3.51999998092651 3.41000008583069 3.33999991416931 3.08999991416931 2.90000009536743 2.72000002861023 2.53999996185303 2.4300000667572 2.05999994277954 2.20000004768372 2.10999989509583 2.28999996185303 2.16000008583069 2.04999995231628 1.77999997138977 1.51999998092651 1.48000001907349 1.5 1.49000000953674 1.48000001907349
4.92000007629395 5.01000022888184 4.88000011444092 4.75 4.71999979019165 4.46999979019165 4.57000017166138 4.69000005722046 4.80000019073486 4.84000015258789 4.82000017166138 4.73000001907349 4.69999980926514 4.61999988555908 4.48999977111816 4.44000005722046 4.55000019073486 4.3600001335144 4.21999978416204 3.90000009536743 3.47000002861023 3.39000010490417 3.35999989509583 3.74000000953674 3.76999998092651 3.84999990463257 3.86999988555908 3.76999998055954 3.42000007629395 3.26999998092651 3.19000005722046 3.04999995231628 2.82999992370606 2.73000001907349 2.53999996185303 2.18000005696643 1.77999999485193 1.62000000476837 1.99000000953674 1.99999993779344 1.99000000953674 1.86000001430511 1.73000006773468 1.67999994754791 1.69000005722046 1.71000003814697 1.70000073022135
5.28000020980835 4.98999977111816 4.80999994277954 4.67000007629394 4.71000003814697 4.76000022888184 4.78000020980835 4.88000011444092 4.8899998664856 4.82000017166138 4.88000011444092 4.75 4.67999982833862 4.55999994277954 4.44999980926514 4.38999986543986 4.21000003413307 4.01000022888184 4.03000020980835 3.75 3.49000000953674 3.4300000667572 3.5 3.5 3.54999995231628 3.48000001907349 3.84999990463257 3.79999995231628 3.57999992370605 3.34999990463257 3.23000001907349 2.77999997138977 2.64000010490417 2.64000010490417 2.24000002712101 2.04999995231628 1.86000001430511 1.64999997615814 1.44000005722046 1.26999998092651 1.83000004291534 1.78999996185303 1.78999996185303 1.86000001430511 1.9099999666214 1.94000005722046 2.23000001907349
5.38000011444092 4.98000001907349 4.67999982833862 4.32000017166138 4.46999979019165 4.80999994277758 4.76000022888184 4.90999984741211 5 4.88000011444092 4.84000015258789 4.80999994277954 4.78000020980835 4.36999988535112 3.75 3.74000000953674 3.9300000667572 3.96000003814697 3.91000008583069 3.70000004768372 3.57999992370606 3.5699999332428 3.73000001907349 4.07999992370605 4.03000020980835 3.82999992370606 3.85999989509582 3.74000000953674 3.53999996185303 3.29999995231628 3.15000009536743 2.65000009536743 2.53999996185303 2.33999991416931 2.03999996185303 2.05999994277954 1.92999994754791 1.52999997138977 1.38999998569489 1.47000002861023 1.5 1.77999997138977 1.73000001907349 1.85000002384186 2.06999978854579 2.20000004768372 2.36999988555908
5.13000011444092 5.03999996185303 4.82999992370605 4.51999998092651 4.46999979019165 4.80999994277459 4.65000009536743 4.94999980926514 5.07999992369456 4.96999979019165 4.90000009504326 4.88999986600843 4.1100001335144 3.38000011444092 3.48000001945568 3.96000003814697 3.8199999332428 3.75 3.75 3.65000009536743 3.88000011444092 3.9300000667572 4.07999992370605 4.26000022888184 4.15999984741211 4.01999998092651 3.6800000667572 3.52999997138977 3.49000000953674 3.31999993359728 3.15000009536743 2.72000002861023 2.5699999332428 2.21000003814697 1.99000000953674 1.97000002861023 1.88999998569489 1.78999996185303 1.70000004768372 1.5 1.39999997615814 1.38999998569489 1.71000003814697 1.79999995231628 1.88999988409956 2.00999999046326 2.15000009536743
5.03999996185303 5.01999998092651 4.92000007629394 4.65999984741211 4.46000003814697 4.57000017165886 4.53999996185303 4.90000009534024 5.07000017153108 4.15000009536743 3.4300000667572 3.53999996177206 3.11999988555908 3.19000005722046 3.35999989553366 4.11999988555908 3.9300000667572 3.83999991409714 4 4.03000020980835 4.15999984802472 4.34999990463257 4.32999992370605 4.32999992307142 4.11999988555908 3.90000009536743 3.74000000953674 3.55999994277954 3.4300000667572 3.41000008583069 3.07999992370605 2.72000002861023 2.5699999332428 2.23000001907349 2 2.10999989509583 1.91999995708466 1.80999994277954 1.76999998092651 1.57000005245209 1.46000003814697 1.42999994754791 1.28999996185303 1.81999980634013 1.77999997138977 1.8400000333786 1.91999995708452
4.98999977111816 4.96000003814697 4.78000020980835 4.48000001907349 4.53000020980835 3.47000002861023 3.9300000667572 4.13000011444092 3.5 2.94000005722046 2.55999994277954 2.70000004768372 2.8199999332428 3.00999999046326 3.25999999046326 4.21999979019165 3.94000005722046 4.01999998092651 4.1399998664856 4.3600001335144 4.25 4.42000007629395 4.38000011444092 4.26999998092651 4.19000005722046 4.05000019073486 3.90000009536743 3.77999997138977 3.57999992370605 3.47000004389862 3.15000009536743 2.80999994277954 2.59999990463257 2.34999990463257 2.21000003814697 2.22000002861023 1.96000003814697 1.64000001612724 1.57000005245209 1.6599999666214 1.53999997920261 1.48000001907349 1.46000003814697 1.49000000953674 1.6599999666214 1.82000005245209 1.77999997138977
4.98000001907349 5.17999982833862 4.80999994277954 4.51999998092651 4.51999998092651 2.98000001907349 3.00999999046326 3.25 2.45000004768372 3.26999998092651 2.9300000667572 2.95000004768372 2.9300000667572 3.07999992370605 3.89000010490417 4.23999977111816 3.97000002861023 3.90000009536743 4.09000015258789 4.32999992370605 4.36999988555908 4.03999996185303 4.30000019073486 4.19999980926514 4.23000001907349 4.17000007629395 4.15000009536743 3.84999990463257 3.70000006014424 3.59999990463257 3.29999995231628 2.92000007896468 2.74000000953674 2.46000003814697 2.33999991416931 2.19000005722046 2.05999994277954 1.78999996185303 1.70000004768372 1.73000001907349 1.62999999523163 1.54999995231628 1.41999995708466 1.45000004768372 1.55999994277954 1.75999999046326 1.76999998092651
5.26999998092651 5.17999982833862 5.03000020980835 3.85999989509583 3.25 2.90000009536743 3.52999997138977 4.01000022888184 3.72000002861023 3.83999991416931 3.70000004768372 3.16000008583069 3.24000000953674 4.09999990463257 4.19999980926514 4.09000015258789 3.74000000953674 3.91000008583069 3.98000001907349 4.38000011444092 4.25 3.8199999332428 4.07999992370606 4.30000019073486 4.25 4.23000001907349 4.13000011444092 3.80999997053411 3.99000000889485 3.64000010490417 3.28999996185303 3.24000000953674 2.92000007629395 2.65000009536743 2.46000003814697 2.33999991416931 2.25 2.11999988555908 1.85000002384186 1.89999997615814 1.80999994277954 1.66999995708466 1.53000000487963 1.50999999046326 1.49000000953674 1.46000003814697 1.50999999046326
5.28000020980835 4.42999982833862 4.75 4.78000020980835 4.55999994277954 4.26999998092651 4.42999982833862 4.61999988555908 4.57000017166138 4.3899998664856 4.15999984741211 4 3.50999999046326 4.32999992370605 4.5 4.15000009536743 3.9300000667572 4.21000003814697 4.32999992370605 4.32999992370605 4.26999998092651 4.28999996185303 4.1799998275442 4.17000007629395 4.21000003814697 4.19000005722046 4.07000017166138 4.1100001335144 4 3.65000009536743 3.21000003814697 3.19000005722046 2.95000004768372 2.60999989509582 2.50999999046326 2.09999990463257 1.96000003814697 2.03999996185303 2.05999994277954 2.01999998092651 1.8500000459655 1.54999995231628 1.50999999046326 1.53999996185303 1.42999994754791 1.42999994754791 1.49000000953674
5.30000019073486 4.94000005722046 4.8899998664856 5.1100001335144 5.1100001335144 5.01000022888184 4.94999980926514 5.01000022888184 5.05000019073486 4.84999990463257 4.63000011444092 4.40999984741211 3.78999996185303 4.42999982833862 4.67999982833862 4.57999992370605 4.46999978999991 4.53999996185303 4.69999980926514 4.7300000192626 4.80999994277954 4.67000007629395 4.53000020980835 3.84999990463257 3.86999989401808 3.77999997138977 3.99000000953674 3.85999989509582 3.72000002861023 3.28999996185303 2.92000007629395 2.95000004768372 2.77999997138977 2.86999988593413 2.73000001907349 2.39000010490418 2.02999997138977 1.96000003814697 2.01999998092651 1.9799996405272 1.63999998569489 1.8400000333786 1.75 1.60000002384186 1.58000005295747 1.54999995231628 1.51999998092651
5.19000005722046 5.32000017166138 5.28000020980835 5.30000019073486 5.46999979019165 5.28999996185303 5.28000020980835 5.28000020980835 5.34999990463257 5.1100001335144 5.03000020980835 4.88000011444092 4.65999984741211 4.69000005732594 5.01000022888184 4.78999996185303 4.71999979013396 4.69000005722046 4.76999998092651 4.82000017166138 4.90000009536743 5.01999998092651 4.80000019073486 4.65999984741211 4.40999984741211 4.01000022888184 3.75999999046326 3.79999995231628 3.51999998092651 3.23000001907349 3.23000001907349 2.96000003814697 2.98000001907349 2.95000004768372 2.96000003814697 2.5699999332428 2.28999996185303 1.97000002861023 1.63999997762456 1.62000000476837 1.67999994754791 1.80999987538052 1.98000001907349 1.87000000476837 1.87999999523163 1.66999995708466 1.58000004291534
5.13000011444092 5.30999994277954 5.51999998092651 5.65000009536743 5.67999982833862 5.73000001907349 5.6399998664856 5.51000022888184 5.65000009536743 5.36999988555908 4.90000009536743 5.15999984741211 5.42000007629394 5.42999982831423 5.3899998664856 5.34000015258789 5.26999998092651 5.09000015258789 5.11999988555908 5.1100001335144 4.92999982833862 5.19999980864259 5.11999988555908 5.09000015258789 4.6100001335144 4.09000015258789 4.3600001335144 4.1999998085904 4.03999996185303 3.65000009536743 3.59999990463257 3.36999988555908 3.01999998092651 3.11999988555908 2.98000001907349 2.61999988555908 2.39000010490417 2.0200000015026 1.99000000953674 1.82000005245209 1.91999995708466 1.82000005245209 1.99000000953674 1.87000000476837 1.94000005722046 1.89999997615814 1.76000007856731
5.11999988555908 5.51000022888184 5.63000011444092 5.92000007629395 5.92000007629394 5.92999982833862 5.98999977111816 5.78000020980835 5.71999979019165 5.8600001335144 5.71000003813867 5.65999984741211 5.59999990463257 5.5 5.6399998664856 5.61999988555908 5.65999984741211 5.57999992370606 5.53999996185303 5.46000004286696 5.48999977111816 5.46000003814697 5.34999990463257 5.09999990463257 5.09999990351798 4.51999998092651 4.59999990463257 4.59000015258789 4.36999988555908 4 3.74000000953674 3.53999996185303 3.11999988970386 3.09999990463257 3.10999989509583 2.94000005722046 2.55000178183106 5.25 5.38250017166138 5.30999994277954 5.19250011444092 5.23999977111816 5.27500009536743 5.16499986975465 5.26749992370606 4.96500015258789 4.54500007629395
5.19999980926514 5.67999982833862 5.78000020980835 5.98999977111816 6.05000019073486 6.01999998092651 6.17999982833862 6.09999990463257 5.98000001907349 6.09000015258789 6.01000022888184 6.09999990463257 5.44000005722046 5.44999980926514 5.65000009536743 5.76000022888184 5.84000015258789 5.86000014976605 7.68249988555908 7.83750009536743 8.13500022888184 7.96750021021225 8.34999942779541 7.94999980926514 7.62249994277954 7.44999980926514 7.625 7.82749986648559 7.85500001907349 7.16750001907349 6.4850001335144 6.20499992370605 6.25 5.28749990463257 5.32000017166138 5.41750002274818 5.90749979019165 5.98500013351441 6.05499982833862 5.51249980926514 5.13000011444092 5.34000015258789 5.40500020980835 5.1875 5.27500009536743 4.91499996185303 4.49499988555908
6.6875 7.13000011444092 7.28999996185303 7.49499988555908 7.46250009536743 7.31500005722046 7.11999988555908 7.34000015259086 7.24749994277954 7.18499994277954 7.01000022888184 7.17000007629395 6.49249982833862 6.1875 6.72499990463257 7.17000007617597 7.34250020980835 7.77250003814697 7.94999980919444 7.77750015258789 7.86250019073486 8.28499984741211 8.57499980926514 7.85500001907349 7.36499977111816 7.92500019073486 8.125 8.42749977111817 8.28750038146973 7.95249986336439 6.36999988555908 5.8125 5.84999990463257 5.92749977111816 5.28500016540037 5.76000022888184 5.98000001907349 6.24249982833862 6.63749980926514 5.74749994277954 5.57999992370606 5.47749996185303 5.82250022888184 5.7024998664856 5.52500009536743 5.30999994277954 4.5050013851804
6.74249982833862 6.83750009536743 7.1875 7.6875 7.41249990463257 7.08249998092651 7.19250011444092 7.2600002288995 7.61999988555908 7.74499988555908 7.61999988555908 7.38999986648559 6.63749980998915 6.13749981009552 6.63749980926514 7.21250009536743 7.42000007629395 7.63500022888184 7.7975001335144 7.85750007629395 7.98999977111816 8.15750026702881 8.83750057220459 7.86250019073486 7.56500005722046 8.47999954223633 8.28499984964672 8.80999946594238 8.42249965667725 7.88749980926514 6.33750009536743 5.57250022888184 5.5475001335144 5.73500011027014 6.05499974329327 6.16499996185303 5.94000005722046 6.0774998664856 6.72499990463257 5.94999980926514 5.55249977111816 5.47249984741211 5.30999994277954 5.41249990463257 5.43249988555908 5.45499992370605 5.5
