SnowAccumulation_R/test/tmax/final_tmax_23_04_2009.asc
NCOLS 97 
NROWS 69 
XLLCORNER 52512.810182332 
YLLCORNER 5316225.2758522 
CELLSIZE 10000 
NODATA_value -9999 
[rows 20 to 39 of 69, columns 0 to 45 of 97]
-9999 -9999 -9999 -9999 -6.73000001907349 -5.28000020980835 -5.07000017166138 -0.370000004768372 -3.0699999332428 -3 -1.99000000953674 -1.70000004768372 -1.10000002384186 0.180000007152557 -0.109999999403954 0.239999994635582 1 1.05999994277954 1.01999998092651 1.11000001430511 1.27999997138977 1.71000003814697 1.52999997138977 1.65999996613087 1.71000003814697 1.76999998092651 1.71000003814697 1.63999998569489 1.58000004291534 1.53999996185303 1.54999995231628 1.53999996185303 1.30999994277954 1.4099999666214 1.4099999666214 1.21000003814697 1.05999994277954 0.910000026226044 0.899999976158142 0.949999988079071 0.680000007152557 0.46000000834465 0.25 0.319999992847443 0.360000014305115 0.899999976158142
-9999 -9999 -9999 -9999 -4 -4.36999988555908 -3.50999999046326 -2.23000001907349 -4.80000019073486 -3.92000007629395 -3.72000002861023 -1.76999998092651 -1.12999999523163 -1.25999999046326 -0.860000014305115 -0.0900000035762787 0.600000023841858 0.990000009536743 1.04999995231628 1.12999999523163 1.36000001430511 1.44000005722046 1.46000003814697 1.5900000333786 1.70000004677626 1.78999996185303 1.73000001907349 1.62999999523163 1.52999997138977 1.48000001907349 1.47000002861023 1.39999997615814 1.28999996185303 1.27999997138977 1.24000000953674 1.24000000953674 1.0900000333786 1.02999997138977 1.03999996185303 0.759999990463257 0.75 0.469999998807907 0.239999994635595 0.280000001192093 0.689999997615814 0.75
-9999 -9999 -9999 -9999 -2.45000004768372 -5.46999979019165 -3.49000000953674 -2.04999995231628 -4.23999977111816 -5.32000017166138 -3.00999999046326 -3.21000003814697 -1.46000003814697 -1.75 -1.56999994471095 -0.319999992847443 0.140000000596046 0.779999971389771 0.949999988079071 1.00999999046326 1.11000001430511 1.28999996185303 1.3400000333786 1.44000005722046 1.64999997400679 1.67999994754791 1.62000000476837 1.62999999523163 1.57000005245209 1.38999998569489 1.45000004768372 1.4099999666214 1.32000005245209 1.30999994277954 1.25 1.22000002861023 1.1599999666214 1 1 0.389999985694885 0.5 0.509999990463257 0.430000007152557 0.340000003576279 0.419999986886978 0.660000026226044
-9999 -9999 -9999 -4.26999998092651 -3.57999992370605 -1.37000000476837 -3.36999988555908 -4.21000003814697 -5.53999996185303 -5.15999984741211 -4.09999990463257 -4.94999980926514 -1.99000000953674 -1.21000013871499 -0.75 0.330000013113022 0.569999992847443 0.689999997615814 0.860000014305115 0.9200000166893 0.949999988079071 1.23000001907349 1.23000001907349 1.25 1.41999995708466 1.36000001430511 1.46000003824197 1.62999999523163 1.5900000333786 1.49000000953674 1.47000002861023 1.38999998569489 1.37999999523163 1.37999999523163 1.28999996185303 1.25 1.12000000476837 1.08000004291534 1.01999998092651 1 0.370000004768372 0.370000004768372 0.449999988079071 0.370000004768372 0.400000005960464 0.839999973773956
-9999 -9999 -9999 -5.30000019073486 -4.6100001335144 -3.80999994277954 -6.23000001907349 -4.36999988555908 -5.84999990463257 -6.30999994277954 -4.86999988555908 -3.93000002156425 -2.91000008583069 0.0500000007450581 0.319999992847443 0.379999995231628 0.579999983310699 0.810000002384186 0.699999988079071 0.720000028610229 0.829999983310699 0.910000026226044 0.879999995231628 1.13999998569489 1.30999994277954 1.36000001456342 1.47000002861023 1.61000001430511 1.5900000333786 1.57000005245209 1.50999999046326 1.46000003814697 1.33000004291534 1.38999998569489 1.29999995231628 1.29999995231628 1.25999999046326 1.14999997615814 1.04999995231628 1.01999998092651 0.44999998807942 0.370000004768791 0.419999986887281 0.389999985695281 0.469999998807907 0.879999995231628
-9999 -9999 -9999 -5.48999977111816 -4.27999968897734 -3.64000010490417 -4.63999986648559 -4.94000005722046 -7.76999998092651 -4.82000017166138 -5.82000017166138 -0.119999997317791 -0.0399999991059303 0.0500000007450581 0.370000004768372 0.340000003576279 0.409999996423721 0.649999976158142 0.769999980926514 0.800000011920929 0.779999971389771 0.810000002384186 0.779999971389771 0.610000014305115 1 1.19000005722046 1.42999994754791 1.45000004761759 1.54999995231628 1.6599999666214 1.52999997138977 1.5 1.41999995708466 1.42999994754791 1.51999998092651 1.48000001907349 1.29999995231628 1.27999997138977 1.08000004291534 1.05999994277954 1.03999996185303 0.709999978542328 0.720000028610229 0.740000009536743 0.930000007152557 1.12000000476837
-9999 -9999 -9999 -5.32999380379189 -6.19000005722046 -0.990000009536743 -5.19999980926514 -6.05000019073486 -5.59999990463257 -6.69999980926514 -5.8899998664856 -5.01000022888184 0.0299999993294477 0.180000007152557 0.170000001788139 0.209999993443489 0.319999992847443 0.670000016689301 0.680000007152557 0.769999980926514 0.519999980926514 0.569999992847443 0.540000021457672 0.46000000834465 0.759999990463257 0.959999978542328 1.42999994608276 1.44000005741653 1.61000001430511 1.86000001430511 1.78999996185303 1.77999997138977 1.70000004768372 1.67999994754791 1.62000000476837 1.5 1.49000000953674 1.32000005245209 1.25 1.11000001430511 1.12000000476837 0.910000026226044 0.9200000166893 0.860000014305115 1.11000001430511 1.35000002384186
-9999 -9999 -9999 -0.389999985694885 -1.71000003814697 -1.09000133693045 -7.01000022888184 -3.5 -5.36999988555908 -4.92999982833862 -4.51000022888184 -5.03999996185303 -4.98999977111816 0.0900000035762787 0.119999997317791 0.159999996423721 0.28999999165535 0.230000004172325 0.300000011920929 0.270000010728836 0.370000004768372 0.389999985694885 0.400000005960464 0.540000021457672 0.769999980926514 1.04999995231628 1.24000000953674 1.38999998569489 1.70000004860324 1.96000003827037 1.92999994754791 1.87000000476837 1.87000000476837 1.77999997138977 1.67999994754791 1.48000001907349 1.5 1.49000000953674 1.4099999666214 1.22000002861023 1.19000005722046 1.21000003814697 1.14999997615814 1.13999998569489 1.17999994754791 1.33000004291534
-9999 -9999 -9999 2.6800000667572 -3.01999998092651 -4.26999998092651 -3.84999990463257 -5.30000019073486 -4.15999984741211 -5.23999977111816 -4.48000001907349 -5.07999992370606 -4.53999996185303 -4.55999994277954 0.129999995231628 -0.0799999982118607 0.310000002384186 0.150000005960464 0.159999996423721 0.0900000035762787 0.100000001490116 0 0.0900000035762787 0.0900000035762787 0.790000021457672 1.0900000333786 1.21000003814697 1.35000002384186 1.87000000472376 2 1.99000000953674 1.97000002861023 1.96000003814697 1.85000002384186 1.70000004768372 1.52999997138977 1.48000001907349 1.50999999046326 1.46000003814697 1.3400000333786 1.30999994277954 1.37000000476837 1.35000002384186 1.41999995708466 1.41999995708466 1.49000000953674
-9999 -9999 -9999 2.63000011444092 -1.82000005245209 -0.870000004768371 -1.96999997685307 -2.73000001907349 -0.990000009536743 -4.26000022888184 -6.09000015258789 -5.42000007629395 -6 -5.34999990463257 -0.150000005960464 -0.129999995231628 -0.109999999403954 0 -0.0299999993294477 -0.0399999991059303 -0.140000000596046 -0.349999994039536 -0.230000004172325 -0.200000002980232 0.209999993443489 0.689999997615814 1.0900000333786 1.27999997138977 1.76999998092651 1.70000004768372 2.02999997084725 2.06999993317761 1.99000000953674 1.95000004768372 1.82000005245209 1.62999999523163 1.62000000476837 1.5900000333786 1.55999994277954 1.62000000476837 1.36000001430511 1.42999994754791 1.60000002384186 1.71000003814697 1.58000004291534 1.85000002384186
-9999 -9999 -9999 5.74999785666543 1.37000000476837 0.150000005960464 -1.7500002441468 -4.01999998092651 -3.86999988555908 -2.29999995231628 -5.53999995243128 -4.48000001907349 -3.4300000667572 -5.86999988555908 -0.189999997615814 -0.189999997615814 -0.319999992847443 -0.270000010728836 -0.0900000035762787 -0.150000005960464 -0.379999995231628 -0.519999980926514 -0.589999973773956 -0.589999973773956 -0.0299999993294477 0.400000005960465 0.769999980926514 1.11000001430511 1.63999998569489 1.70000004742905 1.75999999028472 2.01999998092651 2.40000009536743 2.35999989509583 1.9099999666214 1.75999999046326 1.74000000953674 1.71000003814697 1.60000002384186 1.5900000333786 1.33000004291534 1.60000002384186 1.85000002384186 2.0699999332428 2.10999989509583 2.30999994277954
-9999 -9999 -9999 4.96000003814697 0.28999999165535 2.33999991416931 -2.71000003814697 -2.49000113176974 -4.76999998092651 -1.19000005722046 -2.40000009536743 -3.97000002861023 -4.34999990463257 -4.28000020980835 -0.239999994635582 -0.389999985694885 -0.370000004768372 -0.280000001192093 -0.219999998807907 -0.159999996423721 -0.560000002384186 -0.569999992847443 -0.629999995231629 -0.589999973773956 -0.310000002384186 -0.00999999977648258 0.610000014305115 0.899999976158142 1.41999995708466 1.42999994754791 1.46000003814697 1.52999997138977 2.24000000897935 2.24999999969783 1.79999995231628 1.76999998092651 1.72000002861023 1.73000001907349 1.75999999046326 1.66999995708466 1.50999999046326 1.79999995231628 2.15000009536743 2.19000005722046 2.3199999332428 2.57999992370605
-9999 -9999 -9999 0.959999978542328 4.04000001768579 0.259999990463257 1.37000000476837 -3.10999989509583 -2.30000020380021 -3.50999999046326 -2.45000004768372 -1.45000004768372 -2.11999988555908 -1.29999995231628 -0.28999999165535 -0.469999998807907 -0.449999988079071 -0.419999986886978 -0.239999994635582 -0.200000002980232 -0.469999998807907 -0.610000014305115 -0.699999988079071 -0.620000004768372 -0.540000021457672 -0.189999997615814 0.270000010728836 0.540000021457672 1.17999994754791 1.27999997138977 1.35000002384186 1.52999997110113 1.53999996160194 1.62000000476837 1.48000001907349 1.54999995231628 1.6599999666214 1.73000001907349 1.80999994277954 1.62000000476837 1.71000003814697 2.04999995231628 2.24000000953674 2.26999998092651 2.52999997138977 2.64000010490417
-9999 -9999 -9999 1.87000000476837 3.88000011444092 5.38000011444092 0.769999980926514 1.69000005722046 -1.60000002384186 -3.01999890577519 -3.86999988555908 -2.0699999332428 -2.61999988555908 -2.72000002861023 -0.490000009536743 -0.579999983310699 -0.560000002384186 -0.409999996423721 -0.540000021457672 -0.439999997615814 -0.680000007152557 -0.860000014305115 -0.689999997615814 -0.759999990463257 -0.579999983310699 -0.419999986886978 0.0700000002980232 0.129999995231628 0.5 0.839999973773956 0.980000019073486 1.16999995708466 1.10000002384186 0.850000023841858 0.899999976158142 1.45000004766905 1.65999996661469 1.75 1.87999999523163 2.04999995231628 1.85000002384186 2.13000011444092 2.27999997138977 2.53999996185303 2.58999991416931 2.83999991416931
-9999 -9999 -9999 -0.819999992847443 1.67999994754791 4.40999984741211 4.78000020980835 -1.21000003814697 1.10000002384186 -1.70000004768372 -3.05999926053351 -3.95000004768372 -3.66000008583069 -3.25 -0.730000019073486 -0.759999990463257 -0.230000004172325 -0.360000014305115 -0.519999980926514 -0.75 -0.699999988079071 -0.839999973773956 -0.560000002384186 -0.709999978542328 -0.709999978542328 -0.439999997615814 0 0.0399999991059303 -0.129999995231628 0.300000011920929 0.46000000834465 0.860000014305115 0.879999995231629 1.08000004291534 1.30999994277954 1.49000000953674 1.70000004768372 1.79999995231628 1.99000000953674 2.36999988555748 2.11999988555913 2.17000007629378 2.52999997138984 2.65000009536736 2.78999996185272 2.84999990463248
-9999 -9999 -1.08000004291534 -0.00999999977648258 -4.15000009536743 3.22000002861023 5.05000019073486 2.59999990463257 -0.0900000035762787 3.02999997138977 -2.27999997138977 -3.98999975767371 -4.44000005722046 -3.58999991416931 -1.0900000333786 -2.00999999046326 -0.639999985694885 -0.449999988079071 -0.529999971389771 -0.569999992847443 -0.569999992847443 -0.839999973773956 -0.870000004768371 -0.850000023841858 -0.670000016689301 -0.649999976158142 -0.209999993443489 -0.00999999977648258 -0.0599999986588955 0.259999990463257 0.479999989271164 0.540000021457672 0.75 0.870000004768372 1.1599999666214 1.53999996185303 1.82000005245209 1.82000005245209 1.99000000953395 2.14000010490278 2.14000010490352 2.09999990463257 2.55999994277954 2.61999988555908 2.66000008583069 2.80999994277954
-9999 -9999 -3.02999997138977 -3.90000009536743 -0.920000016689301 -2.80999994277954 0.920000016689301 4.5 1.27999997138977 -0.759999752172323 -1.80999994277954 -1.64999997615814 -3.79999995231628 -3.64000010490418 -1.13999998569489 -1.38999998569489 -0.9200000166893 -0.800000011920929 -0.829999983310699 -0.980000019073486 -0.8299999833107 -0.910000026226044 -0.829999983310699 -0.759999990463257 -0.46999999946075 -0.499999999939297 -0.479999989271164 -0.300000011920929 0.109999999403954 0.219999998807907 0.419999986886978 0.469999998807907 0.769999980926514 0.949999988079071 1.19000005722046 1.44000005722046 1.62000000476837 1.78999996185303 1.77999997138977 1.79999995231628 1.80999994277954 2.09999990463257 2.29999995231628 2.47000002861023 2.46000003814697 2.54999995231628
-9999 -9999 -1.04999995231628 0.5 -0.810000002384186 -2.27999997138977 -1.69999971526898 4.30000019073486 4.48999977111816 -0.409999996423721 1.85000002384186 0.419999986886978 -2.67000007629395 -3.01999998092651 -0.75 -0.560000002384186 -0.529999971389771 -0.75 -0.939999997615814 -1.04999995231628 -0.660000026226044 -0.939999997615814 -0.790000021457672 -0.649999976158142 -0.400000005960465 -0.479999989271164 -0.469999998807907 -0.509999990463257 -0.25 -0.230000004172325 -0.0500000007450581 0.28999999165535 0.490000009536743 0.9200000166893 1.16999995708466 1.39999997615814 1.57000005245209 1.74000000953674 1.77999997138977 1.77999997138977 1.77999997138977 2.05999994277954 2.25999999046326 2.25999999046326 2.22000002861023 2.52999997138977
-9999 -9999 -0.180000007152557 1.48000001907349 0.600000023841858 -3.74000000953674 -0.990000009536743 1.52999997138977 5.3600001335144 0.180000007152557 -0.00999999977648258 -0.829999983310699 -0.0599999986588955 -3.99000000182002 -4.3600001335144 0.270000010728836 0.00999999977648258 -0.490000009536743 -0.949999988079071 -1.00999999046326 -1.22000002861023 -1.25 -0.730000019073486 -0.600000023841858 -0.610000014305115 -0.529999971389771 -0.529999971389771 -0.740000009536743 -0.730000019073486 -0.529999971389771 -0.400000005960465 -0.00999999977648258 0.219999998807907 0.730000019073486 0.899999976158142 1.14999997615814 1.49000000953674 1.62000000476837 1.79999995231628 1.79999995231628 1.75 2.01999998092651 2.22000002861023 2.24000000953674 2.21000003814697 2.35999989509583
-9999 -9999 5.70000165374519 2.13000011444092 -2.19000005722046 -0.550000011920929 -0.300000011920929 0.930000007152557 5.25 2.36999988555908 -0.649999904941654 2.63000011444092 0.889999985694885 -1.38999998569489 -1.97000002861023 -0.270000010728836 -0.389999985694885 -0.660000026226044 -0.819999992847443 -1.17999994754791 -1.58000004291534 -1.70000004768372 -1.36000001430511 -1.00999999046326 -1.07000005245209 -1.01999998092651 -0.860000014305115 -0.769999980926514 -0.759999990463257 -0.649999976158142 -0.939999997615814 -0.569999992847443 0.0500000007450581 0.579999983310699 0.769999980926514 0.930000007152557 1.11000001430511 1.58000004291534 1.89999997615814 1.80999994277954 1.71000003814697 1.67999994754791 1.83000004291534 1.96000003814697 2.11999988555908 2.23000001907349
