SnowAccumulation_R/test/tmax/final_tmax_15_04_2009.asc
NCOLS 97 
NROWS 69 
XLLCORNER 52512.810182332 
YLLCORNER 5316225.2758522 
CELLSIZE 10000 
NODATA_value -9999 
[rows 42 to 62 of 69, columns 0 to 46 of 97]
-9999 -9999 13.1999998092651 3.15000009536743 -0.200000002980232 0.109998765828466 -1.3400000333786 0.519999980926514 1.33000025716702 6.19999980926514 1.98000001907349 6.53000013552353 5 0.759999990463257 0.52999997138977 -2.77999997138977 1.26999998092651 -3.61999986870746 4.46999976196009 4.55999994229167 4.69000005722046 5 6.07999992370605 6.30999994249231 6.55999994212747 7.13000011444092 7.53000020980835 7.59999990463257 7.51999998092651 7.48000001907349 7.30000019073486 7.17999982833862 7.19999980926514 7.17999982833862 7.32000017166138 7.34999990463257 7.26000022888184 7.28000020980835 7.21999979019165 7.21000003814697 7.21000003814697 6.94999980926514 7 6.98000001907349 7 6.80999994277954 6.80999994277954
-9999 -9999 7.6399998664856 2.02999997138977 2.04999995231628 -0.889999985694885 0.919999694539012 0 5.3899998664856 2.40000009536743 5.96999979019165 2.4300000667572 -0.330000013113022 -1.6599999666214 1.13999998569489 -1.33000004291534 1.94000005722046 -1.82000005245209 4.17999982833862 4.40999984741211 4.17000007629395 4.80999994277954 5.61999988555908 6.1399998664856 6.42000007629395 7.03000020980835 7.46999979019165 7.69000005722046 7.55000019073486 7.44999980926514 7.25 7.07999992370606 7.01999998092651 7.01999998092651 7.03000020980835 6.92999982833862 6.90000009536743 6.84999990463257 6.90000009536743 7.09999990463257 6.92000007629395 7.01999998092651 6.92999982833862 6.96999979019165 6.80999994277954 6.84999990463257 6.86999988555908
-9999 -9999 13.3299999237061 3.73000001907349 2.4300000667572 -1.53999996185303 1.82000005245209 0.149998629064941 7.23999977111816 6.26999998092651 10.1999998092651 5.76000022888184 3.11999988555908 1.62999999523163 -1.88999998569489 -0.790000021457672 1.78999996185303 -0.579999983310699 3.95000004768372 4.1399998664856 4.51000022888184 4.82999992370605 5.26000022888184 5.75 5.67000007629395 6.40999984741211 6.98000001907349 7.36000013365208 7.3600001335144 7.34000015258789 7.19999980926514 7.11000013351441 6.98999977111816 6.84000015258789 6.98000001907349 6.71999979019165 6.73999977111816 6.76000022888184 6.78999996185303 6.84000015258789 6.73000001907349 6.78000020980835 6.86999988555908 6.8899998664856 6.78999996185303 6.86999988555908 6.92999982833862
-9999 -9999 13.8000001907349 4.099998972968 0.540000021457672 -0.230000004172325 -0.680000036204405 0.349999994039535 0.93000055074556 2.50000008605859 10.0799999237061 4.8899998664856 2.29999994429782 -1.80999994277954 -3.30999994277954 0.109999999403954 1.69000005722046 0.649999976158142 3.82999992370605 4 4.51000022888184 4.73999977111816 5.5 6.15000009536743 6.28000020980835 6.65999984741211 7.21999979019165 7.32000017171154 7.2699999809733 7.32999992370605 7.05000019073486 6.90999984741211 6.69999980926514 6.73000001907349 6.71000003814697 6.6100001335144 6.57999992370605 6.53000020980835 6.53000020980835 6.51000022888184 6.42999982833862 6.65999984741211 6.67999982833862 6.6100001335144 6.78000020980835 6.82000017166138 7.01000022888184
-9999 -9999 14.3800001144409 1.19000005722046 2.13000011444092 3.13000011444092 1.71000003814697 0.0199999995529652 -0.850000023841858 6.0000005168088 9.92000007629395 4.44000005722046 1.05999994277954 -1.69000005722046 -1.33000004291534 -1.66999995708466 0.839999973773956 -0.990000009536743 -2.09999990463257 4.48000001907349 4.57999992370605 4.8899998664856 5.5 5.8899998664856 7.01000022693561 7.01000022888184 7.44000005789733 7.32999992370605 7.28999996185303 7.19000005722046 6.8600001335144 6.73000001907349 6.65000009536743 6.55999994277954 6.51000022888184 6.51000022888184 6.51999998092651 6.44999980926514 6.34999990463257 6.3600001335144 6.34999990463257 6.42999982833862 6.44999980926514 6.53000020980835 6.57000017166138 6.76000022888184 7.21000003814697
-9999 -9999 14.9200000762939 1.8400000333786 4.28999996185303 3.45000004768372 2.97000002861023 -0.699999988079071 1.05999994277954 7.94000005722046 10.6099996288844 5.38000011444092 0.28999999165535 -1.45000004768372 -0.379999995231628 -1.35000002384186 0.829999983310699 1.07000005245209 4.51999968766552 4.21999979019165 4.26000022888184 5.13999986648559 5.48999977111816 5.90999984741211 6.78999996008575 7.3099999416734 7.40000009536743 7.42000007629395 7.26000022888184 6.84999990463257 6.76000022888184 6.69999980926514 6.63000011444092 6.5 6.42000007629395 6.40000009536743 6.21999979019165 6.26000022888184 6.32000017166138 6.38000011444092 6.30000019073486 6.05000019073486 6.30999994277954 6.28999996185303 6.48999977111816 6.55999994277954 6.59999990463257
-9999 7.84000015258789 14.8400001525879 6.01000022888184 2.70999979235032 4.15999984741211 0.790000021457672 0.330000249845782 4.34000015258789 9.31999969482422 10.4799995572952 5.0100006014956 -1.03999996185303 0.389999985694885 1.26999998092651 -0.75 1.14999997615814 0.610000014305115 -1.48000001907349 4.38000011444092 4.59000015258789 5.23000001907349 5.53999996185303 5.96000003814697 6.15999984741211 6.65000009536743 7.03000020980835 7.34000015258789 7.28000020980835 7.17999982833862 6.71000003822972 6.6399998664856 6.48000001910932 6.30000019073486 6.25 6.1399998664856 6.07000017166138 6.01000022888184 6.13000011444092 6.23999977111816 6.09000015258789 5.94000005722046 6.1100001335144 6.19999980926514 6.32000017166138 6.25 6.28999996185303
-9999 11.9499998092651 14.5299997329712 3.65000009536743 4.07999992370606 2.29999995231628 6.01000022888184 5.78000020980835 7.07000017166138 9.8100004196167 11.0100002288818 10.7299995422363 -0.559999970912583 4.19000005585025 4.03999996185303 1.21000003814697 0.860000357326956 2.70000004768372 -0.109999999403954 4.90000010261813 4.8899998664856 4.98000001907349 5.34999990463257 5.8899998664856 6.09999990463257 6.57999992370605 6.88000011444092 7.09000015258789 7.19999980926514 6.7800002099318 6.42999982833862 6.28000020980835 6.23999977111816 6.19000005722046 6.07000017166138 6 5.96999979019165 5.96000003814697 5.88000011444092 5.8899998664856 5.78999996185303 5.88000011444092 6.03000020980835 6.07000017166138 5.84000015258789 5.90000009536743 6.01999998092651
-9999 2.78999996185303 8.46000191898598 4.86999988555908 0.25 1.87000000476837 1.76999998092651 2.13000011444092 3.95000004768372 7.44000005722046 9.15999984741211 10.210000038147 6.46999979019165 4.69000005722046 4.07000017166138 1.00999999046326 1.64999997615814 2.97000002861023 1.47000002861023 5.05000018834764 4.96000003814697 5.01999998092651 5.34000015258789 5.55999994277954 6.36999988555908 6.3600001335144 6.73000001907349 6.42000007650984 6.42000007629395 6.59000015258103 6.34999990463257 6.19999980926514 6.15999984741211 6.11999988555908 5.78000020980835 5.73999977111816 5.78999996185303 5.76999998092651 5.75 5.76000022888184 5.65999984741211 5.76999998092651 5.28999996185303 5.17000007629395 5.55000019073486 5.6100001335144 5.73999977111816
-9999 5.22999863709754 14.960000038147 5.71999979019165 0.889999985694885 3.67000007629395 3.72000002861023 2.33999991416931 1.63000019683221 8.10999965667725 7.30000019073486 5.3600001335144 10.0600004196167 5.48000001907349 2.24000000953674 5.1700001742466 0.419999986886978 1.76999998092651 -1.51999998092651 4.84000015258789 4.90000008384592 4.94000005722046 5.21999979019165 5.53000020980835 5.94000005708406 5.94000005722046 6.00000000031796 6.01999998092651 6.2199997900025 6.73000001907349 6.15999984741211 5.71999979019165 5.67000007629395 5.28999996185303 5.19999980926514 5.1100001335144 5.01999998092651 5.38000011444092 5.63000011444092 5.53000020980835 5.46999979019165 5.05999994277954 5.07999992370605 4.98000001907349 4.94000005722046 4.92999982833862 4.78000020980835
-9999 3.76999998092651 13.75 10.4399995803833 2.49000000953674 6.01999998092651 3.77999997138977 2.94000005722046 3.76999998092651 7.05999994277954 2.47000002861023 4.65000009536743 7.26000022888184 10.4300003051758 8.42000007629395 4.34000015258789 0.450000005429145 0.680000007152557 -1.26999998092651 2.28999996185303 4.63000007824053 4.65000009536743 5.17000007629395 5.34999990463257 5.32999992370605 5.15000009536743 5.26999998092651 5.3899998664856 5.42999982833862 5.44000005722046 5.34000015269517 5.34999990462921 5.11000013351441 4.96999979019165 4.71000003815952 4.71000003814697 4.59999990463257 4.86999988555908 4.94000005722046 5.05000019073486 4.82000017166138 4.80000019073486 4.59000015258789 4.53999996185303 4.5 4.28000020980835 4.17000007629395
-9999 4.19999980926514 3.09999990463257 14.0999988331245 3.22000002861023 7.51999998092651 5.73999977111816 3.14000010490418 4.73000001907349 6.38000011444092 3.34999990463257 5.46000003814697 6.78999996185303 10.2600002288818 7.78999997351222 5.34000015258789 1.98000001907349 1.1599999666214 0.469999998807907 0.340000003576279 4.51000022888184 4.65999984741211 4.90000009062266 5.05000019073486 4.90000009536743 4.82999992370605 4.67999982833862 4.59000015258789 4.55000019073486 4.80000019073486 5.01000022872101 4.63000011444092 4.21000003814697 4.28999996185303 4.17999982833589 4.19999980926514 4.11999988555908 4.17999982833756 4.32999992370605 4.19999980926514 4.07000017166138 4.32000017166138 3.79999995231628 3.96000003814697 3.91000008583069 3.85999989509582 3.67000007629395
-9999 4.42000007629395 6.76999998092651 12.8699998855591 9.6899995803833 7.28000020980835 6.34999990463257 4.90999984741211 5.8899998664856 6.3600001335144 2.90000009536743 5.1399998664856 6.84000015258789 9.31999969482422 8.76000022888184 2.86999988555908 1.26999998092651 -0.870000004768372 0.0500000007450581 -1.08999993247767 0.0399999989305783 4.65999969023508 4.67999982833862 4.34000015258789 4.44999980926514 4.09999990463257 4.32999992370605 4.17999982833862 4.46000003814697 4.13999986667183 4.09000015258789 3.98000001907349 2.47000002861023 2.58999991416931 3.33999991416931 3.65000009536743 3.70000004768372 3.91000008582904 3.94000005722046 3.8199999332428 3.55999994277954 3.34999990463257 3.34999990463257 3.38000011444093 3.53999996185303 3.5699999332428 3.46000003814697
-9999 4.89000003915003 5.98000001907349 8.77000045776367 13.6000003814697 7.13000011444092 9.01000022888184 6.51000022888184 4.92000007629395 3.82999992370606 4.05999994277954 4.76000022888184 5.1399998664856 8.69999980926514 9.6899995803833 2.66000008583069 2.11999988555908 -0.300000011920929 0.910000026226044 3.03999996185303 -0.310000002384186 -0.899999965204858 -2.20000004768372 2.73000001330791 3.76999998092651 3.6800000667572 3.64000010490417 3.58999991416931 3.66000008614408 3.27999997138977 3.42000007629395 3.51999998092651 2.38000011444092 2.3199999332428 2.05999994277954 2.45000004768372 3.25999999046326 3.49000000953485 3.65000009536743 3.50999999046326 3.38000011444092 2.9300000667572 3.20000004768372 3.22000002861023 3.25999999046326 3.14000010490417 2.97000002861023
-9999 5.78999996185303 6.3899998664856 6.67999982833862 10.0474997923425 7.84000015258789 8.55000019073486 6.75 6.36000013351441 5.51999998092651 6.1100001335144 3.47000002861023 2.49000001098431 7.32000017166138 9.80000019073486 5.90999984741211 1.25 -0.550000011920929 1 4.40999984741211 -0.589999973773956 -1.69000005722046 -1.9700000315201 2.35999989509583 3.22000002861023 3.05999994277954 2.94000005722046 3.14000010490417 3.27999997138977 2.90000009536743 2.85999989509583 2.64000010490417 2.61999988555908 2.59999990463257 2.75999999046326 2.65000009536743 2.83999991416931 2.92000007629394 3.1800000667572 3.24000000953674 3.16000008583071 3.21000003814697 3.09999990463257 2.97000002861009 2.86999988555908 2.78999996185303 2.63000011444092
-9999 6.68499994277954 6.16750001907349 5.70499992370605 8.10750007629395 11.7349996566772 6.5475001335144 8.28999983460042 5.20499992370605 7.85249996185303 7.96999979019165 8.01000022888184 4.70499992370605 8.14500045776367 12.9650001525879 6.40000014536625 4.90749979019165 6.17999982833862 5.69750022888184 9.20250034332275 7.78000020980835 4.72749996185303 4.08750009536743 6.71750020980835 -1.08999998028794 0.540000021457672 1.9099999666214 2.53999996185303 2.61999988555908 2.63000011444092 1.74000000953674 1.6599999666214 1.85000002384186 2.32999992370605 1.96000003814697 1.61000001430511 2.54999995231628 2.72000002861023 2.61999988555908 2.72000002861023 2.20000004768406 2.40000009536743 2.05999994277954 1.99999999999997 1.9099999666214 1.98000001907349 2.11999988555908
-9999 10.1700000762939 8.37249957631768 3.8050000667572 5.66249990463257 11.2325000762939 8.55249977111816 7.14750003814697 5.38500022888184 8.19750022888184 8.96000004676095 7.59250020980835 6.05499982833862 7.1399998664856 12.0900001525879 10.8950004577637 8.42000007629395 7.03000020980835 6.07000016670541 7.59999990463257 8.83500003814697 5.99499988555908 5.29500007629395 6.07999992370605 5.02750015258789 3.26749992370606 7.53999995985719 8.57999992112223 8.91499996185303 8.51500034345751 8.29249954223633 8.49499988555908 9.03249931335449 9.18249988555908 8.73999977111817 8.75 9.33749961853027 9.84249973297119 10.1274995803833 9.6225004196167 8.23750019073732 9.375 9.68249988555908 9.40750026702855 9.28499984741211 9.2475004196167 8.9975004196167
-9999 9.63249969482422 6.15000009536743 3.88750004768372 5.24749994277954 11.0474997219496 11.2524995803833 9.94750022888183 6.82000017166138 9.10499954223633 9.93000030517578 6.5625 6.49249982833862 9.57999992370605 10.0424995422363 12.4174995422363 12.0950002670288 5.36999988555908 4.60750007629395 6.43249988555908 10.1674995422363 8.80249975078535 5.8274998664856 6.46999979019165 5.94250011444092 6.14750003814697 6.48250007629395 7.39249992370606 7.22249984741211 7.56500005760447 7.97749996185303 8.70000076293945 8.92500019073486 8.68249988555908 8.66749954223633 8.72500038146973 8.54249954223633 9.84249973297119 10.3800001144409 9.6875 8.47999954223667 9.02750015258789 8.89000034332275 8.73750019073486 8.17749977111816 9.18249988555908 9.30249977111816
9.74499988555908 10.2775001525879 4.70749998092651 3.60999989509583 6.94999980926514 11.3699998855591 9.0625 11.7075004577637 10.289999961853 8.6850004196167 8.30249966011353 6.16499996185303 8.20499992370605 7.43249990860508 6.94000005722046 10.6374998092651 11.9925003051758 6.95749998092651 5.41499996185303 6.13749980926514 8.64750003814697 9.53999996185303 8.9350004196167 6.55000019073486 8.46249961853027 4.22749996185303 6.5149998664856 6.34749984741211 6.91249990463257 7.59999990463257 8.25749969482422 8.22000026702881 8.46000003809307 8.52499961853027 8.72999954223633 8.47999954223633 8.27999973297119 9.88000011444092 10.3100004196167 10.0150003433228 9.86499977111813 9.65999984741211 8.80749988555908 8.74499988555908 8.82999992370605 9.1899995803833 9.30749988555908
10.0924997329712 10.6149997711182 5.02250003814697 6.04250001907364 9.63249969482422 8.42249965667725 6.20499992370605 8.46000003814697 9.91250038146973 6.49249982833862 7.96250009536743 7.88000043152339 6.7649998664856 7.41499996185303 6.78249979019165 9.86999988555908 9.32999993733794 10.085000038147 7.64750003814697 5.52750015258789 7.67999982833862 9.92500019073486 9.86000061035156 8.81750011444092 4.54500008318797 6.07250022888184 4.96750020980835 4.21750020980835 6.375 8.33250045776367 8.63749980926514 8.85750007629395 8.7049999237387 8.46749973297119 8.24250030517578 8.63000011441608 9.41499996185048 10.3549995422379 10.2950000762939 10.2674999237061 10.3549995422363 10.3450002670288 9.63749980926514 9.63000011444092 9.97500038146973 9.64249992370605 9.6225004196167
9.73499965667725 10.397500038147 5.69999980926514 9.07499980926514 10.1949996948242 7.9850001335144 6.36749982833862 5.58249998092651 11.4975004196167 9.19250011444092 10.1300001144409 11.0675001144409 7.44250035640561 11.5749998092651 8.77499961853027 9.60249996185303 7.79250001907349 7.55000019073486 9.55500030517578 8.85249996185303 6.7975001335144 8.77750015258789 7.71000003814697 9.48750019073486 5.17500019073486 5.00250005722046 4.26999998092651 3.99749994277954 6.8274998664856 7.96750020980835 8.32999992370605 8.34999942779541 8.48750019073486 8.41250038146973 8.30000019073486 8.59000015258789 9.27750015258789 10.414999961853 10.4575004577637 10.522500038147 10.647500038147 10.6424999237061 10.087499618531 10.0950002670288 10.3675003051758 10.0500001907363 10.0950002670293
