SnowAccumulation_R/test/tmax/final_tmax_30_04_2009.asc
NCOLS 97 
NROWS 69 
XLLCORNER 52512.810182332 
YLLCORNER 5316225.2758522 
CELLSIZE 10000 
NODATA_value -9999 
[rows 21 to 41 of 69, columns 47 to 93 of 97]
11.7399997711182 11.8900003433228 12.0299997329712 12.0600004196167 12.1400003433228 12.3699998855591 12.0699996948242 12.1499996185303 12.2200002670288 12.3199996948242 12.8599996566772 12.3699998855591 12.3599996566669 12.289999961853 12.3599996566772 12.3199996948242 12.3599996566937 12.25 12.0799999237061 12.1300001144409 12.4700002679271 12.8599996566772 13.1400003433228 13.2399997711182 13.260000228885 13.2600002288818 13.210000038147 13.460000038147 13.539999961853 13.210000038147 13.2299995422363 13.1700000294389 12.960000038147 13.0699996948242 12.9899997711182 12.9700002670288 12.9099998474121 12.7299995422363 12.3199996948242 12.4200000762939 12.6499996185303 12.8800001144409 12.6499996185303 12.1300001144409 11.9300003051758 11.6499996185303 -9999
11.6999998092651 11.9200000762939 11.8199996948242 12.0200004577637 12.2299995422363 11.960000038147 11.9899997711182 12.0299997329712 12.1599998474121 12.2600002286467 12.3900003430416 12.1300001144409 12.2200002670288 12.1999998092651 12.2200002670288 12.3299999237061 12.3299999237061 12.25 11.960000038147 12.1199998855591 12.460000038147 12.7700004577637 12.9799995422363 13.0200004577637 13.1199998855591 13.1800003051758 13.4099998474121 13.6700000762939 13.5 13.2700004577637 13.170000089161 13.039999961853 12.9899997711182 12.9899997711182 12.9099998474121 12.789999961853 12.7200002670288 12.5699996948242 12.3699998855591 12.6000002389085 12.8199996948242 13.1599998474121 12.6599995476198 11.9600011341069 11.75 11.5100002288818 -9999
11.460000038147 11.9399995803833 11.9799995422363 11.9799995422363 11.9200000762939 12.1300001144052 12.0299997329439 11.8400001525879 11.8900003433228 11.9300003051758 12.0699996948242 11.9899997711182 12.1199998855591 12.039999961853 12.0100002288818 12 12.0100002288818 12.1099996566772 12.0500001907349 12.1999998092651 12.3500003814697 12.6599998474121 12.75 12.8400001525879 12.9899997711182 13.0699996948242 13.4499998092651 13.4799995432622 13.4099998474121 13.2899999117728 13.0900001525879 13.0100002603708 12.9700002670288 12.8199996948242 12.6700000762939 12.5699996948242 12.5100002288818 12.4799995422363 12.4099998474121 12.4700002670288 12.789999961853 13.0399988943871 12.0799999237061 11.8000001907349 11.3400001525879 11.1899995803833 -9999
11.2399997711189 11.5799999237066 11.5100002288818 11.6199998855591 11.6099996566772 11.3599996566772 11.5600004196167 11.5600004196167 11.6899995803833 11.8599996566772 11.8999996185303 11.9300003051758 11.8800001144409 12 11.8199996948242 11.7600002288818 11.789999961853 11.7700004577637 11.960000038147 12.0000000005379 12.3800001144409 12.5200004577637 12.5600004196167 12.6000003817545 12.8299999237061 12.9200000762939 13.3000001907349 13.3199996948242 13.2200002176402 12.8699998855591 12.8599996566772 12.8500003814697 12.8299999237061 12.7299995422363 12.4799995422363 12.3900003433228 12.3500003814697 12.3500003814697 12.3299999289933 12.3800001144409 12.5 12.0299997329712 11.8900003433228 11.3900003433228 10.75 10.8100004196167 -9999
11.2600002288818 11.8400001525879 11.6800003051758 11.6000003814697 11.5900001525879 11.4099998474121 11.4499998092651 11.4399995803833 11.5100002288818 11.6000003814697 11.6599998474121 11.8299999237179 11.8800001144409 12.039999961853 11.9099998474121 11.8100004193365 11.539999961853 11.6199998855591 11.6899995803833 12.0200004577637 12.0600004196167 12.3599996566772 12.4200000762939 12.4300003051758 12.6300001144409 12.789999961853 13.0699996948242 12.8599996566772 12.7399997711182 12.3999996185303 12.3900003433228 12.4099998474121 12.5900001525879 12.5900001525879 12.5299997329712 12.2600002288818 12.2399997711182 12.1999998092651 12.1700000762939 12.1300001144409 11.8500003814697 11.7100000381471 11.539999961853 10.8500003814697 10.25 10.2700004577637 -9999
10.8900003433228 11.5 11.8800001144409 11.5900001525879 11.6099996566772 11.4700002670288 11.3199996948242 11.3800001144423 11.3999996185303 11.4399995803833 11.5500001907349 11.6700000763058 11.8299999237061 12.1400003433228 12.3100004196167 12.2200002670288 11.8000001907349 11.6300001144409 11.8800001144409 12.0100002288818 12.1499996185303 12.1999998092651 12.289999961853 12.3400001525879 12.3699998855591 12.5699996676926 12.3900003433228 12.4300003051758 12.4899997711182 11.710000038147 11.6800003051758 11.7399997711182 12.0699996948242 12.3199996948242 12.3199996948242 12.1300001144409 12.1499996185303 12.020000477119 11.960000038147 11.6899997023475 11.6099996566772 11.5699996948242 11.2200002670288 10.460000038147 10.1599998474121 10.1899995803833 -9999
11.0299997329712 11.4799995422363 11.8299999237061 11.8299999237053 11.5699996948242 11.4799995422363 11.3199996948242 11.220000267024 11.3299999237061 11.2799997329712 11.3999996185303 11.5200004577637 11.6700000762939 11.9700002670288 11.9899997711182 12.1999998092651 12 11.8599996566772 11.9899997711182 12.0100002288818 12.0500001907349 12.0299997329712 12.1300001145794 12.1700000762939 12.159999831287 12.0900001525879 12.1400003433228 12.1300001144409 12.1899995803833 11.7600002288818 11.6700000762939 11.5799999237061 11.6899995803833 11.8199996948242 11.9899997711182 11.9700002670288 11.9099998474121 11.9200000762939 11.7799995515449 11.4799995422363 11.4700002670288 11.3999996185303 10.9399995803833 10.4099998474121 10.3299999237061 10.3500003814697 -9999
11.3299999237061 11.5600004196167 11.4300003051758 11.3199996948247 11.4799995422363 11.2200002670288 11.1700000762939 11.1599998474121 11.2600002288818 11.1499996185303 11.25 11.3900003433228 11.7299995422363 11.75 11.710000038147 11.8900003433228 12.3900003433228 12.1499996185303 12.0500001905803 11.9200000762939 11.8900003433228 11.8900003433228 11.8999996185303 11.7399997711182 11.789999961853 11.7700004577637 11.8199996948242 11.8000001907349 11.9099998474121 11.9799995422363 11.7200002670288 11.5100002288818 11.6199998855591 11.6800003051758 11.6300001144409 11.8999996185303 11.8000001963173 11.7299994267008 11.5 11.4499998092651 11.4099998474121 11.210000038147 10.8400001525879 10.5600006176475 10.5200004577637 10.5799999237061 -9999
11.3800001144409 11.5200004577637 11.3299999237061 10.9899997711181 11.3100004196167 11.1999998092651 11.0699996948242 10.9700002670288 11.0299997329712 11.1000003814697 11.1300001144409 11.2600002288818 11.6999998092651 11.7600002288818 11.7299995422259 11.960000038147 12.3400001525879 12.2399997711182 12.1300001144409 11.8299999237061 11.8500003814697 11.8800001191513 11.8699998855591 11.539999961853 11.6199998855591 11.7100000380477 11.4899997711182 11.3900003433228 11.6099996566772 11.789999961853 11.6700000762939 11.5900001525879 11.6499996146139 11.7399997711182 11.4899997711182 11.8599996566772 11.89000056327 11.789999961853 11.5699996948242 11.4300003466613 11.3800001144409 11.1700000762939 10.9099998474121 10.8400001525879 10.6999998092651 10.6300001144409 10.5900001525879
11.2200002670288 11.3100004196167 11.2700004577637 11.1499996185303 11.1499996185303 11.1499996185303 10.9200000762939 10.7600002288818 11.0100002288818 11.2299995422363 11.2399997711182 11.2399997711182 11.5200004577637 11.9099998474121 11.9099998474121 12.2600002288818 12.1800003051758 12.1800003051758 12.210000038147 12.0200004577637 12.1599998474121 12.1000003809766 11.8599996566772 11.5200004577637 11.4700002670288 11.6800003051758 11.3900003433228 11.1999998092651 11.369999883934 11.5699996948242 11.6499996185303 11.6899995803833 11.75 11.9799995422363 11.6199998855591 12.0000002330844 12.6400003433228 12.3100004196167 11.8299999237061 11.6300001144409 11.3999996185303 11.3400001525879 11.1600000220968 11.1199998855591 10.6000003814697 10.5699996948242 10.7300000986617
11.3199996948242 11.3400001525879 11.2799997329712 11.039999961853 11.0200004577637 11.1499996185303 10.8699998855591 10.9200000762939 10.7799997329712 11.2600002288818 11.3999996185221 11.2700004577637 11.6499996185303 12.0100002288818 12.1700000762939 12.8400001525879 12.5100002288818 12.5500001907349 12.5000000022324 12.3599996566772 12.2799997329712 12.1999998092651 11.7700004577637 11.4700002670288 11.3000001907349 11.4200000762939 11.5299997329712 11.1000003814697 11.1000003814697 11.3900003433228 11.6499996185303 11.8000001907349 11.9200000762939 12.25 12.1700000762939 12.7200002670288 13.2200002670288 12.8599996566772 12.1700002334019 11.9700002670288 11.5100002288818 11.6400003433228 11.6999998092651 11.5100002288818 10.9899997711182 10.9300001758143 11.1199998855591
11.3199996948242 11.3599996566772 11.289999961853 11.2299995422363 11.1999998092651 11.1800003051758 11.0699996948242 10.960000038147 10.7299995422363 11.2200002670288 11.4700002670587 11.5600004196167 11.8400001525879 12.1099996566772 12.3500003814697 12.8900003433228 12.7899999615526 12.7299995420602 12.5799999237061 12.5 12.2799997329712 12.1199998855591 11.5799999237061 11.3100004196167 11.109999656384 11.0799999237061 11.3199996948242 11.0699996948242 11.0100002288818 11.3199996948242 11.7200002670288 11.8299999237061 12.0699996948242 12.5100002288818 13.2200002670288 13.4200000762939 13.8299999237061 13.3900003433228 13 12.3400001525879 11.2600002288818 12.0200001755018 12.1000003814697 12.1599998474121 11.8100004196167 12.3299982817733 11.6499996185303
11.3299999237061 11.3500003814697 11.3000001907349 11.3000001907349 11.2799997329712 10.8400001525879 11.1700000762939 11.1300001144409 11.039999961853 11.3500003814697 11.6300001144409 11.6199998855591 11.9799995422363 12.210000038147 12.4099998475127 12.7799997329712 12.3000001907349 12.3699998855591 12.4700002670288 12.3599996566772 11.9700002670288 11.7700004577637 11.5 11.4499998092651 11.3199996948242 11.1499996185303 11.2200002670288 11.1999998093451 11.1300001144409 11.3400001525879 11.7600002288818 11.8199996948242 12.0500001907349 12.6999998092651 13.2799997329712 13.9799995422363 14.4200000762939 13.789999961853 13.4399995803833 12.6899995803833 12.1199998855591 12.1300001144409 12.6099996566772 12.8699998855591 12.8800020356619 13.3400001525879 12.3500003814697
11.3199996948242 11.3699998855591 11.3000001907348 11.2799997329714 11.3100004196167 10.9799995422363 11.390000343329 11.2600002288818 11.2799997329712 11.5 11.7399997711182 11.5299997334752 11.9899997712111 12.1800003052778 12.460000038147 12.7600002288818 12.5699996948242 12.2799997329712 12.5699996948242 12.0200004577637 11.539999961704 11.4799995422363 11.3599996566772 11.3999996185303 11.3199996948242 11.1499996185303 11.2399997711182 11.2200002670288 11.2299995422363 11.5200004577637 11.8900003371548 12.010000278724 12.3900003433228 12.6400003433228 12.9499998092651 13.9300003051758 14.3400001525879 14.0600004196167 13.5500001907349 12.9799995422363 12.6400004358704 12.539999961853 12.9300003051758 13.5200004577637 14.1300001144409 14.1899995803833 12.8900003433228
11.2700004577637 11.2700004577637 11.2799997329711 11.2799997329708 11.2700004577627 11.1300001144409 11.2799997329865 11.4899997711182 11.5100002290067 11.7100000381292 11.5799999237061 11.539999961853 12.2799997329712 12.4499998093124 12.5900001525879 12.7200002670288 12.5900001525879 12.4700002670288 12.4899997711182 11.6800003051758 11.3100004196167 11.3199996948242 11.2200002670288 10.9099998564566 10.7600002288818 10.8199996948242 11.1499996185303 11.0299997329712 11.1300001144409 11.4899997711182 11.7299994902088 11.789999961853 12.3999996185303 12.6599998456483 12.7600002288818 13.4099998474121 13.6400003433228 13.4700002670288 13.2799997329712 13.0299997329712 12.8500003814697 12.7700004577637 13.1300001144409 13.460000038147 14.0500001907349 14.0100002288818 13.1499996185334
11.1400003433228 11.1800003051758 11.210000038147 11.2200002670288 11.2200002670288 11.8000001907205 11.5100002288834 11.6099996566772 11.6499996185303 11.6800003051758 11.710000038147 11.8000001907349 11.9700002670288 12.3000001907349 12.3400001525879 12.6700000762939 12.6099996558307 12.2200002670288 12.210000038147 11.5100002288818 11.0299997329712 11.3500003814697 11.4200000762939 11.2299995422363 10.8199996948242 10.7600002288818 11.0200004577637 10.8299999237061 11 11.4099998159907 11.4700002670288 11.5900001525879 11.9499998092651 12.210000038147 12.6499996185303 12.789999961853 12.8199996948242 12.8800001144409 12.7200002670288 12.8800001144409 12.8900003433228 12.8299999237061 12.3400010326602 12.3699998855591 12.6599998474121 12.8699998855591 12.5900001525879
11.1099996566772 11.1599998474121 11.1899995803833 11.210000038147 11.2200002670288 11.3900003433228 11.4200000762939 11.5200004577637 11.5900001525879 11.5200004577637 11.5500001907349 11.5900001525879 11.7600002288818 11.9300003051758 12.4899997711182 12.5 12.3599996560801 11.960000038147 11.8400001525879 11.6099996566772 11.1899995803833 11.3500003814697 11.039999961853 11.2399997711182 11.3900003433228 11.1700000762939 11.1700000762939 10.789999961853 10.8999996112146 11.1400003417136 11.3400001525879 11.5500001907349 11.6300001144409 11.710000038147 12.0900001525879 12.3299999237061 12.1700000762939 12.1000003814697 12.2200002670288 12.2700004577637 12.3900003433228 12.6999991009882 12.1000004789353 11.9899997711182 11.8000001907349 11.8199996948245 11.7600002288818
11.3299999237061 11.3000001907349 11.3299999237061 11.2399997711182 11.210000038147 11.3900003433228 11.3299999237061 11.3199996948242 11.5200004577637 11.5399999618512 11.4499998092651 11.4300003051758 11.6099996566772 11.7299995422363 11.8299999237061 12.1300001144409 12.2299995422363 11.9399995803833 11.7600002288818 11.8299999240435 11.7200002670288 11.3999996185303 11.6400003433228 11.6599998474121 11.3199996948242 10.7799997329712 10.3699998855591 10.670000036304 10.8699998855591 10.9300003051758 11.210000038147 11.3699998855591 11.5500001907349 11.4499998092651 11.6199998855591 11.81999968875 11.7399997711182 11.3800001144409 11.7399997711182 11.8299999237061 12.0599998781796 11.6599998474121 11.710000038147 11.7600002288818 11.5500001907349 11.4099998474121 11
11.2600002288818 11.3800001144409 11.3900003433228 11.3999996185303 11.4099998474121 11.4099998474121 11.4300003051758 11.3199996948242 11.3800001144409 11.550000190733 11.4700002670288 11.3900003433228 11.5 11.539999961853 11.5600004196167 11.8800001144409 11.8999996185303 11.6499996185303 11.4899997711182 11.5200004577637 11.3500003814697 11.3400001525879 11.5399999610649 10.8699998855591 10.4499998092651 10.3599996624577 10.4399995803833 10.2200002670288 10.4700002670288 10.5200004577637 10.6700000762939 11.210000038147 11.3400001525879 11.4200000762939 11.2799997329712 11.3299999237061 11.1599998474121 10.8199996948242 11.0500001907349 11.2399997711182 11.2200002670288 11.3500003594529 11.3500003814697 11.4799995422363 11.3999996185303 11.2399997711182 10.8199996948242
11.3100004196167 11.3199996948242 11.4200000762939 11.4099998474121 11.4099998474121 11.3699998855591 11.4300003051758 11.4499998092651 11.5100002288818 11.5500001907349 11.4499998092651 11.3100004196167 11.3000001907463 11.3500003814697 11.3999996185303 11.5299997329712 11.4099998474121 11.1999998092651 10.9300003051758 10.8500003814697 10.8299999237061 10.7600002288818 10.6800003051758 10.5500001907349 10.3400001678592 10.420000075187 10.25 10.4799995422363 10.5399999617354 10.4700002670288 10.5600004196167 10.8699998855591 11.0600004196167 11.1300001144409 11.1800003051758 11.1000003814697 10.8699998855591 10.6899995803833 10.8000001907349 10.7399997711182 10.8800001144409 10.9499998092651 11.0200004577637 11.25 11.3100004196167 11.1999998092651 10.789999961853
11.3800001144409 11.3599996566772 11.3500003814697 11.3400001525879 11.3800001144409 11.3800001144409 11.4300003051758 11.3999996185303 11.539999961853 11.539999961853 11.3599996566772 11.1899995803833 11.1800003051529 11.1400003433228 11.2299995422363 11.210000038147 11.039999961853 10.8900003433228 10.7700004577637 10.7200002670288 10.5 10.3999996185303 10.1599998474121 10.1499996185303 10.25 10.3400001525879 10.1700000762939 10.3900003433228 10.4399995803833 10.4099998474121 10.1300001144409 10.0299997329712 10.6700000762939 10.289999961853 10.8199996593797 10.9700002670288 10.9899997711182 10.8800001218816 10.7700004577637 10.710000038147 10.6999998092651 10.7200002670288 10.8299999237061 11.0200004577637 11.1099996566772 11.1499996185303 10.8699998855591
