SnowAccumulation_R/test/tmax/final_tmax_11_04_2009.asc
NCOLS 97 
NROWS 69 
XLLCORNER 52512.810182332 
YLLCORNER 5316225.2758522 
CELLSIZE 10000 
NODATA_value -9999 
[rows 20 to 39 of 69, columns 47 to 93 of 97]
18.3400001525879 18.5100002288818 18.75 19.0499992370605 19.1499996185303 19.1800003051758 18.75 18.5300006866455 18.3799991607463 18.1000003814697 17.9899997711182 17.6599998474121 17.4999999999064 17.0699996948242 16.4699993151245 16.1499996185303 15.6000003814697 15.2399997711182 14.4799995422363 13.8199996948242 14.3999996185303 14.460000038147 14.4700002670288 14.4300003051758 14.460000038147 14.5500001907349 14.6599998474121 13.4300003051758 11.7700004577637 11.3199996948242 10.7200002670288 10.4300003051758 10.3000001718727 10.2399997711182 10.3299999237061 10.4200000762939 10.3699998855591 10.3599996566772 10.1199998855591 9.80000019073486 9.53999996185303 9.47999954223633 9.39000034332276 9.39999961853027 9.68000023678453 9.69999980926514 -9999
18.4500007629395 18.6399993896484 18.9799995422363 19.1700000762939 19.2700004577637 19.3600006103516 18.8600006103516 18.6399993896484 18.5499992370605 18.3500003814697 18.4300003051758 17.8799991607666 17.719999313931 17.5100002288818 17.0699996948242 16.5100002288818 16.2499999995566 15.6099996566772 14.9200000762939 14.4499998092651 14.5399999621718 14.5900001525879 14.5200004577637 14.3199996948242 14.2299995422315 14.2200002670288 14.8599996566772 12.6300001144409 11.3500003814697 10.6099996566772 10.3000001907349 10.2299994758586 10.1400003433228 10.3400001525879 10.4899997711182 10.6000003814697 10.6199998855591 10.5799999237061 10.3500003814697 10.0500001907349 9.92000007629395 9.71000003814697 9.63000011444092 9.89999961853027 9.90999984741211 9.90999984741211 -9999
18.6900005340576 18.9599990844727 19.0599994659424 19.3299999237061 19.5 19.2299995422363 19.0499992370605 18.8400001525879 18.7999992370605 18.6100006103792 18.4400005341813 18.2399997711182 18.1399993896484 17.7399997711182 17.2999992370605 16.8799991607666 16.6200008392334 16.0499992370605 15.3400001525879 14.9799995422363 15 14.8400001525879 14.5500001907349 14.1099996566772 13.8599996566772 13.2200002670288 11.8699998855591 8.47999954223633 9.17000007629395 9.64999961853027 9.86999979548975 9.97999954223633 10.1400003433228 10.4499998092651 10.6999998092651 10.8599996566772 10.8999996185303 10.8800001144409 10.6700000762939 10.3900004359873 10.2299995422363 9.93000030517578 9.90000043225606 10.2600002710351 10.2399997711182 10.1999998092651 -9999
18.8299999237061 19.2399997711182 19.3700008392334 19.4599990844727 19.4300003051758 19.4899997711 19.2700004577637 19.1399993896484 19.0799999237061 18.8999996185303 18.7399997711182 18.3999996185303 18.3299999237061 17.9099998474121 17.4899997711182 17.0499992370605 16.8299999237061 16.4200000762939 15.9099998474121 15.5500001907349 15.4200000762939 15.1300001144409 14.6300001144409 13.9700002670288 13.5299997329712 12.2799997329712 9.77000045776367 7.94000006098217 8.27999973297119 9.06000045388195 9.63000011444092 10.0500000962675 10.25 10.6000003814697 10.9099998474121 11.0299997329712 11.2299995422363 11.2700004577637 11.0900001525879 10.960000038147 10.6499996185303 10.3200007254819 10.7200002670288 10.6499996185303 10.539999961853 10.4399995803833 -9999
19.0000000000011 19.2399997711189 19.3099994659424 19.3700008392334 19.3600006103516 19.1599998474121 19.25 19.1299991607666 19.1499996185303 19.0799999237061 18.8700008392334 18.6200008392334 18.4300003051758 18.1800003051758 17.7000007629394 17.2800006866455 17.1000003814697 16.6800003051758 16.3799991607666 16.1900005337179 15.9399995803833 15.4700002670288 14.8400001525879 14.4600000371028 13.4799995422363 12.0699996948242 10.1000003814697 9.28999996185303 8.81999988164166 9.68000030517578 9.89999961853027 10.0600004196167 10.4200000762939 10.8199996948242 11.1800003051758 11.3400001525879 11.6300001144409 11.7200002670288 11.5900002001717 11.4700002670288 11.1700000762939 11.4300003051758 11.3000001907349 11.0600004196167 10.8000001907349 10.6300001144409 -9999
19.4200000762939 19.6700000762939 19.4599990844727 19.3799991607666 19.3899993896484 19.2999992370605 19.3099994659424 19.2299995422363 19.2199993133545 19.1200008392334 18.9500007629395 18.9300003051324 18.6900005340576 18.4899997711182 18.0900001525879 17.860000609938 17.3400001525879 17.0699996948242 16.75 16.75 16.3099994659424 15.8800001144409 15.1999998092651 14.7799997329712 13.7700004577637 12.4300003051758 10.9300003051758 11.3100004196167 10.5799999237061 10.3299999237061 10.2899999614176 10.3500003814697 10.6199998855591 11.0299997329712 11.2600002288818 11.6899995803833 12.1000003814697 12.2200002670288 12.1800003051758 11.9799995422363 12.2299995422363 11.9300003051761 11.7600002288818 11.3100004196167 10.8699998855591 10.7700004577637 -9999
19.2000007629395 19.5100002288818 19.5900001525879 19.3700008392334 19.4400005340576 19.4500007629395 19.3899993896484 19.4099998474107 19.3400001525879 19.2199993133545 19.0900001525879 19.049999237021 18.8999996185303 18.8299999237061 18.6599998474121 18.4599990844727 17.9300003051758 17.5499992370605 17.4200000762939 17.3099994659424 16.9200000762939 16.3700008392334 15.6999998092651 15.3000001907349 14.3100004196167 13.1099997516381 13.3599996566772 12.2600002288818 11.4300003051758 10.960000038147 10.7799997329712 10.6000003814697 10.7200002670288 11.1300001144409 11.3900003433228 11.9700002670288 12.6000003814697 12.6999998015231 12.6599998474121 12.9499995075649 12.6999998092651 12.5500001907349 12.1199998855591 11.4700002670288 11.0500001907349 10.9200000762939 -9999
19.3799991607666 19.5400009155273 19.5400009155273 19.4599990844726 19.5 19.6299991607666 19.5699996948242 19.4899997711127 19.4899997711182 19.3199996948242 19.2099990844727 19.1700000762939 19.0200004577637 18.9599990844727 18.7299995422363 18.7600002288818 18.4300003051758 18.1700000762939 18.0499992370606 17.8899993896484 17.4599990844727 16.8999996185303 16.6299991596241 15.9200000762939 15.0200005321183 14.8500003814697 14.2700004577637 13.1300001144409 12.1800003051758 11.4399995803833 11.1700000762939 10.8000001907349 10.7200002670288 10.8299999237061 11.289999961853 12.0200004577637 12.789999961853 12.9899997711182 13.0800002752203 13.289999961853 13.0900002400108 12.9200000762939 12.3800001144409 11.7399997711182 11.5200004577637 11.1899995803833 -9999
19.7199993133545 19.7199993133545 19.4599990844727 19.3500003814706 19.8799991607666 19.6900005340576 19.6800003051758 19.6399993896484 19.6399993896484 19.4400005340576 19.3199996948242 19.2900009155273 19.2600002288818 19.0100002288818 18.75 18.7900009155273 19.0100002288818 18.7800006866455 18.6900005338258 18.4300003051758 17.9599990844727 17.4400005340576 17.1800003051758 17.2299995422363 16.7099990844727 15.75 15.1199998855591 13.8900003433228 12.8199996948242 12.3599996566772 11.5200004577637 10.9200000762939 10.6499996185303 10.6499996185303 10.8999996185303 11.7799997329712 12.7200001302565 13.0900001429597 13.5 13.5100002288818 13.460000038147 13.1800003051758 12.6099996566772 12.0100006858792 11.7799997329712 11.4200000762939 -9999
19.8199996948242 19.8199996948242 19.7600002288818 19.6399993896491 19.9400005340576 19.9799995422363 19.8099994659424 19.6900005340576 19.6399993896484 19.5799999237061 19.4300003051758 19.3799991607666 19.4099998474121 19.1800003051758 19.040000915413 19.0200004577637 19.2099990844727 19.1599998474121 19.1100006103516 18.8299999237061 18.4200000762939 17.9899997933857 18.2600002288818 17.7099990844727 17.3799991607666 17.0699996943845 15.7700004577637 14.4799995422363 13.3400001525879 12.8199996948242 11.7799997329712 10.9499998092651 10.4399995968325 10.3400001525879 10.3299999237061 11.1899995803833 11.8099997027502 12.3599996566772 13.1099996566772 13.4700001722043 13.5699996948242 13.3800001144409 12.789999961853 12.4899997711182 11.9200000762939 11.460000038147 11.25
19.6599998474121 19.8099994659424 19.8400001525879 19.9899997711182 20.0200004577637 20.1700000762939 19.8600006103516 19.6700000762939 19.7399997711182 19.7800006866455 19.6100006103516 19.4799995422363 19.3999996185303 19.4099998474121 19.2900009155273 19.3400001525879 19.2299995422363 19.2999992370605 19.3500003814697 19.1599998474121 19.2600002288818 19.0900001517533 18.6499996185303 18.0900001525879 17.6399993896484 17.3799991607666 16.25 14.9799995422363 13.7799997403466 13.1899995803833 11.9700002670288 10.8800001144409 10.4399995803833 9.84000015258789 9.57999992370605 10.2299985341434 9.53999996185303 10.9099998474121 12.1899995803833 12.7600002288818 13.5799999237061 13.5200004577637 12.8800005569739 12.5500001907349 11.710000038147 11.3199996948242 11.2700001631852
19.7999992370605 19.8299999237061 19.7000007629395 20.0499992370605 20.1299991607666 20.2199993133545 19.8799991607666 19.8500003814697 19.6399993896484 19.8600006103516 19.879999160734 19.5799999237061 19.5900001525879 19.5799999237061 19.5499992370605 19.7999992370605 19.5400009155273 19.6900005340576 19.6900005383363 19.7600002288818 19.5799999237061 19.4300003051758 18.8899993896484 18.3199996948242 17.7800006866455 17.5599994659424 16.7099990844727 15.4499998092651 14.8299999237061 13.5100002288818 12.0799999237061 10.6999998092651 10.1000003814697 9.14999961853027 8.60999965667724 7.11999988555908 7.76000022888184 9.27999973297119 11.060000022482 11.9700002670288 13.4899997711182 13.4099998474121 13.1400003433228 12.4399995803833 11.6400003433228 11.3000004063346 10.960000038147
19.7900009155273 19.8899993896484 19.8299999237061 19.9500007629395 20 20.1299991607666 19.9899997711182 19.8700008392334 19.6100006103516 19.8600006103516 19.9699993133491 19.8400001525879 19.8099994659424 19.7399997711182 19.7800006866455 19.8799991607666 19.8400001546908 20.0799999237061 20.0799999237061 20.0400009155273 19.8199996948242 19.6299991607666 18.9799995422363 18.3600006103516 18.0100002281325 17.6200008392334 16.9899997711182 15.9099998474121 15.3000001907349 13.8299999237061 12.1599998474121 11.3100004196167 9.71000003814697 8.32999992370605 5.96000003814697 5.38000011444092 5.69000005722046 7.61999988555908 8.69999980926514 10.8699998855591 12.3699998855591 12.7900000059565 12.6300001144409 12.1599998474121 11.5900001525879 11.0900006367468 10.7399997711182
19.7600002288818 19.8799991607666 19.8799991607666 19.9099998474121 19.9400005340576 19.6599998474121 19.9699993133545 19.9400005340576 19.8299999237061 19.9699993133545 20.1100006103516 19.9400005340576 19.9899997711182 19.9400005340576 19.9699993143105 20.3099994659424 19.9599990844727 20.0499992370605 20.2000007629395 20.1599998474121 19.8400001525879 19.6299991607666 19.1900005340576 18.7800006866455 18.5499992370605 17.9899997711182 17.2399997711182 16.2600002309219 15.7200002670288 14.0600004196167 12.1999998092651 11.2299995422363 9.35999965667725 7.15000009536743 6.01000022888184 3.76999998092651 3.53999996185303 6.28999996185303 7.55000019073486 9.71000003814697 11.2299995422363 11.6199998855591 11.8699998855591 11.6899995803833 11.5399988188474 10.8100004196167 10.5100002288818
19.8600006103516 19.8600006103516 19.8600006103514 19.8500003814699 19.9200000762939 19.5699996948242 19.9699993133611 19.9599990844727 19.9899997711182 20.0900001525879 20.2099990844727 19.9099998478398 20.0900001528203 20.2399997711417 20.3299999237061 20.4899997711182 20.3700008392334 20.2000007629395 20.4599990844727 20.1299991607666 19.7600002286955 19.6599998474121 19.4200000762939 19.2399997711182 19.0100002288818 18.2800006866455 17.4200000762939 16.8999996185303 15.710000038147 14.1199998855591 12.2500000266345 11.2500000564879 9.35000038146972 7.23999977111816 6.1399998664856 3.71000003814697 3.14000010490417 4.42999982833862 7 8.93000030517578 10.2599998520787 10.6499996185303 11.0600004196167 11.1400003433228 10.5299997329712 10.4499998092651 10.25
19.8299999237061 19.8299999237061 19.8199996948239 19.8500003814687 19.8899993896442 19.5200004577637 19.7500000000149 20.0699996948242 20.1399993897317 20.2399997710945 20.0900001525879 19.9699993133545 20.4300003051758 20.5100002288818 20.5499992370606 20.6200008392334 20.5599994659424 20.5 20.5799999237061 20.0599994659424 19.7800006866455 19.7700004577637 19.6100006103516 19.2399997821008 19.0400009155273 18.3600006103516 17.4899997711182 16.8899993896484 15.6300001144409 14.1300001144409 13.2799997658307 11.6400003433228 9.82999992370605 7.84999999370693 6.90999984741211 5.21000003814697 4.88000011444092 5.42999982833862 7.11999988555908 8.63000011444092 9.18000030517578 9.97000026702881 10.3800001144409 9.97000026702881 10.0600004196167 10.0500001907349 10.0299997329712
19.5699996948242 19.6100006103516 19.6399993896484 19.6499996185303 19.6599998474121 19.920000076276 19.6800003051817 19.9799995422363 20.1599998474121 20.1499996185303 20.1399993896484 20.1599998474121 20.2299995422363 20.4500007629395 20.4500007629395 20.6900005340576 20.6599998468898 20.4599990844727 20.5300006866455 20.1000003814697 19.7199993133545 19.9799995422363 19.9699993133545 19.7600002288818 19.1700000762939 18.3999996185303 17.4899997711182 16.8299999237061 15.5900001525879 14.2100000740572 13.6700000762939 12.0799999237061 10.4899997711182 9.6899995803833 8.17000007629395 6.98999977111816 6.71000003814697 6.92000007629395 7.73999977111816 8.72000026702881 9.10000038146973 9.56999969482422 9.26000085893366 9.26000022888184 9.34000015258789 9.48999977111816 9.5
19.5400009155273 19.5799999237061 19.6000003814697 19.4099998474121 19.4200000762939 19.3299999237061 19.4599990844727 19.75 19.9400005340576 19.9200000762939 19.9400005340576 19.9599990844727 20.0799999237061 20.2000007629395 20.6000003814697 20.6399993896484 20.5599994655985 20.3600006103516 20.3799991607666 20.2999992370605 19.9899997711182 20.1000003814697 19.7399997711182 19.8400001525879 19.4899997711182 18.5699996948242 18.0900001525879 16.8199996948242 15.6300001382167 14.6199998934709 14.0200004577637 12.6999998092651 11.3299999237061 10.6899995803833 9.56999969482422 8.78999996185303 8.53999996185303 8.44999980926514 8.68000030517578 8.82999992370605 9.10999965667725 9.35999937952642 8.97000036449436 8.89999961853027 8.86999988555908 8.98999977111787 9.07999992370605
19.5100002288818 19.5200004577637 19.2900009155273 19.2999992370605 19.3099994659424 19.1800003051758 19.2199993133545 19.4099998474121 19.7199993133545 19.7800006866509 19.7600002288818 19.7800006866455 19.9300003051758 20.0300006866455 20.1399993896484 20.3999996185303 20.5 20.3799991607666 20.3600006103516 20.4599990847763 20.4300003051758 20.1499996185303 20.1299991607666 20.0100002288818 19.3400001525879 18.2700004577637 17.5599994659424 16.7900008962728 15.9399995803833 15.4399995803833 14.4399995803833 13.3500003814697 12.8500003814697 11.7700004577637 10.9700002670288 10.4600000730734 10.2799997329712 10.0100002288818 9.6899995803833 9.53999996185303 9.33000021423309 8.98999977111816 8.8100004196167 8.64000034332275 8.59000015258789 8.60999965667725 8.68000030517578
19.25 19.3199996948242 19.2900009155273 19.2600002288818 19.25 19.0300006866455 19.1399993896484 19.2399997711182 19.4500007629395 19.6499996185375 19.6800003051758 19.6800003051758 19.8099994659424 19.8500003814697 19.9099998474121 20.2000007629395 20.2399997711182 20.1299991607666 20.1200008392334 20.2099990844727 20.1800003051758 20 20.0200004566308 19.2600002288818 18.5 17.8500003747259 17.4799995422363 16.6100006103516 15.9300003051758 15.5100002288818 14.6800003051758 14.0100002288818 13.6300001144409 12.8999996185303 12.2799997329712 12.1000003814697 11.7799997329712 11.4499998092651 11.0100002288818 10.1400003433228 9.6899995803833 8.91000012628532 8.59000015258789 8.39000034332275 8.39000034332275 8.40999984741211 8.46000003814697
