SnowAccumulation_R/test/tmax/final_tmax_07_04_2009.asc
NCOLS 97 
NROWS 69 
XLLCORNER 52512.810182332 
YLLCORNER 5316225.2758522 
CELLSIZE 10000 
NODATA_value -9999 
[rows 42 to 62 of 69, columns 0 to 46 of 97]
-9999 -9999 16.9300003051758 12.2200002670288 9.75 9.90999892783798 8.75 10.3599996566772 11.0600005894309 14.7299995422363 11.7299995422363 15.0399999104251 14.039999961853 10.8500003814697 10.7200002670288 7.80000019073486 11.4099998474121 7.23999978647186 13.2799997156409 13.5699996932522 13.6899995803833 13.6599998474121 14.2600002288818 14.3800001142175 15.0399999601316 15.6999998092651 16.4099998474121 16.6499996185303 16.6299991607666 17.1100006103516 17.2700004577637 17.2399997711182 17.5900001525879 17.8099994659424 17.6700000762939 17.7299995422363 18.0400009155273 18.0799999237061 18.1399993896484 18.1299991607666 17.9799995422363 17.9099998474121 17.8299999237061 17.7900009155273 17.4599990844727 17.3199996948242 17.2900009155273
-9999 -9999 14.960000038147 11.5200004577637 11.6000003814697 9.35999965667725 10.7299993590529 10.0299997329712 14.25 12.0900001525879 14.7799997329712 12.2399997711182 9.97000026702881 8.85999965667725 11.3199996948242 9.30000019073486 11.9300003051758 9.10999965667725 13.3299999237061 13.789999961853 14.5299997329712 14.1599998474121 14.5200004577637 14.4899997711182 15.1700000762939 16.0300006866455 16.5100002288818 17.1200008392334 16.9300003051758 17.1800003051758 17.3400001525879 17.3400001525879 17.6800003051758 17.9500007629395 18.1700000762939 18 18.1200008392334 18.3099994659424 18.2000007629395 18.1299991607666 18.1800003051758 18.0499992370605 18.0100002288818 17.8099994659424 17.6800003051758 17.3899993896484 17.3799991607666
-9999 -9999 16.9099998474121 12.8299999237061 12 8.96000003814697 11.6499996185303 10.2799986644156 15.5600004196167 15.0200004577637 17.3799991607666 14.8400001525879 12.9200000762939 11.789999961853 8.90999984741211 9.93000030517578 11.9700002670288 10.3699998855591 14.0100002288818 14.2799997329712 14.2299995422363 14.210000038147 14.6999998092651 14.9399995803833 14.3100004196167 15.6599998474121 16.4099998474121 17.3799991600782 17.3799991607666 17.7600002288818 17.6700000762939 17.7199993133545 18.0599994659424 18.1399993896484 18.1299991607666 18.0699996948242 18.3099994659424 18.3299999237061 18.2299995422363 18.2099990844727 18.1299991607666 18.0599994659424 17.9899997711182 17.9500007629395 17.8299999237061 17.5900001525879 17.6000003814697
-9999 -9999 16.9400005340576 13.1899989328434 10.6999998092651 10.1400003433228 9.81000040024875 10.6999998092651 11.1100001468022 12.3999996862485 17.5900001525879 14.3800001144409 12.4200000701058 9.0600004196167 7.82000017166138 10.8299999237061 12.1099996566772 11.5100002288818 14.1999998092651 14.3999996185303 14.5200004577637 14.5799999237061 15.0699996948242 15.6599998474121 15.6499996185303 16.1200008392334 16.9400005340576 17.4699993132416 17.749999999738 17.8799991607666 18.0100002288818 18.0900001525879 18.2999992370606 18.3199996948242 18.3199996948242 18.2900009155273 18.2900009155273 18.3199996948242 18.3400001525879 18.2800006866455 18.1499996185303 18.0400009155273 17.9699993133545 17.8899993896484 17.7800006866455 17.7299995422363 17.6200008392334
-9999 -9999 17.0599994659424 11.289999961853 12.0200004577637 12.8299999237061 11.8599996566772 10.5600004196167 9.90999984741211 15.2100004731584 17.7900009155273 14.210000038147 11.6000003814697 9.31999969482422 9.72000026702881 9.52000045776367 11.6800003051758 10.3000001907349 9.4399995803833 14.8800001144409 14.960000038147 15.210000038147 15.7799997329712 16.0900001525879 17.0200004557375 17.0200004577637 17.6000003813872 17.6299991607666 17.6800003051758 18 18.3299999237061 18.4400005340576 18.5699996948242 18.5900001525879 18.5300006866455 18.5400009155273 18.3199996948242 18.3600006103516 18.4200000762939 18.4200000762939 18.1900005340576 18.0400009155273 17.9099998474121 17.8400001525879 17.6700000762939 17.4799995422363 17.7800006866455
-9999 -9999 17.5400009155273 11.8999996185303 13.6700000762939 13.1899995803833 12.9499998092651 10.1199998855591 11.6000003814697 16.9599990844727 18.3899994606758 15.1099996566772 11.1099996566772 9.68000030517578 10.6700000762939 9.9399995803833 11.8299999237061 12.1599998474121 15.1699998324309 14.8699998855591 14.960000038147 15.6999998092651 15.9200000762939 16.2800006866455 16.9500007615738 17.4300003041547 17.5100002288818 18 18.0599994659424 18.3199996948242 18.6700000762939 19.0400009155273 18.6900005340576 18.6499996185303 18.5900001525879 18.6000003814697 18.3700008392334 18.4200000762939 18.5300006866455 18.6700000762939 18.2399997711182 17.9400005340576 17.8299999237061 17.8199996948242 17.5599994659424 17.1299991607666 17.4699993133545
-9999 15.6599998474121 17.9099998474121 14.8500003814697 12.6999996362971 13.8299999237061 11.3999996185303 11.0699998840345 14.2799997329712 18.1100006103516 18.8199997005021 14.9900001028979 10.1300001144409 11.3800001144409 12.1899995803833 10.6000003814697 12.25 11.9200000762939 10.2299995422363 15.210000038147 15.5299997329712 15.9099998474121 16.1499996185303 16.5400009155273 16.7000007629394 17.25 17.5499992370605 17.9300003051758 18.1299991607666 17.8899993896484 18.7000007627496 19.1900005340576 18.7800006867373 18.7399997711182 18.6499996185303 18.5900001525879 18.3299999237061 18.4300003051758 18.5300006866455 18.6800003051758 18.2199993133545 17.9200000762939 17.8600006103516 17.8400001525879 17.75 17.3099994659424 17.3199996948242
-9999 17.3600006103516 18.1900005340576 13.4700002670288 13.8500003814697 12.6099996566772 15.3800001144409 15.3999996185303 16.4200000762939 18.5900001525879 19.1399993896484 19.0599994659424 10.6800003555303 14.6999998081142 14.6199998855591 12.3999996185303 12.1499999028025 13.8000001907349 11.539999961853 15.8900003447729 15.8900003433228 16 16.3299999237061 16.7900009155273 17 17.4699993133545 17.6900005340576 17.9899997711182 18.0200004577637 18.3600006102144 18.5200004577637 18.5 18.6399993896484 18.6599998474121 18.5699996948242 18.4099998474121 18.3299999237061 18.3700008392334 18.3899993896484 18.3700008392334 18.1900005340576 18.0799999237061 17.9599990844727 17.9099998474121 17.6900005340576 17.3400001525879 17.1499996185303
-9999 12.9200000762939 16.3799998776288 14.4300003051758 11.1599998474121 12.4300003051758 12.4300003051758 12.7799997329712 14.2399997711182 17.0100002288818 18.3700008392334 18.9099998474121 16.6399993896484 15.3599996566772 14.789999961853 12.3500003814697 13 14.1499996185303 13 15.9200000782037 15.9399995803833 15.8999996185303 16.3700008392334 16.7199993133545 17.3700008392334 17.6000003814697 17.5599994659424 17.9699993131005 17.9699993133545 18.3500003813531 18.4400005340576 18.4799995422363 18.5499992370605 18.6100006103516 18.3299999237061 18.2900009155273 18.3299999237061 18.3299999237061 18.2999992370605 18.2800006866455 18.1700000762939 18.0799999237061 17.9400005340576 17.8700008392334 17.75 17.3400001525879 17.1800003051758
-9999 14.7099993171156 19.0499992370605 15.1300001144409 11.7799997329712 13.9200000762939 14.0100002288818 13.0699996948242 12.5500003489861 17.5400009155273 17.1399993896484 15.75 18.8299999237061 16.0599994659424 13.4899997711182 15.869999968705 12.039999961853 13.25 10.4700002670288 15.960000038147 15.9700002657486 16.0200004577637 16.3999996185303 16.8099994659424 17.3700008385241 17.3700008392334 17.7499999993975 17.8099994659424 17.9200000761899 17.9099998474121 18.2600002288818 18.2399997711182 18.2999992370605 17.9799995422363 17.9099998474121 17.8700008392334 17.9200000762939 18.1599998474121 18.2299995422363 18.1700000762939 18.1599998474121 18.1900005340576 17.9500007629395 17.8899993896484 17.7000007629395 17.3899993896484 17.2000007629395
-9999 14.039999961853 18.9699993133545 17.8299999237061 13.1099996566772 15.6800003051758 14.1700000762939 13.6400003433228 14.3699998855591 16.8500003814697 13.4899997711182 15.3199996948242 17.2800006866455 18.9699993133545 18.0599994659424 15.3599996566772 12.1499996386199 12.3800001144409 10.75 13.9499998092651 15.9399995646599 16.0300006866455 16.3799991607666 16.6200008392334 16.7099990844727 16.8500003814697 17.1200008392334 17.2999992370605 17.4300003051758 17.7000007629395 17.7500000000195 18.0499992369599 17.9200000762939 18.0599994659424 17.9200000763011 17.6700000762939 17.6599998474121 18.0100002288818 18.1299991607666 18.2199993133545 18.1599998474121 18.1499996185303 18.0499992370605 17.8400001525879 17.5599994659424 17.4099998474121 17.2299995422363
-9999 14.4799995422363 13.7399997711182 19.4099991999221 13.7700004577637 16.7700004577637 15.6700000762939 13.8900003433228 15.1800003051758 16.4300003051758 14.2700004577637 15.9799995422363 16.9599990844727 18.8299999237061 17.7000007683296 16.1399993896484 13.5500001907349 12.8900003433228 12.3199996948242 12.2600002288818 16.0799999237061 15.9799995422363 16.1800002941766 16.2800006866455 15.8699998855591 16.0400009155273 16.1800003051758 16.25 16.6800003051758 17.2099990844727 17.5100002287892 17.3400001525879 17.2700004577637 17.5599994659424 17.6100006103425 17.6900005340576 17.7700004577637 18.0200004577613 18.2399997711182 18.2900009155273 18.25 17.9899997711182 18.0200004577637 17.9200000762939 17.6499996185303 17.6499996185303 17.3899993896484
-9999 14.7799997329712 16.3600006103516 19.4599990844727 17.9699993133545 16.7299995422363 16.2399997711182 15.289999961853 16.0799999237061 16.4500007629395 13.9899997711182 15.7700004577637 16.9899997711182 18.3700008392334 18.1599998474121 14.2399997711182 12.9700002670288 11.210000038147 11.9899997711182 11.0299998202369 12.0200004575883 15.9799994075132 15.6700000762939 15.6300001144409 15.6899995803833 15.1599998474121 15.1800003051758 15.4099998474121 15.4899997711182 16.4300003048309 16.9699993133545 16.8600006103516 15.5699996948242 15.9700002670288 16.9699993133545 17.3600006103516 17.6299991607666 18.0300006866424 18.1700000762939 18.2700004577637 18.1399993896484 18 17.9500007629395 17.9300003051758 17.8899993896484 17.7000007629395 17.5300006866455
-9999 15.2500001192206 16 17.7399997711182 19.9599990844727 16.7399997711182 17.9400005340576 16.4699993133545 15.4499998092651 14.7200002670288 14.9300003051758 15.5200004577637 15.8299999237061 18.0699996948242 18.6200008392334 14.0799999237061 13.6800003051758 11.6999998092651 12.7200002670288 14.5500001907349 11.6700000762939 11.1899995885983 10.1099996566772 14.460000032554 14.8299999237061 14.8500003814697 14.8400001525879 14.9799995422363 15.6300001150392 15.8299999237061 16.0599994659424 16 15.539999961853 15.7600002288818 15.8000001907349 16.3500003814697 17.4099998474121 17.8799991607631 18.1499996185303 18.2900009155273 18.25 17.8899993896484 18.0400009155273 18.0200004577637 17.8999996185303 17.6299991607666 17.4200000762939
-9999 11.8374996185303 12.335000038147 13.3249998092651 17.9550001104604 15.4799995422363 17.7600002288818 16.6900005340576 16.5 15.9899997711182 16.4200000762939 14.5799999237061 13.8699998866363 17.3099994659424 18.7299995422363 16.4899997711182 12.9799995422363 11.5 12.7700004577637 15.5900001525879 11.4099998474121 10.5100002288818 10.2700004550616 13.9099998474121 14.8000001907349 14.4399995803833 14.3800001144409 14.4200000762939 14.9300003051758 14.7200002670288 14.9300003051758 15.4099998474121 15.6000003814697 16.0799999237061 16.5499992370605 16.6000003814697 17.1200008392334 17.5100002288818 17.8899993896484 18.2600002288818 18.2399997711182 18.2399997711182 18.0799999237061 17.9400005340575 17.7399997711182 17.5400009155273 17.3500003814697
-9999 12.3900003433228 11.3774995803833 11.9499998092651 15.4949998855591 18.9724998474121 13.5 15.1424997897106 11.7875003814697 14.9075002670288 14.8874998092651 14.3824996948242 10.9475002288818 14.3474998474121 19.0949993133545 11.9075003207113 9.78749942779541 10.9724998474121 10.522500038147 13.9300003051758 11.9674997329712 8.8774995803833 8.36250019073486 11.0024995803833 10.7600001927872 11.6800003051758 13.0299997329712 13.0100002288818 13.6000003814697 14.210000038147 13.9799995422363 14.6599998474121 15.0100002288818 15.8100004196167 15.7799997329712 15.6000003814697 16.8600006103516 17.3400001525879 17.4099998474121 17.7700004577637 17.3999996185305 17.6000003814697 17.2600002288818 17.1800003051757 17.0200004577637 16.9799995422363 17.0599994659424
-9999 16.1049995422363 14.1774989435551 10.125 12.7775001525879 18.4375 15.5625 13.8500003814697 11.9925003051758 14.9674997329712 15.7299995488905 13.9650001525879 12.3175001144409 13.3599996566772 18.4974994659424 16.7950000762939 12.8299999237061 11.8400001525879 10.8424997284479 12.3074998855591 13.0799999237061 10.1625003814697 9.36250019073486 10.0174999237061 8.89500045776367 7.16249990463257 11.9825000733234 13.0950002638045 13.5275001525879 13.387499809279 13.5100002288818 14.2449998855591 14.6625003814697 15.0699996948242 14.8325004577637 15.0950002670288 16.0324993133545 16.625 16.9025001525879 17.0799999237061 14.949999809268 16.1124992370605 16.6774997711182 16.3449993133542 16.4799995422363 16.7824993133545 16.875
-9999 15.7475004196167 12.4750003814697 10.4575004577637 12.6575002670288 18.4449997347588 18.3600006103516 16.5849990844727 13.1875 15.6400003433228 16.4125003814697 12.977499961853 12.8800001144409 15.8424997329712 16.2800006866455 18.2724990844727 17.625 10.3625001907349 9.42000007629395 11.0974998474121 14.6099996566772 13.0924997099664 9.92250061035156 10.4350004196167 9.74499988555908 9.39750003814697 10.6724996566772 11.6949996948242 11.8500003814697 12.7524995806346 13.4200000762939 14.2049999237061 14.522500038147 14.7700004577637 15.1099996566772 15.1525001525879 15.3450002670288 16.7275009155273 17.1399993896484 16.8974990844727 15.5924997329716 16.1275005340576 15.9499998092651 15.7775001525879 15.4799995422363 16.8824996948242 17.1625003814697
16.0149993896484 16.6224994659424 11.0749998092651 10.1075000762939 13.9975004196167 18.375 16.1275005340576 18.3349990844727 16.6674995422363 15.0424995422363 14.7524994831721 12.6850004196167 14.7299995422363 13.6000004061346 13.0249996185303 16.4599990844727 17.8024997711182 12.1300001144409 10.3024997711182 10.8074998855591 13.1800003051758 13.7749996185303 13.2025003433228 10.5775003433228 12.4250001907349 7.78499984741211 10.7150001525879 10.6049995422363 11.5550003051758 12.8024997711182 13.7075004577637 14.1400003433228 14.777500152503 14.9975004196167 15.3050003051758 15.0500001907349 15.1824998855591 16.7649993896484 17.1525001525879 16.875 16.9225006103515 16.7450008392334 15.9624996185303 15.9250001907349 15.9674997329712 16.9575004577637 17.2024993896484
16.6599998474121 17.1200008392334 11.2775001525879 12.1475000381471 15.9624996185303 15.1300001144409 13.0474996566772 14.9549999237061 16.2924995422363 12.8699998855591 14.6999998092651 14.58500038292 13.3874998092651 13.5024995803833 12.6674995422363 15.2775001525879 14.6649999765726 15.2799997329712 12.6049995422363 10.3149995803833 12.3024997711182 14.4125003814697 14.2250003814697 13.1724996566772 8.54749966426492 10.085000038147 9.31750011444092 8.67500019073486 11.210000038147 13.7025003433228 14.2674999237061 14.7150001525879 15.0074996947966 15.0600004196167 15.3325004577637 15.4799995422356 16.4825000762954 17.332500457768 17.2849998474121 17.2075004577637 17.2425003051758 17.1875 16.7049999237061 16.7549991607666 17.1525001525879 17.2175006866455 17.3649997711182
16.2350006103516 16.7749996185303 11.5375003814697 14.8450002670288 16.2450008392334 14.6374998092651 13.0500001907349 11.977499961853 17.7450008392334 15.5950002670288 17.1200008392334 18.1399993896484 14.2325002986158 17.7075004577637 14.5825004577637 14.8424997329712 13.0349998474121 12.6724996566772 14.8424997329712 14.0150003433228 11.539999961853 13.3549995422363 12.2425003051758 13.9875001907349 9.53250026702881 9.33749961853027 8.83250045776367 8.6875 11.9274997711182 13.6175003051758 14.1824998855591 14.4925003051758 14.7775001525879 14.977499961853 15.3575000762939 15.6225004196167 16.4874992370605 17.4974994659424 17.6324996948242 17.6399993896484 17.7399997711182 17.7700004577637 17.2549991607676 17.2525005340576 17.5424995422363 17.2474994659435 17.4400005340579
