SnowAccumulation_R/test/tmax/final_tmax_24_04_2009.asc
NCOLS 97 
NROWS 69 
XLLCORNER 52512.810182332 
YLLCORNER 5316225.2758522 
CELLSIZE 10000 
NODATA_value -9999 
[rows 0 to 20 of 69, columns 0 to 46 of 97]
-9999.000000000000000 -9999 -9999 -9999 -9999 -9999 -9999 -9999 -9999 -9999 -9999 -9999 -9999 -9999 -9999 -9999 -9999 -9999 -9999 -9999 -9999 -9999 -9999 -9999 -9999 -9999 -9999 -9999 -9999 -9999 -9999 -9999 -9999 -9999 -9999 -9999 -9999 -9999 -9999 -9999 -9999 -9999 -9999 -9999 -9999 -9999 -9999
-9999 -9999 -9999 -9999 -9999 6.90999984741211 5.65000009536743 5.19000005722046 4.51000022888184 5.13000011444092 4.65999984741211 4.75 5.13999995866889 5.90999984741211 5.23999977111816 5.15999984741211 5.69999980926514 5.88000011444092 5.88000011450025 -9999 -9999 -9999 -9999 -9999 -9999 -9999 -9999 -9999 -9999 -9999 -9999 -9999 -9999 -9999 -9999 -9999 -9999 -9999 -9999 -9999 -9999 -9999 -9999 -9999 -9999 -9999 -9999
-9999 -9999 -9999 -9999 -9999 5.01999998092651 4.61999988555908 4.73000001907349 4.94000005722046 5.59999990463257 5.42999982833862 6.07999992370606 6.28000020980835 5.99999997490291 5.30999994277954 5.69000005722046 5.82999992370605 5.78000020980835 5.76999998092651 5.84000013365031 5.55999994277954 5.30000019073486 4.82000017166138 4.34000015258789 4.05000019073486 3.50999999046326 3.26999998092651 3.25 3.25 3.30999994277954 3.29999995231628 3.28999996185303 3.23000001907349 3.11999988555908 2.86999988555908 2.66000008583069 2.45000004768372 2.27999997138977 2.02999997138977 1.95000004768372 1.79999995231628 1.64999997615815 1.58000004291534 1.38999998569489 1.58000004291534 1.67999994754791 1.73000001907349
-9999 -9999 -9999 -9999 -9999 5.88000011444092 6.09000015258789 5.69000005722046 5.63000020228999 6.28999996185303 6.21000003814697 5.92000007629395 6.26000022888184 5.67999982833862 5.42999982833862 5.46999979019165 5.46999979019165 5.3600001335144 5.51999998092651 5.26999998057663 4.94999980926514 4.90999984741211 4.55999994277954 4.15999984741211 3.73000001944624 3.59999990463257 3.3199999332428 3.23000001907349 3.15000009536743 3.42000007629394 3.41000008583069 3.47000002861023 3.35999989509583 3.14000010490418 2.83999991416931 2.66000008583069 2.59999990463257 2.42000007629395 2.11999988555908 2.0699999332428 1.99000000953674 1.87000000476849 1.71000003814697 1.70000004768372 1.88999998569489 2.05999994277954 2.16000008583069
-9999 -9999 -9999 -9999 -9999 6.46000003814697 6.36000013351441 6.28000025368014 6.21999979019165 6.23999980210946 6.48000001907349 6.38999986648559 6.23000001907349 6.07000017166138 5.98999976656552 5.80000019073486 5.40999984741211 5.19999980926514 5.3899998664856 5.01999998092651 4.88000011444092 4.69999980926514 4.28000021413205 4.03000020980835 3.77999997138977 3.71000003814697 3.42000007629395 3.30999994277954 3.30999994277954 3.38000011444092 3.58999991412515 3.5 3.25999999046326 3.20000004768372 2.85999989509583 2.70000004768372 2.61999988555908 2.60999989509582 2.26999998092651 2.33999991416931 2.4300000667572 2.21000003814697 2.14000010490417 2.23000001907349 2.1800000667572 1.9099999666214 1.92999994754791
-9999 -9999 -9999 -9999 -9999 6.80999994277954 6.65999984741211 6.48999977111816 6.23000015126645 6.55000019073486 6.26999998092651 6.19999980926514 6.13000011444092 6.03999996185303 5.94000005722046 5.90999984741211 5.69000005722046 5.48000001907349 5.34000015258789 5.17999982833862 5 4.59000015258789 4.21000003814697 3.90000009536743 3.79999995231628 3.72000002862535 3.64000010490417 3.44000005722046 3.38000011444092 3.51999998092651 3.58999991416931 3.41000008583069 3.08999991416931 3.23000001907349 2.98000001907349 2.6800000667572 2.60999989509611 2.64000010490417 2.52999997138977 2.50999999046326 2.35999989509583 2.25 2.3199999332428 2.46000003814697 2.34999990463257 2.07999992370605 1.96000003814697
-9999 -9999 -9999 -9999 -9999 6.61999988555908 6.51000022888184 6.53999996185303 6.11999988555908 6.189999904203 5.98999977111816 5.96000003814697 5.90000009536743 5.84000015258789 5.71000003814697 5.53999996185303 5.42999982833862 5.21000003814697 5.40999984741211 5.09000015258789 5.00000000006241 4.8600001335144 4.46999979019165 4.09999990463257 3.88000011444092 3.71000003959515 3.72000002861023 3.51999998092651 3.40000009536743 3.72000002861023 3.32999992370605 3.25 3.19000005722046 3.26999998092651 3.09999990463257 2.75 2.64000010490447 2.67000007629395 2.64000010490417 2.51999998092651 2.35999989509583 2.78999996185303 2.77999997138977 2.75 2.50999999046326 2.29999995231628 1.99000000953674
-9999 -9999 -9999 -9999 -9999 6.63000011444092 6.63999981831337 6.44999980926514 5.8899998664856 5.48000001907349 5.9000000648998 5.78000019564576 5.53999996185303 5.3600001335144 5.48999977111816 5.48000001907349 5.55000018846478 5.36999988555908 5.28000020980835 5.19999980926514 4.96999979019165 4.90999984741211 4.76000022888184 4.23000001907349 3.98000001907349 3.92000007629395 3.8199999332428 3.56999993554931 3.59999990463257 3.24000000953674 3.15000009536743 3.08999991416616 3.20000004768372 3.27999997138977 3.11999988555908 2.78999996185303 2.65000009536857 2.66000008583069 2.60999989509582 2.51999998092651 2.5699999332428 2.84999990463257 3.09999990463257 2.95000004768372 2.55999994277954 2.46000003814697 2.15000009536743
-9999 -9999 -9999 -9999 -9999 6.53000020980835 6.30000019073486 6.46000003814697 5.80999994277954 5.59999990463257 5.6100001335144 5.70999997526136 5.67000007629395 5.51999998092651 5.40000009536743 5.51999998092651 5.48999977111816 5.59000015258789 5.36999988555908 5.51000022888184 5.32999992370605 5.05000019084466 5.01999998092651 4.3899998664856 4.19999980926514 4.05999994277954 3.95000004776286 3.79999995231628 3.44000005722046 3.06999993285351 2.95000004768372 2.97000002861023 2.97000002861023 3.20000004768372 3.07999992370605 2.78999996185303 2.67000007629395 2.71000003814697 2.58999991416931 2.61999988555908 2.66000008583069 2.72000002861023 2.89000010490417 2.90000009536743 2.74000000953674 2.5 2.28999996185303
-9999 -9999 -9999 -9999 -9999 6.15000009536743 6.07000017166138 6.05000019073486 5.76000022888184 5.3600001335144 5.32000017166138 5.28000020980835 5.59999986532601 5.67999982833862 5.51000022888184 5.40000009536743 5.71999979019165 5.63000011321846 5.59000015258789 5.63000011444092 5.57000017166138 5.01999998092651 4.76000022888184 4.48999977111816 4.30000019073486 3.94000005722046 3.73000001907349 3.71000003814697 3.45000004768372 2.97000002861023 2.70000004768372 2.79999995213393 2.82999992350875 3.04999995231628 2.99000000953674 2.77999997138977 2.71000003814697 2.71000003814697 2.6800000667572 2.71000003814697 2.76999998092651 2.83999991416931 2.84999990463271 3.05999994277954 2.9300000667572 2.72000002861023 2.30999994277954
-9999 -9999 -9999 -9999 -9999 4.8899998664856 5.82999992370605 5.59000015258789 5.40999980087516 5.13000011444092 4.98000001907349 5.05000019073486 5.48000001907349 5.61000014476393 5.57999992370605 5.44000005722046 5.75 5.51999998092651 5.73999977111816 5.55999994277954 5.40999984741211 4.92999982833862 4.63000011481124 4.40000009536743 4.07999992370605 3.71000003814697 3.59999990463257 3.54999995231628 3.19000005722046 2.94000005722046 2.72000002861023 2.60999989509583 2.55999994277954 2.75 2.88000011439491 2.74000000953095 2.72000002861023 2.75 2.71000003814697 2.73000001907349 2.75999999046326 2.80999994277954 2.77999997138977 2.80999994277954 2.70000004768372 2.55999994277954 2.24000000953674
-9999 -9999 -9999 -9999 4.21000003814697 4.11999988555908 4.71000003814697 5.11999988555908 4.82999992370606 4.69999980926514 4.57999992370605 4.51000022888184 4.98999977111816 5.42000007629395 5.57999989630424 5.61999988555908 5.6399998664856 5.63000011444092 5.80000018982591 5.3600001335144 5.19999980926514 4.78000020980835 4.19000005722046 4.05999994277954 3.86999988555908 3.57999992370605 3.4300000667572 3.27999997149796 3.16000008583069 3.00999999046326 2.82999992370606 2.75 2.71000003815987 2.70000004768372 2.63000011444092 2.6800000667572 2.70000004768372 2.77999997138977 2.730000019074 2.55999994278047 2.67000007629367 2.66000008583036 2.54999995231627 2.53999996185305 2.42000007629395 2.35999989509582 2.18000006675723
-9999 -9999 -9999 -9999 3.39000010490417 3.89000010490417 4.48999977111816 4.8600001335144 4.42000007629395 4.51000031659741 4.78999996185303 4.78999996185303 4.98000001907349 5.51999998092651 5.3899998664856 5.02000002513998 5.80999994277954 5.75 5.15000009536743 5.07999992370605 4.71000003814697 4.57999992370605 4.01000022888184 3.84999990463257 3.6800000667572 3.4300000667572 3.42000007629395 3.25999999046326 3.23000001907349 3.23000001907349 2.95000004768372 2.76999998092651 2.80999994278169 2.6800000667572 2.73000001907349 2.6800000667572 2.74000000953674 2.80999994277954 2.91000008583069 2.88000011444092 2.85999989509583 2.8199999332428 2.75999999046326 2.76999998092651 2.99000000953674 2.72000002861023 2.25999999046326
-9999 -9999 -9999 -9999 3.22000002861023 3.70000004768371 4.26999998092651 4.63000011444092 5.05000019073486 5.07999992370606 4.90000009536743 5.01999998092651 5.28999996185303 5.26999998092651 5.34999990463257 5.44999980926514 5.42000007629395 5.32999992370605 4.92000007629395 4.82999992370605 4.51000024776159 4.15999984741211 4.73999977111816 4.25 3.64000010490417 3.34999990463257 3.40000009536743 3.29999995231628 3.24000000953674 3.22000002861023 3.08999991416931 3 2.88000011444092 2.78999996185303 2.79999995231628 2.75 2.8199999332428 2.93000006675642 3.09999990463257 3.19000005722046 3.09999990463257 3.07999992370605 2.92000007629387 2.86999988555908 3.13000011444092 2.83999991416931 2.19000005722046
-9999 -9999 -9999 -9999 2.49999662909322 4.13000011444092 3.51999994105756 3.46000003814697 4.42999982833862 5.30999994277954 5.15000009536743 5.13000011444092 5.11999988555908 5.05999994277954 5.09999990463257 4.8899998664856 4.90999984741211 4.44999980926514 4.49999999906209 4.67999982833862 4.82999992370605 4.59999990463257 4.55999994277954 4.23000001907349 3.71000003814697 3.63000011444092 3.44000005722046 3.14000010490418 3.25999999046326 3.1800000667572 3.01999998092651 2.96000003814697 3.01999998092651 3 2.84999990463257 2.78999996185303 2.91000008583069 3.06999993324158 3.25 3.69000005722046 3.55999994277954 3.38000011444092 3.18000006675715 2.86999988555908 2.8199999332428 2.47000002861023 2.24000000953674
-9999 -9999 -9999 -9999 0.300000011920929 3.70999952373888 3 3.44000005722046 4.07000017166138 4.69999980926514 4.98999977111816 4.80999994277954 4.98000001907349 4.78000020980835 4.78000020980835 4.73999977111816 4.69000005722046 4.57000017166138 4.30999994277954 4.26999998092651 3.98000001907349 4.51999995812181 4.23000001907349 3.90000009600685 3.90000009536743 3.77999997138977 3.4300000667572 3.27999997138977 3.25999999046326 3.25999999046326 2.91000008583069 2.86999988555908 2.6800000667572 2.80999994277954 2.86999988555908 2.80999994277954 2.99000000953674 3.23000001907349 3.46000003814697 4.15000009536743 4.26000022888184 3.58999991416931 3.09999990463257 2.71000003814697 2.33999991416931 2.22000002861023 2.01999998092651
-9999 -9999 -9999 -9999 1.03999996185303 -1.10000002384186 1.42000029380703 2.41000031492283 3.6800000667572 3.85999989509583 4.23000001907349 4.26000022888184 4.38000011444092 4.53000020980835 4.73000001907349 4.63999986648559 4.80000019073486 4.75 4.11999988555908 4.03999996185303 3.9300000667572 4.01000022888184 3.97000002863516 3.91000008583069 3.63000011501628 3.70000004768372 3.51999998092651 3.4300000667572 3.33999991416931 3.17000007629395 3.04999995231628 2.9300000667572 2.76999998092651 2.6600000858321 2.82999992370605 2.89000010490417 3.01999998092651 3.34999990463257 3.54999995231628 3.84999990463257 3.6800000667572 3.34999990463257 2.9800000190737 2.67000007629395 2.13000011444092 2.01999998092651 1.89999997615814
-9999 -9999 -9999 -9999 -0.140000000596046 0.0500000007450581 -0.759999990463257 1.39000069352635 3.55999994277954 3.61999988555908 3.44000005722046 3.85999989509582 3.94000007665687 4.53999996185303 4.61999988555908 4.57999992370605 4.50000000020278 4.59000015258789 3.85999989509582 3.71000003814697 3.8199999332428 3.93000006693616 3.81999993726472 3.92000007629395 3.91000008583069 3.8199999332428 3.63000011444092 3.53999996185303 3.36999988555908 3.25999999046326 2.83999991416931 2.71000003814697 2.97000002861023 2.98000001907349 2.79999995231628 3.07999992370606 3.13000011444092 3.41000008583069 3.45000004768372 3.54999995231628 3.34999990463257 2.77999997138977 2.74000000953664 2.1800000667572 1.87000000476837 1.62999999523163 1.75
-9999 -9999 -9999 -9999 -0.280001176981393 -1.36000001430511 -1.23000001907349 2.59999990463257 2.57999992370605 4.30000019073486 3.52999997138977 4.23000001907349 4.40999984741211 4.51000022888184 4.17000007629395 4.53999996185303 4.48000001907349 4.42999982554426 3.51999998087792 3.74000000953674 3.86999988525021 3.89000010490417 3.94000005722046 3.92000007629395 3.90000009536743 3.86999988555908 3.69000005722046 3.51999998092651 3.49000000953674 3.27999997138977 3.03999996185303 2.79999995231628 3.03999996185303 3.04999995231628 2.9300000667572 3.19000005722046 3.5 3.58999991416931 3.49000000953674 3.29999995231628 2.67000007629395 2.22000002861023 2.42000007629395 1.79999995231628 1.70000004768372 1.55999994277954 1.67999994754791
-9999 -9999 -9999 -9999 -1.25999999046326 -2.05999994277954 -1.26999998092651 -0.0299999993294477 4.98000001907349 4.65000009536743 3.90000009536743 3.8199999332428 3.67000007629395 4.15000009536743 4.6100001335144 4.38000011444092 4.40999984741211 3.51999998092651 3.69000005722046 3.77999997138977 3.8199999332428 3.86999988555908 3.9300000667572 3.93000006725378 3.92000007629395 3.91000008583069 3.65000009536743 3.42000007629395 3.4300000667572 3.38000011444092 3.17000007629395 2.89000010490417 3.0699999332428 2.91000008583069 2.94000005722046 3.17000007629395 3.57999992370605 3.65000009536743 3.48000001907349 3 2.28999996185303 1.97000002861023 1.98000001907349 1.6599999666214 1.51999998092651 1.62999999523163 1.60000002384186
-9999 -9999 -9999 -9999 -1.76999998092651 -0.349999994039536 -0.170000001788139 5.05000019073486 1.87999999523163 1.8400000333786 3.04999995231628 3.1800000667572 3.55999994277954 4.40000009536743 4.03000020980835 4.05999994277954 4.42999982833862 4.32000017166138 3.89000010490417 3.92000007629395 3.8199999332428 3.90000009536743 3.83999991416931 3.95000004792898 3.97000002861023 3.99000000953674 3.79999995231628 3.64000010490417 3.46000003814697 3.33999991416931 3.1800000667572 3.08999991416931 2.99000000953674 2.85999989509583 2.92000007629395 2.9300000667572 3.09999990463257 3.0699999332428 2.99000000953674 2.76999998092651 2.32999992370605 1.96000003814697 1.58000004291534 1.54999995231628 1.37999999523163 1.63999998569489 1.67999994754791
