SnowAccumulation_R/test/tmax/final_tmax_20_04_2009.asc
NCOLS 97 
NROWS 69 
XLLCORNER 52512.810182332 
YLLCORNER 5316225.2758522 
CELLSIZE 10000 
NODATA_value -9999 
[rows 0 to 20 of 69, columns 0 to 46 of 97]
-9999.000000000000000 -9999 -9999 -9999 -9999 -9999 -9999 -9999 -9999 -9999 -9999 -9999 -9999 -9999 -9999 -9999 -9999 -9999 -9999 -9999 -9999 -9999 -9999 -9999 -9999 -9999 -9999 -9999 -9999 -9999 -9999 -9999 -9999 -9999 -9999 -9999 -9999 -9999 -9999 -9999 -9999 -9999 -9999 -9999 -9999 -9999 -9999
-9999 -9999 -9999 -9999 -9999 12.3100004196167 11.3199996948242 11.0600004196167 10.8000001907349 11.210000038147 11.1999998092651 11.5 11.8900004284825 12.789999961853 12.5600004196167 12.7799997329712 13.5 13.9099998474121 14.0299997336832 -9999 -9999 -9999 -9999 -9999 -9999 -9999 -9999 -9999 -9999 -9999 -9999 -9999 -9999 -9999 -9999 -9999 -9999 -9999 -9999 -9999 -9999 -9999 -9999 -9999 -9999 -9999 -9999
-9999 -9999 -9999 -9999 -9999 11.8299999237061 11.2200002670288 11.3000001907349 11.4399995803833 11.9799995422363 12.1000003814697 12.8400001525879 13.289999961853 13.1899995684323 12.9099998474121 13.4700002670288 13.8299999237061 14.0299997329712 14.1999998092651 14.1999998041004 14.1899995803833 14.289999961853 14.3000001907349 14.2600002288818 14.1599998474121 13.9700002670288 14.0799999237061 14.3500003814697 14.5799999237061 14.6700000762939 14.6599998474121 14.6700000762939 14.6400003433228 14.4899997711182 14.210000038147 14 13.8199996948242 13.7700004577637 13.6599998474121 13.6800003051758 13.5900001525879 13.4799995422363 13.4200000762939 13.2299995422363 13.3699998855591 13.3400001525879 13.1999998092651
-9999 -9999 -9999 -9999 -9999 12.7600002288818 12.9899997711182 12.3299999237061 12.3599997388586 13.0100002288818 13.1599998474121 13.1599998474121 13.6599998474121 13.4399995803833 13.3500003814697 13.5799999237061 13.7799997329712 13.9300003051758 14.2399997711182 14.0900001523409 13.8400001525879 13.710000038147 13.8699998855591 13.9700002670288 13.94999980933 14 14.0900001525879 14.289999961853 14.4099998474121 14.75 14.7600002288818 14.8299999237061 14.7399997711182 14.5299997329712 14.2200002670288 14.039999961853 13.9799995422363 13.8999996185303 13.7299995422363 13.7799997329712 13.789999961853 13.7600002288819 13.6300001144409 13.6400003433228 13.7700004577637 13.8000001907349 13.7600002288818
-9999 -9999 -9999 -9999 -9999 13.5600004196167 13.6199998855591 13.2700009315817 13.3999996185303 13.5000000413217 13.8500003814697 13.9899997711182 14.0699996948242 14.1300001144409 14.1599998470327 14.1700000762939 14.0100002288818 14.0600004196167 14.4899997711182 14.2299995422363 14.1000003814697 13.960000038147 13.64999962875 13.8500003814697 14.0100002288818 14.1400003433228 14.210000038147 14.3599996566772 14.5200004577637 14.6899995803833 14.9499998092121 14.8699998855591 14.6300001144409 14.6099996566772 14.3000001907349 14.1400003433228 14.0699996948242 14.1099996566772 13.8800001144409 14.039999961853 14.2299995422363 14.1499996185303 14.1400003433228 14.3100004196167 14.2299995422363 13.8199996948242 13.6899995803833
-9999 -9999 -9999 -9999 -9999 14.1700000762939 14.2299995422363 14.3500003814697 13.9500002352206 14.3100004196167 14.210000038147 14.3500003814697 14.460000038147 14.539999961853 14.5799999237061 14.6099996566772 14.5299997329712 14.5799999237061 14.9099998474121 14.7299995422363 14.5500001907349 14.2200002670288 14.0200004577637 13.9700002670288 14.1099996566772 14.4399995800961 14.5200004577637 14.5500001907349 14.5900001525879 14.8500003814697 15 14.8199996948242 14.460000038147 14.7399997711182 14.5200004577637 14.2200002670288 14.1400003433228 14.1899995803833 14.1599998474121 14.2299995422363 14.1999998092651 14.2799997329712 14.4200000762939 14.6899995803833 14.5500001907349 14.1199998855591 13.8999996185303
-9999 -9999 -9999 -9999 -9999 14.4700002670288 14.4899997711182 14.710000038147 14.6999998092651 14.5699998662042 14.6199998855591 14.6899995803833 14.8000001907349 14.8699998855591 14.8400001525879 14.7399997711182 14.6599998474121 14.5299997329712 15.210000038147 14.9700002670288 14.8900003433727 14.7799997329712 14.5299997329712 14.3599996566772 14.5 14.6000003869406 14.8000001907349 14.8400001525879 14.75 15.1700000762939 14.8500003814697 14.8000001907349 14.789999961853 15 14.8100004196167 14.3900003433228 14.2500000000003 14.3000001907349 14.3500003814697 14.3100004196167 14.2600002288818 14.8999996185303 14.9899997711182 15.0699996948242 14.7700004577637 14.4499998092651 14.0699996948242
-9999 -9999 -9999 -9999 -9999 14.7700004577637 14.8599996741945 14.960000038147 14.9099998474121 14.9399995803833 15.0600006532021 15.0799999216829 15.0600004196167 15.039999961853 15.1599998474121 15.1499996185303 15.1999998079298 15.1499996185303 15.3299999237061 15.3699998855591 15.210000038147 15.1899995803833 15.1000003814697 14.7700004577637 14.8599996566772 15.3400001525879 15.5100002288818 15.2600002335772 15.3100004196167 14.9200000762939 14.8699998855591 14.90999984739 15.1000003814697 15.3199996948242 15.0500001907349 14.6000003814697 14.3999996185317 14.4200000762939 14.4799995422363 14.4799995422363 14.6400003433228 15.0799999237061 15.3900003433228 15.3500003814697 14.8699998855591 14.6499996185303 14.3199996948242
-9999 -9999 -9999 -9999 -9999 14.9499998092651 15.039999961853 15.2700004577637 15.1899995803833 15.4200000762939 15.8199996948242 15.6800004854479 15.7299995422363 15.6999998092651 15.6099996566772 15.6400003433228 15.6400003433228 15.7799997329712 15.7799997329712 16.0799999237061 15.9799995422363 15.6700000764508 15.6499996185303 15.1700000762939 15.3000001907349 15.6400003433228 15.94999980912 15.8500003814697 15.4899997711182 14.9399995804222 14.8500003814697 14.9899997711182 15.0799999237061 15.3999996185303 15.2399997711182 14.8599996566772 14.6800003051758 14.7200002670288 14.710000038147 14.8199996948242 14.9300003051758 15.0799999237061 15.2799997329712 15.3000001907349 15.039999961853 14.7299995422363 14.5200004577637
-9999 -9999 -9999 -9999 -9999 14.8900003433228 15.1199998855591 15.4399995803833 15.4399995803833 15.5600004196167 15.9499998092651 16.3199996948242 16.2700006043075 16.3799991607666 16.1700000762939 16.0100002288818 16.2299995422363 16.2000007624247 16.3600006103516 16.6800003051758 16.6900005340576 15.9099998474121 15.6199998855591 15.4700002670288 15.5699996948242 15.5500001907349 15.6499996185303 15.6999998092651 15.5299997329712 15.039999961853 14.8199996948242 15.0000000001492 15.1199998856006 15.4499998092651 15.3900003433228 15.1199998855591 15 15.0200004577637 15.1000003814697 15.2600002288818 15.2799997329712 15.3100004196167 15.300000190735 15.4499998092651 15.2200002670288 14.9200000762939 14.6199998855591
-9999 -9999 -9999 -9999 -9999 14.0600004196167 15.1099996566772 15.3199996948242 15.3999996324915 15.6199998855591 15.9499998092651 16.4400005340576 17.0799999237061 16.8199997988827 16.6700000762939 16.4500007629395 16.6100006103516 16.5 16.8199996948242 16.9400005340576 16.9099998474121 15.8500003814697 15.6899995805685 15.5699996948242 15.4899997711182 15.3699998855591 15.5299997329712 15.5799999237061 15.3500003814697 15.1700000762939 15.1099996566772 15.3100004196167 15.3800001144409 15.6899995803833 15.5399999619061 15.3400001526265 15.2600002288818 15.289999961853 15.3699998855591 15.710000038147 15.460000038147 15.3699998855591 15.3100004196167 15.25 15.0299997329712 14.8400001525879 14.6700000762939
-9999 -9999 -9999 -9999 13.3800001144409 13.4700002670288 14.3400001525879 15.0900001525879 15.289999961853 15.3999996185303 15.75 16.1299991607666 16.9200000762939 17.2700004577637 17.0400009657639 16.9400005340576 16.8700008392334 16.9099998474121 17.1499996178899 16.8999996185303 16.6200008392334 15.8400001525879 15.5200004577637 15.5100002288818 15.539999961853 15.4700002670288 15.5100002288818 15.5000000000325 15.4499998092651 15.4799995422363 15.5699996948242 15.8000001907349 15.9600000381427 16 15.8800001144409 15.7600002288818 15.6199998855591 15.6300001144409 15.4600000381485 15.2600002288823 15.3000001907346 15.2700004577637 15.1499996185304 15.0699996948244 14.8100004196167 14.75 14.7600002288822
-9999 -9999 -9999 -9999 12.6400003433228 13.2799997329712 14.1999998092651 14.960000038147 15.0200004577637 15.3400004157346 16.1100006103516 16.6000003814697 17.1200008392334 17.5400009155273 17.4599990844727 16.8700009276602 17.3600006103516 17.3500003814697 16.9300003051758 16.8600006103516 16.4400005340576 16.1900005340576 15.7799997329712 15.7200002670288 15.7200002670288 15.6400003433228 15.7200002670288 15.6499996185303 15.6700000762939 15.9499998092651 16.0499992370605 16.2600002288818 16.5100002288668 16.4300003051758 16.2800006866455 16.0100002288818 15.8500003814697 15.7399997711192 15.7600002288818 15.6899995803833 15.6999998092651 15.6499996185303 15.5299997329712 15.3100004196167 15.1599998474121 15.0299997329712 15.1099996566772
-9999 -9999 -9999 -9999 12.4499998092651 13.289999961853 14.0200004577637 14.8000001907349 15.6599998474121 16.2000007629395 16.2800006866455 16.8899993896484 17.4200000762939 17.5499992370606 17.6700000762939 17.7399997711182 17.7299995422363 17.3600006103516 17.0499992370605 16.9699993133545 16.6499996297402 16.3199996948242 16.5499992370605 16.5200004577637 16.0699996948242 15.9300003051758 16.0100002288818 15.9499998092651 15.9200000762939 16.2299995422363 16.5200004577637 16.8899993896484 17.2900009155273 17 16.6299991607666 16.2800006866455 16.1000003814697 15.9899997711191 16.0599994659424 16.2000007629395 16.2399997711182 16.1499996185303 15.8999996185301 15.5299997329712 15.1700000762939 15.2299995422363 15.1000003814697
-9999 -9999 -9999 -9999 11.7199970200526 13.6400003433228 13.3000002378528 13.6899995803833 15.1099996566772 16.4099998474121 16.7700004577637 16.9899997711182 17.3500003814697 17.5499992370605 17.7099990844727 17.6200008392334 17.6800003051758 17.3700008392334 17.0699997238987 17.1700000762939 16.8400001525879 16.6499996185303 16.6599998474121 16.6399993896484 16.5400009155273 16.5400009155273 16.4099998474121 16.2199993133545 16.4599990843879 16.5300006866455 16.75 17.0799999237061 17.3799991607666 17.2800006866455 16.8400001525879 16.5 16.3999996185303 16.3199996948248 16.3500003814697 16.9400005340576 17.1000003814697 16.7900009155273 16.4799995422362 15.9399995803833 15.6300001144409 15.289999961853 15.3699998855591
-9999 -9999 -9999 -9999 9.51000022888183 13.189999023983 12.9799995422363 13.6599998474121 14.7600002288818 15.8500003814697 16.6299991607666 16.6900005340576 17.2800006866455 17.4500007629395 17.6900005340576 17.7999992370605 17.8099994659424 17.7399997711182 17.5400009155273 17.3799991607666 17.6100006103516 17.0499992446621 17.0499992370605 16.9599990845868 16.9599990844727 17.0400009155273 16.7800006866455 16.7099990844727 16.8199996948242 16.9200000762939 16.8899993896484 17.0900001525879 17.0699996948242 17.1800003051758 17 16.7099990844727 16.7600002288818 16.7999992370605 16.9400005340576 17.9200000762939 18.2900009155273 17.3400001525879 16.7700004577637 16.25 15.789999961853 15.6099996566772 15.5100002288818
-9999 -9999 -9999 -9999 10.0900001525879 8.44999980926514 11.3300001895397 12.5500004901166 14.3400001525879 14.960000038147 15.8000001907349 16.3500003814697 16.7399997711182 17.3299999237061 17.8500003814697 17.9799995422363 18.1299991607666 18.1000003814697 17.5499992370605 17.7099990844727 17.6599998474121 17.2199993133545 17.5100002290065 17.3099994659424 17.2600002289846 17.3099994659424 17.1900005340576 17.3600006103516 17.3400001525879 17.1399993896484 17.2199993133545 17.2700004577637 17.2399997711182 17.1800003051772 17.25 17.1700000762939 17.1599998474121 17.2999992370605 17.4599990844727 17.9599990844727 17.8999996185303 17.3600006103516 16.8999996185305 16.6000003814697 16.0699996948242 15.9399995803833 15.8100004196167
-9999 -9999 -9999 -9999 8.90999984741211 9.4399995803833 9.01000022888184 11.6200005635871 14.1700000762939 14.6700000762939 14.9099998474121 15.8500003814697 16.2399998070007 17.4300003051758 17.9300003051758 18.2000007629394 18.2099990846754 18.2299995422363 17.8999996185303 17.75 17.8500003814697 17.7299995420829 17.7000007652856 17.6599998474121 17.6599998474121 17.5400009155273 17.5699996948242 17.5100002288818 17.4699993133545 17.4400005340576 17.3199996948242 17.3400001525879 17.6100006103516 17.5400009155273 17.5799999237061 17.7600002288818 17.6299991607666 17.6499996185303 17.6800003051758 17.8700008392334 17.6900005340576 17 17.0300006866454 16.5699996948242 16.3099994659424 16.1100006103516 16.1499996185303
-9999 -9999 -9999 -9999 8.67999934813775 8.03999996185303 8.48999977111816 12.6899995803833 13.2399997711182 15.3800001144409 14.960000038147 16.2399997711182 17.0599994659424 17.4500007629395 17.6299991607666 18.4200000762939 18.4599990844727 18.3500003801303 17.889999389629 17.8600006103516 17.9500007627256 17.9599990844727 17.7700004577637 17.7900009155273 17.8899993896484 17.9799995422363 17.8400001525879 17.7199993133545 17.5699996948242 17.6200008392334 17.8999996185303 17.8899993896484 17.8500003814697 17.8700008392334 17.9699993133545 18.3299999237061 18.0900001525879 17.8899993896484 17.8500003814697 17.8600006103516 17.4300003051758 16.9300003051758 17.2099990844727 16.7399997711182 16.6399993896484 16.5 16.5200004577637
-9999 -9999 -9999 -9999 7.88000011444092 7.32000017166138 8.35000038146973 9.89000034332275 15.9700002670288 15.8100004196167 15.3299999237061 15.7399997711182 16.1599998474121 17.0699996948242 18.1399993896484 18.3999996185303 18.6299991607666 17.9699993133545 18.1700000762939 18.0499992370605 18.0400009155273 18.0599994659424 18.0100002288818 17.969999314596 18.0200004577637 18.3099994659424 18.0499992370605 17.7199993133545 17.8099994659424 17.8999996185303 18.1900005340576 18.1000003814697 18.0599994659424 18.1900005340576 18.1100006103516 18.3799991607666 18.2000007629395 17.9699993133545 17.9599990844727 17.9099998474121 17.6700000762939 17.5400009155273 17.4699993133545 17.1800003051758 16.9400005340576 16.9599990844727 16.8600006103516
-9999 -9999 -9999 -9999 7.34000015258789 8.93000030517578 9.27000045776367 15.039999961853 12.0600004196167 12.4399995803833 14.1899995803833 14.8299999237061 15.9499998092651 17.6499996185303 17.5400009155273 18.0900001525879 18.6599998474121 18.5 18.2999992370605 18.25 18.0599994659424 18.2800006866455 18.1100006103516 18.0200004629142 18.0499992370605 18.0699996948242 18.0599994659424 17.9799995422363 18.1100006103516 18.1499996185303 18.2399997711182 18.2800006866455 18.2099990844727 18.0400009155273 18.1299991607666 18.1700000762939 18.1000003814697 17.9500007629394 17.9400005340576 18.0599994659424 18.2399997711182 18.3500003814697 17.8199996948242 17.6100006103516 17.2399997711182 17.3400001525879 17.2999992370605
