SnowAccumulation_R/test/tmax/final_tmax_04_04_2009.asc
NCOLS 97 
NROWS 69 
XLLCORNER 52512.810182332 
YLLCORNER 5316225.2758522 
CELLSIZE 10000 
NODATA_value -9999 
[rows 0 to 19 of 69, columns 47 to 93 of 97]
-9999 -9999 -9999 -9999 -9999 -9999 -9999 -9999 -9999 -9999 -9999 -9999 -9999 -9999 -9999 -9999 -9999 -9999 -9999 -9999 -9999 -9999 -9999 -9999 -9999 -9999 -9999 -9999 -9999 -9999 -9999 -9999 -9999 -9999 -9999 -9999 -9999 -9999 2.20000004768372 2.16000008583069 2.14000010490417 2.1800000667572 2.1800000667572 2.20000004768372 -9999 -9999 -9999
-9999 -9999 -9999 -9999 -9999 -9999 -9999 -9999 -9999 -9999 -9999 -9999 -9999 -9999 -9999 -9999 -9999 -9999 -9999 -9999 -9999 -9999 -9999 -9999 3.54999995231628 3.29999995231628 2.9300000667572 2.76999998092651 2.98000001907349 3.10999989509583 3.0699999332428 2.99000000953674 3 2.90000009536743 2.74000000953674 2.42000016184633 2.27999997138977 2.26999991346974 2.22000002861023 2.14000010490417 2.13000011444092 2.07999992370605 2.13000011444092 2.14000010490417 -9999 -9999 -9999
4 4.07999992370606 4.17999982833862 4.05000019073486 4.05999994277954 4.17000007629395 4.21000003814697 4.17999982833862 4.32999992370605 4.30999994277954 4.26999998092651 4.11999988555908 3.99000000944917 3.67000007629395 3.58999991416931 3.64000010490417 3.64000010490417 3.64000010490417 3.61999988551075 3.53999996185303 3.58999991416931 3.63000011444092 3.67000007323856 3.68000006664426 3.64000010490417 3.44000005722046 3 2.61999988555908 2.72000002861023 2.98000001907349 3.01999998092651 3.00999999046326 3.02999997138977 2.9300000667572 2.82999993375369 2.75 2.43000020416804 2.39000010490417 2.27999997138977 2.08999991416931 2.0699999332428 2.03999996185303 1.98000001907349 2 -9999 -9999 -9999
4.25000000000007 4.15999984741211 4.17000007629394 3.97000002861023 3.99000000953674 4.1100001335144 4.17000007629784 4.26000022888184 4.17999982833862 4.3600001335144 4.30999994277954 4.13000011444092 3.9300000667572 3.54999995231628 3.30999994277954 3.61999988555908 3.69000005722046 3.70000004768372 3.65000009536743 3.57999992370605 3.51999998092651 3.65000009124432 3.59999990463257 3.64000010490417 3.63000011444092 3.5699999332428 3.17000007629394 2.71000003814697 2.82999991507988 3.03999996185303 3.20000004768372 3.05999994277954 3.04999995231628 2.94000005722046 2.90000009536743 2.77999995210778 2.55999994277954 2.41000008583069 2.25 2.1800000667572 2.02999997138977 1.96000003814697 1.80999994277954 1.79999995231628 -9999 -9999 -9999
4.5 4.40999984741211 4.09000015258789 3.98000001907349 3.91000008583069 4.03000020980835 4.15999984741796 4.42000007629395 4.32999992370605 4.28999996185303 4.26000022888184 4.1399998664856 3.97000002861023 3.74000000953674 3.60999989509583 3.67000007629395 3.72000002861023 3.74000000953674 3.75999999046326 3.67000007629395 3.61999988555908 3.55999994277954 3.72000002855706 3.69000005722046 3.65000009536743 3.58999991416931 3.38000011444092 2.95000004768372 2.8199999332428 3.0699999332428 3.20000004768372 3.13000011444092 3.13000011444092 3.02999997138977 2.7500000727718 2.67000007629395 2.54999995231628 2.38000011444092 2.20000012743902 2.15000009536743 1.98000001907349 1.79999995231628 1.78999996185303 1.73999998253581 -9999 -9999 -9999
4.63000011444092 4.59999990463257 4.36999988555908 4.1100001335144 4.07999992370606 4.21999979019165 4.21000003814697 4.46999979019165 4.53999996185303 4.55999994277954 4.53000020980835 4.42000007626773 4.21000003814697 4 3.84999990463257 3.53999996185303 3.64000010490417 3.76999998092651 3.85999989765231 3.83999991416931 3.72000002861023 3.57999992370605 3.61999988555908 3.73000001907349 3.63000011444092 3.52999997138977 3.50999999046326 3.41000008583069 3.16000008583069 3.15000009536743 3.26999998092651 3.24000000953674 3.19000005030133 3.15000009536743 3.05999994277954 2.78999996185303 2.55999994277954 2.36999993295469 2.26999998092651 2.14000010490417 1.91999995708466 1.72000002861023 1.65999992389714 1.67999994754791 -9999 -9999 -9999
4.98000001907346 4.78999996185303 4.40000009536743 4.21999979019165 4.3899998664856 4.6399998664856 4.71000003814697 4.69999980926514 4.94999980926514 4.90000009536743 4.71999979019165 4.63999986647807 4.36000013351441 4.21999979019165 3.84999990463257 3.54999995231628 3.59999990654453 3.51999998092651 3.86999988555908 3.92000007629395 3.88000011444092 3.59999990463257 3.46000003814697 3.72000002861023 3.63000011444092 3.51999998092651 3.45000004768372 3.46000003814697 3.38000011444092 3.33999991416931 3.33999991416931 3.27999997138977 3.26999998092651 3.41000008583069 3.19000005722046 2.97000002861023 2.65000009536743 2.57999992370605 2.3199999332428 2.11999988555908 1.88999998569489 1.6599999666214 1.54999995231628 1.50999999046326 -9999 -9999 -9999
5.36000013351406 4.90000009536743 4.34999990463257 4.28999996185303 4.40999984741211 4.73000001907349 4.8600001335144 5.11999988555908 5.32000017166138 5.34999990463257 5.05999994277954 4.92999982833862 4.46999979019165 4.28999996185303 3.93000006779411 3.89000010490417 3.78999996185303 3.61999988555908 3.64000010490417 3.97000002861023 3.95000004768372 3.80999994261574 3.4300000667572 3.66000008583069 3.63000011444092 3.48000001907349 3.4300000667572 3.35999989509583 3.45000004768372 3.34999990463257 3.45000004768372 3.48000001907349 3.60999989509583 3.52999997138977 3.30999994277954 3.05999994277954 2.91000008583069 2.66000008583069 2.35999989509583 2.0699999332428 1.86000001430511 1.72000002861023 1.52999997138977 1.32000005245209 -9999 -9999 -9999
5.69999980926514 4.96000003814697 4.5 4.26000022888184 4.53000020980835 4.80000019073486 4.8899998664856 5.30999994277954 5.36999988555908 5.76999998092651 5.30999994277954 5.17000007629394 4.75000000009576 4.53999996185303 4.15999984741211 3.86999988555908 3.77999997138977 3.61999988555908 3.66000008583069 3.82999992370605 3.99000000953674 3.85999989509583 3.49000000953674 3.51999998092651 3.51999998092651 3.46000003871883 3.39000010490417 3.29999995231628 3.32999992370605 3.42000007629395 3.59999989718122 3.70000004768372 3.72000002861023 3.70000004768372 3.47000002861023 3.16000014186139 3.00999999046326 2.70000004768372 2.34999990463257 2.09999990463257 1.99000000953674 1.82000005245209 1.55999981451617 1.4099999666214 -9999 -9999 -9999
5.82000017166138 5.05999994277954 4.40999984741211 4.19999980926514 4.44999980926514 4.65999984741542 4.98000001907349 5.26999998092651 5.57999992370605 5.69999980926514 5.51000022898226 5.32000017166138 5.01999998092651 4.67999982833862 4.15999984741211 3.95000004755178 3.75999999046326 3.72000002861023 3.51999998092651 3.42000007629395 3.56999993343055 3.71000003814697 3.42000007629395 3.40000009536743 3.30999994277954 3.35999989509583 3.36999988555908 3.32999992370605 3.33999991416931 3.41000008583069 3.48000001907349 3.66000008583069 3.8199999332428 3.88000011444092 3.53999996185303 3.35999989509583 2.99000000953674 2.77999997138977 2.39000010490417 2.16000023454328 2.01999998092651 1.72999990893436 1.54999995231628 1.54999995231628 1.52999997138977 -9999 -9999
5.76999998092651 5.19000005722046 4.61000013351441 4.25 4.53999996185303 4.78000020981181 4.96999979023356 5.15000009535954 5.19000005722046 5.5 5.51000022889498 5.38000011444092 5.09999990463257 4.76999998092651 4.53000020980835 4.15999984741211 3.75999999046326 3.69000005722046 3.38000011444092 3.1800000667572 3.19000005722046 3.10999989509582 3.22000002861023 3.27999997138977 3.1800000667572 3.1800000667572 3.23000001907349 3.25 3.26999998092651 3.24000000629798 3.3199999332428 3.55999994277954 3.6800000667572 3.75 3.66000008583069 3.27999997138977 3.05999994277954 2.72000002861023 2.45000004768372 2.26999998092651 1.95000004768372 1.69000005722046 1.57000005245209 1.57000005245209 1.61000001430511 -9999 -9999
5.78999996185299 5.21999979019263 4.86999988556132 4.82000017167067 5.32000017166138 5.23999977111816 5.34000015258789 5.1399998664856 5.15000009536743 5.40999984741211 5.42000007629395 5.42000007629395 5.07000017166138 4.78000020980835 4.57999992370605 4.40999984741211 3.84999990463257 3.69000005722046 3.39000010490417 3.14000010490417 3.02999997138977 2.78999996185303 2.86999988555908 2.94000005722046 3.07999992370605 3.05999994277954 3.00999999046326 3.09999990463257 2.98000001907349 3.01999998092651 3.11999988555908 3.34999990463257 3.50999999046326 3.53999997358173 3.52999997138977 3.19000005722046 2.96000003814697 2.66000008583069 2.49000000953674 2.24000000953674 1.87999999523163 1.62999999523163 1.53000004546632 1.53999996185303 1.5900000333786 -9999 -9999
5.80000019073475 5.59999990463257 5.69000005722046 5.78999996185303 5.73999977111816 5.57999992370606 5.63999986648559 5.55999994277954 5.34999990463257 5.40999984741211 5.38000011444092 5.23000001907349 5.09000015258789 4.80000019073486 4.67999982816559 4.36999988555908 3.98000001907349 3.74000000953674 3.53999996185303 3.44000005680263 3.10999989509583 2.83999991416931 2.65000009536743 2.59999990463257 2.86999988555908 2.92000007629395 2.79999992739202 2.6800000667572 2.76999998092651 2.82999992370606 2.98000001907349 3.17000007629394 3.4300000667572 3.35999989509583 3.24000000953674 3.01999998092651 2.80999994277954 2.58000013290592 2.45000004768372 2.18999997770398 1.77999997138977 1.53999996185303 1.50999999046326 1.50999999046326 1.57000005245209 -9999 -9999
5.42999982833862 5.65000009536743 5.76000022888184 5.96000003814697 5.96999979019165 5.96000003814697 5.53000020980835 5.38000011444092 5.65999984741211 5.48999977111816 5.42999982833862 5.26000022888184 5.05999994277954 4.82000017166138 4.67999982813541 4.30000019073486 4.01000022888184 3.83999991416931 3.66000008583069 3.55999994277954 3.23000001907349 2.94000005722046 2.72000002861023 2.72000002861023 2.83999991416931 2.83999990355671 2.52999997138977 2.50999999046326 2.47000002861023 2.66000008583069 2.88000011444092 3.09999990463257 3.1800000667572 3.10999989509583 2.96000003814697 2.74000000953674 2.78999996185303 2.73000001907349 2.42000003567759 2.13000011444092 1.70000004768372 1.60000002384186 1.48000001907349 1.51999998092651 1.53999996185303 -9999 -9999
5.46000003814697 5.26000022888184 5.78000020980835 6.1100001335144 6.17000007629395 6.01999998092651 5.69999980926514 5.44000005722046 5.55999994277954 5.34999990462022 5.32000017166138 5.38000011444092 5.15000009536743 4.78999996185303 4.53000020980835 4.26999998092651 3.85999989509583 3.71000003814697 3.72000002852511 3.54999995231628 3.25999999046326 3 2.83999991416931 2.83999991416931 2.93000007516555 2.73000001907349 2.53999996185303 2.38000011444092 2.28999996185303 2.58999991416931 2.88000011444092 2.89000010490418 2.89000010490417 3.00999999046326 2.84999990463257 2.80999994277954 2.71000003814697 2.70000004768372 2.24000000953674 2.08999991416931 1.78000013700367 1.66999995708466 1.50999999046326 1.52999997138977 1.50999999046342 -9999 -9999
5.40999984741211 5.30000019073486 5.6399998664856 5.98000001907349 6.11999988555908 6.07999992370606 6.05000019073486 5.69999980926514 5.48999977111816 5.48000001907349 5.44999980926514 5.30999994277954 4.96999979019165 4.6100001335144 4.55999994277954 4.32000017166138 3.73000001907349 3.74000000953674 3.72000002861023 3.65000009536743 3.48000001907349 3.22000002861023 3.03999996185303 3.26999998092651 2.78999996185303 2.80999994277954 2.50999999046326 2.33999991416931 2.36999988555908 2.63000011444092 2.82999992370606 2.88000011444092 2.91000008583069 2.84999990463257 2.83999991416931 2.60999993821667 2.66000008583069 2.57999992370605 2.33999991416931 2.10999989509583 1.98000001907349 1.77999997138977 1.5900000333786 1.57000005245209 1.52999997138977 -9999 -9999
5.42999982833862 5.57000017166138 5.78999996185303 6.01999998092651 6.17000007629489 6.26000022888184 6.30000019073486 5.96000003814697 5.63999986648559 5.53999996185303 5.40999984741211 5.26000022888184 4.98000001907349 4.78999996169693 4.48999977111816 4.30000019073486 4.13000011444092 3.84999990463257 3.83999991416931 3.84999990463257 3.70000004768372 3.45000005622019 3.5 3.30999994277954 3.00999999046326 2.95000004768372 2.54999995353847 2.47000002861023 2.48000001907349 2.69000005722046 2.88000011444092 2.89000010490418 2.90000009536743 2.83999991416931 2.79999995231628 2.71000003814697 2.74000000953674 2.71000003814697 2.51999998092651 2.36999988555908 2.0699999332428 1.87999999523163 1.66999995708466 1.5900000333786 1.55999994277954 -9999 -9999
5.61999988555908 5.69000005722046 5.90999984741211 6.19000005722046 6.34000015258895 6.32999992370605 6.38999986648559 6.28000020980835 6.03000020980835 5.80000019073486 5.46999979019165 5.26999998092651 5.03000020980835 4.8600001335144 4.48000001907349 4.26000022888184 4.07999992370606 4.21000003826226 4.15999984741211 3.94000005722046 3.89000010940434 3.84999990463257 3.71000003814697 3.36999988555908 3.07999992370606 2.95000004768372 2.75999999046326 2.59999990463257 2.61999988555908 2.8199999332428 2.88000011444092 2.89000010490418 2.79999995231628 2.74000000953674 2.79999993419302 2.77999994714416 2.69000005722046 2.84999990463257 2.61999996190761 2.47000002861023 2.15000009536743 1.96000003814697 1.76000018284869 1.6599999666214 1.58000004291534 -9999 -9999
5.82000017166138 5.73999977111816 5.96999979019165 6.15999984741211 6.34000015258946 6.55999994277954 6.48999977111816 6.32999992370606 6.34000015258789 6.07999992370606 5.65000009536743 5.28999996185303 5.09999990463257 4.94000005722046 4.55000019073486 4.25 4.01999998092651 4.01000022888184 4.40000008904343 4.3899998664856 4.30000019073486 4.15999984697652 3.89000010490417 3.60999989509583 3.24000000953674 2.95000004869566 2.83999991416931 2.72000002861023 2.76999998092651 2.94000005722046 2.94000005722046 2.75999999046326 2.75 2.75 2.74999993217673 2.66000008583069 2.74000000953674 2.84999990463257 2.72000002861023 2.42000007629395 2.19000005722046 2.01999998092651 1.89999997615814 1.71000003814697 1.60000002384186 -9999 -9999
5.78000020980835 5.90000009536743 6.05000019073486 6.48000001907349 6.59999990463257 6.88000011444092 6.57999992370605 6.46999979019165 6.42999982833521 6.17000007629395 5.90999984741211 5.57000017166138 5.26999998092651 5.09999990463257 4.6100001335144 4.40999984741211 4.13000011772858 4.34999990463257 4.23000001907349 4.30000019073486 4.32999992370605 4.30999994277954 4.09999990463257 3.83999991416931 3.49000000953674 3.24000000953674 2.91000008583069 2.86999988555908 3.00999999046326 3.07999992370605 2.94000005722046 2.79999995231628 2.8199999332428 2.71999993792358 2.57999992370605 2.59999990463257 2.65000009536743 2.72000002861023 2.5699999332428 2.38000011444092 2.20000004768372 2.13000011444092 1.94000005722046 1.75999999046326 1.59999996555882 1.51999998092651 -9999
