SnowAccumulation_R/test/tmax/final_tmax_01_04_2009.asc
NCOLS 97 
NROWS 69 
XLLCORNER 52512.810182332 
YLLCORNER 5316225.2758522 
CELLSIZE 10000 
NODATA_value -9999 
[rows 21 to 41 of 69, columns 47 to 93 of 97]
4.98999977111816 5.23000001907349 5.57999992370606 6.01999998092651 6.30999994277954 6.57000017166138 5.94000005722046 5.51999998092651 5.32000017166138 4.88999986648559 4.65999984741211 4.03000020980835 3.85999989591271 4.03000020980835 4.1100001335144 4.26999998092651 4.40999984765846 4.71000003814697 5.07000017166138 5.32999992370605 5.26000022841822 4.94999980926514 4.6399998664856 4.34999990463257 4.19999980925317 3.83999991416931 3.25999999046326 3.89000010490417 4.23999977111816 4.03999996185303 3.97000002861023 3.83999996102448 3.82999992370605 3.79999995231628 3.72000002861023 3.72000002861023 3.71000003814697 3.67000007629395 3.50999999046326 3.42000007629395 3.4300000667572 3.3199999332428 2.98000001907349 2.45000004768372 2.28999996185303 2.0699999332428 -9999
5.15999984741211 5.40000009536743 5.51000022888184 5.82000017166138 6.07999992370606 6.09000015258789 5.90999984741211 5.57999992370605 5.44000005722046 5.05999994281412 4.69999980941133 4.5 4.40000009536743 4.23000001907349 4.21000003814697 4.32000017166138 4.40000009536743 4.59000015258789 4.76999998092651 4.92999982833862 4.92999982833862 4.78000020980835 4.61000013351441 4.42000007629395 4.38000011444092 4.30999994277954 4.63000011444092 5.71000003814697 5.19000005722046 4.57999992370605 4.21999986096056 4.05000019073486 3.9300000667572 3.77999997138977 3.66000008583069 3.5699999332428 3.53999996185303 3.48000001907349 3.38000011444092 3.39000007639189 3.41000008583069 3.39000010490417 2.90999967896779 2.24000093688677 2.05999994277954 1.87000000476837 -9999
5.21999979019165 5.55000019073486 5.6100001335144 5.53999996185303 5.67000007629395 6.01999998090775 5.90999984740261 5.69000005722046 5.59000015258789 5.30999994277954 5.03000020980835 4.69000005722046 4.59999990463257 4.3600001335144 4.23999977111816 4.23000001907349 4.25 4.36999988555908 4.46999979019165 4.55999994277954 4.57999992370605 4.55000019073486 4.46999979019165 4.42999982833862 4.5 4.67999982833862 5.5 5.88000011535284 5.55000019073486 4.90000006637353 4.3899998664856 4.05000026720825 3.90000009536743 3.65000009536743 3.47000002861023 3.39000010490417 3.32999992370605 3.28999996185303 3.23000001907349 3.22000002861023 3.25999999046326 3.20999926515417 2.38000011444092 2.11999988555908 1.71000003814697 1.5900000333786 -9999
5.30000019073568 5.53000020980903 5.67000007629395 5.75 5.76999998092651 5.71999979019165 5.80999994277954 5.69000005722046 5.65999984741211 5.48000001907349 5.19000005722046 4.88000011444092 4.71000003814697 4.48999977111816 4.23999977111816 4.1100001335144 4.07999992370605 4.05999994277954 4.13000011444092 4.15000009550898 4.25 4.26999998092651 4.26999998092651 4.28999996201915 4.46000003814697 4.71999979019165 5.32999992370605 5.48000001907349 5.28000011532594 4.48000001907349 4.15000009536743 4 3.74000000953674 3.5 3.26999998092651 3.1800000667572 3.10999989509583 3.07999992370605 3.02999998725099 3.01999998092651 2.97000002861023 2.46000003814697 2.28999996185303 1.80999994277954 1.26999998092651 1.30999994277954 -9999
5.63000011444092 5.98999977111816 5.94000005722046 5.92999982833862 5.94999980926514 5.90000009536743 5.90000009536743 5.80999994277954 5.76000022888184 5.57999992370606 5.32000017166138 5.21999979012851 4.88999986648559 4.63000011444092 4.30000019073486 4.15000009515397 3.89000010490417 3.77999997138977 3.74000000953674 3.79999995231628 3.82999992370606 3.96000003814697 4.03999996185303 4.07999992370605 4.26999998092651 4.53999996185303 4.92000007629395 4.5 4.3600001335144 3.94000005722046 3.6900000624458 3.57999992370605 3.46000003814697 3.28999996185303 3.1800000667572 2.96000003814697 2.89000010490417 2.84999990463257 2.8199999332428 2.75999999046326 2.4300000667572 2.23000001907371 2.05999994277954 1.54999995231628 1.11000001430511 1.08000004291534 -9999
5.53000020980835 5.98999977111816 6.21999979019165 6.1100001335144 6.1399998664856 6.09999990463257 6.01999998092651 6.01999998092445 5.92000007629394 5.75 5.51000022888184 5.38000011436973 5.05000019073486 4.76999998092651 4.44999980926514 4.23999977111816 3.8199999332428 3.53999996185303 3.44000005722046 3.45000004768372 3.52999997138977 3.65000009536743 3.77999997138977 3.84999990463257 3.97000002861023 4.1999997651762 3.88000011444092 3.92000007629395 3.86999988555908 3.26999998092651 3.16000008583069 3.00999999046326 3 2.97000002861023 2.90000009536743 2.72000002861023 2.66000008583069 2.59999991624602 2.57999992370606 2.33000004566994 2.25999999046326 2.19000005722046 1.9099999666214 1.46000003814697 1.21000003814697 1.16999995708466 -9999
5.73999977111816 6.15000009536743 6.3899998664856 6.38999986648536 6.30999994277954 6.30000019073486 6.21000003814697 6.13999986648149 6.11999988555908 5.94000005722046 5.69999980926514 5.55000019073486 5.15999984741211 4.78999996185303 4.34999990463257 4.21000003814697 3.74000000953674 3.34999990463257 3.11999988555908 3.09999990463257 3.22000002861023 3.36999988555908 3.48000001931584 3.58999991416931 3.66000005985133 3.4300000667572 3.46000003814697 3.45000004768372 3.39000010490417 3.01999998092651 2.90000009536743 2.69000005722046 2.58999991416931 2.58999991416931 2.54999995231628 2.46000003814697 2.39000010490417 2.40000009536743 2.36999969279363 2.1800000667572 2.1700000842415 2.10999989509583 1.85000002384186 1.53999996185303 1.45000004768372 1.35000002384186 -9999
6.07999992370606 6.42000007629395 6.44000005722046 6.3800001144412 6.78999996185303 6.3600001335144 6.32999992370605 6.30999994277954 6.30999994277954 6.15999984741211 5.90999984741211 5.73999977111816 5.34000015258789 4.80000019073486 4.28000020980835 4.09999990463257 3.78999996185303 3.25 2.99000000902149 2.73000001907349 2.96000003814697 3.19000005722046 3.25999999046326 3.21000003814697 3.10999989509583 3.03999996185303 3.0699999332428 3.00999999046326 2.95000004768372 2.92000007629394 2.65000009536743 2.41000008583069 2.32999992370605 2.29999995231628 2.19000005722046 2.24000000953674 2.20000004768372 2.189999883917 2.05999994277954 2.13000011444092 2.14000010490417 2.07999992370605 1.88999998569488 1.71000017524596 1.63999998569489 1.57000005245209 -9999
6.30000019073486 6.67000007629395 6.67999982833862 6.51000022888164 6.82000017166138 6.51999998092651 6.44000005722046 6.38000011444092 6.3899998664856 6.38000011444092 6.1399998664856 5.8899998664856 5.46000003814697 4.8899998664856 4.5900001523176 4.1399998664856 3.76999998092651 3.26999998092651 2.99000000953674 2.61999988555908 2.95000004768372 3.19000006621312 3.40000009536743 3.25999999046326 3.02999997138977 2.95000004761279 2.78999996185303 2.63000011444092 2.54999995231628 2.54999995231628 2.35999989509583 2.20000004768372 2.10999989744573 2.08999991416931 1.92999994754791 2.03999996185303 2.05999989390234 1.95000004768372 2.01999998092651 2.11999985592643 2.16000008583069 2.14000010490417 2.02999997138977 1.98000001907349 1.86000001430511 1.75 1.70000004768372
6.38999986648559 6.78000020980835 6.86000013351441 6.80999994277954 6.80000019073486 6.63000011444092 6.48999977111816 6.38999986648559 6.48000001907349 6.51000022888184 6.23999977111816 5.96000003814697 5.46999979019165 5.01000022888184 4.71999979019165 4.28999996185303 3.8199999332428 3.44000005722046 3.27999997138977 3.08999991416931 3.6800000667572 3.71000003814697 3.70000004768372 3.52999997138977 3.22000002861023 3.10999989509583 2.75 2.41000008583069 2.22000002948528 2.21000003814697 2.09999990463257 2 1.98000001907349 1.97000002861023 1.78999996185303 1.90999992626586 2.00999999046326 2.02999997138977 2.05999994277954 2.10999989509583 2.24000000953674 2.30999994277954 2.26000004869121 2.23000001907349 2.00999999046326 1.9099999666214 1.91000068670145
6.78000020980835 6.92000007629394 7.15999984741211 6.80999994277954 6.76000022888184 6.73000001907349 6.53999996185303 6.53999996185303 6.3899998664856 6.5 6.44000005716887 5.96000003814697 5.57999992370606 5.1399998664856 4.90000009536743 4.57999992370605 4.07000017166138 3.86999988555908 3.76999998948397 4.13000011444092 4.17000007629395 4.17999982833862 4.11999988555908 3.97000002861023 3.55999994277954 3.30999994277954 2.85999989509582 2.26999998092651 2.0699999332428 1.91999995708466 1.88999998569489 1.85000002384186 1.85000002384186 1.87999999523163 1.78999996185303 1.79999995231628 2.04999995231628 2.10999989509583 2.15000008663921 2.23000001907349 2.36999988555908 2.52999997138977 2.57999992370606 2.53999996185303 2.33999991416931 2.21000012438727 2.38000011444092
6.84000015258789 6.94000005722046 6.98999977111816 6.96999979019165 6.92000007629395 6.78999996185303 6.67999982833862 6.59000015258789 6.36000013351441 6.44999980926514 6.44000005718787 6.09999990463257 5.73000001907349 5.30000019073486 5.1100001335144 4.73999977111816 4.4200000803997 4.76999998079439 4.67999982833862 4.67000007629395 4.65000009536743 4.63999986648559 4.59999990463257 4.53000020980835 4.28999996077793 3.59999990463257 2.92000007629394 2.1800000667572 1.87000000476837 1.71000003814697 1.77999997138977 1.77999997138977 1.77999997138977 1.83000004291534 1.86000001430511 1.87999999523163 2.08999991416931 2.20000004768372 2.22000002861023 2.34999990463257 2.33999991416931 2.75999984051186 2.84999990463257 2.95000004768372 2.83999991416931 3.26999880210271 2.83999991416931
6.84999990463257 6.90999984741211 6.90999984741211 6.98000001907349 6.96000003814697 6.59999990463257 6.73999977111816 6.69000005722046 6.53000020980835 6.51000022888184 6.51000022888184 6.17000007629395 5.90000009536743 5.51999998092651 5.36999988701821 5.48999977111816 5.09999990463257 5.09000015258789 5.11000013351441 5.09999990463257 5.03999996185303 5.01999998092651 5.01999998092651 4.98999977111816 4.69999980926514 3.89000010490417 3.09999990463257 2.2999999539163 1.87000000476837 1.69000005722046 1.77999997138977 1.75999999046326 1.73000001907349 1.82000005245209 1.91999995708466 1.96000003814697 2.13000011444092 2.26999998092651 2.33999991416931 2.45000004768372 2.61999988555908 2.76999998092651 3.15000009536743 3.40000009536743 3.45000136092333 3.96000003814697 3.48000001907349
6.84999990463257 6.92000007629395 6.92000007629427 7 6.98999977111816 6.63000011444092 6.86999988556181 6.76000022888184 6.67000007629395 6.6100001335144 6.59999990463257 6.19000005761757 6.05000019115312 6.13999986641498 5.96999979019165 5.86999988555908 5.65000009536743 5.5 5.61000013351441 5.44999980926514 5.30999994285407 5.34999990463257 5.32000017166138 5.13000011444092 4.8600001335144 4.15000009536743 3.38000011444092 2.98000001907349 2.26999998092651 1.99000000953674 1.95000004768372 1.9100000463691 2.01999998092651 1.89999997615814 1.89999997615814 2.00999999046326 2.13000011444092 2.21000003814697 2.39000010490417 2.55999994277954 2.7999998663789 2.94000005722046 3.38000011444092 3.82999992370605 4.44000005722046 4.6399998664856 4.09000015258789
6.78000020980835 6.86999988555908 6.98999977111788 6.99999999999979 6.98000001907349 6.69000005722046 6.78999996186186 6.90000009536743 6.82999992378932 6.76000022890549 6.6399998664856 6.38000011444092 6.53000020980835 6.48999977103947 6.32999992370606 6.21000003814697 6.05999994277954 5.98999977111816 6.01000022888184 5.75 5.61999988555908 5.65999984741211 5.57000017166138 5.26000023986441 5.01999998092651 4.36000013351441 3.66000008583069 3.25 2.61999988555908 2.29999995231628 2.23000008205434 2.25 2.23000001907349 2.08999992387049 2.02999997138977 2.07999992370605 2.15000009536743 2.1800000667572 2.38000011444092 2.60999989509582 2.71000003814697 3.04999995231628 3.54999995231628 3.92000007629395 4.59000015258789 4.8899998664856 4.51999998092828
6.76999998092651 6.8600001335144 6.92000007629395 6.94999980926514 6.96999979019165 7.07000017165318 6.92000007629591 7.01000022888184 6.98999977111816 6.84999990463257 6.78000020980835 6.6399998664856 6.53000020980835 6.6100001335144 6.46000003814697 6.51000022888184 6.44000005682419 6.26000022888184 6.30000019073486 6.07000017166138 5.8600001335144 6 5.92000007629394 5.73999977111816 5.21999979019165 4.57000017166138 3.91000008583069 3.5 2.9300000667572 2.58999997027917 2.72000002861023 2.45000004768372 2.3199999332428 2.29999995231628 2.25 2.16000008583069 2.14000010490417 2.20000004768372 2.30999994277954 2.59999990463257 2.74000000953674 3.0699999332428 3.36000014511634 3.66000008583069 4.34999990463257 4.90999984741211 4.98999977111816
6.73000001907349 6.82999992370605 6.88999986648559 6.92999982833862 6.96999979019165 6.84000015258789 6.86999988555908 6.94999980926514 6.94999980926514 6.80000019073486 6.73999977111816 6.6100001335144 6.55999994277954 6.57999992370605 6.76000022888184 6.69000005722046 6.61000013326105 6.46000003814697 6.5 6.48999977111816 6.30000019073486 6.30000019073486 5.96999979019165 5.94999980926514 5.53999996185303 4.84000015258789 4.51000022888184 3.73000001907349 3.19000009745644 3.05999994505922 2.94000005722046 2.70000004768372 2.48000001907349 2.40000009536743 2.34999990463257 2.29999995231628 2.20000004768372 2.15000009536743 2.25999999046326 2.33999991416931 2.57999992370605 2.95999963781658 3.10999967092399 3.41000008583069 4.09999990463257 4.86999988555726 5.19999980926514
7.01999998092651 7.01999998092651 7.07999992370605 7 6.96999979019165 6.84000015258789 6.80999994277954 6.82000017166138 6.92000007629395 6.90000009535659 6.73000001907349 6.6100001335144 6.59999990463257 6.61999988555908 6.59999990463257 6.71999979019165 6.78000020980835 6.69999980926514 6.75 6.8299999239085 6.82999992370606 6.55000019073486 6.34000015258789 6.17000007629395 5.59000015258789 4.80999994277954 4.34999990463257 3.88000011888423 3.60999989509583 3.41000008583069 3.14000010490417 2.90000009536743 2.83999991416931 2.58999991416931 2.5 2.43000007434992 2.32999992370605 2.10999989509583 2.21000003814697 2.25 2.41999979897297 2.30999994277954 2.46000003814697 3.01999998092651 3.78999996185303 4.19000005722046 4.94000005722046
7.09999990463257 7.19000005722046 7.23000001907349 7.26000022888184 7.26999998092651 6.86000013351441 6.88999986648559 6.82999992370606 6.84999990463257 6.92999982833137 6.80000019073486 6.65999984741211 6.6399998664856 6.61999988555908 6.57999992370605 6.75 6.78000020980835 6.73000001907349 6.80000019073486 6.90999984741211 6.96000003814697 6.63000011444092 6.51000022769971 5.84000015258789 5.19000005722046 4.67000007918414 4.48000001907349 3.92000007629395 3.59999990463257 3.42000007629395 3.14000010490417 3.07999992370605 3.01999998092651 2.86999988555908 2.69000005722046 2.65000009536743 2.44000005722046 2.11999988555908 2.14000010490417 2.10999989509583 1.97000002861023 1.95000005502248 1.98000001907349 2.52999997138977 3.28999996185303 3.67000007629395 4.26999998092651
7.21000003814697 7.25 7.28999996185303 7.30000019073486 7.30999994277954 6.84999990463257 6.90999984741211 6.94000005722046 6.96000003814697 6.96999979019165 6.84000015258789 6.67000007629395 6.63000011442369 6.59000015258789 6.57999992370605 6.65000009536743 6.59999990463257 6.55000019073486 6.53000020980835 6.57000017166138 6.6399998664856 6.28999996185303 6.05000019073486 5.59999990463257 5.09000015564216 4.880000113024 4.40000009536743 4.1100001335144 3.75000000066684 3.53999996185303 3.26999998092651 3.15000009536743 3.13000011444092 3.01999998092651 2.96000003814697 2.89000010490418 2.6800000667572 2.34999990463257 2.25 2.02999997138977 1.77999997138977 1.69000005722046 1.63999998569489 2.09999990463257 2.4300000667572 3.05999994277954 3.48000001907349
7.32000017166138 7.32999992370605 7.3600001335144 7.34999990463257 7.32999992370605 6.86999988555908 6.94000005722046 6.94000005722046 7.01999998092651 7.01000022888184 6.82999992370605 6.65000009536743 6.59999990459819 6.51999998092651 6.53999996185303 6.51000022888184 6.40999984741211 6.34999990463257 6.32999992370606 6.32000017166138 6.13999986648559 5.8600001335144 5.55999994277954 5.11999988555908 4.90000009536743 4.78000020980835 4.36000013351441 4.1100001335144 3.96000003814697 3.63000011444092 3.22000002861023 3.05999994277954 3.15000009536743 2.86999988555908 3.07999990795293 3.15000009536743 3.07999992370606 2.65000014993317 2.51999998092651 2.0699999332428 1.66999995708466 1.5 1.37999999523163 1.75 2.01999998092651 2.50999999046326 2.79999995231628
