SnowAccumulation_R/test/tmax/final_tmax_23_04_2009.asc
NCOLS 97 
NROWS 69 
XLLCORNER 52512.810182332 
YLLCORNER 5316225.2758522 
CELLSIZE 10000 
NODATA_value -9999 
[rows 40 to 59 of 69, columns 0 to 45 of 97]
-9999 -9999 9.60999965667725 -2.9999976689613 -4.09999962263327 -2.67000007629395 -3.84999990463257 1.22000002861023 1.51999998092651 5.15999984741211 -1.50999999046326 2.00999999046326 -0.150000005960464 -2.17000007629395 -3.72000002861023 -5.07000017166138 -2.01999998092651 -0.610000014305115 -0.839999973773956 -1.22000002861023 -1.71000003814697 -2.35999989509583 -0.93999999925936 -0.610000015341847 -0.970000028610229 -1.11000001451156 -1.11000001345635 -0.939999997615814 -0.740000009536743 -0.689999997615814 -0.689999997615814 -0.46000000834465 -0.319999992847443 0.46000000834465 0.519999980926514 0.819999992847443 1.02999997138977 1.27999997138977 1.86000001430511 1.57000005245209 1.50999999046326 1.50999999046326 1.61000001430511 1.37999999523163 1.51999998092651 1.85000002384186
-9999 -9999 10.1400003433228 -0.490000009536743 -1.28999996185303 -2.30999994277954 0.189999997615814 -2.80999994277954 -0.980000019073486 4.28000020980835 -1.03999996185303 -0.159999996423721 0.899999976158142 -1.89999997615814 -2.5 -3.70000004768372 -2.16000008583069 -2.49000000953674 -0.839999973773956 -1.12999999523163 -1.59000003274005 -1.46000003871569 -1.32000005245209 -1.20000004768372 -1.25999999046326 -1.00999999046326 -1.12000000458994 -1.12999999523163 -1.07000005245209 -1.07000005245209 -0.819999992847443 -0.800000011920929 -0.629999995231628 -0.0799999982118607 0.239999994635582 0.409999996423721 0.850000023841858 1.00999999046326 1.21000003814697 1.22000002861023 1.01999998092651 1.01999998092651 1.29999995231628 1.12000000476837 1.44000005722046 1.52999997138977
-9999 -9999 9.57999992370606 0.939999997615814 -1.91999995708466 -1.59000116976322 -2.82999992370605 -1.0900000333786 -0.379999835733171 2.86999988555908 0.230000004172325 2.75999995354063 1.95000004768372 -0.660000026226044 -0.9200000166893 -4.25 -0.5 -5.59000013578977 -1.14999998672402 -1.62000000222059 -1.82000005245209 -1.67999994754791 -1.73000001907349 -1.64999997622197 -1.69000005711613 -1.36000001430511 -1.19000005722046 -1.1599999666214 -1.17999994754791 -0.879999995231628 -1.02999997138977 -0.970000028610229 -0.790000021457672 -0.379999995231628 -0.150000005960464 0.00999999977648258 0.349999994039536 0.490000009536743 0.680000007152557 0.689999997615814 0.850000023841858 0.850000023841858 1.03999996185303 1.04999995231628 1.36000001430511 1.25999999046326
-9999 -9999 4.6399998664856 -0.0199999995529652 0.0299999993294477 -2.5 -0.820000296047677 -1.55999994277954 2.42000007629395 0.469999998807907 2.50999999046326 0.5799999833107 -1.67999994754791 -2.98000001907349 -0.310000002384186 -2.83999991416931 0.370000004768372 -3.9300000667572 -0.980000019073486 -1.75 -2.83999991416931 -2 -2.11999988555908 -2.03999996185303 -1.96000003814697 -1.58000004291534 -1.41999995708466 -1.21000003814697 -1.47000002861023 -0.850000023841858 -1.02999997138977 -1.07000005245209 -0.720000028610229 -0.589999973773956 -0.159999996423721 -0.25 0.0399999991059303 0.189999997615814 0.389999985694885 0.610000014305115 0.469999998807907 0.699999988079071 0.759999990463257 0.980000019073486 0.870000004768372 1.20000004768372
-9999 -9999 9.73999977111816 1.37999999523163 0.310000002384186 -3.14000010490417 -0.170000001788139 -1.47000132044657 3.33999991416931 2.72000002861023 4.48000001907349 2.11999988555908 0.939999997615814 0.00999999977648258 -3.35999989509583 -2.33999991416931 0.259999990463257 -2.73000001907349 -0.959999978542328 -1.67999994754791 -2.03999996185303 -1.9099999666214 -1.97000002861023 -2.34999990463257 -3.01999998092651 -2.21000003814697 -1.88999998569489 -1.37999999549447 -1.37999999523163 -1.04999995231628 -1 -0.810000002384186 -0.589999973773956 -0.400000005960464 -0.349999994039535 -0.519999980926514 -0.0599999986588955 0.0399999991059303 0.259999990463257 0.349999994039536 0.370000004768372 0.5 0.699999988079071 0.730000019073486 0.6700000166893 1
-9999 -9999 10.25 1.6399991993964 -1.37000000476837 -2.00999999046326 -2.3900001270389 -1.44000005722046 -0.829999604577905 0.390000038834888 4.15999984741211 1.64999997615814 0.300000006255708 -3.25999999046326 -4.8600001335144 -1.52999997138977 -0.129999995231628 -1.57000005245209 -1.10000002384186 -1.62999999523163 -1.74000000953674 -1.9099999666214 -2.29999995231628 -2.11999988555908 -2.13000011444092 -1.9099999666214 -1.76999998092651 -1.42999994762315 -1.36000001437061 -1.01999998092651 -0.959999978542328 -0.819999992847443 -0.620000004768372 -0.469999998807907 -0.400000005960464 -0.469999998807907 -0.479999989271164 -0.239999994635582 -0.129999995231628 0 0.0700000002980232 0.360000014305115 0.409999996423721 0.540000021457672 0.660000026226044 0.810000002384186
-9999 -9999 10.8500003814697 -0.879999995231628 -0.0700000002980232 0.709999978542328 -0.419999986886978 -1.82000005245209 -2.55999994277954 2.21000019430507 3.78999996185303 1.27999997138977 -0.779999971389771 -3.26999998092651 -3.02999997138977 -3.54999995231628 -1.24000000953674 -3.33999991416931 -4.78000020980835 -1.41999995708466 -1.62000000476837 -1.77999997138977 -2.35999989509583 -2.35999989509583 -1.82000005319858 -1.82000005245209 -1.47000002842863 -1.5 -1.28999996185303 -1.13999998569489 -0.910000026226044 -0.730000019073486 -0.589999973773956 -0.5 -0.419999986886978 -0.349999994039536 -0.479999989271164 -0.270000010728836 -0.159999996423721 -0.0900000035762787 0.0299999993294477 0.159999996423721 0.419999986886978 0.490000009536743 0.579999983310699 0.579999983310699
-9999 -9999 11.2799997329712 -0.389999985694885 1.60000002384186 0.870000004768371 0.449999988079071 -2.54999995231628 -1.07000005245209 2.71000003814697 4.03999989391425 1.47000002861023 -1.61000001430511 -3.19000005722046 -2.3199999332428 -3.40000009536743 -1.58000004291534 -1.78999996185303 -1.07000019189175 -1.63999998569489 -1.61000001430511 -2.24000000953674 -2.27999997138977 -2.28999996185303 -2.02999997192531 -1.90999996687666 -1.57000005245209 -1.49000000953674 -1.49000000953674 -1.28999996185303 -0.850000023841858 -0.259999990463257 -0.800000011920929 -0.529999971389771 -0.449999988079071 -0.349999994039535 -0.560000002384186 -0.310000002384186 -0.159999996423721 -0.0900000035762787 0.00999999977648258 0.119999997317791 0.340000003576279 0.389999985694885 0.5 0.370000004768372
-9999 4.71000003814697 11.1199998855591 2.9300000667572 0.239999787529152 1.30999994277954 -1.38999998569489 -1.7799997901 1.08000004291534 3.21000003814697 3.76000000181909 1.15000008334845 -2.95000004768372 -1.76999998092651 -1.22000002861023 -3.04999995231628 -1.6599999666214 -2.45000004768372 -4.53000020980835 -1.76999998092651 -2.0699999332428 -2.27999997138977 -2.30999994277954 -2.29999995231628 -2.24000000953674 -2.10999989509583 -2.10999989509583 -1.79999995231628 -1.82000005245209 -1.98000001907349 -0.860000014577701 -0.180000007152557 -0.720000028489294 -0.689999997615814 -0.649999976158142 -0.5 -0.419999986886978 -0.389999985694885 -0.300000011920929 -0.129999995231628 -0.0500000007450581 0.0599999986588955 0.259999990463257 0.349999994039535 0.430000007152557 0.319999992847443
-9999 8.47999954223633 10.75 0.959999978542328 1.20000004768372 -0.239999994635582 2.30999994277954 1.9099999666214 2.48000001907349 3.46000003814697 4.23000001907349 3.9300000667572 -2.71000005283371 0.180000006454997 -0.0199999995529652 -1.77999997138977 -2.17999992177835 -1.57000005245209 -3.69000005722046 -2.27999996800612 -2.38000011444092 -2.47000002861023 -2.46000003814697 -2.25999999046326 -2.14000010490418 -2.22000002861023 -2.17000007629395 -2.26999998092651 -1.77999997138977 -1.48000001932039 -1.25 -1.22000002861023 -1.13999998569489 -0.899999976158142 -0.730000019073486 -0.709999978542328 -0.449999988079071 -0.409999996423721 -0.319999992847443 -0.25 -0.119999997317791 -0.0500000007450581 0.230000004172325 0.319999992847443 0.419999986886978 0.180000007152557
-9999 0.230000004172325 5.00000164434832 1.85000002384186 -2.02999997138977 -0.689999997615814 -0.829999983310699 -0.639999985694885 0.569999992847443 2.27999997138977 2.94000005722046 3.66000008583069 1.17999994754791 0.0399999991059303 -0.230000004172325 -2.19000005722046 -2.15000009536743 -1.73000001907349 -2.96000003814697 -2.21000004339884 -2.55999994277954 -2.74000000953674 -2.61999988555908 -2.5 -1.95000004768372 -2.03999996185303 -2.17000007629395 -2.19000005734745 -2.19000005722046 -1.59000003347462 -1.45000004768372 -1.45000004768372 -1.20000004768372 -1.01999998092651 -1.13999998569489 -1.02999997138977 -0.769999980926514 -0.5 -0.370000004768372 -0.300000011920929 -0.150000005960464 -0.00999999977648258 0.119999997317791 0.180000007152557 0.379999995231628 0.100000001490116
-9999 2.24999872617887 10.5900001525879 2.44000005722046 -1.5900000333786 0.560000002384186 0.52999997138977 -0.600000023841858 -1.18999992717241 2.61999988555908 1.92999994754791 0.759999990463257 3.55999994277954 0.340000003576279 -1.5900000333786 -0.239999945659261 -3.15000009536743 -2.53999996185303 -5.05000019073486 -2.50999999046326 -2.71000004838831 -2.90000009536743 -2.89000010490417 -2.82999992370606 -2.32999992384246 -2.32999992370605 -2.5199999807759 -2.40000009536743 -2.25000000014186 -1.69000005722046 -1.54999995231628 -1.61000001430511 -1.49000000953674 -1.63999998569489 -1.55999994277954 -1.37999999523163 -1.12000000476837 -0.660000026226044 -0.430000007152557 -0.230000004172325 -0.170000001788139 0 0.140000000596046 0.200000002980232 0.129999995231628 -0.0900000035762787
-9999 0.839999973773956 9.31999969482422 6.15000009536743 -0.360000014305115 2.15000009536743 0.46000000834465 -0.28999999165535 0.119999997317791 2.00999999046326 -0.990000009536743 0.159999996423721 1.5900000333786 3.63000011444092 2.08999991416931 -0.839999973773956 -3.31999993598228 -3.34999990463257 -5.01999998092651 -3.40000009536743 -2.95000006962334 -3.24000000953674 -3.0699999332428 -2.78999996185303 -2.44000005722046 -2.24000000953674 -2.55999994277954 -2.64000010490417 -2.49000000953674 -2.45000004768372 -2.26999998096065 -1.76999998109422 -1.92999994754791 -3.27999997138977 -2.98000001908604 -1.46000003814697 -1.37000000476837 -0.730000019073486 -0.479999989271164 -0.25 -0.100000001490116 -0.0700000002980232 0.129999995231628 0.209999993443489 0.0299999993294477 -0.00999999977648258
-9999 1.12000000476837 0.100000001490116 9.19999847077836 0.129999995231628 3.11999988555908 1.75 -0.259999990463257 0.649999976158142 1.57000005245209 -0.529999971389771 0.560000002384186 1.27999997138977 3.5 1.50999999936877 -0.270000010728836 -2.63000011444092 -3.28999996185303 -3.99000000953674 -4.44999980926514 -2.80999994277954 -2.67000007629395 -2.70000004337029 -2.53999996185303 -2.36999988555908 -2.26999998092651 -2.36999988555908 -2.71000003814697 -2.90000009536743 -2.77999997138977 -2.54999995239426 -2.46000003814697 -4.34000015258789 -3.90000009536743 -3.52999997141524 -3.25999999046326 -2.90000009536743 -2.50000000000348 -2.22000002861023 -2.1800000667572 -2.25 -0.00999999977648258 -2.34999990463257 0.259999990463257 0.0399999991059303 -2.03999996185303
-9999 1.23000001907349 3.03999996185303 7.48999977111816 4.96000003814697 2.89000010490417 1.99000000953674 0.889999985694885 1.33000004291534 1.51999998092651 -0.930000007152557 0.319999992847443 1.29999995231628 2.80999994277954 2.21000003814697 -1.8400000333786 -3.14000010490418 -4.90000009536743 -4.40000009536743 -5.42999976198036 -5.03000020887314 -2.67000016527777 -2.5 -2.28999996185303 -2.47000002861023 -2.42000007629395 -2.69000005722046 -2.97000002861023 -3.14000010490417 -3.08999991416931 -2.71000003814697 -2.71000003814697 -5.75 -5.46000003814697 -4.32999992370605 -3.77999997138977 -3.29999995231628 -2.72000002861467 -2.54999995231628 -2.44000005722046 -2.60999989509582 -2.72000002861023 -2.65000009536743 -2.57999992370604 -2.33999991416931 -2.20000004768372
-9999 1.56000006200023 2.3199999332428 4.28999996185303 7.86999988555908 2.72000002861023 3.75999999046326 1.91999995708466 0.629999995231629 -0.300000011920929 -0.239999994635582 0.0299999993294477 0.180000007152557 2.41000008583069 2.97000002861023 -2.00999999046326 -2.61999988555908 -4.55000019073486 -3.82999992370606 -2.58999991416931 -5.23000001907349 -5.80999993429075 -7.03999996185303 -3.24000001478446 -2.29999995231628 -2.64000010490417 -2.92000007629395 -3.15000009536743 -3.52999997114286 -3.26999998092651 -3.14000010490418 -3.0699999332428 -5.67000007629395 -5.55999994277954 -5.48999977111816 -4.90999984741211 -3.66000008583069 -3.05999994278391 -2.73000001907349 -2.58999991416931 -2.63000011444092 -2.98000001907349 -2.65000009536743 -2.59999990463257 -2.48000001907349 -2.48000001907349
-9999 9.10750007629395 9.76249980926514 10.4399995803833 15.5300000669826 14.9575004577637 3.42000007629394 2.04999995231628 1.57000005245209 0.790000021457672 1.10000002384186 -0.889999985694885 -1.74999999883858 1.46000003814697 3.16000008583069 0.189999997615814 -3.24000000953674 -4.78000020980835 -3.75999999046326 -1.45000004768372 -5.40999984741211 -6.38000011444092 -6.86999988742972 -3.26999998092651 -2.25 -2.92000007629395 -3.29999995231628 -3.44000005722046 -3.6800000667572 -3.66000008583069 -3.77999997138977 -3.33999991416931 -3.10999989509583 -5.07999992370605 -4.61999988555908 -4.55999994277954 -3.98000001907349 -3.53999996185303 -3.09999990463257 -2.71000003814697 -2.66000008583068 -2.58999991416931 -2.63000011444092 -2.72000002861032 -2.73000001907349 -2.70000004768372
-9999 10.1000003814697 9.47000026702881 9.63249969482422 13.7524995803833 18.0074996948242 13.2650003433228 14.6350000826919 10.7399997711182 14.7624998092651 14.7849998474121 15.1374998092651 11.7825002670288 15.3950004577637 20.6025009155273 13.1350002856448 10.5349998474121 11.2049999237061 11.5024995803833 16.0049991607666 14.6999998092651 11.6700000762939 11.1724996566772 14.0325002670288 -6.61999968464393 -5.48999977111816 -4.48999977111816 -3.90000009536743 -3.96000003814697 -3.79999995231628 -5.65999984741211 -5.82999992370605 -5.65999984741211 -5.09999990463257 -5.21000003814697 -5.40000009536743 -4.15999984741211 -3.65000009536743 -3.58999991416931 -3.21000003814697 -3.56999993324259 -3.30999994277954 -3.54999995231628 -3.55999994277956 -3.53999996185303 -3.34999990463257
-9999 14.0974998474121 12.2749988088489 8.31750011444092 11.2950000762939 17.2525005340576 15.5474996566772 13.9624996185303 11.4224996566772 14.6975002288818 15.7375002038609 14.7674999237061 13.2349996566772 14.4624996185303 20.1825008392334 18.4624996185303 13.4125003814697 11.9025001525879 12.5450000652413 14.6700000762939 16.1849994659424 13.2399997711182 12.1800003051758 12.6000003814697 11.5275001525879 10.2375001907349 15.4250001878881 16.5949993102627 16.9724998474121 17.0849990843534 17.3425006866455 18.3649997711182 18.8349990844727 19.3700008392334 19.25 19.5174999237061 20.6350002288818 21.2900009155273 21.5599994659424 22.3174991607666 20.1849994659451 21.4675006866455 22.2875003814697 22.1849994659423 22.6149997711182 23.2150001525879
-9999 13.6450004577637 10.6300001144409 8.9350004196167 11.3125 17.5324994224169 18.5650005340576 17.1749992370605 13.960000038147 15.9250001907349 17.3525009155273 13.8299999237061 13.9300003051758 17.0900001525879 17.7549991607666 19.6000003814697 18.5874996185303 11.477499961853 11.5574998855591 13.8900003433228 18.5125007629395 16.7099990498026 12.7524995803833 12.5299997329712 11.8824996948242 12.3000001907349 14.2425003051758 15.3450002670288 15.5174999237061 16.6250000000434 17.3099994659424 18.3199996948242 18.6725006103516 19.1350002288818 19.7150001525879 19.7450008392334 20.0275001525879 21.4099998474121 22.1075000762939 22.1474990844727 21.707500457764 22.1100006103516 21.7950000762939 21.6350002288818 21.8425006866455 23.4349994659424
