SnowAccumulation_R/test/tmax/final_tmax_14_04_2009.asc
NCOLS 97 
NROWS 69 
XLLCORNER 52512.810182332 
YLLCORNER 5316225.2758522 
CELLSIZE 10000 
NODATA_value -9999 
[rows 42 to 62 of 69, columns 47 to 93 of 97]
8.84000015258789 8.88000011444092 9.1899995803833 9.47999954223633 9.64999961853027 9.44999980926514 9.63000011444092 10.1800003051758 10.6999998092651 11.0200004577637 11.2299995422363 11.5 11.6199998855591 11.9399995803833 12.1300001144409 12.2600002291533 12.4499998092651 12.6300001144409 12.7499999990245 12.8000001907349 12.5100002288818 12.8599996303866 12.3699998855591 12.7200002670288 12.5500001907349 12.6700000762939 12.960000038147 13.1700000762939 13.3199996948242 13.6300001144409 13.539999961853 13.5600004196167 13.8599996566772 13.9499998092651 13.9899997711182 14.960000038147 15.6499996185303 15.5900001525879 15.75 15.7299995422363 15.6700000762939 15.4300003051758 15.1700000762939 15.289999961853 15.4200000762939 15.4099998474121 15.3400001525879
8.97999954223633 9.22000026702881 9.28999996185303 9.5 9.64999961853027 9.77000045776367 9.90999984741211 10.2700004577637 10.6599998474121 10.9099998474121 11.2799997329712 11.5299997329712 11.6400003433228 11.8599996566772 12.0500001907349 12.0600004196167 12.3800001144409 12.3900003433228 12.4700002669414 12.2600002163193 11.7399997711182 11.5900001532586 11.8999996185303 12.0699996948242 12.539999961853 12.6300001144409 12.8299999237061 13.0200004577637 13.1099996566772 13.5 13.6800003051758 13.6800003051758 13.9399995803833 14.1899995803833 14.2799997329712 14.2299995422363 14.9899997711182 15.0500001907349 15.6099996566772 15.7399997711182 15.7200002670288 15.5799999237061 15.3800001144409 15.3900003433228 15.4499998092651 15.4200000762939 15.3599996566772
9.17000007629395 9.30000019073486 9.59000015258789 9.59000015258789 9.60999965667725 9.82999992370605 10.0900001525879 10.5200004577637 10.9200000762939 11.1000003814697 11.3500003814697 11.5100002288818 11.5900001525879 11.7399997711182 11.8000001907349 11.8400001525879 12.1199998855591 12.0600004196167 11.9799995330332 11.6000003814697 11.25 11.210000038147 11.3100004196167 11.960000038147 12.1199998855591 12.5299997329712 12.9200000762939 13.0100002289552 13.0299997329712 13.3299999237061 13.4899997711182 13.8500003814697 14.1099996566772 14.2399997711182 14.5100002288818 14.6099996322004 14.5299997279436 14.5299997329712 15.3999996185303 15.6899994520823 15.7799997329712 15.75 15.6499996671919 15.6099996566772 15.5799999237061 15.5100003074284 15.4399999353032
9.43000030517578 9.5 9.44999980926514 9.56999969482422 9.59000015258789 10.0799999237061 10.2600002288818 10.6499996185303 10.9499998092651 11.0200004577637 11.3500003814697 11.4499998092651 11.4899997711182 11.5699996948242 11.6300001144409 11.6400003414158 11.6000003758332 11.3500003814697 11.4399995803833 11.25 11.0900001525879 11.0799999237061 11.3299999237061 11.5299997329712 11.710000038147 11.9399995803833 12.7799997329712 12.9300003051758 13.1300001144409 13.3599996566772 13.4700002670288 13.4700002670288 13.8699998855591 14.1499996185303 14.2399997895398 14.5200004577637 14.5200004577637 14.6999998092651 14.8199996948242 14.7399997711182 15.7399997711182 15.7799997329712 15.789999961853 15.8100004196167 15.75 15.7200002670288 15.75
9.47000026702881 9.39000034332275 9.47999954223633 9.52999973297119 9.56999969482422 9.92000007629526 10.1700000762939 10.6199998855591 10.9799995422363 11.0100002288818 11.2299995422363 11.4300003051758 11.5 11.2700004572289 10.6400003433228 10.6700000762939 10.9799995422363 11.1199998855591 11.1199998855591 11.0100002288818 10.9899997711182 11.0600004196167 11.4200000762939 12.0600004196167 12.1400003433228 12.2200002670288 12.6499996185303 12.710000038147 12.9499998092651 13.1899995803833 13.289999961853 13.2299995422363 13.7200002670288 13.7700004577637 14 14.6000003814697 14.6800003051758 14.6300001144409 14.8699998855591 15.1899995803833 15.5100002288818 15.8999996185303 15.8100004196167 15.8100004196167 15.8900002950904 15.8800001144409 15.8000001907349
9.34000015258789 9.31999969482422 9.52999973297119 9.53999996185303 9.5600004196167 9.85000038146779 10 10.5900001525879 10.8400001525936 11.0200004577637 11.2200002667046 11.3199996943435 10.6899995803833 10.0600004196167 10.1899995807983 10.75 10.6800003051758 10.6899995803833 10.75 10.7399997711182 11.1499996185303 11.2700004577637 11.6400003433228 12.0900001525879 12.1099996566772 12.2600002288818 12.2299995422363 12.2600002288818 12.7200002670288 13.069999694257 13.1499996185303 13.2399997711182 13.2700004577637 13.5500001907349 13.9499998092651 14.2200002670288 14.6599998474121 15.0500001907349 15.1800003051758 15.3800001144409 15.5799999237061 15.5900001525879 15.8699998855591 15.7799997329712 15.7700003561679 15.6499996185303 15.539999961853
9.10000038146973 9.23999977111816 9.5 9.52999973297119 9.52999973297119 9.47000026702985 9.8100004196167 10.4899997710859 10.7700004576674 10.3299999237061 9.90999984741211 10.0299997329064 9.67000007629395 9.73999977111816 9.92000007675368 10.7299995422363 10.6000003814697 10.5399999618771 10.8100004196167 10.960000038147 11.180000306226 11.5600004196167 11.7200002670288 11.8299999237061 11.8400001525879 11.8900003433228 11.8800001144409 12.0900001525879 12.4300003051758 12.710000038147 12.8999996185303 12.9200000762939 13.0900001525879 13.460000038147 13.9099998474121 14.3599996566772 14.6899995803833 15.1000003814697 15.3000001907349 15.5200004577637 15.75 15.7200002670288 15.3500003814697 15.8100001207666 15.6499996185303 15.4700002670288 15.3100004196171
9.01000022888184 9.17000007629395 9.1899995803833 9.42000007629395 9.52000045776367 7.82000017166138 9.02000045776367 9.77999973297119 9.57999992370605 9.47000026702881 9.02999973297119 9.15999984741211 9.23999977111816 9.39000034332275 9.64000034332275 10.6400003433228 10.3999996185303 10.5100002288818 10.7299995422363 11.1099996566772 11.0500001907349 11.3999996185303 11.539999961853 11.5100002288818 11.6700000762939 11.8199996948242 11.8400001525879 12.1400003433228 12.4099998474121 12.5699996623363 12.5200004577637 12.789999961853 12.8800001144409 13.3900003433228 14 14.3699998855591 14.6700000762939 14.8000001793226 14.9700002670288 15.5900001525879 15.7200002410043 15.6700000762939 15.5600004196167 15.4700002670288 15.5 15.4799995422363 15.3199996948242
9.07999992370605 9.22999954223633 9.10999965667725 9.38000011444092 9.47999954223633 7.1100001335144 7.86000013351441 8.89999961853028 8.31999969482422 9.60999965667725 9.27000045776367 9.26000022888184 9.1899995803833 9.27999973297119 10.0699996948242 10.4300003051758 10.1800003051758 10.1300001144409 10.4300003051758 10.8299999237061 10.9499998092651 10.6999998092651 11.1700000762939 11.1499996185303 11.4499998092651 11.710000038147 11.8800001144409 11.9499998092651 12.3000001595835 12.1700000762939 12.4200000762939 12.6400003409662 12.7700004577637 13.2299995422363 13.4799995422363 14.1199998855591 14.710000038147 14.6300001144409 15.1000003814697 15.6000003814697 15.6199998855591 15.6499996185303 15.3599996566772 15.3699998855591 15.3699998855591 15.4399995803833 15.3699998855591
9.15999984741211 9.19999980926514 9.07999992370605 6.96999979019165 6.96999979019165 6.92999982833862 8.25 9.36999988555908 9.35000038146973 9.75 9.72000026702881 9.22999954223633 9.27999973297119 10.0500001907349 10.1300001144409 10.0100002288818 9.64999961853027 9.85000038146973 10.0200004577637 10.6300001144409 10.5299997329712 10.1400003433228 10.6000003814697 10.9700002670288 11.1499996185303 11.4499998092651 11.5200004577637 11.5600004158319 11.7600002290245 11.8699998855591 12.0500001907349 12.3699998855591 12.6899995803833 13.1700000762939 13.3199996948242 14.1199998855591 14.8699998855591 15.0500001907349 15.2799997329712 15.7600002288818 15.7799997329712 15.6400003433228 15.4499998628488 15.3900003433228 15.25 15.1599998474121 15.1000003814697
9.11999988555908 7.23000001907349 7.59000015258789 7.98999977111816 8.30000019073486 8.27000045776367 9.02999973297119 9.69999980926514 9.82999992370605 9.92000007629394 9.85000038146972 9.72999954223633 9.28999996185303 10 10.1499996185303 9.77000045776367 9.52999973297119 9.86999988555908 10.1099996566772 10.2600002288818 10.2700004577637 10.4200000762939 10.3400001519768 10.4700002670288 10.75 10.8699998855591 10.6999998092651 11.2700004577637 11.3999996185303 11.5200004577637 11.539999961853 11.8800001144409 12.2799997329712 12.6000003814697 12.9700002670288 13.3500003814697 14.2399996988539 14.8599996566772 15.5500001907349 15.7200002670288 15.7700004467016 15.3900003433228 15.3400001525879 15.3599996566772 15.1499996185303 15.0900001525879 15.1000003814697
8.52000045776367 8.0600004196167 8.02999973297119 8.5600004196167 8.96000003814697 9.0600004196167 9.43000030517578 9.85999965667725 10.039999961853 10.0699996948242 9.97999954223633 9.8100004196167 9.23999977111817 9.77999973297119 10 9.85999965667725 9.74999999980826 9.86999988555908 10.1800003051758 10.3100004202975 10.6499996185303 10.5600004196167 10.4200000762939 9.72000026702881 9.93999956736948 9.61999988555908 10.210000038147 10.539999961853 10.6300001144409 10.6499996185303 10.7600002288818 11.1199998855591 11.5299997329712 12.5900001342108 12.8900003433228 13.6199998855591 13.5500001907349 14.710000038147 15.5299997329712 15.6799996995014 15.3599996566772 15.7299995422363 15.6000003814697 15.3599996566772 15.3000002309034 15.2200002670288 15.1300001144409
8.73999977111816 8.8100004196167 8.77999973297119 8.94999980926514 9.43000030517578 9.38000011444092 9.68000030517578 9.94999980926514 10.1400003433228 10.0600004196167 10.0600004196167 9.9399995803833 9.72000026702881 9.72999954231747 9.98999977111816 9.72000026702881 9.64000034326507 9.64000034332275 9.85000038146973 10.0100002288818 10.3199996948242 10.5900001525879 10.3599996566772 9.9399995803833 9.86999988555908 9.55000019073486 9.60000038146973 10.1199998855591 10.0600004196167 10.289999961853 10.5900001525879 10.8400001525879 11.4799995422363 11.7299995422363 12.8599996566772 13.7200002670288 13.960000038147 14.8100004196167 14.9399995238912 15.039999961853 15.3100004196167 15.5600003088895 15.8000001907349 15.6400003433228 15.6400003433228 15.3100004196167 15.1599998474121
9.03999996185303 9.10000038146973 9.35000038146973 9.5600004196167 9.75 9.90999984741211 10 10.0500001907349 10.2700004577637 10.0799999237061 9.64999961853028 9.89999961853028 10.1400003433228 10.1400003432658 10.0299997329712 9.90999984741211 9.8100004196167 9.67000007629395 9.85000038146973 9.93000030517578 9.89999961853028 10.3699998724857 9.93000030517578 10.1300001144409 9.81999969482422 9.36999988555908 9.94999980926514 10.0299997345456 10.4899997711182 10.6300001144409 10.8999996185303 11.2200002670288 11.3299999237061 11.8100004196167 12.5200004577637 13.6199998855591 14.0900001525879 15.0899999331096 15.2399997711182 15.1899995803833 15.4700002670288 15.3599996566772 15.6499996185303 15.4899997711182 15.6000003814697 15.539999961853 15.3500004842572
9.35000038146973 9.63000011444092 9.72000026702881 10.0500001907349 10.1000003814697 10.1700000762939 10.3400001525879 10.210000038147 10.1899995803833 10.3900003433228 10.2399997711016 10.1400003433228 10.039999961853 9.90999984741211 9.96000003814697 9.82999992370605 9.82999992370605 9.80000019073486 9.9399995803833 9.97000026702881 9.89000034332275 10.0100002288818 9.92000007629395 9.89999961853028 10.0799999235468 9.67000007629395 10.1300001144409 10.3999996185303 10.789999961853 10.9799995422363 10.9499998092651 11.3599996566772 11.4099998479302 11.7799997329712 12.960000038147 13.3599996566772 14.2500027878317 18.7999992370605 19.0550003051758 19.1049995422363 19.0599994659424 19.2674999237061 19.6800003051758 19.6249998986912 19.8075008392334 19.7875003814697 19.4925003051758
9.68000030517578 10.039999961853 10.0900001525879 10.2600002288818 10.3199996948242 10.3000001907349 10.5299997329712 10.4799995422363 10.3699998855591 10.4899997711182 10.3900003433228 10.4300003051758 9.64999961853027 9.60999965667725 9.69999980926514 9.64999961853028 9.64999961853027 9.73999985227578 17.8899993896484 18.0400009155273 18.5849990844727 18.495000839122 18.6949996948242 18.5674991607666 18.3349990844727 18.1450004577637 18.1000003814697 18.3374996185303 18.7150001525879 18.5874996185303 18.1650009155273 18.4150009155273 18.6049995422363 17.9349994659424 18.2824993133545 18.5400009277758 19.2474994659424 19.5375003814697 19.7299995422363 19.2549991607666 18.9575004577637 19.4799995422363 19.8624992370605 19.5900001525879 19.7950000762939 19.6825008392334 19.4524993896484
15.3024997711182 15.8275003433228 16.3449993133545 16.8624992370605 16.8600006103516 16.7024993896484 16.6075000762939 16.7625007629353 16.5774993896484 16.9475002288818 17.0300006866455 17.3950004577637 16.6124992370605 16.4025001525879 16.9025001525879 17.3199996949553 17.5375003814697 18.0224990844727 18.1424999237139 18.0275001525879 18.3199996948242 18.8500003814697 19.0049991607666 18.4025001525879 18.0550003051758 18.6075000762939 18.4500007629395 18.6949996948242 18.9225006103516 18.9349994652953 18.1200008392334 18.2075004577637 18.4099998474121 18.7325000762939 18.295000403544 18.8649997711182 19.2800006866455 19.6075000762939 20.1975002288818 19.4225006103516 19.2749996185303 19.4874992370605 20.1499996185303 20.0025005340576 19.9624996185303 19.8724994659424 19.3550005166596
15.3000001907349 15.7875003814697 16.3274993896484 16.9375 16.6924991607666 16.4225006103516 16.6900005340576 16.7775001526031 17.1574993133545 17.3075008392334 17.4099998474121 17.5900001525879 16.725000382258 16.3199996952553 16.8125 17.3500003814697 17.5524997711182 17.8799991607666 18.0349998474121 18.1599998474121 18.5799999237061 18.7000007629395 19.4874992370605 18.5650005340576 18.4074993133545 19.2625007629395 18.872499467083 19.1525001525879 19.0750007629394 19.0300006866455 18.2374992370605 18.0750007629395 18.1849994659424 18.6550007116116 19.1599997332727 19.3850002288818 19.2700004577637 19.4274997711182 20.1924991607666 19.6000003814697 19.2800006866455 19.4025001525879 19.4050006866455 19.5524997711182 19.7549991607666 19.8700008392334 19.8999996185303
15.414999961853 15.9724998474121 16.2175006866455 16.7950000762939 16.8799991607666 16.5799999237061 16.7600002288818 17.0400009155273 17.4300003051758 17.8024997712129 17.8675003055268 17.8150005340576 18.0224990844727 17.7749996185303 17.25 17.2775001526587 17.5 18.1025009155273 18.3875007629395 18.3850002288818 18.8700008392334 18.8999996185303 19.7075004577637 19.0674991607666 18.9200000762939 19.6900005340576 19.4449996948242 19.3174991607666 19.2900009155273 19.2875003814697 18.6700000762939 18.6424999242614 18.7625008676081 19.0074996948242 18.9475002288818 19.0799999237061 19.6924991607666 19.7900009155273 19.9699993133545 19.8750006782993 19.4074993133545 19.2250003814697 19.4475002288818 19.6800003051758 19.6100006103516 20.2600002288818 20.0925006866455
15.1774997711182 15.7700004577637 15.9875001907349 16.7224998474121 17.2000007629395 16.9974994659557 17.0149993896465 17.0674991607666 17.7999992370605 18.2975006103516 18.5025005340576 18.3250007629394 18.6350002288818 18.9200000762939 18.6474990844727 18.4325008392334 18.3700008392334 18.6075000762939 18.6499996185303 19.25 19.2399997711182 19.3325004577637 19.9524993896484 20.2000007629394 19.5174999237061 19.7525005340576 19.1574993133545 19.6574993133545 19.1849994659424 18.4699993133545 19.3824996948242 19.8024997711182 19.3950004577637 19.2849998474121 19.2150001525879 19.4249992370605 19.9074992935722 20.1499996185303 20.3225002288818 20.5799999237061 19.3974990844727 19.6175003051758 19.4899997711182 19.7649993896484 19.9874993197725 20.6424999237061 20.5650005340576
14.9674997329708 15.3474998474121 15.7174997329712 16.5874996185303 16.6250000000026 17.2325000762939 17.7250003814697 17.6175003051758 17.9200000762939 18.4125003814697 18.7199993133545 18.9449996948242 19.1700000765409 19.8675003051758 19.8225002288818 19.6275005340576 19.2325000762939 19.1875 19.2474994659424 19.2224998474121 19.412500382678 19.9475002288818 20.6000003814697 20.7250003814697 20.3050003051758 20.2099990844727 19.9650001525879 20.2600002288818 19.7924995375203 19.4575004577637 19.5499992370605 20.0200004577637 19.9799995422363 19.5874996200203 19.5900001525879 19.5674991607666 19.7525005340576 19.4125003814697 19.5375003814697 20.1075000762939 19.9974994659424 19.4300003051758 19.8325004577637 20.1975009788325 20.7775001525879 20.8999996185303 20.4750005221632
