SnowAccumulation_R/test/tmax/final_tmax_16_04_2009.asc
NCOLS 97 
NROWS 69 
XLLCORNER 52512.810182332 
YLLCORNER 5316225.2758522 
CELLSIZE 10000 
NODATA_value -9999 
[rows 21 to 41 of 69, columns 0 to 46 of 97]
-9999 -9999 -9999 -9999 5.3600001335144 5.05000019073486 6.05999994277954 7.69000005722046 4.75 5.82000017166138 6.07000017166138 8.52000045776367 9.25 9.07999992370606 9.52000045776367 10.3100004196167 10.9099998474121 11.039999961853 10.5500001907349 10.4700002670288 10.539999961853 10.460000038147 10.539999961853 10.7299995422363 10.9300003031794 11.2700004577637 10.9799995422363 10.8199996948242 10.7299995422363 10.6700000762939 10.6099996566772 10.460000038147 10.5799999237061 10.5799999237061 10.6000003814697 10.6400003433228 10.5699996948242 10.4399995803833 10.3699998855591 10.4499998092651 10.4499998092651 10.1099996566772 9.67000007629401 9.59000015258789 9.80000019073486 9.69999980926513 10.0600004196167
-9999 -9999 -9999 -9999 6.86000013351441 3.66000008583069 5.94000005722046 7.69000005722046 5.19000005722046 4.01000022888184 6.76000022888184 6.53999996185303 8.75 8.43000030517578 8.64000046399272 9.98999977111816 10.3900003433228 10.4799995422363 10.5299997329712 10.4700002670288 10.2600002288818 10.4300003051758 10.5500001907349 10.6599998474121 10.8199996932107 10.8900003433228 10.8599996566772 10.8500003814697 10.75 10.539999961853 10.6300001144409 10.539999961853 10.6899995803833 10.6999998092651 10.6599998474121 10.6199998855591 10.5799999237061 10.3999996185303 10.3500003814697 9.98999977111816 10.0500001907349 9.96000003814697 9.72000026702881 9.52999973297119 9.44999980926514 9.53999996185303 9.94999980926514
-9999 -9999 -9999 4.63000011444092 5.42000007629395 8.02000045776367 5.86999988555908 4.94999980926514 3.50999999046326 3.98000001907349 5.30000019073486 4.32000017166138 7.90000009536743 8.95999990166186 9.47999954223633 10.3800001144409 10.460000038147 10.5 10.5500001907349 10.3699998855591 10.3400001525879 10.5 10.5 10.5200004577637 10.7200002670288 10.5900001525879 10.710000038052 10.8199996948242 10.7700004577637 10.6300001144409 10.6400003433228 10.6700000762939 10.7200002670288 10.7200002670288 10.710000038147 10.6700000762939 10.5600004196167 10.460000038147 10.3900003433228 10.3100004196167 9.82999992370605 9.65999984741211 9.63000011444092 9.47999954223633 9.38000011444092 9.64000034332275 9.68000030517578
-9999 -9999 -9999 3.34999990463257 4.09999990463257 5.05999994277954 2.48000001907349 4.57999992370605 2.94000005722046 2.47000002861023 4.17999982833862 5.34999996195044 6.67000007629395 10.3299999237061 10.3599996566772 10.4399995803833 10.460000038147 10.5900001525879 10.4799995422363 10.4799995422363 10.460000038147 10.3999996185303 10.3400001525879 10.5100002288818 10.5699996948242 10.5900001531045 10.6999998092651 10.7600002288818 10.7600002288818 10.75 10.6199998855591 10.75 10.7799997329712 10.75 10.7399997711182 10.6700000762939 10.6400003433228 10.5299997329712 10.4300003051758 10.2799997329712 9.89999961853079 9.61999988555969 9.56000041961707 9.47000026702925 9.40999984741211 9.64999961853027 9.82999992370631
-9999 -9999 -9999 2.96000003814697 4.25000058423646 5.01999998092651 3.98000001907349 3.71000003814697 0.680000007152557 3.95000004768372 2.83999991416931 10.2700004577637 10.3299999237061 10.3999996185303 10.4399995803833 10.539999961853 10.5299997329712 10.5100002288818 10.6899995803833 10.7299995422363 10.5299997329712 10.4399995803833 10.3400001525879 10.2299995422363 10.4899997711182 10.6400003433228 10.6700000762939 10.6000003816681 10.7799997329712 10.8800001144409 10.7799997329712 10.7700004577637 10.7700004577637 10.7700004577637 10.9200000762939 10.9200000762939 10.6499996185303 10.5900001525879 10.3999996185303 10.3500003814697 10.2799997329712 10.1300001144409 9.9399995803833 9.88000011444092 9.92000007629394 9.96000003814697 10
-9999 -9999 -9999 2.93000627321538 2.0699999332428 7.76999998092651 3.15000009536743 2.25 2.77999997138977 1.55999994277954 2.51999998092651 3.67000007629395 10.5600004196167 10.539999961853 10.6499996185303 10.710000038147 10.4399995803833 10.6099996566772 10.789999961853 10.8800001144409 10.6000003814697 10.4799995422363 10.2700004577637 9.89999961853028 10.3699998855591 10.5600004196167 10.6700000764771 10.6300001151598 10.789999961853 11.039999961853 11.0299997329712 11.0200004577637 11.0100002288818 11.0100002288818 11.0200004577637 10.960000038147 10.8900003433228 10.6599998474121 10.5200004577637 10.4300003051758 10.4499998092651 10.3900003433228 10.1899995803833 10.0500001907349 10.1800003051758 10.3100004196167 10.1800003051758
-9999 -9999 -9999 7.73000001907349 6.67000007629395 7.42999839640675 1.02999997138977 4.92000007629395 2.80999994277954 3.34999990463257 3.95000004768372 3.40000009536743 3.60999989509583 10.4200000762939 10.4700002670288 10.5299997329712 10.6599998474121 10.6999998092651 10.7299995422363 10.6300001144409 10.6400003433228 10.5600004196167 10.4300003051758 10.3599996566772 10.5200004577637 10.7299995422363 10.8699998855591 10.8100004196167 10.859999657759 11.069999695071 11.1199998855591 11.0799999237061 11.1400003433228 11.0600004196167 11.0600004196167 11.0100002288818 10.9300003051758 10.8800001144409 10.7299995422363 10.4899997711182 10.4399995803833 10.3299999237061 10.4899997711182 10.4099998474121 10.3500003814697 10.4300003051758 10.3999996185303
-9999 -9999 -9999 10.6300001144409 4.80000019073486 3.70000004768372 4.19999980926514 2.60999989509582 3.99000000953674 2.76999998092651 3.74000000953674 3.08999991416931 3.99000000953674 4.05999994277954 10.5100002288818 9.68000030517578 10.6999998092651 10.6999998092651 10.6999998092651 10.5699996948242 10.6199998855591 10.6199998855591 10.6000003814697 10.5100002288818 10.6400003433228 10.8199996948242 10.8800001144409 10.8900003433228 11.060000420152 11.1499996185303 11.25 11.3000001907349 11.2299995422363 11.0900001525879 11.1499996185303 11.0799999237061 11.039999961853 10.8599996566772 10.7700004577637 10.6199998855591 10.5600004196167 10.460000038147 10.3900003433228 10.7399997711182 10.6700000762939 10.6899995803833 10.7200002670288
-9999 -9999 -9999 10.4099998474121 5.90000009536743 7.07999992370605 6.13000018972398 5.36000013351441 7.6100001335144 3.72000002861023 1.50999999046326 2.38000011444092 1.73000001907349 2.8199999332428 9.51000022888184 9.57999992370605 9.68000030517578 10.6999998092651 10.6499996185303 10.5600004196167 10.5799999237061 10.7700004577637 10.6400003433228 10.5 10.6400003433228 10.7600002288818 10.8299999237061 11.0200004577637 11.3400001525879 11.3999996185303 11.3599996568983 11.4300003053844 11.4200000762939 11.3999996185303 11.3500003814697 11.2399997711182 11.1899995803833 11.1599998474121 11.0799999237061 10.8900003433228 10.6099996566772 10.5200004577637 10.4300003051758 10.3900003433228 10.8500003814697 11.0299997329712 10.960000038147
-9999 -9999 -9999 13.1699980653269 9.14000034332275 8 5.98999953838009 3.59999990463257 3.84999990463257 5.96999979019165 1.8899999982572 3.35999989509583 5.11999988555908 1.72000002861023 9.40999984741211 9.47000026702881 9.55000019073486 9.72000026702881 10.6999998092651 10.6899995803833 10.6800003051758 10.5500001907349 10.4799995422363 10.4200000762939 10.6599998474121 10.8000001907349 11.0500001907349 11.1700000762939 11.3599996566772 11.399999618603 11.4700002670685 11.5900001525879 11.9300003051758 11.8999996185303 11.5100002288818 11.4099998474121 11.4700002670288 11.4499998092651 11.1499996185303 11.1099996566772 10.7200002670288 10.6499996185303 10.6099996566772 10.6999998092651 10.6999998092651 10.6400003433228 10.8299999237061
-9999 -9999 -9999 12.4099998474121 7.78999996185303 10.1599998474121 4.65000009536743 5.17999836246007 2.51999998092651 7.11999988555908 5.84999990463257 3.8199999332428 3.50999999046326 4.01999998092651 9.27999973297119 9.32999992370606 9.47000026702881 9.69999980926514 10.0699996948242 10.6800003051758 10.6199998855591 10.4799995422363 10.4499998092651 10.5100002288818 10.6400003433228 10.8299999237061 11.0299997329712 11.1300001144409 11.4200000762939 11.4799995422363 11.5 11.5600004196167 11.9499998090103 11.8900003432508 11.7600002288818 11.6499996185303 11.5500001907349 11.5299997329712 11.5299997329712 11.4099998474121 11.1599998474121 11.0699996948242 10.8800001144409 10.8500003814697 10.8199996948242 10.789999961853 10.8000001907349
-9999 -9999 -9999 8.23999977111817 11.4700003638053 7.69999980926514 9.11999988555908 4.01999998092651 5.29999975587705 3.90000009536743 5.53000020980835 6.96999979019165 6.46000003814697 7.84000015258789 9.14999961853027 9.14999961853027 9.34000015258789 9.5600004196167 10.0100002288818 10.6400003433228 10.460000038147 10.4200000762939 10.5 10.5500001907349 10.6400003433228 10.7200002670288 10.9499998092651 11.1300001144409 11.4200000762939 11.4700002670288 11.4899997711182 11.5600004196794 11.6300001144409 11.7399997711182 11.6300001144409 11.6400003433228 11.7799997329712 11.8100004196167 11.789999961853 11.5100002288818 11.460000038147 11.4700002670288 10.9499998092651 10.9099998474121 10.9499998092651 10.8199996948242 10.9200000762939
-9999 -9999 -9999 9.01000022888184 11.25 12.8500003814697 8.22999954223633 9.51000022888184 5.69999980926514 4.29000122056683 3.27999997138977 6.09000015258789 5.55000019073486 5.86999988555908 8.77000045776367 9.02999973297119 9.5 9.40999984741211 9.55000019073486 10.4899997711182 10.3500003814697 10.2200002670288 10.4399995803833 10.6199998855591 10.710000038147 10.7700004577637 10.9700002670288 11.1599998474121 11.3800001144409 11.460000038147 11.5 11.5900001525879 11.5900001525879 11.5500001907349 11.5600004196167 11.8100004196255 11.8900003433332 11.8900003433228 11.8699998855591 11.8400001525879 11.5699996948242 11.5600004196167 11.4499998092651 11.0100002288818 10.9899997711182 11.039999961853 11
-9999 -9999 -9999 6.01999998092651 8.78999996185303 11.7399997711182 12.3699998855591 5.88000011444092 8.85000038146972 5.5 4.14000067574552 3.04999995231628 3.69000005722046 4.88000011444092 7.96000003814697 8.30000019073486 9.6899995803833 9.1899995803833 9.25 9.46000003814697 10.3400001525879 10.3500003814697 10.4499998092651 10.6300001144409 10.7200002670288 10.789999961853 11.2700004577637 11.2799997329712 11.1700000762939 11.4099998474121 11.4799995422363 11.5900001525879 11.710000038147 11.7299995422363 11.8900003433228 12.2200002670288 12.3599996566772 12.3400001525879 12.210000038147 11.960000038148 11.9300003051759 11.8999996185303 11.6000003814703 11.2799997329712 11.0600004196171 11.0600004196167 11.1099996566772
-9999 -9999 5.59999990463257 6.73000001907349 2.44000005722046 10.460000038147 12.4899997711182 10.1599998474121 7.17000007629394 11.1300001144409 4.69000005722046 2.67000037912929 2.00999999046325 3.9300000667572 6.48000001907349 3.75999999046326 7.75 8.51000022888184 8.82999992370605 9.32999992370605 10.4899997711182 10.4099998474121 10.4399995803833 10.5200004577637 10.9200000762939 10.9700002670288 11.1999998092651 11.3100004196167 11.2299995422363 11.3000001907349 11.5100002288818 11.6099996566772 11.7299995422363 11.8199996948242 12.0299997329712 12.4300003051758 12.75 12.4700002670288 12.2100000381484 12.1099996566776 11.9799995422367 11.8999996185303 11.8299999237061 11.2799997329712 11.2299995422363 11.0600004196167 11.0900001525879
-9999 -9999 3.51999998092651 2.65000009536743 5.69999980926514 3.6800000667572 7.84999990463257 12.1000003814697 8.64000034332276 6.22000010011174 5.07000017166138 5.46999979019165 2.67000007629395 3.41000008583069 6.36999988555908 5.48999977111816 7.13000011444092 8.15999984741211 8.64000034332275 8.94999980926514 10.3000001907349 10.4499998092651 10.5600004196167 10.6599998474121 11.1400003422682 11.14999961851 11.3100004196167 11.3400001525879 11.3900003433228 11.4200000762939 11.5100002288818 11.6099996566772 11.6700000762939 11.7799997329712 12.1199998855591 12.3400001525879 12.4799995422363 12.5 12.3599996566772 12.2600002288818 12.1899995803833 12.0900001525879 11.9499998092651 11.5699996948242 11.1899995803833 11.1099996566772 10.9899997711182
-9999 -9999 5.42000007629395 7.01000022888184 5.69999980926514 4.15000009536743 4.79000033992915 11.7600002288818 12.3299999237061 6.53000020980835 9.55000019073486 7.82999992370605 4.1100001335144 3.76999998092651 7.01000022888184 7.1399998664856 7.59000015258789 8.14000034332275 8.5600004196167 8.98999977111816 10.2700004577637 10.460000038147 10.6700000762939 10.8699998855591 11.2799997329712 11.2299995422363 11.3800001144409 11.3999996185303 11.4700002670288 11.4399995803833 11.4399995803833 11.460000038147 11.6700000762939 11.9300003051758 12.0500001907349 12.2399997711182 12.4700002670288 12.5200004577637 12.4099998474121 12.3599996566772 12.25 12.1199998855591 11.960000038147 11.6700000762939 11.039999961853 11.0299997329712 11.1499996185303
-9999 -9999 6.21999979019165 7.96999979019165 7.09999990463257 2.58999991416931 5.5 8.4399995803833 13.1800003051758 7.09999990463257 6.92999982833862 6.05000019073486 7.1399998664856 2.27999998296485 1.99000000953674 7.46000003814697 7.67000007629395 7.92999982833862 8.67000007629395 8.93000030517578 10.039999961853 10.25 10.7600002288818 10.9499998092651 11.0699996948242 11.3199996948242 11.4899997711182 11.5900001525879 11.5100002288818 11.4200000762939 11.4099998474121 11.4799995422363 11.5799999237061 11.8900003433228 12.0500001907349 12.1899995803833 12.4099998474121 12.5100002288818 12.5 12.4399995803833 12.3199996948242 12.2600002288818 12.0299997329712 11.8199996948242 11.5900001525879 11.4300003051758 11.3500003814697
-9999 -9999 11.8200011509936 8.55000019073486 4.15000009536743 5.8600001335144 6.19000005722046 7.63999986648559 13.0200004577637 9.85000038146973 6.02000007308904 10.8000001907349 8.26000022888184 5.57000017166138 5.01999998092651 7.78000020980835 7.86999988555908 8.17000007629395 8.39999961853027 8.72999954223633 9.56999969482422 9.60000038146973 10.1899995803833 10.6300001144409 10.8400001525879 10.9700002670288 11.3000001907349 11.539999961853 11.4799995422363 11.3299999237061 11.0699996948242 11.4099998474121 11.6800003051758 11.960000038147 12.0100002288818 12.289999961853 12.4499998092651 12.6400003433228 12.7600002288818 12.6400003433228 12.4700002670288 12.289999961853 12.2200002670288 12 11.7700004577637 11.6000003814697 11.6000003814697
-9999 -9999 14.8299999237061 3.36000218469413 2.28000023576419 3.64000010490417 2.42000007629395 7.98999977111816 8.4399995803833 13.3900003433228 4.98999977111816 9.69999980926514 6.76000022888184 4.57999992370605 2.88000011444092 1.57000005245209 5.59999990463257 8.31999969482422 8.57999992370605 8.77000045776367 9.27999973297119 8.82999992370605 10.5699996921348 10.6899995800063 10.6700000762939 10.899999618138 10.8999996209994 11.289999961853 11.3699998855591 11.3699998855591 11.3100004196167 11.460000038147 11.6700000762939 11.9300003051758 12.1800003051758 12.3000001907349 12.4300003051758 12.6499996185303 12.8900003433228 12.6499996185303 12.4799995422363 12.3100004196167 12.1499996185303 12.0200004577637 11.7399997711182 11.6599998474121 11.3900003433228
-9999 -9999 15.0900001525879 5.84999990463257 5.05000020836716 4.01999998092651 6.67999982833862 3.48000001907349 5.46999979019165 12.4300003051758 5.53000020980835 6.6100001335144 8.10000038146973 4.8600001335144 4.30999994277954 3.25 5.34000015258789 5.21999979019165 8.65999984741211 9.52999973297119 9.55000019048927 9.9099998458372 10.4099998474121 10.5 10.5299997329712 11.1099996566772 11.1700000761966 11.2399997711182 11.1899995803833 11.4200000762939 11.4200000762939 11.4200000762939 11.4799995422363 11.8100004196167 12.1400003433228 12.25 12.3599996566772 12.5799999237061 12.6800003051758 12.5900001525879 12.3999996185303 12.2600002288818 12.1400003433228 12.0600004196167 11.8000001907349 11.6800003051758 11.4499998092651
