SnowAccumulation_R/test/tmax/final_tmax_02_04_2009.asc
NCOLS 97 
NROWS 69 
XLLCORNER 52512.810182332 
YLLCORNER 5316225.2758522 
CELLSIZE 10000 
NODATA_value -9999 
[rows 21 to 41 of 69, columns 0 to 46 of 97]
-9999 -9999 -9999 -9999 0.219999998807907 0.0500000007450581 0.990000009536743 2.49000000953674 0.00999999977648258 1.04999995231628 1.32000005245209 3.52999997138977 4.09999990463257 3.89000010490417 4.15999984741211 4.48999977111816 4.30000019073486 3.49000000953674 2.53999996185303 2.15000009536743 1.69000005722046 1.12999999523163 1.19000005722046 1.19000005722046 1.91999994728412 2.09999990463257 1.85000002384186 1.55999994277954 1.37000000476837 1.19000005722046 1 0.769999980926514 1.30999994277954 1.36000001430511 1.72000002861023 1.97000002861023 2.0699999332428 2.21000003814697 2.3199999332428 2.55999994277954 2.40000009536743 1.99000000953674 2.15000009536735 2.38000011444092 2.84999990463257 2.71000003814697 2.92000007629395
-9999 -9999 -9999 -9999 1.52999997138977 -1.19000005722046 0.949999988079071 2.50999999046326 0.419999986886978 -0.600000023841858 2.00999999046326 1.82000005245209 3.80999994277954 3.42000007629395 3.53000005327306 4.42000007629395 4.23999977111816 3.29999995231628 2.55999994277954 2.25999999046326 1.12000000476837 1.23000001907349 0.920000016689301 0.889999985694885 1.3799999911082 1.53999996185303 1.44000005722046 1.41999995708466 1.21000003814697 0.779999971389771 0.949999988079071 0.889999985694885 1.21000003814697 1.26999998092651 1.61000001430511 1.88999998569489 1.87999999523163 2 2.32999992370605 2.09999990463257 2.23000001907349 2.25999999046326 2.47000002861023 2.54999995231628 2.77999997138977 2.92000007629395 3.24000000953674
-9999 -9999 -9999 -0.479999989271164 0.280000001192093 2.63000011444092 0.889999985694885 0.119999997317791 -1.11000001430511 -0.610000014305115 0.639999985694885 -0.259999990463257 3.0699999332428 3.9199999565701 4.23000001907349 4.40000009536743 3.46000003814697 3.03999996185303 2.33999991416931 1.63999998569489 1.37000000476837 0.939999997615814 0.819999992847443 0.779999971389771 0.699999988079071 0.5 1.07000004722737 1.28999996185303 1.17999994754791 0.879999995231629 0.920000016689301 1.03999996185303 1.16999995708466 1.26999998092651 1.28999996185303 1.52999997138977 1.50999999046326 1.75999999046326 1.95000004768372 2.03999996185303 2.25 2.34999990463257 2.66000008583069 2.72000002861023 2.92000007629395 3.30999994277954 3.46000003814697
-9999 -9999 -9999 -1.63999998569489 -0.910000026226044 0.0599999986588955 -2.17000007629395 -0.170000001788139 -1.62999999523163 -2 -0.400000005960464 0.690000050524621 1.89999997615814 4.17000007629395 4.15999984741211 4.15999984741211 3.49000000953674 2.78999996185303 2.29999995231628 2.08999991416931 1.66999995708466 0.860000014305115 0.519999980926514 0.430000007152557 0.180000007152557 0.499999997287826 0.519999980926514 0.819999992847443 0.810000002384186 0.810000002384186 1.27999997138977 1.12000000476837 1.26999998092651 1.23000001907349 1.4099999666214 1.63999998569489 1.6599999666214 1.82000005245209 1.94000005722046 2.11999988555908 2.51999998092742 2.58999991417036 2.84999990463338 2.93000006675804 3.1800000667572 3.63000011444092 3.960000038148
-9999 -9999 -9999 -2.00999999046326 -0.789999477981873 0.00999999977648258 -0.819999992847443 -0.980000019073486 -3.70000004768372 -0.660000026226044 -1.62999999523163 4.42000007629395 4.46999979019165 4.53000020980835 4.07999992370606 3.89000010490417 3.47000002861023 2.57999992370605 2.99000000953674 3.05999994277954 1.96000003814697 0.740000009536743 0.159999996423721 -0.219999998807907 -0.0299999993294477 0.189999997615814 0.230000004172325 0.310000001524575 0.639999985694885 1.20000004768372 1.25 1.47000002861023 1.26999998092651 1.26999998092651 1.70000004768372 1.82000005245209 1.66999995708466 1.80999994277954 2.02999997138977 2.26999998092651 2.38000011444092 3.46000003814697 3.5699999332428 3.66000008583069 3.98000001907349 4.30999994277954 4.59999990463246
-9999 -9999 -9999 -2.05999452758284 -2.72000002861023 2.38000011444092 -1.60000002384186 -2.3199999332428 -1.75999999046326 -2.83999991416931 -1.92999994754791 -0.879999995231628 4.53000020980835 4.26000022888184 4.36999988555908 4.3600001335144 3.30999994277954 2.69000005722046 3.21000003814697 3.60999989509583 2.11999988555908 0.829999983310699 0.0199999995529652 -0.689999997615814 0 -0.159999996423721 0.230000003348174 0.180000007740757 0.959999978542328 1.10000002384186 1.8400000333786 2.17000007629395 2.21000003814697 2.23000001907349 2.01999998092651 1.80999994277954 1.64999997615814 1.73000001907349 2.20000004768372 2.51999998092651 2.83999991416931 3.84999990463257 3.95000004768372 3.96000003814697 4.32999992370605 4.67000007629395 4.76999998092651
-9999 -9999 -9999 2.07999992370605 1.3400000333786 2.04999870801685 -3.52999997138977 0.0599999986588955 -1.75999999046326 -1.23000001907349 -0.660000026226044 -1.12999999523163 -0.980000019073486 4.09000015258789 4.09000015258789 4.07000017166138 3.10999989509583 3.08999991416931 2.97000002861023 2.54999995231628 1.99000000953674 1.13999998569489 0.529999971389771 0.00999999977648258 0.00999999977648258 -0.270000010728836 -0.100000001490116 0.379999995231628 0.910000027740549 0.990000010709045 1.89999997615814 2.44000005722046 2.53999996185303 2.51999998092651 2.17000007629394 1.62000000476837 1.58000004291534 1.96000003814697 2.4300000667572 2.50999999046326 2.84999990463257 2.99000000953674 4.34999990463257 4.40999984741211 4.59000015258789 4.84999990463257 5.01000022888177
-9999 -9999 -9999 4.46000003814697 -0.400000005960464 -1.21000003814697 -0.709999978542328 -2.03999996185303 -0.730000019073486 -1.75999999046326 -0.870000004768372 -1.42999994754791 -0.660000026226044 -0.620000004768372 4.01000022888184 3.23000001907349 3.44000005722046 2.84999990463257 2.64000010490417 2.67000007629395 1.98000001907349 1.73000001907349 1.12000000476837 0.660000026226044 -0.0700000002980232 -0.0700000002980232 0.00999999977648258 0.469999998807907 1.19000005945098 1.37000000476837 2.13000011444092 2.70000004768372 3 2.94000005722046 2.70000004768372 2.28999996185303 2.16000008583069 2.27999997138977 2.48000001907349 2.63000011444092 2.99000000953674 3.35999989509583 3.49000000953674 4.84999990463257 5 5.17999982833862 5.36000013351438
-9999 -9999 -9999 4.21000003814697 0.5 1.63999998569489 0.940000072898947 0.360000014305115 2.39000010490417 -0.939999997615814 -2.88000011444092 -2.0699999332428 -2.64000010490417 -1.74000000953674 3.10999989509583 3.07999992370605 3.05999994277954 3.59999990463257 2.44000005722046 2.50999999046326 2.24000000953674 2.04999995231628 1.23000001907349 1.23000001907349 0.25 0.129999995231628 0.280000001192093 0.639999985694885 1.64999997615814 2.3199999332428 2.90000009693471 3.32999992463179 3.64000010490417 3.50999999046326 3.25999999046326 2.98000001907349 3.19000005722046 2.96000003814697 3.25999999046326 3.1800000667572 3.07999992370605 3.46000003814697 4.13000011444092 4.71999979019165 5.34000015258789 5.65999984741211 5.80000019073486
-9999 -9999 -9999 6.40999821318326 3.1800000667572 2.33999991416931 0.739999822433579 -1.23000001907349 -0.920000016689301 0.990000009536743 -2.55999993021722 -1.23000001907349 0.270000010728836 -2.67000007629395 3.02999997138977 2.97000002861023 2.71000003814697 2.69000005722046 3.46000003814697 3.22000002861023 2.65000009536743 2.02999997138977 1.99000000953674 1.58000004291534 1.07000005245209 0.349999994039536 0.959999978542328 0.75 1.00999999046326 2.31999993258794 3.68000006586453 4.03999996185303 4.42000007629395 4.42999982833862 3.65000009536743 3.46000003814697 3.57999992370605 3.75 3.49000000953674 3.55999994277954 3.46000003814697 3.79999995231628 4.90999984741211 5.46999979019165 5.6100001335144 6 6.07000017166138
-9999 -9999 -9999 5.76000022888184 1.97000002861023 4.05000019073486 -0.490000009536743 0.0899987016445787 -2.14000010490417 1.89999997615814 0.860000014305115 -0.870000004768372 -1.12999999523163 -0.740000009536743 2.84999990463257 2.70000004768372 2.65000009536743 2.61999988555908 2.70000004768372 2.88000011444092 2.96000003814697 2.29999995231628 2.32999992370605 2.24000000953674 1.75 1.53999996185303 1.08000004291534 0.939999997615814 1.37999999523163 2.02999997138977 2.86999988555908 3.38000011444092 4.36000013301275 4.42000007651458 4.26000022888184 4 4.23000001907349 4.07999992370606 4.13000011444092 4.21999979019165 4.15000009536743 4.44999980926514 5.82000017166138 5.90999984741211 5.92000007629395 6.48999977111816 6.59000015258789
-9999 -9999 -9999 2.19000005722046 4.96000013120152 1.91999995708466 3.20000004768372 -0.990000009536743 0.219999590146541 -0.910000026226044 0.540000021457672 1.75 1.32000005245209 2.35999989509583 2.79999995231628 2.46000003814697 2.45000004768372 2.69000005722046 2.52999997138977 2.95000004768372 3.0699999332428 3.14000010490417 3.1800000667572 2.48000001907349 1.94000005722046 1.73000001907349 1.69000005722046 1.30999994277954 1.83000004291534 2.44000005722046 2.94000005722046 3.38000011444092 3.73000001911272 4.88000011444092 4.71000003814697 5.21000003814697 4.69000005722046 5.19999980926514 4.92000007629395 4.67999982833862 5.15000009536743 6.01999998092651 5.98000001907349 6.07000017166138 6.61999988555908 6.69999980926514 7.03999996185303
-9999 -9999 -9999 2.75 4.73000001907349 6.09000015258789 2.36999988555908 3.49000000953674 0.400000005960464 -0.62999897252669 -1.42999994754791 0.970000028610229 0.519999980926514 0.759999990463257 2.59999990463257 2.58999991416931 2.79999995231628 2.75999999046326 2.54999995231628 2.65000009536743 3.14000010490417 3.17000007629395 3.66000008583069 2.76999998092651 2.46000003814697 2.36999988555908 2.09999990463257 1.64999997615814 1.62000000476837 2.42000007629395 3 3.32999992370605 4.23999977111816 4.46999979019165 5.07000017166138 5.61999988555028 5.69999980927408 5.48999977111816 5.55999994277954 6.23999977111816 5.98999977111816 6.15999984741211 6.51999998092651 6.6399998664856 6.73999977111816 7.03999996185303 7.15999984741211
-9999 -9999 -9999 0.129999995231628 2.57999992370605 5.09000015258789 5.67000007629394 0.409999996423721 2.92000007629395 0.239999994635582 -0.74999935404366 -1.62000000476837 -1.07000005245209 -0.0799999982118607 2.01999998092651 2.13000011444092 3.13000011444092 2.75999999046326 2.54999995231628 2.64000010490417 3.24000000953674 3.49000000953674 4.3899998664856 3.07999992370606 2.59999990463257 2.54999995231628 1.92999994754791 1.55999994277954 0.689999997615814 1.99000000953674 2.6800000667572 3.78999996185303 4.25 4.86999988555908 5.59000015258789 5.8899998664856 6.46000003814697 6.51000022888184 6.76999998092651 6.40999984741399 6.40000009536832 6.73999977111858 7.01999998092723 7.09999990463266 7.03000020980874 7.09999990463264 7.21000003814697
-9999 -9999 -0.400000005960465 0.610000014305115 -2.86999988555908 3.96000003814697 5.69000005722046 3.80999994277954 1.47000002861023 4.61999988555908 -0.439999997615814 -1.9999997631288 -2.51999998092652 -0.889999985694885 1.13999998569489 -0.790000021457672 1.96000003814697 2.45000004768372 2.47000002861023 2.66000008583069 3.27999997138977 3.41000008583069 3.5 3.53999996185303 3.05999994277954 2.94000005722046 2.4300000667572 1.78999996185303 1.45000004768372 2.36999988555908 2.74000000953674 3.40000009536743 4.38000011444092 5.09000015258789 5.94000005722046 6.34999990463257 6.73000001907349 6.71999979019165 6.76999998092553 6.67999982834011 6.78000020980889 6.92000007629395 7.32999992370605 7.1399998664856 7.19999980926514 7.13000011444092 7.21999979019165
-9999 -9999 -2.24000000953674 -2.90000009536743 -0.230000004172325 -1.78999996185303 1.73000001907349 5.28999996185303 2.52999997138977 0.630000240614573 -0.219999998807907 0.180000007152557 -2.05999994277954 -1.37000000476837 0.970000028610229 0.409999996423721 1.39999997615814 2.03999996185303 2.3199999332428 2.51999998092651 3.40000009536743 3.60999989509583 3.65000009536743 3.70000004768372 3.60999989544736 3.43000006712142 2.76999998092651 2.64000010490417 2.77999997138977 2.82999992370605 3.29999995231628 3.67000007629395 4.65000009536743 5.55999994277954 6.53999996185303 6.57999992370605 6.80999994277954 7.05999994277954 7.21000003814697 7.17999982833862 7.17000007629394 7.46000003814697 7.55999994277954 7.42999982833862 7.42000007629395 7.34000015258789 7.34000015258789
-9999 -9999 -0.769999980926514 0.620000004768372 -0.349999994039535 -1.5 -0.9099997065965 4.90000009536743 5.36999988555908 0.810000002384186 3.19000005722046 1.94000005722046 -0.959999978542328 -1.21000003814697 1.53999996185303 1.61000001430511 1.76999998092651 1.77999997138977 2.25999999046326 2.4300000667572 3.76999998092651 3.54999995231628 3.55999994277954 3.82999992370605 3.9300000667572 3.67000007629395 3.45000004768372 3.34999990463257 3.63000011444092 3.71000003814697 3.72000002861023 4 4.80999994277954 5.67999982833862 6.19000005722046 6.57000017166138 6.86000013351441 7.23999977111816 7.3600001335144 7.32999992370605 7.30000019073486 7.55000019073486 7.61000013351441 7.55999994277954 7.42000007629395 7.44000005722046 7.51999998092651
-9999 -9999 -0.219999998807907 1.36000001430511 0.689999997615814 -2.89000010490417 -0.400000005960464 2.03999996185303 6.01000022888184 1.12999999523163 1.02999997138977 0.430000007152557 1.35000002384186 -2.49999999039697 -2.67000007629395 2.04999995231628 1.91999995708466 1.75999999046326 2.19000005722046 2.63000011444092 3.65000009536743 3.60999989509583 3.28999996185303 3.75 4.26000022888184 3.75999999046326 3.95000004768372 3.83999991416931 4.03000020980835 4.23000001907349 4.23000001907349 4.73999977111816 5 6.05000019073486 6.30000019073486 6.59000015258789 7.17999982833862 7.44000005722046 7.53000020980835 7.51999998092651 7.65000009536743 7.65000009536743 7.67999982833862 7.63000011444092 7.80000019073486 7.84999990463257 8.07999992370606
-9999 -9999 4.53000154462934 1.72000002861023 -1.8400000333786 -0.340000003576279 0.0399999991059303 1.25999999046326 5.76000022888184 3.10999989509583 0.180000080044728 3.82999992370605 2.01999998092651 0.0599999986588955 -0.340000003576279 2.00999999046326 1.9099999666214 1.91999995708466 2.25999999046326 2.5699999332428 3.46000003814697 3.38000011444092 3.78999996185303 4.28000020980835 4.48999977111816 4.46999979019165 4.17000007629395 4.19999980926514 4.23000001907349 4.48000001907349 4.94000005722046 4.76999998092651 5.59999990463257 6.28999996185303 6.51000022888184 7.26000022888184 7.42999982833862 7.78999996185303 8.05000019073487 7.94000005722046 7.78000020980835 7.67999982833862 8.05000019073486 8.10999965667725 8.14000034332275 8.30000019073486 8.34000015258789
-9999 -9999 7.53999996185303 -2.64999838593895 -3.45999980608502 -2.25 -3.10999989509583 1.41999995708466 1.80999994277954 5.92000007629394 -0.709999978542328 2.84999990463257 0.75 -0.839999973773956 -2.13000011444092 -3.09999990463257 0.0799999982118607 2.20000004768372 2.33999991416931 2.64000010490417 3.07999992370606 2.78999996185303 4.92999982437917 5.46000003648192 4.88000011444092 4.50000000006193 4.50000000216048 4.75 4.53999996185303 4.67999982833862 5.21999979019165 5.32000017166138 5.59999990463257 6.34999990463257 6.98000001907349 7.26999998092651 7.65999984741211 7.88000011444092 8.3100004196167 8.0600004196167 7.84000015258789 7.88000011444092 8.27999973297119 8.5 8.51000022888184 8.47000026702881 8.47999954223633
-9999 -9999 7.82000017166138 -0.899999976158142 -1.30000004047786 -2.05999994277954 0.150000005960464 -2.25999999046326 -0.649999976158142 4.92000007629395 -0.439999997615814 0.409999996423721 1.53999996185303 -0.75 -1.12000000476837 -1.85000002384186 -0.209999993443489 -0.259999990463257 2.50999999046326 3.22000002861023 3.41000008519214 3.94000005490185 4.61000013351441 4.75 4.65999984741211 4.88000011444092 5.19999980874606 5.21000003814697 5.26999998092651 5.28000020980835 5.42999982833862 5.51000022888184 5.69000005722046 6.71000003814697 7.11999988555908 7.28000020980835 7.61999988555908 7.78000020980835 8.06999969482422 8.09000015258789 8.18000030517578 8.22999954223633 8.59000015258789 8.68000030517578 8.61999988555908 8.63000011444092 8.59000015258789
