SnowAccumulation_R/test/tmax/final_tmax_06_04_2009.asc
NCOLS 97 
NROWS 69 
XLLCORNER 52512.810182332 
YLLCORNER 5316225.2758522 
CELLSIZE 10000 
NODATA_value -9999 
[rows 42 to 62 of 69, columns 0 to 46 of 97]
-9999 -9999 14.6899995803833 8.72999954223633 6.13000011444092 6.40999881569468 5.28000020980835 7.15999984741211 8.00000019600061 12.3299999237061 9.09000015258789 13.0200004008413 12.1199998855591 8.60000038146973 8.64999961853027 5.26000022888184 9.82999992370605 4.78000022762292 12.3100003967519 12.8599996536958 12.9799995422363 12.8699998855591 13.6400003433228 13.8100004192656 14.3800001129542 14.8999996185303 15.8299999237061 16.2099990844727 16.3600006103516 17.2600002288818 17.25 17.2199993133545 17.2299995422363 17.3500003814697 17.0200004577637 17.0200004577637 17.0699996948242 17.0699996948242 17 17.0100002288818 16.8799991607666 16.8099994659424 16.7900009155273 16.7600002288818 16.6100006103516 16.4599990844727 16.4500007629395
-9999 -9999 11.9099998474121 7.90000009536743 8.10000038146973 5.76000022888184 7.37999987440731 6.75 11.6199998855591 9.26000022888184 12.5299997329712 9.85000038146973 7.32999992370605 6.21999979019165 9.35000038146973 6.92000007629395 10.5900001525879 6.86000013351441 12.3900003433228 13.1300001144409 14.0900001525879 13.4799995422363 13.8900003433228 14.1599998474121 14.6000003814697 15.4399995803833 16.2199993133545 16.9599990844727 16.9599990844727 17.3899993896484 17.3600006103516 17.4099998474121 17.4599990844727 17.4400005340576 17.4699993133545 17.2700004577637 17.1599998474121 17.2099990844727 17.0799999237061 17.0900001525879 17.0400009155273 16.9099998474121 16.8999996185303 16.7700004577637 16.6499996185303 16.5200004577637 16.5200004577637
-9999 -9999 14.9099998474121 9.32999992370605 8.48999977111816 5.26999998092651 8.28999996185303 6.96999858341453 13.1000003814697 12.539999961853 15.6300001144409 12.7399997711182 10.6800003051758 9.60000038146973 6.32000017166138 7.57999992370605 10.5100002288818 8.3100004196167 12.6999998092651 13.0799999237061 13.6099996566772 13.5699996948242 13.9799995422363 14.1800003051758 14.1199998855591 15.2600002288818 16.1200008392334 17.4300003040118 17.4300003051758 17.8299999237061 17.6200008392334 17.5799999237061 17.5499992370605 17.5300006866455 17.3700008392334 17.2700004577637 17.1900005340576 17.2000007629395 17.0699996948242 17.0599994659424 16.9099998474121 16.8600006103516 16.8600006103516 16.8500003814697 16.75 16.6700000762939 16.7099990844727
-9999 -9999 15.1899995803833 9.68999886676808 6.98999977111816 6.5 6.19000004476964 7.30000019073486 7.9700003025949 9.48999985153357 15.7299995422363 12.1099996566772 9.99999999372468 6.26999998092651 4.94999980926514 8.59000015258789 10.4399995803833 9.67000007629394 12.7200002670288 12.9499998092651 13.4799995422363 13.6199998855591 14.4799995422363 15.0100002288818 15.1499996185303 15.710000038147 16.5400009155273 17.5400009154521 17.6200008391585 17.9500007629395 17.8799991607666 17.8999996185303 17.7800006866455 17.6700000762939 17.5599994659424 17.2399997711182 17.1100006103516 17.1100006103516 17.1200008392334 17.0300006866455 16.8899993896484 16.8099994659424 16.7800006866455 16.6900005340576 16.7199993133545 16.7199993133545 16.8400001525879
-9999 -9999 15.5699996948242 7.53000020980835 8.40999984741211 9.43000030517578 8.46000003814697 7.07999992370605 6.5 12.6600003047324 15.8199996948242 11.789999961853 9.03999996185303 6.46000003814697 7.05999994277954 6.94000005722046 9.63000011444092 7.98999977111816 7.01999998092651 13.4700002670288 13.9499998092651 14.2700004577637 15.0699996948242 15.5600004196167 16.7499999975206 16.75 17.5599994665037 17.6399993896484 17.9699993133545 18.0400009155273 18.0400009155273 18.1100006103516 17.9599990844727 17.8199996948242 17.6700000762939 17.4899997711182 17.1599998474121 17.1499996185303 17.1299991607666 17.0900001525879 16.8799991607666 16.75 16.6299991607666 16.6200008392334 16.5200004577637 16.6200008392334 16.9899997711182
-9999 -9999 16.1000003814697 8.15999984741211 10.2299995422363 9.77000045776367 9.60999965667725 6.51999998092651 8.28999996185303 14.4499998092651 16.4599991246186 12.6599998474121 8.35000038146973 6.78000020980835 8.0600004196167 7.32000017166138 9.60999965667725 10.0799999237061 13.3100001538685 13.2700004577637 13.4200000762939 14.3299999237061 14.6899995803833 15.3100004196167 16.6100006075935 16.9300003044951 17.4200000762939 17.7399997711182 17.8799991607666 17.9099998474121 18.1200008392334 18.4899997711182 18.1800003051758 17.9099998474121 17.75 17.6299991607666 17.3199996948242 17.2299995422363 17.1700000762939 17.1299991607666 16.8700008392334 16.5400009155273 16.5400009155273 16.5400009155273 16.3999996185303 16.1900005340576 16.5599994659424
-9999 12.5100002288818 16.2999992370605 11.5200004577637 9.05000000866323 10.4399995803833 7.82000017166138 7.51000044449344 11.210000038147 15.6999998092651 16.7000007742953 12.390000675102 7.13000011444092 8.60999965667725 9.67000007629394 7.96999979019165 9.92000007629395 9.61999988555908 7.73999977111816 13.2399997711182 13.5500001907349 14.3199996948242 14.8999996185303 15.1599998474121 15.4099998474121 16.1000003814697 16.8899993896484 17.3400001525879 17.6100006103516 17.8600006103516 18.0799999236087 18.4599990844727 18.1399993897201 17.9599990844727 17.7999992370605 17.6499996185303 17.4099998474121 17.2600002288818 17.1499996185303 17.1100006103516 16.8500003814697 16.5699996948242 16.5200004577637 16.5300006866455 16.4899997711182 16.3099994659424 16.3899993896484
-9999 15.0900001525879 16.3899993896484 9.8100004196167 10.3500003814697 8.98999977111816 12.2600002288818 12.3500003814697 13.5600004196167 16.1900005340576 17.1900005340576 17.1100006103516 7.63999990425158 12.1499996172697 12.1199998855591 9.85000038146973 9.63000041482193 11.460000038147 9.10000038146973 13.7499999995166 13.75 14.1899995803833 14.7399997711182 15 15.3400001525879 15.9099998474121 16.3899993896484 16.9300003051758 17.5400009155273 17.7299995422158 17.75 17.6800003051758 17.7399997711182 17.8400001525879 17.7399997711182 17.4300003051758 17.3600006103516 17.2299995422363 17.1200008392334 17.0400009155273 16.8299999237061 16.8500003814697 16.6000003814697 16.5200004577637 16.3299999237061 16.3400001525879 16.2900009155273
-9999 8.97000026702881 13.3000013066745 10.8699998855591 7.25 8.71000003814697 8.81999969482422 9.32999992370605 11 14.2299995422363 15.9399995803833 16.7999992370605 13.9200000762939 12.5799999237061 12.1400003433228 9.65999984741211 10.4300003051758 11.6400003433228 10.5299997329712 13.7399997711182 13.8000001907349 14.1499996185303 14.6400003433228 14.9499998092651 15.4300003051758 15.960000038147 16.1200008392334 16.6299991604745 16.6299991607666 17.3999996184274 17.5499992370605 17.5599994659424 17.6000003814697 17.75 17.3700008392334 17.3400001525879 17.2299995422363 17.1599998474121 17.0699996948242 17.0100002288818 16.7900009155273 16.7199993133545 16.3500003814697 16.1800003051758 16.2000007629395 16.2299995422363 16.1900005340576
-9999 10.9999990506427 17.4300003051758 11.6300001144409 7.88000011444092 10.3900003433228 10.539999961853 9.57999992370605 9.06000059823687 14.8199996948242 14.3699998855591 12.8100004196167 16.7999992370605 13.2299995422363 10.5600004196167 13.1499996948422 9.28999996185303 10.5900001525879 7.71999979019165 13.6599998474121 13.739999762157 13.7600002288818 14.0500001907349 14.539999961853 15.3999996170571 15.3999996185303 15.6700000760931 16.0300006866455 16.5200004573003 16.3700008392334 17.1599998474121 17.3299999237061 17.5200004577637 17.2299995422363 17.2800006866455 17.1700000762939 16.9899997711182 17.0100002288818 17 16.7800006866455 16.7399997711182 16.6000003814697 16.2800006866455 16.0599994659424 15.8199996948242 15.9899997711182 16.0400009155273
-9999 10.0699996948242 17 15.1300001144409 9.3100004196167 12.3800001144409 10.6599998474121 10.1499996185303 11.0600004196167 13.9499998092651 10.2299995422363 12.3100004196167 14.5699996948242 17.1299991607666 15.6199998855591 12.4799995422363 9.31000043422727 9.59000015258789 7.94999980926514 11.3000001907349 13.5299997099346 13.289999961853 13.8800001144409 14.0799999237061 14.2700004577637 14.3100004196167 14.7299995422363 14.75 15.6999998092651 15.8999996185303 16.6200008391115 17.0799999235518 17.0200004577637 16.5599994659424 16.5499992370623 16.9699993133545 16.6599998474121 16.8799991607666 16.8600006103516 16.7700004577637 16.5900001525879 16.5499992370605 16.2999992370605 16.0400009155273 15.8699998855591 15.8500003814697 15.8500003814697
-9999 10.5100002288818 9.76000022888184 17.6199998385671 10 13.6400003433228 12.3400001525879 10.3800001144409 11.9200000762939 13.3999996185303 11.0299997329712 13 14.1800003051758 17.0100002288818 15.1800003140813 13.289999961853 10.6300001144409 9.98999977111816 9.52999973297119 9.53999996185303 13.3699998855591 13.3699998855591 13.5699996829623 13.6899995803833 13.2799997329712 13.2799997329712 13.4499998092651 13.6199998855591 14.6899995803833 15.0500001907349 15.7499999999366 16 15.3500003814697 15.8500003814697 16.0699996948069 16.2099990844727 16.3299999237061 16.4999999999983 16.6599998474121 16.5400009155273 16.4200000762939 16.3400001525879 15.9899997711182 16.0599994659424 15.9399995803833 15.8000001907349 15.6300001144409
-9999 10.789999961853 12.7799997329712 17.3799991607666 15.1099996566772 13.5200004577637 13 11.9200000762939 12.9200000762939 13.4099998474121 10.6700000762939 12.7399997711182 14.2200002670288 16.2999992370605 15.9700002670288 11.2399997711182 10 8.23999977111816 9.10999965667725 8.23999985883836 9.35000038106057 13.3699997500043 13.0200004577637 12.9899997711182 12.9200000762939 12.9499998092651 13.2200002670288 13.3400001525879 13.5 14.6999998089134 15.3100004196167 15.4700002670288 13.460000038147 14.0600004196167 15.25 15.7399997711182 16.0699996948242 16.440000534055 16.5200004577637 16.4699993133545 16.25 16 15.8900003433228 15.8699998855591 15.8900003433228 15.8299999237061 15.7200002670288
-9999 11.2700006222058 12.2600002288818 14.5500001907349 18.1000003814697 13.4799995422363 15.1199998855591 13.2700004577637 12.1499996185303 11.4099998474121 11.6899995803833 12.4300003051758 12.8299999237061 15.8199996948242 16.7199993133545 11.0600004196167 10.7299995422363 8.75 9.85000038146973 11.75 9 8.56000042837932 7.53000020980835 11.6800003004805 12.4300003051758 12.460000038147 12.6199998855591 13.0200004577637 13.2399997711277 13.8599996566772 14.2700004577637 14.5900001525879 13.25 13.6899995803833 13.8900003433228 14.539999961853 15.7799997329712 16.2299995422333 16.4400005340576 16.4300003051758 16.3299999237061 15.8599996566772 15.9899997711182 15.960000038147 15.8999996185303 15.7200002670288 15.5500001907349
-9999 9.6875 10.25 10.25 14.1400005026006 12.0024995803833 14.8199996948242 13.5100002288818 13.3699998855591 12.8500003814697 13.4200000762939 11.3599996566772 10.6700000774217 14.7399997711182 16.8299999237061 13.7700004577637 9.98999977111816 8.53999996185303 9.93000030517578 12.8900003433228 8.76000022888183 7.8600001335144 7.73000001657931 11.3699998855591 12.0799999237061 12.0799999237061 11.8800001144409 12.5200004577637 12.8299999237061 12.7200002670288 12.8100004196167 12.9700002670288 13.6400003433228 13.9200000762939 14.6199998855591 14.75 15.4200000762939 15.8100004196167 16.1399993896484 16.3600006103516 16.2600002288819 16.2399997711182 16.0499992370605 15.8999996185301 15.7299995422363 15.5900001525879 15.4399995803833
-9999 10.5550003051758 9.96749973297119 9.46250057220459 12.1824998855591 15.7849998474121 10.5974998474121 12.2799996025624 9.07499980926513 12.0749998092651 12.0974998474121 11.7624998092651 8.35499954223633 11.7325000762939 16.4624996185303 9.55749993728125 7.94000005722046 9.1225004196167 8.125 10.9125003814697 8.67249965667725 5.55499982833862 5.07749986648559 7.75750017166138 8.61999983728689 10.1700000762939 11.1499996185303 12.7799997329712 12.8000001907349 12.5699996948242 11.9899997711182 11.960000038147 12.4700002670288 13.5900001525879 13.710000038147 13.5799999237061 15.0600004196167 15.5699996948242 15.5900001525879 15.8599996566772 15.3900003433231 15.5799999237061 15.1999998092651 15.1300001144409 14.9799995422363 15 15.1199998855591
-9999 14.0550003051758 12.2899991314288 7.79500007629395 9.81999969482422 15.3675003051758 12.4875001907349 11.0150003433228 9.30749988555908 12.2425003051758 13.0000000067453 11.3575000762939 9.71000003814697 10.7550001144409 15.8575000762939 14.3149995803833 11.3074998855591 9.94750022888184 7.999999999469 9.08250045776367 9.45499992370605 6.5774998664856 6.05000019073486 6.86499977111816 5.69750022888184 4.02250003814697 8.9125003790871 9.99250030236007 10.1175003051758 10.0024995803487 9.78750038146973 10.1424999237061 10.4324998855591 10.4975004196167 9.93249988555908 10.0950002670288 10.7624998092651 11.2150001525879 11.3900003433228 10.9700002670288 8.51500034332604 9.55749988555908 9.92749977111817 9.55749988555864 9.09000015258789 8.60499954223633 8.71249961853028
-9999 13.4575004577637 10.1899995803833 7.94750022888184 9.5625 15.3050003484152 15.2025003433228 13.7624998092651 10.6625003814697 13.0550003051758 13.7124996185303 10.3999996185303 10.2650003433228 13.1424999237061 13.625 15.710000038147 15.1000003814697 7.93499994277954 6.31750011444092 7.59749984741211 10.1800003051758 8.99750040853791 6.59000015258789 7.44999980926514 6.72749996185303 6.14249992370605 7.86499977111816 8.82250022888184 8.63249969482422 9.18750000029087 9.68249988555908 10.1199998855591 10.2049999237061 10.0474996566772 10.0950002670288 10.125 10.0900001525879 11.1350002288818 11.3249998092651 10.5699996948242 8.04750061035221 8.65499973297119 8.73250007629395 8.58250045776367 7.68249988555908 8.53750038146973 8.6274995803833
13.5325002670288 14.1000003814697 8.71249961853027 7.63000011444092 11.125 15.4049997329712 13.0574998855591 15.5775003433228 14.1549997329712 12.5550003051758 12.1324995923585 10.0600004196167 11.9750003814697 10.8924999478567 10.3500003814697 13.6800003051758 15.0500001907349 9.31999969482422 7.16750001907349 7.25250005722046 8.89999961853027 10.1724996566772 9.82499980926514 7.49249982833862 9.30749988555908 4.63250017166138 8.05000019073486 7.9225001335144 8.41749954223633 9.24749946594238 9.97999954223633 9.97500038146973 10.1400003432242 10.2299995422363 10.2174997329712 9.93249988555908 9.67749977111816 10.9849996566772 11.2375001907349 10.4250001907349 9.24250030517613 9.00500011444092 8.1850004196167 8.16250038146973 8.36250019073486 8.58250045776367 8.61999988555908
13.9274997711182 14.4475002288818 8.98750019073486 9.97500038146988 13.522500038147 12.4274997711182 10.1850004196167 12.4200000762939 13.7399997711182 10.3050003051758 11.9099998474121 11.8200000205939 10.6350002288818 10.6925001144409 9.88000011444092 12.397500038147 11.7449999001578 12.1599998474121 9.27999973297119 6.93249988555908 8.53749942779541 10.7924995422363 10.8249998092651 9.91250038146973 5.32999993122295 6.93249988555908 6.40749979019165 5.75750017166138 8.03749942779541 10.0900001525879 10.4475002288818 10.4849996566772 10.1824998855912 10.0100002288818 9.59000015258789 10.124999999959 10.7124996185202 11.5500001907406 11.3924999237061 10.7399997711182 9.82250022888184 9.51500034332275 8.85750007629395 8.85999965667725 9.1875 8.81750011444092 8.83250045776367
13.6424999237061 14.3000001907349 9.60000038146973 13.0474996566772 14.164999961853 11.9975004196167 10.4125003814697 9.57999992370606 15.3549995422363 13.0349998474121 14.1575002670288 15.0625 11.5074998595568 14.6975002288818 11.6300001144409 11.9025001525879 9.98499965667725 9.36750030517578 10.75 10.1824998855591 7.89750003814697 9.67749977111816 8.81750011444092 10.6700000762939 6.34499979019165 6.15000009536743 5.71500015258789 5.58500003814697 8.74749946594238 10.0474996566772 10.3374996185303 10.1850004196167 10.0349998474121 9.97500038146973 9.78250026702881 9.95499992370605 10.7449998855591 11.8225002288818 11.7950000762939 11.3225002288818 10.960000038147 10.8675003051758 9.35000038147152 9.19250011444085 8.96500015258789 8.5424995422364 8.78749942779513
