SnowAccumulation_R/test/tmax/final_tmax_10_04_2009.asc
NCOLS 97 
NROWS 69 
XLLCORNER 52512.810182332 
YLLCORNER 5316225.2758522 
CELLSIZE 10000 
NODATA_value -9999 
[rows 0 to 20 of 69, columns 0 to 46 of 97]
-9999.000000000000000 -9999 -9999 -9999 -9999 -9999 -9999 -9999 -9999 -9999 -9999 -9999 -9999 -9999 -9999 -9999 -9999 -9999 -9999 -9999 -9999 -9999 -9999 -9999 -9999 -9999 -9999 -9999 -9999 -9999 -9999 -9999 -9999 -9999 -9999 -9999 -9999 -9999 -9999 -9999 -9999 -9999 -9999 -9999 -9999 -9999 -9999
-9999 -9999 -9999 -9999 -9999 12.6599998474121 11.6400003433228 11.2700004577637 10.7399997711182 11.0100002288818 10.6499996185303 10.6199998855591 10.7700005104398 11.2299995422363 11.0200004577637 11.2799997329712 12.0799999237061 12.6700000762939 12.8900003445688 -9999 -9999 -9999 -9999 -9999 -9999 -9999 -9999 -9999 -9999 -9999 -9999 -9999 -9999 -9999 -9999 -9999 -9999 -9999 -9999 -9999 -9999 -9999 -9999 -9999 -9999 -9999 -9999
-9999 -9999 -9999 -9999 -9999 11.3100004196167 10.9499998092651 11.0200004577637 11.1300001144409 11.4099998474121 11.210000038147 11.5299997329712 11.710000038147 11.5600004070682 11.2799997329712 11.8599996566772 12.3999996185303 12.8500003814697 13.289999961853 13.2500000094688 13.4200000762939 13.5600004196167 13.25 12.539999961853 12.039999961853 11.0299997329712 10.9700002670288 11.2600002288818 11.4200000762939 11.3999996185303 11.3400001525879 11.1999998092651 10.9899997711182 10.8599996566772 10.4700002670288 9.92000007629395 9.63000011444092 9.69999980926514 9.77999973297119 9.77000045776367 9.63000011444092 9.52000045776368 9.48999977111816 9.28999996185303 9.10999965667725 8.86999988555908 8.60000038146973
-9999 -9999 -9999 -9999 -9999 12.1800003051758 12.3800001144409 11.8299999237061 11.7299995790763 12.039999961853 11.8999996185303 11.6800003051758 11.960000038147 11.6700000762939 11.5900001525879 11.8800001144409 12.289999961853 12.75 13.4200000762939 13.4200000762734 13.3699998855591 13.2600002288818 13 12.4300003051758 11.6599998480766 11.3500003814697 11.2200002670288 11.4300003051758 11.5500001907349 11.6700000762939 11.6700000762939 11.7700004577637 11.7799997329712 11.5200004577637 10.9399995803833 10.2399997711182 9.94999980926514 9.92000007629395 9.93000030517578 9.97000026702881 9.97000026702881 9.96000003814701 9.89999961853027 9.84000015258789 9.73999977111816 9.52999973297119 9.32999992370606
-9999 -9999 -9999 -9999 -9999 12.8400001525879 12.8100004196167 12.4200003307518 12.2399997711182 12.2100000546756 12.3500003814697 12.2799997329712 12.210000038147 12.210000038147 12.2299995429951 12.3299999237061 12.3699998855591 12.789999961853 13.7200002670288 13.6700000762939 13.6000003814697 13.4700002670288 12.909999858811 12.5500001907349 12.1099996566772 11.9700002670288 11.7799997329712 11.8400001525879 11.9300003051758 11.960000038147 12.0900001525305 12.3599996566772 12.789999961853 12.3199996948242 11.5600004196167 10.8500003814697 10.5900001525879 10.3699998855591 10.210000038147 10.2700004577637 10.4099998474121 10.4399995803833 10.4700002670288 10.5699996948242 10.3800001144409 9.88000011444092 9.60999965667725
-9999 -9999 -9999 -9999 -9999 13.3199996948242 13.3100004196167 13.1999998092651 12.4500002131886 12.6999998092651 12.4899997711182 12.4399995803833 12.4200000762939 12.4399995803833 12.5100002288818 12.5900001525879 12.6899995803833 13.1400003433228 14.1899995803833 14.0699996948242 13.9200000762939 13.5900001525879 13.3199996948242 13.1000003814697 12.5900001525879 12.5200004577637 12.4899997711182 12.4099998474121 12.3999996185303 12.4700002670288 12.4700002670288 13.0500001907349 14.1899995803833 13 12.0699996948242 11.4099998474121 10.9300003051822 10.7799997329712 10.5799999237061 10.539999961853 10.5600004196167 10.75 10.8999996185303 11.1099996566772 10.9099998474121 10.3900003433228 10.039999961853
-9999 -9999 -9999 -9999 -9999 13.460000038147 13.4700002670288 13.6800003051758 13.4200000762939 12.8100005848753 12.6300001144409 12.5900001525879 12.539999961853 12.5500001907349 12.5500001907349 12.5500001907349 12.5500001907349 12.6300001144409 14.0900001525879 14.0299997329712 14.0299997330045 13.9499998092651 13.7200002670288 13.539999961853 13.4700002670288 13.0500001995849 13.1199998855591 13.0799999237061 13.0500001907349 13.1800003051758 13.1899995803833 13.4700002670288 13.8900003433228 12.9799995422363 12.3299999237061 11.8800001144409 11.3699998855676 11.1199998855591 10.8800001144409 10.7600002288818 10.7600002288818 11.3500003814697 11.5 11.6300001144409 11.3000001907349 10.8599996566772 10.3900003433228
-9999 -9999 -9999 -9999 -9999 13.6400003433228 13.7799997504884 13.8900003433228 13.5200004577637 13.0600004196167 12.9300004575137 12.8000001765723 12.5699996948242 12.4799995422363 12.6499996185303 12.7600002288818 12.9099998472786 13.1099996566772 13.6899995803833 14.0100002288818 14.0299997329712 14.0799999237061 14.1000003814697 13.8299999237061 13.7799997329712 14.0299997329712 14.1300001144409 13.6800003095417 13.6899995803833 13.3900003433228 13.3299999237061 13.3199996948305 13.1599998474121 12.4899997711182 12.3900003433228 12.1599998474121 11.6300001144515 11.289999961853 11.1000003814697 11.0900001525879 11.2399997711182 11.6800003051758 11.9700002670288 12.0600004196167 11.5699996948242 11.2200002670288 10.7600002288818
-9999 -9999 -9999 -9999 -9999 13.6499996185303 13.75 14.0100002288818 13.5799999237061 13.4200000762939 13.3800001144409 13.0500002871592 13 12.8999996185303 12.8900003433228 13.0799999237061 13.2700004577637 13.5299997329712 13.7600002288818 14.25 14.3699998855591 14.3699998854963 14.4099998474121 14.0500001907349 14.0299997329712 14.210000038147 14.3999996184907 14.2299995422363 13.8400001525879 13.4200000762161 13.2399997711182 13.0799999237061 12.9099998474121 12.6199998855591 12.4799995422363 12.210000038147 11.7799997329712 11.5699996948242 11.3800001144409 11.5 11.6499996185303 11.8400001525879 12.039999961853 12.1300001144409 11.8699998855591 11.4799995422363 11.1000003814697
-9999 -9999 -9999 -9999 -9999 13.3500003814697 13.6000003814697 13.8299999237061 13.6499996185303 13.3999996185303 13.4399995803833 13.4399995803833 13.2900000589366 13.3500003814697 13.2799997329712 13.2799997329712 13.6899995803833 13.7499999999357 14.0299997329712 14.3699998855591 14.6199998855591 14.4700002670288 14.3500003814697 14.1899995803833 14.0799999237061 13.9200000762939 14.0100002288818 14.0600004196167 13.8599996566772 13.4399995803833 13.1199998855591 12.9899997711845 12.8999996185718 12.789999961853 12.6400003433228 12.3199996948242 11.9799995422363 11.8400001525879 11.6700000762939 11.7399997711182 11.9099998474121 12.1000003814697 12.1700000762941 12.3400001525879 12.1700000762939 11.8400001525879 11.3900003433228
-9999 -9999 -9999 -9999 -9999 12.0100002288818 13.3999996185303 13.4499998092651 13.3900003270347 13.3500003814697 13.3999996185303 13.6400003433228 13.9799995422363 13.6599999627198 13.6499996185303 13.5699996948242 13.9200000762939 13.9300003051758 14.25 14.3800001144409 14.5900001525879 14.6000003814697 14.3800001147289 14.1999998092651 13.8800001144409 13.5299997329712 13.8599996566772 13.9399995803833 13.7600002288818 13.539999961853 13.289999961853 13.1499996185303 13.0699996948242 13.039999961853 12.7799997330066 12.460000038176 12.1800003051758 12.0900001525879 11.9300003051758 11.7799997329712 12.0799999237061 12.2799997329712 12.3100004196167 12.3699998855591 12.2700004577637 12.0699996948242 11.7200002670288
-9999 -9999 -9999 -9999 11.039999961853 11.1400003433228 12.1800003051758 12.9799995422363 12.9499998092651 12.9399995803833 13.1000003814697 13.3299999237061 14.0600004196167 14.1800003051758 13.949999850368 13.9499998092651 14.0100002288818 14.1499996185303 14.4099998469163 14.3100004196167 14.5200004577637 14.4799995422363 14.1099996566772 14.039999961853 13.9200000762939 13.7700004577637 13.8900003433228 13.949999809276 13.8999996185303 13.7700004577637 13.5799999237061 13.4499998092651 13.310000419636 13.2399997711182 13.0299997329712 12.8400001525879 12.6700000762939 12.6700000762939 12.2700004577729 12.220000267033 12.3800001144424 12.4499998092663 12.4200000762946 12.4399995803839 12.4300003051758 12.3800001144409 12.1599998474134
-9999 -9999 -9999 -9999 10.0900001525879 10.8599996566772 11.9200000762939 12.6800003051758 12.4399995803833 12.700000043174 13.4300003051758 13.8699998855591 14.3500003814697 14.4499998092651 14.2600002288818 13.6899996411769 14.3000001907349 14.3599996566772 14.0600004196167 14.1199998855591 14.0900001525879 14.2200002670288 14.0200004577637 14.0100002288818 14.0500001907349 14.0200004577637 14.1599998474121 14.1700000762939 14.1700000762939 14.1499996185303 13.8900003433228 13.6899995803833 13.6099996566902 13.460000038147 13.3299999237061 13.1300001144409 13.0200004577637 12.9899997711185 13.0299997329712 13.0600004196167 13.1099996566772 13.1499996185303 13.1599998474121 13.3100004196167 13.710000038147 13.6499996185303 13.3199996948242
-9999 -9999 -9999 -9999 9.88000011444092 10.8000001907349 11.6499996185303 12.3800001144409 13.1800003051758 13.5500001907349 13.4899997711182 14.0799999237061 14.5100002288818 14.3199996948242 14.2200002670288 14.2399997711182 14.1499996185303 14.0799999237061 13.8900003433228 13.9200000762939 13.9200000898638 13.9200000762939 14.4300003051758 14.5299997329712 14.289999961853 14.289999961853 14.4700002670288 14.4700002670288 14.4300003051758 14.3800001144409 14.210000038147 14.0600004196167 13.8900003433228 13.7700004577637 13.6400003433228 13.460000038147 13.3800001144409 13.3599996566772 13.4300003051758 13.4799995422363 13.5 13.6099996566772 13.6099996566773 13.8100004196167 14.3500003814697 14.25 13.8000001907349
-9999 -9999 -9999 -9999 9.00999638703907 11.3199996948242 10.7399997747427 10.9200000762939 12.3100004196167 13.6999998092651 13.8199996948242 13.960000038147 14.1300001144409 14.0600004196167 14 13.7700004577637 13.710000038147 13.3000001907349 13.5100002223166 13.8100004196167 14.1499996185303 14.4200000762939 14.4700002670288 14.6199998855591 14.6300001144409 14.8500003814697 14.8100004196167 14.6199998855591 14.6599998474375 14.5699996948242 14.3900003433228 14.2600002288818 14.1999998092651 14.1300001144409 13.9300003051758 13.7799997329712 13.7299995422363 13.7299995422362 13.789999961853 13.9899997711182 14 14.0900001525879 14.1000003814697 14.1599998474121 14.4499998092651 14.460000038147 14.3500003814697
-9999 -9999 -9999 -9999 6.42000007629395 10.8099998002272 10.2299995422363 10.8800001144409 11.7700004577637 12.6599998474121 13.3199996948242 13.1899995803833 13.7200002670288 13.6300001144409 13.6599998474121 13.5699996948242 13.4899997711182 13.3100004196167 13.1400003433228 13.3999996185303 13.6700000762939 14.1199998748275 14.2600002288818 15.029999732446 15.0299997329712 15.3100004196167 15.1000003814697 14.960000038147 14.8800001144409 14.8299999237061 14.5100002288818 14.3999996185303 14.1999998092651 14.2399997711182 14.1999998092651 14.0799999237061 14.0699996948242 14.1000003814697 14.1800003051758 14.4899997711182 14.6400003433228 14.5600004196167 14.4200000762939 14.460000038147 14.5299997329712 14.75 14.7299995422363
-9999 -9999 -9999 -9999 7.19999980926514 5.15000009536743 8.33000028701164 9.63000041382264 11.2700004577637 11.3699998855591 11.7600002288818 12.1700000762939 12.5900001525879 13.1700000762939 13.5799999237061 13.460000038147 13.5299997329712 13.3299999237061 13.1999998092651 13.4099998474121 13.5299997329712 13.8800001144409 14.7100000367506 15.1400003433228 15.2100000380031 15.460000038147 15.3699998855591 15.0600004196167 15 14.9399995803833 14.7700004577637 14.5900001525879 14.4300003051758 14.319999694827 14.4099998474121 14.3999996185303 14.3699998855591 14.4399995803833 14.5100002288818 14.6700000762939 14.7200002670288 14.8199996948242 14.9200000762939 14.8900003433228 14.8900003433228 15.1199998855591 15.1800003051758
-9999 -9999 -9999 -9999 5.80000019073486 6.34999990463257 5.73999977111816 8.49000059816387 11.1700000762939 11.0900001525879 10.7700004577637 11.3100004196167 11.6999998516266 13.0699996948242 13.4399995803833 13.460000038147 13.2899999608391 13.0100002288818 12.8299999237061 13.1599998474121 13.5200004577637 13.880000113495 14.6599998433902 14.9099998474121 15.1499996185303 15.25 15.5799999237061 15.210000038147 15.1499996185303 15.1000003814697 14.8199996948242 14.7600002288818 14.6899995803833 14.6899995803833 14.5900001525879 14.7799997329712 14.6899995803833 14.710000038147 14.7299995422363 14.8800001144409 14.960000038147 14.9200000762939 15.2200002670287 15.0500001907349 15.1800003051758 15.3599996566772 15.6099996566772
-9999 -9999 -9999 -9999 5.55999877792792 4.71999979019165 5.15999984741211 9.90999984741211 10.0200004577637 11.9300003051758 10.8999996185303 11.7200002670288 12.5699996948242 12.960000038147 12.8800001144409 13.5500001907349 13.1099996566772 12.7200002652506 12.7700004576309 13.4099998474121 13.6300001139182 13.9099998474121 14.539999961853 14.789999961853 15.0799999237061 15.1999998092651 15.3400001525879 15.2399997711182 15.1400003433228 15.039999961853 15 14.8699998855591 14.8599996566772 14.9700002670288 14.7700004577637 15.1300001144409 15.0100002288818 14.9300003051758 14.9499998092651 15.0799999237061 15.0200004577637 15.0500001907349 15.460000038147 15.2299995422363 15.4799995422363 15.710000038147 15.9499998092651
-9999 -9999 -9999 -9999 4.57999992370605 3.89000010490417 5.03999996185303 6.67999982833862 14.2200002670288 12.9099998474121 11.4799995422363 11.4200000762939 11.5699996948242 12.4399995803833 13.4300003051758 13.3900003433228 13.1899995803833 12.2299995422363 12.7600002288818 13.3599996566772 13.7299995422363 13.8999996185303 14.4200000762939 14.7200002665322 15.0799999237061 15.4099998474121 15.2299995422363 15.0299997329712 15.1700000762939 15.1199998855591 15.1400003433228 15.1199998855591 15.0299997329712 15.0900001525879 14.7200002670288 15.0600004196167 15.0600004196167 15.039999961853 15.1300001144409 15.2700004577637 15.2399997711182 15.3500003814697 15.6000003814697 15.5100002288818 15.6599998474121 16.0200004577637 16.1499996185303
-9999 -9999 -9999 -9999 3.96000003814697 5.82000017166138 6.17000007629395 13.710000038147 9.02000045776367 9.10000038146973 10.6199998855591 10.8000001907349 11.5100002288818 12.9899997711182 12.6700000762939 12.9300003051758 13.1700000762939 12.6599998474121 13.0900001525879 13.3299999237061 13.7700004577637 13.6999998092651 14.0900001525879 14.6999998104915 14.8900003433228 15.1199998855591 15.2799997329712 15.2399997711182 15.2799997329712 15.1899995803833 15.1899995803833 15.1700000762939 15.0600004196167 14.460000038147 14.5600004196167 14.789999961853 14.960000038147 15.0699996948242 15.1899995803833 15.5100002288818 15.6599998474121 15.7799997329712 15.6700000762939 15.7200002670288 15.8000001907349 16.2399997711182 16.4300003051758
