SnowAccumulation_R/test/tmax/final_tmax_27_04_2009.asc
NCOLS 97 
NROWS 69 
XLLCORNER 52512.810182332 
YLLCORNER 5316225.2758522 
CELLSIZE 10000 
NODATA_value -9999 
[rows 42 to 62 of 69, columns 46 to 91 of 97]
5.09999990463257 5.13000011444092 5.23000001907349 5.23000001907349 5.42999982833862 5.51000022888184 5.53000020980835 5.48999977111816 5.6399998664856 5.78999996185303 5.94999980926514 5.80999994277954 5.78999996185303 5.78000020980835 5.88000011444092 5.88000011444092 5.92999982851007 5.98999977111816 6.07999992370605 6.15999984676177 6.21000003814697 5.98000001907349 6.40000007491913 6.1100001335144 6.57000017166138 6.55000019073486 6.73000001907349 7.1399998664856 7.44000005722046 7.61999988555908 7.94999980926514 7.88000011444092 7.8899998664856 8.11999988555908 8.14000034332275 8.14000034332275 8.88000011444092 9.35999965667725 9.35000038146972 9.5 9.48999977111816 9.4399995803833 9.26000022888184 9.14999961853027 9.28999996185303 9.57999992370605
5.19000005722046 5.21000003814697 5.23000001907349 5.19999980926514 5.25 5.25 5.6399998664856 5.53999996185303 5.44000005722046 5.42999982833862 5.51000022888184 5.57000017166138 5.55999994277954 5.57000017166138 5.61000013351441 5.65999984741211 5.6100001335144 5.88000011444092 5.84999990463257 5.92999982830949 5.78000019894924 5.5 5.40999984817868 5.76999998092651 6.03999996185303 6.61999988555908 6.76999998092651 7.07999992370605 7.34000015258789 7.46000003814697 7.8600001335144 8.02000045776367 8.02000045776367 8.21000003814697 8.35000038146973 8.39000034332276 8.27999973297119 8.89000034332275 8.93000030517578 9.39999961853027 9.52999973297119 9.53999996185303 9.48999977111817 9.4399995803833 9.52999973297119 9.77999973297119
5.30000019073486 5.34999990463257 5.25 5.17000007629394 4.98999977111816 4.96999979019165 5.46999979019165 5.46999979019165 5.42000007629395 5.40000009536743 5.40000009536743 5.3600001335144 5.28999996185303 5.28000020980835 5.28999996185303 5.26000022888184 5.26999998092651 5.55000019073486 5.51999998092651 5.46000002926122 5.23000001907349 5.03999996185303 5.07999992370605 5.30000019073486 6.03999996185303 6.26000022888184 6.76999998092651 7.25 7.38000011458771 7.44999980926514 7.76999998092651 7.90999984741211 8.21000003814697 8.39000034332275 8.47999954223633 8.63000011444092 8.68999955223493 8.5600004196167 8.53999996185303 9.26000022888184 9.53999984132763 9.64999961853027 9.72000026702881 9.77000044154289 9.81999969482422 10.0200004577637
5.55000019073486 5.44999980926514 5.23000001907349 5.07000017166138 4.84000015258789 4.80999994277954 5.51000022888184 5.40000009536743 5.26999998092651 5.11000013351441 4.98000001907349 5.05999994277954 4.96999979019165 4.94999980926514 4.94000005722046 4.96999979019165 4.98000001655142 4.96999978404269 4.78999996185303 4.94999980926514 4.90999984741211 4.92000007629395 5 5.3899998664856 5.73000001907349 5.98000001907349 6.32000017166138 7.21999979019165 7.40999984741211 7.65000009536743 7.88000011444092 7.98000001907349 7.94000005722046 8.23999977111816 8.46000003814697 8.52999974218205 8.68000030517578 8.64000034332275 8.73999977111816 8.8100004196167 8.75 9.64999961853027 9.80000019073486 9.89000034332275 10.1000003814697 10.2799997329712
5.73000001907349 5.51000022888184 5.19000005722046 4.8600001335144 4.59999990463257 4.3899998664856 5.44999980925946 5.07000017166138 4.92000007629394 4.80999994277954 4.6399998664856 4.63999986648559 4.73000001907349 4.76000022888184 4.44999980831444 3.74000000953674 3.82999992370605 4.28000020980835 4.55999994277954 4.65000009536743 4.71000003814697 4.8899998664856 5.05000019073486 5.57999992370606 6.3600001335144 6.51999998092651 6.71999979019165 7.23000001907349 7.32999992370605 7.59999990463257 7.82999992370605 7.90999984741211 7.82000017166138 8.19999980926514 8.3100004196167 8.42000007629394 8.85000038146973 8.85999965667725 8.73999977111816 8.89999961853027 9.15999984741211 9.47000026702881 9.96000003814697 9.97999954223633 10.1999998092651 10.5100000480097
5.23999977111816 5.28999996185303 5.19999980926514 4.90999984741211 4.63999986648559 4.28000020980835 5.19999980925545 4.63999986648559 4.59000015258789 4.5599999427531 4.32000017166138 4.3800001138757 4.44999980843418 3.51999998092651 2.96000003814697 3.16000008634392 3.89000010490417 3.98000001907349 4.17000007629395 4.32000017166138 4.51000022888184 5.11000013351441 5.34000015258789 5.90999984741211 6.53000020980835 6.6399998664856 6.92999982833862 7 7.07000017166138 7.53999996185303 7.86999988502736 7.92999982833862 7.96000003814697 8.07999992370606 8.25 8.5 8.67000007629395 8.9399995803833 9.1899995803833 9.26000022888184 9.36999988555908 9.55000019073486 9.64000034332275 10.1099996566772 10.3000001907349 10.430000528685
5 5.11999988555908 5.11999988555908 5.03999996185303 4.61999988555908 4.15999984741211 4.63999986647868 4.23999977111816 4.26000022882745 4.24999999982891 3.15000009536743 2.5 2.64000010485155 2.38000011444092 2.60999989509583 2.88000011501011 3.90000009536743 3.95000004768372 3.99000000980137 4.44999980926514 4.80000019073486 5.13000011597243 5.73000001907349 6.13000011444092 6.34999990533067 6.55999994277954 6.76999998092651 6.82000017166138 7.09999990463257 7.46000003814697 7.71000003814697 7.84999990463257 7.96000003814697 8.06999969482422 8.30000019073486 8.57999992370605 8.89999961853027 9.0600004196167 9.31999969482422 9.46000003814697 9.57999992370605 9.77999973297119 9.84000015258789 9.78999996185303 10.4700002846069 10.6499996185303
5 4.98999977111816 4.94000005722046 4.65000009536743 4.38000011444092 4.07999992370605 2.90000009536743 3.24000000953674 3.22000002861023 2.53999996185303 1.94000005722046 1.6599999666214 1.77999997138977 1.97000002861023 2.30999994277954 2.65000009536743 3.89000010490417 3.84999990463257 4.07000017166138 4.48000001907349 5.05999994277954 5.1100001335144 5.71999979019165 6.13000011444092 6.23000001907349 6.61999988555908 6.94000005722046 7.01000022888184 7.36999988555908 7.6399998664856 7.78000022318565 7.88000011444092 8.01000022888184 8.02999973297119 8.35999965667725 8.77000045776367 9.02999973297119 9.14999961853027 9.15999984741211 9.27999973297119 9.78999996185303 9.94999976589151 9.97999954223633 10.1099996566772 10.3299999237061 10.6700000762939
4.82999992370605 4.90000009536743 4.98000001907349 4.53999996185303 4.34000015258789 4.03999996185303 2.35999989509583 2.36999988555908 2.42000007629395 1.79999995231628 2.16000008583069 1.86000001430511 1.88999998569489 1.96000003814697 2.27999997138977 3.19000005722046 3.8199999332428 3.78999996185303 3.84999990463257 4.34000015258789 4.90999984741211 5.15000009536743 5.19999980926514 5.98000001907349 6.1100001335144 6.67000007629395 7.09999990463257 7.32999992370605 7.46000003814697 7.7800002238264 7.8899998664856 8.01000022888183 8.05000018979224 8.09000015258789 8.34000015258789 8.48999977111816 8.90999984741211 9.28999996185303 9.18000030517578 9.52000045776367 9.94999980926514 9.98999977111816 10.1400003433228 10.25 10.3800001144409 10.6800003051758
4.71999979019165 5.09000015258789 4.90999984741211 4.57999992370605 3.0699999332428 2.55999994277954 2.26999998092651 2.79999995231628 3.05999994277954 2.71000003814697 2.6800000667572 2.49000000953674 2.00999999046326 2.15000009536743 3.24000000953674 3.47000002861023 3.60999989509583 3.51999998092651 3.82999992370605 4.17999982833862 4.8899998664856 4.92000007629395 4.92000007629395 5.69000005722046 6.23000001907349 6.71000003814697 7.19000005722046 7.32000017166138 7.40999988652076 7.90000009533177 7.88999986648559 7.8899998664856 8.09000015258789 8.1899995803833 8.42000007629395 8.47000026702881 9.01000022888184 9.55000019073486 9.65999984741211 9.8100004196167 10.25 10.3000001907349 10.460000038147 10.4700002469345 10.5299997329712 10.6599998474121
4.67999982833862 5.13000011444092 3.75999999046326 4.07999992370605 4.11999988555908 3.89000010490417 3.57999992370605 3.65000009536743 3.69000005722046 3.54999995231629 3.24000000953674 2.95000004768372 2.77999997138977 2.35999989509583 3.47000002861023 3.78999996185303 3.6800000667572 3.73000001907349 4.15999984741211 4.55000019073486 4.80999994277954 4.92999982833862 5.40999984741211 5.5700001724558 6.11999988555908 6.71000003814697 6.94999980926514 7.34999990463257 7.84999990463257 7.92000007629395 7.86999988555908 7.67999982833862 7.86999988555908 8 8.05000019073487 8.27999973297119 8.4399995803833 9.09000009652084 9.60000038146973 10.1800003051758 10.3400001525879 10.4399997241872 10.3699998855591 10.4099998474121 10.6199998855591 10.6400003433228
5.11999988555908 5.13000011444092 4.59999990463257 4.48000001907349 4.69000005722046 4.61000013351441 4.44000005722046 4.23999977111816 4.15000009536743 4.1100001335144 3.76999998092651 3.47000002861023 3.24000000953674 2.69000005722046 3.59999990463257 4.01999998092651 4.19999980926514 4.23000001913101 4.59000015258789 5.01000022888184 5.15999984801728 5.46000003814697 5.88000011444092 6.05000019073486 5.86999988555908 6.38999988600636 6.65000009536743 7.34000015258789 7.57999992370605 7.57999992370605 7.34999990463257 7.19000005722046 7.3899998664856 7.5 8.18999956875697 8.34000015258789 8.78999996185303 8.65999984741211 9.5600004196167 10.2700004577637 10.4199996598925 10.3599996566772 10.8100004196167 10.7600002288818 10.7200002670288 10.840000102377
5.30000019073486 5.28000020980835 5.34999990463257 5.23999977111816 5.1100001335144 5.15999984741211 4.88000011444092 4.69999980926514 4.51999998092651 4.51999998092651 4.11999988555908 3.94000005722046 3.78999996185303 3.6800000667572 3.82999992393325 4.48000001907349 4.55000019073486 4.63000011467166 4.90000009536743 5.26000022888184 5.46000003814697 5.8600001335144 6.53999996185303 6.59000015258789 7.26000022888184 7.3899998664856 7.07999992370605 7.15000009536743 7.55999994277954 7.34999990463257 7.28000020980835 7.42000007629395 7.34999990463257 7.63000011444092 7.71000003814697 8.44999980926514 9.01000022888184 9.13000011444092 9.72999954223633 9.85999973738085 10.1400003433228 10.460000038147 10.7799996126158 11.0600004196167 11.0600004196167 11.1300001144409
5.19999980926514 5.46999979019165 5.63000011444092 5.80999994277954 5.73999977111816 5.55999994277954 5.51999998092651 5.21999979019165 4.8899998664856 4.96999979019165 4.48999977111816 3.88000011444092 4.13000011444092 4.6100001335144 4.76999998101596 5.03999996185303 5.32000017166138 5.40000009536743 5.53000020980835 5.88000011444092 6.03999996185303 6.23999977111816 7.11000014347508 7.65000009536743 8.07999992370605 7.82999992370605 7.32000017166138 8.06999969482422 8.02999973319611 8.13000011444092 7.88999986648559 7.96999979019165 7.92000007629395 7.69000005722046 7.96999979019165 8.31999969482422 9.09000015258789 9.39999961853027 10.0799999305649 10.5100002288818 10.460000038147 10.7600002288818 10.6999998092651 11.0500001907349 11.0200004577637 11.1599998474121
5.11999988555908 5.67999982833862 6.17999982833862 6.17999982833862 6.23000001907349 5.98999977111816 5.8899998664856 5.75 5.32000017166138 5.17999982833862 5.17999982833862 4.94999980923746 4.78999996185303 4.94000005722046 4.98999977111816 5.5 5.84000015258789 6.05999994277954 6.32999992370605 6.61999988555908 6.73000002942116 7.5 8.05000019073486 8.21000003814697 8.28999996185303 8.46000003790813 8.02000045776367 8.47999954223633 8.61999988555908 8.64000034332275 8.4399995803833 8.22000026702881 8.25 7.96999979330023 8.14999961853027 8.93000030517578 9.17000007629395 9.75999993557859 8.58749961853027 8.71000003814697 8.78750038146973 8.86250019073487 8.97000026702881 9.28250026702881 9.31249984895871 9.52250003814697
4.80000019073486 5.86999988555908 6.36999988555908 6.40999984741211 6.42000007629395 6.26000022888184 6.11999988555908 6.1100001335144 5.84999990463257 5.6399998664856 5.6399998664856 5.51000022888184 5.6100001335144 4.98999977111816 5.1399998664856 5.71000003814697 6.21999979019165 6.51999998092651 6.90000012600909 9.96749973297119 10.1724996566772 10.4875001907349 10.307499885963 10.6374998092651 10.3424997329712 10.0150003433228 9.76000022888184 9.88749980926514 10.1700000762939 10.4350004196167 9.96250057220459 9.42500019073486 9.75 9.82999992370605 8.97249984741211 8.96749973297119 9.15750024375599 9.6875 9.4399995803833 9.33250045776367 8.82000064849854 8.58250045776367 8.97000026702881 9.40999984741211 9.13749980926514 9.44250011444092
8.81500053405762 9.44750022888184 9.60999965667725 9.79249954223633 9.97999954223633 9.92749977111816 9.78750038146973 9.51749992370605 9.6949996948209 9.47999954223633 9.50500011444092 9.37249946594238 9.53999996185303 8.97000026702881 8.73499965667725 9.22249984741211 9.59749984726792 9.72749996185303 10.2025003433228 10.1800003050737 10.0924997329712 10.1774997711182 10.6149997711182 10.8249998092651 10.2425003051758 9.73999977111816 10.25 10.3549995422363 10.6875 10.6949996948242 10.5600004178277 9.39999961853027 9.52750015258789 9.63249969482422 9.68000030517578 8.97499975504587 9.47500038146973 9.83749961853027 9.9975004196167 10.2250003814697 8.98500061035156 8.8149995803833 8.88249969482422 9.60249996185303 9.47249984741211 9.44750022888184
9.03750038146973 9.46750068664551 9.45750045776367 9.76000022888184 10.2349996566772 9.8725004196167 9.51500034332275 9.58749961853027 9.63999938966368 9.92750072479248 9.97249984741211 9.80000019073486 9.74250030517578 8.97749996253848 8.68249988579996 9.17000007629395 9.59749984741211 9.79249954223633 10.0050001144409 10.0574998855591 10.1424999237061 10.3024997711182 10.4650001525879 11.1125001907349 10.2174997329712 9.92000007629395 10.7924995422363 10.5474996588188 11.0474996566772 10.7950000762939 10.5574998855591 9.59500026702881 9.29249954223633 9.36499977111816 9.56249998536491 9.55749985086939 9.65000057220459 9.53999996185303 9.51749992370606 10.0349998474121 9.03250026702881 8.71749973297119 8.72749996185303 8.76000022888184 8.99249935150147 9.1875
9.11250019073486 9.80500030517578 9.69000053405762 9.85750007629395 10.289999961853 10.0249996185303 9.64249992370605 9.64999961853027 9.89999961853028 10.164999961853 10.4350004196864 10.3800001148272 10.2349996566772 10.2150001525879 10.039999961853 9.59999942779541 9.63500022886321 9.77999973297119 10.1424999237061 10.3850002288818 10.1149997711182 10.3599996566772 10.4224996566772 11.3125 10.3599996566772 10.2674999237061 11.0924997329712 10.9049997329712 10.9324998855591 10.7524995803833 10.6899995803833 10.0375003814697 9.8625001915244 9.8850003414365 9.61999988555908 9.44750022888184 9.31750011444092 9.88250064849853 9.76000022888184 9.63000011444092 9.25750143389645 8.73999977111816 8.50500011444092 8.70750045776367 8.97249984741211 8.9399995803833
9.55500030517578 9.71249961853027 9.96000003814697 10.0050001144409 10.2299995422363 10.3549995422363 10.0349998474261 9.8924999237026 9.88500022888184 10.4650001525879 10.8625001907349 11.1225004196167 10.9575004577637 10.9350004196167 11.0974998474121 10.8625001907349 10.5625 10.2574996948242 10.2250003814697 10.2749996185303 10.8100004196167 10.8249998092651 11.0275001525879 11.5150003433228 11.4849996566772 10.7974996566772 11.039999961853 10.4674997329712 11.0799999237061 10.3900003433228 9.69250011444092 10.6274995803833 10.9075002670288 10.2475004196167 9.80000019073486 9.63749980926514 9.57999992370605 9.91249940969667 9.94999980926514 9.81500053405762 10.0474996566772 8.6274995803833 8.77750015258789 8.64249992370605 8.94250011444092 9.09500041631198
9.72499942779612 9.76749992370604 9.73750019073486 9.80249977111816 10.0625 9.94749927520838 10.2825002670288 10.5349998474121 10.4075002670288 10.5900001525879 10.9250001907349 11.2825002670288 11.4274997711182 11.4925003052415 11.7049999237061 11.5775003433228 11.414999961853 10.8249998092651 10.6949996948242 10.7475004196167 10.8450002670288 11.1075000781184 11.8000001907349 12.1075000762939 12.0550003051758 11.3950004577637 11.1450004577637 10.9200000762939 11.3800001144409 10.8950004512792 10.2375001907349 10.4375 10.8374996185303 10.5924997329712 10.0474996599833 9.91499996185303 9.52250003814697 9.54500007629395 9.0625 8.96749973297119 9.45750045776367 9.19750022888184 8.60750007629394 8.89999961853027 9.23500026325527 9.74499988555908
