SnowAccumulation_R/test/tmax/final_tmax_08_04_2009.asc
NCOLS 97 
NROWS 69 
XLLCORNER 52512.810182332 
YLLCORNER 5316225.2758522 
CELLSIZE 10000 
NODATA_value -9999 
[rows 20 to 39 of 69, columns 0 to 46 of 97]
-9999 -9999 -9999 -9999 6.76000022888184 8.51000022888184 8.77000045776367 14.8500003814697 11.1700000762939 11.039999961853 11.9300003051758 11.5600004196167 11.210000038147 11 10.5200004577637 9.84000015258789 9.13000011444092 8.22999954223633 8.80000019073487 8.98999977111816 9.67000007629395 8.72999954223633 10.3199996948242 11.8699998742769 12.5100002288818 13.3299999237061 13.8999996185303 13.8699998855591 13.8999996185303 13.9499998092651 14.4799995422363 14.4700002670288 14.3400001525879 14.6000003814697 14.7200002670288 14.7299995422363 14.3999996185303 14 13.960000038147 14.0699996948242 14.039999961853 13.8599996566772 13.0299997329712 12.710000038147 12.0600004196167 11.9200000762939 11.6499996185303
-9999 -9999 -9999 -9999 9.82999992370605 9.46000003814697 10.5500001907349 12.2200002670288 8.85999965667725 9.8100004196167 9.94999980926514 11.6999998092651 11.4200000762939 10.6199998855591 10.3999996185303 9.8100004196167 9.07999992370605 8.38000011444092 8.86999988555908 8.89999961853028 9.14999961853027 9.53999996185303 10.0900001525879 11.0200004577637 11.9200000517926 12.9700002670288 13.1800003051758 13.7600002288818 13.9200000762939 14.1300001144409 14.3699998855591 14.3900003433228 14.3999996185303 14.3900003433228 14.4799995422363 14.4399995803833 14.3800001144409 14.3500003814697 14.3100004196167 14.0900001525879 14.4300003051758 14.4300003051758 13.4899997711184 13.1199998855591 12.75 12.1800003051758 12.0799999237061
-9999 -9999 -9999 -9999 11.4799995422363 7.92000007629395 10.4200000762939 12.2299995422363 9.39999961853027 7.92999982833862 10.5699996948242 10.1800003051758 11.4099998474121 10.5200004577637 10.2499999612131 9.85999965667725 9.07999992370605 9.14000034332275 8.73999977111817 8.71000003814697 8.57999992370605 9.26000022888184 9.63000011444092 10.5100002288818 10.5699997007404 11.7799997329712 12.3800001144409 13.6599998474121 13.9799995422363 14.5500001907349 14.6800003051758 14.6700000762939 14.9099998474121 14.8800001144409 14.5699996948242 14.4799995422363 14.4700002670288 14.4200000762939 14.4099998474121 14.0500001907349 14.3400001525879 14.3699998855591 13.8199996948242 13.4099998474121 12.8400001525879 12.460000038147 12.3999996185303
-9999 -9999 -9999 9.0600004196167 9.9399995803833 12.6599998474121 10.3500003814697 9.28999996185303 7.57000017166138 7.94999980926514 9.13000011444092 8.01000022888184 10.9899997711182 10.8800000689457 10.2799997329712 9.75 9.22999954223633 8.97000026702881 8.57999992370605 8.47999954223633 8.48999977111816 9.39999961853027 9.53999996185303 9.72000026702881 10.6300001144409 11.4499998092651 12.2499999973401 13.5699996948242 13.8900003433228 14.1400003433228 14.2200002670288 14.8900003433228 15.0600004196167 15.0799999237061 14.9300003051758 14.8299999237061 14.7399997711182 14.6899995803833 14.710000038147 14.710000038147 14.2299995422363 14.1300001144409 13.8900003433228 13.5699996948242 13.0699996948242 12.9099998474121 12.5500001907349
-9999 -9999 -9999 7.63000011444092 8.47999954223633 9.52999973297119 6.57999992370605 8.85000038146973 6.96999979019165 6.32000017166138 8.01000022888184 9.10000042831604 10.0100002288818 10.4399995803833 9.75 9.5 9.15999984741211 8.63000011444092 8.27999973297119 8.22000026702881 8.47999954223633 8.77999973297119 8.86999988555908 9.53999996185303 10.5100002288818 11.449999810815 11.9700002670288 13.1000003814697 13.4099998474121 13.6800003051758 14.9200000762939 14.9399995803833 15.0299997329712 15.1199998855591 15.039999961853 15.0100002288818 14.960000038147 14.8500003814697 14.789999961853 14.789999961853 14.3400001525884 14.1099996566778 13.9099998474126 13.689999580384 13.3299999237061 13.2299995422363 13.039999961854
-9999 -9999 -9999 7.19999980926514 8.65000026164333 9.48999977111816 8.30000019073486 7.90999984741211 4.44000005722046 7.98000001907349 6.59999990463257 11.1999998092651 11 10.7600002288818 10.1300001144409 9.51000022888184 9.0600004196167 8.31999969482422 8.32999992370605 8.18000030517578 8.34000015258789 8.53999996185303 8.77999973297119 8.81999969482422 10.2299995422363 10.8500003814697 11.8199996948242 12.3199996943614 13.0299997329712 14.1700000762939 14.8999996185303 15.2700004577637 15.1499996185303 15.1999998092651 15.4300003051758 15.3999996185303 15.1599998474121 15.0900001525879 14.8800001144409 14.8199996948242 14.7799997329712 14.5799999237061 14.3900003433228 14.2700004577637 14.1199998855591 13.9300003051758 13.7399997711183
-9999 -9999 -9999 7.18000623261232 6.19999980926514 12.289999961853 7.36999988555908 6.28000020980835 6.78000020980835 5.3600001335144 6.28000020980835 7.32999992370605 11.4099998474121 10.5 10.4499998092651 10.2700004577637 9.59000015258789 8.60999965667725 8.22999954223633 7.96000003814697 8.43000030517578 8.68000030517578 8.72999954223633 8.94999980926514 9.69999980926514 10.460000038147 11.8199996925349 12.2500000016992 14.0600004196167 14.3299999237061 15.1000003814697 15.8599996566772 15.8599996566772 15.8299999237061 15.8100004196167 15.710000038147 15.4700002670288 15.1800003051758 15.0100002288818 14.8100004196167 14.75 14.8299999237061 14.6700000762939 14.5200004577637 14.4399995803833 14.3599996566772 14.0299997329712
-9999 -9999 -9999 12.1400003433228 11.210000038147 11.949998285163 4.96999979019165 9.27000045776367 6.82999992370605 7.38000011444092 7.86999988555908 7.09000015258789 7.09999990463257 10.9499998092651 10.8000001907349 10.6099996566772 9.6899995803833 9.40999984741211 8.69999980926514 8.52000045776367 8.60000038146973 8.84000015258789 8.97999954223633 9.36999988555908 9.86999988555908 10.4899997711182 11.2600002288818 12.4399995803833 14.2200002658929 14.6000003822718 14.8699998855591 16.0200004577637 16 15.9399995803833 15.8999996185303 15.8500003814697 15.6300001144409 15.4799995422363 15.3000001907349 14.9200000762939 14.8100004196167 14.710000038147 14.9399995803833 14.8299999237061 14.6300001144409 14.5100002288818 14.340000152588
-9999 -9999 -9999 14.2600002288818 9.26000022888184 8.03999996185303 8.56999969482422 6.73000001907349 8.17000007629395 6.69000005722046 7.69000005722046 6.80999994277954 7.55999994277954 7.51000022888184 10.9700002670288 10.039999961853 10.2299995422363 9.48999977111816 8.97000026702881 8.75 8.73999977111816 8.65999984741211 9.05000019073486 9.40999984741211 10.3599996566772 11.039999961853 11.3400001525879 12.4200000762939 14.0100002298187 14.8599996566772 15.0299997329712 15.8199996948242 16.1000003814697 15.9300003051758 15.960000038147 15.8999996185303 15.8100004196167 15.4899997711182 15.3699998855591 15.1999998092651 15.0699996948242 14.9099998474121 14.8199996948242 15.1300001144409 14.9300003051758 14.8000001907349 14.7299995422363
-9999 -9999 -9999 14.1300001144409 10.4200000762939 11.6000003814697 10.6400004139005 9.78999996185303 11.8999996185303 7.78999996185303 5.23000001907349 6.07000017166138 5.17000007629395 6.17999982833862 10.3599996566772 10.2299995422363 10.0900001525879 10.3000001907349 9.47000026702881 9.14999961853027 8.90999984741211 8.40999984741211 9.10000038146973 9.47000026702881 10.3500003814697 10.5699996948242 11.4200000762939 12.6800003051758 13.8999996185303 14.7799997329712 15.5799999247911 16.1800003056973 16.3199996948242 16.2099990844727 16.0699996948242 15.9099998474121 15.960000038147 15.6300001144409 15.539999961853 15.5699996948242 15.1599998474121 15 14.8900003433228 14.8800001144409 15.1300001144409 15.2200002670288 15.1400003433228
-9999 -9999 -9999 15.5499990808845 13.3400001525879 12.460000038147 10.5399997085793 7.90000009536743 8.10000038146973 10.2600002288818 5.69000006789844 7.21999979019165 8.92000007629395 5.03000020980835 10.5900001525879 10.4200000762939 10.1199998855591 10.0100002288818 10.4300003051758 10.039999961853 9.52000045776367 9.40999984741211 9.5 9.69999980926514 10.1099996566772 10.6199998855591 12.6800003051758 12.2700004577637 12.5699996948242 14.7799997315887 16.1200008380828 16.5799999237061 16.4899997711182 16.6299991607666 16.2000007629395 15.9499998092651 16 16.0499992370605 15.6000003814697 15.5600004196167 15.1800003051758 15.3400001525879 15.0200004577637 14.9899997711182 14.9799995422363 15.039999961853 15.210000038147
-9999 -9999 -9999 15.3400001525879 12.25 14.1499996185303 9.15999984741211 9.66999847971588 6.61999988555908 11.4899997711182 10.0900001525879 7.80999994277954 7.30000019073486 7.67999982833862 11.0799999237061 10.4399995803833 10.289999961853 10.210000038147 10.1099996566772 10.6499996185303 10.3999996185303 9.77000045776367 10.0699996948242 10.2399997711182 10.3000001907349 10.8199996948242 12.7600002288818 12.5799999237061 13.3100004196167 14.289999961853 15.0600004196167 15.3500003814697 16.3199996941713 16.2399997711182 16.3700008392334 16.25 16.4200000762939 16.1399993896484 16.1599998474121 16.0200004577637 15.6999998092651 15.8500003814697 15.4499998092651 15.3999996185303 15.3000001907349 15.2799997329712 15.3199996948242
-9999 -9999 -9999 12.6199998855591 14.9600001014241 12.2700004577637 13.5 8.48999977111816 9.80999998475863 8.18000030517578 9.88000011444092 11.2799997329712 10.6000003814697 11.6099996566772 11.1800003051758 10.9099998474121 10.8100004196167 10.5500001907349 10.3800001144409 10.6800003051758 10.3999996185303 10.3199996948242 10.4099998474121 10.6099996566772 10.9300003051758 11.5799999237061 12.5500001907349 13.0699996948242 13.8699998855591 14.6999998092651 15.0900001525879 15.3500003812815 15.499999999796 16.2399997711182 16.2299995422363 16.3700008392334 16.3500003814697 16.75 16.5799999237061 16.2800006866455 16.1100006103516 16.3099994659424 15.5699996948242 15.5 15.5100002288818 15.3800001144409 15.5200004577637
-9999 -9999 -9999 13.289999961853 14.9499998092651 15.8299999237061 12.8500003814697 13.8900003433228 10.4099998474121 8.71000143671773 7.44000005722046 10.4899997711182 9.84000015258789 10.0100002288818 11.1199998855591 11 11.1800003051758 10.9499998092651 10.1999998092651 10.3000001907349 10.1800003051758 9.6899995803833 10.4799995422363 11.0900001525879 11.210000038147 11.8000001907349 12.6199998855591 13.6899995803833 13.9300003051758 14.6800003051758 15.0100002288818 15.1199998855591 15.789999961853 15.460000038147 15.539999961853 16.4699993133428 16.6599998474218 16.8700008392334 16.9400005340576 16.9599990844727 16.6700000762939 16.4799995422363 16.4400005340576 15.6400003433228 15.5699996948242 15.6499996185303 15.5200004577637
-9999 -9999 -9999 10.6099996566772 13.2700004577637 15.3699998855591 15.75 10.6899995803833 13.5100002288818 10.289999961853 8.57000065287196 7.15999984741211 7.88000011444092 9.14000034332275 10.460000038147 10.5299997329712 11.6000003814697 11.0100002288818 10.5 10.2200002670288 10.3400001525879 10.039999961853 10.5500001907349 10.9700002670288 11.3400001525879 11.8699998855591 13.1599998474121 13.5100002288818 14.0900001525879 14.5100002288818 14.7700004577637 15.7299995422363 15.8699998855591 16.0300006866455 16.4400005340576 16.8799991607666 17.4599990844727 17.4599990844727 17.4799995422363 17.1399993896499 17.0699996948245 16.889999389649 16.6299991607676 16.1000003814699 15.7899999618537 15.6999998092653 15.6000003814697
-9999 -9999 10.1499996185303 11.3400001525879 6.78999996185303 14.710000038147 15.960000038147 14.5799999237061 12.1599998474121 15.1400003433228 9.47000026702881 6.80000061350495 5.90000009536743 8.22000026702881 9.51000022888184 7.38000011444092 10.3000001907349 10.6899995803833 10.3100004196167 10.1599998474121 10.6099996566772 10.5600004196167 10.7600002288818 11.0299997329712 11.6800003051758 11.9300003051758 12.8599996566772 13.5600004196167 14.0200004577637 14.5699996948242 14.7299995422363 15.289999961853 15.8500003814697 16.2299995422363 16.75 17.4300003051758 18.2999992370605 17.7399997711182 17.4799995422366 17.3500003814707 17.1700000762947 17.1299991607666 17.0499992370605 16.1700000762939 16.0599994659424 15.7700004577637 15.6700000762939
-9999 -9999 7.94000005722046 7 10.4499998092651 8.3100004196167 12.75 15.9099998474121 13.6000003814697 11.3199999529728 10.0600004196167 10.5200004577637 6.98999977111816 7.75 9.63000011444092 8.97999954223633 10.0699996948242 10.3199996948242 10.4099998474121 10.2700004577637 10.8900003433228 10.8400001525879 10.9399995803833 11.0900001525879 12.1400003409876 12.3699998850937 13.3800001144409 14.0799999237061 14.5100002288818 14.710000038147 15.2399997711182 15.4099998474121 16.0300006866455 16.5300006866455 17.0799999237061 17.4899997711182 17.8400001525879 17.9099998474121 17.8299999237061 17.7000007629394 17.6100006103516 17.6000003814697 17.2999992370605 16.9400005340576 16.5799999237061 16.2600002288818 15.9700002670288
-9999 -9999 10.0200004577637 11.6999998092651 10.4899997711182 8.89000034332275 9.66000026201737 15.8699998855591 16.1700000762939 11.8100004196167 14.4499998092651 13.1199998855591 9.02000045776367 8.56999969482422 10.460000038147 10.6999998092651 10.8299999237061 10.460000038147 10.3999996185303 10.3699998855591 11.1599998474121 10.9499998092651 10.9399995803833 11.1800003051758 12.1800003051758 12.4300003051758 13.5200004577637 13.8500003814697 14.9799995422363 15.289999961853 15.1999998092651 15.5299997329712 16.0599994659424 16.6800003051758 17 17.3899993896484 17.7099990844727 18.0300006866455 17.9099998474121 17.7999992370605 17.7000007629395 17.6700000762939 17.3600006103516 17.1399993896484 16.7600002288818 16.4300003051758 16.2399997711182
-9999 -9999 10.8699998855591 12.710000038147 11.9700002670288 7.11999988555908 10.5500001907349 13.5699996948242 16.8299999237061 12.5200004577637 12.3800001144409 11.5100002288818 12.6800003051758 6.75000001526196 6.30999994277954 12.039999961853 11.5900001525879 11 10.6800003051758 10.6800003051758 11.0500001907349 10.8900003433228 10.75 11.0799999237061 12.0299997329712 12.8599996566772 13.9300003051758 14.4499998092651 14.789999961853 15.1999998092651 15.4300003051758 15.9700002670288 16.2199993133545 16.75 16.9899997711182 17.3199996948242 17.7800006866455 17.9799995422363 17.9799995422363 17.9200000762939 18.0300006866455 17.75 17.4400005340576 17.25 17.1100006103516 16.8799991607666 16.8700008392334
-9999 -9999 15.6200009655511 13.289999961853 8.86999988555908 10.8900003433228 11.3800001144409 12.9300003051758 16.9400005340576 15 11.5400000556912 15.4799995422363 13.8299999237061 11.1599998474121 10.4700002670288 11.6700000762939 11.3999996185303 11.2200002670288 11.1300001144409 11.1400003433228 11.1800003051758 11.210000038147 11.0100002288818 11.4899997711182 12.2200002670288 12.9899997711182 13.6599998474121 14.7299995422363 14.8299999237061 15.2700004577637 15.5100002288818 15.6400003433228 16.3799991607666 16.9799995422363 17.2000007629394 17.7099990844727 17.8899993896484 18.25 18.3899993896484 18.2800006866455 18.1000003814697 17.9699993133545 18.2099990844727 17.7700004577637 17.4099998474121 17.2700004577637 17.2199993133545
