SnowAccumulation_R/test/tmax/final_tmax_12_04_2009.asc
NCOLS 97 
NROWS 69 
XLLCORNER 52512.810182332 
YLLCORNER 5316225.2758522 
CELLSIZE 10000 
NODATA_value -9999 
[rows 21 to 41 of 69, columns 0 to 46 of 97]
-9999 -9999 -9999 -9999 3.44000005722046 3.45000004768372 4.59000015258789 6.48999977111816 3.98000001907349 5.46000003814697 5.92999982833862 9.03999996185303 10.210000038147 10.5100002288818 11.1999998092651 12.5200004577637 13.4700002670288 13.6499996185303 13.2700004577637 13.25 13.3599996566772 13.3900003433228 13.4300003051758 13.6700000762939 13.7600002290633 13.9099998474121 13.9399995803833 14.039999961853 14.1800003051758 14.2799997329712 14.3699998855591 14.4799995422363 14.7600002288818 14.75 14.789999961853 14.8699998855591 14.8500003814697 14.789999961853 14.75 14.8199996948242 14.8999996185303 14.6800003051758 14.2799997329712 14.1999998092651 14.3500003814697 14.1000003814697 14.3100004196167
-9999 -9999 -9999 -9999 4.69999980926514 1.94000005722046 4.51000022888184 6.36999988555908 4.28999996185303 3.40000009536743 6.75 6.71999979019165 9.6899995803833 9.73999977111816 10.1600000219529 12.039999961853 12.8299999237061 12.9200000762939 13.210000038147 13.289999961853 13.1300001144409 13.3100004196167 13.6499996185303 13.6700000762939 13.7700004572258 13.8699998855591 13.9300003051758 14.210000038147 14.289999961853 14.4099998474121 14.460000038147 14.5500001907349 14.8299999237061 14.8299999237061 14.8199996948242 14.8100004196167 14.7299995422363 14.6499996185303 14.6899995803833 14.3299999237061 14.5799999237061 14.6199998855591 14.4200000762939 14.2399997711182 14.0900001525879 14.0500001907349 14.3400001525879
-9999 -9999 -9999 2.28999996185303 3.20000004768372 5.98000001907349 4.28000020980835 3.53999996185303 2.40000009536743 3.22000002861023 4.98000001907349 4.09000015258789 8.47999954223633 10.1699998919191 11.1400003433228 12.3599996566772 12.7299995422363 12.8800001144409 13.2299995422363 13.3299999237061 13.2600002288818 13.6000003814697 13.6199998855591 13.7600002288818 13.8900003433228 14.1000003814697 14.0900001543928 14.3000001907349 14.3400001525879 14.4099998474121 14.4499998092651 14.7799997329712 14.8199996948242 14.8199996948242 14.8400001525879 14.8000001907349 14.6199998855591 14.6000003814697 14.6800003051758 14.6700000762939 14.3599996566772 14.3500003814697 14.3599996566772 14.210000038147 14.0500001907349 14.2399997711182 14.1899995803833
-9999 -9999 -9999 0.9200000166893 1.77999997138977 3.00999999046326 0.759999990463257 3.1800000667572 1.6599999666214 1.46000003814697 3.59999990463257 5.05000026458672 6.8899998664856 11.789999961853 12.2600002288818 12.5900001525879 12.8199996948242 13.289999961853 13.3800001144409 13.3299999237061 13.3199996948242 13.6099996566772 13.6899995803833 13.8400001525879 14.0500001907349 14.1000003831487 14.2799997329712 14.460000038147 14.460000038147 14.4799995422363 14.6199998855591 14.8800001144409 14.8900003433228 14.8599996566772 14.9099998474121 14.7799997329712 14.7299995422363 14.7200002670288 14.6999998092651 14.5900001525879 14.4200000762943 14.2899999618535 14.2799997329715 14.1800003051762 14.1000003814697 14.289999961853 14.4200000762943
-9999 -9999 -9999 0.400000005960465 1.78000059638698 2.8199999332428 2.09999990463257 2.13000011444092 -0.810000002384186 2.84999990463257 1.99000000953674 11.3400001525879 11.5200004577637 11.7299995422363 12.1700000762939 12.6300001144409 12.8999996185303 13.1300001144409 13.3199996948242 13.4700002670288 13.4099998474121 13.6999998092651 13.6499996185303 13.5900001525879 13.9399995803833 14.2600002288818 14.4499998092651 14.5000000003967 14.5 14.7299995422363 14.8900003433228 14.9099998474121 14.8999996185303 14.8900003433228 15.0500001907349 15.0200004577637 14.8000001907349 14.7600002288818 14.6499996185303 14.6300001144409 14.6099996566772 14.6700000762939 14.5799999237061 14.5299997329712 14.5699996948242 14.5900001525879 14.6400003433228
-9999 -9999 -9999 0.240005632375019 -0.340000003576279 5.28000020980835 1.11000001430511 0.5 1.32000005245209 0.200000002980232 1.48000001907349 3.00999999046326 11.3100004196167 11.7600002288818 12.0100002288818 12.1599998474121 12.5799999237061 13.1899995803833 13.3999996185303 13.5500001907349 13.4700002670288 13.7200002670288 13.5799999237061 13.1099996566772 13.8900003433228 14.2299995422363 14.4499998085326 14.5600004198781 14.7399997711182 15.0900001525879 15.1499996185303 15.1800003051758 15.1800003051758 15.1800003051758 15.1499996185303 15.0699996948242 15.0200004577637 14.8299999237061 14.7600002288818 14.6700000762939 14.6700000762939 14.8400001525879 14.7600002288818 14.6499996185303 14.7299995422363 14.8699998855591 14.7600002288818
-9999 -9999 -9999 4.44999980926514 3.92000007629395 4.79999885755682 -1.12000000476837 3.00999999046326 1.16999995708466 1.87999999523163 2.79999995231628 2.52999997138977 3.05999994277954 11.3599996566772 11.4899997711182 11.6400003433228 12.1499996185303 12.5900001525879 12.9799995422363 13.3800001144409 13.3800001144409 13.5299997329712 13.5799999237061 13.8000001907349 14.0600004196167 14.3699998855591 14.5600004196167 14.6800003051758 14.8000001917626 15.090000152773 15.1800003051758 15.2700004577637 15.3299999237061 15.3000001907349 15.2200002670288 15.1000003814697 15.039999961853 15.0299997329712 14.960000038147 14.7399997711182 14.710000038147 14.710000038147 14.8800001144409 14.8000001907349 14.6999998092651 14.8100004196167 14.8999996185302
-9999 -9999 -9999 6.92999982833862 1.83000004291534 1.20000004768372 1.83000004291534 0.540000021457672 2.19000005722046 1.24000000953674 2.39000010490417 2.00999999046326 3.26999998092651 3.50999999046326 11.3900003433228 10.4899997711182 12 12.4799995422363 12.8100004196167 13.210000038147 13.460000038147 13.539999961853 13.6599998474121 13.8500003814697 14.1899995803833 14.4700002670288 14.6099996566772 14.6800003051758 14.9899997714304 15.1499996185303 15.289999961853 15.4300003051758 15.4899997711182 15.4799995422363 15.3199996948242 15.1899995803833 15.1300001144409 15.0699996948242 15.0200004577637 14.9300003051758 14.8900003433228 14.9200000762939 14.9099998474121 14.8900003433228 14.7600002288818 14.8400001525879 15.1099996566772
-9999 -9999 -9999 6.55999994277954 2.72000002861023 4.11000013351441 3.53000007960929 3.07999992370605 5.63000011444092 2.02999997138977 -0.0900000035762787 1.08000004291534 0.670000016689301 2.10999989509583 10.039999961853 10.1999998092651 10.4200000762939 12 12.4399995803833 12.9099998474121 13.3699998855591 13.6999998092651 13.5900001525879 13.6499996185303 14.0900001525879 14.2600002288818 14.4200000762939 14.6499996185303 15.1999998092651 15.3000001907349 15.3900003434031 15.5500001908392 15.6300001144409 15.6099996566772 15.5 15.3599996566772 15.3299999237061 15.3000001907349 15.3199996948242 15.2600002288818 14.9700002670288 14.9899997711182 15.1099996566772 15.1499996185303 14.5900001525879 14.9099998474121 15.2100000381469
-9999 -9999 -9999 8.85999794099145 5.55999994277954 4.80999994277954 3.18999987011726 1.17999994754791 1.69000005722046 4.11000013351441 0.120000018673734 1.89999997615814 4.03999996185303 0.75 9.73999977111816 9.89999961853027 10.1700000762939 10.5100002288818 12.3299999237061 12.5 13.3699998855591 13.3999996185303 13.3599996566772 13.4099998474121 13.9300003051758 14.1899995803833 14.6400003433228 14.7299995422363 14.9799995422363 15.3000001906257 15.4300003051559 15.6300001144409 16.0300006866455 16.0100002288818 15.6300001144409 15.5600004196167 15.6199998855591 15.6099996566772 15.3999996185303 15.3800001144409 15.0699996948242 15.2299995422363 15.2299995422363 15.2399997711182 15.4099998474121 15.4700002670288 14.5799999237061
-9999 -9999 -9999 8.1899995803833 4.17000007629395 6.6399998664856 1.73000001907349 2.53999845847893 0.200000002980232 5.05000019073486 4.09000015258789 2.17000007629395 2.14000010490417 2.97000002861023 8.89000034332275 9.61999988555908 9.89999961853028 10.3400001525879 11.210000038147 12.3199996948242 12.9499998092651 13.3199996948242 13.3599996566772 13.4799995422363 13.8999996185303 14.2600002288818 14.6199998855591 14.7200002670288 15.1700000762939 15.3100004196167 15.4399995803833 15.5299997329712 16.0100002286668 15.9499998092124 15.8800001144409 15.7600002288818 15.6899995803833 15.6899995803833 15.710000038147 15.6499996185303 15.4499998092651 15.6099996566772 15.4499998092651 15.4300003051758 15.5799999237061 15.539999961853 15.6000003814697
-9999 -9999 -9999 4.28999996185303 7.35000005351988 4.19999980926514 5.80999994277954 1.21000003814697 2.74999948655366 1.63999998569489 3.54999995231628 5.15999984741211 4.96999979019165 6.75 8.65999984741211 8.78999996185303 9.10000038146973 10.1099996566772 11.0699996948242 12.2700004577637 12.9200000762939 13.1300001144409 13.4799995422363 13.6899995803833 13.9899997711182 14.1599998474121 14.5299997329712 14.8100004196167 15.2799997329712 15.3500003814697 15.4499998092651 15.5299997330088 15.7399997709769 15.8400001525879 15.710000038147 15.8699998855591 15.8999996185303 16.1399993896484 16 15.8199996948242 15.8299999237061 16 15.75 15.5900001525879 15.6999998092651 15.710000038147 15.710000038147
-9999 -9999 -9999 4.84999990463257 7.15999984741211 8.80000019073487 4.80999994277954 6.30999994277954 2.77999997138977 1.84000118719953 1.0900000333786 4.19999980926514 3.79999995231628 4.44000005722046 8.23999977111816 8.48999977111816 8.97999954223633 9.22000026702881 10.539999961853 12.3000001907349 12.6099996566772 13 13.5600004196167 13.9499998092651 14.1199998855591 14.1800003051758 14.6199998855591 14.9099998474121 15.289999961853 15.5100002288818 15.539999961853 15.6599998474121 15.6599998474121 15.6099996566772 15.6000003814697 15.9899997711314 16.2000007629469 16.2299995422363 16.2999992370605 16.3600006103516 16.1599998474121 16.1000003814697 16.0100002288818 15.6400003433228 15.7299995422363 15.7299995422363 15.8500003814697
-9999 -9999 -9999 2.01999998092651 4.78000020980835 7.61999988555908 8.56999969482422 2.67000007629395 5.80000019073486 2.66000008583069 1.76000071988587 0.939999997615814 1.71000003814697 3.19000005722046 7.3899998664856 7.67999982833862 9.14999961853027 8.90999984741211 9.59000015258789 10.9499998092651 12.6199998855591 13.2700004577637 13.6700000762939 13.8699998855591 14.0500001907349 14.210000038147 15.0100002288818 15.1099996566772 15.2200002670288 15.4300003051758 15.5 15.8100004196167 15.8400001525879 15.9499998092651 16.1200008392334 16.3199996948242 16.5900001525879 16.6299991607666 16.6100006103516 16.5799999237061 16.4400005340577 16.3600006103518 16.139999389649 15.8999996185307 15.7399997711186 15.7399997711186 15.8299999237061
-9999 -9999 1.42999994754791 2.54999995231628 -1.19000005722046 6.46999979019165 8.55000019073486 6.63000011444092 4 8.07999992370605 1.95000004768372 0.38000024409633 -0.150000005960466 2.01999998092651 6 3.04999995231628 7.34999990463257 8.31999969482422 9.17000007629395 9.86999988555908 12.6499996185303 13.1000003814697 13.3500003814697 13.4899997711182 14.2600002288818 14.3599996566772 14.8999996185303 15.1400003433228 15.2700004577637 15.5 15.6199998855591 15.7700004577637 15.9499998092651 16.1000003814697 16.3299999237061 16.5499992370605 16.8099994659424 16.75 16.6100006103516 16.5900001525881 16.459999084473 16.4799995422363 16.3700008392334 16.1000003814697 15.9399995803833 15.9099998474121 15.8100004196167
-9999 -9999 -0.550000011920929 -1.25999999046326 1.70000004768372 0.0299999993294477 4.01999998092651 8.43000030517578 5.28000020980835 3.05000027145595 2.16000008583069 2.78999996185303 0.310000002384186 1.32000005245209 5.65999984741211 4.80999994277954 6.42000007629394 7.71000003814697 8.38000011444092 9.14999961853027 12.6099996566772 13.0600004196167 13.2200002670288 13.3800001144409 14.3900003410378 14.4700002668669 15.0299997329712 15.3000001907349 15.5600004196167 15.5900001525879 15.7700004577637 15.8199996948242 16.0499992370605 16.2800006866455 16.5499992370605 16.6399993896484 16.7900009155273 16.8600006103516 16.7700004577637 16.6800003051758 16.6100006103516 16.5300006866455 16.4699993133545 16.2800006866455 15.960000038147 15.8000001907349 15.7299995422363
-9999 -9999 1.08000004291534 2.59999990463257 1.5900000333786 0.360000014305115 1.04000033444975 7.98000001907349 8.92000007629395 3.32999992370605 6.48000001907349 4.96999979019165 1.57000005245209 1.37000000476837 6.38000011444092 6.26999998092651 6.63000011444092 7.53000020980835 8.35000038146973 8.94999980926514 11.4700002670288 12.8400001525879 13.1099996566772 13.4300003051758 14.4200000762939 14.4799995422363 14.9700002670288 15.1300001144409 15.6300001144409 15.6999998092651 15.6899995803833 15.8500003814697 16.1000003814697 16.3500003814697 16.4699993133545 16.6399993896484 16.7999992370605 16.9699993133545 16.8099994659424 16.7299995422363 16.6499996185303 16.5599994659424 16.4899997711182 16.2399997711182 15.7600002288818 15.8500003814697 15.8699998855591
-9999 -9999 1.71000003814697 3.47000002861023 2.77999997138977 -1.1599999666214 1.69000005722046 4.59999990463257 9.73999977111816 3.75999999046326 3.70000004768372 3.07999992370605 4.38000011444092 -0.179999994977287 -0.200000002980232 6.42000007629395 6.69999980926514 7.44999980926514 8.39999961853027 9.30000019073487 11.1899995803833 12.1499996185303 13 13.3699998855591 13.789999961853 14.6599998474121 15.0600004196167 15.3500003814697 15.460000038147 15.6999998092651 15.7700004577637 16.0599994659424 16.1499996185303 16.3199996948242 16.4200000762939 16.6000003814697 16.8099994659424 16.8899993896484 16.8400001525879 16.7800006866455 16.8299999237061 16.7299995422363 16.5400009155273 16.3999996185303 16.2600002288818 16.1399993896484 16.0599994659424
-9999 -9999 6.52000113372633 3.91000008583069 0 1.74000000953674 2.24000000953674 3.73000001907349 9.52000045776367 6.46999979019165 2.72000012538088 7.94999980926514 5.44999980926514 3.00999999046326 2.61999988555908 6.86999988555908 7.21999979019165 7.71999979019165 8.19999980926514 9.13000011444092 10.5699996948242 10.5500001907349 11.9700002670288 12.7700004577637 13.2299995422363 13.8100004196167 14.7299995422363 15.3900003433228 15.4300003051758 15.710000038147 15.9700002670288 15.8400001525879 16.1900005340576 16.4200000762939 16.5200004577637 16.7299995422363 16.8199996948242 17.0200004577637 17.0400009155273 16.9799995422363 16.8700008392334 16.7800006866455 16.7700004577637 16.5499992370605 16.4699993133545 16.2700004577637 16.2800006866455
-9999 -9999 8.86999988555908 -0.859998025152132 -1.74999974150059 -0.379999995231628 -1.30999994277954 4.09999990463257 4.67000007629395 10.289999961853 1.75 6.65000009536743 3.82999992370606 1.97000002861023 0.479999989271164 -0.490000009536743 3.76999998092651 8.03999996185303 8.88000011444092 9.21000003814697 10.0600004196167 9.22999954223633 12.6800003015152 12.92000007554 12.9099998474121 13.7600002274573 13.7600002357491 15.0200004577637 15.3400001525879 15.6499996185303 15.7700004577637 15.7600002288818 15.9799995422363 16.3799991607666 16.5400009155273 16.6900005340576 16.8299999237061 16.9300003051758 17.1100006103516 16.9699993133545 16.8500003814697 16.7299995422363 16.7600002288818 16.6299991607666 16.4300003051758 16.3799991607666 16.2299995422363
-9999 -9999 9.0600004196167 1.24000000953674 0.749999955919211 -0.109999999403954 2.53999996185303 -0.239999994635582 1.70000004768372 9.21000003814697 2.19000005722046 3.35999989509583 5.15999984741211 2.17000007629395 1.77999997138977 1.05999994277954 3.47000002861023 3.53999996185303 8.97000026702881 10.3199996948242 10.4499998085775 11.810000413667 12.460000038147 12.6499996185303 12.7399997711182 14.2600002288818 14.6300001138407 14.8299999237061 14.8900003433228 15.4700002670288 15.6499996185303 15.6700000762939 15.8500003814697 16.2199993133545 16.4899997711182 16.5900001525879 16.7700004577637 16.8500003814697 17 16.9099998474121 16.7700004577637 16.6900005340576 16.7199993133545 16.6299991607666 16.5 16.4799995422363 16.2999992370605
