SnowAccumulation_R/test/tmax/final_tmax_14_04_2009.asc
NCOLS 97 
NROWS 69 
XLLCORNER 52512.810182332 
YLLCORNER 5316225.2758522 
CELLSIZE 10000 
NODATA_value -9999 
[rows 0 to 20 of 69, columns 0 to 46 of 97]
-9999.000000000000000 -9999 -9999 -9999 -9999 -9999 -9999 -9999 -9999 -9999 -9999 -9999 -9999 -9999 -9999 -9999 -9999 -9999 -9999 -9999 -9999 -9999 -9999 -9999 -9999 -9999 -9999 -9999 -9999 -9999 -9999 -9999 -9999 -9999 -9999 -9999 -9999 -9999 -9999 -9999 -9999 -9999 -9999 -9999 -9999 -9999 -9999
-9999 -9999 -9999 -9999 -9999 6.98999977111816 5.5 5.01000022888184 4.3600001335144 5.11999988555908 4.73000001907349 4.92999982833862 5.40000020071973 6.36000013351441 5.84000015258789 6.03000020980835 6.96999979019165 7.51999998092651 7.69999981039248 -9999 -9999 -9999 -9999 -9999 -9999 -9999 -9999 -9999 -9999 -9999 -9999 -9999 -9999 -9999 -9999 -9999 -9999 -9999 -9999 -9999 -9999 -9999 -9999 -9999 -9999 -9999 -9999
-9999 -9999 -9999 -9999 -9999 4.32000017166138 4.17000007629395 4.40000009536743 4.67000007629395 5.5 5.40999984741211 6.23999977111816 6.57999992370605 6.34000013107609 5.80000019073486 6.53999996185303 7.07000017166138 7.42000007629395 7.76999998092651 7.98999975304144 8.02000045776367 8.02000045776367 7.76000022888184 7.46999979019165 7.26000022888184 6.86000013351441 6.84999990463257 6.94999980926514 6.94999980926514 7.01999998092651 6.98000001907349 6.90000009536743 6.73999977111816 6.3600001335144 5.84000015258789 5.40000009536743 5.09000015258789 4.88000011444092 4.51999998092651 4.17999982833862 3.60999989509583 3.01999998092656 2.75 2.20000004768372 2.17000007629395 2.15000009536743 2.1800000667572
-9999 -9999 -9999 -9999 -9999 5.13000011444092 5.57000017166138 5.34000015258789 5.32000028784883 6.19000005722046 6.15000009536743 5.90000009536743 6.40999984741211 5.96000003814697 5.80999994277954 6.17999982833862 6.59000015258789 6.94999980926514 7.53000020980835 7.44000005713813 7.34999990463257 7.55999994277954 7.40999984741211 7.19000005722046 6.90999984767141 6.84999990463257 6.80000019073486 6.88000011444092 6.84000015258789 7.09999990463257 7.05000019073486 7.01000022888184 6.73000001907349 6.21999979019165 5.57999992370605 5.13000011444092 4.96000003814697 4.71999979019165 4.28000020980835 3.99000000953674 3.54999995231628 3.01999998092683 2.65000009536743 2.34999990463257 2.38000011444092 2.50999999046326 2.6800000667572
-9999 -9999 -9999 -9999 -9999 5.67999982833862 5.78999996185303 5.94999979171634 5.96000003814697 6.01000026813737 6.32000017166138 6.28000020980835 6.21999979019165 6.23000001907349 6.2800002109465 6.40999984741211 6.40000009536743 6.69000005722046 7.42000007629395 7.30000019073486 7.23999977111816 7.19000005722046 7.03000020941528 6.96999979019165 6.90999984741211 6.94999980926514 6.90000009536743 6.98000001907349 7.03000020980835 7 7.09000015257022 6.94000005722046 6.51999998092651 6.07999992370606 5.34000015258789 4.92000007629395 4.76000022888184 4.67000007629395 4.17000007629395 4.01999998092651 3.76999998092651 3.11999988555908 2.85999989509582 2.73000001907349 2.57999992370605 2.25999999046326 2.39000010490417
-9999 -9999 -9999 -9999 -9999 5.96999979019165 6.07000017166138 6.09000015258789 5.88999999867891 6.26999998092651 5.94999980926514 5.90000009536743 5.90999984741211 6.01000022888184 6.17999982833862 6.34000015258789 6.51000022888184 6.8600001335144 7.38000011444092 7.3600001335144 7.23999977111816 6.92000007629395 6.65999984741211 6.53999996185303 6.84999990463257 7.07000017144975 7.13000011444092 7.15000009536743 7.1399998664856 7.05000019073486 6.94000005722046 6.71000003814697 6.28000020980835 5.82999992370605 5.15999984741211 4.59999990463257 4.46000003814755 4.48000001907349 4.23999977111816 3.97000002861023 3.4300000667572 2.83999991416931 2.71000003814697 2.69000005722046 2.55999994277954 2.33999991416931 2.41000008583069
-9999 -9999 -9999 -9999 -9999 5.78999996185303 5.80999994277954 6.11999988555908 5.76999998092651 5.77999998946312 5.5 5.44999980926514 5.44000005722046 5.55000019073486 5.69000005722046 5.84999990463257 5.94000005722046 6.15999984741211 7.05999994277954 7.03000020980835 7.0100002289276 6.8899998664856 6.65000009536743 6.51999998092651 6.63000011444092 6.98000001859076 7.17000007629394 7.23000001907349 7.1399998664856 7.13000011444092 6.48999977111816 6.28999996185303 5.90000009536743 5.3899998664856 4.96000003814697 4.36999988555908 4.26000022888037 4.3600001335144 4.19000005722046 3.75 3.19000005722046 3.14000010490417 2.89000010490417 2.59999990463257 2.49000000953674 2.50999999046326 2.4300000667572
-9999 -9999 -9999 -9999 -9999 5.69999980926514 5.84999990901198 5.90000009536743 5.34999990463257 4.80000019073486 5.24999989844123 5.07999990549707 4.80999994277954 4.78999996185303 5.19999980926514 5.51000022888184 5.76999998079298 5.96000003814697 6.32000017166138 6.67999982833862 6.57000017166138 6.48999977111816 6.55000019073486 6.36000013351441 6.48999977111816 6.8899998664856 6.98999977111816 7.13000011468804 7.15000009536743 6.46999979019165 6.07999992370606 5.61999988562537 5.44999980926514 4.94000005722046 4.75 4.21000003814697 4.15000009536486 4.32999992370605 3.97000002861023 3.45000004768372 3.07999992370606 2.91000008583069 2.99000000953674 2.47000002861023 2.39000010490417 2.64000010490417 2.63000011444092
-9999 -9999 -9999 -9999 -9999 5.44999980926514 5.44000005722046 5.73000001907349 5.09000015258789 4.82999992370605 4.71999979019165 4.80999982958551 4.76000022888184 4.76000022888184 4.90000009536743 5.28999996185303 5.51999998092651 5.73999977111816 5.71999979019165 6.01000022888184 5.96000003814697 6.11000013323206 6.34999990463257 6.19000005722046 6.42999982833862 6.71999979019165 6.88999986644602 6.71000003814697 6.30000019073486 6.03999996056836 5.65999984741211 5.32999992370605 5.1100001335144 4.96000003814697 4.71000003814697 4.23000001907349 4.05000019073486 4.11999988555908 3.66000008583069 3.22000002861023 2.90000009536743 2.63000011444092 2.67000007629395 2.55999994277954 2.63000011444092 2.72000002861023 2.84999990463257
-9999 -9999 -9999 -9999 -9999 4.90999984741211 5.03999996185303 5.17999982833862 4.90000009536743 4.51000022888184 4.44999980926514 4.34999990463257 4.55999990960033 4.78000020980835 4.8600001335144 4.96000003814697 5.42000007629395 5.36999988440097 5.26999998092651 5.01999998092651 5.05000019073486 5.51000022888184 5.69999980926514 5.96999979019165 6.19999980926514 6.15999984741211 6.15000009536743 6.1399998664856 6.03999996185303 5.53999996185303 5.15999984741211 5.11999988544304 5.01000022877799 4.98999977111816 4.76000022888184 4.21999979019165 3.89000010490417 3.79999995231628 3.46000003814697 3.07999992370605 2.86999988555908 2.76999998092651 2.70000004768387 2.95000004768372 3 3.07999992370605 2.96000003814697
-9999 -9999 -9999 -9999 -9999 3.36999988555908 4.65000009536743 4.53999996185303 4.40999981250945 4.23000001907349 4.19000005722046 4.34999990463257 4.71000003814697 4.69000011065578 4.86999988555908 4.86999988555908 5.21999979019165 4.92999982833862 4.98999977111816 4.40000009536743 4.1399998664856 5.40000009536743 5.67999982819461 5.65999984741211 5.65000009536743 5.53000020980835 5.73999977111816 5.80999994277954 5.63000011444092 5.44999980926514 5.21000003814697 5.05999994277954 4.94000005722046 4.94000005722046 4.71999979013503 4.11000013348735 3.69000005722046 3.58999991416931 3.27999997138977 2.99000000953674 2.85999989509583 2.80999994277954 2.75 2.79999995231628 2.8199999332428 2.96000003814697 2.96000003814697
-9999 -9999 -9999 -9999 2.47000002861023 2.45000004768372 3.25999999046326 3.90000009536743 3.73000001907349 3.66000008583069 3.73000001907349 3.91000008583069 4.65999984741211 4.88999986648559 4.90999984284514 4.98000001907349 5 4.88000011444092 4.920000075385 4.40999984741211 4.65000009536743 5.3899998664856 5.15999984741211 5.13999986648559 5.19999980926514 5.19999980926514 5.3899998664856 5.55999994273626 5.55999994277954 5.53000020980835 5.3899998664856 5.34000015258789 5.1900000572527 5.01999998092651 4.46999979019165 3.96000003814697 3.45000004768372 3.39000010490417 3.18000006675643 2.8199999332441 2.82999992370624 2.75999999046354 2.61999988555939 2.6400001049045 2.54999995231628 2.74000000953674 2.97000002861046
-9999 -9999 -9999 -9999 1.53999996185303 2.13000011444092 2.92000007629394 3.49000000953674 3.10999989509583 3.31000014013977 3.96000003814697 4.36999988555908 4.8899998664856 5.09000015258789 4.90000009536743 4.42999987255209 5.1100001335144 4.96999979019165 4.40999984741211 4.3899998664856 4.44999980926514 4.90000009536743 4.71000003814697 4.67999982833862 4.76999998092651 4.82999992370605 5.23999977111816 5.51000022888184 5.65000009536743 5.78000020980835 5.53000020980835 5.40000009536743 5.46999979020026 5.07000017166138 4.63000011444092 4.03999996185303 3.57999992370605 3.26999998092893 3.26999998092651 3.23000001907349 3.29999995231628 3.24000000953674 3.11999988555908 2.97000002861023 3 3.00999999046326 3.21000003814697
-9999 -9999 -9999 -9999 1.30999994277954 1.91999995708466 2.59999990463257 3.10999989509583 3.76999998092651 4.05000019073486 3.94000005722046 4.51999998092651 5.01000022888184 4.84000015258789 4.80000019073486 4.86999988555908 4.78999996185303 4.63000011444092 4.28999996185303 4.26999998092651 4.25000002536968 4.28000020980835 5.03999996185303 4.98000001907349 4.46000003814697 4.48999977111816 5.03000020980835 5.42999982833862 5.59000015258789 5.67000007629395 5.57999992370605 5.5 5.19999980926514 5.03999996185303 4.75 4.21999979019165 3.71000003814697 3.3299999237087 3.36999988555908 3.60999989509583 3.79999995231628 3.75999999046326 3.47000002861004 3.13000011444092 2.96000003814697 3.15000009536743 3.13000011444092
-9999 -9999 -9999 -9999 0.519996560447582 2.34999990463257 1.71999999961458 1.70000004768372 2.8199999332428 4.15000009536743 4.19999980926514 4.34000015258789 4.53000020980835 4.48000001907349 4.51000022888184 4.26999998092651 4.30000019073486 3.85999989509582 3.95000004955949 4.30000019073486 4.67999982833862 4.63000011444092 4.78999996185303 4.73999977111816 4.26999998092651 4.55000019073486 4.82000017166138 4.94000005722046 5.40999984731036 5.40000009536743 5.32000017166138 5.26999998092651 5.23999977111816 5.15999984741211 4.84000015258789 4.3600001335144 3.82999992370605 3.41000008583359 3.35999989509583 4.26000022888184 4.71999979019165 4.3899998664856 4.01999998092642 3.41000008583069 3.20000004768372 2.99000000953674 3.36999988555908
-9999 -9999 -9999 -9999 -1.75 1.86999946936405 1.1599999666214 1.62999999523163 2.25 2.99000000953674 3.61999988555908 3.47000002861024 4.01999998092651 3.94000005722046 4.05999994277954 4.09999990463257 4.09000015258789 4.01999998092651 3.8199999332428 4.28000020980835 4.15000009536743 4.26999997511354 4.25 4.46000003846668 4.46000003814697 4.46000003814697 4.55999994277954 4.82999992370605 5.13000011444092 5.21999979019165 4.94999980926514 4.98000001907349 4.75 4.84000015258789 4.80999994277954 4.44000005722046 3.88000011444092 3.61999988555908 3.75 5.30999994277954 6.09000015258789 4.82000017166138 4.07999992370605 3.46000003814697 3.02999997138977 3.07999992370606 3.32999992370605
-9999 -9999 -9999 -9999 -1.02999997138977 -3.04999995231628 -0.449999642495587 0.560000234079693 1.76999998092651 1.73000001907349 2.00999999046326 2.36999988555908 2.76999998092651 3.38000011444092 3.92000007629395 3.98000001907349 4.21999979019165 4.26999998092651 4.15999984741211 3.98000001907349 4 4.1399998664856 4.07999992405514 4.21000003814697 3.96000003866069 4.23999977111816 4.51000022888184 4.53000020980835 4.61999988555908 4.82000017166138 4.82999992370605 4.76000022888184 4.57999992370605 4.32999992371594 4.44000005722046 4.17000007629394 3.71000003814697 3.71000003814697 3.96000003814697 4.86999988555908 5.03000020980835 4.42000007629394 3.86999988555935 3.50999999046326 2.98000001907349 3.10999989509582 3.36999988555908
-9999 -9999 -9999 -9999 -2.23000001907349 -1.91999995708466 -2.61999988555908 -0.429999276968448 1.69000005722046 1.48000001907349 1.11000001430511 1.51999998092651 1.86000005467306 3.21000003814697 3.6800000667572 3.90000009536743 3.9100000867094 4.15999984741211 3.83999991416931 3.76999998092651 3.84999990463257 3.82999992306693 3.88000011712219 4 4.01999998092651 4.17000007629394 4.57999992370605 4.15999984741211 4.25 4.32000017166138 4.40000009536743 4.30999994277954 4.1100001335144 3.98000001907349 3.94000005722046 3.89000010490417 3.45000004768372 3.47000002861023 3.59999990463257 4.09999990463257 4.11999988555908 3.41000008583069 3.49999999999982 2.9300000667572 2.79999995231628 2.83999991416931 3.35999989509583
-9999 -9999 -9999 -9999 -2.40000122193758 -3.32999992370605 -3.07999992370606 0.889999985694885 0.75 2.16000008583069 1.25 1.87999999523163 2.66000008583069 3.03999996185303 2.96000003814697 3.84999990463257 4.01000022888184 4.05000018955707 3.68000006673453 3.82999992370605 3.88000011432212 3.98000001907349 3.96000003814697 4.03000020980835 4.07999992370605 4.1100001335144 4 3.97000002861023 4.05000019073486 3.89000010490417 3.75999999046326 3.76999998092651 3.59999990463257 3.50999999046326 3.5699999332428 3.57999992370605 3.23000001907349 3.10999989509583 3.1800000667572 3.40000009536743 2.95000004768372 2.5 3.03999996185303 2.47000002861023 2.70000004768372 2.90000009536743 3.41000008583069
-9999 -9999 -9999 -9999 -3.3199999332428 -4.03000020980835 -3.11999988555908 -1.77999997138977 4.23000001907349 3.00999999046326 1.78999996185303 1.66999995708466 1.72000002861023 2.47000002861023 3.5 3.53999996185303 3.91000008583069 3.54999995231628 3.69000005722046 3.82999992370606 3.96000003814697 4.09000015258789 4.07999992370605 4.09000015382934 4.15999984741211 4.32000017166138 3.83999991416931 3.47000002861023 3.69000005722046 3.70000004768372 3.41000008583069 3.30999994277954 3.10999989509583 2.96000003814697 3.03999996185303 3.02999997138977 2.82999992370606 2.72000002861023 2.80999994277954 2.8199999332428 2.32999992370605 2.15000009536743 2.5 2.3199999332428 2.55999994277954 3.08999991416931 3.45000004768372
-9999 -9999 -9999 -9999 -3.82999992370606 -2.25999999046326 -2.01999998092651 4.17999982833862 0.25 0.230000004172325 1.29999995231628 1.33000004291534 1.74000000953674 2.96000003814697 2.61999988555908 2.96000003814697 3.77999997138977 3.85999989509583 3.73000001907349 3.78999996185303 3.99000000953674 4.26000022888184 4.09999990463257 4.13999986525928 4.23000001907349 4.34000015258789 3.97000002861023 3.70000004768372 3.60999989509583 3.48000001907349 3.32999992370605 3.22000002861023 2.69000005722046 2.52999997138977 2.49000000953674 2.38000011444092 2.30999994277954 2.25999999046326 2.32999992370605 2.52999997138977 2.29999995231628 2.07999992370605 2.03999996185303 2.24000000953674 2.48000001907349 3.1800000667572 3.64000010490417
