SnowAccumulation_R/test/tmax/final_tmax_21_04_2009.asc
NCOLS 97 
NROWS 69 
XLLCORNER 52512.810182332 
YLLCORNER 5316225.2758522 
CELLSIZE 10000 
NODATA_value -9999 
[rows 21 to 41 of 69, columns 0 to 46 of 97]
-9999 -9999 -9999 -9999 11.6099996566772 11.6499996185303 12.7299995422363 14.5699996948242 12.1899995803833 13.5799999237061 14.0200004577637 16.9200000762939 18.25 18.6200008392334 19.3899993896484 20.7999992370605 21.9400005340576 22.4899997711182 22.4699993133545 22.5200004577637 22.6599998474121 22.5799999237061 22.4300003051758 22.2399997711182 22.2399997716626 22.0699996948242 22.0300006866455 21.7600002288818 21.4200000762939 21.2299995422363 21.1200008392334 21.0100002288818 20.9500007629395 20.8999996185303 20.9300003051758 21.0900001525879 21.0799999237061 21.0599994659424 21.0799999237061 20.5799999237061 20.6200008392334 20.5300006866455 20.0200004577638 19.8199996948242 19.6700000762939 19.3700008392334 19.3999996185303
-9999 -9999 -9999 -9999 12.8199996948242 10.3400001525879 12.7399997711182 14.5 12.5799999237061 11.7700004577637 14.8699998855591 14.8599996566772 17.6299991607666 17.8299999237061 18.340000344367 20.3400001525879 21.2399997711182 21.8799991607666 22.3099994659424 22.3600006103516 22.3999996185303 22.3099994659424 22.1299991607666 22.1499996185303 22.2700004539988 22.1100006103516 21.8799991607666 21.4799995422363 21.2900009155273 20.9400005340576 20.8999996185303 20.8199996948242 21.0400009155273 21.0699996948242 20.9500007629395 21.0200004577637 20.9799995422363 20.9400005340576 20.9799995422363 20.3500003814697 20.4500007629395 20.3799991607666 20.0400009155273 19.7999992370605 19.4799995422363 19.2800006866455 19.3400001525879
-9999 -9999 -9999 10.6899995803833 11.5299997329712 14.1000003814697 12.6099996566772 11.9499998092651 10.9200000762939 11.7200002670288 13.3800001144409 12.5799999237061 16.6900005340576 18.3799990075202 19.4699993133545 20.8400001525879 21.4300003051758 21.6900005340576 22.1599998474121 22.1100006103516 22.1399993896484 22.0699996948242 22.0200004577637 21.9699993133545 21.8799991607666 21.5 21.6599998431373 21.3500003814697 21.2199993133545 20.9200000762939 20.8600006103516 20.8099994659424 20.8600006103516 21.1599998474121 21.1499996185303 21.2000007629395 21.0100002288818 20.8799991607666 20.9899997711182 20.9500007629395 20.25 20.0699996948242 19.9300003051758 19.7299995422363 19.4099998474121 19.3199996948242 19.1100006103516
-9999 -9999 -9999 9.55000019073486 10.3400001525879 11.4899997711182 9.47999954223633 11.7399997711182 10.3500003814697 10.1999998092651 12.2299995422363 13.6099997266712 15.3999996185303 20.2000007629394 20.7600002288818 21.1599998474121 21.4099998474121 22.0100002288818 22.0599994659424 22.1100006103516 22.1000003814697 22.0699996948242 22 21.7700004577637 21.5599994659424 21.4999999969004 21.2099990844727 21.0699996948242 21.0499992370605 20.9899997711182 20.8799991607666 20.8500003814697 20.5599994659424 20.9699993133545 21.1800003051758 21.2199993133545 21.1800003051758 21.0300006866455 21.0300006866455 20.8799991607666 20.2800006866459 19.9799995422368 19.8500003814701 19.7000007629398 19.4099998474121 19.2700004577637 19.1399993896484
-9999 -9999 -9999 9.17000007629395 10.4100004180618 11.3999996185303 10.8199996948242 10.8900003433228 8.17000007629395 11.6199998855591 10.8500003814697 19.4599990844727 19.6900005340576 19.9400005340576 20.8700008392334 21.3299999237061 21.4799995422363 21.9899997711182 22.0100002288818 22.0499992370606 22.0699996948242 22.0699996948242 21.8199996948242 21.7199993133545 21.5499992370605 21.4400005340576 21.1599998474121 20.959999084671 20.9899997711182 21.0100002288818 20.9300003051758 20.9400005340576 20.9599990844727 21.1499996185303 21.5499992370605 21.5799999237061 21.3899993896484 21.2700004577637 21.0100002288818 20.8400001525879 20.7299995422363 20.4500007629395 20.2299995422363 20.1000003814697 19.8199996948242 19.4699993133545 19.1800003051759
-9999 -9999 -9999 9.11000454024613 8.64000034332275 13.6499996185303 10.0200004577637 9.48999977111816 10.3000001907349 9.26000022888184 10.5 12.0100002288818 20.0400009155273 20.6000003814697 20.7700004577637 20.9200000762939 21.0200004577637 21.9699993133545 22.0300006866455 22.0699996948242 22.0599994659424 21.9200000762939 21.7999992370605 21.7000007629395 21.6100006103516 21.5200004577637 21.1599998486026 20.9899997705953 20.8700008392334 20.9899997711182 21.2199993133545 21.3500003814697 21.4599990844727 21.6000003814697 21.7099990844727 21.8600006103516 21.7700004577637 21.4200000762939 21.1399993896484 20.7600002288818 20.5699996948242 20.7299995422363 20.5300006866455 20.3700008392334 20.0699996948242 19.7700004577637 19.3700008392334
-9999 -9999 -9999 12.8299999237061 12.4899997711182 13.3199985262364 8.09000015258789 11.9300003051758 10.289999961853 10.9700002670288 11.9099998474121 11.6999998092651 12.2600002288818 20.3899993896484 20.5300006866455 20.6900005340576 21.3600006103516 21.8099994659424 21.8899993896484 21.9799995422363 22.0200004577637 22 21.9200000762939 21.7399997711182 21.5699996948242 21.4599990844727 21.3799991607666 21.2000007629395 20.790000916555 20.8099994659732 21.0900001525879 21.4899997711182 21.7199993133545 21.7999992370605 21.8500003814697 22.0900001525879 21.9200000762939 21.6499996185303 21.3500003814697 20.9300003051758 20.6700000762939 20.5 20.7900009155273 20.6299991607666 20.2299995422363 19.8899993896484 19.5699996948244
-9999 -9999 -9999 14.8400001525879 10.8599996566772 10.289999961853 10.8999996185303 9.77000045776367 11.3800001144409 10.5299997329712 11.6599998474121 11.3500003814697 12.6400003433228 12.8999996185303 20.5499992370606 19.8700008392334 21.2199993133545 21.8299999237061 21.8999996185303 22.0100002288818 22.1499996185303 22.25 22.1599998474121 22 21.6000003814697 21.4699993133545 21.3899993896484 21.1900005340576 20.9799995434854 20.8199996948242 21.2299995422363 21.7000007629394 21.9400005340576 22.0900001525879 21.9799995422363 21.9799995422363 21.9099998474121 21.6599998474121 21.4400005340576 21.2999992370605 21.0300006866455 20.8299999237061 20.7299995422363 20.9099998474121 20.5100002288818 20.1200008392334 19.8299999237061
-9999 -9999 -9999 14.6499996185303 11.7399997711182 13.1099996566772 12.5500003036595 12.2600002288818 14.7399997711182 11.4399995803833 9.40999984741211 10.5799999237061 10.210000038147 11.6800003051758 19.5200004577637 19.6900005340576 19.9099998474121 21.4599990844727 21.8400001525879 22.1200008392334 22.2299995422363 22.6299991607666 22.2900009155273 22.0900001525879 21.8400001525879 21.6100006103516 21.4200000762939 21.1399993896484 21.25 21.3999996185303 21.4300003054571 21.8600006105993 22.1000003814697 22.1399993896484 22.0900001525879 22.0300006866455 22.1499996185303 22.0799999237061 21.9500007629395 21.7099990844727 21.1800003051758 20.9599990844727 20.6000003814697 20.3899993896484 20.7399997711182 20.4899997711182 20.1299991607667
-9999 -9999 -9999 16.4899985289007 14.2399997711182 13.8400001525879 12.5799997206306 10.6300001144409 11.1999998092651 13.6099996566772 9.76000025086586 11.5600004196167 13.7700004577637 10.460000038147 19.3099994659424 19.5 19.8099994659424 20.1299991607666 21.8099994659424 21.8899993896484 22.1299991607666 22.1900005340576 22.2000007629395 22.2099990844727 21.9099998474121 21.6399993896484 21.2600002288818 21.1800003051758 21.2900009155273 21.3999996185667 21.5699996948441 22.0499992370606 22.4699993133545 22.5 22.1599998474121 22.3199996948242 22.5599994659424 22.5400009155273 22.0699996948242 22.0100002288818 21.4200000762939 21.1900005340576 20.7199993133545 20.6100006103516 20.5100002288818 20.1200008392334 20.2600002288818
-9999 -9999 -9999 16.2800006866455 13.1999998092651 15.5100002288818 11.3900003433228 12.0499988841965 9.92000007629395 14.6700000762939 13.8699998855591 12.0100002288818 12.0299997329712 12.9200000762939 18.7600002288818 19.3400001525879 19.6499996185303 20.0799999237061 20.9699993133545 21.7900009155273 21.8999996185303 22.0100002288818 22.0499992370605 22.0699996948242 21.8299999237061 21.6399993896484 21.2700004577637 21.1900005340576 21.3099994659424 21.4200000762939 21.6100006103516 21.7399997711182 22.4500007627085 22.4300003052333 22.7199993133545 22.7099990844727 22.6499996185303 22.6700000762939 22.6900005340576 22.4899997711182 22.1000003814697 21.8400001525879 21.3099994659424 21.1700000762939 20.7399997711182 20.3400001525879 20.3299999237061
-9999 -9999 -9999 13.3199996948242 15.9300004801181 13.5799999237061 15.1999998092651 11.1599998474121 12.52999932431 11.5500001907349 13.5299997329712 15.1700000762939 15.1000003814697 16.9400005340576 18.5699996948242 18.8700008392334 19.2199993133545 19.9200000762939 20.8600006103516 21.7199993133545 21.7700004577637 21.7800006866455 21.8899993896484 21.8299999237061 21.6399993896484 21.4300003051758 21.3700008392334 21.3400001525879 21.3400001525879 21.4400005340576 21.6900005340576 21.739999771319 22.1599998473101 22.5499992370605 22.6100006103516 22.9200000762939 23.0499992370605 23.3899993896484 23.1200008392334 22.8700008392334 22.5699996948242 22.6499996185303 21.5100002288818 21.3400001525879 21.2700004577637 20.7999992370605 20.6900005340576
-9999 -9999 -9999 13.9200000762939 16.0699996948242 17.5100002288818 14.4899997711182 16.0200004577637 12.8999996185303 11.9300015070726 11.25 14.4799995422363 14.1300001144409 14.8599996566772 18.2399997711182 18.6499996185303 19.2299995422363 19.3299999237061 20.1499996185303 21.4599990844727 21.4699993133545 21.5699996948242 21.7900009155273 21.6800003051758 21.5300006866455 21.4599990844727 21.4099998474121 21.4699993133545 21.4699993133545 21.7700004577637 21.8999996185303 22.1200008392334 22.2700004577637 22.4300003051758 22.6299991607666 23.0499992370825 23.3199996948369 23.5300006866455 23.6299991607666 23.6900005340576 23.4200000762939 22.8999996185303 22.6200008392334 21.5799999237061 21.4099998474121 21.2800006866455 20.8400001525879
-9999 -9999 -9999 11.6899995803833 14.2700004577637 16.75 17.7900009155273 12.8999996185303 15.9700002670288 13.1099996566772 12.130000920072 11.3299999237061 12.1599998474121 13.7799997329712 17.4799995422363 17.9200000762939 19.5799999237061 19.1100006103516 19.4300003051758 20.1100006103516 21.4400005340576 21.6200008392334 21.7800006866455 21.6900005340576 21.6000003814697 21.4400005340576 21.5599994659424 21.3500003814697 20.8199996948242 21.6900005340576 22.0200004577637 22.4300003051758 22.5900001525879 22.7900009155273 23.2399997711182 23.5499992370605 23.9699993133545 23.9899997711182 24.0799999237061 24.0599994659425 23.8799991607667 23.5200004577645 22.8600006103528 22.129999160767 21.600000381471 21.4400005340581 21.2999992370605
-9999 -9999 11.2399997711182 12.3000001907349 9.14000034332275 16.1200008392334 17.9300003051758 16.6399993896484 14.5100002288818 18.1900005340576 12.710000038147 10.9399999012091 10.3800001144409 12.75 16.1499996185303 13.1800003051758 17.6200008392334 18.5100002288818 19.1700000762939 19.6299991607666 21.4500007629395 21.4699993133545 21.5499992370605 21.5599994659424 21.7600002288818 21.7600002288818 21.6900005340576 21.5100002288818 21.4400005340576 21.9200000762939 22.2000007629395 22.5300006866455 22.8199996948242 23.1299991607666 23.6200008392334 23.9599990844727 24.5300006866455 24.1599998474121 24.0799999237062 24.0699996948253 23.9400005340585 23.8600006103516 23.3700008392334 22.2900009155273 22.1299991607666 21.6399993896484 21.4699993133545
-9999 -9999 9.6899995803833 9.13000011444092 11.9200000762939 10.539999961853 14.3199996948242 18.2600002288818 15.8699998855591 13.870000180586 13.1199998855591 13.8800001144409 11.2799997329712 12.1999998092651 16.0300006866455 15.1899995803833 16.8700008392334 18.0699996948242 18.6100006103516 19.0900001525879 21.2199993133545 21.5499992370605 21.6200008392334 21.6700000762939 22.0599994650133 22.069999694804 22.1700000762939 22.1000003814697 22.25 22.2999992370605 22.5599994659424 22.7000007629395 23 23.3899993896484 23.8500003814697 24.1100006103516 24.2900009155273 24.2900009155273 24.3999996185303 24.3700008392334 24.3600006103516 24.3199996948242 24.0100002288818 23.4300003051758 23.1700000762939 22.6499996185303 22.1900005340576
-9999 -9999 11.2700004577637 12.6899995803833 12.0100002288818 11.0299997329712 11.7500003652909 18.0900001525879 19.0499992370605 14.4099998474121 17.3999996185303 16.2399997711182 12.8500003814697 12.6400003433228 16.9500007629395 17.0400009155273 17.3799991607666 18.0699996948242 18.5499992370606 19 20.9699993133545 21.5200004577637 21.6900005340576 21.7800006866455 22.1599998474121 22.2199993133545 22.6000003814697 22.7199993133545 23.1100006103516 23.3799991607666 22.9899997711182 22.9200000762939 23.2999992370605 23.5200004577637 23.7700004577637 24.0499992370605 24.2099990844727 24.4200000762939 24.4500007629395 24.4300003051758 24.4200000762939 24.3799991607666 24.0799999237061 23.9699993133545 23.7900009155273 23.1200008392334 22.6499996185303
-9999 -9999 12 13.7700004577637 13.2700004577637 9.77000045776367 12.6300001144409 15.4300003051758 19.8199996948242 15.0100002288818 15.039999961853 14.539999961853 15.9899997711182 11.1300001278166 11.1099996566772 17.5699996948242 17.7399997711182 17.9099998474121 18.5799999237061 19.2800006866455 20.8700008392334 21.3400001525879 21.8099994659424 21.8899993896484 22.0900001525879 22.5300006866455 23.2999992370605 23.6000003814697 23.7700004577637 23.75 23.7299995422363 23.7800006866455 23.8500003814697 24.0599994659424 24.1200008392334 24.2299995422363 24.4300003051758 24.6599998474121 24.5 24.5 24.8799991607666 24.4500007629395 24.1499996185303 24.0400009155273 24.0499992370605 23.9300003051758 23.4899997711182
-9999 -9999 16.2700016712374 14.3699998855591 10.9399995803833 12.7200002670288 13.3599996566772 14.8400001525879 19.8299999237061 17.6100006103516 14.2299996381692 19.0400009155273 17.0900001525879 14.75 14.3400001525879 17.5200004577637 17.8799991607666 18.0799999237061 18.6200008392334 19.1399993896484 20.5300006866455 20.5100002288818 21.4799995422363 22.0499992370605 22.6499996185303 23.1100006103516 23.4899997711182 23.9300003051758 23.9500007629395 23.9899997711182 24.0400009155273 24.2900009155273 24.5400009155273 24.6599998474121 24.7000007629395 25.1100006103516 25.0900001525879 25.1000003814697 24.8199996948242 24.8999996185303 24.9599990844727 24.9599990844727 25.0799999237061 24.75 24.3799991607666 24.2999992370605 24.2399997711182
-9999 -9999 18.6700000762939 10.2600022905558 9.47999980661089 10.8999996185303 10.0900001525879 15.460000038147 16.0499992370605 20.7299995422363 13.460000038147 18.1200008392334 15.6700000762939 13.7700004577637 12.1800003051758 11.1099996566772 15.5100002288818 18.5 18.7999992370606 19.25 20.1599998474121 19.6499996185303 22.6299991554251 22.9799995411368 22.7600002288818 23.290000914557 23.2900009223946 24.3299999237061 24.5100002288818 24.5100002288818 24.8700008392334 25.0200004577637 24.9799995422363 24.8500003814697 25.3199996948242 25.25 25.5 25.3500003814697 24.9400005340576 25.1800003051758 25.2999992370605 25.2999992370605 25.4099998474121 25.6499996185303 25.5799999237061 25.0499992370605 24.9099998474121
-9999 -9999 19.0799999237061 12.6599998474121 12.1200000442502 11.3699998855591 14.0500001907349 11.4300003051758 13.4200000762939 20.1100006103516 14.0699996948242 15.2700004577637 17.0200004577637 14.1099996566772 13.6999998092651 12.8999996185303 15.2799997329712 15.3000001907349 19.0499992370605 20.3999996185303 20.6299991599807 21.6100006060643 22.5 22.6800003051758 22.7399997711182 24.0400009155273 24.7000007618689 25 25.2999992370605 25.4599990844727 25.3700008392334 25.4200000762939 25.5 25.75 25.6900005340576 25.6700000762939 25.7000007629395 25.6200008392334 25.6499996185303 25.7299995422363 25.9200000762939 25.9500007629395 25.7999992370606 26.0900001525879 25.75 25.4400005340576 25.0900001525879
