SnowAccumulation_R/test/tmax/final_tmax_12_04_2009.asc
NCOLS 97 
NROWS 69 
XLLCORNER 52512.810182332 
YLLCORNER 5316225.2758522 
CELLSIZE 10000 
NODATA_value -9999 
[rows 0 to 20 of 69, columns 0 to 46 of 97]
-9999.000000000000000 -9999 -9999 -9999 -9999 -9999 -9999 -9999 -9999 -9999 -9999 -9999 -9999 -9999 -9999 -9999 -9999 -9999 -9999 -9999 -9999 -9999 -9999 -9999 -9999 -9999 -9999 -9999 -9999 -9999 -9999 -9999 -9999 -9999 -9999 -9999 -9999 -9999 -9999 -9999 -9999 -9999 -9999 -9999 -9999 -9999 -9999
-9999 -9999 -9999 -9999 -9999 12.7399997711182 12.8500003814697 12.789999961853 12.5699996948242 13.3199996948242 12.9700002670288 12.9499998092651 13.1000004139533 13.3199996948242 13 13.0200004577637 13.5299997329712 13.8800001144409 13.9899997718302 -9999 -9999 -9999 -9999 -9999 -9999 -9999 -9999 -9999 -9999 -9999 -9999 -9999 -9999 -9999 -9999 -9999 -9999 -9999 -9999 -9999 -9999 -9999 -9999 -9999 -9999 -9999 -9999
-9999 -9999 -9999 -9999 -9999 11.6700000762939 11.9099998474121 12.5100002288818 12.8900003433228 13.5299997329712 13.4200000762939 13.6300001144409 13.6400003433228 13.4799995290903 13.1099996566772 13.4200000762939 13.710000038147 13.9300003051758 14.1300001144409 14.1599998405257 14.1300001144409 14.1300001144409 13.9899997711182 13.7399997711182 13.5299997329712 13.1199998855591 13.1300001144409 13.1599998474121 13.210000038147 13.4099998474121 13.4700002670288 13.6499996185303 13.7700004577637 13.6400003433228 13.2799997329712 12.8400001525879 12.5299997329712 12.3400001525879 12.0699996948242 11.8500003814697 11.5 11.1300001144409 10.9399995803833 10.4799995422363 10.2600002288818 9.96000003814697 9.65999984741211
-9999 -9999 -9999 -9999 -9999 12.3800001144409 13.0500001907349 13.210000038147 13.3100004961303 13.789999961853 13.7799997329712 13.6099996566772 13.7299995422363 13.3900003433228 13.25 13.3199996948242 13.5 13.7299995422363 14.1400003433228 14.0200004574961 13.7299995422363 13.5100002288818 13.5299997329712 13.4300003051758 13.1599998476714 13.0699996948242 13.0600004196167 13.1599998474121 13.210000038147 13.5900001525879 13.6400003433228 13.8100004196167 13.8199996948242 13.6199998855591 13.2200002670288 12.789999961853 12.5900001525879 12.3800001144409 12.0699996948242 11.8999996185303 11.6999998092651 11.470000267029 11.2600002288818 11.0100002288818 10.8400001525879 10.6300001144409 10.4099998474121
-9999 -9999 -9999 -9999 -9999 12.8500003814697 13.25 13.520000501635 13.6800003051758 13.750000024793 13.9300003051758 13.8999996185303 13.8000001907349 13.6999998092651 13.6599998451358 13.5900001525879 13.4399995803833 13.6499996185303 14.3599996566772 14.1099996566772 13.9399995803833 13.6700000762939 13.2799997416186 13.3100004196167 13.2799997329712 13.3100004196167 13.2700004577637 13.3299999237061 13.4700002670288 13.6800003051758 13.9200000762409 13.8800001144409 13.7200002670288 13.710000038147 13.3100004196167 12.9399995803833 12.75 12.5699996948242 12.1599998474121 12.1099996566772 12.1199998855591 11.9099998474121 11.8400001525879 11.7399997711182 11.4300003051758 10.9099998474121 10.6099996566772
-9999 -9999 -9999 -9999 -9999 13.1400003433228 13.5 13.75 13.6800004594011 14 13.8800001144409 13.8699998855591 13.8199996948242 13.7600002288818 13.6999998092651 13.6999998092651 13.6199998855591 13.8800001144409 14.7700004577637 14.5100002288818 14.2799997329712 13.8400001525879 13.5299997329712 13.3999996185303 13.4399995803833 13.6599998472156 13.710000038147 13.6499996185303 13.6999998092651 14.1099996566772 14.0699996948242 13.9300003051758 13.5799999237061 13.8900003433228 13.5799999237061 13.0900001525879 12.7700004577674 12.6700000762939 12.3999996185303 12.25 12.1000003814697 12.1700000762939 12.289999961853 12.3199996948242 11.960000038147 11.4300003051758 11.0100002288818
-9999 -9999 -9999 -9999 -9999 13.25 13.4200000762939 13.9099998474121 13.9300003051758 13.89000031884 13.8199996948242 13.8000001907349 13.75 13.710000038147 13.6199998855591 13.4899997711182 13.4099998474121 13.3199996948242 14.6700000762939 14.5299997329712 14.3800001145075 14.2200002670288 13.8900003433228 13.6700000762939 13.8100004196167 13.8999996233576 14.1000003814697 14.1400003433228 14.1000003814697 14.710000038147 14.1599998474121 14.0500001907349 14.0299997329712 14.2600002288818 13.9099998474121 13.3299999237061 12.9099998474171 12.789999961853 12.5600004196167 12.289999961853 12.1499996185303 12.8699998855591 13.0200004577637 13.0699996948242 12.5299997329712 11.9799995422363 11.3699998855591
-9999 -9999 -9999 -9999 -9999 13.210000038147 13.4899998455664 13.8400001525879 13.7399997711182 13.5500001907349 13.8400001779777 13.7600002187657 13.5900001525879 13.4899997711182 13.5900001525879 13.6000003814697 13.6899995794486 13.7799997329712 14.289999961853 14.5799999237061 14.4399995803833 14.3699998855591 14.2299995422363 13.8699998855591 13.9300003051758 14.3699998855591 14.5699996948242 14.8900003468649 15.0699996948242 14.4499998092651 14.210000038147 14.1599998473995 14.3800001144409 14.6300001144409 14.1099996566772 13.5 13.0200004577702 12.8599996566772 12.6300001144409 12.4700002670288 12.6000003814697 13.1800003051758 13.5699996948242 13.6999998092651 12.9200000762939 12.4099998474121 11.7799997329712
-9999 -9999 -9999 -9999 -9999 13.0100002288818 13.3500003814697 13.7299995422363 13.5699996948242 13.6599998474121 13.8299999237061 13.8199997115937 13.8000001907349 13.7399997711182 13.7200002670288 13.8299999237061 13.9399995803833 14.1700000762939 14.3599996566772 14.8299999237061 14.7799997329712 14.5100002290073 14.5 14.0100002288818 14.1000003814697 14.3599996566772 14.6899995801986 14.6700000762939 14.5100002288818 14.2700004565569 14.039999961853 14.1300001144409 14.1899995803833 14.4799995422363 14.1400003433228 13.5799999237061 13.1599998474121 13.039999961853 12.7700004577637 12.7700004577637 12.9099998474121 13.210000038147 13.5100002288818 13.6300001144409 13.2299995422363 12.6899995803833 12.1400003433228
-9999 -9999 -9999 -9999 -9999 12.4499998092651 12.9499998092651 13.4499998092651 13.3999996185303 13.4300003051758 13.7200002670288 13.8999996185303 13.9099999058602 14.039999961853 14 13.960000038147 14.3100004196167 14.3299999234487 14.5799999237061 14.9099998474121 14.9899997711182 14.4399995803833 14.1899995803833 14.0299997329712 14.0799999237061 13.9899997711182 13.9899997711182 13.9899997711182 14.1099996566772 13.7399997711182 13.5 13.899999618265 13.9999999997612 14.2600002288818 14.039999961853 13.6400003433228 13.3199996948242 13.1999998092651 13 12.9700002670288 13.1099996566772 13.3500003814697 13.4499998092653 13.6899995803833 13.460000038147 13.0500001907349 12.3800001144409
-9999 -9999 -9999 -9999 -9999 10.789999961853 12.4799995422363 12.8100004196167 12.8900003596106 13.1499996185303 13.5200004577637 14.0299997329712 14.5200004577637 14.26000033294 14.3000001907349 14.1999998092651 14.4700002670288 14.3999996185303 14.710000038147 14.7700004577637 14.7700004577637 14.1899995803833 13.9600000383939 13.8299999237061 13.7299995422363 13.5699996948242 13.75 13.8299999237061 13.75 13.6700000762939 13.5699996948242 13.6999998092651 13.7299995422363 14.0100002288818 13.9799995422363 13.6899995804026 13.460000038147 13.3699998855591 13.1499996185303 13.0200004577637 13.1400003433228 13.3199996948242 13.3699998855591 13.4700002670288 13.3299999237061 13.0600004196167 12.539999961853
-9999 -9999 -9999 -9999 9.42000007629395 9.60000038146973 10.8900003433228 12.0100002288818 12.3000001907349 12.4700002670288 12.9899997711182 13.5900001525879 14.6499996185303 14.8000001907349 14.5799999625253 14.539999961853 14.5200004577637 14.5500001907349 14.7700004570406 14.460000038147 14.2799997329712 13.6499996185303 13.3400001525879 13.3999996185303 13.539999961853 13.5299997329712 13.6700000762939 13.8199996947701 13.8299999237061 13.8800001144409 13.8699998855591 13.9700002670288 14.0500001907349 14.0900001525879 14.0200004577637 13.9300003051758 13.7299995422363 13.6700000762939 13.2899999618561 13.0299997329724 13.1099996566769 13.1800003051753 13.1499996185302 13.25 13.1400003433228 13.0100002288818 12.7100000381475
-9999 -9999 -9999 -9999 8.1899995803833 9.02000045776367 10.3000001907349 11.3699998855591 11.4499998092651 11.9200004783242 13.1400003433228 14.0699996948242 14.9200000762939 15.0299997329712 14.8699998855591 14.3100004785679 14.8100004196167 14.75 14.2299995422363 14.1499996185303 13.710000038147 13.3900003433228 13.2200002670288 13.2799997329712 13.4899997711182 13.539999961853 13.8100004196167 13.9799995422363 14.0900001525879 14.289999961853 14.1899995803833 14.1899995803833 14.3199996948178 14.3000001907349 14.3299999237061 14.1199998855591 13.9200000762939 13.6899995803854 13.6099996566772 13.289999961853 13.1199998855591 13.1599998474121 13.210000038147 13.4200000762939 13.6899995803833 13.5200004577637 13.1899995803833
-9999 -9999 -9999 -9999 7.69000005722046 8.73999977111816 9.67000007629395 10.6899995803833 11.9300003051758 12.7799997329712 12.9399995803833 14.0799999237061 14.8800001144409 14.8500003814697 14.8299999237061 14.8599996566772 14.7399997711182 14.4899997711182 14.0900001525879 13.9700002670288 13.6199999085688 13.3299999237061 14.0900001525879 14.0900001525879 13.6599998474121 13.6499996185303 13.9200000762939 14.1499996185303 14.25 14.4200000762939 14.5 14.6800003051758 14.9200000762939 14.75 14.6300001144409 14.3699998855591 14.1300001144409 13.8900003433248 13.8400001525879 13.4399995803833 13.1000003814697 13.2299995422363 13.2700004577638 13.5500001907349 13.8800001144409 13.75 13.25
-9999 -9999 -9999 -9999 6.61999614286113 8.89000034332275 8.43999962750125 8.85999965667725 10.6000003814697 12.6199998855591 13.2600002288818 13.6599998474121 14.2700004577637 14.4899997711182 14.6099996566772 14.4399995803833 14.4099998474121 13.9300003051758 13.8000001954243 14.039999961853 14.0100002288818 14.0799999237061 14.0799999237061 14.1000003814697 14 14.0799999237061 14.0200004577637 14 14.390000343221 14.4300003051758 14.5299997329712 14.7600002288818 15.0799999237061 15.0699996948242 14.8500003814697 14.5900001525879 14.3299999237061 14.0799999237079 14.039999961853 13.6300001144409 13.1000003814697 13.3400001525879 13.460000038147 13.7200002670288 13.9399995803833 13.6499996185303 13.4499998092651
-9999 -9999 -9999 -9999 3.88000011444092 8.06999883397836 7.76999998092651 8.47000026702881 9.64000034332275 11.0799999237061 12.3800001144409 12.5200004577637 13.6000003814697 13.9099998474121 14.25 14.3400001525879 14.3000001907349 14.0699996948242 13.7200002670288 13.5600004196167 13.5500001907349 13.7499999879269 13.8100004196167 14.2100000379186 14.210000038147 14.25 13.9799995422363 14.1199998855591 14.3800001144409 14.5100002288818 14.4300003051758 14.6499996185303 14.6700000762939 14.8800001144409 14.960000038147 14.75 14.460000038147 14.1999998092651 14.1099996566772 13.5799999237061 13.1999998092651 13.539999961853 13.5200004577637 13.7799997329712 13.789999961853 13.6700000762939 13.4399995803833
-9999 -9999 -9999 -9999 4.36999988555908 2.70000004768372 5.90000020170071 7.10000018579125 8.77000045776367 9.35999965667725 10.3999996185303 11.4200000762939 12.1300001144409 13.25 14.1300001144409 14.3100004196167 14.4499998092651 14.2399997711182 13.5600004196167 13.5 13.4399995803833 13.4799995422363 13.810000419118 14.1599998474121 14.1999998091829 13.9200000762939 14.0200004577637 14.2200002670288 14.2299995422363 14.3800001144409 14.5299997329712 14.6400003433228 14.6899995803833 14.6999998092595 14.8800001144409 14.789999961853 14.5 14.289999961853 14.1599998474121 13.6700000762939 13.3900003433228 13.7200002670288 13.9899997711181 13.960000038147 13.7700004577637 13.6999998092651 13.5200004577637
-9999 -9999 -9999 -9999 2.99000000953674 3.63000011444092 3.25999999046326 6.08000043036463 8.3100004196167 8.72999954223633 9.06999969482422 10.2600002288818 10.9300003639834 12.9700002670288 13.9099998474121 14.3800001144409 14.3599996561365 14.1300001144409 13.3699998855591 13.4099998474121 13.3900003433228 13.350000380984 13.7100000351305 13.8599996566772 14 14.0299997329712 14.1800003051758 14.1099996566772 14.1300001144409 14.2700004577637 14.289999961853 14.3999996185303 14.6899995803833 14.6999998092651 14.7600002288818 14.9099998474121 14.6199998855591 14.460000038147 14.3199996948242 14.0699996948242 13.9300003051758 13.9200000762939 14.1800003051756 13.8699998855591 13.75 13.5799999237061 13.6199998855591
-9999 -9999 -9999 -9999 2.62999909177763 2.01999998092651 2.57999992370605 6.80000019073486 7.44000005722046 8.96000003814697 8.89999961853027 10.3999996185303 11.8900003433228 12.6199998855591 13.0799999237061 14.5 14.3900003433228 14.0100002265263 13.2100000381113 13.3299999237061 13.359999656606 13.3800001144409 13.6199998855591 13.7600002288818 13.9200000762939 13.9399995803833 14.0100002288818 13.9499998092651 14.0600004196167 14.0900001525879 14.3400001525879 14.3900003433228 14.6800003051758 14.789999961853 14.8100004196167 15.039999961853 15.0200004577637 14.8400001525879 14.6999998092651 14.4799995422363 14.1199998855591 14.0699996948242 14.3199996948242 13.8699998855591 13.8500003814697 13.7299995422363 13.7799997329712
-9999 -9999 -9999 -9999 1.69000005722046 1.12000000476837 2.32999992370605 4.05000019073486 9.32999992370606 9.19999980926514 9.10000038146972 9.81999969482422 10.5900001525879 11.7700004577637 13.539999961853 14.1099996566772 14.4200000762939 13.0299997329712 13.1800003051758 13.1800003051758 13.1999998092651 13.3599996566772 13.460000038147 13.5799999239544 13.8999996185303 14.039999961853 13.8599996566772 13.7200002670288 13.9499998092651 14.0299997329712 14.3199996948242 14.5699996948242 14.6700000762939 14.789999961853 14.7200002670288 14.9799995422363 15.2299995422363 15.210000038147 15.0900001525879 14.7799997329712 14.3500003814697 14.2399997711182 14.3100004196167 14.039999961853 13.9099998474121 13.9899997711182 13.9200000762939
-9999 -9999 -9999 -9999 0.990000009536743 2.80999994277954 3.23000001907349 8.78999996185303 6.32000017166138 6.88000011444092 8.44999980926514 9.22999954223633 10.3599996566772 12.3999996185303 12.3000001907349 13.1300001144409 14.0600004196167 13.6400003433228 13.2399997711182 13.1800003051758 13.1499996185303 13.3800001144409 13.3999996185303 13.5900001540595 13.6999998092651 13.8900003433228 13.9399995803833 13.8900003433228 13.9899997711182 14.1599998474121 14.3400001525879 14.4099998474121 14.7600002288818 14.4799995422363 14.6000003814697 14.6999998092651 14.9099998474121 14.9799995422363 15.0100002288818 15.0500001907349 14.8000001907349 14.5900001525879 14.2299995422363 14.1800003051758 13.9799995422363 14.1800003051758 14.1800003051758
