SnowAccumulation_R/test/tmax/final_tmax_19_04_2009.asc
NCOLS 97 
NROWS 69 
XLLCORNER 52512.810182332 
YLLCORNER 5316225.2758522 
CELLSIZE 10000 
NODATA_value -9999 
[rows 42 to 62 of 69, columns 47 to 93 of 97]
16.8799991607666 16.6399993896484 16.3899993896484 16.3299999237061 16.2099990844727 15.6800003051758 15.6499996185303 15.7799997329712 15.8900003433228 16.0100002288818 15.789999961853 15.6499996185303 15.5699996948242 15.5 15.3199996948242 15.2700004577637 15.1099996566772 14.960000038147 14.7700004593895 14.6800003051758 14.1499996185303 14.2499999817426 13.9200000762939 14.1800003051758 13.9700002670288 14.039999961853 14.2200002670288 14.289999961853 14.3599996566772 14.4499998092651 14.1700000762939 14.0699996948242 14.0500001907349 13.8100004196167 13.6800003051758 14.1099996566772 14.3000001907349 14.1599998474121 14.0500001907349 13.8500003814697 13.7299995422363 13.4099998474121 13.1099996566772 13.1000003814697 13.0200004577637 12.8500003814697 12.7200002670288
16.9300003051758 16.7600002288818 16.6399993896484 16.2000007629394 15.9899997711182 15.9799995422363 15.9200000762939 15.8699998855591 15.8500003814697 15.8900003433228 15.8500003814697 15.6899995803833 15.6099996566772 15.4499998092651 15.2799997329712 15.1300001144409 15.1400003433228 14.8599996566772 14.8100004191797 14.3800001072015 13.960000038147 13.720000266933 13.7399997711182 13.7700004577637 14.1000003814697 14.1400003433228 14.210000038147 14.2399997711182 14.2399997711182 14.3900003433228 14.3199996948242 14.1999998092651 14.1400003433228 14.0299997329712 13.9300003051758 13.5500001907349 13.8599996566772 13.7600002288818 13.960000038147 13.8699998855591 13.7799997329712 13.5500001907349 13.3000001907349 13.25 13.1700000762939 13.0299997329712 12.9200000762939
17.0200004577637 16.7999992370606 16.4899997711182 15.9799995422363 15.8900003433228 16.0599994659424 16.1100006103516 16.1499996185303 16.1399993896484 16.1200008392334 15.9499998092651 15.6999998092651 15.5799999237061 15.3599996566772 15.0900001525879 14.9700002670288 14.9799995422363 14.6800003051758 14.4899997647712 14.1199998855591 13.6499996185303 13.5299997329712 13.4399995803833 13.8699998855591 13.9499998092651 14.1899995803833 14.4099998474121 14.4200000761716 14.2700004577637 14.3299999237061 14.3500003814697 14.3999996185303 14.3299999237061 14.289999961853 14.1700000762939 13.9499997823405 13.5299997581093 13.3599996566772 13.7799997329712 13.8100003457462 13.8100004196167 13.6800003051758 13.5299997978528 13.460000038147 13.3699998855591 13.2500001099642 13.1600005299497
17.2399997711182 16.9200000762939 16.3899993896484 15.9399995803833 15.8199996948242 16.3400001525879 16.3099994659424 16.3199996948242 16.2199993133545 16.0599994659424 15.9700002670288 15.6499996185303 15.5 15.2200002670288 14.9700002670288 14.8500003798704 14.5600004147488 14.2299995422363 14.25 13.9200000762939 13.6400003433228 13.5600004196167 13.6400003433228 13.6700000762939 13.7799997329712 13.8500003814697 14.4399995803833 14.4899997711182 14.4799995422363 14.460000038147 14.4399995803833 14.1700000762939 14.210000038147 14.2799997329712 14.1000003890058 13.9399995803833 13.75 13.5200004577637 13.289999961853 13.0900001525879 13.7200002670288 13.6700000762939 13.6499996185303 13.6499996185303 13.5900001525879 13.5500001907349 13.6999998092651
17.2700004577637 16.9200000762939 16.2199993133545 15.8599996566772 15.7600002288818 16.3999996185268 16.2399997711182 16.3199996948242 16.3099994659424 16.1000003814697 15.8699998855591 15.6499996185303 15.5299997329712 14.9200000757592 14.0200004577637 13.9700002670288 14.1300001144409 14.1199998855591 14.0600004196167 13.8299999237061 13.710000038147 13.6999998092651 13.8999996185303 14.3400001525879 14.3500003814697 14.2700004577637 14.4899997711182 14.4499998092651 14.460000038147 14.4300003051758 14.3900003433228 14.0699996948242 14.1899995803833 14.1800003051758 14.0100002288818 14.0900001525879 13.9399995803833 13.4799995422363 13.3100004196167 13.3999996185303 13.4200000762939 13.710000038147 13.6300001144409 13.6700000762939 13.7799996726805 13.8900003433228 13.8800001144409
17.0900001525879 16.9200000762939 16.5300006866455 15.8400001525879 15.6700000762939 16.3099994659351 16 16.2999992370605 16.4200000762744 16.1499996185303 15.8500003809544 15.7399997703316 14.5100002288818 13.5600004196167 13.6400003437049 14.1199998855591 13.9200000762939 13.8199996948242 13.8299999237061 13.7299995422363 14.0100002288818 14.0699996948242 14.289999961853 14.5699996948242 14.5200004577637 14.5100002288818 14.3000001907349 14.2399997711182 14.4200000762939 14.4700002669934 14.4099998474121 14.1999998092651 14.1999998092651 14.1300001144409 14.0900001525879 14.0799999237061 13.9899997711182 13.8699998855591 13.7600002288818 13.5100002288818 13.3699998855591 13.3500003814697 13.6599998474121 13.6700000762939 13.7100000787841 13.789999961853 13.8100004196167
17.2600002288818 16.9500007629394 16.6599998474121 15.75 15.5500001907349 15.80000019073 15.6499996185303 16.069999694746 16.2700004575098 14.6899995803833 13.6800003051758 13.7700004576503 13.1999998092651 13.1999998092651 13.3800001149006 14.1899995803833 13.9499998092651 13.8500003813976 14.039999961853 14.0900001525879 14.2600002296695 14.5200004577637 14.5699996948242 14.6099996562965 14.5 14.3900003433228 14.289999961853 14.2799997329712 14.3400001525879 14.4399995803833 14.3299999237061 14.1599998474121 14.1499996185303 14.1400003433228 14.1400003433228 14.2600002288818 14.0600004196167 13.9499998092651 13.8999996185303 13.6599998474121 13.5 13.460000038147 13.25 13.7600001058248 13.7600002288818 13.7200002670288 13.710000038147
17.2900009155273 16.9899997711182 16.0400009155273 15.6700000762939 15.3800001144409 13.6899995803833 14.289999961853 14.5299997329712 13.6999998092651 12.9700002670288 12.5200004577637 12.6300001144409 12.6999998092651 12.8599996566772 13.1199998855591 14.1999998092651 13.8699998855591 13.960000038147 14.1199998855591 14.4099998474121 14.3100004196167 14.5699996948242 14.6199998855591 14.539999961853 14.5799999237061 14.5600004196167 14.4799995422363 14.5299997329712 14.5 14.4899997768514 14.2799997329712 14.1400003433228 14.039999961853 14.1000003814697 14.210000038147 14.3000001907349 14.0900001525879 13.7500000323344 13.6899995803833 13.8299999237061 13.6800003311999 13.5900001525879 13.5299997329712 13.6000003814697 13.710000038147 13.8000001907349 13.710000038147
17.1800003051758 17.0300006866455 16.4500007629395 15.5900001525879 15.4399995803833 13.0799999237061 13.1400003433228 13.3599996566772 12.539999961853 13.2200002670288 12.789999961853 12.7700004577637 12.6700000762939 12.8100004196167 13.7200002670288 14.1099996566772 13.8100004196167 13.7399997711182 14 14.3199996948242 14.4099998474121 14.1199998855591 14.5100002288818 14.4499998092651 14.6199998855591 14.710000038147 14.7600002288818 14.5900001525879 14.6000003877 14.5100002288818 14.3400001525879 14.1000003827265 13.9899997711182 13.9700002670288 13.9700002670288 14.0900001525879 14.1499996185303 13.8800001144409 13.8900003433228 13.9899997711182 13.8699998855591 13.75 13.6199998855591 13.6300001144409 13.6800003051758 13.8100004196167 13.7799997329712
17.0599994659424 17.0300006866455 16.4599990844727 13.8199996948242 13.3100004196167 13.0100002288818 13.6300001144409 14.1400003433228 13.7700004577637 13.8199996948242 13.5600004196167 12.8900003433228 12.8699998855591 13.8599996566772 13.9700002670288 13.8299999237061 13.460000038147 13.6599998474121 13.8000001907349 14.3299999237061 14.210000038147 13.8199996948242 14.2200002670288 14.539999961853 14.6300001144409 14.7600002288818 14.7200002670288 14.5100002578979 14.7600002283469 14.460000038147 14.1499996185303 14.1899995803833 13.9799995422363 13.9200000762939 13.8199996948242 14.0900001525879 14.3299999237061 14.289999961853 14.1300001144409 14.2600002288818 14.1599998474121 14.039999961853 13.8100004798978 13.75 13.6499996185303 13.5799999237061 13.5600004196167
16.9799995422363 14.7799997329712 14.9099998474121 14.8599996566772 14.6800003051758 14.3900003433228 14.6199998855591 14.8400001525879 14.75 14.4499998092651 14.0600004196167 13.789999961853 13.0699996948242 14.0500001907349 14.2399997711182 13.8199996948242 13.5900001525879 13.9300003051758 14.1199998855591 14.1999998092651 14.1800003051758 14.3100004196167 14.2399997705682 14.3599996566772 14.5699996948242 14.6199998855591 14.6400003433228 14.8100004196167 14.7299995422363 14.3599996566772 13.8400001525879 13.8599996566772 13.6700000762939 13.4099998474121 13.5 13.4099998474121 13.8199996537084 14.1800003051758 14.460000038147 14.4700002670288 14.2799998435899 13.9399995803833 13.8599996566772 13.8199996948242 13.6199998855591 13.5699996948242 13.5699996948242
16.2999992370605 15.6099996566772 15.4099998474121 15.5299997329712 15.5 15.3699998855591 15.289999961853 15.3199996948242 15.3400001525879 15.0200004577637 14.6300001144409 14.3000001907349 13.4099998474121 14.1199998855591 14.3900003433228 14.2399997711182 14.1199998853482 14.2200002670288 14.4499998092651 14.5299997333872 14.7399997711182 14.6700000762939 14.5699996948242 13.960000038147 14.1400003517818 14.1199998855591 14.5500001907349 14.5 14.3400001525879 13.789999961853 13.2700004577637 13.289999961853 13.039999961853 13.3999996125296 13.4200000762939 13.6499996185303 13.4099998474121 14.1000003814697 14.5200004577637 14.5099997935535 14.1400003433228 14.3199996948242 14.1700000762939 13.8999996185303 13.8000002509872 13.7299995422363 13.6099996566772
16.6200008392334 16.4300003051758 16.2399997711182 16.0499992370605 16.1399993896484 15.8800001144409 15.789999961853 15.7200002670288 15.7600002288818 15.3800001144409 15.1700000762939 14.9300003051758 14.5200004577637 14.4899997711993 14.7600002288818 14.4399995803833 14.340000152511 14.3100004196167 14.4399995803833 14.539999961853 14.7399997711182 14.9799995422363 14.789999961853 14.75 14.7299995422363 14.3800001144409 14.2799997329712 14.4200000762939 14.039999961853 13.6300001144409 13.5900001525879 13.1499996185303 13.0500001907349 12.9300003051758 13.3800001144409 13.7600002288818 13.8000001907349 14.25 14.0900001445174 14.1199998855591 14.1700000762939 14.260000166297 14.4200000762939 14.210000038147 14.1700000762939 13.8400001525879 13.6499996185303
17.0400009155273 16.8600006103516 16.9400005340576 16.7999992370605 16.6200008392334 16.6000003814697 16.3600006103516 16.0900001525879 16.2000007629395 15.7700004577637 15.1300001144409 15.3699998855591 15.4799995422363 15.3999996184327 15.1899995803833 15.0100002288818 14.8900003433228 14.6800003051758 14.75 14.7799997329712 14.6700000762939 15.069999691089 14.9300003051758 15.1400003433228 14.9399995803833 14.460000038147 15.1199998855591 14.9700002660542 14.7299995422363 14.1400003433228 14.0299997329712 13.6199998855591 13.0200004577637 13.0900001525879 13.1199998855591 13.7299995422363 13.9799995422363 14.5600002275726 14.4700002670288 14.3000001907349 14.3999996185303 14.25 14.3800001144409 14.1599998474121 14.1999998092651 14.0699996948242 13.8300000705466
17.4400005340576 17.5400009155273 17.4400005340576 17.3999996185303 17.1200008392334 17.0300006866455 16.8999996185303 16.5100002288818 16.3899993896484 16.4200000762939 16.2099990844477 16.0499992370605 15.7600002288818 15.539999961853 15.4799995422363 15.289999961853 15.2700004577637 15.1499996185303 15.1499996185303 15.1099996612157 15.1800003051758 15.210000038147 15.1199998855591 15.1099996566772 15.2799997330508 14.9399995803833 15.3400001525879 15.3800001144409 15.0900001525879 14.5699996948242 14.1899995803833 13.8599996566772 13.2299995484535 13.2299995422363 13.710000038147 13.8299999237061 14.2000000982126 14.3100004196167 14.4875001907349 14.4525003433228 14.289999961853 14.4224996566772 14.6450004577637 14.4774998789643 14.5874996185303 14.3374996185303 13.960000038147
17.7999992370606 17.9200000762939 17.8400001525879 17.7000007629395 17.4599990844727 17.2900009155273 17.2600002288818 16.9899997711182 16.7900009155273 16.7600002288818 16.6100006103516 16.5499992370606 15.6400003433228 15.5200004577637 15.5100002288818 15.4300003051758 15.4300003051758 15.399999614002 14.9575004577637 15.0799999237061 15.3424997329712 15.1774997710764 15.4049997329712 15.1075000762939 14.8599996566772 14.7174997329712 14.6225004196167 14.8549995422363 15.1549997329712 14.9449996948242 14.5275001525879 14.6774997711182 14.8424997329712 14.022500038147 14.2174997329712 14.3774996012063 14.960000038147 15.1400003433228 15.210000038147 14.6700000762939 14.3374996185303 14.7075004577637 14.9399995803833 14.5424995422363 14.6700000762939 14.2950000762939 13.9049997329712
15.8800001144409 15.9449996948242 15.9975004196167 16.0125007629395 15.8649997711182 15.6450004577637 15.2825002670288 15.4075002670255 15.1925001144409 15.1099996566772 14.9049997329712 15.0299997329712 14.2974996566772 13.9975004196167 14.3625001907349 14.7274999616826 14.8299999237061 15.1625003814697 15.1800003049715 14.9875001907349 14.9799995422363 15.4650001525879 15.6300001144409 14.9750003814697 14.5799999237061 15.1175003051758 15.0124998092651 15.2849998474121 15.3774995803833 15.3225002280191 14.460000038147 14.4300003051758 14.5950002670288 14.7550001144409 14.2275002829284 14.8249998092651 15.0825004577637 15.3725004196167 15.835000038147 14.8950004577637 14.6999998092651 14.8100004196167 15.3549995422363 15.1300001144409 14.9075002670288 14.7749996185303 13.9750018060658
15.7875003814697 15.8800001144409 16 16.2124996185303 15.789999961853 15.4099998474121 15.3549995422363 15.3275003433314 15.5024995803833 15.5950002670288 15.4650001525879 15.2075004577637 14.3599996573199 13.8400001529682 14.2875003814697 14.6975002288818 14.8774995803833 14.9425001144409 14.9650001525879 15.022500038147 15.1575002670288 15.2624998092651 16 15.0500001907349 14.8400001525879 15.6499996185303 15.3249998107782 15.6899995803833 15.4949998855591 15.3625001907349 14.5299997329712 14.2849998474121 14.397500038147 14.7174997303886 15.1024998499513 15.335000038147 15.0625 15.2200002670288 15.9300003051758 15.2124996185303 14.7775001525879 14.8249998092651 14.7875003814697 14.8675003051758 14.8325004577637 14.9125003814697 15.0625
15.9925003051758 16.1124992370605 16.125 16.2849998474121 15.9549999237061 15.5349998474121 15.414999961853 15.5799999237061 15.664999961853 15.9425001144387 15.9350004198548 15.6549997329712 15.5574998855591 15.2825002670288 14.7150001525879 14.7100000380911 14.8625001907349 15.0924997329712 15.289999961853 15.0474996566772 15.2375001907349 15.3024997711182 16.1450004577637 15.4099998474121 15.2974996566772 16.0300006866455 15.8225002288818 15.7749996185303 15.6625003814697 15.5450000762939 14.8774995803833 14.8175001151234 14.9049998347724 15.102499961853 15.0325002670288 15.125 15.5725002288818 15.602499961853 15.7049999237061 15.5225008015773 14.9674997329712 14.6400003433228 14.8900003433228 15.1324996948242 14.9250001907349 15.9324998855591 15.7475004196167
16.1000003814697 16.1949996948242 16.2099990844727 16.2900009155273 16.3174991607666 15.9149999618662 15.6274995803724 15.4099998474121 15.8850002288818 16.1000003814697 16.3150005340576 16.1825008392334 16.1650009155273 16.3150005340576 15.9949998855591 15.6724996566772 15.2325000762939 15.1724996566772 15.1850004196167 15.7600002288818 15.6949996948242 15.8175001144409 16.4050006866455 16.5324993133545 15.8900003433228 16.1375007629395 15.5375003814697 16.0849990844727 15.4975004196167 14.7200002670288 15.5424995422363 15.9375 15.4799995422363 15.3625001907349 15.2550001144409 15.4399995803833 15.847499835206 16.0450000762939 16.0900001525879 16.3125 15.0799999237061 15.0725002288818 14.9849996566772 15.3024997711182 15.6774997590146 16.5925006866455 16.6375007629395
16.1599998474123 16.2450008392334 16.2800006866455 16.3075008392334 16.0674991607664 16.1275005340576 15.9525003433228 15.7049999237061 15.9575004577637 16.1200008392334 16.4150009155273 16.5825004577637 16.6949996949163 16.9549999237061 16.7600002288818 16.5650005340576 15.8675003051758 15.6424999237061 15.6599998474121 15.7250003814697 15.957500459129 16.5300006866455 17.0750007629395 17.0949993133545 16.6324996948242 16.4349994659424 16.1550006866455 16.5300006866455 16.0524997660249 15.647500038147 15.7950000762939 16.2075004577637 16.0974998474121 15.682499887375 15.6700000762939 15.5874996185303 15.710000038147 15.335000038147 15.3924999237061 15.9049997329712 15.7150001525879 15.0275001525879 15.3549995422363 15.8000009737716 16.4349994659424 16.7075004577637 16.3225004521554
