SnowAccumulation_R/test/tmax/final_tmax_18_04_2009.asc
NCOLS 97 
NROWS 69 
XLLCORNER 52512.810182332 
YLLCORNER 5316225.2758522 
CELLSIZE 10000 
NODATA_value -9999 
[rows 0 to 20 of 69, columns 47 to 93 of 97]
-9999 -9999 -9999 -9999 -9999 -9999 -9999 -9999 -9999 -9999 -9999 -9999 -9999 -9999 -9999 -9999 -9999 -9999 -9999 -9999 -9999 -9999 -9999 -9999 -9999 -9999 -9999 -9999 -9999 -9999 -9999 -9999 -9999 -9999 -9999 -9999 -9999 -9999 7.55000019073486 7.44000005722046 7.32000017166138 7.26000022888184 7.17999982833862 7 -9999 -9999 -9999
-9999 -9999 -9999 -9999 -9999 -9999 -9999 -9999 -9999 -9999 -9999 -9999 -9999 -9999 -9999 -9999 -9999 -9999 -9999 -9999 -9999 -9999 -9999 -9999 7.67000007629395 7.71000003814697 7.61999988555908 7.80999994277954 8.5 9.03999996185303 9.09000015258789 8.97000026702881 8.89999961853028 8.69999980926514 8.4399995803833 7.96000016422417 7.76000022888184 7.74999986508645 7.65000009536743 7.51000022888184 7.42999982833862 7.34000015258789 7.26999998092651 7.09999990463257 -9999 -9999 -9999
5.75 5.51999998092651 5.13000011444092 4.59999990463257 4.3899998664856 4.42999982833862 4.51999998092651 4.55000019073486 4.98000001907349 5.30999994277954 5.69999980926514 5.96999979019165 6.01000022887153 5.94999980926514 6.15000009536743 6.40000009536743 6.44999980926514 6.48000001907349 6.48000001905737 6.44999980926514 6.67000007629395 6.94999980926514 7.30999992062797 7.48000001816999 7.63999986648559 7.80000019073486 7.6399998664856 7.53000020980835 8.07999992370605 8.65999984741211 9.01000022888184 8.97000026702881 8.93000030517578 8.72999954223633 8.55000021417928 8.43000030517578 7.98999995433261 7.92999982833862 7.80000019073487 7.53999996185303 7.51000022888184 7.42000007629394 7.25 7.09999990463257 -9999 -9999 -9999
6.32999992370637 5.88000011444092 5.3600001335144 4.69999980926514 4.40999984741211 4.36999988555908 4.40000009537133 4.53000020980835 4.59000015258789 5.13999986648559 5.46000003814697 5.6399998664856 5.55999994277954 5.36000013351441 5.28000020980835 5.96999979019165 6.17000007629395 6.23000001907349 6.19000005722046 6.19000005722046 6.26999998092651 6.7100000157644 6.75 7.03999996185303 7.48000001907349 7.86999988555908 7.78000020980835 7.59000015258789 8.15999982584666 8.63000011444092 9.0600004196167 8.93000030517578 8.88000011444092 8.69999980926514 8.64000034332275 8.4499997417784 8.14999961853027 7.96999979019165 7.80000019073486 7.71999979019165 7.53999996185303 7.46000003814697 7.19999980926514 7.03999996185303 -9999 -9999 -9999
6.80000019073486 6.36000013351441 5.42999982833862 4.88000011444092 4.3899998664856 4.23000001907349 4.28999996185849 4.55999994277954 4.57000017166138 4.78999996185303 5.09999990463257 5.34999990463257 5.30000019073486 5.34000015258789 5.44000005722046 5.71000003814697 5.88000011444092 5.94000005726797 6.03000020980835 5.98000001907349 5.76999998092651 6.01000022888184 6.71000003788111 6.90999984741211 7.38000011444092 7.80000019073486 8 7.84999990463257 7.8600001335144 8.52000045776367 8.89000034332275 8.89000034332275 8.89000034332275 8.76000022888184 8.39000036757983 8.21000003814697 8.09000015258789 7.92000007629395 7.7500000708936 7.71999979019165 7.55999994277954 7.38000011444092 7.34999990463257 7.17999999034421 -9999 -9999 -9999
6.98000001907349 6.67000007629395 5.8899998664856 5.19000005722046 4.6399998664856 4.36000013351441 4.21000003814697 4.42000007629395 4.6100001335144 4.8899998664856 5.21999979019165 5.26999998096772 5.3899998664856 5.46000003814697 5.53000020980835 5.28000020980835 5.51000022888184 5.69999980926514 5.86000013019098 5.57999992370605 5.57999992370606 5.76000022888184 6.07999992370605 6.82000017166138 7.26000022888184 7.67000007629394 8.11999988555908 8.22000026702881 8.25 8.52999973297119 8.85999965667725 8.89999961853027 8.8500003745506 8.8100004196167 8.59000015258789 8.28999996185303 8.05000019073486 7.86999991941313 7.78999996185303 7.71999979019165 7.55000019073486 7.38999986648559 7.36999977874896 7.38000011444092 -9999 -9999 -9999
7.6100001335143 6.88000011444092 5.94000005722046 5.32999992370605 4.92999982833862 4.67999982833862 4.59000015258789 4.44000005722046 4.86999988555908 5.09000015258789 5.25 5.3600001335859 5.40999984741211 5.59000015258789 5.36000013351441 5.15000009536743 5.25000000138995 5.09999990463257 5.40999984741211 5.3899998664856 5.46000003814697 5.53999996185303 5.67000007629395 6.69999980926514 7.23000001907349 7.65000009536743 8.05000019073486 8.27999973297119 8.52999973297119 8.71000003814697 8.85999965667725 8.84000015258789 8.82999992370605 8.89999961853028 8.64999961853027 8.40999984741211 8.09000015258789 8.03999996185303 7.80999994277954 7.67999982833862 7.53000020980835 7.38000011444092 7.32000017166138 7.36999988555908 -9999 -9999 -9999
7.9299998283379 6.90999984741211 5.82000017166138 5.30000019073486 4.78999996185303 4.51000022888184 4.44000005722046 4.67999982833862 5.11000013351441 5.44999980926514 5.53000020980835 5.59999990463257 5.46000003814697 5.59000015258789 5.40999984900204 5.55999994277954 5.46999979019165 5.23999977111816 5.11999988555908 5.25 5.21999979019165 5.26999998111215 5.55999994277954 6.63000011444092 7.28999996185303 7.67999982833862 7.86999988555908 8.22000026702881 8.64000034332275 8.71000003814697 8.9399995803833 9 9.0600004196167 8.92000007629395 8.68000030517578 8.43000030517578 8.27999973297119 8.0600004196167 7.78999996185303 7.55999994277954 7.44999980926514 7.3600001335144 7.32000017166138 7.17000007629394 -9999 -9999 -9999
8.19999980926514 6.88000011444092 5.96999979019165 5.25 4.8600001335144 4.30000019073486 4.07999992370605 4.71999979019165 5.01999998092651 5.84000015258789 5.78000020980835 5.86999988555908 5.82000017214019 6.09000015258789 5.90999984741211 5.71000003814697 5.6399998664856 5.40999984741211 5.28000020980835 5.13999986648559 4.96999979019165 5.25 5.71999979019165 6.57999992370605 7.32000017166138 7.8400001506817 7.98999977111816 8.27999973297119 8.60000038146973 8.85999965667725 9.11999987562395 9.25 9.14000034332275 9.02000045776367 8.77000045776367 8.46000009417758 8.3100004196167 8.02000045776367 7.67000007629394 7.5 7.44000005722046 7.40000009536743 7.26999923699836 6.96000003814697 -9999 -9999 -9999
8.25 6.92999982833862 5.8600001335144 5.34000015258789 4.88000011444092 4.63999986648064 4.30000019073486 4.65000009536743 5.30000019073486 5.84000015258789 5.84000015308049 6.38000011444092 6.53000020980835 6.55999994277954 6.19999980926514 6.0500001906629 5.92999982833862 5.84999990463257 5.5 5.26999998092651 5.30000019086629 5.59999990463257 6 6.73000001907349 7.32999992370605 7.71000003814697 8.25 8.5600004196167 8.78999996185303 8.97000026702881 9.19999980926514 9.27999973297119 9.26000022888184 9.15999984741211 8.8100004196167 8.60000038146973 8.19999980926514 8.01000022888184 7.61000013351441 7.44000018610494 7.32999992370605 7.0999992437994 6.73000001907349 6.76000022888184 6.69000005722046 -9999 -9999
8.27000045776367 7.1399998664856 6.11999988555908 5.5 5.07999992370605 4.92000007629089 4.57000017173821 4.65999984745684 5.09999990463257 6.01999998092651 6.34000015269301 6.78999996185303 6.98999977111816 7.07000017166138 7.13000011444092 6.76000022888184 6.3899998664856 6.30000019073486 5.8899998664856 5.65999984741211 5.67000007629395 5.80000019073486 6.32999992370605 7.05999994277954 7.57000017042353 7.88000011444092 8.42000007629395 8.77000045776367 8.96000003814697 9.19999980764577 9.22999954223633 9.31999969482422 9.22000026702881 9.11999988555908 8.97000026702881 8.47000026702881 8.21000003814697 7.82000017166138 7.55000019073486 7.3600001335144 7.05000019073486 6.55999994277954 6.42999982833862 6.42999982833862 6.40000009536743 -9999 -9999
8.56999969482485 7.34000015258999 6.38000011444325 5.84000015259359 5.67000007629395 5.42999982833862 5.34999990463257 5.09000015258789 5.28999996185303 6.25 6.57999992370605 7.25 7.40999984741211 7.57999992370605 7.76000022888184 7.67999982833862 7.1100001335144 6.94000005722046 6.53000020980835 6.26000022888184 6.19000005722046 6.17000007629395 6.59000015258789 7.19000005722046 7.67000007629394 8.21000003814697 8.57999992370605 8.97999954223633 9.32999992370605 9.32999992370605 9.26000022888184 9.27000045776367 9.1899995803833 8.98999980825918 8.89999961853027 8.35999965667725 8.02000045776367 7.63000011444092 7.42000007629395 7.1399998664856 6.51999998092651 6.21000003814697 6.06000007241355 6.03999996185303 6.01000022888184 -9999 -9999
9.39000034332225 8.23999977111816 7.32999992370605 6.34999990463257 6.09000015258789 5.84999990463257 5.94999980926514 5.96000003814697 6 6.67999982833862 6.96000003814697 7.46000003814697 7.96000003814697 8.18000030517578 8.30000019071564 8.3100004196167 8.01000022888184 7.73999977111816 7.44999980926514 7.32000017115559 6.98000001907349 6.86999988555908 6.98000001907349 7.34999990463257 7.98000001907349 8.57999992370605 8.85000044627277 9.47999954223633 9.57999992370605 9.48999977111816 9.39000034332275 9.27999973297119 9.27000045776367 9.02999973297119 8.60999965667725 8.14000034332275 7.75 7.40000040916661 7.21000003814697 6.88999946890282 6.15999984741211 5.82000017166138 5.76000022888184 5.69000005722046 5.6399998664856 -9999 -9999
9.28999996185303 8.60000038146973 7.67999982833862 6.8899998664856 6.59000015258789 6.57999992370605 6.07000017166138 6.09999990463257 6.90000009536743 7.26000022888184 7.53000020980835 8.02999973297119 8.48999977111816 8.85999965667725 8.97000026701913 8.97000026702881 8.88000011444092 8.69999980926514 8.40999984741211 8.26000022888184 7.86999988555908 7.67000007629394 7.71000003814697 7.90999984741211 8.5600004196167 9.07999998738176 9.6899995803833 9.86999988555908 9.75 9.67000007629395 9.5600004196167 9.43000030517578 9.32999992370605 8.85999965667725 8.32999992370605 7.78000020980835 7.65000009536743 7.5 7.00999995810546 6.42000007629395 5.84000015258789 5.67000007629395 5.46000003814697 5.40999984741211 5.30000019073486 -9999 -9999
9.67000007629395 8.52000045776367 8.11999988555908 7.67000007629395 7.28000020980835 6.96999979019165 6.63000011444092 6.59000015258789 7.19999980926514 7.23999977115873 7.90000009536743 8.76000022888184 9.22000026702881 9.47000026702881 9.47000026702881 9.72000026702881 9.52000045776367 9.3100004196167 9.27000045759342 8.97000026702881 8.60999965667725 8.43000030517578 8.5 8.71000003814697 9.30000026010376 10.0200004577637 10.1999998092651 10.1899995803833 9.97999954223633 9.92000007629395 9.82999992370605 9.39000034332275 9.15999984741211 8.85999965667725 8.26000022888184 7.84999990463257 7.57000017166138 7.34000015258789 6.44000005722046 6.15999984741211 5.72000002205118 5.55000019073486 5.28000020980835 5.19999980926514 5.01999998092741 -9999 -9999
9.86999988555908 8.97000026702881 8.36999988555908 7.92000007629395 7.57000017166138 7.40999984741211 7.40000009536743 7.28000020980835 7.55999994277954 7.88000011444092 8.59000015258789 9.22999954223633 9.57999992370605 9.86999988555908 10.1800003051758 10.5100002288818 10.2299995422363 10.0600004196167 9.94999980926514 9.76000022888184 9.5600004196167 9.35000038146973 9.39000034332275 10.4099998474121 10.1099996566772 10.5299997329712 10.460000038147 10.3500003814697 10.3000001907349 10.2200002670288 10.0100002288818 9.82999992370605 9.35999965667725 8.78999996185303 8.30000019073486 7.57000028870348 7.44000005722046 6.90000009536743 6.40000009536743 6.01000022888184 5.82000017166138 5.51999998092651 5.21999979019165 5.09000015258789 4.96999979019165 -9999 -9999
10 9.47000026702881 8.86999988555908 8.28999996185303 8.14999961852891 7.90000009536743 8.01000022888184 7.94000005722046 8.15999984741211 8.40999984741211 9.0600004196167 9.73999977111816 10.1999998092651 10.3299999237581 10.6499996185303 11.0500001907349 11.1499996185303 10.7299995422363 10.6499996185303 10.6000003814697 10.4099998474121 10.2200003026812 10.8900003433228 10.9200000762939 10.8299999237061 11.039999961853 10.7399997717293 10.6800003051758 10.5799999237061 10.5 10.2799997329712 10.0500001907349 9.52999973297119 8.89999961853028 8.30000019073486 7.92000007629395 7.40000009536743 6.90999984741211 6.46999979019165 6.23999977111816 5.80999994277954 5.53000020980835 5.23999977111816 5.09999990463257 4.96000003814697 -9999 -9999
10.25 9.77000045776367 9.22000026702881 8.65999984741211 8.49999999999904 8.11999988555908 8.28999996185303 8.63000011444092 9.02999973297119 9.14999961853027 9.64000034332275 10.3299999237061 10.8500003814697 10.9799995422363 11.0900001525879 11.3100004196167 11.3400001525879 11.5799999238213 11.4700002670288 11.1300001144409 11.1400003641872 11.6499996185303 11.5799999237061 11.3900003433228 11.2799997329712 11.3400001525879 11.1899995803833 11.0299997329712 10.9200000762939 10.8500003814697 10.7200002670288 10.25 9.59000015258789 8.93000030517578 8.38000037722842 8.0500002392257 7.34999990463257 6.94000005722046 6.51000036249135 6.30000019073486 5.84999990463257 5.59000015258789 5.33000016418799 5.19999980926514 5.03999996185303 -9999 -9999
10.6300001144409 9.97000026702881 9.39000034332275 8.64999961853027 8.47000026702808 8.38000011444092 8.48999977111816 8.89000034332275 9.76000022888184 9.89000034332275 10.3599996566772 10.8900003433228 11.5299997329712 11.6300001144409 11.5799999237061 11.5100002288818 11.3699998855591 11.4200000762939 12.1000003747096 12.3699998855591 12.4099998474121 12.3199996945424 12.1999998092651 12.0799999237061 11.8299999237061 11.6499996194613 11.5600004196167 11.4200000762939 11.3199996948242 11.2200002670288 11.0100002288818 10.3199996948242 9.75 9.13000011444092 8.8000002653403 8.21000003814697 7.55999994277954 7.05999994277954 6.78000020980835 6.28999996185303 5.92000007629395 5.69000005722046 5.55000019073486 5.34000015258789 5.21000003814697 -9999 -9999
10.8800001144409 10.3500003814697 9.52999973297119 8.93000030517578 8.63000011444092 8.60999965667725 8.61999988555908 9.22000026702881 9.63000011449213 10.3100004196167 11.1099996566772 11.8400001525879 12.3500003814697 12.3800001144409 12.0200004577637 12.0100002288818 11.7200002746609 12.3199996948242 12.1400003433228 12.2799997329712 12.6999998092651 12.8500003814697 12.8199996948242 12.7299995422363 12.4799995422363 12.2600002288818 11.9399995803833 11.8599996566772 11.8699998855591 11.8000001907349 11.2700004577637 10.6099996566772 10.0799999237061 9.65999990409145 9.13000011444092 8.44999980926514 7.80000019073487 7.55000019073486 6.90000009536743 6.40000009536743 6.01999998092651 5.90000009536743 5.69000005722046 5.55000019073486 5.43000064430261 5.65999984741211 -9999
11.2399997711182 10.7399997711182 9.85999965667725 9.14999961853027 8.8100004196167 8.68000030517578 8.89999961853027 9.55000019073486 9.85999965671 10.5799999237061 11.6499996185303 12.5200004577637 13.0000000001156 13.1000003814697 12.8000001926818 12.9399995803833 12.9300003051758 12.8299999237061 12.6499996185303 12.6300001144409 13.1499996185303 13.1999998092651 13.210000038147 13.1499996185303 12.960000038147 12.710000038147 12.3500003814697 12.3999996185303 12.4399995803833 12.1000003814697 11.6000003814697 10.8000001907349 10.1499997599966 9.9399995803833 9.35000038146972 8.75 8.02000045776367 7.76000022888184 7.09000015258789 6.55000019073486 6.17000007629395 6.07000017166138 5.90999984741211 5.80000019073486 6.03000030099451 5.98999977111816 -9999
