SnowAccumulation_R/test/tmax/final_tmax_16_04_2009.asc
NCOLS 97 
NROWS 69 
XLLCORNER 52512.810182332 
YLLCORNER 5316225.2758522 
CELLSIZE 10000 
NODATA_value -9999 
[rows 21 to 41 of 69, columns 47 to 93 of 97]
10.0900001525879 10.210000038147 10.3299999237061 10.3199996948242 10.3599996566772 10.4499998092651 9.96000003814697 9.81999969482422 9.77000045776368 9.63000011444092 9.89000034332275 9.22000026702881 9.10000038112628 8.6899995803833 8.52999973297119 8.30000019073486 8.2399997710032 7.98000001907349 7.69000005722046 7.59999990463257 7.84000015316741 8.03999996185303 8.13000011444092 8.05000019073486 7.96999979018607 7.71000003814697 7.21999979019165 7.48999977111816 7.53000020980835 6.69000005722046 6.07999992370605 5.32000010918776 4.69999980926514 4.07999992370606 3.29999995231628 2.65000009536743 2.32999992370605 1.76999998092651 1.21000003814697 0.819999992847443 0.740000009536743 0.610000014305115 0.529999971389771 0.469999998807907 0.479999989271164 0.5 -9999
10.0900001525879 10.2799997329712 10.1599998474121 10.289999961853 10.4499998092651 10.0699996948242 9.89999961853028 9.72000026702881 9.71000003814697 9.55000019050667 9.40999984709723 8.82999992370605 8.76000022888184 8.46000003814697 8.22000026702881 8.09000015258789 7.98999977111816 7.73999977111816 7.30999994277954 7.32000017166138 7.57000017166138 7.71999979019165 7.78999996185303 7.69999980926514 7.75 7.69000005722046 7.92000007629395 8.4399995803833 7.82000017166138 6.82999992370605 6.00000000321684 5.09000015258789 4.69000005722046 3.97000002861023 3.23000001907349 2.53999996185303 2.22000002861023 1.66999995708466 1.13999998569489 0.830000061719089 0.730000019073486 0.589999973773956 0.510000097532433 0.569999950695214 0.579999983310699 0.610000014305115 -9999
9.93000030517578 10.3699998855591 10.3699998855591 10.2700004577637 10.1800003051758 10.2499999999697 9.97000026700743 9.56999969482422 9.47000026702881 9.19999980926514 9 8.59000015258789 8.55000019073486 8.14999961853027 7.82000017166138 7.55000019073486 7.44000005722046 7.32999992370605 7.1100001335144 7.1100001335144 7.19000005722046 7.38000011444092 7.36999988555908 7.3899998664856 7.51999998092651 7.59999990463257 8.19999980926514 8.15999985048987 7.73999977111816 6.84000006033459 5.78000020980835 5.00000018893472 4.6100001335144 3.78999996185303 3.01999998092651 2.64000010490417 2.0699999332428 1.5900000333786 1.12999999523163 0.949999988079071 0.730000019073486 0.589999992178636 0.579999983310699 0.569999992847443 0.600000023841858 0.639999985694885 -9999
9.81999969482524 10.1199998855599 10.1099996566772 10.1300001144409 10.0500001907349 9.64999961853027 9.60999965667725 9.32999992370606 9.30000019073486 9.11999988555908 8.78999996185303 8.4399995803833 8.19999980926514 7.94000005722046 7.42999982833862 7.07000017166138 6.96000003814697 6.71000003814697 6.71999979019165 6.67999982865003 6.92000007629395 6.98000001907349 6.96000003814697 6.96999979045269 7.19999980926514 7.30999994277954 7.76999998092651 7.76000022888184 7.26000010863142 6.03999996185303 5.40999984741211 5.07999992370606 4.40000009536743 3.66000008583069 2.83999991416931 2.48000001907349 1.94000005722046 1.51999998092651 1.12000010522281 0.970000028610229 0.740000009536743 0.639999985694885 0.620000004768372 0.610000014305115 0.569999992847443 0.610000014305115 -9999
10.1199998855591 10.6300001144409 10.3999996185303 10.2299995422363 10.1400003433228 9.78999996185303 9.56999969482422 9.26000022888184 9.14999961853027 8.85999965667725 8.51000022888184 8.43999958031226 8.05000019073486 7.78000020980835 7.28000020980835 6.99999999953306 6.44000005722046 6.26000022888184 6.1399998664856 6.38000011444092 6.30999994277954 6.53999996185303 6.55999994277954 6.57000017166138 6.76999998092651 6.94999980926514 7.19999980926514 6.55999994277954 6.13000011444092 5.30999994277954 4.7600002410743 4.5 4.07999992370605 3.49000000953674 3.14000010490417 2.34999990463257 1.85000002384186 1.44000005722046 1.25 0.930000007152557 0.759999990463257 0.680000007152614 0.639999985694885 0.419999986886978 0.25 0.330000013113022 -9999
9.97000026702881 10.4799995422363 10.75 10.3599996566772 10.3000001907349 9.94999980926514 9.52999973297119 9.42000007628295 9.06999969482422 8.69999980926514 8.34000015258789 8.21000003806391 7.8600001335144 7.67000007629395 7.38999986648559 7.09999990463257 6.36999988555908 5.94000005722046 5.98000001907349 6.03000020980835 6.07999992370605 6.07999992370606 6.17000007629395 6.21000003814697 6.25 6.43999999730468 5.92999982833862 5.80000019073486 5.59000015258789 4.38000011444092 4.13000011444092 3.71000003814697 3.50999999046326 3.19000005722046 2.9300000667572 2.23000001907349 1.77999997138977 1.3700000783197 1.19000005722046 0.92999999431427 0.790000021457672 0.75 0.579999983310699 0.189999997615814 0.140000000596046 0.219999998807907 -9999
10.289999961853 10.6199998855591 10.8500003814697 10.8000001907338 10.4099998474121 10.0799999237061 9.60999965667725 9.32999992368827 9.03999996185303 8.53999996185303 8.14999961853027 7.98000001907349 7.55999994277954 7.28000020980835 6.80999994277954 6.78000020980835 6.21999979019165 5.80000019073486 5.73000001907349 5.67999982833862 5.65000009536743 5.6100001335144 5.71999979033014 5.76000022888184 5.76000018856905 5.3899998664856 5.40000009536743 5.23000001907349 5.03000020980835 4.25 3.95000004768372 3.44000005722046 3.07999992370606 2.96000003814697 2.61999988555908 2.11999988555908 1.64999997615814 1.51999998092651 1.17999997022634 0.939999997615814 0.850000055632081 0.790000021457672 0.490000009536743 0.200000002980232 0.200000002980232 0.319999992847443 -9999
10.7299995422363 10.8299999237061 10.6499996185303 10.5100002288819 10.7299995422363 9.97000026702881 9.55000019073486 9.32999992370606 8.97999954223633 8.42000007629395 7.96999979019165 7.78000020980835 7.44000005722046 6.84999990463257 6.26000022888184 6.17999982833862 6.25 5.71999979019165 5.51000022852116 5.25 5.17000007629394 5.17000007629395 5.17999982833862 4.76999998092651 4.8600001335144 4.82000017166138 4.82000017166138 4.65999984741211 4.53999996185303 4.46000003814697 3.84999990463257 3.25999999046326 2.94000005722046 2.77999997138977 2.30999994277954 2.11999988555908 1.69000010746325 1.51000001934713 1.25999999046326 1.08000004291534 1 0.779999971389771 0.5 0.340000110208919 0.349999994039536 0.479999989271164 -9999
10.8500003814697 10.8699998855591 10.6999998092651 10.3900003433226 10.7600002288818 10.0699996948242 9.51000022888184 9.18000030517578 8.76000022888184 8.35000038146973 7.80000019073486 7.55999994277954 7.23000001907349 6.6100001335144 6.26000022856996 5.90000009536743 5.82999992370605 5.46999979019165 5.26000022888184 4.82000017166138 4.82999992370605 4.86999987870754 4.59000015258789 4.28999996185303 4.44000005722046 4.55000019062138 4.26999998092651 4.05999994277954 4.07000017166138 4.1100001335144 3.6800000667572 3.23000001907349 2.9100000967968 2.78999996185303 2.20000004768372 2.16000008583069 2.03000022392219 1.79999995231628 1.46000003814697 1.22000009972866 1.12999999523163 0.870000004768372 0.620000004768372 0.560000002384186 0.490000009536743 0.519999980926514 0.529999971389771
10.6999998092651 10.7299995422363 10.710000038147 10.6999998092651 10.6300001144409 10.0900001525879 9.38000011444092 8.97000026702881 8.68000030517578 8.35000038146973 7.73999977111816 7.36999988555908 6.86999988555908 6.48000001907349 6.1399998664856 5.80999994277954 5.32000017166138 5.07999992370605 5.03000020980835 4.75 4.65000009536743 4.57999992317498 4.34000015258789 4.01999998092651 4.05000019073486 4.28999996185303 3.99000000953674 3.72000002861023 3.7000000474337 3.76999998092651 3.54999995231628 3.24000000953674 3.11999988555908 2.96000003814697 2.3199999332428 2.34000016418931 2.79999995231628 2.32999992370605 1.78999996185303 1.58000004291534 1.29999995231628 1.11000001430511 0.850000210171433 0.790000021457672 0.439999997615814 0.5 0.67000070403791
10.7799997329712 10.6999998092651 10.6199998855591 10.6599998474121 10.6099996566772 10.0699996948242 9.28999996185303 9.05000019073486 8.36999988555908 8.21000003814697 8.0200004576632 7.21000003814697 6.78000020980835 6.32999992370606 6.09000015258789 6 5.28000020980835 5.17999982833862 5.07999992258987 4.69999980926514 4.57999992370605 4.48999977111816 4.01999998092651 3.72000002861023 3.65000009536743 3.83999991416931 3.99000000953674 3.5 3.45000004768372 3.50999999046326 3.45000004768372 3.25999999046326 3.20000004768372 3.16000008583069 2.78999996185303 3.11999988555908 3.3199999332428 2.84999990463257 2.17000022467377 1.96000003814697 1.51999998092651 1.38999998569489 1.3400000333786 1.07000005245209 0.720000028610229 0.799999774759861 1.13999998569489
10.8999996185303 10.7700004577637 10.7700004577637 10.6899995803833 10.6599998474121 10.0100002288818 9.36999988555908 8.98999977111816 8.18000030517578 8.01000022888184 7.90999984734422 7.28000020980835 6.76999998092651 6.23999977111816 6.05000019073486 5.75 5.30000019053458 5.15000009503713 4.88000011444092 4.73000001907349 4.44999980926514 4.25 3.65000009536743 3.3199999332428 3.1700000763591 3.34999990463257 3.6800000667572 3.42000007629395 3.30999994277954 3.38000011444092 3.44000005722046 3.38000011444092 3.26999998092651 3.34999990463257 3.66000008583069 3.71000003814697 3.85999989509583 3.33999991416931 2.96000003814697 2.30999994277954 1.36000001430511 1.67999985934133 1.62000000476837 1.49000000953674 1.24000000953674 1.59999907657253 1.51999998092651
11.1099996566772 11.1800003051758 10.9899997711182 10.7799997329712 10.6999998092651 9.56999969482422 9.32999992370605 9.01000022888184 8.32999992370605 7.96999979019165 7.88999986648559 7.19000005722046 6.76999998092651 6.23000001907349 6.03999996200397 5.80000019073486 4.92999982833862 4.84000015258789 4.73999977111816 4.51999998092651 4.05000019073486 3.80999994277954 3.49000000953674 3.39000010490417 3.36999988555908 3.42000007629395 3.53999996185303 3.47000002881023 3.36999988555908 3.3199999332428 3.40000009536743 3.29999995231628 3.20000004768372 3.45000004768372 3.8199999332428 4.17000007629394 4.36000013351441 3.71000003814697 3.35999989509583 2.60999989509582 1.99000000953674 1.87000000476837 1.95000004768372 1.89999997615814 1.86000103571367 2.13000011444092 1.95000004768372
11.2200002670288 11.4300003051758 11.1199998855588 10.8999996185301 10.7200002670288 9.57999992370605 9.68000030517032 8.98999977111816 8.40999984741211 7.96999979019165 7.86999988555908 7.00000000033602 6.71000003817021 6.51999998076959 6.15000009536743 5.88000011444092 5.26999998092651 4.82999992370605 4.8600001335144 4.15999984741211 3.66000008549531 3.51999998092651 3.38000011444092 3.54999995231628 3.5699999332428 3.48000001907349 3.50999999046326 3.45000004768372 3.33999991416931 3.38000011444092 3.43000006535539 3.39000012484107 3.40000009536743 3.36999988555908 3.52999997138977 4.15000009536743 4.32000017166138 4.03999996185303 3.49000000953674 2.86999988555908 2.39000025694724 2.19000005722046 2.16000008583069 2.28999996185303 2.51999998092651 2.54999995231628 2.34999990463257
11.1099996566772 11.0100002288818 11.0500001907344 10.8999996185293 10.7100000381446 9.60000038146973 9.46000003814898 9.06999969482422 8.47999954230918 8.0500001906639 7.53999996185303 6.8899998664856 6.94999980926514 6.80000019053812 6.34999990463257 5.94999980926514 5.3899998664856 5.09000015258789 4.84000015258789 3.85999989509582 3.46000003814697 3.36999988555908 3.26999998092651 3.15000009601347 3.1800000667572 3.22000002861023 3.36999988555908 3.20000004768372 3.11999988555908 3.24000000953674 3.32999985251031 3.05999994277954 3.36999988555908 3.38000012149631 3.36999988555908 3.74000000953674 3.79999995231628 3.60999989509583 3.33999991416931 2.99000000953674 2.75 2.44000005722046 2.39000010490417 2.69000005722046 2.76999998092651 2.75999999046326 2.75999999046311
10.7600002288818 10.7600002288818 10.7299995422363 10.6599998474121 10.5299997329712 10.0799999236892 9.46000003813715 8.97000026702881 8.40999984741211 7.88000011444092 7.61999988555908 7.11000013351441 6.67999982833862 6.69999980926514 6.17000007629395 6 5.71000003695816 4.92999982833862 4.6100001335144 3.72000002861023 3.23000001907349 3.38000011444092 3.4300000667572 3.28999996185303 3.07999992370605 3.05999994277954 3.17000007629394 2.92000007629395 2.90000009536743 3.06999988611051 2.94000005722046 2.83999991416931 2.94000005722046 3.0699999332428 3.26999998092651 3.25999999046326 3.24000000953674 3.20000004768372 2.98000001907349 3.00999999046326 2.9300000667572 2.6800000667572 2.40000037539038 2.32999992370605 2.39000010490418 2.58999991416931 2.5699999332428
10.6999998092651 10.6899995803833 10.6499996185303 10.5799999237061 10.4799995422363 9.5600004196167 9.3100004196167 8.85000038146973 8.34000015258789 7.71000003814697 7.46000003814697 6.92999982833862 6.53000020980835 6.40999984741211 6.40000009536743 5.92999982833862 5.57000017072035 4.78000020980835 4.32999992370605 3.84999990463257 3.36999988555908 3.38000011444092 3.03999996185303 3.20000004768372 3.4300000667572 3.26999998092651 3.24000000953674 2.77999997138977 2.72000000849222 2.680000066489 2.75999999046326 2.75 2.63000011444092 2.63000011444092 2.79999995231628 2.91000008583069 2.75 2.65000009536743 2.72000002861023 2.73000001907349 2.75 2.85999989509583 2.67000020299977 2.51999998092651 2.32999992370605 2.43000006675705 2.50999999046326
11.1599998474121 10.8100004196167 10.7600002288818 10.5600004196167 10.4499998092651 9.5 9.18000030517578 8.64000034332275 8.27000045776367 8.02000045771126 7.38000011444092 6.82999992370606 6.44000005722046 6.28999996185303 5.88000011444092 5.69000005722046 5.55999994277954 4.88000011444092 4.34000015258789 4.23999977101695 3.88000011444092 3.44000005722046 3.58999991416931 3.58999991416931 3.27999997138977 2.80999994277954 2.42000007629395 2.58999986973615 2.55999994277954 2.53999996185303 2.59999990463257 2.55999994277954 2.61999988555908 2.38000011444092 2.41000008583069 2.50999998742617 2.4300000667572 2.16000008583069 2.47000002861023 2.55999994277954 2.74999996038276 2.83999991416931 2.90000009536743 2.86999988555908 2.64000010490417 2.55999994277954 2.45000004768372
11.289999961853 10.9899997711182 10.9399995803833 10.8699998855591 10.8000001907349 9.47999954223633 9.25 8.63000011444092 8.14999961853027 8.03999996180226 7.44000005722046 6.84000015258789 6.42000007629394 6.19999980926514 5.73999977111816 5.57000017166138 5.38000011444092 4.73000001907349 4.19999980926514 4.05000019073486 3.57999992370606 3.47000002861023 3.61999988457398 2.94000005722046 2.52999997138977 2.41000009161112 2.44000005722046 2.11999988555908 2.19000005722046 2.15000009536743 2.10999989509583 2.40000009536743 2.4300000667572 2.33999991416931 2.09999990463257 2.10999989509583 1.97000002861023 1.78999996185303 2.01999998092651 2.26999998092651 2.65000009536743 2.98999990679393 3.11999988555908 3.16000008583069 2.99000000953674 2.88000011444092 2.71000003814697
11.3199996948242 11.289999961853 10.9499998092651 10.8800001144409 10.8100004196167 9.42000007629395 9.23999977111816 8.75 8.28999996185303 8.06999969482422 7.46000003814697 6.82000017166138 6.55999994265321 6.13000011444092 5.69999980926514 5.38000011444092 5.05999994277954 4.46999979019165 3.86999988555908 3.61999988555908 3.29999995231628 3.09999990463257 2.98000001907349 2.76999998092651 2.5000000190892 2.57999992246625 2.29999995231628 2.35999989509583 2.2400000097721 2.09999990463257 2.00999999046326 2.09999990463257 2.1800000667572 2.07999992370605 2 1.88999998569489 1.70000004768372 1.71000003814697 1.88999998569489 2.20000004768372 2.60999989509582 2.8199999332428 3.14000010490418 3.3199999332428 3.32999992370605 3.22000002861023 3.03999996185303
11.4099998474121 11.3000001907349 10.9300003051758 10.8299999237061 10.4799995422363 9.43000030517578 9.23999977111816 8.72000026702881 8.35000038146973 8.10000038146973 7.42999982833862 6.78999996185303 6.53000020965362 6.03000020980835 5.67000007629395 5.23000001907349 4.88000011444092 4.38000011444092 3.94000005722046 3.74000000953674 3.29999995231628 3.02999997138977 2.75 2.72000002861023 2.60999989509582 2.58999991416931 2.28999996185303 2.29999995231628 2.25999999046326 2.0699999332428 1.66999995708466 1.50999999046326 1.87000000476837 1.41999995708466 1.70000002602315 1.75999999046326 1.75999999046326 1.89999994887524 2.04999995231628 2.3199999332428 2.64000010490417 2.8199999332428 3.17000007629395 3.35999989509583 3.42000007629395 3.46000003814697 3.38000011444092
