SnowAccumulation_R/test/tmax/final_tmax_24_04_2009.asc
NCOLS 97 
NROWS 69 
XLLCORNER 52512.810182332 
YLLCORNER 5316225.2758522 
CELLSIZE 10000 
NODATA_value -9999 
[rows 42 to 62 of 69, columns 0 to 46 of 97]
-9999 -9999 11.9399995803833 3.72000002861023 0.709999978542328 0.859998982587414 -0.540000021457672 0.980000019073486 1.62000017775674 5.42000007629395 1.9099999666214 5.43999999810029 4.15000009536743 0.629999995231628 0.370000004768372 -2.4300000667572 0.879999995231628 -3.18000005225946 3.2200000077021 3.78999995876317 4.01000022888184 3.92000007629395 3.99000000953674 3.84999990485597 3.92000007611137 4.1100001335144 4.30999994277954 4.34000015258789 4.6100001335144 5.19000005722046 5.26000022888184 5.61999988555908 5.65999984741211 5.84999990463257 6.07999992370606 6.11999988555908 6.26000022888184 6.26999998092651 6.26999998092651 6.21999979019165 6.13000011444092 6.1399998664856 6.26000022888184 6.28000020980835 6.25 6.15000009536743 6.15999984741211
-9999 -9999 7.5 2.8199999332428 2.71000003814697 0.0700000002980232 1.50999975674639 0.600000023841858 4.88000011444092 2.4300000667572 5.07000017166138 2.20000004768372 -0.100000001490116 -1.27999997138977 0.899999976158142 -1.07000005245209 1.3400000333786 -1.47000002861023 3.1800000667572 4.07999992370605 5.32000017166138 4.03000020980835 3.82999992370605 3.47000002861023 3.59999990463257 4.05999994277954 4 3.96000003814697 4.01000022888184 5.13000011444092 5.23000001907349 5.44999980926514 5.65000009536743 5.76999998092651 6.05000019073486 5.96000003814697 6.09999990463257 6.09999990463257 6.1100001335144 6.05000019073486 6.13000011444092 6.42000007629395 6.44999980926514 6.34000015258789 6.28999996185303 6.28000020980835 6.30999994277954
-9999 -9999 11.8999996185303 4.30000019073486 3.08999991416931 -0.400000005960464 2.40000009536743 0.809998870033812 6.28000020980835 5.48000001907349 8.10999965667724 4.78000020980835 2.74000000953674 1.46000003814697 -1.37000000476837 -0.5 1.30999994277954 -0.310000002384186 3.48000001907349 4.09999990463257 4.25 3.85999989509583 3.42000007629394 3.25 2.17000007629395 3.15000009536743 3.5 3.74999999979974 3.75 4.44999980926514 4.86999988555908 5.28000020980835 5.65999984741211 5.88000011444092 6.15999984741211 5.90999984741211 5.98999977111816 6.09999990463257 6.07999992370605 6.13000011444092 6.09999990463257 6.26999998092651 6.44000005722046 6.51000022888184 6.48999977111816 6.53000020980835 6.59000015258789
-9999 -9999 12.2299995422363 4.65999905120235 1.57000005245209 0.810000002384186 0.379999964796356 1.1599999666214 1.45000052889712 2.66000014931654 7.96999979019165 4.21999979019165 2.21000003152302 -1.12000000476837 -2.40000009536743 0.349999994039536 1.45000004768372 0.800000011920929 3.50999999046326 3.91000008583069 3.9300000667572 3.70000004768372 3.76999998092651 3.53999996185303 3.38000011444092 3.48000001907349 3.39000010490417 3.65000009524204 3.76999998081423 4.32000017166138 4.6100001335144 4.8899998664856 5.5 5.71000003814697 5.80000019073486 5.94999980926514 6.03999996185303 6.07999992370605 5.98000001907349 6.13000011444092 6.09000015258789 6.32000017166138 6.36999988555908 6.40000009536743 6.48999977111816 6.63000011444092 6.78000020980835
-9999 -9999 12.6999998092651 2.24000000953674 2.99000000953674 3.70000004768372 2.44000005722046 0.990000009536743 0.189999997615814 5.33000032525535 7.82000017166138 3.99000000953674 1.35000002384186 -0.870000004768372 -0.589999973773956 -0.879999995231628 1.08000004291534 -0.300000011920929 -1.17999994754791 4.09999990463257 4.17000007629395 3.99000000953674 4.03999996185303 3.60999989509583 3.42000007690714 3.42000007629395 3.39000010521785 3.50999999046326 3.82999992370605 4.01999998092651 4.55999994277954 4.73000001907349 5.34000015258789 5.42999982833862 5.51000022888184 5.8600001335144 5.98000001907349 5.96999979019165 5.96999979019165 5.98000001907349 5.96000003814697 6.1399998664856 6.28000020980835 6.34999990463257 6.40999984741211 6.51000022888184 7.03999996185303
-9999 -9999 13.2700004577637 2.86999988555908 4.84000015258789 4.05000019073486 3.5699999332428 0.509999990463257 1.88999998569489 6.96000003814697 8.43999962361717 4.80999994277954 0.910000026226044 -0.5 0.340000003576279 -0.439999997615814 1.29999995231628 1.55999994277954 4.63999961449374 4.32000017166138 4.32999992370605 4.26000022888184 4.11999988555908 3.6800000667572 3.22000002968131 3.16000008595832 3.28999996185303 3.40000009536743 3.42000007629395 3.57999992370605 4.25 4.90999984741211 4.67000007629395 5.03999996185303 5.3600001335144 5.57999992370605 5.61999988555908 5.86999988555908 5.80999994277954 6 6.01999998092651 5.98999977111816 6.21999979019165 6.28000020980835 6.30000019073486 6.17000007629395 6.51000022888184
-9999 8.02999973297119 13.3699998855591 6.36999988555908 3.63999989097005 4.73000001907349 1.89999997615814 1.48000020916374 4.63000011444092 8.22999954223633 8.94999981741171 4.73000032788362 0.0199999995529652 1.1599999666214 1.83000004291534 0.25 1.78999996185303 1.4099999666214 -0.280000001192093 4.48000001907349 4.67000007629395 4.17000007629395 4.03999996185303 3.59999990463257 3.53999996185303 3.20000004768372 3.03999996185303 3.09999990463257 3.00999999046326 2.49000000953674 4.11999988519401 4.80999994277954 4.44000005730332 4.86999988555908 4.96000003814697 5.21000003814697 5.46000003814697 5.61999988555908 5.76000022888184 5.90000009536743 5.98999977111816 5.98999977111816 6.17000007629395 6.23999977111816 6.28999996185303 6.21999979019165 6.26999998092651
-9999 11.3999996185303 13.2799997329712 4.55000019073486 4.80999994277954 3.3199999332428 6.21000003814697 5.94000005722046 6.8899998664856 9 9.5600004196167 9.22999954223633 0.590000036717162 4.2899999608017 4.19000005722046 2.04999995231628 1.79000023475439 3.35999989509583 1.07000005245209 4.90999988463235 4.73999977111816 4.57000017166138 4.30999994277954 4.03000020980835 3.96000003814697 3.26999998092651 3.00999999046326 2.59999990463257 3.0699999332428 3.41000008550835 3.85999989509582 4.23000001907349 4.21000003814697 4.5 4.71000003814697 5.03999996185303 5.28000020980835 5.53999996185303 5.65000009536743 5.73999977111816 5.80999994277954 5.86999988555908 6.13000011444092 6.17999982833862 6.21999979019165 6.15000009536743 6.13000011444092
-9999 4.03000020980835 8.6300015629456 5.63000011444092 1.75999999046326 3.07999992370605 2.95000004768372 3.19000005722046 4.61999988555908 7.26999998092651 8.52000045776367 9.15999984741211 6.3600001335144 5.09000015258789 4.44000005722046 2.10999989509583 2.69000005722046 3.79999995231628 2.60999989509582 5.67999981067326 4.82000017166138 4.51999998092651 4.23000001907349 4.05000019073486 3.67000007629395 3.54999995231628 3.04999995231628 2.74000000946055 2.74000000953674 3.30999994265609 3.60999989509583 3.74000000953674 4 4.21000003814697 4.23000001907349 4.48999977111816 4.98999977111816 5.42999982833862 5.55000019073486 5.61000013351441 5.76000022888184 5.78999996185303 5.8899998664856 5.86999988555908 6.1100001335144 6.03999996185303 6.03000020980835
-9999 6.11999884006446 13.7700004577637 6.40999984741211 2.39000010490417 4.63000011444092 4.65000009536743 3.5 2.91000024512649 7.98000001907349 7.26999998092651 5.78999996185303 9.07999992370605 5.86000013351441 3.46000003814697 5.48999985654198 1.88999998569489 3.03999996185303 0.310000002384186 5.05000019073486 4.74999999701293 4.38000011444092 3.94000005722046 3.58999991416931 3.54999995242541 3.54999995231628 2.7999999524669 2.73000001907349 2.71000003816589 3.25999999046326 3.46000003814697 3.45000004768372 3.90000009536743 4.05999994277954 4.1100001335144 4.32000017166138 4.61999988555908 4.96000003814697 5.46000003814697 5.65999984741211 5.73000001907349 5.84999990463257 5.8600001335144 5.82999992370605 5.71000003814697 5.69999980926514 5.90000009536743
-9999 5.07000017166138 12.8999996185303 10.25 3.82999992370605 6.63000011444092 4.82000017166138 4.11999988555908 4.76999998092651 7.30999994277954 3.73000001907349 5.44000005722046 7.32999992370605 9.34000015258789 7.98000001907349 5.30000019073486 2.13000014731473 2.33999991416931 0.730000019073486 3.64000010490417 4.67999983601749 4.42000007629395 3.79999995231628 3.46000003814697 3.64000010490417 3.45000004768372 2.96000003814697 2.92000007629394 2.75 2.89000010490417 3.42000007607451 3.34999990465605 3.49000000953674 4 4.2100000381389 4.19999980926514 4.42999982833862 5.15000009536743 5.3899998664856 5.59000015258789 5.73999977111816 5.75 5.8600001335144 5.82000017166138 5.71000003814697 5.69999980926514 5.69999980926514
-9999 5.5 4.57000017166138 13.1599986343285 4.53000020980835 7.92999982833862 6.5 4.42000007629394 5.67000007629395 6.94000005722046 4.59999990463257 6.21999979019165 7.17000007629394 9.38000011444092 7.71000004564635 6.15999984741211 3.76999998092651 3.15000009536743 2.41000008583069 2.29999995231628 4.59000015258789 4.48000001907349 4.24999999676493 3.76999998092651 3.54999995231628 3.42000007629395 2.99000000953674 2.99000000953674 3.71000003814697 2.71000003814697 3.09999990450099 3.32999992370605 3.40000009536743 3.79999995231628 4.11999988553725 4.32999992370605 4.67000007629395 5.13000011443698 5.44999980926514 5.65999984741211 5.67999982833862 5.71000003814697 5.78999996185303 5.82999992370605 5.71999979019165 6.19000005722046 6.15000009536743
-9999 5.76000022888184 7.63000011444092 12.2200002670288 9.73999977111816 7.84000015258789 7.09000015258789 5.96000003814697 6.71000003814697 7.05999994277954 4.40999984741211 6.15000009536743 7.36999988555908 8.92000007629395 8.47999954223633 4.57999992370605 3.40000009536743 1.69000005722046 2.48000001907349 1.36000010566136 2.25999999046326 4.47999993452499 4.09999990463257 3.74000000953674 3.39000010490417 3.3199999332428 3.39000010490417 3.72000002861023 4.15000009536743 3.64000010497315 3.07999992370606 3.32999992370605 2.72000002861023 2.91000008583069 3.84999990463257 4.30999994277954 4.76000022888184 5.32999992370161 5.53999996185303 5.75 5.67000007629395 5.67000007629395 5.76999998092651 5.8400001525879 6.09000015258789 6.26999998092651 6.28999996185303
-9999 6.2199999258567 7.07999992370606 9.22000026702881 12.8100004196167 7.82999992370605 9.21000003814697 7.32000017166138 6.09999990463257 5.26999998092651 5.46999979019165 6.03000020980835 6.32000017166138 8.71000003814697 9.27999973297119 4.59999990463257 4.25 2.38000011444092 3.39000010490417 4.94999980926514 2.50999999046326 1.77999998754586 0.75 3.92000007353199 3.69000005722046 4.17999982833862 4.05999994277954 4.40000009536743 4.42000007667381 4.26999998092651 4.03000020980835 4.34000015258789 3.20000004768372 3.21000003814697 3.28999996185303 3.78999996185303 4.88000011444092 5.44000005721638 5.73000001907349 5.92999982833862 5.94000005722046 5.69000005722046 5.98000001907349 6.03000020980835 6.17000007629395 6.23000001907349 6.17000007629395
-9999 3.08750009536743 3.62249994277954 4.11499977111816 8.29500023557179 5.69750022888184 8.97000026702881 7.61999988555908 7.32999992370605 6.71000003814697 7.15999984741211 5.19999980926514 4.51000022994226 7.98999977111816 9.57999992370605 7.05999994277954 3.76999998092651 2.38000011444092 3.6800000667572 6.05000019073486 2.54999995231628 1.6599999666214 1.2200000319358 4.32999992370605 4.73999977111816 4.21999979019165 4.13000011444092 5.19999980926514 5.19000005722046 4.86999988555908 4.42000007629395 3.98000001907349 4.05000019073486 4 4.36999988555908 4.44000005722046 4.98999977111816 5.40000009536743 5.76000022888184 6.11999988555908 6.17999982833863 6.23999977111816 6.19999980926514 6.13000011444086 6.15000009536743 6.19999980926514 6.1399998664856
-9999 3.97000002861023 3.38000011444092 2.96499991416931 5.5149998664856 8.90250015258789 3.64000010490417 4.9999998551013 1.19500005245209 2.57750010490417 2.92000007629394 4.19999980926514 -0.555000007152557 2.37750005722046 6.08500003814697 -0.962499927710348 -2.32999992370605 -1.26250004768372 -1.58749997615814 1.60749995708466 -0.0649999678134918 -3.14750003814697 -3.20499992370605 -1.77999997138977 2.41000000245674 4.21000003814697 4.53999996185303 7.78999996185303 6.71000003814697 5.40999984741211 4.86999988555908 4.03999996185303 4.07000017166138 4.3899998664856 4.26000022888184 4.09999990463257 5.13999986648559 5.57000017166138 5.61999988555908 5.94999980926514 5.6500000953676 5.8600001335144 5.63999986648559 5.6300001144409 5.63000011444092 5.78000020980835 5.94999980926514
-9999 7.52500009536743 5.67249929379173 0.942499995231628 2.16000008583069 7.84499979019165 5.75750017166138 4.28000020980835 1.54999995231628 3.66249990463257 4.57250024679344 4.30000019073486 0.942499995231628 1.47500002384186 5.03499984741211 3.16499996185303 1.09500002861023 -0.310000002384186 -1.42250001790409 -0.239999994635582 0.507500112056732 -2.28500008583069 -2.29749989509583 -1.55499994754791 -3.00999999046326 -5.88500022888184 -1.62249994687951 -0.759999993974611 0.302500009536743 0.119999997395536 -0.170000001788139 0.0649999901652336 0.482499986886978 0.870000004768372 0.610000014305115 0.685000002384186 1.27499997615814 1.63250005245209 1.82249999046326 1.33500003814697 -0.824999988076273 0.057499960064888 0.560000002384186 0.374999999999952 0.400000005960464 0.555000007152557 0.462500005960464
-9999 6.84250020980835 3.41249990463257 0.735000014305115 1.22000002861023 7.4850002458818 8.57499980926514 7.34999990463257 4.28999996185303 5.53000020980835 6.98999977111816 3.7574999332428 2.06500005722046 4.32499980926514 3.61500000953674 5.23000001907349 5.10500001907349 -1.44249999523163 -2.85750007629395 -1.64499998092651 0.764999985694885 -0.142499997429829 -1.67999994754791 -0.287499994039536 -1.23749995231628 -3.57999992370605 -3.58500003814697 -2.72499990463257 -2.26250004768372 -1.17499995201847 -0.479999989271164 0.104999996721745 0.287499994039536 0.180000007152557 0.550000011920929 0.550000011920929 0.310000002384186 1.44749999046326 1.56500005722046 0.720000028610229 -1.96249997615738 -1.33000004291534 -1.15499997138977 -1.2150000333786 -0.945000112056732 0.482499986886978 0.514999985694885
6.65500020980835 7.34000015258789 1.93499994277954 0.524999976158142 3.24000000953674 8.47999954223633 6.44250011444092 9.19999980926514 7.80749988555908 6.28249979019165 5.6100000717721 3.52250003814697 4.40749979019165 2.4974999693491 1.36500000953674 4.36749982833862 5.5475001335144 0.365000009536743 -1.48500001430511 -1.62999999523163 -0.28999999165535 1.66999995708466 1.5974999666214 -0.330000013113022 1.28999996185303 -5.13749980926514 -4.07250022888184 -4.19750022888184 -2.41249990463257 -0.862500071525574 -0.00250000809319317 -0.0399999991059303 -0.287499994057545 -0.267500013113022 0.219999998807907 -0.159999996423721 -0.540000021457672 0.887499928474426 1.375 0.227500006556511 -1.32000005245143 -1.75750005245209 -2.25999999046326 -2.22250008583069 -1.73749995231628 0.1875 0.292499989271164
6.97749996185303 7.67749977111816 2.29500007629395 3.24000000953687 6.4850001335144 5.76999998092651 3.59500002861023 5.84250020980835 7.51249980926514 4.03999996185303 5.72749996185303 5.45500027933799 4.16249990463257 3.16750001907349 1.85500001907349 4.30999994277954 3.25000001694317 3.55749988555908 0.779999971389771 -1.29999995231628 0.122500002384186 2.74000000953674 2.79500007629395 2.09249997138977 -2.85249995369203 -1.76999998092651 -4.60249996185303 -5.23000001907349 -1.94749999046326 0.474999994039535 0.790000021457672 1.21249997615814 0.232500001939531 -0.527499973773956 -1.49500000476837 -0.469999998884741 0.239999994622462 1.55250000954462 1.38750004768372 0.485000014305115 -0.937499880790711 -1.45000004768372 -1.94500005245209 -1.79750001430511 -1.40499997138977 -0.504999995231628 -0.259999990463257
6.91750001907349 7.75250005722046 3.08750009536743 6.48750019073486 7.55999994277954 5.45749998092651 3.91000008583069 3.17750000953674 9.21000003814697 6.91499996185303 7.78249979019165 8.39000034332275 5.72749991229933 7.38000011444092 4.19250011444092 4.60750007629395 2.125 1.36000001430511 2.72250008583069 2.24499988555908 0.469999998807907 2.30250000953674 0.989999890327454 2.9449999332428 -1.35500001907349 -1.76250004768372 -3.04749989509582 -3.89000010490417 -0.264999985694885 0.930000007152557 1.01499998569489 0.922500014305115 0.367500007152557 -0.297500014305115 -1.19000005722046 -0.870000004768372 0.459999889135361 1.91999995708466 1.83000004291534 1.38750004768372 0.712499976158142 0.419999986886978 -1.3124999999978 -1.44249999523166 -1.47749996185303 -1.40499997139098 -1.01999998092778
