SnowAccumulation_R/test/tmax/final_tmax_16_04_2009.asc
NCOLS 97 
NROWS 69 
XLLCORNER 52512.810182332 
YLLCORNER 5316225.2758522 
CELLSIZE 10000 
NODATA_value -9999 
[rows 42 to 62 of 69, columns 0 to 46 of 97]
-9999 -9999 14.5 7.30000019073486 4.5 4.77999912575692 3.52999997138977 5.36999988555908 6.18000002671983 10.5699996948242 7.05999994277954 11.1199998240214 10.0299997329712 6.23000001907349 6.11999988555908 2.73000001907349 7.01000022888184 2.00000001738659 9.5200004335572 9.59000015220843 9.67000007629395 9.77999973297119 10.25 10.3299999235784 10.4799995418451 10.9499998092651 11.1300001144409 11.2700004577637 11.2399997711182 11.460000038147 11.4799995422363 11.4200000762939 11.6099996566772 11.8800001144409 12.0299997329712 12.1300001144409 12.3299999237061 12.4099998474121 12.4899997711182 12.5100002288818 12.3900003433228 12.2299995422363 12.1499996185303 12.0900001525879 11.8400001525879 11.5699996948242 11.539999961853
-9999 -9999 10.789999961853 6.40000009536743 6.53000020980835 4.01999998092651 5.65999959474547 4.92999982833862 9.82999992370605 7.34000015258789 10.5900001525879 7.69999980926514 5.09000015258789 3.85999989509582 6.80999994277954 4.34000015258789 7.76000022888184 3.98000001907349 9.47000026702881 9.60000038146973 9.67000007629394 9.6899995803833 10 10.1099996566772 10.289999961853 10.7799997329712 11.1300001144409 11.5200004577637 11.3199996948242 11.4799995422363 11.4899997711182 11.3999996185303 11.6599998474121 11.8299999237061 12.1400003433228 12.1199998855591 12.2200002670288 12.3599996566772 12.3900003433228 12.5299997329712 12.4399995803833 12.3299999237061 12.289999961853 12.0900001525879 11.8400001525879 11.6400003433228 11.6199998855591
-9999 -9999 14.5600004196167 7.86999988555908 6.90000009536743 3.5 6.55000019073486 5.12999887576651 11.3100004196167 10.6599998474121 13.7700004577637 10.6400003433228 8.46000003814697 7.23000001907349 3.82999992370606 5 7.69999980926514 5.38000011444092 9.5 9.64000034332275 9.64999961853027 9.69999980926514 9.76000022888184 9.89000034332276 9.36999988555908 10.3500003814697 10.8299999237061 11.3800001141155 11.3800001144409 11.6599998474121 11.6300001144409 11.6599998474121 11.8699998855591 11.9899997711182 12.0600004196167 12.0200004577637 12.2600002288818 12.3100004196167 12.3199996948242 12.3599996566772 12.3100004196167 12.2799997329712 12.2299995422363 12.1899995803833 11.9799995422363 11.8199996948242 11.8199996948242
-9999 -9999 14.8400001525879 8.20999927827862 5.32000017166138 4.73999977111816 4.38000009645642 5.44000005722046 6.03000072666716 7.53000028834267 13.7200002670288 9.96000003814697 7.76999997404109 3.91000008583069 2.5 6.01999998092651 7.69999980926514 6.75 9.5600004196167 9.68000030517578 9.75 9.65999984741211 9.97000026702881 10.289999961853 10.3199996948242 10.5799999237061 11.0200004577637 11.3699998854337 11.6000003812545 11.6499996185303 11.789999961853 11.8400001525879 11.9499998092651 12.0200004577637 12.0500001907349 12.1300001144409 12.1300001144409 12.1400003433228 12.1599998474121 12.1999998092651 12.1300001144409 12.1300001144409 12.0900001525879 12.0299997329712 11.960000038147 11.9300003051758 11.9300003051758
-9999 -9999 15.2700004577637 5.88000011444092 6.75 7.71000003814697 6.6399998664856 5.19999980926514 4.51999998092651 10.6100000693809 13.6400003433228 9.61999988555908 6.75 4.11999988555908 4.59999990463257 4.34999990463257 6.94999980926514 5.17000007629394 4.09000015258789 10.0900001525879 10.1099996566772 10.0799999237061 10.289999961853 10.289999961853 10.9600000368406 10.960000038147 11.3000001905698 11.460000038147 11.5699996948242 11.710000038147 11.8199996948242 11.9499998092651 12.039999961853 12.1000003814697 12.1000003814697 12.1499996185303 12.1199998855591 12.1199998855591 12.1700000762939 12.1899995803833 12.1000003814697 12.0299997329712 11.9899997711182 11.9799995422363 11.8400001525879 11.8800001144409 12.039999961853
-9999 -9999 15.9200000762939 6.5 8.60000038146972 8.03999996185303 7.78000020980835 4.6100001335144 6.32999992370606 12.1599998474121 14.1499996061778 10.460000038147 6.07999992370605 4.44999980926514 5.63000011444092 4.76999998092651 7.03000020980835 7.36999988555908 10.4300000375517 10.1300001144409 10.1700000762939 10.3299999237061 10.3699998855591 10.3800001144409 10.8699998844612 11.1000003809805 11.2200002670288 11.6000003814697 11.6400003433228 11.7600002288818 11.9300003051758 12.1800003051758 12.0799999237061 12.1000003814697 12.0900001525879 12.1300001144409 12.0200004577637 12.0799999237061 12.1899995803833 12.2799997329712 12.1000003814697 11.8599996566772 11.8900003433228 11.8699998855591 11.7799997329712 11.6499996185303 11.789999961853
-9999 11.210000038147 16.1399993896484 9.97000026702881 7.35999993551147 8.6899995803833 5.94999980926514 5.60000011848408 9.22000026702881 13.1700000762939 14.0799999365431 10.2000001129711 4.8600001335144 6.32000017166138 7.32999992370605 5.46999979019165 7.42999982833862 6.98000001907349 4.92000007629395 10.3199996948242 10.4300003051758 10.4099998474121 10.4399995803833 10.4499998092651 10.5200004577637 10.8800001144409 11.0799999237061 11.3500003814697 11.5100002288818 11.6000003814697 11.9200000762063 12.1700000762939 12.0100002289177 11.9799995422363 12.0200004577637 12.039999961853 11.9799995422363 11.9899997711182 12.1099996566772 12.2299995422363 12.0299997329712 11.8400001525879 11.8500003814697 11.8699998855591 11.8500003814697 11.6599998474121 11.6800003051758
-9999 14.3100004196167 16.1900005340576 8.14999961853027 8.61999988555908 7.19000005722046 10.3699998855591 10.3400001525879 11.4200000762939 13.539999961853 14.5500001907349 14.4200000762939 5.4099998893743 9.9700002657433 9.93000030517578 7.48999977111816 7.21000036506003 9.11999988555908 6.38999986648559 10.7600002530508 10.6099996566772 10.5299997329712 10.5200004577637 10.6700000762939 10.7399997711182 10.8299999237061 11.1400003433228 11.2299995422363 11.3999996185303 11.6800003051141 11.7700004577637 11.75 11.8299999237061 11.9200000762939 11.9300003051758 11.9099998474121 11.960000038147 11.9700002670288 11.9799995422363 12.0100002288818 12 12.1300001144409 11.9300003051758 11.8800001144409 11.6899995803833 11.6899995803833 11.6099996566772
-9999 7.34999990463257 11.9100012552701 9.21000003814697 5.42999982833862 6.88999986648559 6.92999982833862 7.38000011444092 9 11.8999996185303 13.2700004577637 14.0799999237061 11.6300001144409 10.4399995803833 10 7.34999990463257 8.10999965667725 9.43000030517578 8.03999996185303 11.2600002155134 10.6400003433228 10.3500003814697 10.460000038147 10.5699996948242 10.7200002670288 10.7200002670288 10.9499998092651 11.1800003049726 11.1800003051758 11.6000003813669 11.6599998474121 11.6099996566772 11.7399997711182 11.8699998855591 11.7200002670288 11.7299995422363 11.8599996566772 11.9200000762939 11.9099998474121 11.9399995803833 11.9300003051758 11.960000038147 11.710000038147 11.6199998855591 11.6499996185303 11.6300001144409 11.539999961853
-9999 9.42999925968116 17.0400009155273 9.96000003814697 6.05000019073486 8.52999973297119 8.64000034332275 7.61999988555908 7.0700003445365 12.4300003051758 12 10.6199998855591 14.1400003433228 11.0699996948242 8.43000030517578 11.0900002232049 6.94000005722046 8.31999969482422 5.1100001335144 10.7600002288818 10.569999690557 10.3000001907349 10.3400001525879 10.3999996185303 10.5699996947697 10.5699996948242 10.7899999618028 10.9399995803833 11.1800003049488 11.3000001907349 11.4899997711182 11.3900003433228 11.5100002288818 11.3599996566772 11.3299999237061 11.3800001144409 11.4499998092651 11.6899995803833 11.8500003814697 11.8400001525879 11.8299999237061 11.7700004577637 11.6300001144409 11.5699996948242 11.539999961853 11.4399995803833 11.4099998474121
-9999 8.38000011444092 16.2800006866455 13.7200002670288 7.48000001907349 10.5 8.75 8.1899995803833 9.02999973297119 11.710000038147 8.15999984741211 10.1700000762939 12.2299995422363 14.5500001907349 13.2200002670288 10.4099998474121 7.01000024805819 7.28000020980835 5.42000007629395 8.89000034332275 10.4700002615439 10.1700000762939 10.3000001907349 10.2799997329712 10.3500003814697 10.0600004196167 10.289999961853 10.4200000762939 10.8100004196167 11.0299997329712 11.1300001144799 11.3699998854786 11.3699998855591 11.3800001144409 11.3000001907393 11.1599998474121 11.1899995803833 11.5100002288818 11.6400003433228 11.789999961853 11.6400003433228 11.6400003433228 11.5600004196167 11.4499998092651 11.3900003433228 11.2700004577637 11.1800003051758
-9999 8.80000019073487 7.96999979019165 16.7099978816263 8.15999984741211 11.7399997711182 10.3999996185303 8.40999984741211 9.85999965667725 11.2399997711182 8.94999980926513 10.8299999237061 11.9099998474121 14.4799995422363 12.8500003892621 11.1700000762939 8.48999977111817 7.78999996185303 7.17999982833862 7.07000017166138 10.3900003433228 10.3800001144409 10.3400001484901 10.2799997329712 9.97999954223633 9.9399995803833 10.039999961853 10.1199998855591 10 10.4499998092651 10.9200000761721 10.75 10.6499996185303 10.8999996185303 10.949999809256 11.039999961853 11.1199998855591 11.3400001525856 11.5600004196167 11.5699996948242 11.4899997711182 11.460000038147 11.2299995422363 11.3299999237061 11.2700004577637 11.0699996948242 10.8500003814697
-9999 9.05000019073486 11.0699996948242 15.9799995422363 13.4099998474121 11.6300001144409 11.0100002288818 9.92000007629395 10.8299999237061 11.2600002288818 8.60000038146973 10.6000003814697 11.9700002670288 13.8500003814697 13.5299997329712 9.14999961853027 7.84000015258789 5.90999984741211 6.80000019073486 5.73000011497483 6.78999996179458 10.3799999874796 10.1499996185303 9.85999965667725 9.89000034332275 9.63000011444092 9.77999973297119 9.72000026702881 9.97999954223633 10.3500003812628 10.4200000762939 10.3100004196167 9.15999984741211 9.42000007629395 10.2700004577637 10.6400003433228 10.8299999237061 11.229999542233 11.3599996566772 11.4300003051758 11.25 11.0799999237061 11.0299997329712 11.0200004577637 11.1000003814697 11.0699996948242 10.960000038147
-9999 9.51000038921281 10.4899997711182 12.8100004196167 16.6299991607666 11.5699996948242 13.1300001144409 11.25 10.1000003814697 9.34000015258789 9.60000038146973 10.3100004196167 10.6800003051758 13.4399995803833 14.2200002670288 8.96000003814697 8.59000015258789 6.46000003814697 7.61000013351441 9.46000003814697 6.53000020980835 5.94999982021842 4.73999977111816 8.69999980515673 9.44999980926514 9.30000019073486 9.15999984741211 9.31999969482422 9.77999973340803 9.69999980926514 9.9399995803833 9.81999969482422 9.1899995803833 9.26000022888184 9.14999961853027 9.59000015258789 10.4899997711182 10.9399995803797 11.2399997711182 11.3599996566772 11.3100004196167 10.8999996185303 11.0799999237061 11.0600004196167 11.0600004196167 10.9499998092651 10.8000001907349
-9999 7.43499994277954 8.03750038146972 8.44499969482422 12.3225003705575 9.34500026702881 12.8400001525879 11.4799995422363 11.289999961853 10.7399997711182 11.2700004577637 9.26000022888184 8.56999969593514 12.460000038147 14.3400001525879 11.539999961853 7.80999994277954 6.23999977111816 7.67999982833862 10.5 6.30000019073486 5.30000019073486 5.01000022721904 8.52000045776367 9.13000011444092 8.97999954223633 8.57999992370605 9.06999969482422 9.44999980926514 9.22999954223633 9.23999977111816 9.32999992370606 9.44999980926514 9.61999988555908 9.89999961853028 9.85999965667725 10.1599998474121 10.4700002670288 10.9099998474121 11.3000001907349 11.2899999618531 11.3000001907349 11.1499996185303 11.0100002288817 10.8999996185303 10.8400001525879 10.7200002670288
-9999 8.27499961853027 7.61499977111816 7.28999996185303 10.0349998474121 13.1374998092651 6.97249984741211 8.17500002331231 3.65750002861023 7.40000009536743 7.39499998092651 7.3600001335144 3.6875 7.05499982833862 11.6625003814697 4.18750005542738 1.88999998569489 2.51250004768372 2.2574999332428 5.94999980926514 4.20749998092651 1.07000005245209 0.347499996423721 2.4449999332428 5.82999984377804 7.13000011444092 8.22999954223633 8.76000022888184 8.86999988555908 8.97000026702881 8.55000019073486 8.59000015258789 8.85000038146973 9.44999980926514 9.23999977111816 8.98999977111817 10 10.3900003433228 10.4399995803833 10.8100004196167 10.4099998474124 10.6300001144409 10.289999961853 10.2399997711181 10.1499996185303 10.2399997711182 10.3999996185303
-9999 11.8175001144409 9.9074993843902 5.26000022888184 7.30249977111816 12.8225002288818 9.19750022888184 7.09000015258789 4.38500022888184 7.48000001907349 8.36999989471998 6.98750019073486 5.09749984741211 6.07250022888184 11.1625003814697 9.26000022888184 4.96999979019165 3.17750000953674 2.78250002231693 4.37249994277954 5.34000015258789 2.35500001907349 1.42999994754791 1.95500004291534 0.68749988079071 -2.29749989509583 2.08750009190179 3.07750010131553 3.71499991416931 3.53250002857913 3.0550000667572 3.51749992370605 3.72499990463257 3.86500000953674 3.24749994277954 3.43249988555908 4.30000019073486 4.57499980926514 4.66249990463257 4.24749994277954 2.06999993324592 3.07999992370605 3.30250000953674 3.08500003814649 2.72749996185303 2.27999997138977 2.59249997138977
-9999 11.1674995422363 7.57749986648559 5.30000019073486 6.81500005722046 12.6149997942526 12.085000038147 10.0150003433228 6.69500017166138 8.63749980926514 9.44999980926514 6.05749988555908 5.69750022888184 8.57749938964844 8.83500003814697 10.4499998092651 9.48999977111816 2.32249999046326 1.51499998569489 3.26250004768371 6.88999986648559 5.31750008804735 2.03749990463257 2.67000007629395 1.86249995231628 0.354999989271164 0.377499997615814 1.2150000333786 1.4650000333786 2.34999990520155 2.95000004768372 3.36999988555908 3.46000003814697 3.28250002861023 3.13499999046326 3.13499999046326 3.3199999332428 4.39750003814697 4.53749990463257 3.85249996185303 1.50999999046388 2.11249995231628 2.17750000953674 2.10999989509583 1.39750003814697 2.4375 2.56500005722046
11.0200004577637 11.602499961853 6.12249994277954 4.96500015258789 8.4375 12.5625 9.95750045776367 12.0024995803833 10.3175001144409 8.55749988555908 7.85499991857804 5.6875 7.52500009536743 6.19000008314243 5.50250005722046 8.58749961853028 9.67999935150146 4.2975001335144 2.59750008583069 3.10999989509583 5.46750020980835 5.9524998664856 5.36749982833862 2.78999996185303 4.53749990463257 -1.2775000333786 -0.00500005995854735 -0.170000001788139 1.37000000476837 2.8199999332428 3.58999991416931 3.38000011444092 3.30749988538124 3.28250002861023 3.04500007629395 2.72499990463257 2.70499992370605 4.15749979019165 4.44000005722046 3.74499988555908 2.66249990463289 2.38499999046326 1.61000001430511 1.62750005722046 2.01749992370605 2.60249996185303 2.59999990463257
11.0600004196167 11.7449998855591 6.44250011444092 7.26999998092667 10.8649997711182 9.52499961853027 7.07499980926514 8.82750034332275 9.94750022888183 6.44750022888184 7.84000015258789 7.36750016008085 6.09000015258789 6.15749979019165 5.25500011444092 7.67749977111816 7.07250024345635 7.75 5.09000015258789 2.80999994277954 4.75500011444092 6.85249996185303 6.55499982833862 5.45499992370605 0.545000024800748 1.6875 -0.824999928474426 -1.44749999046326 1.82000005245209 4.11499977111816 4.46750020980835 3.80250000953674 3.15499997144605 2.77749991416931 2.0550000667572 2.74499988550837 3.65499997137946 4.63500022888267 4.49249982833862 3.88000011444092 3.1875 2.90499997138977 2.34999990463257 2.44250011444092 2.95000004768372 2.88000011444092 2.93249988555908
11.2574996948242 11.9650001525879 7.1399998664856 10.3900003433228 11.5550003051758 9.08250045776367 7.3125 6.04250001907349 11.5649995803833 9.26249980926514 10.1875 10.9300003051758 6.77250026404018 10.4125003814697 7.2975001335144 7.42250013351441 5.73999977111816 5.4375 7.56500005722046 6.7350001335144 4.27250003814697 6.07499980926514 4.90749979019165 6.46999979019165 1.63250005245209 1.25750005245209 0.215000003576279 -0.297500014305115 3.04500007629395 4.23000001907349 4.42500019073486 3.64750003814697 2.91499996185303 2.79500007629395 2.3050000667572 2.52999997138977 3.56500005722046 4.6875 4.76000022888184 4.40749979019165 4.15500020980835 4.03000020980835 2.85500001907502 2.88000011444091 3.02250003814697 2.80500006675788 2.94250011444094
