SnowAccumulation_R/test/tmax/final_tmax_12_04_2009.asc
NCOLS 97 
NROWS 69 
XLLCORNER 52512.810182332 
YLLCORNER 5316225.2758522 
CELLSIZE 10000 
NODATA_value -9999 
[rows 0 to 20 of 69, columns 47 to 93 of 97]
-9999 -9999 -9999 -9999 -9999 -9999 -9999 -9999 -9999 -9999 -9999 -9999 -9999 -9999 -9999 -9999 -9999 -9999 -9999 -9999 -9999 -9999 -9999 -9999 -9999 -9999 -9999 -9999 -9999 -9999 -9999 -9999 -9999 -9999 -9999 -9999 -9999 -9999 12.9300003051758 13.1899995803833 13.4499998092651 13.789999961853 13.9200000762939 14.1599998474121 -9999 -9999 -9999
-9999 -9999 -9999 -9999 -9999 -9999 -9999 -9999 -9999 -9999 -9999 -9999 -9999 -9999 -9999 -9999 -9999 -9999 -9999 -9999 -9999 -9999 -9999 -9999 12.8900003433228 12.6999998092651 12.3400001525879 12.2700004577637 12.6999998092651 13.0299997329712 13.0299997329712 12.9399995803833 12.9799995422363 12.9200000762939 12.8500003814697 12.6000004535138 12.5200004577637 12.6499995960449 12.8999996185303 13.1300001144409 13.4700002670288 13.5699996948242 13.9399995803833 14.210000038147 -9999 -9999 -9999
9.35999965667725 9.25 9.06999969482422 8.75 8.65999984741211 8.76000022888184 8.85999965667725 8.89000034332275 9.26000022888184 9.52999973297119 9.85999965667725 10.1199998855591 10.1800003051861 10.2299995422363 10.5699996948242 11.039999961853 11.3800001144409 11.6899995803833 11.8100004197617 11.9700002670288 12.2799997329712 12.539999961853 12.800000180041 12.8800001140268 12.9099998474121 12.7799997329712 12.3199996948242 11.9099998474121 12.1800003051758 12.6099996566772 12.7700004577637 12.75 12.8000001907349 12.75 12.7700004477158 12.7700004577637 12.5799999122549 12.6800003051758 12.9099998474121 13.0299997329712 13.210000038147 13.5600004196167 13.8299999237061 14.1400003433228 -9999 -9999 -9999
9.96000003814709 9.73999977111816 9.51000022888183 9.09000015258789 8.9399995803833 8.94999980926513 8.97999954223984 9.07999992370605 9.07999992370605 9.52000045776367 9.78999996185303 9.96000003814697 9.93000030517578 9.86999988555908 9.97999954223633 10.8400001525879 11.3100004196167 11.6499996185303 11.7399997711182 11.9399995803833 12.1000003814697 12.4999999899867 12.5500001907349 12.6800003051758 12.8000001907349 12.8400001525879 12.4099998474121 11.8800001144409 12.1400003289458 12.460000038147 12.710000038147 12.539999961853 12.5600004196167 12.5100002288818 12.5500001907349 12.58999988264 12.3699998855591 12.539999961853 12.75 12.8800001144409 13.1300001144409 13.5 13.6800003051758 14 -9999 -9999 -9999
10.4300003051758 10.2600002288818 9.76000022888184 9.48999977111816 9.15999984741211 9.06999969482422 9.11999988556337 9.3100004196167 9.22999954223633 9.34000015258789 9.57999992370605 9.82999992370605 9.81999969482422 9.97999954223633 10.2600002288818 10.7600002288818 11.2200002670288 11.4300003054609 11.8000001907349 11.9700002670288 12.1000003814697 12.2399997711182 12.640000343186 12.6599998474121 12.7399997711182 12.75 12.5500001907349 12.0299997329712 11.8699998855591 12.2299995422363 12.3999996185303 12.3199996948242 12.3500003814697 12.2700004577637 12.0699995331091 11.9099998474121 12.1099996566772 12.3000001907349 12.5399998466507 12.7299995422363 13.0200004577637 13.289999961853 13.7600002288818 14.0799993836874 -9999 -9999 -9999
10.6999998092651 10.6400003433228 10.3299999237061 10 9.64999961853027 9.43000030517578 9.27000045776367 9.36999988555908 9.40999984741211 9.53999996185303 9.77000045776367 9.81999969486917 9.97999954223633 10.1700000762939 10.4399995803833 10.460000038147 11.0100002288818 11.3699998855591 11.8500003830036 12.0799999237061 12.1899995803833 12.210000038147 12.3699998855591 12.6599998474121 12.6199998855591 12.5600004196167 12.5600004196167 12.4499998092651 12.1099996566772 12.0699996948242 12.1800003051758 12.1199998855591 12.0799999133274 12.0900001525879 11.7799997329712 11.7399997711182 11.8500003814697 12.0699995932627 12.210000038147 12.5900001525879 12.8800001144409 13.1999998092651 13.6799996429483 13.960000038147 -9999 -9999 -9999
11.1499996185303 10.9399995803833 10.5100002288818 10.289999961853 10.1199998855591 9.94999980926514 9.85999965667724 9.60000038146973 9.77000045776367 9.78999996185303 9.85000038146973 9.93999958045856 10.0600004196167 10.3400001525879 10.3400001525879 10.3900003433228 10.6599998491944 10.8800001144409 11.7399997711182 12.1400003433228 12.3699998855591 12.210000038147 12.0900001525879 12.5699996948242 12.5500001907349 12.4399995803833 12.3500003814697 12.3500003814697 12.1999998092651 12.0600004196167 11.9700002670288 11.8199996948242 11.789999961853 11.6199998855591 11.5600004196167 11.6300001144409 11.6800003051758 11.8400001525879 12.0600004196167 12.4099998474121 12.75 13.0900001525879 13.2700004577637 13.8400001525879 -9999 -9999 -9999
11.5500001907345 11.0900001525879 10.5200004577637 10.3800001144409 10.1700000762939 10.039999961853 9.97999954223633 10.0100002288818 10.0900001525879 10.1199998855591 10.1199998855591 10.1800003051758 10.1199998855591 10.3500003814697 10.3800001153396 10.710000038147 10.789999961853 10.960000038147 11.3699998855591 12.1800003051758 12.4499998092651 12.359999656568 12.0100002288818 12.460000038147 12.4799995422363 12.3100004196167 12.2299995422363 12.1000003814697 12.0900001525879 11.8299999237061 11.8000001907349 11.7600002288818 11.3999996185303 11.3100004196167 11.3000001907349 11.4099998474121 11.460000038147 11.6800003051758 11.8900003433228 12.1499996185303 12.5500001907349 12.7200002670288 13.1899995803833 13.5100002288818 -9999 -9999 -9999
11.8800001144409 11.1800003051758 10.75 10.4300003051758 10.3699998855591 10.1000003814697 9.94999980926513 10.2399997711182 10.1499996185303 10.4200000762939 10.3500003814697 10.4300003051758 10.4200000765493 10.6499996185303 10.6099996566772 10.6499996185303 10.75 10.9200000762939 11.3599996566772 11.9499998092651 12.5100002288818 12.4099998474121 12.0500001907349 12.2200002670288 12.289999961853 12.2100000389094 12.1000003814697 11.9099998474121 11.8000001907349 11.710000038147 11.6899995812112 11.4099998474121 11.1400003433228 11.0500001907349 11.1099996566772 11.199999786853 11.2700004577637 11.460000038147 11.6099996566772 11.9700002670288 12.1800003051758 12.6899995803833 13.099999457971 13.289999961853 -9999 -9999 -9999
12.0100002288818 11.3199996948242 10.7399997711182 10.5600004196167 10.4700002670288 10.40999984741 10.2600002288818 10.3699998855591 10.5699996948242 10.6499996185303 10.5500001913357 10.9200000762939 10.9099998474121 10.8900003433228 10.6300001144409 10.5600004196767 10.6899995803833 11.0299997329712 11.1099996566772 11.289999961853 11.6800003057015 12.1499996185303 11.9099998474121 12.0100002288818 11.9799995422363 12.0500001907349 12.039999961853 11.8800001144409 11.6999998092651 11.5299997329712 11.3199996948242 11.1700000762939 10.9700002670288 10.8599996566772 10.8999996185303 10.9099998474121 10.9700002670288 11.3000001907349 11.4200000762939 11.8100002709034 11.9799995422363 12.3099995825603 12.4499998092651 13.1000003814697 13.3199996948242 -9999 -9999
12.0799999237061 11.5600004196167 11.039999961853 10.7600002288818 10.7299995422363 10.7299995422355 10.5600004196949 10.5399999619346 10.8599996566772 11.1599998474121 11.2100000381838 11.2299995422363 11.1599998474121 11.0900001525879 11.1499996185303 10.8500003814697 10.6999998092651 10.9499998092651 10.8699998855591 10.8900003433228 11.0600004196167 11.1999998092651 11.5699996948242 11.8199996948242 11.7799997328115 11.8100004196167 11.8400001525879 11.7399997711182 11.5500001907349 11.1599998533499 11.0699996948242 10.960000038147 10.7399997711182 10.710000038147 10.710000038147 10.6000003814697 10.8199996948242 10.9499998092651 11.2399997711182 11.3299999237061 11.6000003814697 11.6300001144409 12.1199998855591 12.4399995803833 13.0299997329712 -9999 -9999
12.359999656678 11.7600002288837 11.3400001525904 11.2299995422442 11.5200004577637 11.3800001144409 11.3999996185303 11.1499996185303 11.1700000762939 11.3699998855591 11.3800001144409 11.5 11.289999961853 11.210000038147 11.289999961853 11.2299995422363 10.8299999237061 10.9399995803833 10.8299999237061 10.7799997329712 10.75 10.6599998474121 11.0200004577637 11.3199996948242 11.5900001525879 11.6599998474121 11.5900001525879 11.5699996948242 11.2299995422363 11.1000003814697 10.8199996948242 10.6899995803833 10.5600004196167 10.4799995637391 10.5299997329712 10.3299999237061 10.4700002670288 10.6000003814697 10.6700000762939 11 10.8900003433228 11.210000038147 11.6999993462877 12.0100002288818 12.6199998855591 -9999 -9999
13.0500001907346 12.5799999237061 12.3299999237061 12.0100002288818 11.9899997711182 11.8400001525879 11.9399995803833 11.8400001525879 11.5900001525879 11.6099996566772 11.5699996948242 11.460000038147 11.460000038147 11.3299999237061 11.3299999236195 11.2299995422363 11.0200004577637 10.9899997711182 11 10.9999999996921 10.8000001907349 10.6700000762939 10.6400003433228 10.789999961853 11.289999961853 11.5 11.3900003283682 11.25 11.2200002670288 10.9200000762939 10.6700000762939 10.4799995422363 10.4899997711182 10.289999961853 10.0900001525879 9.96000003814697 10.0299997329712 10.2200000926951 10.3299999237061 10.6299995101149 10.4399995803833 10.7399997711182 11.0200004577637 11.6099996566772 12.210000038147 -9999 -9999
12.9499998092651 12.8699998855591 12.6300001144409 12.4799995422363 12.460000038147 12.5 12.0200004577637 11.8500003814697 12.1400003433228 11.8900003433228 11.8199996948242 11.6499996185303 11.5299997329712 11.4499998092651 11.409999847267 11.1999998092651 11.1000003814697 11.1300001144409 11.1199998855591 11.1099996566772 10.8900003433228 10.7299995422363 10.6899995803833 10.8199996948242 11.2399997711182 11.4499997999791 11.25 11.1999998092651 10.9899997711182 10.7600002288818 10.5600004196167 10.4099998474121 10.3199996948242 9.94999980926514 9.64000034332275 9.42000007629395 9.76000022888184 9.89000034332275 9.97999904130091 9.90999984741211 10.0100002288818 10.1800003051758 10.6300001144409 11.2799997329712 11.8199996948242 -9999 -9999
13.2200002670288 12.710000038147 12.960000038147 13.0900001525879 13.0600004196167 12.8599996566772 12.4899997711182 12.1400003433228 12.2200002670288 11.9300003051529 11.8400001525879 11.9300003051758 11.75 11.4700002670288 11.2600002288818 11.1999998092651 10.9200000762939 10.9200000762939 11.0299997330989 11.0100002288818 10.8400001525879 10.7399997711182 10.7799997329712 10.9499998092651 11.3599996629836 11.3199996948242 11.3000001907349 11.1800003051758 10.8199996948242 10.6899995803833 10.5500001907349 10.1199998855591 9.92000007629395 9.76000022888183 9.38000011444092 9.3100004196167 9.23999977111816 9.55000019073486 9.03999996185303 9.47999954223633 9.76000006326728 9.94999980926514 10.3599996566772 10.9799995422363 11.4799995422345 -9999 -9999
13.3100004196167 13 13.1099996566772 13.3000001907349 13.3800001144409 13.3000001907349 13.1999998092651 12.6899995803833 12.3299999237061 12.25 12.1199998855591 11.9200000762939 11.5500001907349 11.25 11.3100004196167 11.2799997329712 10.7600002288818 10.9099998474121 10.9499998092651 11.039999961853 11.0500001907349 10.9499998092651 11 11.3900003433228 11.0299997329712 11.3400001525879 11.1300001144409 10.9399995803833 10.789999961853 10.6700000762939 10.460000038147 10.289999961853 9.89999961853027 9.47000026702881 9.22000026702881 8.81999975950546 8.90999984741211 8.65999984741211 8.81999969482422 9.18000030517578 9.35999965667725 9.8100004196167 10.1999998092651 10.789999961853 11 -9999 -9999
13.3199996948242 13.3599996566772 13.5 13.6999998092651 13.8500003814706 13.8999996185303 13.8400001525879 13.2799997329712 12.6999998092651 12.4899997711182 12.1800003051758 11.9099998474121 11.5699996948242 11.3800001142848 11.1700000762939 11.1999998092651 11.1999998092651 10.9499998092651 11 11.210000038147 11.2200002670288 11.1599998529357 11.2700004577637 11.3500003814697 11.2399997711182 11.3900003433228 11.0000000011203 10.8999996185303 10.7399997711182 10.6400003433228 10.4499998092651 10.25 9.84000015258789 9.36999988555908 9.01000022888183 8.77999973297119 8.40999984741211 8.4399995803833 8.72999954223633 8.89999961853027 9.23999977111816 9.72999954223633 10.1300001144409 10.3299999237061 10.8500003814697 -9999 -9999
13.460000038147 13.539999961853 13.789999961853 14.2299995422363 14.430000305177 14.3900003433228 14.3000001907349 13.9399995803833 13.3699998855591 12.960000038147 12.3299999237061 11.9399995803833 11.6000003814697 11.4099998474121 11.0500001907349 10.9700002670288 10.9300003051758 11.2299995425438 11.3000001907349 11.1599998474121 11.3599996554499 11.4700002670288 11.4399995803833 11.3100004196167 11.2200002670288 11.2700004577637 11.0900001525879 10.8900003433228 10.75 10.6999998092651 10.5900001525879 10.1999998092651 9.65999984741211 9.18000030517578 8.88000025942701 8.6999997122827 8.14999961853027 8.21000003814697 8.64000019698791 8.85999965667725 9.22000026702881 9.72999954223633 10.1400000547441 10.3100004196167 10.7600002288818 -9999 -9999
13.75 13.7299995422363 14.1099996566772 14.5699996948242 14.8500003814719 15.1000003814697 14.7799997329712 14.2600002288818 13.9399995803833 13.4499998092651 12.6300001144409 11.9399995803833 11.6300001144409 11.4300003051758 11.039999961853 10.8100004196167 10.6499996185303 10.6999998092651 11.4899997560714 11.4700002670288 11.6599998474121 11.6300001142616 11.6000003814697 11.5600004196167 11.3500003814697 11.1800003061472 11.0900001525879 10.9300003051758 10.8299999237061 10.7700004577637 10.6000003814697 10 9.59000015258789 9.1899995803833 8.98999973720637 8.55000019073487 8.27000045776367 8.27999973297119 8.43000030517578 8.82999992370605 9.27999973297119 9.80000019073486 9.97000026702881 10.3400001525879 10.75 -9999 -9999
13.9300003051758 14.1300001144409 14.5100002288818 15.3199996948242 15.6099996566772 15.9499998092651 15.2200002670288 14.6499996185303 14.399999618503 13.6800003051758 13 12.2700004577637 11.7600002288818 11.5600004196167 11.0699996948242 10.9499998092651 10.6899995843755 10.9899997711182 10.8400001525879 11 11.5299997329712 11.7600002288818 11.8299999237061 11.8199996948242 11.6300001144409 11.4200000762939 11.1400003433228 11.0600004196167 11.0600004196167 11.0200004577637 10.5699996948242 10.0500001907349 9.72999954223633 9.42000003095069 9.02000045776367 8.72000026702881 8.52999973297119 8.56999969482422 8.64000034332275 9 9.4399995803833 9.68000030517578 10.0900001525879 10.4499998092651 10.7600003745901 10.9399995803833 -9999
14.1899995803833 14.4099998474121 14.9099998474121 15.8800001144409 16.4200000762939 16.7099990844727 15.6899995803833 14.9700002670288 14.5699996947745 13.8000001907349 13.3000001907349 12.5200004577637 12.1599998473075 11.8199996948242 11.4799995438293 11.4799995422363 11.3999996185303 11.289999961853 11.0900001525879 11.0600004196167 11.6599998474121 11.7600002288818 11.8599996566772 11.8699998855591 11.7299995422363 11.5200004577637 11.2399997711182 11.2700004577637 11.3100004196167 11 10.6300001144409 10.0100002288818 9.59000021389 9.36999988555908 9.13000011444092 8.97000026702881 8.77000045776367 8.85000038146973 8.9399995803833 9.26000022888183 9.71000003814697 9.96000003814697 10.3100004196167 10.5600004196167 10.8699996803897 10.960000038147 -9999
