SnowAccumulation_R/test/tmax/final_tmax_28_04_2009.asc
NCOLS 97 
NROWS 69 
XLLCORNER 52512.810182332 
YLLCORNER 5316225.2758522 
CELLSIZE 10000 
NODATA_value -9999 
[rows 0 to 19 of 69, columns 0 to 46 of 97]
-9999.000000000000000 -9999 -9999 -9999 -9999 -9999 -9999 -9999 -9999 -9999 -9999 -9999 -9999 -9999 -9999 -9999 -9999 -9999 -9999 -9999 -9999 -9999 -9999 -9999 -9999 -9999 -9999 -9999 -9999 -9999 -9999 -9999 -9999 -9999 -9999 -9999 -9999 -9999 -9999 -9999 -9999 -9999 -9999 -9999 -9999 -9999 -9999
-9999 -9999 -9999 -9999 -9999 6.07999992370606 4.5 3.99000000953674 3.32999992370605 4.23999977111816 3.85999989509583 4.1100001335144 4.61999999705695 5.59000015258789 4.8899998664856 4.82000017166138 5.34999990463257 5.51999998092651 5.5399999623277 -9999 -9999 -9999 -9999 -9999 -9999 -9999 -9999 -9999 -9999 -9999 -9999 -9999 -9999 -9999 -9999 -9999 -9999 -9999 -9999 -9999 -9999 -9999 -9999 -9999 -9999 -9999 -9999
-9999 -9999 -9999 -9999 -9999 3.08999991416931 3 3.36999988555908 3.73000001907349 4.71000003814697 4.67000007629395 5.57999992370605 5.90999984741211 5.61000010602712 4.86999988555908 5.26000022888184 5.32000017166138 5.17999982833862 5.19999980926514 5.65000004974511 5.67999982833862 5.96000003814697 6.09000015258789 6.15999984741211 6.09000015258789 5.94999980926514 5.80000019073486 5.67999982833862 5.65000009536743 5.94000005722046 6.05999994277954 6.34000015258789 6.51999998092651 6.40999984741211 6.1100001335144 5.82999992370605 5.59999990463257 5.46999979019165 5.28000020980835 5.30000019073486 5.23999977111816 5.17000007629395 5.11999988555908 4.86999988555908 4.90000009536743 4.84000015258789 4.75
-9999 -9999 -9999 -9999 -9999 4.05999994277954 4.69999980926514 4.5 4.520000114117 5.5 5.55000019073486 5.34000015258789 5.84000015258789 5.23000001907349 4.96999979019165 4.96999979019165 4.84000015258789 4.53000020980835 4.61999988555908 4.4400000571793 4.46999979019165 5.11999988555908 5.51999998092651 5.78999996185303 5.86999988555908 5.92000007629394 5.76000022888184 5.63000011444092 5.57000017166138 6.01000022888184 6.11999988555908 6.42000007629394 6.5 6.30999994277954 5.92999982833862 5.67999982833862 5.59999990463257 5.46000003814697 5.21999979019165 5.25 5.26000022888184 5.19999980926524 5.03999996185303 4.96999979019165 5.05000019073486 5.15000009536743 5.23999977111816
-9999 -9999 -9999 -9999 -9999 4.73000001907349 4.98999977111816 5.21000010834218 5.28999996185303 5.38999992226989 5.84999990463257 5.8899998664856 5.80999994277954 5.67000007629395 5.59000014689708 5.32999992370605 4.80000019073486 4.28000020980835 4.15000009536743 4.13000011444092 4.30000019073486 4.78999996185303 5.09999990974241 5.57000017166138 5.82999992370605 5.92000007629395 5.76999998092651 5.65000009536743 5.67999982833862 5.90999984741211 6.32000017156863 6.34000015258789 6.28000020980835 6.23000001907349 5.80000019073486 5.59000015258789 5.48999977111816 5.51999998092651 5.21999979019165 5.38000011444092 5.55000019073486 5.36999988555908 5.30000019073486 5.30999994277954 5.19999980926514 4.96000003814697 5.01999998092651
-9999 -9999 -9999 -9999 -9999 5.09999990463257 5.34999990463257 5.51999998092651 5.26000044920344 5.84999990463257 5.6100001335144 5.69999980926514 5.71999979019165 5.69000005722046 5.57000017166138 5.51999998092651 5.19000005722046 4.57999992370605 3.67000007629395 4.26999998092651 4.46999979019165 4.78999996185303 5.15000009536743 5.57000017166138 5.84000015258789 5.98000001898279 5.92999982833862 5.71000003814697 5.67000007629395 6 6.21000003814697 6.15999984741211 6.05999994277954 6.1100001335144 5.76000022888184 5.40999984741211 5.3400001525876 5.40999984741211 5.36000013351441 5.40999984741211 5.32000017166138 5.30999994277954 5.40000009536743 5.46999979019165 5.30000019073486 5.13000011444092 5.11999988555908
-9999 -9999 -9999 -9999 -9999 4.96999979019165 5.05999994277954 5.53999996185303 5.32000017166138 5.47999988441825 5.42999982833862 5.46999979019165 5.53000020980835 5.53999996185303 5.42000007629395 5.23999977111816 5.1399998664856 4.86000013351441 4.23999977111816 4.46000003814697 5.05000019065582 5.23000001907349 5.51999998092651 5.84999990463257 6.03999996185303 5.96999979131802 5.98999977111816 5.76000022888184 5.6399998664856 6.17999982833862 5.88000011444092 5.86999988555908 5.92000007629394 5.90999984741211 5.71000003814697 5.32000017166138 5.2300000190729 5.30000019073486 5.38000011444092 5.32000017166138 5.23000001907349 5.84000015258789 5.88000011444092 5.84999990463257 5.53999996185303 5.3899998664856 5.19999980926514
-9999 -9999 -9999 -9999 -9999 4.8600001335144 5.11999992059351 5.30999994277954 4.92999982833862 4.63999986648559 5.38000009920698 5.32999991460154 5.19999980926514 5.07999992370606 5.26000022888184 5.26999998092651 5.34999990196189 5.05999994277954 4.78999996185303 5.03000020980835 5.28999996185303 5.44999980926514 5.84999990463257 5.8899998664856 6.01999998092651 6.09000015258789 6.01999998092651 5.82000017372076 5.86999988555908 5.57999992370605 5.57000017166138 5.57000017164875 5.67999982833862 5.69000005722046 5.57999992370605 5.23000001907349 5.11999988555937 5.19000005722046 5.28999996185303 5.34000015258789 5.5 5.92000007629395 6.23000001907349 6.17000007629395 5.65999984741211 5.57999992370606 5.40000009536743
-9999 -9999 -9999 -9999 -9999 4.57999992370605 4.75 5.19999980926514 4.69000005722046 4.75 5.05999994277954 5.38999980359998 5.40999984741211 5.32999992370605 5.23999977111816 5.36999988555908 5.32000017166138 5.3899998664856 5.19000005722046 5.59000015258789 5.76999998092651 5.88000011420564 6.09999990463257 5.90000009536743 6.05999994277954 6.1100001335144 6.05000019080082 5.86999988555908 5.51000022888184 5.28000020902976 5.23999977111816 5.30999994277954 5.32000017166138 5.55999994277954 5.48000001907349 5.17999982833862 5.09000015258789 5.19000005722046 5.26000022888184 5.53000020980835 5.67000007629395 5.78000020980835 5.98999977111816 6.03999996185303 5.82000017166138 5.6100001335144 5.55999994277954
-9999 -9999 -9999 -9999 -9999 3.90000009536743 4.26000022888184 4.67999982833862 4.48000001907349 4.30999994277954 4.6399998664856 4.92000007629395 5.38999984632052 5.59999990463257 5.44000005722046 5.30000019073486 5.63000011444092 5.53999996056623 5.55999994277954 5.80999994277954 6.03000020980835 5.75 5.69000005722046 5.84000015258789 6.01000022888184 5.82999992370605 5.6399998664856 5.59999990463257 5.40000009536743 4.98999977111816 4.80000019073486 5.05999994254746 5.1199998853514 5.40000009536743 5.36999988555908 5.11999988555908 5.07000017166138 5.1399998664856 5.32000017166138 5.63000011444092 5.76000022888184 5.84000015258789 5.86999988555924 6.1100001335144 5.96000003814697 5.76000022888184 5.57000017166138
-9999 -9999 -9999 -9999 -9999 1.91999995708466 3.74000000953674 3.83999991416931 3.7999999383552 3.85999989509582 4.09999990463257 4.63000011444092 5.48999977111816 5.61999992493256 5.6100001335144 5.42000007629395 5.73999977111816 5.48999977111816 5.82000017166138 5.76000022888184 5.78999996185303 5.5 5.63999986642388 5.59000015258789 5.59000015258789 5.44999980926514 5.38000011444092 5.34999990463257 5.03999996185303 4.90999984741211 4.82000017166138 4.8600001335144 4.8600001335144 5.13000011444092 5.24999999994691 5.01999998090719 4.98000001907349 5.07000017166138 5.23999977111816 5.57000017166138 5.6100001335144 5.67999982833862 5.69000005722046 5.76000022888184 5.65000009536743 5.55999994277954 5.48999977111816
-9999 -9999 -9999 -9999 0.660000026226044 0.699999988079071 1.88999998569489 2.9300000667572 2.95000004768372 2.98000001907349 3.30999994277954 3.74000000953674 4.94999980926514 5.59999990463257 5.71000002901303 5.73000001907349 5.71000003814697 5.73000001907349 5.99999999904974 5.6100001335144 5.57000017166138 5.30999994277954 5.01999998092651 5.05000019073486 5.17999982833862 5.09999990463257 5.05999994277954 5.01000022894675 4.94000005722046 4.96000003814697 4.96999979019165 5.07999992370605 5.13999986649204 5.15999984741211 5.01999998092651 4.92000007629395 4.80999994277954 4.90000009536743 5.07000017165728 4.99999999999832 5.21000003814534 5.3299999237047 5.2899999618526 5.40000009536731 5.26000022888184 5.30999994277954 5.42000007629395
-9999 -9999 -9999 -9999 -0.540000021457672 0.230000004172325 1.37000000476837 2.30999994277954 2.03999996185303 2.43000041031023 3.49000000953674 4.1399998664856 4.98000001907349 5.78999996185303 5.65999984741211 5.1300001936566 6.09000015258789 6.05000019073486 5.42000007629395 5.38000011444092 5.09000015258789 5.17000007629395 4.76000022888184 4.71999979019165 4.80999994277954 4.75 4.92999982833862 4.90999984741211 4.96000003814697 5.21999979019165 5.15999984741211 5.21000003814697 5.38999986647699 5.28000020980835 5.21999979019165 5 4.90999984741211 4.88999986648605 4.94000005722046 4.8600001335144 4.90000009536743 5.05000019073486 5.1100001335144 5.26000022888184 5.34000015258789 5.32999992370605 5.46000003814697
-9999 -9999 -9999 -9999 -0.879999995231628 -0.0500000007450581 0.860000014305115 1.71000003814697 2.8199999332428 3.42000007629395 3.39000010490417 4.30999994277954 5.25 5.44999980926514 5.73999977111816 5.94000005722046 5.98999977111816 5.73000001907349 5.28999996185303 5.21999979019165 4.94000009203005 4.67000007629395 5.46999979019165 5.32999992370605 4.65000009536743 4.53000020980835 4.80999994277954 4.8899998664856 4.92000007629395 5.19999980926514 5.3600001335144 5.57000017166138 5.73000001907349 5.57000017166138 5.42000007629395 5.17000007629394 5.03999996185303 4.98000001907395 5.05999994277954 4.98999977111816 4.90000009536743 5.13000011444092 5.13000011444095 5.26000022888184 5.21000003814697 5.42999982833862 5.34000015258789
-9999 -9999 -9999 -9999 -1.88000389903938 0.370000004768372 -0.35000000853735 -0.230000004172325 1.47000002861023 3.49000000953674 3.83999991416931 4.1399998664856 4.71999979019165 5.07000017166138 5.46999979019165 5.30999994277954 5.53000020980835 5.01999998092651 4.92999984240696 5.67999982833862 5.53000020980835 5.44999980926514 5.42000007629395 5.30000019073486 4.65000009536743 4.78000020980835 4.76999998092651 4.65999984741211 5.0900001524607 5.15999984741211 5.32000017166138 5.57999992370605 5.84999990463257 5.82999992370605 5.55999994277954 5.30000019073486 5.17999982833862 5.09999990463318 5.17000007629394 5.23000001907349 5.05000019073486 5.30000019073486 5.3699998855591 5.53000020980835 5.6399998664856 5.3600001335144 5.55999994277954
-9999 -9999 -9999 -9999 -4.53999996185303 -0.340000769939395 -1.10000002384186 -0.46000000834465 0.589999973773956 1.94000005722046 3.09999990463257 3.08999991416933 4.17000007629395 4.48000001907349 5.03999996185303 5.3899998664856 5.44999980926514 5.3899998664856 5.01000022888184 5.53000020980835 5.32000017166138 5.3600001308315 5.23999977111816 5.11000013390262 5.1100001335144 4.88000011444092 4.69000005722046 4.78999996185303 5.09000015258789 5.25 5.19000005722046 5.46999979019165 5.48999977111816 5.67000007629395 5.65999984741211 5.42000007629395 5.30999994277954 5.23000001907349 5.26999998092651 5.36999988555908 5.3899998664856 5.5 5.36999988555908 5.61999988555908 5.6100001335144 5.51000022888184 5.51999998092651
-9999 -9999 -9999 -9999 -3.78999996185303 -6 -3.08999962175258 -1.89999968198296 -0.219999998807907 0.129999995231628 1.02999997138977 1.87000000476837 2.57999992370606 3.80999994277954 5 5.42999982833862 5.82000017166138 5.84999990463257 5.55999994277954 5.48000001907349 5.30999994277954 5.30000019073486 5.21000003807217 5.21999979019165 4.53000021122621 4.69000005722046 4.73999977111816 5.30000019073486 5.34000015258789 5.11999988555908 5.34000015258789 5.51999998092651 5.59999990463257 5.59000015258365 5.73000001907349 5.61999988555908 5.42000007629395 5.32999992370605 5.30999994277954 5.25 5.19000005722046 5.44999980926514 5.71999979019158 5.69000005722046 5.51999998092651 5.57000017166138 5.59000015258789
-9999 -9999 -9999 -9999 -5.11999988555908 -4.84000015258789 -5.6100001335144 -3.119999162826 -0.569999992847443 -0.449999988079071 -0.469999998807907 0.629999995231629 1.27000004720967 3.59999990463257 4.78000020980835 5.55000019073486 5.69000005823436 5.8899998664856 5.28000020980835 5.1100001335144 5.32000017166138 5.26000022900966 5.17000007864005 5.21999979019165 5.21999979019165 5.28000020980835 4.84000015258789 5.28999996185303 5.34000015258789 5.40000009536743 5.40999984741211 5.61999988555908 5.71999979019165 5.71000003814697 5.84000015258789 5.96000003814697 5.61000013351441 5.40000009536743 5.30999994277954 5.28999996185303 5.30000019073486 5.26000022888184 5.6799998283384 5.38000011444092 5.3899998664856 5.34999990463257 5.61999988555908
-9999 -9999 -9999 -9999 -5.31000115685046 -6.38000011444092 -6.15000009536743 -1.91999995708466 -1.78999996185303 0.209999993443489 -0.550000011920929 0.980000019073486 2.44000005722046 3.24000000953674 3.61999988555908 5.65000009536743 6.01999998092651 5.90000009310423 5.07999992368014 5.28000020980835 5.26999998095027 5.23000001907349 5.23999977111816 5.26999998092651 5.28999996185303 5.30000019073486 5.25 5.23999977111816 5.28000020980835 5.34000015258789 5.57000017166138 5.6399998664856 5.73000001907349 5.76999998092651 6.07000017166138 6.32999992370605 5.82999992370605 5.44000005722046 5.3600001335144 5.36999988555908 5.15000009536743 5.11999988555908 5.61000013351441 5.19999980926514 5.38000011444092 5.46000003814697 5.73000001907349
-9999 -9999 -9999 -9999 -6.34000015258789 -7.13000011444092 -6.23999977111816 -4.84999990463257 1.44000005722046 0.759999990463257 -0.159999996423721 0.189999997615814 0.680000007152557 2.09999990463257 4.30999994277954 5 5.8899998664856 4.78000020980835 4.96999979019165 5.03000020980835 5.1100001335144 5.17999982833862 5.26000022888184 5.30000019172803 5.34999990463257 5.40999984741211 5.21000003814697 5.05000019073486 5.30000019073486 5.36999988555908 5.61999988555908 5.59999990463257 5.69999980926514 5.73000001907349 6.09000015258789 6.23000001907349 5.78999996185303 5.42000007629395 5.44999980926514 5.46000003814697 5.21999979019165 5.21000003814697 5.46000003814697 5.26000022888184 5.34000015258789 5.67999982833862 5.82999992370605
