SnowAccumulation_R/test/tmax/final_tmax_13_04_2009.asc
NCOLS 97 
NROWS 69 
XLLCORNER 52512.810182332 
YLLCORNER 5316225.2758522 
CELLSIZE 10000 
NODATA_value -9999 
[rows 21 to 41 of 69, columns 47 to 93 of 97]
17.7000007629395 18.0499992370605 18.1800003051758 18.3500003814697 18.5499992370605 18.8899993896484 18.5200004577637 18.5 18.5200004577637 18.5499992370605 18.9599990844727 18.5300006866455 18.5200004582164 18.6700000762939 18.7999992370605 18.8500003814697 18.9300003052579 18.9200000762939 18.8500003814697 18.9699993133545 19.3199996957225 19.7399997711182 20.0300006866455 20.1499996185303 20.1800003051782 20.1700000762939 20.0499992370605 20.0499992370605 19.8899993896484 19.0200004577637 18.4200000762939 17.7399999116838 17.7099990844727 17.1900005340576 16.5100002288818 15.8900003433228 15.5600004196167 14.8999996185303 14.1400003433228 13.4499998092651 13.1999998092651 12.8400001525879 12.8100004196167 13.4700002670288 13.5299997329712 13.5100002288818 -9999
17.5100002288818 17.8600006103516 17.8299999237061 18.0400009155273 18.3199996948242 18.2999992370606 18.3899993896484 18.4300003051758 18.5300006866455 18.5900001524427 18.6900005339452 18.6100006103516 18.7099990844727 18.75 18.8500003814697 19.0400009155273 19.1000003814697 19.1399993896484 18.9799995422363 19.2299995422363 19.5900001525879 19.9500007629395 20.2099990844727 20.3099994659424 20.4300003051758 20.5300006866455 20.7700004577637 20.8600006103516 20.3799991607666 19.5400009155273 18.819999836362 18.5200004577637 18.1900005340576 17.6200008392334 17 16.3500003814697 16.0100002288818 15.3299999237061 14.5500001907349 13.8599998847748 13.5299997329712 13.0100002288818 13.2400013343288 14.2999995584484 14.3800001144409 14.3299999237061 -9999
17.1399993896484 17.6700000762939 17.7399997711182 17.6499996185303 17.7600002288818 18.2700004577292 18.3600006103242 18.2800006866455 18.3700008392334 18.4599990844727 18.6200008392334 18.6000003814697 18.7399997711182 18.7399997711182 18.8199996948242 18.9200000762939 18.9899997711182 19.2000007629395 19.2800006866455 19.5499992370606 19.75 20.1399993896484 20.3099994659424 20.4699993133545 20.6399993896484 20.7600002288818 21.1299991607666 20.9400005369074 20.6200008392334 19.920000105288 19.4799995422363 18.8899995291008 18.5900001525879 17.9699993133545 17.3600006103516 17.0300006866455 16.4599990844727 15.8500003814697 15.1099996566772 14.7600002288818 14.1000003814697 13.6300019733046 14.8500003814697 15.0200004577637 15.2600002288818 15.1000003814697 -9999
16.7999992370609 17.2299995422366 17.2199993133545 17.4599990844727 17.5400009155273 17.5599994659424 17.9300003051758 18.0699996948242 18.2299995422363 18.4599990844727 18.5599994659424 18.6499996185303 18.6399993896484 18.8400001525879 18.7800006866455 18.8500003814697 18.9500007629395 19.0799999237061 19.4099998474121 19.5200004584714 20.0100002288818 20.2700004577637 20.4200000762939 20.5000000003322 20.7600002288818 20.8600006103516 21.1399993896484 21.0699996948242 20.6399993746172 20.0400009155273 19.5599994659424 19.3199996948242 18.8500003814697 18.3400001525879 17.7399997711182 17.4500007629395 16.9699993133545 16.3999996185303 15.7399999455917 15.4399995803833 14.8999996185303 15.539999961853 15.5900001525879 15.8699998855591 16.1700000762939 15.7600002288818 -9999
16.6200008392334 17.3400001525879 17.3700008392334 17.5 17.6000003814697 17.6700000762939 17.8899993896484 18.0200004577637 18.1200008392334 18.2900009155273 18.4200000762939 18.6000003814974 18.7299995422363 18.9799995422363 18.9899997711182 18.9599990843126 18.8600006103516 19.1100006103516 19.3500003814697 19.7399997711182 19.9500007629395 20.3600006103516 20.5300006866455 20.5900001525879 20.8099994659424 20.9400005340576 21.0699996948242 20.8899993896484 20.4799995422363 19.7900009155273 19.3700008483777 19.1900005340576 18.9599990844727 18.6200008392334 18.4099998474121 17.9099998474121 17.5200004577637 16.9699993133545 16.6599998474121 16.0799999237061 16.3799991607666 16.2800006866455 16.2900009155273 16.2999992370605 16.1900005340576 16.1299991607666 -9999
16.2800006866455 17.0400009155273 17.5900001525879 17.5599994659424 17.7099990844727 17.8199996948242 17.8600006103516 17.9799995422411 18.1000003814697 18.2099990844727 18.3799991607666 18.5200004577953 18.7600002288818 19.1700000762939 19.4500007629395 19.4400005340576 19.2399997711182 19.2700004577637 19.7000007629395 19.9200000762939 20.2299995422363 20.4400005340576 20.6499996185303 20.7199993133545 20.7900009155273 20.9099998417598 20.8299999237061 20.6200008392334 20.3600006103516 19.3099994659424 19.1000003814697 18.7999992370605 18.7700004577637 18.7099990844727 18.6000003814697 18.2900009155273 18.0900001525879 17.4599992083492 17.1700000762939 17.1900002002615 16.9500007629394 16.8899993896484 16.75 16.3899993896484 16.2000007629395 16.1399993896484 -9999
16.3999996185303 17.0300006866455 17.5900001525879 17.7199993133547 17.8099994659424 17.9799995422363 17.9799995422363 17.9300003051744 18.1100006103516 18.1200008392334 18.2999992370605 18.4500007629395 18.6800003051758 19.0799999237061 19.25 19.5200004577637 19.5300006866455 19.6200008392334 19.9599990844727 20.0799999237061 20.3299999237061 20.5 20.6599998477237 20.7900009155273 20.7999992397481 20.7999992370605 20.7299995422363 20.4599990844727 20.1800003051758 19.4599990844727 19.2000007629395 18.7999992370605 18.6000003814697 18.6000003814697 18.5699996948242 18.4699993133545 18.2999992370606 18.0900001525879 17.5800002412032 17.5799999237061 17.4400005817426 17.3600006103516 17.0400009155273 16.6399993896484 16.5499992370605 16.3899993896484 -9999
16.6700000762939 17.1499996185303 17.3500003814697 17.4200000762955 17.4500007629395 17.9200000762939 17.9799995422363 17.9899997711182 18.1299991607666 18.0599994659424 18.2099990844727 18.3799991607666 18.7999992370605 18.9500007629394 19.0599994659424 19.3099994659424 19.9899997711182 20 20.0300006868258 20.1599998474121 20.3700008392334 20.5699996948242 20.6499996185303 20.7999992370605 20.8400001525879 20.6700000762939 20.5699996948242 20.2399997711182 19.9899997711182 19.8799991607666 19.3099994659424 18.8099994659424 18.6399993896484 18.5799999237061 18.3799991607666 18.5200004577637 18.3299999488275 18.1800003340585 18.0699996948242 17.9699993133545 17.9099998474121 17.6900005340576 17.3199996948242 16.9699995723196 16.8700008392334 16.6700000762939 -9999
16.6499996185303 17.1000003814697 17.4500007629395 17.4099998474134 17.4099998474121 18.1200008392334 18.0100002288818 17.9200000762939 17.9899997711182 18.0699996948242 18.1399993896484 18.3199996948242 18.8400001525879 19.0200004577637 19.0599994660152 19.4300003051758 20.0100002288818 20.2000007629394 20.2399997711182 20.2299995422363 20.5200004577637 20.7500000111338 20.9899997711182 20.7999992370605 20.8299999237061 20.8299999235358 20.3600006103516 19.9300003051758 19.75 19.7199993133545 19.2800006866455 18.8999996185303 18.6800003114421 18.6399993896484 18.2800006866455 18.5 18.5000001221928 18.3899993896484 18.3299999237061 18.3099994777957 18.2800006866455 18.0200004577637 17.6100006103516 17.4400005340576 17.1100006103516 16.7800006866455 16.5699996948242
16.3400001525879 17.0599994659424 17.1299991607666 17.3899993896484 17.4500007629394 18.2099990844727 17.9500007629395 17.7900009155273 18.0300006866455 18.2600002288818 18.3199996948242 18.3700008392334 18.7399997711182 19.2099990844727 19.2800006866455 19.75 19.9300003051758 20.25 20.4400005340576 20.5699996948242 21.1299991607666 21.1900005339817 21.1599998474121 20.9400005340576 20.7800006866455 20.8199996948242 20.2900009155273 19.7600002288818 19.5300006875206 19.5100002288818 19.2399997711182 18.9500007629395 18.8600006103516 18.7800006866455 18.3299999237061 18.5400009947237 18.8700008392334 18.75 18.6399993896484 18.6399993896484 18.6299991607666 18.3899993896484 17.9100001734897 17.7099990844727 17.0499992370605 16.7999992370605 16.8000001862593
16.7999992370605 16.8500003814697 16.8400001525879 17.4400005340576 17.5400009155273 18.2000007629395 17.9200000762939 17.9599990844727 17.8500003814697 18.3600006103516 18.5300006866482 18.4899997711182 18.9500007629395 19.3899993896484 19.5900001525879 20.3400001525879 20.2999992370605 20.7099990844727 20.8400001576108 21.2099990844727 21.3899993896484 21.4300003051758 21.2600002288818 21.0699996948242 20.7199993133545 20.6299991607666 20.3500003814697 19.6200008392334 19.4300003051758 19.3099994659424 19.1900005340576 18.9799995422363 18.9200000762939 18.8999996185303 18.6200008392334 18.7600002288818 19.0799999237061 19.0200004577637 18.8999996403513 18.9500007629395 18.9599990844727 18.6599998474121 18.4500007629395 17.8999996185303 17.2900009155273 17.1399993680878 17.3400001525879
16.7399997711182 16.7800006866455 16.9300003051758 17.2099990844727 17.3299999237061 18.0900001525879 18.0499992370605 17.9799995422363 17.8099994659424 18.3799991607666 18.6800003052138 18.8600006103516 19.2299995422363 19.6000003814697 19.8600006103516 20.4500007629395 20.670000078497 21.0499992373028 21.2700004577637 21.5100002288818 21.5499992370605 21.5100002288818 21.2800006866455 21.1599998474121 20.8600006094068 20.3600006103516 20.1000003814697 19.5200004577637 19.2700004577637 19.1900005340576 19.2000007629395 19.1200008392334 18.9799995422363 18.9799995422363 19.0300006866455 19.0100002288818 19.2299995422363 19.2000007629395 19.1200008392334 19.0599994659424 18.6200008392334 18.6900006134438 18.4699993133545 18.0400009155273 17.6000003814697 17.4899996658676 17.3999996185303
16.6100006103516 16.7199993133545 16.8400001525879 17 17.1200008392334 17.5200004577637 18.0499992370605 18.0900001525879 18.1200008392334 18.5499992370605 18.8999996185303 19.0200004577637 19.5 19.8500003814697 20.1100006115591 20.8999996185303 20.7399997711182 20.9699993133545 21.3899993896484 21.5699996948242 21.4400005340576 21.3500003814697 21.25 21.25 20.9300003051758 20.2600002288818 19.9200000762939 19.5400009163273 19.2999992370605 19.1700000762939 19.2199993133545 19.1100006103516 18.9400005340576 19.0599994659424 19.2299995422363 19.2000007629395 19.3299999237061 19.3099994659424 19.25 19.0300006866455 18.7000007629395 18.5699996948242 18.3600006103516 18.0100002288818 17.8399997634802 17.3799991607666 17.2099990844727
16.5599994659424 16.6200008392334 16.7199993133536 16.7299995422369 17.0300006866455 17.4899997711182 18.0699996948347 18.1399993896484 18.3500003814697 18.75 19.0799999237061 19.0400009161994 19.6599998479001 20.1100006105399 20.6100006103516 21.1499996185303 21.2600002288818 21.1599998474121 21.7000007629395 21.4699993133545 21.1299991608784 21.1800003051758 21.0599994659424 20.7999992370605 20.5100002288818 20.0200004577637 19.8400001525879 19.6800003051758 19.3999996185303 19.3500003814697 19.3600006097908 19.2999993134859 19.3700008392334 19.1599998474121 19.1599998474121 19.2999992370606 19.3400001525879 19.3299999237061 19.2600002288818 18.9799995422363 18.6100007425623 18.3799991607666 18.0900001525879 17.8400001525879 17.3199996948242 17.1000003814697 16.9500007629395
16.6399993896484 16.6399993896484 16.530000686646 16.729999542237 16.9899997711179 17.5300006866455 17.8500003814914 18.3299999237061 18.5799999238379 19.0100002288996 19.0599994659424 19.2800006866455 20.2800006866455 20.5699996949659 20.9599990844727 21.3600006103516 21.5300006866455 21.5799999237061 21.8700008392334 21.3600006103516 21.0799999237061 21.1200008392334 20.8799991607666 20.20999910773 19.7399997711182 19.5499992370605 19.7099990844727 19.5100002288818 19.3600006103516 19.4099998474121 19.4799995422363 19.4300003051758 19.6100006103516 19.4599990985836 19.3500003814697 19.4200000762939 19.3799991607666 19.2700004577637 19.1700000762939 18.8899993896484 18.6499996185303 18.1800003051758 17.8199996948242 17.4099998474121 17.0900001525879 16.8500003814697 16.7800006866457
16.5599994659424 16.6499996185303 16.8199996948242 16.8999996185303 17.0200004577637 18.200000762922 18.0100002288901 18.4300003051758 18.7600002288818 19.1200008392334 19.2999992370606 19.6800003051758 20.1399993896484 20.6100006103516 20.9200000762939 21.5400009155273 21.6299991602803 21.5799999237061 21.8600006103516 21.4300003051758 21.0100002288818 21.2800006866455 21.0799999237061 20.7299995422363 19.8799991607666 19.5400009155273 19.6399993896484 19.3999996185303 19.3600006103516 19.4899997823404 19.6100006103516 19.5200004577637 19.5699996948242 19.6499996185303 19.7000007629395 19.5499992370605 19.4699993133545 19.3400001525879 19.0200004577637 18.7900009155273 18.5799999237061 18.0100002288818 16.9800001722891 16.7399997711182 16.5 16.4599990844727 16.3999996185303
16.5599994659424 16.7900009155273 16.8799991607666 16.9599990844727 17.0599994659424 17.7199993133545 17.9300003051758 18.3799991607666 18.7900009155273 19.0400009155273 19.2399997711182 19.6000003814697 20.0900001525879 20.4099998474121 21.25 21.5699996948242 21.6000003812164 21.5599994659424 21.7700004577637 21.7800006866455 21.4200000762939 21.4400005340576 20.8600006103516 20.8600006103516 20.5699996948242 20.0699996948242 19.9699993133545 19.4699993133545 19.4099998693592 19.6299991602302 19.7199993133545 19.7600002288818 19.6700000762939 19.6700000762939 19.7999992370606 19.8099994659424 19.6200008392334 19.3299999237061 19 18.7700004577637 18.2600002288818 17.8099989270355 16.7500003411318 16.4599990844727 16.1100006103516 16.0799999237061 16.1000003814697
16.7700004577637 16.8799991607666 16.9099998474121 17.0100002288818 17.0900001525879 17.75 17.8600006103516 18.2299995422363 18.8199996948242 19.0200004577926 19.2600002288818 19.5799999237061 20.0799999237061 20.3600006103516 20.7800006866455 21.3799991607666 21.6299991607666 21.7099990844727 21.8799991607666 22.0799999242122 22.1100006103516 21.6499996185303 21.4799995422363 21.3099994659424 20.6399993896484 19.8700008392334 19.4200000762939 19.5100002125896 19.7000007629395 19.7000007629395 19.8400001525879 19.8899993896484 20 19.8700008392334 19.9500007629395 20.0200004592823 19.9099998474121 19.4200000762939 19.0100002288818 18.7000007629395 18.0899998620621 17.0400009155273 16.7199993133545 16.25 15.9399995803833 15.8500003814697 15.7299995422363
16.7999992370605 17.0799999237061 17.1399993896484 17.2000007629395 17.2600002288818 17.7999992370606 18.0300006866455 18.3099994659424 18.7700004577637 19.1499996185611 19.4300003051758 19.6800003051758 20.1200008392334 20.3199996948242 20.6399993896484 21.2600002288818 21.4400005340576 21.5300006866455 21.7299995422363 21.9400005340576 22.0400009155273 21.6499996185303 21.5900001509625 20.6000003814697 19.8999996185303 19.6000003911038 19.6599998474121 19.3600006103516 19.5 19.5200004577637 19.6100006103516 20.0400009155273 20.1399993896484 20.2199993133545 20.1399993896484 20.1900005340576 20.0300006866455 19.5799999237061 19.3099994659424 18.5200004577637 17.6200008392334 16.7700007806684 16.3799991607666 16.0100002288818 15.8000001907349 15.710000038147 15.5299997329712
16.9400005340576 16.9899997711182 17.2299995422363 17.2700004577637 17.3099994659424 17.7900009155273 18.0900001525879 18.5599994659424 19.0499992370605 19.2900009155273 19.5499992370605 19.7399997711182 19.8899993897518 20.25 20.5799999237061 21 21.0200004577637 21.0900001525879 21.1200008392334 21.1900005340576 21.3400001525879 20.9200000762939 20.6399993896484 20.2099990844727 19.7900009269808 19.7700004565681 19.5400009155273 19.7000007629395 19.7000007629395 19.6299991607666 19.7099990844727 20 20.1800003051758 20.3199996948242 20.4500007629395 20.4300003051758 20.2099990844727 19.6599998474121 19.3299999237061 18.4099998474121 17.4300003051758 16.9599990844727 16.1200008392334 15.8400001525879 15.789999961853 15.6499996185303 15.4099998474121
16.9400005340576 17.1000003814697 17.2999992370605 17.3299999237061 17.5799999237061 17.8500003814697 18.1700000762939 18.6100006103516 19.2199993133545 19.4200000762939 19.6000003814697 19.7600002288818 19.8999996185933 20.1499996185303 20.5100002288818 20.7199993133545 20.6599998474121 20.7000007629395 20.7399997711182 20.7399997711182 20.4599990844727 20.1399993896484 19.7700004577637 19.4899997711182 19.6100006103516 19.6900005340576 19.5200004577637 19.7000007629395 19.7399997711182 19.7199993133545 19.4899997711182 19.4300003051758 20.0799999237061 19.8600006103516 20.4699992739717 20.6599998474121 20.6200008392334 19.9300003994256 19.5400009155273 18.5200004577637 17.3899993896484 16.8299999237061 15.960000038147 15.7299995422363 15.7200002670288 15.6700000762939 15.4399995803833
