SnowAccumulation_R/test/tmax/final_tmax_22_04_2009.asc
NCOLS 97 
NROWS 69 
XLLCORNER 52512.810182332 
YLLCORNER 5316225.2758522 
CELLSIZE 10000 
NODATA_value -9999 
[rows 21 to 41 of 69, columns 47 to 93 of 97]
9.60000038146973 10.039999961853 10.4899997711182 10.8400001525879 11.0500001907349 11.4899997711182 11.4099998474121 11.6400003433228 11.7799997329712 12.0200004577637 12.6199998855591 12.3900003433228 12.4799995430767 12.9799995422363 13.3400001525879 13.6499996185303 13.8500003817653 14.1300001144409 14.3599996566772 14.7200002670288 15.0900001535441 15.6000003814697 15.9899997711182 16.2399997711182 16.3299999237148 16.4899997711182 16.6499996185303 16.9300003051758 17.0599994659424 17.1000003814697 17.4099998474121 17.7000007902715 17.8999996185303 18.3700008392334 18.7299995422363 19.1200008392334 19.2800006866455 19.5300006866455 19.5499992370605 19.4899997711182 19.4799995422363 19.2999992370605 18.8799991607666 18.6299991607666 18.3600006103516 17.8400001525879 -9999
9.65999984741211 10.1599998474121 10.4099998474121 10.8900003433228 11.2200002670288 11.2700004577637 11.5299997329712 11.7600002288818 11.9499998092651 12.210000038147 12.4899997712081 12.7700004577637 12.9499998092651 13.1899995803833 13.4899997711182 13.8900003433228 14.0500001907349 14.3299999237061 14.460000038147 14.8900003433228 15.2600002288818 15.7200002670288 16.0699996948242 16.2700004577637 16.4099998474121 16.5699996948242 16.8099994659424 17.0300006866455 17.0900001525879 17.25 17.5000000482514 17.8999996185303 18.0699996948242 18.5 18.9099998474121 19.2900009155273 19.4599990844727 19.7199993133545 19.7900009155273 19.8500003458287 19.8400001525879 19.7000007629395 19.200001426767 18.940001714316 18.6599998474121 18.1499996185303 -9999
9.59000015258789 10.3000001907349 10.6599998474121 10.9499998092651 11.0799999237061 11.5699996948067 11.7500000000047 12.0699996948242 12.2299995422363 12.4799995422363 12.8000001907349 12.9499998092651 13.1599998474121 13.3400001525879 13.5900001525879 13.8800001144409 14.0500001907349 14.4300003051758 14.7200002670288 15.1300001144409 15.3800001144409 15.8500003814697 16.1200008392334 16.3500003814697 16.5200004577637 16.6599998474121 16.9500007629394 17.0599994657144 17.1499996185303 17.3700008365975 17.6599998474121 17.9799994702613 18.1599998474121 18.5300006866455 18.9500007629395 19.1399993896484 19.6000003814697 19.9500007629395 20.0799999237061 20.1200008392334 20.1399993896484 19.9900000471863 19.7000007629395 19.3999996185303 18.8299999237061 18.3400001525879 -9999
9.56000041961775 10.159999847413 10.6099996566772 11.0500001907349 11.210000038147 11.3599996566772 11.8400001525879 12.1199998855591 12.3400001525879 12.710000038147 12.960000038147 13.1999998092651 13.2600002288818 13.5799999237061 13.6999998092651 13.9399995803833 14.1099996566772 14.3999996185303 14.8599996566772 15.0399999626457 15.6000003814697 15.9700002670288 16.2199993133545 16.3400001529439 16.6299991607666 16.7700004577637 17.0599994659424 17.1100006103516 17.2000007693812 17.3199996948242 17.5599994659424 17.7199993133545 18.1000003814697 18.5499992370605 18.9699993133545 19.2000007629395 19.75 20.1700000762939 20.3700007969368 20.4200000762939 20.3799991607666 20.3500003814697 20.1499996185303 19.5900001525879 18.8799991607666 18.4599990844727 -9999
9.97000026702881 10.7600002288818 10.9499998092651 11.25 11.4300003051758 11.6499996185303 12.0100002288818 12.3000001907349 12.4899997711182 12.8100004196167 13.0799999237061 13.3000001907862 13.539999961853 13.8800001144409 14.0200004577637 14.0699996948109 14.1599998474121 14.5100002288818 14.8800001144409 15.2700004577637 15.6099996566772 16.1000003814697 16.3799991607666 16.4899997711182 16.75 16.9400005340576 17.1599998474121 17.2600002288818 17.2099990844727 17.0799999237061 17.2499999952101 17.3899993896484 17.8899993896484 18.4400005340576 18.7199993133545 19.25 19.9200000762939 20.3899993896484 20.5300006866455 20.6499996185303 20.8400001525879 20.5900001525882 20.3700008392334 19.6399993896484 18.8500003814697 18.6499996185303 -9999
9.92000007629395 10.6999998092651 11.3400001525879 11.4799995422363 11.6999998092651 11.9700002670288 12.1999998092651 12.399999618542 12.710000038147 12.9899997711182 13.289999961853 13.4799995422838 13.789999961853 14.2200002670288 14.5600004196167 14.6099996566772 14.5699996948242 14.7399997711182 15.2299995422363 15.4799995422363 15.9099998474121 16.2700004577637 16.5900001525879 16.7199993133545 16.8799991607666 17.0699997117815 17.2399997711182 17.2000007629395 17.1700000762939 16.6700000762939 16.6700000762939 16.8400001525879 17.3799991607666 18.1000003814697 18.4699993133545 19.2000007629395 20.0900001525879 20.5799998424128 20.7399997711182 21.1200006851727 21.0900001525879 21 20.5599994659424 19.6900005340576 19.0599994659424 18.8500003814697 -9999
10.289999961853 10.9099998474121 11.5200004577637 11.6999998092658 11.9499998092651 12.2799997329712 12.5 12.5799999237129 12.960000038147 13.1800003051758 13.4899997711182 13.6700000762939 13.9499998092651 14.3400001525879 14.5600004196167 14.8199996948242 14.9300003051758 15.1199998855591 15.5200004577637 15.710000038147 16.1100006103516 16.4599990844727 16.6800003057297 16.9400005340576 17.0799999469979 17.3999996185303 17.3799991607666 17.2199993133545 17.0699996948242 16.6700000762939 16.5699996948242 16.5400009155273 16.8199996948242 17.1299991607666 17.9300003051758 18.9099998474121 20 20.4400005340576 20.9400006928051 21.2700004577637 21.3199996948242 21.2299995422363 20.7000007629395 19.9599990844727 19.6900005340576 19.2399997711182 -9999
10.7600002288818 11.1999998092651 11.4799995422363 11.609999656679 11.7399997711182 12.4099998474121 12.6999998092651 12.8299999237061 13.1999998092651 13.4099998474121 13.6999998092651 13.8800001144409 14.2600002288818 14.4300003051758 14.5900001525879 14.8299999237061 15.4399995803833 15.5500001907349 15.6199998858682 15.8800001144409 16.3099994659424 16.7099990844727 16.8899993896484 17.4699993133545 17.6399993896484 17.5699996948242 17.4899997711182 17.2199993133545 16.9699993133545 16.8600006103516 16.4400005340576 16.1900005340576 16.3299999237061 16.5200004577637 17.1000003814697 18.4200000762939 19.7800004884653 20.3899992741139 21.0699996948242 21.3700008392334 21.4699993133545 21.3899993896484 20.9200000762939 20.330000380702 20.0900001525879 19.6499996185303 -9999
10.9300003051758 11.3199996948242 11.710000038147 11.7500000000014 11.8900003433228 12.7399997711182 12.9099998474121 12.960000038147 13.3000001907349 13.6599998474121 13.9200000762939 14.0600004196167 14.4899997711182 14.6700000762939 14.7299995423403 15.1000003814697 15.6300001144409 15.8800001144409 15.960000038147 16.1200008392334 16.6399993896484 17.1000004028808 17.7199993133545 17.7999992370605 17.9699993133545 17.9899997709976 17.6299991607666 17.1900005340576 16.8600006103516 16.7299995422363 16.2000007629395 15.8199996948242 15.7399997703349 15.8500003814697 16.1800003051758 17.5599994659424 18.4599982046822 19.3799991607666 20.5400009155273 21.2299993525874 21.4899997711182 21.5699996948242 21.1800003051758 20.9500007629395 20.4300003051758 19.8899993896484 19.5900001525879
10.8400001525879 11.6099996566772 11.75 11.9200000762939 12.1899995803833 12.9799995422363 13.039999961853 13.039999961853 13.5 13.960000038147 14.1899995803833 14.2600002288818 14.5799999237061 14.9899997711182 15.0799999237061 15.5299997329712 15.7799997329712 16.1399993896484 16.3600006103516 16.6700000762939 17.7199993133545 17.9300003057069 18.2099990844727 18.2900009155273 18.3199996948242 18.3500003814697 17.9099998474121 17.3199996948242 16.8099994689425 16.5799999237061 15.960000038147 15.3900003433228 15.1899995803833 15.0600004196167 15.1599998474121 16.3399989341614 15.7799997329712 17.75 19.5 20.2700004577637 21.4699993133545 21.8099994659424 21.4699996044945 21.25 20.4500007629395 20.0200004577637 19.9200012873396
11.6499996185303 11.5500001907349 11.7600002288818 12.0200004577637 12.2399997711182 13.1599998474121 13.1800003051758 13.3400001525879 13.5100002288818 14.1300001144409 14.3500003814914 14.4499998092651 14.8800001144409 15.289999961853 15.4799995422363 16.1499996185303 16.25 16.7399997711182 16.9400005428011 17.7800006866455 18.2700004577637 18.4799995422363 18.6900005340576 18.8199996948242 18.7399997711182 18.6900005340576 18.3299999237061 17.5400009155273 17.1800003051758 16.5100002288818 15.7399997711182 14.9300003051758 14.5900001525879 14.1199998855591 13.9899997711182 12.5500001907349 13.8199996948242 16.0300006866455 18.3600000997502 19.5400009155273 21.4699993133545 21.9300003051758 21.8899993896484 21.4799995422363 20.7800006866455 20.4599992785138 20.6499996185303
11.8299999237061 11.6300001144409 11.8400001525879 12.1300001144409 12.2600002288818 13.2600002288818 13.4499998092651 13.5100002288818 13.6099996566772 14.2399997711182 14.5500001907837 14.8199996948242 15.210000038147 15.5799999237061 15.8400001525879 16.4099998474121 16.7399997746231 17.3199996953087 17.7700004577637 18.2999992370606 18.7399997711182 18.9200000762939 19.1299991607666 19.3199996948242 19.2299995419431 19.0400009155273 18.6399993896484 17.8400001525879 17.3999996185303 16.5599994659424 15.6199998855591 15.0900001525879 14.039999961853 13.1400003433228 11.0799999237061 10.6800003051758 11.6199998855591 14.4099998474121 15.8599996566772 18.6900005340576 20.6200008392334 21.7099988374951 21.7900009155273 21.6800003051758 21.2600002288818 21.3299992711439 20.9500007629394
12.039999961853 12.0900001525879 12.0699996948242 12.25 12.3299999237061 13.0600004196167 13.6300001144409 13.75 13.9700002670288 14.4700002670288 14.8100004196167 15.0500001907349 15.5299997329712 15.9099998474121 16.170000077904 17.0699996948242 17.1499996185303 17.4500007629395 18.0799999237061 18.6000003814697 18.9799995422363 19.1700000762939 19.5900001525879 20.0100002288818 19.9899997711182 19.6000003814697 19.0200004577637 18.2199993150345 17.75 16.7199993133545 15.6199998855591 14.9700002670288 13.6700000762939 12.0699996948242 11.1000003814697 9.07999992370605 9.4399995803833 13.3500003814697 15.0900001525879 18.0300006866455 20.1299991607666 20.8099994659424 21.6000003814697 21.7700004577637 21.7199996538272 21.6100006103516 21.1599998474121
12.1700000762939 12.3100004196167 12.3299999237079 12.6700000762929 12.4499998092651 13.2399997711182 13.7299995422472 13.9499998092651 14.2799997329712 14.7299995422363 15.0500001907349 15.1800003058631 15.7700004584143 16.3099994661307 16.8199996948242 17.3999996185303 17.7000007629395 17.7399997711182 18.4899997711182 18.7299995422363 18.7199993145097 19.3700008392334 19.9500007629395 20.4699993133545 20.4799995422363 20.0900001525879 19.4300003051758 19.0100002288818 18.0699996948242 17.0400009155273 15.8500003982915 15.1600000069076 14.1400003433228 12.5299997329712 11.6499996185303 9.52000045776367 9.55000019073486 11.4700002670288 15.1700000762939 17.9500007629395 19.9199995011734 20.5699996948242 21.4500007629395 21.8500003814697 21.9300003051758 21.8099994659424 21.3099994659424
12.1899995803833 12.4300003051758 12.7200002670284 12.6700000762955 12.6599998474196 13.4799995422363 13.7700004577813 14.2399997711182 14.5799999238483 15.0500001908295 15.3100004196167 15.6300001144409 16.4899997711182 16.7800006868108 17.2299995422363 17.7000007629394 18.0400009155273 18.2000007629395 18.75 18.7900009155273 18.8500003814697 19.5699996948242 20.2199993133545 20.6200008256666 20.75 20.4200000762939 19.7700004577637 19.3099994659424 18.3700008392334 17.3999996185303 16.8700009734099 16.2399997711182 15.0799999237061 13.7100001016456 13.0600004196167 11.9499998092651 12.4200000762939 13.4700002670288 16.1700000762939 18.5 19.3799991607666 20.7000007629395 21.4899997711182 21.9599990844727 22.0799999237061 21.8899993896484 21.5100002288832
12.8000001907349 12.8500003814697 12.9200000762939 12.9899997711182 13.1000003814697 14.1300001144409 14.2799997329791 14.6700000762939 15.0299997329712 15.4300003051758 15.6400003433228 16.0599994659424 16.5400009155273 16.9500007629394 17.3400001525879 17.9699993133545 18.1299991605685 18.3099994659424 18.8199996948242 18.8999996185303 18.8700008392334 19.8299999237061 20.6299991607666 20.8199996948242 20.9400005340576 20.6299991607666 20.0499992370605 19.5699996948242 18.7399997711182 17.879999286453 18.0599994659424 17.1399993896484 16.2600002288818 15.8500003814697 15.1099996566772 14.7799997329712 14.960000038147 16.1299991607666 17.8400001525879 19.5499992370605 20.2199993133545 21.1700000762939 21.8700007592269 21.8700008392334 21.8299999237061 21.7199993133545 21.5
12.8800001144409 12.9499998092651 13.0299997329712 13.1099996566772 13.210000038147 14.2799997329712 14.4700002670288 14.8599996566772 15.25 15.5699996948242 15.7799997329712 16.1800003051758 16.6800003051758 16.9799995422363 17.75 18.1499996185303 18.2499999999638 18.3899993896484 18.7800006866455 19.1499996185303 19.1499996185303 19.9799995422363 20.4699993133545 20.9799995422363 21.3199996948242 20.9500007629394 20.6900005340576 19.8799991607666 19.1499997081467 19.1000003852245 18.8299999237061 18.2299995422363 17.6499996185303 17.4400005340576 17.2900009155273 17.5799999237061 17.8999996185303 18.8899993896484 19.8899993896484 20.3500003814697 21.1800003051758 21.8400011996063 22.4300003928954 22.2700004577637 21.8799991607666 21.5900001525888 21.4300003051758
13.5100002288818 13.4399995803833 13.5299997329712 13.5900001525879 13.3400001525879 14.5600004196167 14.6800003051758 15.0100002288818 15.4899997711182 15.6899995804158 16 16.3700008392334 16.8600006103516 17.1399993896484 17.5900001525879 18.1800003051758 18.4500007629394 18.6399993896484 18.9200000762939 19.2000007640866 19.6499996185303 20.1000003814697 20.9799995422363 21.2700004577637 21.3099994659424 20.8400001525879 20.4099998474121 20.1399994148272 20.1700000762939 19.9699993133545 19.6499996185303 19.3199996948242 19.25 19.0799999237061 19.3799991607666 20.139999324351 20.6499996185303 21.6599998474121 21.9400005340576 22.0300006866455 22.280001941191 23.1299991607666 23.0900001525879 22.8099994659424 22.2700004577637 21.9899997711182 21.3999996185303
14.6800003051758 14.6300001144409 14.710000038147 14.7799997329712 14.8299999237061 14.8599996566772 15.039999961853 15.3000001907349 15.6999998092651 15.9899997711508 16.3199996948242 16.6399993896484 17.1000003814697 17.3199996948242 17.7099990844727 18.3099994659424 18.5100002288818 18.7000007629395 18.9400005340576 19.1399993896484 19.4200000762939 20.1299991607666 20.6299991616532 20.7000007629395 20.6800003051758 20.6599998657169 20.8500003814697 20.5499992370605 20.4699993133545 20.3700008392334 20.2299995422363 20.3700008392334 20.4300003051758 20.6800003051758 21.2000007629395 21.6700000762939 22.8400001525879 24.0799999237061 23.8299999237061 23.3700008392334 23.8899993896484 23.6900006001066 23.6499996185303 23.2600002288818 22.6900005340576 22.3799991607666 21.7299995422363
14.9700002670288 15.0299997329712 14.9399995803833 15.0100002288818 15.039999961853 15.1400003433228 15.3400001525879 15.6899995803833 16.0900001525879 16.2999992370605 16.6100006103516 16.8999996185303 17.0900001527085 17.5100002288818 17.9200000762939 18.3799991607666 18.4799995422363 18.6800003051758 18.8199996948242 18.9200000762939 19.2700004577637 19.8400001525879 20.1000003814697 20.5200004577637 20.690000556201 20.9999999994687 20.9599990844727 21.0799999237061 21.0200004579206 20.9400005340576 20.9500007629395 21.2000007629395 21.4200000762939 21.9099998474121 22.7299995422363 23.2199993133545 24.2600002288818 24.8500003814697 24.7800006866455 24.75 24.2399997711182 24.0400009155273 23.75 23.4599990844727 23.2700004577637 22.7900009155273 22.1499996185303
15.6700000762939 15.2799997329712 15.5200004577637 15.5600004196167 15.7299995422363 15.460000038147 15.6599998474121 15.9700002670288 16.4200000762939 16.6000003814697 16.8700008392334 17.1599998474121 17.3400001526853 17.7099990844727 18.1499996185303 18.5100002288818 18.5699996948242 18.8099994659424 19.0599994659424 19.2000007629395 19.4300003051758 19.8500003814697 19.9300003051758 20.6100006103516 20.9899997711182 21.1599998474121 21.1900005340576 21.3899993896484 21.4400005340576 21.4500007629394 21.3700008392334 21.3999996185303 22.1399993896484 22.4500007629395 23.7000006910656 24.3400001525879 25.3199996948242 25.4500007654193 25.5799999237061 25.0599994659424 24.4099998474121 24.0900001525879 23.6100006103516 23.4699993133545 23.4099998474121 23.1499996185303 22.6399993896484
