SnowAccumulation_R/test/tmax/final_tmax_04_04_2009.asc
NCOLS 97 
NROWS 69 
XLLCORNER 52512.810182332 
YLLCORNER 5316225.2758522 
CELLSIZE 10000 
NODATA_value -9999 
[rows 40 to 59 of 69, columns 0 to 46 of 97]
-9999 -9999 11 0.570002334246247 -0.549999726984083 0.9200000166893 -0.370000004768372 5.40000009536743 5.82000017166138 9.22999954223633 2.57999992370605 6.82000017166138 4.53000020980835 2.26999998092651 0.239999994635582 -1.35000002384186 3.57999992370605 4.07999992370605 4.3600001335144 4.6100001335144 5.09000015258789 5.63000011444092 4.76999998100122 4.75000000006283 4.78999996185303 4.99999999973162 5.00000000061728 5.40000009536743 5.61999988555908 5.61000013351441 5.6399998664856 5.73999977111816 5.88000011444092 6.23999977111816 6.40000009536743 6.65000009536743 6.88000011444092 7.07000017166138 7.46999979019165 7.28000020980835 7.32999992370605 7.26000022888184 7.51999998092651 7.36999988555908 7.26000022888184 7.32000017166138 7.19000005722046
-9999 -9999 11.0799999237061 3.05999994277954 2.34999988700027 1.28999996185303 4.07000017166138 0.800000011920929 2.95000004768372 8.64000034332276 3.15000009536743 4.28999996185303 5.69999980926514 2.59999990463257 1.99000000953674 0.75 3.28999996185303 3.15000009536743 4.42000007629395 5 5.01999998102475 4.9000000958924 4.76000022888184 4.73999977111816 4.73999977111816 4.90000009536743 5.34000015187417 5.5 5.51000022888184 5.86999988555908 5.82999992370605 5.84999990463257 5.86000013351441 6.23999977111816 6.42999982833862 6.55000019073486 6.84000015258789 6.96000003814697 7.09999990463257 7.21000003814697 7.11000013351441 7.05999994277954 7.34000015258789 7.30000019073486 7.23000001907349 7.26999998092651 7.17000007629395
-9999 -9999 10.5799999237061 4.42999982833862 1.71000003814697 2.04999880845537 0.800000011920929 2.76999998092651 3.6400002897954 7.42000007629395 4.65999984741211 7.70999999660901 6.98000001907349 4.07999992370605 4.05000019073486 0.109999999403954 4.98999977111816 -0.819999971769544 4.94999979814022 4.88000011482037 4.80000019073486 4.69000005722046 4.65999984741211 4.59000015268363 4.92999982745181 5.15000009536743 5.44000005722046 5.67999982833862 5.65000009536743 5.98999977111816 5.96999979019165 5.96000003814697 6.05999994277954 6.26000022888184 6.46999979019165 6.55999994277954 6.76000022888184 6.84999990463257 6.94999980926514 7.01000022888184 7.07000017166138 7.05999994277954 7.25 7.26000022888184 7.21000003814697 7.1100001335144 7.09999990463257
-9999 -9999 7.44000005722046 3.5 3.6800000667572 1.23000001907349 2.96999973804329 2.28999996185303 6.84000015258789 4.78000020980835 7.40000009536743 5.26999998092651 2.73000001907349 1.38999998569489 4.69000005722046 2 5.57999992370605 1.5 5.09000015258789 4.80000019073486 4.6399998664856 4.59000015258789 4.42000007629395 4.19999980926514 4.6399998664856 5.03999996185303 5.48000001907349 6.15999984741211 5.92999982833862 6.05000019073486 6.01999998092651 5.98999977111816 6.11999988555908 6.21999979019165 6.55000019073486 6.53999996185303 6.6100001335144 6.69000005722046 6.84000015258789 7.15999984741211 6.94000005722046 7.05999994277954 7.09999990463257 7.23000001907349 7.17000007629394 7.1399998664856 7.1399998664856
-9999 -9999 10.3699998855591 4.82000017166138 3.97000002861023 0.649999976158142 3.73000001907349 2.44999873458259 7.88000011444092 7.42000007629395 9.55000019073486 7.38000011444092 5.86999988555908 4.90999984741211 1.32000005245209 2.67000007629395 5.44999980926514 2.97000002861023 5.30999994277954 5.09000015258789 4.67999982833862 4.55999994277954 4.53000020980835 4.1100001335144 2.72000002861023 4.42999982833862 5.26000022888184 6.01999998053851 6.01999998092651 6.36999988555908 6.25 6.25 6.28999996185303 6.38999986648559 6.55000019073486 6.40000009536743 6.53999996185303 6.6100001335144 6.71999979019165 6.82999992370605 6.78000020980835 6.84999990463257 7.05000019073486 7.09000015258789 7.07999992370605 7.11999988555908 7.17999982833862
-9999 -9999 10.5299997329712 5.05999924237925 2.39000010490417 1.86000001430511 1.52999995617213 2.64000010490417 3.36000035403086 4.82000024032014 9.57999992370605 6.90000009536743 5.21999978426496 1.33000004291534 -0.270000010728836 3.65000009536743 5.23000001907349 4.19000005722046 5.30999994277954 5.11999988555908 4.88000011444092 4.67000007629395 4.5 4.3899998664856 4.44000005722046 4.8600001335144 5.46999979019165 6.07000017141059 6.42000007596645 6.38999986648559 6.44000005722046 6.42000007629394 6.30000019073486 6.32000017166138 6.32999992370605 6.38000011444092 6.28999996185303 6.48999977111816 6.48999977111816 6.65999984741211 6.65000009536743 6.80999994277954 6.84999990463257 6.94000005722046 7.07000017166138 7.21999979019165 7.3600001335144
-9999 -9999 10.8299999237061 2.85999989509582 3.70000004768372 4.63999986648559 3.71000003814697 2.33999991416931 1.70000004768372 7.30000048446074 9.57999992370605 6.59000015258789 4.19999980926514 1.47000002861023 1.99000000953674 1.66999995708466 4.32999992370605 2.40000009536743 1.08000004291534 5.11999988555908 5 4.65999984741211 4.32000017166138 4.40000009536743 5.44999980742556 5.44999980926514 5.88999986633701 6.17000007629395 6.46999979019165 6.48999977111816 6.40000009536743 6.38999986648559 6.23999977111816 6.25 6.26999998092651 6.32999992370605 6.28000020980835 6.36999988555908 6.42999982833862 6.46999979019165 6.46000003814697 6.59000015258789 6.78000020980835 6.8600001335144 6.92999982833862 7.1100001335144 7.61000013351441
-9999 -9999 11.3599996566772 3.38000011444092 5.28999996185303 4.86000013351441 4.67999982833862 1.70000004768372 3.42000007629394 8.38000011444092 10.0200004546755 7.15000009536743 3.41000008583069 1.72000002861023 2.94000005722046 1.98000001907349 4.17000007629395 4.25 5.53000004723295 4.94999980926514 5.01000022888184 4.5 4.42000007629395 4.51999998092651 5.36000013147935 5.59000015209863 5.92999982833862 6.46000003814697 6.55999994277954 6.61999988555908 6.51999998092651 6.40000009536743 6.3600001335144 6.32000017166138 6.23999977111816 6.26999998092651 6.17999982833862 6.36000013351441 6.32000017166138 6.42999982833862 6.42999982833862 6.3899998664856 6.63000011444092 6.71000003814697 6.80999994277954 6.73000001907349 7.13000011444092
-9999 7.28999996185303 11.4700002670288 6.34000015258789 4.11999971259108 5.34999990463257 2.91000008583069 2.60000010616343 5.94000005722046 9.10999965667725 9.9799995570483 6.8900000961791 2.05999994277954 3.51999998092651 4.42000007629395 2.54999995231628 4.30999994277954 3.72000002861023 1.5900000333786 4.96000003814697 4.80000019073486 4.30000019073486 4.21999979019165 4.32999992370605 4.42999982833862 5.17000007629395 5.57999992370606 6.05000019073486 6.42000007629395 6.96000003814697 6.51000022897919 6.42000007629395 6.36000013352784 6.26999998092651 6.23999977111816 6.13000011444092 6.15000009536743 6.17000007629395 6.23999977111816 6.32000017166138 6.36999988555908 6.38999986648559 6.55000019073486 6.67999982833862 6.76000022888184 6.84000015258789 6.94000005722046
-9999 9.60999965667725 11.4300003051758 4.73999977111816 5.19000005722046 3.96000003814697 6.73000001907349 6.78000020980835 7.65999984741211 9.35999965667725 10.6599998474121 10.6800003051758 2.50000001888294 6.46999978915527 6.36000013351441 4.28000020980835 3.95000025804518 5.09999990463257 2.75999999046326 4.96000004539767 4.76999998092651 4.6100001335144 4.46999979019165 4.48000001907349 4.57999992370605 4.80000019073486 5.55000019073486 5.82999992370605 6.40999984741211 6.59000015267019 6.44999980926514 6.3600001335144 6.26999998092651 6.26000022888184 6.17999982833862 6.07999992370606 6.09999990463257 6.13000011444092 6.17999982833862 6.23999977111816 6.34999990463257 6.46999979019165 6.59999990463257 6.65000009536743 6.67000007629395 6.73000001907349 6.82999992370605
-9999 3.92000007629395 7.71000123168507 5.59000015258789 2.25 3.61999988555908 3.70000004768372 4.15000009536743 5.6100001335144 8.11999988555908 9.48999977111816 10.5299997329712 7.92999982833862 6.73999977111816 6.32999992370606 4.01000022888184 4.44000005722046 5.21000003814697 3.95000004768372 5.11000013303695 4.6399998664856 4.32999992370605 4.28999996185303 4.38000011444092 4.51999998092651 4.65999984741211 5.13999986648559 5.98000001840041 5.98000001907349 6.42999982831119 6.44000005722046 6.42999982833862 6.26999998092651 6.17000007629395 6.07000017166138 6.05000019073486 5.96999979019165 6.07000017166138 6.13000011444092 6.21999979019165 6.30000019073486 6.34000015258789 6.28999996185303 6.26999998092651 6.59000015258789 6.6399998664856 6.73000001907349
-9999 5.66999915097102 12.3400001525879 6.17000007629395 2.77999997138977 5.05000019073486 5.17000007629395 4.30000019073486 3.81000009789711 8.60000038146973 8.3100004196167 7.03999996185303 10.9300003051758 7.28000020980835 4.88999986648559 6.88000017822403 3.32999992370605 4.3899998664856 1.33000004291534 5.19000005722046 4.57999993053361 4.23000001907349 3.88000011444092 3.86999988555908 4.42999982787486 4.42999982833862 5.48999976984633 6 5.9800000190924 6.1100001335144 6.28999996185303 6.07000017166138 5.96999979019165 5.73000001907349 5.6399998664856 5.55999994277954 5.46999979019165 5.65000009536743 6 6.09000015258789 6.15000009536743 6.17000007629395 6.23999977111816 6.26000022888184 6.36999988555908 6.34999990463257 6.51999998092651
-9999 4.71000003814697 11.5200004577637 9.14999961853027 4.03999996185303 6.67999982833862 5.21000003814697 4.75 5.53999996185303 7.96000003814697 4.76000022888184 6.59000015258789 8.60000038146973 11.3000001907349 9.53999996185303 6.42999982833862 3.28999997098466 3.4300000667572 1.48000001907349 4.36999988555908 4.73999982304196 3.33999991416931 3.60999989509583 3.63000011444092 3.53999996185303 3.48000001907349 4.57999992370605 4.76999998092651 5.88000011444092 5.98999977111816 5.84000015280733 5.75000000003019 5.63000011444092 5.42000007629395 5.34999990463705 5.36999988555908 5.26999998092651 5.78999996185303 5.90999984741211 6.01999998092651 6.07999992370605 6.07999992370605 6.09000015258789 6.1100001335144 6.21999979019165 6.17000007629395 6.28000020980835
-9999 5.05000019073486 4.34999990463257 12.0299986504093 4.59000015258789 7.69999980926514 6.59999990463257 4.90000009536743 6.25 7.53000020980835 5.44000005722046 7.19000005722046 8.28999996185303 11.3999996185303 9.06999970630765 7.15000009536743 4.53000020980835 3.75 3 2.57999992370605 4.86000013351441 4.05000019073486 3.81999992741968 3.45000004768372 3.38000011444092 3.1800000667572 3.47000002861023 3.99000000953674 5.23000001907349 5.36999988555908 5.7899999617117 5.55000019073486 5.15999984741211 5.26999998092651 5.26999998091833 5.34000015258789 5.34999990463257 5.4400000572194 5.57000017166138 5.44999980926514 5.34999990463257 5.92999982833862 5.38000011444092 5.98000001907349 6.01999998092651 5.69000005722046 5.51000022888184
-9999 5.25 6.96000003814697 11.3400001525879 9.01000022888184 7.59000015258789 7.15000009536743 6.21000003814697 7.09999990463257 7.53999996185303 5.05999994277954 6.94999980926514 8.35999965667725 10.7299995422363 10.1199998855591 5.26999998092651 3.8199999332428 1.75 2.46000003814697 1.27000006637415 1.82000005367955 4.050000100365 3.54999995231628 2.9300000667572 2.75999999046326 2.98000001907349 3.27999997138977 3.94000005722046 4.69000005722046 5.69999980912718 5.88000011444092 5.59000015258789 4.19999980926514 4.09999990463257 4.96000003814697 5.30000019073486 5.3899998664856 5.55999994277839 5.55999994277954 5.42999982833862 5.21999979019165 5.13000011444092 5.28000020980835 5.38999986648561 5.6399998664856 5.69000005722046 5.61999988555908
-9999 5.63000025421673 6.48000001907349 8.47999954223633 12.0100002288818 7.53999996185303 9.02000045776367 7.38000011444092 6.40000009536743 5.71000003814697 5.96000003814697 6.6399998664856 7 10.1300001144409 10.9399995803833 5.03000020980835 4.5 2.20000004768372 3.16000008583069 4.67000007629395 1.4099999666214 0.810000008682324 -0.419999986886978 1.69000005539066 2.80999994277954 2.64000010490417 3.00999999046326 4.15000009536743 5.48999977251416 5.76000022888184 5.90999984741211 5.61000013351441 5.05000019073486 4.59999990463257 4.23999977111816 4.67000007629395 5.48000001907349 5.59999990463184 5.65999984741211 5.46000003814697 5.34000015258789 5.05000019073486 5.42000007629395 5.51999998092651 5.65999984741211 5.6100001335144 5.5
-9999 3.29500007629395 4.125 4.88500022888184 9.23500078637287 6.97749996185303 8.76000022888183 7.59000015258789 7.48999977111816 7.01999998092651 7.57000017166138 5.57000017166138 4.82999992486748 8.86999988555908 10.9300003051758 7.63999986648559 3.67000007629395 1.92999994754791 3.16000008583069 5.55999994277954 1.17999994754791 0.219999998807907 -0.300000013168016 1.57000005245209 1.86000001430511 2.25999999046326 2.35999989509582 3.98000001907349 5.05999994277954 4.92999982833862 4.8899998664856 5.92000007629394 5.90000009536743 5.67999982833862 5.57999992370605 5.42000007629395 5.57000017166138 5.53999996185303 5.63000011444092 5.5 5.44999980926514 5.53000020980835 5.55999994277954 5.51999998092645 5.53999996185303 5.53999996185303 5.46000003814697
-9999 4.03999996185303 3.63750004768372 3.72749996185303 6.90749979019165 10.5024995803833 5.31500005722046 7.73249997357368 5.83249998092651 8.32499980926514 8.15250015258789 6.40250015258789 3.03999996185303 6.33249998092651 10.8874998092651 3.95250015684176 2.08500003814697 3.18499994277954 2.67249989509583 5.8899998664856 3.91499996185303 0.839999973773956 0.33500000834465 2.28500008583069 -0.380000003408408 0.219999998807907 1.99000000953674 3.71000003814697 4.23999977111816 4.57000017166138 6.15999984741211 6.51000022888184 6.28999996185303 6.05999994277954 5.38000011444092 4.94999980926514 5.65999984741211 5.65999984741211 5.48999977111816 5.40999984741211 4.96000003814726 5.13000011444092 4.90999984741211 4.90000009536741 4.8899998664856 5.03000020980835 5.21000003814697
-9999 7.44250011444092 5.81999935840355 1.80750000476837 4.24499988555908 9.82750034332275 7.24499988555908 5.8125 5.34250020980835 8.18499946594238 8.5725002271955 5.84000015258789 4.22499990463257 5.20749998092651 10.1875 8.60750007629395 5.21250009536743 4.03749990463257 2.86249994852064 4.20499992370605 4.98000001907349 2.08999991416931 1.48500001430511 2.08249998092651 0.864999890327454 -2.11249995231628 1.97249996431613 2.9649999113536 3.58750009536743 3.1400001050303 2.82249999046326 3.17249989509583 3.6175000667572 3.85249996185303 3.32249999046326 3.40249991416931 4.3600001335144 5.14249992370605 5.49499988555908 5.86499977111816 3.95499992370867 5.17000007629395 5.8125 5.63500022888164 5.82999992370605 5.96999979019165 6.08750009536743
-9999 6.55999994277954 3.4925000667572 1.77499997615814 4.01749992370605 9.7325001330285 9.94250011444092 8.40250015258789 4.98750019073486 7.98750019073486 7.92999982833862 4.58750009536743 4.53249979019165 7.48250007629395 7.82999992370605 9.32250022888184 8.23499965667725 2.2425000667572 1.36500000953674 2.90249991416931 6.375 4.8975000187917 2.07500004768372 3.05250000953674 2.29250001907349 0.612500011920929 0.782500028610229 1.5900000333786 1.40499997138977 2.02500009557089 2.50250005722046 3.14249992370605 3.35750007629395 3.21250009536743 3.37750005722046 3.42249989509583 3.57750010490418 5.10750007629395 5.89750003814697 5.76000022888184 4.63250017166177 5.09749984741211 4.92500019073486 4.67999982833862 4.63749980926514 6 6.22249984741211
