SnowAccumulation_R/test/tmax/final_tmax_11_04_2009.asc
NCOLS 97 
NROWS 69 
XLLCORNER 52512.810182332 
YLLCORNER 5316225.2758522 
CELLSIZE 10000 
NODATA_value -9999 
[rows 40 to 59 of 69, columns 0 to 46 of 97]
-9999 -9999 9.85999965667725 3.65000188767721 2.8600001741577 4.36999988555908 3.59999990463257 8.71000003814697 9.27000045776367 13.1999998092651 7.03000020980835 11.3000001907349 9.10000038146973 7.3899998664856 5.94000005722046 4.96000003814697 8.96000003814697 12.0500001907349 12.6800003051758 12.8800001144409 13.3500003814697 12.6199998855591 15.5600004162923 15.7600002282535 15.75 16.2800006858197 16.2800006922782 17.2099990844727 17.4500007629395 17.6800003051758 17.8299999237061 17.9200000762939 18.1100006103516 18.6599998474121 18.9599990844727 19.1000003814697 19.2999992370605 19.3700008392334 19.5100002288818 19.4400005340576 19.4899997711182 19.4599990844727 19.6299991607666 19.5 19.3299999237061 19.4200000762939 19.2199993133545
-9999 -9999 9.8100004196167 5.46999979019165 5.28000011283052 4.57000017166138 7.13000011444092 4.75 6.65999984741211 12.6099996566772 7.40000009536743 8.53999996185303 10.2299995422363 7.57000017166138 7.19000005722046 6.48000001907349 8.71000003814697 8.72999954223633 12.8000001907349 13.8900003433228 13.9099998470192 15.0100002240696 15.4200000762939 15.5600004196167 15.6400003433228 16.8700008392334 17.1900005335385 17.3299999237061 17.4599990844727 17.8600006103516 17.9400005340576 17.9899997711182 18.0799999237061 18.6000003814697 18.8500003814697 18.9400005340576 19.2399997711182 19.2999992370605 19.4099998474121 19.3999996185303 19.2900009155273 19.2700004577637 19.5100002288818 19.4899997711182 19.3700008392334 19.2600002288818 19.2399997711182
-9999 -9999 9.52000045776367 6.44000005722046 4.59000015258789 5.08999915825114 4.3600001335144 6.26999998092651 7.15000027708454 11.210000038147 8.67000007629395 12.420000026844 11.9099998474121 8.77999973297119 8.98999977111817 5.92000007629395 10.3100004196167 5.78000022564352 14.0600003910497 14.15999984687 14.6999998092651 14.8900003433228 15.4300003051758 15.6400003430036 15.9600000373123 16.8500003814697 17.3299999237061 17.4799995422363 17.5300006866455 18.0100002288818 18.2099990844727 18.2299995422363 18.4599990844727 18.6700000762939 18.7900009155273 18.8700008392334 19.1000003814697 19.1499996185303 19.2399997711182 19.25 19.2600002288818 19.3199996948242 19.4699993133545 19.5 19.4099998474121 19.2299995422363 19.2099990844727
-9999 -9999 8.27999973297119 5.65999984741211 6.09000015258789 4.40000009536743 6.04999990016792 5.78000020980835 10.2799997329712 8.39999961853027 11.6999998092651 9.52999973297119 7.28999996185303 6.46000003814697 9.60999965667725 7.38000011444092 11.0900001525879 7.61999988555908 14.0100002288818 14.5799999237061 14.75 14.9300003051758 15.1400003433228 15.6000003814697 16.0200004577637 16.8799991607666 17.3799991607666 17.7199993133545 17.7999992370605 18.0699996948242 18.2800006866455 18.3099994659424 18.5400009155273 18.7900009155273 19.0499992370605 18.9099998474121 19.0300006866455 19.0699996948242 19.1700000762939 19.2600002288818 19.2099990844727 19.4099998474121 19.5 19.5200004577637 19.4099998474121 19.3099994659424 19.2999992370605
-9999 -9999 9.6899995803833 6.59999990463257 6.25 3.84999990463257 6.51999998092651 5.82999880198816 11.3900003433228 11.1499996185303 14.3599996566772 12.2200002670288 10.3599996566772 9.57999992370605 6.65000009536743 7.94000005722046 11.0100002288818 8.94999980926514 14.3599996566772 14.5699996948242 14.7299995422363 15 15.1999998092651 15.4300003051758 15.210000038147 16.2900009155273 17.1900005340576 18.1200008386702 18.1200008392334 18.6399993896484 18.6000003814697 18.6399993896484 18.8099994659424 18.9500007629395 19 18.8899993896484 19.0300006866455 19.0900001525879 19.1299991607666 19.1700000762939 19.1700000762939 19.3099994659424 19.4799995422363 19.5400009155273 19.4699993133545 19.4400005340576 19.4799995422363
-9999 -9999 9.77999973297119 6.71999929792923 4.92999982833862 4.78000020980835 4.6500001022845 5.8600001335144 6.84000053577622 8.33000000318095 14.460000038147 11.4899997711182 9.60000037667607 6.32000017166138 5.30999994277954 8.84000015258789 10.8999996185303 10.2700004577637 14.3400001525879 14.3500003814697 14.6499996185303 14.7799997329712 15.2200002670288 15.9899997711182 16.2000007629394 16.6599998474121 17.6200008392334 18.2999992368599 18.620000838934 18.6900005340576 18.8199996948242 18.8600006103516 18.9500007629395 18.9599990844727 18.9599990844727 19.1000003814697 19.0400009155273 19.0499992370605 19.0799999237061 19.1299991607666 19.1399993896484 19.3500003814697 19.3899993896484 19.4799995422363 19.4799995422363 19.6200008392334 19.7099990844727
-9999 -9999 9.97000026702881 5.1100001335144 5.92000007629395 6.98000001907349 6.53999996185303 5.55000019073486 5.32000017166138 11.1899999224439 14.5200004577637 11.039999961853 8.71000003814697 6.42000007629394 7.19999980926514 7.28999996185303 10.0100002288818 8.57999992370605 7.82999992370605 14.4700002670288 14.9399995803833 15.2399997711182 15.5 16 17.4500007602201 17.4500007629395 18.2000007626753 18.4400005340576 18.6700000762939 18.7999992370605 18.9400005340576 19.0300006866455 18.9799995422363 18.9500007629395 18.9899997711182 19.1100006103516 19.0499992370605 19.0300006866455 19.0699996948242 19.1000003814697 19.0900001525879 19.1599998474121 19.3500003814697 19.4300003051758 19.4099998474121 19.5100002288818 19.9599990844727
-9999 -9999 10.289999961853 5.46999979019165 7.1100001335144 7.09999990463257 7.30999994277954 4.96999979019165 6.73000001907349 12.3199996948242 14.8299998465029 11.7299995422363 7.94999980926513 6.61999988555908 8.06999969482422 7.59000015258789 9.93000030517578 10.5900001525879 14.5399996617138 14.4200000762939 14.3100004196167 15.1199998855591 15.5 16.0599994659424 17.2700004551395 17.8600006090965 18.0599994659424 18.6900005340576 18.8500003814697 18.9599990844727 19.1000003814697 19.3400001525879 19.0200004577637 18.9899997711182 18.9899997711182 19.0599994659424 18.9899997711182 19.0200004577637 19.0200004577637 19.1399993896484 19.0699996948242 19.0100002288818 19.2299995422363 19.3299999237061 19.3299999237061 19.2299995422363 19.5100002288818
-9999 7.80999994277954 10.3100004196167 7.67000007629394 6.14999999067626 7.44000005722046 5.78000020980835 5.68000001402865 8.94999980926514 12.8599996566772 14.0500002104841 11.2799999805298 6.73000001907349 8.23999977111816 9.53999996185303 8.14000034332275 10.1599998474121 10.0699996948242 8.44999980926514 14.3999996185303 14.5299997329712 15.2600002288818 15.6099996566772 16.1800003051758 16.3899993896484 17.4599990844727 17.8600006103516 18.3099994659424 18.6100006103516 19.1200008392334 19.069999694795 19.3700008392334 19.0200004578421 18.9200000762939 18.9799995422363 19.0100002288818 18.8400001525879 18.8600006103516 18.9799995422363 19.0699996948242 19.0799999237061 19.0300006866455 19.1900005340576 19.3099994659424 19.3700008392334 19.2700004577637 19.2999992370605
-9999 9.02999973297119 10.2299995422363 6.44000005722046 7.09000015258789 6.28000020980835 8.89000034332275 9.38000011444092 10.4499998092651 12.6000003814697 14.4099998474121 14.789999961853 7.09999991931935 11.7299995409159 11.8800001144409 9.89000034332275 9.80000052333341 11.8900003433228 9.72000026702881 14.8100004099491 14.8900003433228 15.0900001525879 15.539999961853 16.1399993896484 16.3600006103516 17.2900009155273 17.9599990844727 18.1200008392334 18.4099998474121 18.7999992370948 18.75 18.6000003814697 18.6700000762939 18.8199996948242 18.8299999237061 18.7600002288818 18.7600002288818 18.8400001525879 18.9099998474121 18.9799995422363 19.0599994659424 19.2199993133545 19.2600002288818 19.2999992370605 19.2600002288818 19.2299995422363 19.0799999237061
-9999 5.42000007629395 8.15000032061182 7.03000020980835 4.73000001907349 5.96999979019165 6.34000015258789 7.03999996185303 8.47000026702881 11.1999998092651 12.9300003051758 14.1499996185303 12.3999996185303 11.7299995422363 11.7299995422363 9.61999988555908 10.6400003433228 12.0200004577637 11.0900001525879 14.6099996595419 15.0299997329712 15.289999961853 15.6000003814697 15.8500003814697 16.7199993133545 17.1700000762939 17.5799999237061 18.1599998470692 18.1599998474121 18.6000003814217 18.5699996948242 18.4099998474121 18.5400009155273 18.6599998474121 18.5 18.5799999237061 18.7000007629395 18.7900009155273 18.8600006103516 18.9400005340576 19 19.0499992370605 19.0300006866455 19 19.2000007629395 19.1399993896484 19.1100006103516
-9999 6.68999937224093 11.0299997329712 7.40999984741211 5.11999988555908 7.21000003814697 7.46999979019165 7.11999988555908 6.89000000750157 11.3299999237061 11.6400003433228 10.7799997329712 14.6599998474121 12.0699996948242 9.9399995803833 12.9300003416232 9.47000026702881 10.8599996566772 8.35000038146973 14.6199998855591 15.0399999537453 15.289999961853 15.6400003433228 15.8699998855591 16.4400005338667 16.4400005340576 17.6900005335723 17.9599990844727 18.1200008390821 18.0300006866455 18.4300003051758 18.3099994659424 18.4400005340576 18.1800003051758 18.2199993133545 18.1900005340576 18.2600002288818 18.4300003051758 18.7999992370605 18.8600006103516 18.8999996185303 18.9799995422363 18.9799995422363 18.9899997711182 18.9799995422363 18.8299999237061 18.9899997711182
-9999 5.96999979019165 10.3100004196167 9.14000034332275 6.07999992370605 8.36999988555908 7.44999980926514 7.44000005722046 8.46000003814697 10.6300001144409 8.40999984741211 10.460000038147 12.4300003051758 15.2399997711182 14.0100002288818 11.9300003051758 9.43000031339425 9.84000015258789 8.55000019073487 12.0600004196167 14.850000343441 15.3400001525879 15.7200002670288 15.9399995803833 16.0300006866455 16.2600002288818 17.0699996948242 17.0699996948242 17.8400001525879 17.9599990844727 18.0799999237012 18.2999992369868 18.2399997711182 18.4099998474121 18.2600002288899 18.0699996948242 18.0599994659424 18.5699996948242 18.7000007629395 18.7700004577637 18.8500003814697 18.8600006103516 18.9200000762939 18.9300003051758 18.8700008392334 18.8199996948242 18.7299995422363
-9999 6.21999979019165 5.92000007629394 10.7599996581694 6.48999977111816 8.98999977111816 8.4399995803833 7.51000022888184 8.94999980926514 10.1499996185303 8.92000007629395 10.8400001525879 11.9700002670288 14.9899997711182 13.7700004648529 12.4899997711182 10.539999961853 10.1199998855591 10.0500001907349 10.3500003814697 14.8599996566772 15.1800003051758 15.6000003831951 15.8800001144409 15.9200000762939 16.3799991607666 16.7199993133545 16.8700008392334 16.8999996185303 17.2800006866455 17.8099994658498 17.7099990844727 17.6200008392334 17.9599990844727 18.0200004577555 18.0699996948242 18.1100006103516 18.2999992370586 18.4799995422363 18.5300006866455 18.5100002288818 18.7900009155273 18.4599990844727 18.8999996185303 18.8199996948242 18.3600006103516 18.1800003051758
-9999 6.38000011444092 7.76999998092651 10.210000038147 9.32999992370606 8.86999988555908 8.94999980926514 8.47000026702881 9.52000045776367 10.0600004196167 8.5600004196167 10.539999961853 11.8900003433228 14.2200002670288 14.4399995803833 10.6400003433228 9.92000007629395 8.60999965667724 9.60999965667725 9.09000023894453 10.4899997697738 15.180000154929 15.6800003051758 15.75 15.6999998092651 15.9300003051758 16.3400001525879 16.25 16.3600006103516 17.3299999232991 17.3700008392334 17.3199996948242 16.0699996948242 16.5599994659424 17.4899997711182 17.8400001525879 18.0599994659424 18.3099994659406 18.3799991607666 18.3799991607666 18.2600002288818 18.2099990844727 18.2800006866455 18.3199996948242 18.4099998474121 18.3899993896484 18.3099994659424
-9999 6.67999996811463 7.48000001907349 8.96000003814697 11.0900001525879 8.81999969482422 10.1099996566772 9.26000022888184 8.96000003814697 8.84000015258789 9.23999977111816 10.2299995422363 10.75 13.6899995803833 15.0299997329712 10.4200000762939 10.5299997329712 9.06999969482422 10.3100004196167 12.5699996948242 10.1899995803833 9.86999989569087 9.06999969482422 13.9999999940618 15.6099996566772 15.4899997711182 15.5200004577637 15.8199996948242 16.1200008397367 16.5799999237061 16.8899993896484 16.8500003814697 15.9300003051758 16.3099994659424 16.4599990844727 16.9899997711182 17.9699993133545 18.2299995422349 18.3199996948242 18.25 18.2000007629395 18 18.2800006866455 18.3400001525879 18.4099998474121 18.3799991607666 18.3199996948242
-9999 12.3424997329712 13.1324996948242 13.5249996185303 17.0300008321851 14.8874998092651 9.94999980926514 9.39000034332275 9.72000026702881 9.80000019073486 10.4200000762939 9.35000038146973 9.21000003870244 12.6999998092651 15.0100002288818 12.6700000762939 9.81999969482422 8.82999992370605 10.3599996566772 13.6499996185303 9.9399995803833 9.15999984741211 9.30000018824069 13.8599996566772 14.9499998092651 15.2399997711182 15.0200004577637 15.4899997711182 15.8400001525879 15.8100004196167 16.1000003814697 16.25 16.5100002288818 16.5200004577637 17.0900001525879 17.2000007629395 17.7800006866455 18 18.1200008392334 18.1100006103516 18.1399993896484 18.2299995422363 18.2900009155273 18.2600002288818 18.2999992370606 18.3700008392334 18.3600006103516
-9999 13.1400003433228 12.5924997329712 12.4075002670288 14.875 18.5450000762939 13.5325002670288 15.2700003338107 12.2624998092651 14.5649995803833 14.6575002670288 14.3225002288818 10.7875003814697 14.1525001525879 18.9549999237061 11.9099999003837 9.88249969482422 10.8900003433228 10.5074996948242 13.835000038147 12.0649995803833 9.02999973297119 8.53749942779541 11.125 10.7200002332704 12.7299995422363 14.3800001144409 15.1400003433228 15.3800001144409 15.5500001907349 14.6899995803833 14.8199996948242 15.2700004577637 16.2299995422363 16.3500003814697 16.2399997711182 17.4699993133545 17.7999992370606 17.7600002288818 17.8299999237061 17.5599994659425 17.75 17.6499996185303 17.6800003051758 17.75 17.9599990844727 18.1599998474121
-9999 16.5224990844727 14.809999596345 10.3424997329712 12.2375001907349 17.8325004577637 15.3424997329712 14.0349998474121 12.3074998855591 14.9324998855591 15.6324997020709 14.0150003433228 12.1149997711182 13.1300001144409 18.3999996185303 16.6774997711182 12.8149995803833 11.8125 10.7375001860149 12.2025003433228 13.1499996185303 10.3000001907349 9.6225004196167 10.3850002288818 9.17249965667725 7.26000022888184 12.0474996532116 13.1525001489772 13.602499961853 13.5450000762922 13.6075000762939 14.2449998855591 14.6175003051758 14.9200000762939 14.7174997329712 15 15.8000001907349 16.3349990844727 16.6075000762939 16.6650009155273 14.6525001525906 15.8000001907349 16.2875003814697 15.7025003433226 16.0324993133545 16.3199996948242 16.3425006866455
-9999 15.9200000762939 12.6499996185303 10.3225002288818 11.7425003051758 17.5400009857568 17.8199996948242 16.5025005340576 13.4300003051758 15.7700004577637 16.5275001525879 13.1575002670288 12.7049999237061 15.5325002670288 15.75 16.5699996948242 15.1949996948242 9.78999996185303 9.22749996185303 10.9825000762939 14.5974998474121 13.1549997128991 10.2150001525879 11.0450000762939 10.2950000762939 9.46249961853027 10.5150003433228 11.5249996185303 11.8549995422363 12.88749980928 13.4274997711182 14.25 14.4849996566772 14.647500038147 14.9849996566772 15.0924997329712 15.1599998474121 16.4249992370606 16.8150005340576 16.4925003051758 14.8774995803837 15.4700002670288 15.4099998474121 15.2049999237061 15.0325002670288 16.3624992370605 16.5699996948242
