SnowAccumulation_R/test/tmax/final_tmax_13_04_2009.asc
NCOLS 97 
NROWS 69 
XLLCORNER 52512.810182332 
YLLCORNER 5316225.2758522 
CELLSIZE 10000 
NODATA_value -9999 
[rows 42 to 62 of 69, columns 0 to 46 of 97]
-9999 -9999 9.55000019073486 3.35999989509583 0.839999973773956 1.16999888050968 0.0799999982118607 2.19000005722046 3.16000028817948 7.46999979019165 4.76999998092651 8.3699998442409 8.03999996185303 5.05000019073486 5.3899998664856 0.740000009536743 7.42999982833862 2.38597540595797e-08 7.32999990631988 7.36999988534225 7.92000007629395 8.31999969482422 9.28999996185303 9.6199998851442 10.0500001896133 11.0299997329712 12.039999961853 12.289999961853 12.3699998855591 12.9899997711182 13.2799997329712 13.3500003814697 13.5100002288818 13.9200000762939 14.3900003433228 14.4899997711182 14.7299995422363 14.8100004196167 14.9899997711182 15.0100002288818 15.1199998855591 15.4300003051758 15.960000038147 16.0900001525879 16.4500007629395 16.7800006866455 16.8700008392334
-9999 -9999 6.32999992370605 2.51999998092651 2.82999992370605 0.529999971389771 2.29999970596608 1.79999995231628 6.80000019073486 4.76000022888184 7.92999982833862 6.1100001335144 3.28999996185303 2 6.76999998092651 3.0699999332428 9.60999965667725 2.70000004768372 6.84999990463257 7.40000009536743 7.1399998664856 8.09000015258789 8.64999961853027 9.4399995803833 9.85000038146973 11.0200004577637 11.9899997711182 12.5299997329712 12.4399995803833 12.9099998474121 13.2600002288818 13.4099998474121 13.5200004577637 13.7700004577637 14.2299995422363 14.1899995803833 14.4200000762939 14.5 14.7299995422363 15.0500001907349 15 15.6700000762939 16.1000003814697 16.1599998474121 16.5200004577637 16.8899993896484 17
-9999 -9999 9.52999973297119 3.85999989509583 3.17000007629394 -0.0299999993294477 3.19000005722046 2.02999862639149 8.01000022888184 7.65999984741211 10.3100004196167 8.36999988555908 7.23000001907349 6.69000005722046 2.23000001907349 4.09999990463257 9.65999984741211 4.90999984741211 7.07999992370605 7.15999984741211 7.40000009536743 8.18000030517578 8.64000034332275 8.97000026702881 8.96000003814697 9.90999984741211 10.9200000762939 12.1400003428221 12.1400003433228 12.8699998855591 13.210000038147 13.3199996948242 13.5100002288818 13.8999996185303 14.3599996566772 14.0900001525879 14.25 14.5100002288818 14.6199998855591 14.9300003051758 15.0900001525879 15.5299997329712 16.1200008392334 16.3199996948242 16.7000007629395 17.0900001525879 17.2399997711182
-9999 -9999 9.64999961853027 4.12999943716695 1.60000002384186 1.21000003814697 0.949999982545391 2.27999997138977 3.27000047550706 4.98000009995914 10.25 7.90000009536743 6.49999999511919 2.03999996185303 0.370000004768372 5.61000013351441 8.90999984741211 7.09000015258789 6.80000019073486 6.84000015258789 7.42000007629394 7.65999984741211 8.4399995803833 9.35000038146973 9.6899995803833 10.1499996185303 11.1999998092651 12.0399999616022 12.3400001523072 12.5 12.9899997711182 13.1000003814697 13.3599996566772 13.6700000762939 13.7700004577637 14.0299997329712 14 14.3699998855591 14.5799999237061 14.8699998855591 15.0799999237061 15.7799997329712 15.960000038147 16.3700008392334 16.7199993133545 17.1200008392334 17.0799999237061
-9999 -9999 9.84000015258789 2 2.9300000667572 4.05000019073486 3.27999997138977 1.95000004768372 1.48000001907349 7.66000010767549 10.1499996185303 7.51000022888184 5.42999982833862 2.19000005722046 3.08999991416931 2.91000008583069 6.8899998664856 4.15000009536743 2.55999994277954 6.73000001907349 7.21999979019165 7.78999996185303 8.17000007629395 8.77999973297119 10.7299995384772 10.7299995422363 11.5799999231117 11.9499998092651 12.210000038147 12.5200004577637 12.6099996566772 12.960000038147 13.1999998092651 13.3199996948242 13.4399995803833 13.9399995803833 13.960000038147 14.3800001144409 14.5600004196167 14.6999998092651 14.9300003051758 15.3800001144409 16.0699996948242 16.3199996948242 16.75 16.6100006103516 17.4799995422363
-9999 -9999 10.1800003051758 2.50999999046326 4.53000020980835 4.25 4.25 1.24000000953674 3.25 8.55000019073487 10.5399999278837 7.76999998092651 4.32000017166138 2.4300000667572 4.21000003814697 3.22000002861023 6.26000022888184 6.48000001907349 6.45999993497412 6.55000019073486 6.48999977111816 7.6100001335144 8.10000038146973 8.75 10.2600002255883 11.1300001125903 11.3900003433228 12.1000003814697 12.210000038147 12.5 12.6499996185303 12.9499998092651 12.9099998474121 13.1300001144409 13.3100004196167 13.6300001144409 13.8000001907349 14.3400001525879 14.5 14.8000001907349 15.1000003814697 15.3100004196167 15.8699998855591 16.25 16.6200008392334 16.3700008392334 16.5200004577637
-9999 6.28999996185303 10.1700000762939 5.5 3.29999979072774 4.69999980926514 2.35999989509583 2.12000010117073 5.73000001907349 9.28999996185303 10.3000002062874 7.31000008314783 2.58999991416931 4.42000007629395 5.73999977111816 3.75999999046326 5.96000003814697 5.38000011444092 3.01999998092651 6.40000009536743 6.61999988555908 7.71000003814697 8.14000034332275 8.80000019073486 9.05000019073486 10.4399995803833 10.960000038147 11.4399995803833 11.7799997329712 12.5600004196167 12.6499996184913 12.9399995803833 12.779999733007 12.9700002670288 13.1700000762939 13.4899997711182 13.8299999237061 14.0600004196167 14.5200004577637 14.7799997329712 15.3000001907349 15.4200000762939 15.9099998474121 16.2199993133545 16.4300003051758 16.0200004577637 15.9399995803833
-9999 8.64999961853028 10.0500001907349 3.80999994277954 4.40000009536743 3.21000003814697 6.17999982833862 6.34999990463257 7.34000015258789 9.46000003814697 10.8299999237061 10.9099998474121 2.93000004997231 6.86999988467219 6.80999994277954 5.36999988555908 5.11000026143691 6.03999996185303 4.09000015258789 6.86999989377654 6.98000001907349 7.19000005722046 7.84999990463257 8.60000038146973 8.85000038146973 9.96000003814697 10.9300003051758 11.1499996185303 11.6599998474121 12.3699998855179 12.4499998092651 12.3299999237061 12.4700002670288 12.7700004577637 13.0699996948242 13.3199996948242 13.6599998474121 14.1599998474121 14.4899997711182 14.7799997329712 15.5 16.0300006866455 16.1100006103516 16.2299995422363 16.4200000762939 15.5100002288818 15.3500003814697
-9999 2.75999999046326 6.7100011319158 4.59999990463257 1.32000005245209 2.77999997138977 2.99000000953674 3.57999992370605 5.09999990463257 7.73000001907349 9.39999961853027 10.5299997329712 7.48999977111816 6.3600001335144 6.38000011444092 4.69999980926514 5.1100001335144 5.65000009536743 4.76000022888184 7.03999995994326 7.15000009536743 7.38000011444092 7.8899998664856 8.1899995803833 9.39000034332275 9.52000045776367 10.539999961853 11.1000003811268 11.1000003814697 12.1400003431444 12.3400001525879 12.3500003814697 12.3800001144409 12.6999998092651 12.8199996948242 13.1599998474121 13.6899995803833 14.289999961853 14.5100002288818 14.960000038147 15.4399995803833 15.6199998855591 15.8199996948242 15.8599996566772 16.3700008392334 15.3100004196167 14.8299999237061
-9999 4.45999899265206 10.6800003051758 5.09999990463257 1.77999997138977 4.17000007629394 4.34999990463257 3.59999990463257 3.18000021978564 8.01000022888184 7.71999979019165 6.44000005722046 10.5799999237061 6.57999992370605 4.67000007629395 6.34000020042524 3.82999992370606 4.67000007629395 2.22000002861023 6.84000015258789 7.13999985411064 7.53000020980835 7.94999980926514 8.47999954223633 9.35000038029666 9.35000038146973 10.4499998089472 10.5600004196167 11.3299999229778 11.25 12 12.0699996948242 12.2700004577637 12.2600002288818 12.5699996948242 12.7700004577637 13.3199996948242 13.8400001525879 14.5500001907349 15.0200004577637 15.210000038147 15.4300003051758 15.7799997329712 15.9300003051758 15.7399997711182 14.8500003814697 14.6700000762939
-9999 3.30999994277954 9.89999961853027 7.94999980926513 2.95000004768372 5.65999984741211 4.25 3.90000009536743 4.73999977111816 7.09000015258789 4.1399998664856 5.80000019073486 7.73000001907349 10.4499998092651 8.78999996185303 5.59999990463257 3.49999998356308 3.64000010490417 2.1800000667572 4.44999980926514 6.84999985782803 7.44000005722046 8.10000038146973 8.4399995803833 8.52000045776367 9.02000045776367 9.69999980926514 9.93000030517578 10.25 10.7200002670288 11.3900003431326 11.9200000761162 12.0200004577637 12.2700004577637 12.710000038129 12.8599996566772 13.3800001144409 14.1199998855591 14.3500003814697 14.8299999237061 15.3100004196167 15.3599996566772 15.5699996948242 15.8000001907349 15.2399997711182 14.9099998474121 14.4899997711182
-9999 3.54999995231628 2.9300000667572 10.2099990963437 3.40000009536743 6.5 5.46000003814697 3.89000010490417 5.23000001907349 6.44999980926514 4.55999994277954 6.1399998664856 7.15999984741211 10.0100002288818 8.0799999329631 6.1399998664856 3.94000005722046 3.42000007629395 3.1800000667572 3.08999991416931 7.03999996185303 7.32999992370605 7.71000003749995 8.22000026702881 8.4399995803833 9.03999996185303 9.35000038146973 9.60999965667725 9.47999954223633 10 11.1199998851351 11.2399997711182 11.1499996185303 11.9099998474121 12.460000038116 12.7700004577637 13.2399997711182 13.8800001144353 14.3400001525879 14.6599998474121 14.6999998092651 15.3299999237061 14.9899997711182 15.6300001144409 14.9200000762939 15.9899997711182 15.8999996185303
-9999 3.65000009536743 5.40999984741211 9.27999973297119 7.51000022888184 6.23000001907349 5.84999990463257 4.98999977111816 5.84999990463257 6.26000022888184 4.05000019073486 5.73999977111816 7.03000020980835 9.03999996185303 8.73999977111816 4.34000015258789 3.29999995231628 1.87000000476837 2.51999998092651 1.95000010767886 2.77999997103907 7.32999977955781 7.67999982833862 8.14000034332275 8.77000045776367 8.72999954223633 9.11999988555908 9.10999965667725 9.44999980926514 9.80000019042447 10.2600002288818 10.6199998855591 9.97999954223633 10.8500003814697 11.9700002670288 12.539999961853 13.1499996185303 13.8900003433168 14.1700000762939 14.4799995422363 14.3299999237061 14.3599996566772 14.6599998474121 14.880000114441 15.5100002288818 16 16.0499992370606
-9999 3.93000021475522 4.82000017166138 6.73999977111816 9.82999992370605 6.03999996185303 7.40000009536743 5.92000007629394 5.05000019073486 4.46000003814697 4.69999980926514 5.32000017166138 5.63999986648559 8.4399995803833 9.4399995803833 4.07000017166138 3.73000001907349 2.13000011444092 2.98000001907349 4.59000015258789 2.33999991416931 2.08999991937212 1.32000005245209 5.61999987955183 7.90000009536743 8.14000034332275 8.31999969482422 8.64000034332275 8.99999999981007 9.44999980926514 9.63000011444092 10.1400003433228 9.92000007629395 10.6700000762939 10.9899997711182 11.6099996566772 13.0100002288818 13.7299995422311 14.1099996566772 14.3500003814697 14.3699998855591 14.0500001907349 14.75 14.9399995803833 15.3800001144409 15.6000003814697 15.4899997711182
-9999 2.91499996185303 3.47000002861023 4.84000015258789 9.97250008482625 8.14249992370606 7.01999998092651 5.96999979019165 5.90000009536743 5.5 6 4.26999998092651 3.69000005816306 7.28999996185303 9.52999973297119 6.40999984741211 3.04999995231628 1.86000001430511 2.98000001907349 5.84000015258789 2.09999990463257 1.39999997615814 1.41999995417479 5.21000003814697 6.28999996185303 7.51999998092651 7.59999990463257 8.01000022888184 8.42000007629395 8.35000038146973 8.90999984741211 9.30000019073486 9.52999973297119 10.8699998855591 11.710000038147 11.9200000762939 12.7700004577637 13.3199996948242 13.7799997329712 14.2200002670288 14.4499998092651 14.6599998474121 14.8199996948242 14.8000001907348 15 15.2200002670288 15.1199998855591
-9999 3.54749989509582 2.70000004768372 3.75250005722046 7.73250007629395 11.625 6.59749984741211 8.2749994875476 5.02250003814697 7.68249988555908 7.82250022888184 8.08500003814697 4.88000011444092 8.44499969482422 13.539999961853 6.2125001516134 3.68499994277954 4.46000003814697 4.75250005722046 9.10499954223633 8.14999961853027 5.17999982833862 4.76749992370605 7.43249988555908 2.40000011569257 4.34000015258789 6.5 7.69000005722046 8.01000022888184 8.15999984741211 8.22000026702881 8.65999984741211 9.27999973297119 10.5799999237061 10.8699998855591 10.7700004577637 12.4399995803833 13.1199998855591 13.1899995803833 13.6599998474121 13.2600002288821 13.6800003051758 13.4499998092651 13.5 13.6199998855591 14.0200004577637 14.4300003051758
-9999 7.44999980926514 5.60749930666741 2.21250009536743 5.40999984741211 11.1599998474121 8.71500015258789 7.23999977111816 5.2649998664856 8.05999946594238 8.89999962953703 7.71999979019165 6.30499982833862 7.48750019073486 13.147500038147 11.4300003051758 6.54500007629395 5.2024998664856 5.65749977982738 7.69250011444092 9.45250034332276 6.61250019073486 5.88250017166138 6.52750015258789 5.47249984741211 4.01249980926514 8.64999961654991 9.76749992103389 10.1400003433228 10.1925001144029 10.3725004196167 11.2624998092651 11.852499961853 12.2049999237061 12.1274995803833 12.4075002670288 13.4875001907349 14.1999998092651 14.4624996185303 15.0474996566772 12.9300003051785 14.1999998092651 14.9399995803833 14.8800001144408 15.2449998855591 15.7025003433228 15.9025001525879
-9999 6.98000001907349 4.13500022888184 2.77250003814697 5.7649998664856 11.4700003160518 11.5874996185303 10.0749998092651 6.85750007629395 9.09000015258789 10.2600002288818 6.78249979019165 7.06500005722046 10.0550003051758 10.5349998474121 11.6724996566772 10.1824998855591 4.28999996185303 4.56750011444092 6.84499979019165 11.4075002670288 9.70499989868104 6.44999980926514 6.72499990463257 6.14499998092651 6.51749992370606 7.64750003814697 8.63749980926514 8.59000015258789 9.56000041987678 10.3024997711182 11.2399997711182 11.6575002670288 11.9174995422363 12.4324998855591 12.5275001525879 12.7950000762939 14.3074998855591 14.8699998855591 14.8824996948242 14.3975000381473 14.8050003051758 14.4449996948242 14.2749996185303 14.3625001907349 15.8275003433228 16.1124992370605
6.55000019073486 7.53000020980835 2.70499992370605 2.53250002861023 6.94500017166138 11.4650001525879 9.29500007629395 11.9624996185303 10.522500038147 8.99499988555908 8.63249962125903 6.56500005722046 9.03499984741211 7.8474998728008 7.07250022888184 9.46749973297119 10.272500038147 6.51749992370605 5.69999980926514 6.82000017166138 9.8774995803833 10.3225002288818 9.73999977111816 6.99499988555908 8.93249988555908 4.78499984741211 7.75 7.64499998092651 8.22999954223633 9.55499935150146 10.4324998855591 11.0024995803833 11.9200000761961 12.2449998855591 12.727499961853 12.4925003051758 12.6850004196167 14.4499998092651 14.8699998855591 14.9250001907349 15.7600002288817 15.5524997711182 14.75 14.6925001144409 14.6625003814697 15.9750003814697 16.1774997711182
6.94250011444092 7.81750011444092 2.92249989509583 4.72749996185322 8.76500034332275 8.17500019073486 6.19250011444092 8.52250003814697 10.2674999237061 6.85500001907349 8.8774995803833 8.70000018172847 7.62750005722046 8.14249992370605 7.18249988555908 9.60000038146973 9.14500047134721 10.2950000762939 8.40999984741211 6.39750003814697 8.77000045776367 11.0174999237061 10.8024997711182 9.80000019073486 5.32999993103184 6.875 6.1100001335144 5.42999982833862 7.75 10.2475004196167 10.8950004577637 11.6049995422363 12.1975002288205 12.4425001144409 13.2849998474121 13.1274995804133 14.1199998855631 15.0474996566812 15.0375003814697 15.2449998855591 15.8800001144409 16.0275001525879 15.5625 15.5974998474121 15.9525003433228 16.3299999237061 16.4775009155273
6.875 8.02999973297119 3.73499989509583 7.90749979019165 9.15250015258789 7.71250009536743 6.25 5.66750001907349 11.7224998474121 9.58500003814697 11.6750001907349 12.8549995422363 8.30500061633701 12.5474996566772 9.43000030517578 9.59000015258789 8.38500022888184 8.30749988555908 11.0424995422363 10.3424997329712 8.11999988555908 10.0825004577637 8.85249996185303 10.5974998474121 6.3274998664856 6.125 5.55999994277954 5.24499988555908 7.88749980926514 9.84749984741211 10.6350002288818 11.3299999237061 11.9300003051758 12.3125 13.1700000762939 13.4899997711182 14.125 15.1774997711182 15.3225002288818 15.6850004196167 16.0424995422363 16.0650005340576 16.1149997711188 16.1375007629395 16.4950008392334 16.3349990844735 16.5849990844728
