SnowAccumulation_R/test/tmax/final_tmax_29_04_2009.asc
NCOLS 97 
NROWS 69 
XLLCORNER 52512.810182332 
YLLCORNER 5316225.2758522 
CELLSIZE 10000 
NODATA_value -9999 
[rows 21 to 41 of 69, columns 0 to 46 of 97]
-9999 -9999 -9999 -9999 1.75 1.44000005722046 2.42000007629395 3.94000005722046 1.19000005722046 2.25999999046326 2.52999997138977 4.98000001907349 5.61000013351441 5.38999986648559 5.73999977111816 6.44000005722046 7.13000011444092 7.40000009536743 7.44000005722046 7.46000003814697 7.63000011444092 7.53999996185303 7.44000005722046 7.46999979019165 7.67999982579774 7.73000001907349 7.57999992370605 7.44000005722046 7.34000015258789 7.26999998092651 7.32000017166138 7.28999996185303 7.40000009536743 7.42000007629395 7.36999988555908 7.3600001335144 7.3600001335144 7.3600001335144 7.38000011444092 7.34999990463257 7.6100001335144 7.5 7.09999990463263 7.01999998092652 7.26999998092651 7.19999980926514 7.57999992370605
-9999 -9999 -9999 -9999 3.25999999046326 0.100000001490116 2.33999991416931 3.96000003814697 1.63999998569489 0.509999990463257 3.19000005722046 2.98000001907349 5.09999990463257 4.71000003814697 4.84000024093559 5.90000009536743 6.32999992370605 7.09000015258789 7.19999980926514 7.23000001907349 7.17000007629395 7.21000003814697 7.1100001335144 7.26999998092651 7.53999995719176 7.57000017166138 7.40999984741211 7.34999990463257 7.26000022888184 7.11999988555908 7.15000009536743 7.11999988555908 7.26999998092651 7.30000019073486 7.25 7.23999977111816 7.13000011444092 7.19999980926514 7.30000019073486 6.84000015258789 7.17999982833862 7.30000019073486 7.13999986648559 6.96999979019165 6.90999984741211 7.05000019073486 7.51999998092651
-9999 -9999 -9999 1.13999998569489 1.9099999666214 4.34000015258789 2.29999995231628 1.41999995708466 0.0299999993294477 0.509999990463257 1.76999998092651 0.850000023841858 4.1399998664856 5.01999983965234 5.30999994277954 6.19000005722046 6.59000015258789 6.78999996185303 6.90999984741211 6.80999994277954 6.82999992370606 6.96999979019165 6.96000003814697 6.96999979019165 7.07999992370605 6.98000001907349 7.17999982615374 7.26999998092651 7.23000001907349 7.13000011444092 7.11999988555908 7.07000017166138 7.09000015258789 7.23000001907349 7.25 7.23000001907349 7.01000022888184 7.01000022888184 7.19000005722046 7.23999977111816 6.88999986648559 6.94999980926514 7.01999998092651 6.88999986648559 6.84000015258789 7.21000003814697 7.32000017166138
-9999 -9999 -9999 -0.119999997317791 0.639999985694885 1.57000005245209 -0.990000009536743 1.0900000333786 -0.5 -0.939999997615814 0.720000028610229 1.80000000302056 2.95000004768372 6.40000009536743 6.3600001335144 6.25 6.55000019073486 6.76999998092651 6.55999994277954 6.57999992370605 6.59000015258789 6.65999984741211 6.59999990463257 6.71999979019165 6.84000015258789 6.98000001765282 6.94999980926514 7.09999990463257 7.11999988555908 7.1100001335144 7.07999992370605 7.07999992370605 6.96000003814697 7.09999990463257 7.17000007629394 7.17999982833862 7.13000011444092 7.11999988555908 7.21999979019165 7.21000003814697 6.90999984741246 6.84000015258829 6.90000009536764 6.84000015258822 6.88000011444092 7.25 7.57000017166182
-9999 -9999 -9999 -0.479999989271164 0.830000549431289 1.55999994277954 0.550000011920929 0.280000001192093 -2.76999998092651 0.509999990463257 -0.529999971389771 6.17999982833862 6.19999980926514 6.21999979019165 6.23000001907349 6.34999990463257 6.48000001907349 6.48000001907349 6.40000009536743 6.42999982833862 6.51999998092651 6.57000017166138 6.40000009536743 6.23000001907349 6.59000015258789 6.73999977111816 6.86999988555908 6.82999992377218 7.01999998092651 7.13000011444092 7.11999988555908 7.11000013351441 7.09000015258789 7.15000009536743 7.34999990463257 7.36999988555908 7.21999979019165 7.21000003814697 7.23000001907349 7.23999977111816 7.23999977111816 7.17999982833862 7.1399998664856 7.1399998664856 7.32000017166138 7.51000022888184 7.74999999999992
-9999 -9999 -9999 -0.459993777159309 -1.35000002384186 4.19000005722046 -0.25 -1.12000000476837 -0.579999983310699 -1.76999998092651 -0.810000002384186 0.25 5.78999996185303 5.94000005722046 5.84000015258789 5.88000011444092 5.82999992370605 6.30999994277954 6.26000022888184 6.34000015258789 6.15999984741211 6.28000020980835 6.19999980926514 6.05999994277954 6.36999988555908 6.53999996185303 6.8699998841855 6.84000015252253 6.94000005722046 7.19000005722046 7.30000019073486 7.32000017166138 7.34000015258789 7.36999988555908 7.42000007629395 7.46000003814697 7.40000009536743 7.26999998092651 7.26000022888184 7.26000022888184 7.26999998092651 7.36999988555908 7.32999992370605 7.23999977111816 7.48999977111816 7.76000022888184 7.78999996185303
-9999 -9999 -9999 4.3899998664856 3.23000001907349 3.89999871610426 -2.36999988555908 1.45000004768372 -0.529999971389771 -0.00999999977648258 0.519999980926514 0.0299999993294477 0.180000007152557 5.34999990463257 5.3899998664856 5.44000005722046 5.69999980926514 5.82000017166138 5.90999984741211 5.96999979019165 6.07000017166138 6.1100001335144 6.09999990463257 6.19000005722046 6.36999988555908 6.6100001335144 6.78000020980835 6.78000020980835 6.9600000390124 7.15999984747381 7.26000022888184 7.40000009536743 7.46000003814697 7.44999980926514 7.48999977111816 7.55000019073486 7.44000005722046 7.42000007629395 7.40000009536743 7.26000022888184 7.28999996185303 7.28999996185303 7.53999996185303 7.51000022888184 7.53999996185303 7.71999979019165 7.86000013351434
-9999 -9999 -9999 7.42000007629395 1.45000004768372 0.349999994039536 0.819999992847443 -0.699999988079071 0.589999973773956 -0.529999971389771 0.349999994039536 -0.230000004172325 0.5 0.529999971389771 5.32000017166138 4.63000011444092 5.48999977111816 5.73999977111816 5.78000020980835 5.84000015258789 5.94000005722046 5.94000005722046 5.98999977111816 6.07000017166138 6.40999984741211 6.67000007629395 6.75 6.78000020980835 7.11999988596058 7.17999982833862 7.32999992370605 7.51000022888184 7.53999996185303 7.46000003814697 7.46999979019165 7.46999979019165 7.42999982833862 7.46999979019165 7.42999982833862 7.36999988555908 7.40999984741211 7.46999979019165 7.44999980926514 7.76999998092651 7.76000022888184 7.84000015258789 8.02999973297117
-9999 -9999 -9999 7.19999980926514 2.51999998092651 3.51999998092651 2.59999996344752 1.8400000333786 3.69000005722046 0.340000003576279 -1.66999995708466 -0.829999983310699 -1.4099999666214 -0.5 4.40999984741211 4.48000001907349 4.57999992370605 5.30999994277954 5.46999979019165 5.73000001907349 5.75 5.86999988555908 5.90000009536743 5.86999988555908 6.19000005722046 6.46999979019165 6.61999988555908 6.82999992370605 7.26000022888184 7.28000020980835 7.42999982825825 7.63000011448003 7.63999986648559 7.63999986648559 7.57999992370606 7.53000020980835 7.55999994277954 7.53999996185303 7.57000017166138 7.63999986648559 7.46999979019165 7.53000020980835 7.57000017166138 7.75 7.86999988555908 8.15999984741211 8.23999977111817
-9999 -9999 -9999 10.3999973021 5.67000007629395 4.38000011444092 2.41999986865505 0.259999990463257 0.469999998807907 2.20000004768372 -1.27999995819934 0.0199999995529652 1.33000004291534 -1.37000000476837 4.26999998092651 4.32999992370605 4.36999988555908 4.53000020980835 5.32999992370605 5.36999988555908 5.65999984741211 5.61999988555908 5.55000019073486 5.53000020980835 6.03000020980835 6.34000015258789 6.65000009536743 6.82000017166138 7.13000011444092 7.28000020973559 7.38999986642608 7.65999984741211 8.05000019073486 8.03999996185303 7.65999984741211 7.67000007629395 7.78000020980835 7.78000020980835 7.6100001335144 7.6100001335144 7.48000001907349 7.69999980926514 7.84000015258789 8.02000045776367 8.06999969482422 8.39999961853027 8.10999965667725
-9999 -9999 -9999 9.36999988555908 4.32999992370605 6.48000001907349 1.20000004768372 1.65999864492711 -0.740000009536743 3.0699999332428 1.97000002861023 0.379999995231628 0.109999999403954 0.430000007152557 3.82999992370605 4.1100001335144 4.23000001907349 4.44999980926514 4.76999998092651 5.26999998092651 5.40999984741211 5.53999996185303 5.51999998092651 5.55999994277954 5.88000011444092 6.17999982833862 6.59000015258789 6.73999977111816 7.23000001907349 7.26999998092651 7.34000015258789 7.42000007629395 8.02000045739738 7.94999980913084 7.82000017166138 7.78000020980835 7.78999996185303 7.82000017166138 7.84999990463257 7.84000015258789 7.73999977111816 7.96999979019165 8.17000007629395 8.1899995803833 8.34000015258789 8.63000011444092 8.67000007629395
-9999 -9999 -9999 4.84999990463257 8.15999990696697 4.07000017166138 5.21000003814697 0.579999983310699 1.6699995798588 0.469999998807907 1.69000005722046 2.69000005722046 2.20000004768372 3 3.71000003814697 3.67000007629395 3.79999995231628 4.23999977111816 4.69999980926514 5.21999979019165 5.36999988555908 5.38000011444092 5.51000022888184 5.67000007629395 5.84999990463257 6.05999994277954 6.40999984741211 6.73999977111816 7.23000001907349 7.25 7.32999992370605 7.42000007624375 7.55999994260692 7.67000007629395 7.57000017166138 7.76000022888184 7.84000015258789 7.92000007629395 7.98000001907349 7.94999980926514 7.86000013351441 8.27999973297119 8.23999977111816 8.26000022888184 8.46000003814697 8.57999992370605 8.81999969482422
-9999 -9999 -9999 5.63000011444092 7.78000020980835 9.47000026702881 4.3600001335144 5.32000017166138 1.92999994754791 0.760000969462846 -0.0799999982118607 1.95000004768372 1.50999999046326 1.62000000476837 3.39000010490417 3.46000003814697 3.71000003814697 3.80999994277954 4.30000019073486 5.1399998664856 5.15000009536743 5.21000003814697 5.46999979019165 5.73999977111816 5.86999988555908 5.94000005722046 6.42999982833862 6.57000017166138 6.92999982833862 7.15000009536743 7.23000001907349 7.46000003814697 7.42000007629395 7.17000007629394 7.13000011444092 7.63000011444825 7.86999988556355 7.98000001907349 8.09000015258789 8.22000026702881 8.13000011444092 8.35000038146973 8.31999969482422 8.47999954223633 8.5 8.75 8.85000038146973
-9999 -9999 -9999 2.59999990463257 5.17999982833862 8.18000030517578 8.60999965667725 2.08999991416931 4.46000003814697 1.62000000476837 0.550000603442775 -0.300000011920929 0.159999996423721 0.889999985694885 2.85999989509583 2.99000000953674 3.86999988555908 3.66000008583069 3.8199999332428 4.3899998664856 5.1399998664856 5.28000020980835 5.42000007629395 5.67000007629395 5.76999998092651 5.92999982833862 6.51000022888184 6.59999990463257 6.67000007629395 6.94000005722046 7.07000017166138 7.51000022888184 7.5 7.48000001907349 7.65000009536743 8.02999973297119 8.22999954223633 8.27000045776367 8.39000034332275 8.55000019073423 8.44999980926516 8.46000003814695 8.52000045776409 8.50000000000037 8.72999954223628 8.74999999999998 8.80000019073486
-9999 -9999 2.1800000667572 3.25 -1.07000005245209 6.6399998664856 8.73999977111816 5.92000007629395 3 6.48000001907349 0.839999973773956 -0.649999775267376 -1.14999997615814 0.189999997615814 2.02999997138977 0.270000010728836 2.79999995231628 3.3199999332428 3.61999988555908 3.90000009536743 5.21000003814697 5.19000005722046 5.26999998092651 5.36999988555908 5.78000020980835 5.80999994277954 6.28999996185303 6.55999994277954 6.69999980926514 6.96999979019165 7.25 7.38999986648559 7.59000015258789 7.65999984741211 7.90000009536743 8.26000022888184 8.69999980926514 8.36999988555908 8.39000034332289 8.46000003814683 8.46000003814711 8.44999980926514 8.69999980926514 8.65999984741211 8.71000003814697 8.73999977111816 8.77999973297119
-9999 -9999 -0.00999999977648258 -0.930000007152557 2.0699999332428 0.0599999986588955 3.90000009536743 7.98999977111816 4.21999979019165 2.08000018681897 1.03999996185303 1.24000000953674 -0.889999985694885 -0.259999990463257 1.83000004291534 1.32000005245209 2.25 2.8199999332428 3.10999989509583 3.35999989509583 4.94999980926514 5.13000011444092 5.23000001907349 5.32000017166138 5.82999992255103 5.8499999045921 6.26999998092651 6.5 6.82000017166138 6.98999977111816 7.32999992370605 7.34999990463257 7.38000011444092 7.57999992370606 7.98000001907349 8.14999961853027 8.30000019073486 8.4399995803833 8.4399995803833 8.44999980926514 8.52999973297119 8.52999973297119 8.78999996185303 8.71000003814697 8.59000015258789 8.59000015258789 8.77000045776367
-9999 -9999 1.86000001430511 3.42000007629395 1.99000000953674 0.419999986886978 0.990000347430815 7.57999992370605 7.94000005722046 2.19000005722046 4.65999984741211 2.98000001907349 0.0199999995529652 -0.280000001192093 2.27999997138977 2.25999999046326 2.44000005722046 2.75999999046326 3.00999999046326 3.24000000953674 4.42999982833862 5.01000022888184 5.19000005722046 5.34999990463257 5.82999992370605 5.82000017166138 6.19000005722046 6.21999979019165 6.61999988555908 6.86999988555908 7 7.23999977111816 7.32999992370605 7.59999990463257 7.84999990463257 8.03999996185303 8.30000019073487 8.44999980926514 8.47999954223633 8.52000045776367 8.56999969482422 8.55000019073486 8.75 8.6899995803833 8.47000026702881 8.57999992370605 8.71000003814697
-9999 -9999 2.58999991416931 4.25 3.27999997138977 -1.22000002861023 1.5 4.15000009536743 8.92000007629394 2.57999992370606 2.34999990463257 1.49000000953674 2.19000005722046 -1.59000002489021 -1.89999997615814 2.39000010490417 2.42000007629395 2.51999998092651 3.01999998092651 3.34999990463257 4.01000022888184 4.46000003814697 5.19000005722046 5.3600001335144 5.40999984741211 5.92999982833862 6.09999990463257 5.94999980926514 6.19000005722046 6.67999982833862 6.92000007629395 7.1100001335144 7.21999979019165 7.53999996185303 7.8600001335144 7.96000003814697 8.3100004196167 8.4399995803833 8.60000038146973 8.60000038146973 8.57999992370605 8.76000022888184 8.77999973297119 8.85000038146973 8.85000038146973 8.8100004196167 8.93000030517578
-9999 -9999 8.66000154627603 4.76999998092651 0.25 1.8400000333786 2.03999996185303 3.3199999332428 8.6899995803833 5 1.50000007498677 5.57999992370605 3.01999998092651 0.709999978542328 0.209999993443489 2.20000004768372 2.28999996185303 2.32999992370605 2.51999998092651 2.79999995231628 3.57999992370605 3.54999995231628 4.23000001907349 4.67000007629395 4.78000020980835 5.13000011444092 5.59999990463257 6.07999992370606 6.23000001907349 6.67999982833862 6.98999977111816 7.01000022888184 7.30000019073486 7.67000007629395 7.84000015258789 8.25 8.42000007629395 8.6899995803833 8.88000011444092 8.84000015258789 8.77999973297119 8.77999973297119 9.07999992370605 9.02999973297119 9 9.03999996185303 9.07999992370605
-9999 -9999 12.2600002288818 -0.669997809972604 -1.80999967253017 -0.46000000834465 -1.71000003814697 3.46000003814697 3.78999996185303 8.84000015258789 0.430000007152557 4.46000003814697 1.69000005722046 -0.230000004172325 -1.66999995708466 -2.92000007629395 0.140000000596046 2.45000004768372 2.52999997138977 2.75999999046326 2.88000011444092 2.45000004768372 4.71999978653103 5.05000018969813 4.76000022888184 5.05999994187117 5.05999994694618 5.88000011444092 6.46000003814697 6.76000022888184 6.96000003814697 7.03000020980835 7.26999998092651 7.65000009536743 8.17000007629395 8.30000019073486 8.43000030517578 8.72000026702881 8.96000003814697 8.86999988555908 8.89999961853028 8.96000003814697 9.13000011444092 9.11999988555908 9.14000034332275 9.18000030517578 9.0600004196167
-9999 -9999 12.4399995803833 1.60000002384186 0.829999868700681 -0.239999994635582 2.25999999046326 -0.889999985694885 0.930000007152557 7.65999984741211 0.730000019073486 1.5900000333786 2.73000001907349 -0.189999997615814 -0.720000028610229 -1.75 -0.219999998807907 -0.409999996423721 2.66000008583069 3.01999998092651 3.07999992326398 3.66000008329334 4.32999992370605 4.46999979019165 4.44999980926514 5.28999996185303 5.55000019031312 5.84000015258789 5.92999982833862 6.69999980926514 6.94999980926514 7.01999998092651 7.21000003814697 7.65000009536743 8.15999984741211 8.27999973297119 8.40999984741211 8.71000003814697 8.92000007629395 8.96000003814697 8.9399995803833 9.07999992370605 9.22999954223633 9.22999954223633 9.21000003814697 9.10999965667725 9.11999988555908
