SnowAccumulation_R/test/tmax/final_tmax_13_04_2009.asc
NCOLS 97 
NROWS 69 
XLLCORNER 52512.810182332 
YLLCORNER 5316225.2758522 
CELLSIZE 10000 
NODATA_value -9999 
[rows 0 to 20 of 69, columns 47 to 93 of 97]
-9999 -9999 -9999 -9999 -9999 -9999 -9999 -9999 -9999 -9999 -9999 -9999 -9999 -9999 -9999 -9999 -9999 -9999 -9999 -9999 -9999 -9999 -9999 -9999 -9999 -9999 -9999 -9999 -9999 -9999 -9999 -9999 -9999 -9999 -9999 -9999 -9999 -9999 9.89999961853028 9.82999992370605 9.76000022888184 9.76000022888184 9.72000026702881 9.60999965667725 -9999 -9999 -9999
-9999 -9999 -9999 -9999 -9999 -9999 -9999 -9999 -9999 -9999 -9999 -9999 -9999 -9999 -9999 -9999 -9999 -9999 -9999 -9999 -9999 -9999 -9999 -9999 12.0900001525879 11.8599996566772 11.4799995422363 11.3699998855591 11.7799997329712 12.0600004196167 12.0100002288818 11.6899995803833 11.4700002670288 11.1499996185303 10.8199996948242 10.3100005501968 10.0900001525879 10.3599993118978 10.289999961853 10.1899995803833 10.1700000762939 10.0900001525879 10.0900001525879 9.97999954223633 -9999 -9999 -9999
12.0699996948242 12.1999998092651 12.3800001144409 12.2799997329712 12.25 12.3000001907349 12.3100004196167 12.2700004577637 12.4700002670288 12.5299997329712 12.5799999237061 12.4899997711182 12.3800001143533 12.0600004196167 12 12.0799999237061 12.0600004196167 12.039999961853 12.0100002288013 11.8900003433228 11.960000038147 12.039999961853 12.1400003601273 12.4899997708546 12.4799995422363 12.3199996948242 11.8500003814697 11.4200000762939 11.6700000762939 12.1000003814697 12.1999998092651 11.9399995803833 11.7299995422363 11.4300003051758 11.1800003386678 11.039999961853 10.5900006335264 10.8199996948242 10.7299995422363 10.5100002288818 10.5 10.460000038147 10.3400001525879 10.25 -9999 -9999 -9999
12.789999961853 12.8100004196167 12.9399995803833 12.75 12.6700000762939 12.6400003433228 12.6499996185322 12.6800003051758 12.6099996566772 12.9099998474121 12.960000038147 12.8400001525879 12.6400003433228 12.2200002670288 11.9499998092651 12.3599996566772 12.4300003051758 12.3999996185303 12.3299999237061 12.2200002670288 12.1400003433228 12.3299999337193 12.5900001525879 12.6800003051758 12.7399997711182 12.75 12.3199996948242 11.7799997329712 12.0200004438659 12.3199996948242 12.4700002670288 12.1300001144409 11.9099998474121 11.6199998855591 11.5299997329712 11.3100005738726 11.2600002288818 11.1300001144409 11.0100002288818 10.960000038147 10.8299999237061 10.789999961853 10.5600004196167 10.4499998092651 -9999 -9999 -9999
13.4200000762939 13.4700002670288 13.3599996566772 13.3000001907349 13.0299997329712 12.8900003433228 12.9200000762975 13.1000003814697 13.0600004196167 13.1400003433228 13.2200002670288 13.1899995803833 13.0200004577637 12.8000001907349 12.6700000762939 12.7399997711182 12.7700004577637 12.770000457732 12.75 12.5900001525879 12.7700004577637 12.7200002670288 12.9999999999013 13 13.039999961853 13.0299997329712 12.8299999237061 12.3100004196167 12.1499996185303 12.4499998092651 12.5200004577637 12.2799997329712 12.1099996566772 11.9300003051758 11.4899999651763 11.5299997329712 11.460000038147 11.3500003814697 11.2500000443087 11.2600002288818 11.1499996185303 11 11.0100002288818 10.859999764681 -9999 -9999 -9999
13.8699998855591 14.0100002288818 14.0600004196167 13.9700002670288 13.6000003814697 13.3100004196167 13.1599998474121 13.3400001525879 13.539999961853 13.7399997711182 13.8800001144409 13.8100004196092 13.6599998474121 13.4700002670288 13.3100004196167 12.8999996185303 12.9899997711182 13.1099996566772 13.1599998581493 13.3400001525879 13.1300001144409 12.9899997711182 13.0799999237061 13.3299999237061 13.289999961853 13.2200002670288 13.2200002670288 13.1000003814697 12.7600002288818 12.6599998474121 12.6700000762939 12.4700002670288 12.2500000051893 12.1499996185303 12.0600004196167 11.8100004196167 11.6599998474121 11.5900001525879 11.5600004196167 11.5699996948242 11.4499998092651 11.3100004196167 11.3000000839237 11.3299999237061 -9999 -9999 -9999
14.2299995422364 14.5 14.4700002670288 14.3900003433228 14.0600004196167 13.7200002670288 13.6400003433228 13.6599998474121 14.1800003051758 14.4399995803833 14.4499998092651 14.4300003051946 14.210000038147 14.1000003814697 13.6599998474121 13.2600002288818 13.30000019797 13.4700002670288 13.7700004577637 13.6899995803833 13.5600004196167 13.2600002288818 13.1300001144409 13.5900001525879 13.5799999237061 13.4899997711182 13.3999996185303 13.3900003433228 13.2200002670288 13.0200004577637 12.8400001525879 12.5600004196167 12.4499998092651 12.5100002288818 12.2799997329712 12.1499996185303 11.9700002670288 11.9899997711182 11.8900003433228 11.8599996566772 11.7700004577637 11.6199998855591 11.5500001907349 11.5799999237061 -9999 -9999 -9999
14.7299995422364 14.8900003433228 14.7799997329712 14.6599998474121 14.1800003051758 13.6899995803833 13.6000003814697 14.0600004196167 14.8000001907349 15.3100004196167 15.2299995422363 15.1599998474121 14.710000038147 14.5600004196167 14.140000347263 14.4499998092651 14.289999961853 13.9700002670288 13.8299999237061 14.0299997329712 13.8699998855591 13.7200002669087 13.3999996185303 13.8500003814697 13.9099998474121 13.7600002288818 13.6899995803833 13.5500001907349 13.5100002288818 13.1899995803833 13.0500001907349 12.9499998092651 12.8599996566772 12.6199998855591 12.460000038147 12.3900003433228 12.3400001525879 12.3199996948242 12.210000038147 12.0900001525879 12.039999961853 11.9499998092651 11.8699998855591 11.9700002670288 -9999 -9999 -9999
15.1199998855591 15.2600002288818 15.289999961853 15.0299997329712 14.5 13.5799999237061 13.2700004577637 14.3299999237061 15.1300001144409 16.2299995422363 15.8999996185303 15.8199996948242 15.4399995816921 15.6599998474121 15.2200002670288 14.8400001525879 14.6999998092651 14.3699998855591 14.2600002288818 14.2200002670288 14.1400003433228 14.0799999237061 13.8299999237061 14.039999961853 14.1499996185303 14.0900001533504 13.9899997711182 13.7799997329712 13.6400003433228 13.4700002670288 13.3500003864373 13.4300003051758 13.0100002288818 12.7799997329712 12.710000038147 12.6700000800294 12.6400003433228 12.6000003814697 12.460000038147 12.4200000762939 12.3900003433228 12.3699998855591 12.1800004847439 12.1000003814697 -9999 -9999 -9999
15.3199996948242 15.6599998474121 15.6499996185303 15.5799999237061 15.0100002288818 14.5900001525794 14 14.6899995803833 15.6999998092651 16.3999996185303 16.3700008397659 16.7000007629395 16.5200004577637 16.25 15.6499996185303 15.3900003431548 15.1099996566772 14.9700002670288 14.5500001907349 14.2399997711182 14.3299999237812 14.4300003051758 14.210000038147 14.3199996948242 14.3100004196167 14.3900003433228 14.3699998855591 14.1899995803833 13.960000038147 13.7200002670288 13.9099998474121 13.6300001144409 13.2799997329712 13.0100002288818 12.9700002670288 12.9300003051758 12.8500003814697 12.9499998092651 12.789999961853 12.7799997924567 12.710000038147 12.4700005313621 12.3699998855591 12.2299995422363 12.0699996948242 -9999 -9999
15.3900003433228 15.8800001144409 16.0100002288818 16.0900001525879 15.6499996185303 15.3400001525832 14.9600000382699 15.2500000001526 16.2199993133545 16.8400001525879 16.9899997711655 17.1000003814697 16.9899997711182 16.7700004577637 16.5900001525879 16.1399993896484 15.6099996566772 15.4300003051758 14.8800001144409 14.4899997711182 14.4499998092651 14.3000001907349 14.4799995422363 14.6700000762939 14.6099996565575 14.6300001144409 14.6400003433228 14.5 14.2600002288818 14.2600002364389 14.1099996566772 13.8900003433228 13.539999961853 13.3800001144409 13.3299999237061 13.1300001144409 13.210000038147 13.1400003433228 13.1499996185303 13.0699996948242 12.8800001144409 12.8000001907349 12.4399995803833 12.3100004196167 12.039999961853 -9999 -9999
15.5200004577644 15.8800001144418 16.1399993896497 16.32999992371 16.4699993133545 16.3400001525879 16.3400001525879 16.3099994659424 16.6100006103516 17.0799999237061 17.2099990844727 17.4599990844727 17.3199996948242 17.2000007629395 17.1299991607666 16.9699993133545 16.2700004577637 15.9799995422363 15.4300003051758 14.9700002670288 14.7799997329712 14.4399995803833 14.5799999237061 14.75 14.9799995422363 15 14.8699998855591 14.8000001907349 14.8599996566772 14.6999998092651 14.3400001525879 14.1099996566772 13.8699998855591 13.6700001075705 13.6599998474121 13.3800001144409 13.3699998855591 13.3299999237061 13.289999961853 13.3000001907349 13.3299999237061 12.8999996185303 12.390000824818 12.1999998092651 11.8500003814697 -9999 -9999
15.8800001144411 16.2800006866455 16.6399993896484 16.7199993133545 16.8299999237061 16.7399997711182 16.8999996185303 17.0100002288818 17.0599994659424 17.3600006103516 17.4500007629395 17.5499992370605 17.6800003051758 17.6200008392334 17.6100006102458 17.4400005340576 17.0100002288818 16.6200008392334 16.2000007629394 15.9999999992523 15.4200000762939 15.0200004577637 14.8000001907349 14.8100004196167 15.2399997711182 15.3599996566772 15.159999913877 15.4200000762939 15.3500003814697 14.9899997711182 14.6700000762939 14.3900003433228 14.2799997329712 14.039999961853 13.7399997711182 13.5100002288818 13.4399995803833 13.4700002321614 13.4799995422363 13.5100004674309 13.5200004577637 12.9200000762939 12.6000003814697 12.0299997329712 11.5799999237061 -9999 -9999
15.8699998855591 16.5 16.8099994659424 17 17.1599998474121 17.2399997711182 17 17.0499992370605 17.5699996948242 17.6499996185303 17.7299995422363 17.8299999237061 17.9400005340576 18.0200004577637 18.0200004576669 17.8600006103516 17.6399993896484 17.3400001525879 16.9300003051758 16.7099990844727 16.1200008392334 15.6700000762939 15.4099998474121 15.460000038147 15.7399997711182 15.8199997545202 16.0100002288818 15.8400001525879 15.5900001525879 15.3100004196167 15.039999961853 14.789999961853 14.6499996185303 14.1999998092651 13.7799997329712 13.4499998092651 13.6300001144409 13.6800003051758 13.6000003814697 13.6700000762939 13.539999961853 13.2600002288818 12.4200000762939 11.8199996948242 11.2299995422363 -9999 -9999
16.2299995422363 16.4599990844727 17.0499992370605 17.3899993896484 17.5499992370605 17.4699993133545 17.3400001525879 17.2600002288818 17.6299991607666 17.5200004577707 17.7600002288818 18.1700000762939 18.2800006866455 18.2800006866455 18.2000007629395 18.2999992370605 18.0100002288818 17.6700000762939 17.5699996945263 17.1399993896484 16.6100006103516 16.2199993133545 16.0599994659424 16.1299991607666 16.389999450609 16.7199993133545 16.5499992370605 16.3500003814697 15.9099998474121 15.710000038147 15.5 14.9799995422363 14.7399997711182 14.460000038147 13.9700002670288 13.7600002288818 13.6199998855591 13.7299995422363 13.25 13.3599996566772 13.109999833333 12.8699998855591 12.1400003433228 11.5500001907349 10.869999885562 -9999 -9999
16.5100002288818 16.8099994659424 17.1599998474121 17.4799995422363 17.6900005340576 17.7099990844727 17.8299999237061 17.6499996185303 17.6399993896484 17.7600002288818 18.0100002288818 18.2099990844727 18.2099990844727 18.2600002288818 18.4899997711182 18.7199993133545 18.3899993896484 18.1000003814697 17.9300003051758 17.6299991607666 17.3099994659424 16.9400005340576 16.7900009155273 17.5799999237061 17.0900001525879 17.25 16.8999996185303 16.6499996185303 16.3899993896484 16.1800003051758 15.8699998855591 15.6499996185303 15.1599998474121 14.6199998855591 14.2200002670288 13.6599999398139 13.6499996185303 13.4399995803833 13.1899995803833 13.039999961853 12.9099998474121 12.5699996948242 11.9200000762939 11.3599996566772 10.9799995422363 -9999 -9999
16.7299995422363 17.1000003814697 17.3999996185303 17.6700000762939 17.8400001525891 18.0200004577637 18.2000007629395 18.0200004577637 17.8700008392334 17.8799991607666 18.0100002288818 18.1900005340576 18.2700004577637 18.2800006866232 18.4500007629394 18.8199996948242 18.8999996185303 18.3999996185303 18.2700004577637 18.1499996185303 17.8899993896484 17.600000406577 18.0300006866455 17.9899997711182 17.7700004577637 17.7999992370605 17.2999992388938 17.1399993896484 16.8500003814697 16.6299991607666 16.3199996948242 16.0599994659424 15.5200004577637 14.9200000762939 14.3999996185303 14.0799999237061 13.8000001907349 13.4700002670288 13.2200002670288 13.0699996948242 12.6999998092651 12.3699998855591 11.8100004196167 11.5 10.9499998092651 -9999 -9999
17 17.25 17.5400009155273 17.9200000762939 18.1000003814712 18.1900005340576 18.3600006103516 18.4099998474121 18.3400001525879 18.1900005340576 18.0699996948242 18.1700000762939 18.2900009155273 18.2999992370605 18.3099994659424 18.5400009155273 18.6100006103516 18.8700008393487 18.7399997711182 18.3600006103516 18.3500003912883 18.6200008392334 18.5599994659424 18.3600006103516 18.2099990844727 18.1800003051758 17.9599990844727 17.6399993896484 17.3500003814697 17.1399993896484 16.9500007629395 16.4300003051758 15.7399997711182 15.1099996566772 14.6200001211619 14.3400002818978 13.789999961853 13.4799995422363 13.1999998983385 13.0299997329712 12.6000003814697 12.289999961853 11.8400005854543 11.5699996948242 11.1099996566772 -9999 -9999
17.3099994659424 17.4400005340576 17.7000007629395 17.9799995422363 18.1800003051777 18.4599990844727 18.4899997711182 18.4699993133545 18.7000007629395 18.5100002288818 18.25 18.1000003814697 18.2700004577637 18.2800006866455 18.2099990844727 18.2099990844727 18.1399993896484 18.2199993133545 19.0100002125267 18.9699993133545 19.1200008392334 19.0699996946192 19.0200004577637 18.9699993133545 18.7600002288818 18.5599994669543 18.4400005340576 18.1599998474121 17.8899993896484 17.6299991607666 17.3700008392334 16.6299991607666 16.0400009155273 15.4499998092651 15.1400004993161 14.710000038147 14.0900001525879 13.6300001144409 13.3800001144409 12.9499998092651 12.5799999237061 12.3100004196167 12.1099996566772 11.7399997711182 11.4200000762939 -9999 -9999
17.5200004577637 17.7999992370606 17.9400005340576 18.3299999237061 18.4699993133545 18.7900009155273 18.5599994659424 18.5900001525879 18.6499996185382 18.5599994659424 18.5 18.3500003814697 18.3400001525879 18.3400001525879 18.1399993896484 18.2700004577637 18.0900001564626 18.4300003051758 18.2999992370605 18.5 19.1499996185303 19.3999996185303 19.5100002288818 19.5300006866455 19.3999996185303 19.2199993133545 18.9400005340576 18.7399997711182 18.5200004577637 18.3600006103516 17.7199993133545 17.0300006866455 16.5 16.0900002716135 15.710000038147 15.0699996948242 14.4399995803833 14.1999998092651 13.539999961853 13.0299997329712 12.6300001144409 12.4899997711182 12.2399997711182 12.039999961853 11.8200011227622 12.2399997711182 -9999
17.75 18.0799999237061 18.1800003051758 18.5499992370605 18.7700004577637 19.0200004577637 18.7199993133545 18.6900005340576 18.6299991607553 18.5300006866455 18.6700000762939 18.5 18.4300003052033 18.5100002288818 18.500000000885 18.6399993896484 18.7600002288818 18.7099990844727 18.5799999237061 18.6000003814697 19.4099998474121 19.5699996948242 19.7600002288818 19.8600006103516 19.8299999237061 19.6900005340576 19.4799995422363 19.3600006103516 19.1000003814697 18.6900005340576 18.1000003814697 17.2999992370605 16.6700002649155 16.5900001525879 16.0599994659424 15.5100002288818 14.789999961853 14.5299997329712 13.8100004196167 13.1999998092651 12.7600002288818 12.6499996185303 12.5 12.4099998474121 12.8800001600329 12.8400001525879 -9999
