SnowAccumulation_R/test/tmax/final_tmax_09_04_2009.asc
NCOLS 97 
NROWS 69 
XLLCORNER 52512.810182332 
YLLCORNER 5316225.2758522 
CELLSIZE 10000 
NODATA_value -9999 
[rows 42 to 62 of 69, columns 47 to 93 of 97]
16.3199996948242 16.0699996948242 15.7600002288818 15.3699998855591 14.9700002670288 14.460000038147 14.3400001525879 14.289999961853 14.2200002670288 14.25 13.8800001144409 13.6099996566772 13.460000038147 13.289999961853 13.0200004577637 12.9300003051472 12.710000038147 12.5200004577637 12.3000001925233 12.1999998092651 11.6700000762939 11.6700000587668 11.210000038147 11.1700000762939 10.6999998092651 10.6400003433228 10.5699996948242 10.4099998474121 10.3699998855591 10.25 9.77000045776367 9.57999992370605 9.40999984741211 9.02999973297119 8.82999992370605 9.22999954223633 9.35999965667725 8.97000026702881 8.52000045776367 7.96999979019165 7.67000007629395 7.07000017166138 6.57000017166138 6.59000015258789 6.65000009536743 6.71999979019165 6.71999979019165
16.3999996185303 16.0599994659424 15.8199996948242 15.0900001525879 14.4700002670288 14.6099996566772 14.4399995803833 14.1800003051758 13.9700002670288 13.9300003051758 13.75 13.4700002670288 13.3400001525879 13.1000003814697 12.8699998855591 12.6899995803833 12.6400003433228 12.3299999237061 12.2600002284157 11.8100004093964 11.1999998092651 10.9399995801917 10.8699998855591 10.6800003051758 10.7600002288818 10.6800003051758 10.5200004577637 10.3299999237061 10.2299995422363 10.1800003051758 9.93000030517578 9.72999954223633 9.52000045776367 9.27000045776367 9.11999988555908 8.57999992370605 8.6899995803833 8.47000026702881 8.38000011444092 7.96000003814697 7.71999979019165 7.21999979019165 6.78999996185303 6.71999979019165 6.69999980926514 6.71000003814697 6.71999979019165
16.4099998474121 16.1900005340576 15.4799995422363 14.8100004196167 14.5600004196167 14.5500001907349 14.4700002670288 14.2600002288818 14.0500001907349 13.9399995803833 13.6300001144409 13.289999961853 13.1400003433228 12.8599996566772 12.539999961853 12.3999996185303 12.3699998855591 12.039999961853 11.8299999151377 11.2700004577637 10.7299995422363 10.5799999237061 10.3800001144409 10.6400003433228 10.6199998855591 10.6499996185303 10.6599998474121 10.5699996944328 10.210000038147 10.0900001525879 10.0299997329712 9.90999984741211 9.69999980926514 9.57999992370605 9.34000015258789 8.90999982660674 8.27999977654381 8 8.15999984741211 7.9000000798158 7.76000022888184 7.36999988555908 7.04000009161622 6.92000007629395 6.82000017166138 6.77000001234498 6.76000041999154
16.6299991607666 16.2099990844727 15.6300001144409 14.9899997711182 14.6199998855591 14.7200002670288 14.5100002288818 14.2200002670288 13.8800001144409 13.6400003433228 13.4399995803833 13.0500001907349 12.8699998855591 12.5600004196167 12.2799997329712 12.1400003409237 11.8199996888461 11.3199996948242 11.3100004196167 10.9300003051758 10.5699996948242 10.4499998092651 10.4200000762939 10.3000001907349 10.3199996948242 10.1999998092651 10.6000003814697 10.5600004196167 10.3699998855591 10.1700000762939 10.0699996948242 9.64999961853027 9.53999996185303 9.53999996185303 9.15999985997235 8.84000015258789 8.55000019073487 8.10999965667724 7.65000009536743 7.34000015258789 7.67000007629395 7.36999988555908 7.25 7.09999990463257 6.96000003814697 6.90999984741211 6.92999982833862
16.7600002288818 16.1499996185303 15.6700000762939 15.3500003814697 14.6199998855591 14.8400001525796 14.2399997711182 13.960000038147 13.6999998092651 13.4099998474121 13.1000003814697 12.8500003814697 12.7200002670288 12.1000003804893 11.0699996948242 11 11.1199998855591 11.0699996948242 10.9700002670288 10.6899995803833 10.4799995422363 10.4300003051758 10.5200004577637 10.8199996948242 10.75 10.5100002288818 10.5500001907349 10.4399995803833 10.2799997329712 10.1000003814697 9.97999954223633 9.51000022888184 9.47999954223633 9.34000015258789 9.01000022888184 8.93000030517578 8.6899995803833 8.03999996185303 7.65999984741211 7.63000011444092 7.40999984741211 7.44000005722046 7.26000022888184 7.11000013351441 7.09000016464569 7.1100001335144 7.01000022888184
16.2299995422363 16.0100002288818 15.7700004577637 14.9700002670288 14.4200000762939 14.5500001907222 13.7700004577637 13.6700000762939 13.6300001144064 13.1700000762939 12.8500003808131 12.739999770114 11.4099998474121 10.5100002288818 10.5799999240664 11.0100002288818 10.7700004577637 10.6199998855591 10.6000003814697 10.4200000762939 10.6199998855591 10.6400003433228 10.75 10.8999996185303 10.7799997329712 10.6199998855591 10.2700004577637 10.1300001144409 10.1599998474121 10.0699996950369 9.9399995803833 9.59000015258789 9.46000003814697 9.23999977111817 9.03999996185303 8.96000003814697 8.69999980926514 8.39000034332275 8.18000030517578 7.73999977111816 7.3899998664856 7.26000022888184 7.30999994277954 7.13000011444092 7.08000002530186 7.03999996185303 6.98000001907349
15.9399995803833 15.8100004196167 15.6199998855591 14.5600004196167 14.0900001525879 13.7399997711083 13.1599998474121 13.1999998091496 13.220000266715 11.3900003433228 10.4300003051758 10.5399999617559 10.0500001907349 10.0600004196167 10.2100000385739 10.9399995803833 10.6599998474121 10.5399999616846 10.6499996185303 10.6300001144409 10.7500000006126 10.9200000762939 10.8599996566772 10.8500003807082 10.6099996566772 10.3800001144409 10.210000038147 10.0699996948242 10 10.039999961853 9.80000019073486 9.46000003814697 9.36999988555908 9.22000026702881 9.0600004196167 9.10999965667725 8.73999977111816 8.44999980926514 8.3100004196167 7.88000011444092 7.53000020980835 7.3899998664856 6.98000001907349 7.23999973595937 7.19999980926514 7.01999998092651 6.9400000572206
15.6599998474121 15.5799999237061 14.3800001144409 14 13.4799995422363 10.8599996566772 11.210000038147 11.1999998092651 10.2700004577637 9.48999977111817 9.19999980926514 9.35000038146973 9.48999977111816 9.64000034332275 9.86999988555909 10.8199996948242 10.4499998092651 10.5 10.5799999237061 10.7799997329712 10.6400003433228 10.8100004196167 10.75 10.6300001144409 10.5500001907349 10.4099998474121 10.2799997329712 10.210000038147 10.0699996948242 10.0100002193265 9.63000011444092 9.39999961853027 9.23999977111816 9.18000030517578 9.13000011444092 9.13000011444092 8.76000022888183 8.2600002764324 8.10999965667725 8.05000019073486 7.71000010320783 7.51999998092651 7.26000022888184 7.28000020980835 7.21999979019165 7.17000007629394 7.03999996185303
15.0699996948242 15 14.3900003433228 13.710000038147 12.9799995422363 9.98999977111816 9.86999988555908 9.85000038146973 9.10999965667725 9.56999969482422 9.31999969482422 9.38000011444092 9.39999961853027 9.52000045776367 10.3100004196167 10.6000003814697 10.25 10.1400003433228 10.3000001907349 10.5299997329712 10.5699996948242 10.1999998092651 10.4899997711182 10.3800001144409 10.4499998092651 10.4200000762939 10.4300003051758 10.1499996185303 10.0799999143607 9.85999965667724 9.63000011444092 9.34000015431601 9.19999980926513 9.0600004196167 9 8.9399995803833 8.81999969482422 8.47999954223633 8.30000019073486 8.19999980926514 8 7.69999980926514 7.44000005722046 7.36999988555908 7.26000022888184 7.26000022888184 7.19999980926514
14.6099996566772 14.6499996185303 14.0900001525879 10.6199998855591 9.98999977111816 9.64999961853027 10.0600004196167 10.3599996566772 9.97000026702881 10.0299997329712 9.9399995803833 9.42000007629395 9.55000019073486 10.3400001525879 10.3999996185303 10.1999998092651 9.77999973297119 9.92000007629395 9.97000026702881 10.3800001144409 10.2299995422363 9.76000022888184 10.0600004196167 10.3299999237061 10.3100004196167 10.3299999237061 10.25 9.94999982314248 10.0600004190105 9.72999954223633 9.40999984741211 9.43000030517578 9.1899995803833 9.03999996185303 8.89000034332275 8.96000003814697 9.01000022888184 8.86999988555908 8.53999996185303 8.47999954223633 8.30000019073486 8.05000019073486 7.67999993550622 7.55000019073486 7.30999994277954 7.19000005722046 7.07999992370605
14.1199998855591 11.3800001144409 11.4499998092651 11.2700004577637 10.9499998092651 10.6199998855591 10.6899995803833 10.789999961853 10.6800003051758 10.4099998474121 10.1999998092651 10.0699996948242 9.65999984741211 10.3299999237061 10.460000038147 10.0299997329712 9.73999977111816 10.0100002288818 10.1199998855591 10.1099996566772 10.0500001907349 10.1000003814697 9.98999977032374 10.0100002288818 10.1099996566772 10.1099996566772 9.86999988555908 9.98999977111817 9.89999961853027 9.55000019073486 9.07999992370605 9.10000038146973 8.90999984741211 8.61999988555908 8.64000034332275 8.39000034332275 8.53999993942616 8.77000045776367 8.85999965667725 8.77999973297119 8.44999995306906 8.02000045776367 7.8600001335144 7.69000005722046 7.36999988555908 7.26999998092651 7.19000005722046
12.6300001144409 11.789999961853 11.539999961853 11.5200004577637 11.3900003433228 11.210000038147 11.0299997329712 10.9799995422363 10.9700002670288 10.6599998474121 10.3999996185303 10.1899995803833 9.63000011444092 10.1499996185303 10.3599996566772 10.210000038147 10.079999923476 10.1300001144409 10.289999961853 10.3299999239708 10.4499998092651 10.3299999237061 10.210000038147 9.5 9.55000019138557 9.34000015258789 9.61999988555908 9.53999996185303 9.39000034332275 8.92000007629395 8.5 8.53999996185303 8.35999965667725 8.68000030067526 8.64000034332275 8.64999961853027 8.32999992370605 8.71000003814697 8.93000030517578 8.85000001238675 8.42000007629394 8.44999980926514 8.22999954223633 7.84999990463257 7.63000022490408 7.51000022888184 7.32000017166138
12.5600004196167 12.1700000762939 11.9300003051758 11.6499996185303 11.6700000762939 11.3800001144409 11.210000038147 11.0699996948242 11.0799999237061 10.6800003051758 10.4899997711182 10.3199996948242 10.0900001525879 10.1199998856565 10.4200000762939 10.1700000762939 10.0900001525302 10.0600004196167 10.1499996185303 10.2299995422363 10.3699998855591 10.5699996948242 10.3500003814697 10.1300001144409 9.89000034332275 9.46000003814697 9.22999954223633 9.31999969482422 9.01000022888184 8.6899995803833 8.69999980926514 8.39000034332276 8.39000034332275 8.32999992370605 8.68000030517578 8.80000019073486 8.69999980926514 8.82999992370606 8.55000025529744 8.60999965667724 8.52999973297119 8.47000024295764 8.55000019073486 8.22000026702881 8.13000011444092 7.71000003814697 7.46999979019165
12.6099996566772 12.1800003051758 12.1999998092651 12.0299997329712 11.8299999237061 11.8000001907349 11.5 11.1599998474121 11.2299995422363 10.7200002670288 10.0600004196167 10.25 10.5299997329712 10.569999694808 10.5500001907349 10.5 10.4200000762939 10.2600002288818 10.3400001525879 10.3599996566772 10.2399997711182 10.6300001097718 10.4499998092651 10.5 10.0200004577637 9.4399995803833 9.80000019073486 9.65999984681234 9.52999973297119 9.10000038146973 9.0600004196167 8.78999996185303 8.34000015258789 8.47000026702881 8.5 8.8100004196167 8.89000034332275 9.10000038832793 9.3100004196167 8.90999984741211 8.82999992370606 8.60999965667725 8.60000038146973 8.26000022888184 8.25 8.02999973297119 7.73000020996558
12.710000038147 12.4300003051758 12.3699998855591 12.3800001144409 12.0900001525879 11.9799995422363 11.8100004196167 11.3400001525879 11.1599998474121 11.0900001525879 10.8100004195696 10.5 10.4700002670288 10.3999996185303 10.5900001525879 10.5699996948242 10.6099996566772 10.5799999237061 10.6199998855591 10.5900001554925 10.6000003814697 10.6899995803833 10.6099996566772 10.4099998474121 10.4600000370324 9.84000015258789 10 10.0299997329712 9.85000038146973 9.47000026702881 9.17000007629395 8.97000026702881 8.47999954724462 8.52000045776367 8.93000030517578 8.98999977111816 9.17000053802869 9.42749977111816 9.40250015258789 9.0649995803833 8.73499965667725 8.57750034332275 8.3725004196167 8.31749998366139 8.42250061035156 7.96250009536743 7.51999998092651
12.9200000762939 12.8000001907349 12.6599998474121 12.5100002288818 12.25 12.0600004196167 12 11.6499996185303 11.3900003433228 11.2700004577637 11.0600004196167 10.9899997711182 10.1899995803833 10.210000038147 10.4300003051758 10.539999961853 10.6199998855591 10.7100000756314 14.2349996566772 14.2325000762939 14.2849998474121 13.9774999610034 13.977499961853 13.2974996566772 12.8199996948242 11.9125003814697 11.5500001907349 11.585000038147 11.5550003051758 11.2200002670288 10.6999998092651 10.0649995803833 10.1424999237061 9.17000007629395 9.50500011444092 9.62749972736775 10.3824996948242 10.1374998092651 10.0474996566772 9.30000019073486 8.84749984741211 8.38749980926513 8.63500022888184 8.33250045776367 8.41499996185303 7.89750003814697 7.36250019073486
16.2975006103516 16.5725002288818 16.6224994659424 16.6900005340576 16.3824996948242 16.1774997711182 15.7399997711182 15.8350000381461 15.6824998855591 15.3249998092651 15.0874996185303 15.1324996948242 14.3100004196167 13.8575000762939 14.1274995803833 14.3474998473597 14.4174995422363 14.6424999237061 14.5749998088095 14.1850004196167 13.9125003814697 14.2974996566772 14.1724996566772 13.2375001907349 12.5450000762939 12.3050003051758 11.8400001525879 11.9125003814697 11.7624998092651 11.5474996549263 10.4350004196167 9.52999973297119 9.58500003814697 9.83750057220459 9.63000045506924 10.1975002288818 10.5450000762939 10.7650003433228 10.9549999237061 9.57999992370606 9.24499988555908 8.52750015258789 9.08749961853028 8.96749973297119 8.67250061035156 8.46750068664551 7.49000121850835
16.4424991607666 16.4074993133545 16.6200008392334 16.8724994659424 16.3400001525879 15.9849996566772 15.9475002288818 15.8774995803854 15.9075002670288 15.8575000762939 15.7375001907349 15.3575000762939 14.4200000769923 13.7825002675739 14.0799999237061 14.3374996185303 14.4449996948242 14.3850002288818 14.3575000762939 14.2150001525879 14.1374998092651 14.0699996948242 14.4425001144409 13.2524995803833 12.8050003051758 12.852499961853 12.3474998465276 12.2700004577637 11.9650001525879 11.5600004196167 10.1400003433228 9.36250019073486 9.32250022888184 9.74249940918174 10.4575003469807 10.6850004196167 10.6075000762939 10.6824998855591 11.2775001525879 10.1125001907349 9.375 8.78999996185303 8.61499977111816 8.75 8.57250022888184 8.51249980926514 8.58750057220459
16.6499996185303 16.6525001525879 16.7374992370605 16.9225006103516 16.6324996948242 16.2075004577637 16.1175003051758 16.2299995422363 16.1550006866455 16.282499313398 16.3099994661417 15.8599996566772 15.664999961853 15.272500038147 14.4650001525879 14.3675003050305 14.397500038147 14.5074996948242 14.6800003051758 14.2425003051758 14.2825002670288 14.2349996566772 14.8424997329712 13.5074996948242 13.2600002288818 13.3999996185303 12.9949998855591 12.6374998092651 12.3950004577637 11.6999998092651 9.98250007629395 9.72000026749718 9.7075005846563 10.3824996948242 10.4674997329712 10.6949996948242 11.0725002288818 11.0375003814697 10.9350004196167 10.5500010777411 9.57250022888184 8.83749961853027 8.94999980926514 8.93249988555908 8.50749969482422 9.34749984741211 9.09249973297119
16.6599998474121 16.7124996185303 16.7975006103516 16.9724998474121 17.1049995422363 16.7574996948443 16.4575004577779 16.6000003814697 16.8649997711182 16.5575008392334 16.5475006103516 16.3125 16.0949993133545 16.0725002288818 15.3299999237061 14.9350004196167 14.7749996185303 14.7025003433228 14.6374998092651 14.9399995803833 14.7449998855591 14.7250003814697 15.0200004577637 14.7825002670288 13.6999998092651 13.7025003433228 13.0299997329712 13.2375001907349 12.477499961853 11.3175001144409 10.2349996566772 11.0625 10.6824998855591 10.8549995422363 10.9075002670288 11.0375003814697 11.3649997601747 11.3999996185303 11.3325004577637 11.4549999237061 9.78000068664551 9.34749984741211 9.125 9.05999946594238 9.4174994817161 9.88249969482422 9.78750038146973
16.7250003814698 16.8274993896484 16.9524993896484 17.1224994659424 16.9899997711194 17.4025001525879 17.7000007629395 17.5174999237061 17.1375007629395 16.7350006103516 16.7824993133545 16.8250007629395 16.9950008391954 16.5625 15.875 15.5200004577637 15.3850002288818 15.1525001525879 15.0924997329712 14.9624996185303 15.1049995429975 15.4075002670288 15.602499961853 15.3275003433228 14.0124998092651 13.7624998092651 13.5249996185303 13.7075004577637 13.2100000299412 11.7600002288818 12.0924997329712 12.1125001907349 11.75 11.5424995429814 11.5550003051758 11.2749996185303 11.3100004196167 10.8024997711182 10.7399997711182 11.1800003051758 10.4549999237061 9.47999954223633 9.58250045776367 9.697501280283 10.3450002670288 10.1724996566772 9.6575004841863
