SnowAccumulation_R/test/tmax/final_tmax_30_04_2009.asc
NCOLS 97 
NROWS 69 
XLLCORNER 52512.810182332 
YLLCORNER 5316225.2758522 
CELLSIZE 10000 
NODATA_value -9999 
[rows 0 to 20 of 69, columns 0 to 46 of 97]
-9999.000000000000000 -9999 -9999 -9999 -9999 -9999 -9999 -9999 -9999 -9999 -9999 -9999 -9999 -9999 -9999 -9999 -9999 -9999 -9999 -9999 -9999 -9999 -9999 -9999 -9999 -9999 -9999 -9999 -9999 -9999 -9999 -9999 -9999 -9999 -9999 -9999 -9999 -9999 -9999 -9999 -9999 -9999 -9999 -9999 -9999 -9999 -9999
-9999 -9999 -9999 -9999 -9999 11.8299999237061 10.0200004577637 9.35000038146973 8.35999965667725 9.13000011444092 8.36999988555908 8.34000015258789 8.7200003706252 9.57999992370605 8.92000007629395 9.03999996185303 9.93000030517578 10.4300003051758 10.5799999246554 -9999 -9999 -9999 -9999 -9999 -9999 -9999 -9999 -9999 -9999 -9999 -9999 -9999 -9999 -9999 -9999 -9999 -9999 -9999 -9999 -9999 -9999 -9999 -9999 -9999 -9999 -9999 -9999
-9999 -9999 -9999 -9999 -9999 7.76999998092651 7.90999984741211 8.22999954223633 8.55000019073487 9.35999965667725 8.97999954223633 9.61999988555908 9.82999992370605 9.49999997251271 8.78999996185303 9.47999954223633 9.9399995803833 10.210000038147 10.5100002288818 10.8400001224599 10.9300003051758 11.1899995803833 11.3000001907349 11.3699998855591 11.3100004196167 11.1999998092651 11.3100004196167 10.8000001907349 10.3800001144409 10.6800003051758 10.8299999237061 11.1899995803833 11.4700002670288 11.4099998474121 11.1499996185303 10.9300003051758 10.7299995422363 10.7799997329712 10.7700004577637 10.9399995803833 10.9799995422363 10.9899997711182 10.9899997711182 10.8299999237061 11 11.0200004577637 10.9799995422363
-9999 -9999 -9999 -9999 -9999 8.52000045776367 9.14000034332275 9.18000030517578 9.1199999989129 9.92000007629395 9.64999961853027 9.15999984741211 9.57999992370605 8.94999980926514 8.72999954223633 9.02999973297119 9.35000038146973 9.60999965667725 10.1599998474121 10.0299997328683 9.93000030517578 10.3999996185303 10.6000003814697 10.6700000762939 10.4799995424794 10.3999996185303 10.4799995422363 10.4399995803833 10.2700004577637 10.7299995422363 10.8500003814697 11.2200002670288 11.3500003814697 11.2299995422363 10.9200000762939 10.7200002670288 10.6800003051758 10.7299995422363 10.6899995803833 10.9099998474121 11.0299997329712 11.0500001907349 10.9200000762939 10.9799995422363 11.210000038147 11.3900003433228 11.5200004577637
-9999 -9999 -9999 -9999 -9999 8.90999984741211 9.09000015258789 9.62999984243387 9.56999969482422 9.53999998457989 9.6899995803833 9.48999977111816 9.3100004196167 9.22000026702881 9.22999954109817 9.26000022888184 9.11999988555908 9.28999996185303 10 9.8100004196167 9.77000045776367 9.85999965667725 9.99999999764159 10.1800003051758 10.2200002670288 10.2799997329712 10.2399997711182 10.3100004196167 10.3900003433228 10.6400003433228 11.1000003813681 11.1000003814697 11.0200004577637 11.1199998855591 10.789999961853 10.6400003433228 10.6000003814697 10.8100004196167 10.7299995422363 11.0900001525879 11.3800001144409 11.2299995422363 11.1999998092651 11.4099998474121 11.4399995803833 11.1800003051758 11.3000001907349
-9999 -9999 -9999 -9999 -9999 8.98999977111817 9.06999969482422 9.09000015258789 9.28999982231618 9.52999973297119 9.10000038146973 8.94999980926514 8.89000034332275 8.94999980926514 9.09000015258789 9.22000026702881 9.28999996185303 9.52000045776367 9.96000003814697 9.90999984741211 9.78999996185303 9.60000038146973 9.59000015258789 9.69999980926513 10.0600004196167 10.2799997327596 10.3299999237061 10.3500003814697 10.4399995803833 10.8000001907349 11.039999961853 10.9099998474121 10.6400003433228 11.1000003814697 10.8500003814697 10.5 10.5600004196138 10.7399997711182 10.9499998092651 11.2200002670288 11.210000038147 11.1099996566772 11.1700000762939 11.4499998092651 11.5 11.3299999237061 11.4099998474121
-9999 -9999 -9999 -9999 -9999 8.48999977111816 8.4399995803833 8.57999992370605 8.07999992370605 8.70999959133597 8.35999965667725 8.30000019073486 8.28999996185303 8.4399995803833 8.59000015258789 8.72999954223633 8.77000045776367 8.86999988555908 9.76000022888183 9.5600004196167 9.72000026703713 9.72999954223633 9.72000026702881 9.77999973297119 9.88000011444092 10.1199998841109 10.3000001907349 10.4499998092651 10.5500001907349 11.0799999237061 10.7600002288818 10.75 10.9099998474121 11.289999961853 11 10.4499998092651 10.470000267025 10.710000038147 11.0799999237061 11.25 11.1999998092651 11.5900001525879 11.5100002288818 11.460000038147 11.4799995422363 11.5600004196167 11.5
-9999 -9999 -9999 -9999 -9999 8.19999980926514 8.27000040959103 8.0600004196167 7.44999980926514 7.13000011444092 7.93999990996012 7.76999996170589 7.48999977111816 7.57999992370606 8.14000034332275 8.52000045776367 8.80000019033426 8.96000003814697 9.23999977111816 9.36999988555908 9.40999984741211 9.56999969482422 9.85999965667725 9.69999980926514 9.76000022888184 9.90999984741211 9.92000007629395 10.5100002293761 10.9300003051758 10.539999961853 10.5699996948242 10.7600002288313 11.1000003814697 11.5100002288818 11.0600004196167 10.4899997711182 10.4999999999957 10.7399997711182 11.1400003433228 11.3599996566772 11.4700002670288 11.6199998855591 11.789999961853 11.4399995803833 11.4399995803833 11.7200002670288 11.75
-9999 -9999 -9999 -9999 -9999 7.84000015258789 7.67999982833862 7.92000007629395 7.23999977111816 7.1399998664856 7.28999996185303 7.53999987800567 7.57000017166138 7.69000005722046 7.94999980926514 8.47999954223633 8.81999969482422 9.10999965667725 9.13000011444092 9.55000019073486 9.65999984741211 9.76000022864655 9.94999980926514 9.64000034332275 9.78999996185303 9.88000011444092 10.09000015239 10.2600002288818 10.2799997329712 10.2100000369402 10.25 10.5699996948242 10.7399997711182 11.2299995422363 11.0200004577637 10.6899995803833 10.7799997329712 11.0200004577637 11.3500003814697 11.6999998092651 11.7399997711182 11.6000003814697 11.6700000762939 11.6199998855591 11.710000038147 11.8199996948242 11.9799995422363
-9999 -9999 -9999 -9999 -9999 7.21000003814697 7.26000022888184 7.38000011444092 7.09999990463257 6.82000017166138 6.98999977111816 7.1399998664856 7.48000002082206 7.90000009536743 8.07999992370605 8.30000019073486 9.03999996185303 9.07999992299832 9.27000045776367 9.53999996185303 9.77999973297119 9.48999977111816 9.39999961853027 9.52000045776367 9.75 9.71000003814697 9.8100004196167 10 10.0500001907349 9.68000030517578 9.57999992370605 10.2299995418385 10.4300003048539 10.9099998474121 10.8800001144409 10.8599996566772 11.1099996566772 11.3199996948242 11.7600002288818 12.1800003051758 12.1199998855591 11.9200000762939 11.8299999237062 12.0500001907349 12.0799999237061 12.1400003433228 12.1000003814697
-9999 -9999 -9999 -9999 -9999 5.51999998092651 6.8600001335144 6.73999977111816 6.63000008884554 6.55999994277954 6.67999982833862 7.09999990463257 7.82999992370605 7.9099999120971 8.22000026702881 8.35999965667725 9.0600004196167 9 9.35000038146973 9.28999996185303 9.36999988555908 9.15999984741211 9.18000030517578 9.14999961853027 9.30000019073486 9.38000011444092 9.5 9.60999965667725 9.51000022888184 9.5 9.56999969482422 9.88000011444092 10.0200004577637 10.5900001525879 10.840000152602 11.0200004577927 11.3599996566772 11.5699996948242 11.9700002670288 12.6499996185303 12.2399997711182 11.9899997711182 11.8900003433228 11.9200000762939 11.960000038147 12.1000003814697 12.1400003433228
-9999 -9999 -9999 -9999 4.53000020980835 4.48999977111816 5.34999990463257 6.05999994277954 5.94999980926514 5.94000005722046 6.15000009536743 6.51000022888184 7.59000015258789 8.14000034332275 8.31000040591568 8.60000038146973 8.89999961853028 9.0600004196167 9.31999969383264 8.89999961853028 8.85000038146973 8.44999980926514 8.23999977111817 8.39999961853027 8.78999996185303 8.90999984741211 9.0600004196167 9.22999954217141 9.27000045776367 9.51000022888183 9.75 10.1199998855591 10.4600000381212 10.6599998474121 10.8999996185303 11.2200002670288 11.4700002670288 11.6099996566772 11.8699998855532 11.7799997329684 11.8400001525862 11.7799997329704 11.6499996185302 11.7299995422365 11.7799997329712 12.0299997329712 12.2100000381473
-9999 -9999 -9999 -9999 3.48000001907349 4.09999990463257 4.94999980926514 5.61000013351441 5.28000020980835 5.56000020592663 6.42000007629394 7.01000022888184 7.76999998092651 8.3100004196167 8.18000030517578 7.8499999525304 9.02000045776367 9.09000015258789 8.44999980926514 8.40999984741211 8.02999973297119 7.92999982833862 7.84000015258789 7.98999977111816 8.36999988555908 8.47999954223633 8.78999996185303 9.01000022888184 9.19999980926514 9.76000022888183 9.98999977111816 10.3400001525879 10.7600002288474 10.8999996185303 11.1499996185303 11.210000038147 11.3800001144409 11.4899997711179 11.6000003814697 11.5799999237061 11.6599998474121 11.789999961853 11.8199996948242 12.0299997329712 12.5200004577637 12.5699996948242 12.5100002288818
-9999 -9999 -9999 -9999 3.1800000667572 3.79999995231628 4.53999996185303 5.15999984741211 6 6.44999980926514 6.40000009536743 7.17999982833862 7.90999984741211 7.92000007629395 8.07999992370606 8.26000022888184 8.35000038146973 8.46000003814697 8.06999969482422 8.01000022888184 7.7600002790312 7.57999992370605 8.96000003814697 9.03999996185303 8.28999996185303 8.30000019073486 8.61999988555908 8.96000003814697 9.11999988555908 9.72999954223633 10.2399997711182 10.8999996185303 11.7200002670288 11.460000038147 11.3000001907349 11.210000038147 11.3000001907349 11.4300003051748 11.6099996566772 11.7799997329712 11.8400001525879 12.0299997329712 11.960000038147 12.1400003433228 12.6499996185303 12.7299995422363 12.4099998474121
-9999 -9999 -9999 -9999 2.2899965289811 4.19000005722046 3.48999998054114 3.5 4.90000009536743 6.55000019073486 6.76000022888184 6.96999979019165 7.32000017166138 7.42000007629395 7.61000013351441 7.40000009536743 7.57999992370605 7.13000011444092 7.4600000287681 8.1899995803833 8.60999965667725 8.89000034332275 8.92000007629395 9.01000022888183 8.47999954223633 8.6899995803833 8.72000026702881 8.77000045776367 9.46000003790955 9.67000007629395 10.1400003433228 10.8199996948242 11.5299997329712 11.539999961853 11.2600002288818 11.1099996566772 11.25 11.4099998474109 11.5799999237061 12.1599998474121 12.2700004577637 12.3100004196167 12.2299995422363 12.1599998474121 12.3999996185303 12.3299999237061 12.460000038147
-9999 -9999 -9999 -9999 -0.0599999986588955 3.55999923940539 2.77999997138977 3.30999994277954 4.17000007629394 5.26999998092651 6.11999988555908 6.01999998092653 6.71999979019165 6.73000001907349 6.96999979019165 7.13000011444092 7.15999984741211 7.17000007629394 7.03999996185303 7.59000015258789 7.71999979019165 8.35000036760802 8.43000030517578 9.10999965644888 9.10999965667725 8.90999984741211 8.75 9 9.47999954223633 9.75 9.89000034332275 10.4200000762939 10.6800003051758 11.0100002288818 11.0900001525879 10.9700002670288 11.210000038147 11.460000038147 11.6899995803833 12.5699996948242 12.9499998092651 12.5100002288818 12.1300001144409 12 11.9099998474121 12.0699996948242 12.1800003051758
-9999 -9999 -9999 -9999 0.569999992847443 -1.37000000476837 1.01000022971335 2.01000024558864 3.46000003814697 3.74000000953674 4.42999982833862 4.8899998664856 5.32999992370605 6.01999998092651 6.69000005722046 6.82999992370606 7.15999984741211 7.30000019073486 7.38000011444092 7.5 7.59999990463257 8.03999996185303 8.60999965575466 9.10000038146973 8.76000022958049 8.72000026702881 8.94999980926514 9.65999984741211 9.77999973297119 9.57999992370605 9.9399995803833 10.2700004577637 10.5299997329712 10.7700004577425 11 11.0900001525879 11.1999998092651 11.4700002670288 11.6899995803833 12.1999998092651 12.3100004196167 12.2299995422363 12.1400003433228 11.9700002670288 11.6800003051758 11.8299999237061 11.960000038147
-9999 -9999 -9999 -9999 -0.560000002384186 -0.409999996423721 -1.12999999523163 0.870000608287836 3.11999988555908 3.19000005722046 3.0699999332428 3.86999988555908 4.23000006342838 5.71999979019165 6.28999996185303 6.59999990463257 6.63000011552242 6.96999979019165 6.92000007629395 7.32999992370605 7.55000019073486 7.99999999897741 8.59000014990661 8.80000019073486 9.02000045776367 9.14999961853027 9.28999996185303 9.38000011444092 9.42000007629395 9.72000026702881 10.5299997329712 10.8599996566772 11.2200002670288 11.2799997329712 11.039999961853 11.4099998474121 11.2700004577637 11.3599996566772 11.460000038147 11.8299999237061 11.9300003051758 11.6300001144409 11.8999996185301 11.4700002670288 11.4099998474121 11.3599996566772 11.710000038147
-9999 -9999 -9999 -9999 -0.720001040335823 -1.66999995708466 -1.54999995231628 1.83000004291534 1.88999998569489 3.79999995231628 2.94000005722046 4.1100001335144 4.92999982833862 5.36999988555908 5.32999992370605 6.40000009536743 6.59999990463257 6.63000011400213 6.92999982825926 7.40000009536743 7.67999982767335 8.01000022888184 8.51000022888184 8.75 9.0600004196167 9.15999984741211 9.26000022888184 9.17000007629395 9.35999965667724 9.55000019073486 10.3900003433228 10.5600004196167 10.9799995422363 11.0699996948242 11.1999998092651 11.75 11.3000001907349 11.1199998855591 11.2399997711182 11.5500001907349 11.3199996948242 11.1099996566772 11.6099996566772 11.1199998855591 11.2799997329712 11.3199996948242 11.6000003814697
-9999 -9999 -9999 -9999 -1.5900000333786 -2.25999999046326 -1.61000001430511 -0.589999973773956 4.6399998664856 4.17000007629395 3.20000004768372 3.3199999332428 3.50999999046326 4.5 5.78999996185303 5.90999984741211 6.34999990463257 6.34999990463257 6.80999994277954 7.19999980926514 7.51000022888184 7.92999982833862 8.35999965667725 8.67000007629395 9.13000011444092 9.39999961853027 9.19999980926514 9.09000015258789 9.22999954223633 9.40999984741211 9.89999961853028 10.2200002670288 10.6999998092651 10.8400001525879 11.1000003814697 11.460000038147 11.0200004577637 10.8400001525879 11.0900001525879 11.4099998474121 11.1099996566772 10.9499998092651 11.2399997711182 11.0600004196167 11.1700000762939 11.4700002670288 11.5699996948242
-9999 -9999 -9999 -9999 -2.01999998092651 -0.839999973773956 -0.709999978542328 4.59999990463257 0.920000016689301 0.819999992847443 2.05999994277954 2.30999994277954 3.14000010490417 4.92000007629395 4.57999992370605 5.11999988555908 6.09000015258789 6.19999980926514 6.88000011444092 7.03999996185303 7.46999979019165 7.94000005722046 8.1899995803833 8.67000007457711 8.94999980926514 9.32999992370606 9.22000026702881 9.02999973297119 9.0600004196167 9.39999961853027 9.76000022888184 9.94999980926514 10.4700002670288 10.6800003051758 10.8900003433228 10.8900003433228 10.7700004577637 10.8000001907349 11.039999961853 11.5600004196167 11.3299999237061 10.9899997711182 10.8900003433228 11.0500001907349 11.1300001144409 11.5600004196167 11.710000038147
