SnowAccumulation_R/test/tmax/final_tmax_15_04_2009.asc
NCOLS 97 
NROWS 69 
XLLCORNER 52512.810182332 
YLLCORNER 5316225.2758522 
CELLSIZE 10000 
NODATA_value -9999 
[rows 21 to 41 of 69, columns 0 to 46 of 97]
-9999 -9999 -9999 -9999 0.970000028610229 0.550000011920929 1.51999998092651 3.04999995231628 0.0399999991059303 1.00999999046326 1.23000001907349 3.60999989509583 4.42000007629395 4.30999994277954 4.86000013351441 5.94999980926514 6.94999980926514 7.46000003814697 7.63999986648559 7.69999980926514 7.98000001907349 7.94000005722046 7.94999980926514 7.8600001335144 8.10999965286593 8.28999996185303 7.92999982833862 7.76000022888184 7.78999996185303 7.78999996185303 7.94999980926514 8 8.22000026702881 8.3100004196167 8.51000022888184 8.71000003814697 8.80000019073486 9 9.13000011444092 9.27000045776367 9.42000007629395 9.22000026702881 8.98999977111818 8.97000026702881 9.1899995803833 8.93000030517578 9.10999965667725
-9999 -9999 -9999 -9999 2.51999998092651 -0.870000004768372 1.33000004291534 3.02999997138977 0.46000000834465 -0.75 1.83000004291534 1.60000002384186 3.79999995231628 3.52999997138977 3.81000008930746 5.48000001907349 6.19999980926514 7.15999984741211 7.51000022888184 7.57000017166138 7.59999990463257 7.78999996185303 7.65000009536743 7.73999977111816 7.90000009160256 7.90999984741211 7.76000022888184 7.76000022888184 7.76999998092651 7.76000022888184 7.76000022888184 7.94999980926514 8.3100004196167 8.40999984741211 8.47999954223633 8.68000030517578 8.72999954223633 8.90999984741211 9.13000011444092 8.89999961853027 9.1899995803833 9.27000045776367 9.13000011444092 8.96000003814697 8.77999973297119 8.6899995803833 8.90999984741211
-9999 -9999 -9999 0.25 1.01999998092651 3.58999991416931 1.25 0.28999999165535 -1.20000004768372 -0.779999971389771 0.430000007152557 -0.5 2.84999990463257 4.0199998252855 4.71999979019165 6.05999994277954 6.65999984741211 6.94000005722046 7.26999998092651 7.23000001907349 7.26999998092651 7.55999994277954 7.53000020980835 7.53000020980835 7.63000011444092 7.5 7.61000013132952 7.65999984741211 7.76000022888184 7.73999977111816 7.73000001907349 7.78000020980835 8.14999961853027 8.30000019073486 8.39000034332276 8.60000038146973 8.64000034332275 8.78999996185303 8.97000026702881 9.03999996185303 9.06999969482422 9.15999984741211 9.10000038146973 8.89999961853028 8.61999988555908 8.6899995803833 8.51000022888184
-9999 -9999 -9999 -1.08000004291534 -0.349999994039536 0.540000021457672 -2.14000010490417 -0.119999997317791 -1.75 -2.25999999046326 -0.639999985694885 0.450000040987878 1.6599999666214 6.05999994277954 6.1399998664856 6.34000015258789 6.67000007629395 7.1399998664856 7.19000005722046 7.25 7.32999992370605 7.3899998664856 7.30999994277954 7.38999986648559 7.46000003814697 7.49999999819189 7.38000011444092 7.48000001907349 7.69999980926514 7.73999977111816 7.86999988555908 7.92000007629395 7.78000020980835 8.18000030517578 8.38000011444092 8.5 8.5600004196167 8.8100004196167 8.94999980926514 8.98999977111816 9.14000034332292 9.14000034332278 8.97999954223628 8.7899999618531 8.52999973297119 8.55000019073486 8.52000045776351
-9999 -9999 -9999 -1.48000001907349 -0.18999942243725 0.5 -0.629999995231628 -0.97000002861023 -4.01999998092651 -0.819999992847443 -1.91999995708466 5.75 5.84999990463257 5.94000005722046 6.32999992370605 6.63000011444092 6.78999996185303 7.11999988555908 7.34000015258789 7.40000009536743 7.34000015258789 7.42000007629395 7.21999979019165 7.01999998092651 7.3600001335144 7.44999980926514 7.48999977111816 7.40999984787498 7.67999982833862 8.10999965667725 8.10000038146973 8.13000011444092 8.22000026702881 8.28999996185303 8.46000003814697 8.52000045776367 8.68000030517578 8.75 8.92000007629395 8.97000026702881 9.01000022888184 9.14000034332275 8.94999980926514 8.82999992370606 8.64000034332275 8.42000007629395 8.26000022888194
-9999 -9999 -9999 -1.5099934501913 -2.47000002861023 3.33999991416931 -1.46000003814697 -2.41000008583069 -1.91999995708466 -3.14000010490417 -2.22000002861023 -1.13999998569489 6.05000019073486 6.11999988555908 6.30000019073486 6.42000007629395 6.53999996185303 7.23999977111816 7.28000020980835 7.40000009536743 7.19000005722046 7.19000005722046 7.03999996185303 6.71000003814697 7.1399998664856 7.30999994277954 7.48999977047716 7.48000002136093 7.92000007629395 8.27000045776367 8.35999965667725 8.4399995803833 8.56999969482422 8.60000038146973 8.63000011444092 8.68000030517578 8.67000007629395 8.72000026702881 8.88000011444092 8.97999954223633 9.02999973297119 9.10999965667725 8.9399995803833 8.77000045776367 8.60999965667725 8.47000026702881 8.11999988555908
-9999 -9999 -9999 3.55999994277954 2.27999997138977 2.99999851869114 -3.60999989509583 0.230000004172325 -1.88999998569489 -1.37999999523163 -0.839999973773956 -1.37999999523163 -1.20000004768372 5.78999996185303 5.8899998664856 6.01999998092651 6.67999982833862 6.8600001335144 6.98000001907349 7.09999990463257 7.19000005722046 7.21000003814697 7.11999988555908 7.07999992370605 7.25 7.48999977111816 7.78999996185303 7.82000017166138 8.039999963043 8.30000019091996 8.43000030517578 8.56999969482422 8.64000034332275 8.63000011444092 8.65999984741211 8.67000007629395 8.6899995803833 8.72999954223633 8.85999965667725 8.93000030517578 8.92000007629395 8.75 8.85999965667725 8.72000026702881 8.40999984741211 8.21000003814697 7.98999977111829
-9999 -9999 -9999 6.8600001335144 0.360000014305115 -0.850000023841858 -0.389999985694885 -2.02999997138977 -0.730000019073486 -1.95000004768372 -1.02999997138977 -1.6599999666214 -0.8299999833107 -0.759999990463257 5.8899998664856 5.32999992370605 6.40999984741211 6.84000015258789 6.90999984741211 7.05000019073486 7.25 7.30000019073486 7.25 7.1399998664856 7.32000017166138 7.57000017166138 7.82000017166138 7.8899998664856 8.26000023017554 8.35999965667724 8.59000015258789 8.81999969482422 8.71000003814697 8.51000022888184 8.60999965667725 8.77000045776367 8.77000045776367 8.8100004196167 8.85999965667725 8.78999996185303 8.75 8.68000030517578 8.63000011444092 8.64999961853027 8.34000015258789 8.07999992370605 7.92999982833862
-9999 -9999 -9999 6.63000011444092 1.51999998092651 2.63000011444092 1.56000000629971 0.689999997615814 2.80999994277954 -1.01999998092651 -3.17000007629395 -2.30999994277954 -2.94000005722046 -1.88999998569489 5.05000019073486 5.17000007629395 5.34999990463257 6.40999984741211 6.63000011444092 7.05999994277954 7.11999988555908 7.53000020980835 7.26000022888184 6.94000005722046 7.21999979019165 7.46000003814697 7.76999998092651 8.15999984741211 8.65999984741211 8.90999984741211 9.05000019149841 9.11999988601543 8.92000007629394 8.81999969482422 8.73999977111816 8.71000003814697 8.73999977111816 8.59000015258789 8.60999965667725 8.86999988555908 8.69999980926514 8.63000011444092 8.44999980926514 8.23999977111816 8.15999984741211 8.11999988555908 7.90000009536748
-9999 -9999 -9999 10.0499977317546 5.03999996185303 3.63000011444092 1.40999972931984 -1.01999998092651 -0.8299999833107 1.12999999523163 -2.77999995819933 -1.37000000476837 0.230000004172325 -2.90000009536743 4.88000011444092 4.98999977111816 5.23000001907349 5.51999998092651 6.57999992370605 6.6399998664856 7.09000015258789 6.98000001907349 6.73999977111816 6.44000005722046 7.05999994277954 7.40000009536743 7.98000001907349 8.1899995803833 8.5 8.90999984708468 9.43000030434262 9.47000026702881 9.21000003814697 9.13000011444092 8.84000015258789 8.80000019073486 8.72999954223633 8.68000030517578 8.56999969482422 8.59000015258789 8.48999977111817 8.48999977111817 8.23999977111816 7.94000005722046 7.84000015258789 7.69999980926514 7.53999996185303
-9999 -9999 -9999 9.07999992370605 3.58999991416931 6.07999992370606 0.0799999982118607 0.549998564802098 -2.11999988555908 2.25 0.959999978542328 -0.9200000166893 -1.21000003814697 -0.740000009536743 4.71999979019165 4.80999994277954 5.03000020980835 5.42999982833862 6.07999992370606 6.67999982833862 6.78999996185303 6.82000017166138 6.67000007629395 6.63000011444092 7 7.30999994277954 7.92000007629395 8.15999984741211 8.59000015258789 8.77000045776367 8.77999973297119 8.8100004196167 9.14000034303609 9.06999969468512 8.90999984741211 8.81999969482422 8.77999973297119 8.65999984741211 8.68000030517578 8.73999977111816 8.51000022888184 8.51000022888184 7.80000019073486 7.71999979019165 7.82000017166138 7.63999986648559 7.59000015258789
-9999 -9999 -9999 4.17999982833862 7.88999995581806 3.36999988555908 4.76000022888184 -0.600000023841858 0.609999595165246 -0.790000021457672 0.680000007152557 1.97000002861023 1.44000005722046 2.59999990463257 4.48999977111816 4.44000005722046 4.65999984741211 5.09999990463257 5.94999980926514 6.57999992370605 6.61999988555908 6.57999992370605 6.76000022888184 6.86999988555908 7.03000020980835 7.15999984741211 7.53000020980835 8.28999996185303 8.57999992370605 8.60999965667725 8.6899995803833 8.81000041942845 8.77999973276719 8.77999973297119 8.63000011444092 8.64999961853027 8.52999973297119 8.68000030517578 8.77000045776367 8.65999984741211 8.57999992370605 8.34000015258789 7.75 7.65999984741211 7.48000001907349 7.42000007629395 7.36999988555908
-9999 -9999 -9999 5.09999990463257 7.59000015258789 9.52000045776367 3.82999992370606 5.05000019073486 1.01999998092651 -0.419998771878616 -1.39999997615814 1.13999998569489 0.629999995231628 0.889999985694885 4.05000019073486 4.1100001335144 4.3899998664856 4.65000009536743 5.23000001907349 6.23000001907349 6.26000022888184 6.40000009536743 6.67999982833862 7.03000020980835 7.09000015258789 7.15000009536743 7.55999994277954 8.25 8.30000019073486 8.52000045776367 8.57999992370605 8.55000019073486 8.55000019073486 8.18000030517578 8 8.59000015257469 8.60000038147792 8.69999980926514 8.69999980926514 8.5600004196167 8.44999980926513 8.32999992370605 8 7.5 7.44000005722046 7.38000011444092 7.34000015258789
-9999 -9999 -9999 1.79999995231628 4.73999977111816 8.18000030517578 8.78999996185303 1.25999999046326 4.17999982833862 0.75 -0.589999218948564 -1.62000000476837 -1.02999997138977 0.0299999993294477 3.33999991416931 3.41000008583069 4.13000011444092 4.21000003814697 4.78999996185303 5.25 6.21000003814697 6.55000019073486 6.55999994277954 6.94000005722046 7.05000019073486 7.17000007629394 7.96999979019165 8.02999973297119 7.96999979019165 8.26000022888184 8.39999961853027 8.63000011444092 8.57999992370605 8.42000007629395 8.52000045776367 8.75 8.89000034332275 8.85000038146973 8.60999965667725 8.50000000000014 8.42000007629364 8.09000015258801 7.92000007629399 7.51000022888174 7.3800001144409 7.34999990463245 7.32999992370605
-9999 -9999 1.39999997615814 2.58999991416931 -2.10999989509583 6.57000017166138 9.02000045776367 5.90000009536743 2.47000002861023 6.75 -0.100000001490116 -1.99999972415 -2.60999989509583 -0.839999973773956 2.05999994277954 -0.119999997317791 2.85999989509583 3.60999989509583 4.19999980926514 5.03000020980835 6.32000017166138 6.53999996185303 6.51999998092651 6.65000009536743 7.28000020980835 7.3600001335144 7.76000022888184 8.03999996185303 8.02999973297119 8.14000034332275 8.27999973297119 8.36999988555908 8.36999988555908 8.39999961853027 8.53999996185303 8.89000034332275 9.47999954223633 8.97999954223633 8.60999965667725 8.52000045776307 8.28999996185296 8.14000034332275 7.94000005722046 7.46999979019165 7.36999988555908 7.30000019073486 7.32000017166138
-9999 -9999 -0.870000004768372 -1.85000002384186 1.36000001430511 -0.870000004768372 3.50999999046326 8.38000011444092 4.03000020980835 1.46000036296021 0.239999994635582 0.540000021457672 -2.09999990463257 -1.35000002384186 2.00999999046326 1.27999997138977 2.5699999332428 3.52999997138977 4.07000017166138 4.46999979019165 6.09999990463257 6.53000020980835 6.65999984741211 6.78999996185303 7.48999976953628 7.55000019061346 7.84000015258789 8.02000045776367 8.19999980926514 8.15999984741211 8.35000038146973 8.34000015258789 8.39000034332275 8.4399995803833 8.5 8.80000019073486 8.97999954223633 8.86999988555908 8.55000019073486 8.35999965667725 8.21000003814697 8.0600004196167 7.80000019073487 7.5 7.01000022888184 6.98999977111816 7.15000009536743
-9999 -9999 1.20000004768372 2.94000005722046 1.36000001430511 -0.389999985694885 0.240000385496875 8 8.52000045776367 1.70000004768372 4.78000020980835 2.78999996185303 -0.819999992847443 -1.1599999666214 2.39000010490417 2.66000008583069 3.02999997138977 3.58999991416931 4.01999998092651 4.44000005722046 6.01000022888184 6.46999979019165 6.69999980926514 6.92999982833862 7.57999992370605 7.59999990463257 7.90999984741211 7.96999979019165 8.18000030517578 8.10000038146973 8.02999973297119 8.26000022888184 8.35000038146973 8.39999961853027 8.53999996185303 8.67000007629395 8.8100004196167 8.85999965667725 8.48999977111816 8.3100004196167 8.17000007629395 8.02000045776367 7.76000022888184 7.42999982833862 6.69000005722046 6.84000015258789 7.05999994277954
-9999 -9999 2.09999990463257 3.99000000953674 2.91000008583069 -2.07999992370605 0.920000016689301 4.03999996185303 9.73999977111816 2.26999998092651 2.01999998092651 1.03999996185303 1.97000002861023 -2.65000008464976 -2.95000004768372 2.73000001907349 2.85999989509583 3.00999999046326 4.09000015258789 4.65999984741211 5.51999998092651 5.98000001907349 6.73999977111816 6.98000001907349 7.19999980926514 7.73999977111816 7.96999979019165 8.11999988555908 8.05000019073486 7.96999979019165 7.94000005722046 8.18000030517578 8.30000019073486 8.27000045776367 8.36999988555908 8.47999954223633 8.52999973297119 8.5 8.32999992370605 8.22000026702881 8.10000038146973 7.98999977111816 7.78000020980835 7.55000019073486 7.17999982833862 7.03000020980835 7.03999996185303
-9999 -9999 9.03000185655022 4.69999980926514 -0.370000004768372 1.4099999666214 1.63999998569489 3.16000008583069 9.56999969482422 5.28999996185303 1.0900001251222 6.1100001335144 3.07999992370606 0.340000003576279 -0.219999998807907 2.74000000953674 2.91000008583069 3.24000000953674 3.47000002861023 4.01000022888184 4.90999984741211 5.07000017166138 5.92999982833862 6.55999994277954 6.84999990463257 7.15999984741211 7.71000003814697 8.05000019073486 7.98999977111816 7.88000011444092 7.55000019073486 7.76999998092651 8.14000034332275 8.19999980926514 8.28999996185303 8.22999954223633 8.27000045776367 8.27000045776367 8.15999984741211 8.09000015258789 8.02000045776367 7.92999982833862 7.82000017166138 7.44000005722046 7.23999977111816 7.09000015258789 7.11999988555908
-9999 -9999 13.4300003051758 -1.22999750155162 -2.44999976862184 -1.03999996185303 -2.41000008583069 3.46000003814697 3.86999988555908 9.89000034332275 -0.0500000007450581 4.82000017166138 1.52999997138977 -0.680000007152557 -2.33999991416931 -3.67000007629395 0.0900000035762787 3.32999992370605 3.79999995231628 3.97000002861023 4.51999998092651 3.90000009536743 6.71000003329104 7.05999994167998 6.80000019073486 7.11000013275055 7.11000013698661 7.71999979019165 7.84999990463257 7.78000020980835 7.71000003814697 7.80999994277954 7.86000013351441 8.09000015258789 7.98000001907349 8.09000015258789 8.02999973297119 8.02000045776367 7.96999979019165 7.90999984741211 7.84999990463257 7.67999982833862 7.51000022888184 7.21000003814697 6.94000005722046 7.11000013351441 6.92000007629395
-9999 -9999 13.8999996185303 1.48000001907349 0.499999991183853 -0.680000007152557 2.13000011444092 -1.41999995708466 0.620000004768372 8.60000038146973 0.439999997615814 1.47000002861023 2.86999988555908 -0.5 -1.08000004291534 -2.16000008583069 -0.25 -0.389999985694885 3.75 4.59000015258789 4.7199997895531 5.44000005407064 6.38000011444092 6.55000019073486 6.57000017166138 7.51999998092651 7.57000017158027 7.59999990463257 7.63000011444092 7.57000017166138 7.57999992370606 7.53999996185303 7.55000019073486 7.59000015258789 7.57999992370605 7.61999988555908 7.86999988555908 7.88000011444092 7.82999992370605 7.65000009536743 7.28999996185303 7.15999984741211 7.26000022888184 6.98000001907349 6.98000001907349 6.96999979019165 6.94000005722046
