SnowAccumulation_R/test/tmax/final_tmax_05_04_2009.asc
NCOLS 97 
NROWS 69 
XLLCORNER 52512.810182332 
YLLCORNER 5316225.2758522 
CELLSIZE 10000 
NODATA_value -9999 
[rows 42 to 62 of 69, columns 47 to 93 of 97]
10.3400001525879 10.0500001907349 9.75 9.47999954223633 9.1899995803833 8.86999988555908 8.77000045776367 8.77000045776367 8.72999954223633 8.76000022888184 8.32999992370606 7.98999977111816 7.80000019073487 7.53000020980835 7.15999984741211 7.01999998081222 6.69000005722046 6.40000009536743 6.1100001357906 6 5.51000022888184 5.63999985005393 5.19999980926514 5.11999988555908 4.57000017166138 4.46000003814697 4.26999998092651 3.99000000953674 3.88000011444092 3.66000008583069 3.13000011444092 2.92000007629395 2.74000000953674 2.41000008583069 2.25 2.67000007629395 2.88000011444092 2.59999990463257 2.48000001907349 2.21000003814697 2.02999997138977 1.55999994277954 1.05999994277954 1.0900000333786 1.03999996185303 0.889999985694885 0.769999980926514
10.3900003433228 10.0900001525879 9.89000034332276 9.22999954223633 8.77999973297119 9.10000038146973 8.96000003814697 8.76000022888184 8.56999969482422 8.53999996185303 8.31999969482422 7.96999979019165 7.80000019073486 7.46000003814697 7.1100001335144 6.86999988555908 6.71999979019165 6.30000019073486 6.17999982772683 5.63999985711695 4.98000001907349 4.73000001931304 4.80000019073486 4.59000015258789 4.6100001335144 4.48000001907349 4.19999980926514 3.88000011444092 3.72000002861023 3.5699999332428 3.24000000953674 3.00999999046326 2.77999997138977 2.53999996185303 2.41000008583069 1.99000000953674 2.16000008583069 2.03999996185303 2.22000002861023 2.05999994277954 1.91999995708466 1.54999995231628 1.16999995708466 1.10000002384186 1.03999996185303 0.910000026226044 0.829999983310699
10.3699998855591 10.1599998474121 9.57999992370605 8.94999980926514 8.77999973297119 9.13000011444092 9.10000038146973 8.97000026702881 8.80000019073486 8.6899995803833 8.34000015258789 7.90999984741211 7.71000003814697 7.32999992370605 6.8899998664856 6.69999980926514 6.55000019073486 6.09999990463257 5.82999991672439 5.26999998092651 4.6399998664856 4.48000001907349 4.28999996185303 4.53999996185303 4.48999977111816 4.42999982833862 4.30999994277954 4.15999984687389 3.6800000667572 3.44000005722046 3.32999992370605 3.14000010490418 2.88000011444092 2.75999999046326 2.53999996185303 2.14000009388956 1.69000008403435 1.50999999046326 1.9099999666214 1.88999992348832 1.85000002384186 1.61000001430511 1.36000011973781 1.25999999046326 1.13999998569489 1.02000009089132 0.950000424903231
10.5600004196167 10.1999998092651 9.64000034332275 9.02000045776367 8.77000045776367 9.39999961853027 9.26000022888183 9.06999969482422 8.77999973297119 8.52999973297119 8.27999973297119 7.80000019073486 7.55999994277954 7.1399998664856 6.75 6.53999996013064 6.11000012839027 5.6100001335144 5.53999996185303 5.05000019073486 4.6100001335144 4.46000003814697 4.3899998664856 4.21999979019165 4.19000005722046 3.97000002861023 4.23999977111816 4.13000011444092 3.79999995231628 3.48000001907349 3.32999992370605 2.80999994277954 2.65000009536743 2.65000009536743 2.21000005824328 2 1.78999996185303 1.55999994277954 1.32000005245209 1.11000001430511 1.69000005722046 1.54999995231628 1.49000000953674 1.41999995708466 1.30999994277954 1.25 1.33000004291534
10.6300001144409 10.1800003051758 9.53999996185303 9.15999984741211 8.73999977111817 9.55000019072788 9.09000015258789 8.96000003814697 8.77000045776367 8.46000003814697 8.06999969482422 7.71999979019165 7.53999996185303 6.78000020912504 5.71000003814697 5.59999990463257 5.6399998664856 5.48999977111816 5.34999990463257 4.94999980926514 4.65000009536743 4.55999994277954 4.57999992370605 4.78999996185303 4.65999984741211 4.28999996185303 4.19000005722046 4 3.69000005722046 3.36999988555908 3.19000005722046 2.60999989509582 2.50999999046326 2.26999998092651 1.97000002861023 2.01999998092651 1.86000001430511 1.41999995708466 1.26999998092651 1.36000001430511 1.37000000476837 1.58000004291534 1.46000003814697 1.42999994754791 1.47999998289923 1.57000005245209 1.52999997138977
10.3199996948242 10.1300001144409 9.78999996185303 8.94999980926514 8.59000015258789 9.34000015257605 8.6899995803833 8.80000019073486 8.85999965664506 8.39999961853027 7.9600000374737 7.78999996085552 6.32000017166138 5.26999998092651 5.32999992407733 5.75 5.42000007629395 5.17999982833862 5.1100001335144 4.84000015258789 4.92999982833862 4.90000009536743 4.90000009536743 4.92000007629395 4.73999977111816 4.42000007629395 3.91000008583069 3.69000005722046 3.54999995231629 3.30999994324037 3.09999990463257 2.63000011444092 2.38000011444092 2.07999992370606 1.89999997615814 1.87999999523163 1.78999996185303 1.71000003814697 1.62000000476837 1.42999994754791 1.32000005245209 1.27999997138977 1.5 1.44000005722046 1.44000017913484 1.52999997138977 1.58000004291534
10.3100004196167 10.0699996948242 9.8100004196167 8.69999980926514 8.35000038146972 8.56000041960769 8.10000038146973 8.39000034319528 8.53999996148785 6.38000011444092 5.21999979019165 5.40000009526218 4.8600001335144 4.8899998664856 5.05999994322832 5.82000017166138 5.46000003814697 5.2899999615884 5.32000017166138 5.19999980926514 5.26999998127657 5.30999994277954 5.11999988555908 5.0199999797207 4.63000011444092 4.21000003814697 3.96000003814697 3.61999988555908 3.36999988555908 3.32999992370605 2.92000007629394 2.39000010490417 2.24000000953674 1.99000000953674 1.8400000333786 1.97000002861023 1.77999997138977 1.71000003814697 1.69000005722046 1.51999998092651 1.44000005722046 1.37999999523163 1.11000001430511 1.54999986441931 1.57000005245209 1.52999997138977 1.60000002384168
10.1999998092651 9.98999977111816 8.80000019073486 8.4399995803833 7.96999979019165 5.61999988555908 6.03999996185303 6.09999990463257 4.92000007629395 4 3.84999990463257 4.09000015258789 4.34000015258789 4.55999994277954 4.82000017166138 5.84000015258789 5.3899998664856 5.40999984741211 5.40999984741211 5.51999998092651 5.30999994277954 5.34000015258789 5.11999988555908 4.90000009536743 4.63000011444092 4.28999996185303 4.05000019073486 3.76999998092651 3.44000005722046 3.27999995992348 2.70000004768372 2.29999995231628 2.0699999332428 1.9099999666214 1.88999998569489 1.95000004768372 1.73000001907349 1.44000008384877 1.4099999666214 1.62000000476837 1.52999998440192 1.45000004768372 1.36000001430511 1.42999994754791 1.55999994277954 1.69000005722046 1.63999998569489
9.88000011444092 9.72000026702881 9.13000011444092 8.26000022888184 7.76999998092651 4.86000013351441 4.71999979019165 4.6100001335144 3.80999994277954 4.28999996185303 4.15000009536743 4.28000020980835 4.3899998664856 4.57000017166138 5.46999979019165 5.76000022888184 5.32999992370605 5.19000005722046 5.28999996185303 5.42999982833862 5.40999984741211 4.86999988555908 4.96999979019165 4.76000022888184 4.59999990463257 4.34999990463257 4.23999977111816 3.74000000953674 3.44000004943263 3.11999988555908 2.6800000667572 2.21000004113192 1.99000000953674 1.76999998092651 1.69000005722046 1.71000003814697 1.74000000953674 1.48000001907349 1.53999996185303 1.71000003814697 1.62999999523163 1.55999994277954 1.45000004768372 1.47000002861023 1.55999994277954 1.75999999046326 1.77999997138977
9.56999969482422 9.56999969482422 9.01000022888184 5.63000011444092 5.01999998092651 4.67999982833862 5.1100001335144 5.46000003814697 5 5.15000009536743 5.11999988555908 4.53999996185303 4.73999977111816 5.67999982833862 5.73999977111816 5.48999977111816 4.98000001907349 5.1100001335144 5.07999992370605 5.42999982833862 5.21000003814697 4.55999994277954 4.65999984741211 4.80999994277954 4.55000019073486 4.30999994277954 4.1100001335144 3.55999996044153 3.56999993217297 2.99000000953674 2.44000005722046 2.36999988555908 1.96000003814697 1.71000003814697 1.53999996185303 1.67999994754791 1.87999999523163 1.83000004291534 1.72000002861023 1.94000005722046 1.87000000476837 1.82000005245209 1.65000001634595 1.62000000476837 1.57000005245209 1.52999997138977 1.58000004291534
9.34000015258789 6.59000015258789 6.69000005722046 6.53999996185303 6.26000022888184 5.90999984741211 6.05000019073486 6.23000001907349 6.13000011444092 5.8899998664856 5.69999980926514 5.55000019073486 5.07000017166138 5.8600001335144 5.98000001907349 5.46000003814697 5.09000015258789 5.34999990463257 5.40000009536743 5.30000019073486 5.17999982833862 5.05000019073486 4.82000017007253 4.59000015258789 4.40999984741211 4.28000020980835 3.8199999332428 3.67000007629395 3.44000005722046 2.82999992370605 2.10999989509583 2.02999997138977 1.64999997615814 1.23000001907349 1.24000000953674 1.01999998092651 1.3099999091393 1.6599999666214 2.00999999046326 2.0699999332428 1.98000015181533 1.74000000953674 1.69000005722046 1.72000002861023 1.57000005245209 1.55999994277954 1.62999999523163
8.15999984741211 7.28000020980835 7.01000022888184 7.05999994277954 6.96999979019165 6.80000019073486 6.67000007629395 6.69000005722046 6.73000001907349 6.46000003814697 6.21999979019165 5.98999977111816 5.30000019073486 5.86999988555908 6.07000017166138 5.82000017166138 5.63999986614047 5.61000013351441 5.71000003814697 5.71999979030512 5.76999998092651 5.42000007629395 5.15000009536743 4.1399998664856 3.93000007131204 3.63000011444092 3.61999988555908 3.25 2.97000002861023 2.24000000953674 1.58000004291534 1.49000000953674 1.0900000333786 1.24000000728648 1.17999994754791 1.23000001907349 0.970000028610229 1.52999997138977 2.03999996185303 2.1099994881586 1.9099999666214 2.1800000667572 2.05999994277954 1.8400000333786 1.78999999197953 1.74000000953674 1.69000005722046
8.22999954223633 7.90000009536743 7.67000007629394 7.42000007629394 7.48999977111816 7.19000005722046 7.09000015258789 7.01999998092651 7.07999992370606 6.73999977111816 6.61999988555908 6.44000005722046 6.1399998664856 6.11999988561588 6.30999994277954 5.92999982833862 5.78000020963529 5.6399998664856 5.65000009536743 5.69000005722046 5.73000001907349 5.73000001907349 5.36999988555908 4.90999984741211 4.3899998664856 3.80999994277954 3.27999997138977 3.07999992370606 2.64000010490417 2.0699999332428 1.94000005722046 1.37999999523163 1.12000000476837 0.939999997615814 1.19000005722046 1.37999999523163 1.33000004291534 1.61000001430511 1.62000014196393 1.91999995708466 2.0699999332428 2.20999996111948 2.38000011444092 2.20000004768372 2.1800000667572 1.88999998569489 1.75
8.42000007629395 8.10999965667725 8.17000007629395 8.02000045776367 7.84000015258789 7.82999992370605 7.57999992370605 7.30999994277954 7.44000005722046 7.01999998092651 6.42999982833862 6.69000005722046 6.86999988555908 6.80999994268196 6.6100001335144 6.38000011444092 6.21999979019165 5.92999982833862 5.90000009536743 5.8600001335144 5.6100001335144 5.80999993904429 5.55000019073486 5.32999992370605 4.55000019073486 3.82999992370605 3.89000010490418 3.59999990305817 3.21000003814697 2.51999998092651 2.33999991416931 1.83000004291534 1.1599999666214 1.14999997615814 1.04999995231628 1.47000002861023 1.62000000476837 1.91000022039337 2.74000000953674 2.36999988555908 2.44000005722046 2.28999996185303 2.42000007629395 2.21000003814697 2.25999999046326 2.15000009536743 1.94000018937628
8.64000034332275 8.56999969482422 8.5 8.51000022888184 8.23999977111816 8.14999961853027 8.03999996185303 7.63999986648559 7.51999998092651 7.57000017166138 7.34999990460766 7.19000005722046 6.98000001907349 6.78999996185303 6.75 6.53999996185303 6.48999977111816 6.30000019073486 6.21999979019165 6.13000011734552 6 5.90999984741211 5.71999979019165 5.26999998092651 5.17000007406476 4.26999998092651 4.13999986648559 4.01999998092651 3.57999992370605 2.95000004768372 2.52999997138977 2.09999990463257 1.41999996364723 1.36000001430511 1.71000003814697 1.78999996185303 2.10999900647437 0.270000010728836 0.462500005960464 0.550000011920929 0.497500002384186 0.709999978542328 1.07249999046326 1.08999987865329 1.25499999523163 1.15750002861023 0.850000023841858
8.89999961853028 8.9399995803833 8.84000015258789 8.72000026702881 8.48999977111816 8.32999992370605 8.31999969482422 8.05000019073487 7.84000015258789 7.82000017166138 7.65999984741211 7.61999988555908 6.73999977111816 6.65000009536743 6.65999984741211 6.55000019073486 6.53000020980835 6.4499997855166 3.97749996185303 3.8824999332428 3.9375 3.73499989348022 3.60249996185303 3.12750005722046 2.89499998092651 2.24499988555908 1.58749997615814 1.54999995231628 1.67750000953674 1.29250001907349 0.697500109672546 0.182500004768372 0.3125 -0.524999976158142 -0.222499996423721 0.02000000493816 0.805000007152557 0.947499990463257 1.10749995708466 0.652499973773956 0.379999995231628 0.852500021457672 1.25 0.977500021457672 1.20000004768372 1.03750002384186 0.752499997615814
5.69000005722046 5.8125 5.91750001907349 5.99749994277954 5.82999992370605 5.61000013351441 5.26249980926514 5.44000005722255 5.35500001907349 5.0149998664856 4.69500017166138 4.71750020980835 3.82500004768372 3.40000009536743 3.70749998092651 3.95499992362741 4.03749990463257 4.3125 4.28749990430265 3.94749999046326 3.44749999046326 3.9925000667572 3.95250010490417 2.9300000667572 2.6324999332428 2.65750002861023 1.55750000476837 1.45000004768372 1.63999998569489 1.63250005096761 0.462500095367432 -0.39750000834465 -0.292499989271164 0.0474999994039536 -0.277499661919004 0.354999989271164 0.897499978542328 1.22000002861023 1.67499995231628 0.845000028610229 0.694999992847443 0.834999978542328 1.52250003814697 1.39250004291534 1.31500005722046 1.24000000953674 0.685001010998364
5.58249998092651 5.72249984741211 5.91750001907349 6.21000003814697 5.73000001907349 5.42500019073486 5.35750007629395 5.36999988556358 5.5149998664856 5.58750009536743 5.35500001907349 5.00250005722046 3.96000003899094 3.34500002916171 3.65249991416931 3.94250011444092 4.06750011444092 4.09250020980835 4.08249998092651 3.98749995231628 3.98000001907349 3.74499988555908 4.5774998664856 3.18249988555908 3.01500010490417 3.34999990463257 2.49999999646186 1.94249999523163 1.86500000953674 1.61000001430511 0.232500001788139 -0.595000028610229 -0.487500011920929 -0.114999968511177 0.592499837107678 0.877499997615814 0.897499978542328 1.00499999523163 1.70749998092651 0.990000128746033 0.712499976158142 0.759999990463257 0.805000007152557 0.947499990463257 1.13999998569489 1.25750005245209 1.31500005722046
5.7350001335144 5.95499992370605 6.04250001907349 6.24499988555908 5.91750001907349 5.57000017166138 5.48250007629395 5.6725001335144 5.69500017166138 5.92749977112143 5.9099998476555 5.5774998664856 5.30000019073486 4.92500019073486 4.01249980926514 3.95499992357937 4.01749992370605 4.26000022888184 4.40250015258789 4.03249979019165 4.16249990463257 4.25 4.93249988555908 4.02500009536743 3.83500003814697 4.09250020980835 3.52500009536743 2.77999997138977 2.3050000667572 1.80750000476837 0.030000040307641 -0.335000007809373 -0.174999898803257 0.490000009536743 0.579999983310699 0.800000011920929 1.29750001430511 1.32500004768372 1.39250004291534 1.15500081720383 0.714999973773956 0.552500009536743 0.797500014305115 1.0625 1.02499997615814 1.7150000333786 1.58249998092651
5.81750011444092 6.01749992370605 6.08750009536743 6.32250022888184 6.36999988555908 6.00000000001797 5.80999994277512 5.71500015258789 6.22749996185303 6.21750020980835 6.30499982833862 6.12750005722046 5.84499979019165 5.90000009536743 5.10500001907349 4.77500009536743 4.36749982833862 4.34499979019165 4.31500005722046 4.7350001335144 4.60249996185303 4.7649998664856 5.44500017166138 5.38250017166138 4.96250009536743 4.7649998664856 3.79749989509583 3.5625 2.37750005722046 1.24749994277954 0.194999992847443 1.08000004291534 0.677500009536743 0.834999978542328 0.925000011920929 1.14250004291534 1.5225000194168 1.6599999666214 1.73000001907349 1.9650000333786 0.717499971389771 0.884999990463257 0.779999971389771 1.16250002384186 1.3750001008673 2.14249992370605 2.11249995231628
5.78999996185306 6.14249992370606 6.30499982833862 6.4375 6.28999996185341 6.46999979019165 6.34250020980835 6.11499977111816 6.25 6.28249979019165 6.48999977111816 6.59999990463257 6.71500015257474 6.61999988555908 5.99249982833862 5.65999984741211 5.00750017166138 4.74749994277954 4.73999977111816 4.6725001335144 4.82999992479348 5.30499982833862 5.9524998664856 6.10249996185303 6.53749990463257 5.61250019073486 4.70499992370606 4.125 3.16750001082051 1.82500004768372 1.97749996185303 2.15000009536743 1.72000002861023 1.55250000981612 1.55999994277954 1.23749995231628 1.32000005245209 1.01750004291534 1.05499994754791 1.60249996185303 1.33749997615814 0.677500009536743 1.11500000953674 1.53500061363745 2.1175000667572 2.36500000953674 1.97750009642984
