SnowAccumulation_R/test/tmax/final_tmax_30_04_2009.asc
NCOLS 97 
NROWS 69 
XLLCORNER 52512.810182332 
YLLCORNER 5316225.2758522 
CELLSIZE 10000 
NODATA_value -9999 
[rows 21 to 41 of 69, columns 0 to 46 of 97]
-9999 -9999 -9999 -9999 0.370000004768372 -0.109999999403954 0.649999976158142 1.83000004291534 -0.759999990463257 -0.109999999403954 0.00999999977648258 1.86000001430511 2.82999992370605 2.8199999332428 3.47000002861023 4.63000011444092 5.57000017166138 6.1100001335144 6.86999988555908 7.03000020980835 7.53000020980835 7.88000011444092 8.13000011444092 8.5 8.8900003402374 9.27999973297119 9.09000015258789 9.02999973297119 9.06999969482422 9 9.25 9.69999980926514 10.3699998855591 10.5200004577637 10.6499996185303 10.8500003814697 10.8599996566772 10.9799995422363 11.0900001525879 11.3800001144409 11.2700004577637 10.8599996566772 10.789999961853 10.9499998092651 11.460000038147 11.3199996948242 11.6899995803833
-9999 -9999 -9999 -9999 1.8400000333786 -1.19000005722046 0.5 1.87999999523163 -0.370000004768372 -1.33000004291534 0.469999998807907 0.28999999165535 2.05999994277954 2 2.39000027513517 4.28000020980835 5 6.11999988555908 6.6399998664856 6.76000022888184 7.28999996185303 7.69000005722046 7.82999992370605 8.25 8.72000026344322 8.85000038146973 8.77999973297119 9 8.89000034332275 8.64000034332275 8.96000003814697 9.47999954223633 10.1700000762939 10.3199996948242 10.4399995803833 10.7399997711182 10.6800003051758 10.8199996948242 11.0100002288818 10.6000003814697 10.8299999237061 10.8199996948242 10.8599996566772 10.8400001525879 10.9700002670288 11.0900001525879 11.539999961853
-9999 -9999 -9999 0.00999999977648258 0.600000023841858 2.75999999046326 0.519999980926514 -0.310000002384186 -1.51999998092651 -1.25999999046326 -0.430000007152557 -1.10000002384186 1.37000000476837 2.57999978961537 3.51999998092651 5.17999982833862 5.67999982833862 5.96000003814697 6.57000017166138 6.88000011444092 6.98000001907349 7.61999988555908 7.69000005722046 7.78000020980835 8.30000019073487 8.25 8.52000045557878 8.89999961853027 8.88000011444092 8.89000034332275 9.02000045776367 9.53999996185303 9.89000034332275 10.1899995803833 10.3299999237061 10.6300001144409 10.5 10.6099996566772 10.789999961853 10.8800001144409 10.5299997329712 10.5100002288818 10.710000038147 10.6700000762939 10.7299995422363 11.1000003814697 11.1700000762939
-9999 -9999 -9999 -1.00999999046326 -0.449999988079071 0.170000001788139 -2.05999994277954 -0.560000002384186 -1.83000004291534 -2.23000001907349 -1.07000005245209 -0.299999973892723 0.600000023841858 4.82000017166138 5.15999984741211 5.3600001335144 5.69000005722046 6.40999984741211 6.55999994277954 6.82999992370606 6.92000007629395 7.48999977111816 7.42999982833862 7.71000003814697 8.06999969482422 8.24999999922509 8.28999996185303 8.65999984741211 8.80000019073486 8.88000011444092 9.47000026702881 9.64000034332275 9.82999992370605 9.98999977111816 10.1700000762939 10.539999961853 10.5600004196167 10.6700000762939 10.8100004196167 10.8800001144409 10.5900001525885 10.4399995803839 10.550000190735 10.5299997329714 10.6199998855591 10.9799995422363 11.2299995422363
-9999 -9999 -9999 -1.23000001907349 -0.199999545554772 0.259999990463257 -0.75 -1.0900000333786 -3.44000005722046 -1.04999995231628 -1.87000000476837 4.44000005722046 4.59000015258789 4.76000022888184 5.19000005722046 5.53999996185303 5.78999996185303 6.42000007629395 6.55999994277954 6.76000022888184 6.94000005722046 7.32999992370605 7.28999996185303 7.23000001907349 7.84999990463257 8.14000034332275 8.26000022888184 8.26000022967532 8.72999954223633 9.35999965667725 9.65999984741211 9.88000011444092 9.9399995803833 10.0500001907349 10.3599996566772 10.6199998855591 10.6499996185303 10.6999998092651 10.8500003814697 10.9099998474121 10.9399995803833 10.9399995803833 10.7399997711182 10.6999998092651 10.8299999237061 10.9700002670288 11.1099996566772
-9999 -9999 -9999 -1.12999409785958 -1.99000000953674 2.85999989509582 -1.27999997138977 -2.04999995231628 -1.71000003814697 -2.63000011444092 -1.95000004768372 -1.14999997615814 4.76999998092651 4.98999977111816 5.1100001335144 5.26000022888184 5.63000011444092 6.53999996185303 6.6399998664856 6.69000005722046 6.86999988555908 7.32999992370605 7.23000001907349 7.15999984741211 7.61999988555908 8.11999988555908 8.2600002293397 8.38000011757798 9.39000034332275 9.53999996185303 9.88000011444092 10.3800001144409 10.4300003051758 10.6300001144409 10.6700000762939 10.789999961853 10.6999998092651 10.710000038147 10.8400001525879 10.9700002670288 11.039999961853 11.1199998855591 10.8699998855591 10.6999998092651 10.9200000762939 11.1300001144409 11.0699996948242
-9999 -9999 -9999 3.55999994277954 2.10999989509583 2.67999881258234 -2.82999992370606 0.129999995231628 -1.53999996185303 -1.16999995708466 -0.790000021457672 -1.16999995708466 -1 4.23000001907349 4.34999990463257 5.17999982833862 5.82999992370605 6.15999984741211 6.40999984741211 6.75 6.82000017166138 7.09000015258789 7.23999977111816 7.51000022888184 7.82000017166138 8.31999969482422 8.77999973297119 8.93000030517578 9.52999973389071 9.63000011533557 10.1199998855591 10.539999961853 10.5500001907349 10.6599998474121 10.7200002670288 10.8400001525879 10.7799997329712 10.7600002288818 10.8599996566772 10.9099998474121 11.0100002288818 10.8999996185303 11.0500001907349 10.960000038147 10.9300003051758 11.0600004196167 11.1000003814697
-9999 -9999 -9999 6.92999982833862 0.740000009536743 -0.479999989271164 -0.140000000596046 -1.47000002861023 -0.509999990463257 -1.42999994754791 -0.759999990463257 -1.20000004768372 -0.569999992847443 -0.5 4.34000015258789 4.44999980926514 5.82000017166138 6.1100001335144 6.36999988555908 6.67000007629395 7.05999994277954 7.11000013351441 7.32000017166138 7.53999996185303 8.10999965667725 8.6899995803833 8.86999988555908 9.05000019073486 9.69999981100494 9.92000007629394 10.3100004196167 10.8100004196167 10.6999998092651 10.4799995422363 10.6999998092651 10.8999996185303 10.8900003433228 10.8400001525879 10.8599996566772 10.8699998855591 10.9799995422363 11.0100002288818 10.9799995422363 11.1999998092651 11.1300001144409 11.1599998474121 11.2399997711181
-9999 -9999 -9999 6.78000020980835 1.87000000476837 2.70000004768372 1.60000006383601 0.810000002384186 2.45000004768372 -0.579999983310699 -2.17000007629394 -1.50999999046326 -1.91999995708466 -1.11000001430511 4.30999994277954 4.84999990463257 4.94999980926514 5.90000009536743 6.32000017166138 6.6399998664856 7.01000022888184 7.07000017166138 7.42000007629395 7.61999988555908 8.14999961853027 8.35000038146973 8.89999961853027 9.56999969482422 10.2700004577637 10.6499996185303 10.930000306301 11.159999848038 10.9899997711182 10.8800001144409 10.8599996566772 10.8800001144409 11 10.789999961853 10.8500003814697 11.039999961853 11 11.039999961853 11.0699996948242 11.1300001144409 11.1999998092651 11.4099998474121 11.4099998474121
-9999 -9999 -9999 10.4299977443745 5.15999984741211 3.73000001907349 1.74999976954367 -0.370000004768372 -0.25 1.21000003814697 -1.710000027469 -0.639999985694885 0.540000021457672 -1.63999998569489 4.69000005722046 4.75 4.86000013351441 5.23000001907349 6.17000007629395 6.53000020980835 7.17000007629395 7.26999998092651 7.34999990463257 7.55999994277954 7.98999977111816 8.31999969482422 9.31999969482422 9.60000038146973 10 10.6499996180573 11.489999770047 11.6400003433228 11.3299999237061 11.2600002288818 10.9399995803833 10.9300003051758 11.0299997329712 10.9499998092651 10.8599996566772 10.8800001144409 10.9200000762939 11.1400003433228 11.210000038147 11.2299995422363 11.2399997711182 11.2299995422363 11.2700004577637
-9999 -9999 -9999 9.34000015258789 3.95000004768372 6.1100001335144 0.839999973773956 1.01999894922354 -1.07000005245209 2.25 1.23000001907349 -0.140000000596046 -0.310000002384186 0.0700000002980232 4.53000020980835 4.57000017166138 4.96999979019165 5.19999980926514 5.67999982833862 6.51999998092651 6.82999992370606 7.30999994277954 7.55999994277954 7.61000013351441 8.03999996185303 8.39000034332275 9.3100004196167 9.59000015258789 10.1199998855591 10.3800001144409 10.5299997329712 10.6599998474121 11.2299995418302 11.1899995802106 11.0500001907349 10.9499998092651 11.1000003814697 10.9700002670288 11.0299997329712 11.1099996566772 11.0500001907349 11.2700004577637 11.2399997711182 11.2399997711182 11.25 11.2799997329712 11.3000001907349
-9999 -9999 -9999 4.67000007629395 8.10999971623245 3.78999996185303 4.90000009536743 0.449999988079071 1.18999983193275 0.119999997317791 1.21000003814697 2.16000008583069 1.77999997138977 2.6800000667572 4.40000009536743 4.48999977111816 4.65000009536743 5.11999988555908 5.69999980926514 6.53000020980835 6.86000013351441 7.1100001335144 7.65000009536743 7.88000011444092 8.26000022888184 8.39999961853027 8.85000038146972 9.71000003814697 10.1300001144409 10.3000001907349 10.2299995422363 10.6599998470984 10.7200002667856 10.8299999237061 10.7700004577637 10.8699998855591 10.8199996948242 10.9099998474121 11.1000003814697 11.1800003051758 11.1300001144409 11.3699998855591 11.2700004577637 11.2600002288818 11.2700004577637 11.1700000762939 11.3000001907349
-9999 -9999 -9999 5.63000011444092 7.82999992370605 9.67000007629395 4.23000001907349 5.19000005722046 1.86000001430511 0.580000979792381 -0.129999995231628 1.73000001907349 1.37999999523163 1.60000002384186 4.21000003814697 4.30000019073486 4.53999996185303 4.71000003814697 5.51000022888184 6.6399998664856 6.92999982833862 7.25 7.69999980926514 7.98999977111816 8.27000045776367 8.39999961853027 8.93000030517578 9.71000003814697 9.80000019073486 10.1999998092651 10.289999961853 10.3100004196167 10.4700002670288 10.210000038147 10.2200002670288 10.7200002670273 10.7799997329846 10.960000038147 11.1800003051758 11.2600002288818 11.1899995803833 11.4099998474121 11.3500003814697 11.2700004577637 11.2700004577637 11.2600002288818 11.289999961853
-9999 -9999 -9999 2.85999989509583 5.30000019073486 8.40999984741211 8.89999961853027 2.24000000953674 4.53000020980835 1.80999994277954 0.640000613506358 -0.0599999986588955 0.379999995231628 1.16999995708466 3.71000003814697 3.8199999332428 4.57999992370605 4.53000020980835 5.03000020980835 5.84999990463257 6.94999980926514 7.48000001907349 7.71000003814697 7.94000005722046 8.17000007629395 8.42000007629395 9.25 9.42000007629395 9.60999965667725 9.90999984741211 10.0100002288818 10.4200000762939 10.4499998092651 10.4399995803833 10.4499998092651 10.8199996948242 11.0500001907349 11.1000003814697 11.1999998092651 11.590000152586 11.4099998474119 11.3400001525876 11.3599996566774 11.2500000000002 11.239999771118 11.2399997711181 11.2700004577637
-9999 -9999 2.6800000667572 3.67000007629395 -0.300000011920929 6.96999979019165 9.21000003814697 6.25 3.32999992370605 6.90999984741211 1.37000000476837 -0.149999754097405 -0.55000001192093 0.75 2.94000005722046 1.1599999666214 3.65000009536743 4.25 4.82000017166138 5.26999998092651 6.96999979019165 7.5 7.71000003814697 7.82000017166138 8.35000038146973 8.47000026702881 9.03999996185303 9.39999961853027 9.53999996185303 9.72999954223633 9.78999996185303 9.9399995803833 10.1999998092651 10.289999961853 10.539999961853 11.0200004577637 11.6099996566772 11.1899995803833 11.1999998092647 11.3199996948234 11.319999694824 11.2299995422363 11.4200000762939 11.3299999237061 11.1899995803833 11.1999998092651 11.2299995422363
-9999 -9999 0.889999985694885 0.0599999986588955 2.72000002861023 0.870000004768372 4.42999982833862 8.64000034332275 4.76999998092651 2.72000029243235 1.80999994277954 2.05999994277954 0.189999997615814 0.579999983310699 2.86999988555908 2.34999990463257 3.30999994277954 4.09999990463257 4.53000020980835 5.1100001335144 7.28000020980835 7.69999980926514 7.78999996185303 7.90000009536743 8.56999969331766 8.65999984723 9.0600004196167 9.38000011444092 9.67000007629395 9.72000026702881 9.89999961853027 9.94999980926514 10.039999961853 10.1800003051758 10.4499998092651 10.8299999237061 11.0699996948242 11.1400003433228 11.1199998855591 11.1099996566772 11.1999998092651 11.1599998474121 11.3400001525879 11.1999998092651 11 11.039999961853 11.0900001525879
-9999 -9999 2.77999997138977 4.23000001907349 2.85999989509583 1.4099999666214 1.92000027306132 8.42000007629395 8.86999988555908 3.09999990463257 5.55000019073486 3.96000003814697 1.28999996185303 1.07000005245209 3.4300000667572 3.47000002861023 3.67000007629395 4.15999984741211 4.69000005722046 5.07999992370605 6.84000015258789 7.65000009536743 7.78000020980835 7.98000001907349 8.63000011444092 8.68000030517578 9.10000038146972 9.19999980926514 9.61999988555908 9.6899995803833 9.69999980926514 9.93000030517578 10.0200004577637 10.25 10.3900003433228 10.6700000762939 10.960000038147 11.0900001525879 11.1099996566772 11.1899995803833 11.1999998092651 11.1499996185303 11.2299995422363 11.1499996185303 10.7600002288818 10.9399995803833 11.1300001144409
-9999 -9999 3.66000008583069 5.21000003814697 4.28999996185303 0.159999996423721 2.63000011444092 5.15999984741211 10.1400003433228 3.73000001907349 3.53999996185303 2.8199999332428 3.5699999332428 0.110000007892346 -0.0599999986588955 3.77999997138977 3.99000000953674 4.21000003814697 4.8600001335144 5.61000013351441 6.8899998664856 7.38000011444092 7.69999980926514 7.96000003814697 8.3100004196167 8.85000038146973 9.18000030517578 9.30000019073486 9.42000007629395 9.5600004196167 9.64999961853027 9.81999969482422 9.90999984741211 10.1800003051758 10.4399995803833 10.5600004196167 10.9300003051758 11.1199998855591 11.2399997711182 11.2299995422363 11.1599998474121 11.2799997329712 11.25 11.2799997329712 11.1899995803833 11.1499996185303 11.2799997329712
-9999 -9999 9.71000193116651 5.94000005722046 1.70000004768372 3.17000007629395 3.36999988555908 4.6100001335144 10.1199998855591 6.38000011444092 3.00000007331109 7.1100001335144 4.6399998664856 2.58999991416931 2.20000004768372 3.89000010490417 4.15999984741211 4.34999990463257 4.96000003814697 5.67000007629395 6.65000009536743 6.67999982833862 7.26000022888184 7.73999977111816 8.02000045776367 8.28999996185303 8.8100004196167 9.38000011444092 9.39999961853028 9.53999996185303 9.52999973297119 9.71000003814697 10 10.3199996948242 10.4200000762939 10.7700004577637 10.9700002670288 11.2799997329712 11.4300003051758 11.3900003433228 11.3299999237061 11.25 11.4499998092651 11.4200000762939 11.3800001144409 11.3400001525879 11.3900003433228
-9999 -9999 13.6099996566772 1.09000229189605 0.0600002424708326 1.28999996185303 0.180000007152557 5.03000020980835 5.38000011444092 10.6199998855591 2.3199999332428 6.23999977111816 3.63000011444092 1.98000001907349 0.689999997615814 -0.349999994039536 2.80999994277954 4.86999988555908 5.11999988555908 5.73999977111816 6.21999979019165 5.96999979019165 7.9400000537466 8.22000026614916 7.98999977111816 8.23999977045753 8.23999977482185 9.01000022888184 9.40999984741211 9.53999996185303 9.64000034332275 9.69999980926514 9.98999977111816 10.3199996948242 10.7299995422363 10.8500003814697 10.9799995422363 11.289999961853 11.4799995422363 11.3999996185303 11.4200000762939 11.4200000762939 11.3900003433228 11.3599996566772 11.3000001907349 11.3500003814697 11.3100004196167
-9999 -9999 13.9799995422363 3.63000011444092 2.70000015347748 1.73000001907349 4.07999992370605 1.20000004768372 2.91000008583069 9.64999961853027 2.86999988555908 3.73000001907349 4.90000009536743 2.28999996185303 1.86000001430511 1.03999996185303 2.69000005722046 2.61999988555908 5.57000017166138 6.28000020980835 6.46999978960222 7.05999994019844 7.67000007629394 7.78000020980835 7.76999998092651 8.52000045776367 8.81999969433759 8.89999961853027 9.02999973297119 9.59000015258789 9.64999961853027 9.6899995803833 9.89000034332275 10.210000038147 10.7200002670288 10.8400001525879 10.9499998092651 11.1999998092651 11.3699998855591 11.3800001144409 11.3500003814697 11.2700004577637 11.3900003433228 11.3699998855591 11.3599996566772 11.3900003433228 11.3699998855591
