SnowAccumulation_R/test/tmax/final_tmax_06_04_2009.asc
NCOLS 97 
NROWS 69 
XLLCORNER 52512.810182332 
YLLCORNER 5316225.2758522 
CELLSIZE 10000 
NODATA_value -9999 
[rows 21 to 41 of 69, columns 47 to 93 of 97]
12.7399997711182 12.6000003814697 12.4700002670288 12.2200002670288 12.1099996566772 11.9099998474121 11.25 10.8900003433228 10.7299995422363 10.3999996185303 10.4099998474121 9.63000011444092 9.42000007712669 9.32999992370605 9.02000045776367 8.64000034332276 8.49999999973723 8.07999992370606 7.6100001335144 7.34000015258789 7.48999977149485 7.55999994277954 7.51999998092651 7.30999994277954 7.17999982832826 6.86000013351441 6.48999977111816 6.19999980926514 5.96000003814697 5.07999992370605 4.5 3.89000019470973 3.76999998092651 3.32999992370605 2.80999994277954 2.42000007629395 2.24000000953674 1.94000005722046 1.62999999523163 1.42999994754791 1.4099999666214 1.36000001430511 1.24000000953674 1.23000001907349 1.16999995708466 1.07000005245209 -9999
13.0299997329712 12.960000038147 12.6499996185303 12.539999961853 12.539999961853 11.9499998092651 11.5600004196167 11.1700000762939 11.0600004196167 10.7100000382161 10.3999996187102 10.1400003433228 10 9.60000038146973 9.23999977111816 8.97999954223633 8.81999969482422 8.43000030517578 7.8899998664856 7.73999977111816 7.8899998664856 7.8899998664856 7.80000019073486 7.55000019073486 7.48000001907349 7.21000003814697 7.05000019073486 6.76000022888184 6.30999994277954 5.5 4.80000030975513 4.42999982833862 4.1100001335144 3.5699999332428 3.04999995231628 2.58999991416931 2.39000010490418 2.0699999332428 1.75999999046326 1.63999999995094 1.61000001430511 1.55999994277954 1.3900003283161 1.40000027122424 1.3400000333786 1.23000001907349 -9999
13.1499996185303 13.289999961853 13.1000003814697 12.8599996566772 12.6499996185303 12.4300003051673 11.9499998092841 11.7299995422363 11.5600004196167 11.1700000762939 10.8500003814697 10.3599996566772 10.2600002288818 9.78999996185303 9.39999961853027 9.05000019073486 8.89999961853027 8.67000007629395 8.34000015258789 8.21000003814697 8.21000003814697 8.22000026702881 8.02999973297119 7.82000017166138 7.80000019073486 7.51999998092651 7.42999982833862 6.92999983221432 6.57999992370605 5.84999995207715 5.3899998664856 4.71999994763739 4.40000009536743 3.74000000953674 3.15000009536743 2.86999988555908 2.49000000953674 2.21000003814697 1.92999994754791 1.8400000333786 1.75999999046326 1.70000012130199 1.61000001430511 1.52999997138977 1.39999997615814 1.27999997138977 -9999
13.2799997329724 13.3199996948253 13.289999961853 13.1300001144409 12.9799995422363 12.4499998092651 12.2600002288818 11.8599996566772 11.75 11.460000038147 11.0600004196167 10.6499996185303 10.3900003433228 10.0799999237061 9.55000019073486 9.17000007629395 9.03999996185303 8.73999977111817 8.64000034332276 8.56000041972994 8.64000034332275 8.52999973297119 8.3100004196167 8.19999980914648 8.07999992370606 7.78999996185303 7.65000009536743 7.40999984741211 6.75000003220993 6.17000007629395 5.53000020980835 5.19999980926514 4.57999992370605 3.95000004768372 3.26999998092651 2.98000001907349 2.59999990463257 2.32999992370605 2.08999997232723 2.00999999046326 1.87000000476837 1.80999994277954 1.74000000953674 1.5900000333786 1.38999998569489 1.25999999046326 -9999
13.789999961853 14.0299997329712 13.6800003051758 13.3900003433228 13.2399997711182 12.8100004196167 12.4899997711182 12.1000003814697 11.9499998092651 11.6000003814697 11.1999998092651 11.1099996565983 10.6999998092651 10.4099998474121 9.93000030517578 9.67000007585369 9.14000034332275 8.94999980926514 8.77999973297119 8.96000003814697 8.77999973297119 8.8100004196167 8.61999988555908 8.5 8.35000038146973 8.09000015258789 7.82999992370605 7.76000022888184 7.05000019073486 6.11999988555908 5.46000005208124 5.15000009536743 4.67999982833862 4.1100001335144 3.78999996185303 3.10999989509583 2.72000002861023 2.45000004768372 2.3199999332428 2.09999990463257 2.03999996185303 1.87999999523178 1.77999997138977 1.41999995708466 1.07000005245209 1.04999995231628 -9999
13.6899995803833 13.9899997711182 14.0799999237061 13.6400003433228 13.5500001907349 13.1700000762939 12.7200002670288 12.5799999236944 12.1999998092651 11.8100004196167 11.4399995803833 11.2899999617739 10.9499998092651 10.7700004577637 10.5200004577637 10.2799997329712 9.64000034332275 9.27000045776367 9.3100004196167 9.32999992370605 9.26000022888184 9.10000038146973 8.96000003814697 8.85999965667725 8.57999992370606 8.32999995309871 8.36999988555908 7.78999996185303 7.17999982833862 5.88000011444092 5.51999998092651 4.92000007629395 4.55000019073486 4.15999984741211 3.89000010490417 3.24000000953674 2.84999990463257 2.56999997969633 2.44000005722046 2.35999979880867 2.15000009536743 2.04999995231628 1.74000000953674 1.19000005722046 0.930000007152557 0.910000026226044 -9999
13.9700002670288 14.1700000762939 14.2799997329712 14.1899995803823 13.8199996948242 13.5100002288818 13.0500001907349 12.7799997329541 12.4799995422363 12 11.6300001144409 11.4799995422363 11.1000003814697 10.8699998855591 10.4899997711182 10.5 10.0600004196167 9.77000045776367 9.75 9.69999980926513 9.5600004196167 9.36999988555908 9.35999965643489 9.17000007629395 8.88000014400361 8.85999965667725 8.60000038146973 7.92999982833862 7.26999998092651 6.21000003814697 5.78999996185303 5.05999994277954 4.51999998092651 4.32000017166138 3.89000010490417 3.39000010490417 2.96000003814697 2.88000011444092 2.61000013321812 2.49000000953674 2.27000006834982 2.13000011444092 1.6599999666214 1.17999994754791 1.05999994277954 0.949999988079071 -9999
14.3599996566772 14.4499998092651 14.25 14.1000003814698 14.4499998092651 13.6400003433228 13.25 13.0500001907349 12.7299995422363 12.2200002670288 11.8199996948242 11.6599998474121 11.3900003433228 10.8999996185303 10.4399995803833 10.4200000762939 10.6099996566772 10.2799997329712 10.1599998472318 9.97999954223633 9.78999996185303 9.63000011444092 9.5600004196167 9.64999961853027 9.53999996185303 9.06999969482422 8.76000022888183 8 7.34000015258789 7.03000020980835 6.09000015258789 5.25 4.69999980926514 4.44000005722046 3.86999988555908 3.63000011444092 3.26000003233229 3.12000013588642 3.03999996185303 2.71000003814697 2.54999995231628 2.16000008583069 1.66999995708466 1.27000027035808 1.1599999666214 1.02999997138977 -9999
14.5299997329712 14.6000003814697 14.5 14.2299995422362 14.6400003433228 13.9700002670288 13.4700002670288 13.1800003051758 12.8299999237061 12.4700002670288 12.0100002288818 11.8199996948242 11.5900001525879 11.0900001525879 10.8199996945955 10.6000003814697 10.6999998092651 10.5600004196167 10.4700002670288 10.1899995803833 10.0699996948242 9.96000005484765 10.1899995803833 9.77000045776367 9.76000022888184 9.68999958007832 8.8100004196167 7.96000003814697 7.36999988555908 7.1399998664856 6.28999996185303 5.51999998092651 4.92000009822618 4.67999982833862 3.98000001907349 3.83999991416931 3.74000029465416 3.67000007629395 3.26999998092651 2.88000022704498 2.70000004768372 2.24000000953674 1.74000000953674 1.54999995231628 1.22000002861023 0.980000019073486 0.850000023841858
14.4899997711182 14.5900001525879 14.6199998855591 14.6899995803833 14.6300001144409 14.210000038147 13.6000003814697 13.25 13.0299997329712 12.7799997329712 12.289999961853 12 11.6199998855591 11.3500003814697 11.0900001525879 10.9200000762939 10.6499996185303 10.6300001144409 10.6899995803833 10.539999961853 10.8400001525879 10.760000228237 10.4300003051758 9.97999954223633 9.77000045776367 9.77999973297119 8.94999980926514 8.05000019073486 7.42000007979413 7.19000005722046 6.48999977111816 5.78999996185303 5.48999977111816 5.01999998092651 4.21999979019165 4.09000038896998 4.46999979019165 4.03000020980835 3.49000000953674 3.25999999046326 2.84999990463257 2.4300000667572 1.88000035624533 1.67999994754791 1.05999994277954 0.850000023841858 0.880000224347832
14.6300001144409 14.5900001525879 14.5699996948242 14.7399997711182 14.6999998092651 14.3999996185303 13.75 13.5699996948242 13.0200004577637 12.960000038147 12.8299999236273 12.1800003051758 11.8999996185303 11.5900001525879 11.4200000762939 11.4700002670288 10.9899997711182 11.1199998855591 11.1199998916981 11.2799997329712 11.1999998092651 11.1000003814697 10.5799999237061 10.1000003814697 9.72999954223633 9.69999980926514 9.26000022888184 8.1899995803833 7.80999994277954 7.26000022888184 6.69000005722046 6.05000019073486 5.76999998092651 5.34000015258789 4.69999980926514 4.8600001335144 4.80999994277954 4.34000015258789 3.71000017779868 3.5 3.01999998092651 2.60999989509582 2.38000011444092 1.80999994277954 1.19000005722046 1.0100000335834 1.03999996185303
14.7600002288818 14.6700000762939 14.6999998092651 14.710000038147 14.7399997711182 14.5100002288818 14.0299997329712 13.7399997711182 13.1199998855591 13.0699996948242 13.029999732925 12.5799999237061 12.2399997711182 11.8699998855591 11.7600002288818 11.5900001525879 11.3800001183464 11.7700004576976 11.710000038147 11.6999998092651 11.4899997711182 11.3100004196167 10.6400003433228 10.0799999237061 9.78999996136435 9.60000038146973 9.3100004196167 8.39999961853028 7.96000003814697 7.40999984741211 6.92999982833862 6.61999988555908 6.03999996185303 5.63000011444092 5.48999977111816 5.30000019073486 5.13000011444092 4.61999988555908 4.28000020980835 3.67000007629394 2.74000000953674 2.7100001175329 2.48000001907349 2.00999999046326 1.49000000953674 1.44999966877589 1.16999995708466
14.8400001525879 14.8400001525879 14.8100004196167 14.7399997711182 14.7299995422363 14.2700004577637 14.210000038147 13.9899997711182 13.5 13.3199996948242 13.3100004196167 12.8100004196167 12.5699996948242 12.2200002670288 12.1099996586898 12.4499998092651 11.8500003814697 11.8900003433228 11.9899997711182 11.9200000762939 11.5500001907349 11.3299999237061 10.9200000762939 10.6000003814697 10.4399995803833 10.0600004196167 9.52999973297119 8.75000000164001 8.27999973297119 7.6399998664856 7.17000007629394 6.80999994277954 6.19000005722046 6.01999998092651 6 5.65000009536743 5.40000009536743 4.84999990463257 4.53000020980835 3.79999995231628 3.07999992370605 2.83999991416931 2.55999994277954 2.16000008583069 1.95000031519525 1.62999999523163 1.25999999046326
14.8900003433228 14.9200000762939 14.890000343323 14.8900003433223 14.75 14.4300003051758 14.6300001144394 14.1800003051758 13.8199996948242 13.5900001525879 13.5699996948242 12.9399995811317 12.8400001533315 13.0699996947536 12.9300003051758 12.8900003433228 12.5500001907349 12.2600002288818 12.4700002670288 12 11.5699996946006 11.4700002670288 11.2700004577637 11.2399997711182 11.0900001525879 10.5100002288818 9.86999988555908 9.47000026702881 8.64000034332275 8.02999973297119 7.48999977812724 7.17000018926985 6.84999990463257 6.19999980926514 6 5.80000019073486 5.46999979019165 5.19000005722046 4.6399998664856 3.94000005722046 3.27000019907541 2.9300000667572 2.53999996185303 2.25999999046326 2.00999999046326 1.70000004768372 1.33000004291534
14.9200000762939 14.8999996185303 14.9399995803832 14.8900003433231 14.8400001525895 14.6199998855591 14.6000003814758 14.4499998092651 14.1199998857013 13.909999847489 13.7799997329712 13.3999996185303 13.6499996185303 13.6199998854646 13.4200000762939 13.2799997329712 13 12.8500003814697 12.8100004196167 12.0900001525879 11.7600002288818 11.7299995422363 11.6099996566772 11.3199997019306 11.2200002670288 10.710000038147 10.1300001144409 9.63000011444092 8.85000038146973 8.27999973297119 8.03999999471257 7.51000022888184 7.13000011444092 6.50000003351315 6.17000007629395 5.84999990463257 5.42000007629395 5.09999990463257 4.6100001335144 4.01999998092651 3.64000010490417 3 2.53999996185303 2.39000010490417 2.02999997138977 1.67999994754791 1.45000004768445
15.0600004196167 15.0100002288818 14.9799995422363 14.9499998092651 14.9200000762939 15.2200002670201 14.9099998474086 14.7299995422363 14.4700002670288 14.210000038147 14.0799999237061 13.8500003814697 13.6800003051758 13.8100004196167 13.5699996948242 13.6300001144409 13.4899997702896 13.039999961853 12.960000038147 12.3299999237061 11.8999996185303 12.1400003433228 12.1700000762939 11.9799995422363 11.5 10.9099998474121 10.3000001907349 9.75 9.02999973297119 8.47999957590237 8.35999965667725 7.6399998664856 7.09999990463257 6.90000009536743 6.44999980926514 5.8600001335144 5.57999992370605 5.09000015258789 4.48000001907349 4.05000019073486 3.75999999046326 3.0699999332428 2.21000043817966 1.91999995708466 1.57000005245209 1.39999997615814 1.25
15.0900001525879 15.039999961853 15.0100002288818 14.9799995422363 14.9499998092651 14.9899997711182 14.8999996185303 14.75 14.5600004196167 14.2399997711182 14.1400003433228 13.8999996185303 13.789999961853 13.8000001907349 14.0299997329712 13.8500003814697 13.6499996179512 13.210000038147 13.0299997329712 12.7799997329712 12.3999996185303 12.4700002670288 12.1099996566772 12.25 12.0699996948242 11.3400001525879 10.9799995422363 9.92000007629395 9.18000033626723 8.76000023303889 8.51000022888184 7.88000011444092 7.17999982833862 6.86999988555908 6.44000005722046 5.98000001907349 5.59000015258789 4.96999979019165 4.44999980926514 4.17000007629395 3.59999990463257 3.11999971618869 2.27000036104444 1.91999995708466 1.37999999523163 1.13999998569547 1.07000005245209
15.5900001525879 15.3000001907349 15.2600002288818 15.0799999237061 14.9799995422363 15.039999961853 14.8900003433228 14.6800003051758 14.6400003433228 14.5500001907114 14.2399997711182 14.0100002288818 13.9300003051758 13.9200000762939 13.8100004196167 13.8800001144409 13.8900003433228 13.539999961853 13.3000001907349 13.3100004197517 13.1400003433228 12.789999961853 12.8400001525879 12.75 12.1300001144409 11.1499996185303 10.4799995422363 9.99999998963231 9.53999996185303 9.19999980926514 8.64000034332275 8 7.76000022888184 6.98999977111816 6.48000001907349 6.03000024777197 5.71000003814697 4.92000007629395 4.44999980926514 4.15000009536743 3.58999984814058 2.85999989509582 2.57999992370605 2.01999998092651 1.46000003814697 1.24000000953674 0.870000004768372
15.9099998474121 15.7399997711182 15.6999998092651 15.6599998474121 15.6199998855591 15.1000003814697 15.039999961853 14.7799997329712 14.6599998474121 14.7100000381288 14.460000038147 14.1999998092651 14.1000003814697 14.039999961853 13.8900003433228 14 13.9499998092651 13.6300001144409 13.3900003433228 13.3699998855591 13.1199998855591 12.9799995422363 13.0299997318383 12.25 11.5 10.8999996339449 10.7700004577637 9.92000007629395 9.39999961853027 9.0600004196167 8.4399995803833 8.10999965667725 7.8600001335144 7.25 6.53999996185303 6.30000019073486 5.67000007629395 4.92999982833862 4.67999982833862 4.01000022888184 3.4300000667572 2.86000011525896 2.5699999332428 2.07999992370605 1.60000002384186 1.35000002384186 0.930000007152557
15.9899997711182 15.960000038147 15.7799997329712 15.7399997711182 15.6899995803833 15.1199998855591 15.1099996566772 14.9899997711182 14.9099998474121 14.8699998855591 14.6300001144409 14.3500003814697 14.2600002288474 14.1499996185303 14.0299997329712 14 13.8500003814697 13.5600004196167 13.2399997711182 13.1199998855591 12.960000038147 12.7299995422363 12.539999961853 12.1199998855591 11.5200004791436 11.4399995782579 10.7200002670288 10.25 9.59000015388235 9.18000030517578 8.53999996185303 8.0600004196167 7.8600001335144 7.28000020980835 6.73000001907349 6.38999986648559 5.69999980926514 4.98000001907349 4.67999982833862 3.99000000953674 3.34999990463257 3.04999995231628 2.49000000953674 2.10999989509583 1.92999994754791 1.50999999046326 1.05999994277954
16.25 16.0300006866455 15.9200000762939 15.8500003814697 15.8100004196167 15.1700000762939 15.1800003051758 15.0600004196167 15.0799999237061 15.0200004577637 14.7399997711182 14.4700002670288 14.3800001143836 14.210000038147 14.1599998474121 14.0200004577637 13.8199996948242 13.5799999237061 13.3800001144409 13.2799997329712 12.9499998092651 12.6499996185303 12.3199996948242 12.0900001525879 11.6899995803833 11.4899997711182 10.7700004577637 10.289999961853 9.98999977111816 9.27999973297119 8.36999988555908 7.96000003814697 7.76000022888184 6.84999990463257 6.67000007727849 6.5 5.96000003814697 5.21000012991669 4.86999988555908 4.09000015258789 3.33999991416931 3 2.44000005722046 2.08999991416931 1.95000004768372 1.64999997615814 1.25
