SnowAccumulation_R/test/tmax/final_tmax_24_04_2009.asc
NCOLS 97 
NROWS 69 
XLLCORNER 52512.810182332 
YLLCORNER 5316225.2758522 
CELLSIZE 10000 
NODATA_value -9999 
[rows 42 to 62 of 69, columns 47 to 93 of 97]
6.15000009536743 5.98999977111816 5.96000003814697 5.84000015258789 5.73000001907349 5.34000015258789 5.32999992370605 5.5 5.65999984741211 5.80999994277954 5.67000007629395 5.63000011444092 5.59000015258789 5.63999986648559 5.57999992370605 5.59000015270219 5.55999994277954 5.55000019073486 5.51000022920701 5.5 5.1399998664856 5.42000006205317 5.21999979019165 5.51999998092651 5.36999988555908 5.48000001907349 5.75 5.94000005722046 6.07000017166138 6.30999994277954 6.15999984741211 6.1399998664856 6.30000019073486 6.23999977111816 6.21000003814697 6.82999992370605 7.21000003814697 7.32000017166138 7.55000019073486 7.63999986648559 7.63999986648559 7.57000017166138 7.51000022888184 7.51000022888184 7.5 7.46000003814697 7.40000009536743
6.28000020980835 6.09000015258789 6.01999998092651 5.86999988555908 5.69000005722046 5.67999982833862 5.63000011444092 5.61999988555908 5.65000009536743 5.73000001907349 5.78000020980835 5.73000001907349 5.71000003814697 5.67000007629395 5.63000011444092 5.53999996185303 5.67999982833862 5.53000020980835 5.55000019047267 5.24999999361229 4.98000001907349 4.82000017209257 5.03999996185303 5.15999984741211 5.57000017166138 5.65000009536743 5.80999994277954 5.94999980926514 6 6.28999996185303 6.3600001335144 6.30999994277954 6.42000007629394 6.48000001907349 6.48000001907349 6.32000017166138 6.94999980926514 7 7.51999998092651 7.73000001907349 7.78000020980835 7.78000020980835 7.69999980926514 7.67999982833862 7.63999986648559 7.57000017166138 7.51999998092651
6.3600001335144 6.34999990463257 6.19000005722046 5.88000011444092 5.80999994277954 5.80000019073486 5.8600001335144 5.92000007629394 5.98000001907349 5.98999977111816 5.92000007629394 5.78999996185303 5.73999977111816 5.65000009536743 5.51999998092651 5.46999979019165 5.59999990463257 5.42999982833862 5.30000018549861 5.1100001335144 4.75 4.69999980926514 4.75 5.30000019073486 5.42999982833862 5.76000022888184 6.07999992370605 6.13000011444092 6.07999992370605 6.26999998092651 6.34999990463257 6.55000019073486 6.63000011444092 6.67999982833862 6.76000022888184 6.82000013861758 6.69000005722046 6.67999982833862 7.44000005722046 7.76999984873749 7.8899998664856 7.96000003814697 7.92000010873474 7.86999988555908 7.78999996185303 7.7100001009839 7.66000020233199
6.65000009536743 6.34999990463257 6.17000007629395 5.88000011444092 5.82000017166138 6.11999988555908 6.09000015258789 6.11999988555908 6.05999994277954 5.96000003814697 5.98000001907349 5.80000019073486 5.71999979019165 5.59000015258789 5.48999977111816 5.42999982729289 5.26999997691261 5.15000009536743 5.21999979019165 5 4.82000017166138 4.80000019073486 5 5.13999986648559 5.28999996185303 5.44999980926513 6.15000009536743 6.23999977111816 6.32999992370605 6.42999982833862 6.46999979019165 6.32000017166138 6.53000020980835 6.69000005722046 6.73000002577225 6.84999990463257 6.80999994277954 6.90999984741211 7.01999998092651 6.96000003814697 7.90000009536743 7.98999977111816 8.02000045776367 8.03999996185303 7.94999980926514 7.90000009536743 7.92000007629395
6.73999977111816 6.32999992370605 6.01999998092651 5.71999979019165 5.48999977111816 6.21999979018816 6.05000019073486 6.11999988555908 6.15999984741211 6 5.90999984741211 5.8600001335144 5.82000017166138 5.38000011417354 4.73999977111816 4.75 5.01999998092651 5.13000011444092 5.11999988555908 5 4.96999979019165 5.01999998092651 5.32999992370605 5.86999988555908 5.92000007629394 5.92999982833862 6.23000001907349 6.25 6.34999990463257 6.42999982833862 6.44000005722046 6.23999977111816 6.51000022888184 6.59000015258789 6.63000011444092 7.01999998092651 7.03999996185303 6.92999982833862 7.11999988555908 7.40999984741211 7.73000001907349 8.10000038146973 8.02999973297119 8.03999996185303 8.07999989959046 8.10000038146973 8.02000045776367
6.46000003814697 6.23000001907349 6.05999994277954 5.73999977111816 5.40000009536743 6.17000007628641 5.84000015258789 6.1100001335144 6.23000001905739 6.05000019073486 5.94000005678823 5.92000007567828 5.01999998092651 4.26999998092651 4.40999984785982 5 4.90999984741211 4.92000007629395 4.98000001907349 4.96999979019165 5.34999990463257 5.46000003814697 5.78000020980835 6.15000009536743 6.1399998664856 6.19999980926514 6.07999992370606 6.05000019073486 6.32999992370605 6.48999977090547 6.48000001907349 6.3899998664856 6.46000003814697 6.51999998092651 6.69000005722046 6.84000015258789 7.09999990463257 7.3600001335144 7.44999980926514 7.61000013351441 7.80999994277954 7.84000015258789 8.09000015258789 8.02000045776367 8.01000022888183 8.01000022888184 8.0600004196167
6.25 6.09000015258789 5.98000001907349 5.67000007629395 5.26999998092651 5.69999980926011 5.53999996185303 5.92999982827234 6.11000013330601 4.84000015258789 4.07000017166138 4.26000022881301 3.90000009536743 4.05000019073486 4.26999998144097 5.15999984741211 5.03000020980835 4.9800000191216 5.26000022888184 5.40999984741211 5.63000011544734 5.98000001907349 6.1100001335144 6.19000005709353 6.15000009536743 6.11999988555908 6.05000019073486 6.11999988555908 6.28000020980835 6.44000005722046 6.42999982833862 6.40000009536743 6.44000005722046 6.55000019073486 6.73999977111816 7.03000020980835 7.17000007629395 7.42999982833862 7.57999992370606 7.75 7.98000001907349 7.94999980926514 7.6399998664856 8.0799996951735 7.98999977111816 7.94000005722046 7.99999999999982
6.05999994277954 5.94999980926514 5.57000017166138 5.23000001907349 5.17000007629395 3.69000005722046 4.30999994277954 4.57999992370605 3.80999994277954 3.25 3.07999992370605 3.29999995231628 3.55999994277954 3.84999990463257 4.15000009536743 5.25 5.03999996185303 5.17000007629394 5.42000007629395 5.80999994277954 5.75 6.09000015258789 6.21000003814697 6.17000007629395 6.26999998092651 6.32000017166138 6.26999998092651 6.40000009536743 6.46000003814697 6.51000023843703 6.44000005722046 6.42000007629395 6.38000011444092 6.57999992370606 6.88000011444092 7.09999990463257 7.17999982833862 7.17000007819592 7.28999996185303 7.78999996185303 7.92000005026965 7.88000011444092 7.82000017166138 7.75 7.86999988555908 7.98999977111816 7.92999982833862
5.90999984741211 5.69999980926514 5.28999996185303 5.09000015258789 5.05999994277954 3.09999990463257 3.25999999046326 3.51999998092651 2.85999989509582 3.57999992370606 3.44000005722046 3.54999995231628 3.6800000667572 3.9300000667572 4.80000019073486 5.25 5.05000019073486 5.01999998092651 5.36000013351441 5.78000020980835 5.92000007629394 5.69999980926514 6.15000009536743 6.11999988555908 6.34000015258789 6.48000001907349 6.57000017166138 6.46999979019165 6.57999993149392 6.57000017166138 6.53000020980835 6.44000005722046 6.40999984741211 6.51999998092651 6.61000013351441 6.90999984741211 7.21999979019165 7.07999992370605 7.36999988555908 7.76999998092651 7.78000020980835 7.82999992370605 7.57999992370605 7.63000011444092 7.73999977111816 7.94000005722046 7.96000003814697
5.82999992370605 5.51999998092651 5.01999998092651 3.65000009536743 3.25 3.01999998092651 3.72000002861023 4.28999996185303 4.01000022888184 4.26000022888184 4.28999996185303 3.80999994277954 4.03999996185303 4.98000001907349 5.09999990463257 5.03999996185303 4.76000022888184 4.98999977111816 5.21000003814697 5.84999990463257 5.78000020980835 5.44000005722046 5.90000009536743 6.23999977111816 6.36999988555908 6.53999996185303 6.53000020980835 6.3899998955017 6.69999980890853 6.53000020980835 6.38000011444092 6.5 6.46000003814697 6.55000019073486 6.53000020980835 6.92000007629395 7.34000015258789 7.40000009536743 7.46999979019165 7.84999990463257 7.8600001335144 7.71999979019165 7.61999990565311 7.6100001335144 7.59000015258789 7.57000017166138 7.63000011444092
5.84000015258789 4.34000015258789 4.55999994277954 4.61999988555908 4.53999996185303 4.30999994277954 4.63000011444092 4.94999980926514 4.94999980926514 4.86999988555908 4.78999996185303 4.69999980926514 4.34000015258789 5.17999982833862 5.3600001335144 5.05000019073486 4.88999986648559 5.26000022888184 5.55999994277954 5.76000022888184 5.78999996185303 6 5.94999980871515 6.09000015258789 6.30999994277954 6.38000011444092 6.40000009536743 6.67000007629395 6.63999986648559 6.44000005722046 6.11999988555908 6.23000001907349 6.23000001907349 6.15999984741211 6.30000019073486 6.30000019073486 6.76000018527406 7.17000007629394 7.63000011444092 7.75 7.78999986229638 7.44000005722046 7.42999982833862 7.53999996185303 7.44999980926514 7.44999980926514 7.55999994277954
5.76000022888184 5.09000015258789 4.94000005722046 5.15999984741211 5.23999977111816 5.17000007629395 5.21000003814697 5.38000011444092 5.46999979019165 5.3600001335144 5.23999977111816 5.07999992370606 4.57000017166138 5.19999980926514 5.46999979019165 5.40000009536743 5.32999992359101 5.51999998092651 5.8899998664856 6.05000019145351 6.42000007629395 6.42000007629394 6.32999992370605 5.67999982833862 5.86999989336738 5.82000017166138 6.26000022888184 6.30000019073486 6.21999979019165 5.86999988555908 5.59000015258789 5.71999979019165 5.71999979019165 6.23000001082253 6.28999996185303 6.51000022888184 6.30000019073486 6.96000003814697 7.51000022888184 7.60999952783999 7.28000020980835 7.69000005722046 7.61999988555908 7.51000022888184 7.53999995181114 7.51999998092651 7.51000022888184
5.84999990463257 5.71999979019165 5.59000015258789 5.53000020980835 5.73999977111816 5.55999994277954 5.61999988555908 5.69000005722046 5.80999994277954 5.61999988555908 5.61000013351441 5.48999977111816 5.32999992370605 5.36999988567268 5.69999980926514 5.51000022888184 5.46999979023011 5.55999994277954 5.84999990463257 6.03000020980835 6.40999984741211 6.76000022888184 6.59000015258789 6.55000019073486 6.44000005722046 6.05000019073486 5.94000005722046 6.15999984741211 5.90000009536743 5.71000003814697 5.78999996185303 5.6100001335144 5.78000020980835 5.80000019073486 6.32000017166138 6.57999992370605 6.57999992370605 6.92000007629395 6.89999998238293 6.90000009536743 7.19000005722046 7.51000010852644 7.76999998092651 7.73000001907349 7.76999998092651 7.55000019073486 7.46999979019165
6.01000022888184 5.92000007629395 6.05999994277954 6.09999990463257 6.1100001335144 6.17000007629395 6.09000015258789 5.98000001907349 6.15999984741211 5.88000011444092 5.42999982833862 5.71000003814697 6 6.01999998090212 5.98999977111816 5.94999980926514 5.90000009536743 5.84000015258789 6.09999990463257 6.23000001907349 6.30000019073486 6.86999988213511 6.80999994277954 7 6.6399998664856 6.1100001335144 6.6399998664856 6.53999996162811 6.51999998092651 6.19000005722046 6.19999980926514 6.05999994277954 5.73999977111816 5.94000005722046 6.1100001335144 6.51000022888184 6.65000009536743 7.01999981631783 6.96999979019165 7.01999998092651 7.34999990463257 7.30000019073486 7.65000009536743 7.59000015258789 7.71999979019165 7.73000001907349 7.59000022600744
6.21999979019165 6.32000017166138 6.36999988555908 6.59000015258789 6.51000022888184 6.51999998092651 6.55999994277954 6.32000017166138 6.26999998092651 6.42000007629395 6.26000022887076 6.19000005722046 6.13000011444092 6.01999998092651 6.1399998664856 6.09999990463257 6.15000009536743 6.21000003814697 6.44000005722046 6.51000023269413 6.76000022888184 7.01999998092652 7.01000022888184 6.96000003814697 7.07999992322837 6.59000015258789 6.90000009536743 6.98000001907349 6.88999986648559 6.59999990463257 6.34999990463257 6.26000022888184 5.880000118413 5.98000001907349 6.48000001907349 6.57000017166138 6.80000000342726 6.69000005722046 7.14750003814697 7.74749994277954 7.98750019073486 8.51500034332275 9.18249988555908 9.16749945934835 9.34249973297119 9.47999954223633 9.28999996185303
6.53000020980835 6.75 6.75 6.84000015258789 6.80999994277954 6.73000001907349 6.88000011444092 6.75 6.61000013351441 6.69999980926514 6.6100001335144 6.67000007629394 5.94000005722046 5.92999982833862 6.07999992370606 6.13000011444092 6.19000005722046 6.36000009595448 2.79500007629395 2.93499994277954 3.375 3.31999993230965 3.36500000953674 3.21749997138977 3.2425000667572 3.05999994277954 2.94000005722046 3.19250011444092 3.72499990463257 3.98000001907349 3.9300000667572 4.41249990463257 4.84999990463257 4.48999977111816 5.11999988555908 5.53000015958848 6.47749996185303 7.25500011444092 7.75750017166138 7.80000019073486 7.73999977111816 9.23250007629394 9.41250038146973 9.10000038146973 9.31750011444092 9.34249973297119 9.16499996185303
0.865000009536743 1.04750001430511 1.3400000333786 1.75499999523163 1.79750001430511 1.62249994277954 1.31749999523163 1.36500000952557 1.07749998569489 1.60749995708466 1.37249994277954 1.56500005722046 0.959999978542328 0.694999992847443 1.32000005245209 2.06249999992135 2.27500009536743 2.83750009536743 2.86750006730706 3.08999991416931 3.14750003814697 3.6875 3.7574999332428 3.03500008583069 2.92249989509583 3.49499988555908 3.14000010490417 3.3125 3.79749989509583 3.98749995274767 3.71499991416931 3.9449999332428 4.34250020980835 5.125 4.99000006029208 5.61999988555908 6.23000001907349 6.80499982833862 7.90749979019165 7.86749982833862 7.94999980926514 9.2524995803833 9.69000053405762 9.47500038146973 9.49249935150146 9.42749977111816 9.13750076089648
0.725000023841858 1.04999995231628 1.29750001430511 1.70000004768372 1.56749999523163 1.27499997615814 1.40499997138977 1.36749994755674 1.64999997615814 1.69500005245209 1.59500002861023 1.53999996185303 0.882500112832151 0.597500026714132 1.54499995708466 2.11500000953674 2.32249999046326 2.6175000667572 2.70250010490417 3.16499996185303 3.44749999046326 3.72000002861023 4.44500017166138 3.67499995231628 3.38750004768372 4.26999998092651 3.75999999074258 3.85249996185303 3.97250008583069 4.10500001907349 3.6875 3.8199999332428 4.07000017166138 4.92000009953821 5.81499986251144 6.17500019073486 6.30499982833862 6.73250007629395 7.92999982833862 8.22249984741211 8.05500030517578 8.84500026702881 8.85999965667725 8.91749954223633 9.22999954223633 9.47749996185303 9.65750026702881
0.817499995231628 1.16999995708466 1.20749998092651 1.53999996185303 1.70249998569489 1.37000000476837 1.45500004291534 1.59500002861023 1.83000004291534 1.95749998094066 1.907500028806 1.9025000333786 2.36500000953674 2.35999989509583 1.96000003814697 2.0199999809675 2.29500007629395 2.89000010490417 3.22749996185303 3.2425000667572 3.72499990463257 3.82500004768372 4.59250020980835 4.19999980926514 4.05000019073486 4.875 4.53249979019165 4.32000017166138 4.40500020980835 4.48250007629395 4.09250020980835 4.29250001924076 4.52250013062814 5.18499994277954 5.40500020980835 5.80999994277954 6.94750022888184 7.29500007629395 8.0024995803833 8.41000033073503 8.27499961853027 8.48499965667724 8.77000045776367 9.14999961853028 9.24749946594238 9.80249977111816 9.66250038146973
0.634999990463257 0.870000004768371 1.02250003814697 1.4724999666214 1.96749997138977 1.76750004292792 1.68250000475992 1.50499999523163 2.13000011444092 2.10500001907349 2.01749992370605 1.84249997138977 2.9449999332428 3.45250010490417 3.38499999046326 3.20499992370606 3.10249996185303 3.47499990463257 3.39750003814697 3.91750001907349 4.05249977111816 4.25 5.00750017166138 5.35500001907349 4.99249982833862 5.13000011444092 4.45499992370605 5.01999998092651 4.55749988555908 3.75999999046326 4.875 5.53999996185303 5.31500005722046 5.43499994277954 5.5625 6.24499988555908 7.20499988856069 7.84749984741211 8.36750030517578 8.8149995803833 8.22749996185303 8.85750007629395 8.85000038146973 9.27499961853028 9.38249986226431 10.0574998855591 9.82749938964844
-0.0350000113257964 0.692499995231628 1.0349999666214 1.34249997138977 1.3049999475522 2.05999994277954 2.22749996185303 2.03749990463257 2.24000000953674 2.12750005722046 2.10750007629395 2.28999996185303 3.03500008624562 4.3125 4.6399998664856 4.47249984741211 4.00750017166138 3.89499998092651 3.89249992370605 3.83750009536743 4.07999992534927 4.76000022888184 5.60249996185303 5.91499996185303 6.27250003814697 5.90000009536743 5.49249982833862 5.76249980926514 5.24249982451868 5.02250003814697 5.36250019073486 5.96500015258789 6.02750015258789 5.840000151936 6.02250003814697 6.52250003814697 6.86749982833862 6.98999977111816 7.53499984741211 8.35750007629395 8.73500061035156 8.32999992370605 9.18000030517578 9.60500024439704 10.227499961853 10.4174995422363 10.0474996536192
