SnowAccumulation_R/test/tmax/final_tmax_19_04_2009.asc
NCOLS 97 
NROWS 69 
XLLCORNER 52512.810182332 
YLLCORNER 5316225.2758522 
CELLSIZE 10000 
NODATA_value -9999 
[rows 21 to 41 of 69, columns 0 to 46 of 97]
-9999 -9999 -9999 -9999 4.55999994277954 4.59999990463257 5.59999990463257 7.36999988555908 5.05999994277954 6.32999992370605 6.71999979019165 9.30000019073486 10.0799999237061 10.1800003051758 10.6300001144409 11.5100002288818 12.3599996566772 12.8800001144409 13.289999961853 13.3800001144409 13.6700000762939 13.8500003814697 13.9399995803833 14.1300001144409 14.1899995796573 14.3000001907349 14.289999961853 14.3100004196167 14.4499998092651 14.5 14.7299995422363 14.7299995422363 14.7799997329712 14.8000001907349 14.8400001525879 14.9700002670288 14.8199996948242 14.789999961853 14.8000001907349 14.5500001907349 14.6099996566772 14.4099998474121 14.4300003051757 14.5600004196167 14.8999996185303 14.6099996566772 14.7200002670288
-9999 -9999 -9999 -9999 5.6399998664856 3.36999988555908 5.57999992370605 7.26000022888184 5.38999986648559 4.59999990463257 7.46000003814697 7.40999984741211 9.72999954223633 9.68000030517578 9.96000015881714 11.25 11.9200000762939 12.8199996948242 13.289999961853 13.3999996185303 13.5600004196167 13.8500003814697 14.1700000762939 14.1499996185303 14.1499996192474 14.210000038147 14.25 14.5 14.5900001525879 14.6300001144409 14.6800003051758 14.8400001525879 15.0600004196167 15.0299997329712 14.9700002670288 14.9200000762939 14.8000001907349 14.6499996185303 14.7200002670288 14.1400003433228 14.3599996566772 14.4799995422363 14.5799999237061 14.5699996948242 14.6000003814697 14.5699996948242 14.7700004577637
-9999 -9999 -9999 3.66000008583069 4.40999984741211 6.78999996185303 5.40999984741211 4.78000020980835 3.80999994277954 4.51000022888184 6 5.25 8.86999988555908 10.0699995727061 10.710000038147 11.8699998855591 12.4899997711182 12.8400001525879 13.3400001525879 13.5 13.7799997329712 14.25 14.2700004577637 14.3800001144409 14.4499998092651 14.5600004196167 14.619999886984 14.7700004577637 14.8100004196167 14.6999998092651 14.8100004196167 14.9799995422363 15.1400003433228 15.1300001144409 15.0600004196167 14.9099998474121 14.6300001144409 14.5500001907349 14.6899995803833 14.710000038147 14.2600002288818 14.3699998855591 14.5600004196167 14.5200004577637 14.5100002288818 14.710000038147 14.6400003433228
-9999 -9999 -9999 2.59999990463257 3.28999996185303 4.32000017166138 2.49000000953674 4.51999998092651 3.24000000953674 3.07999992370605 4.8899998664856 6.11999994728602 7.65000009536743 11.6499996185303 11.9200000762939 12.25 12.6999998092651 13.4200000762939 13.6499996185303 13.8599996566772 13.8900003433228 14.3199996948242 14.4799995422363 14.6199998855591 14.7600002288818 14.5600004219414 14.7700004577637 14.8299999237061 14.8999996185303 15 14.8800001144409 15.2700004577637 15.1499996185303 15.1700000762939 15.1199998855591 14.9499998092651 14.8599996566772 14.789999961853 14.6999998092651 14.6899995803833 14.3900003433232 14.3999996185307 14.5100002288821 14.4899997711185 14.5200004577637 14.75 14.8500003814701
-9999 -9999 -9999 2.22000002861023 3.31000045002356 4.17999982833862 3.64000010490417 3.6800000667572 1.24000000953674 4.30999994277954 3.59999990463257 11.2200002670288 11.3500003814697 11.5 12.1499996185303 12.6800003051758 12.9099998474121 13.7200002670288 14 14.1999998092651 14.0799999237061 14.5299997329712 14.539999961853 14.5 14.7700004577637 14.9099998474121 15.0900001525879 14.9200000777487 15.0699996948242 15.2399997711182 15.539999961853 15.3400001525879 15.3199996948242 15.3599996566772 15.3400001525879 15.289999961853 15.039999961853 14.9200000762939 14.7799997329712 14.6700000762939 14.6499996185303 14.789999961853 14.7700004577637 14.7700004577637 14.8800001144409 14.960000038147 15.0100002288818
-9999 -9999 -9999 2.12000402731912 1.67999994754791 6.09999990463257 2.86999988555908 2.38000011444092 3.07999992370606 2.15000009536743 3.23000001907349 4.55000019073486 11.8299999237061 12.1000003814697 12.4499998092651 12.6300001144409 13 13.9300003051758 14.1800003051758 14.3299999237061 14.4099998474121 14.6199998855591 14.5200004577637 14.1700000762939 14.8000001907349 15.1199998855591 15.0900001539615 15.1400003445645 15.25 15.539999961853 15.6899995803833 15.6899995803833 15.4499998092651 15.4499998092651 15.4700002670288 15.539999961853 15.4700002670288 15.0600004196167 14.8299999237061 14.6899995803833 14.5900001525879 14.960000038147 14.9399995803833 14.8699998855591 15.0299997329712 15.1599998474121 15.0500001907349
-9999 -9999 -9999 5.19000005722046 5 5.70999901439791 1.10000002384186 4.48000001907349 3.00999999046326 3.60999989509583 4.40999984741211 4.21999979019165 4.71000003814697 12.3699998855591 12.5100002288818 12.6899995803833 13.3100004196167 13.6300001144409 14.0500001907349 14.3800001144409 14.4399995803833 14.6899995803833 14.6800003051758 14.8100004196167 15.0500001907349 15.3599996566772 15.5799999237061 15.4899997711182 15.5600004198871 15.6700000763556 15.7299995422363 15.7600002288818 15.710000038147 15.6400003433228 15.5699996948242 15.710000038147 15.6199998855591 15.3299999237061 15.1300001144409 14.7399997711182 14.6599998474121 14.6400003433228 15.1000003814697 15.0799999237061 15.0799999237061 15.1599998474121 15.1599998474121
-9999 -9999 -9999 6.67000007629395 3.44000005722046 3 3.50999999046326 2.51999998092651 3.91000008583069 3.15000009536743 4.1399998664856 3.85999989509582 4.98000001907349 5.21000003814697 12.5600004196167 11.8299999237061 13.3000001907349 13.8299999237061 14.039999961853 14.3199996948242 14.7399997711182 14.8400001525879 14.8699998855591 14.8500003814697 15.1899995803833 15.5299997329712 15.6499996185303 15.5100002288818 15.6099996573464 15.6899995803833 15.8000001907349 15.9300003051758 15.7700004577637 15.6800003051758 15.6300001144409 15.6199998855591 15.6199998855591 15.3199996948242 15.3199996948242 15.1899995803833 14.8900003433228 14.8599996566772 15.0900001525879 15.2799997329712 15.2799997329712 15.3100004196167 15.3699998855591
-9999 -9999 -9999 6.42000007629394 4.1100001335144 5.23999977111816 4.85000000108916 4.59999990463257 6.69000005722046 3.88000011444092 2.11999988555908 3.14000010490418 2.82999992370605 4.13000011444092 11.460000038147 11.6700000762939 11.9300003051758 13.6400003433228 14.0900001525879 14.3900003433228 14.6599998474121 15.0799999237061 14.8400001525879 14.710000038147 15.0900001525879 15.2700004577637 15.3900003433228 15.5500001907349 15.9399995803833 15.960000038147 15.9099998476331 15.9300003054626 15.9799995422363 15.9700002670288 15.8599996566772 15.6800003051758 15.6199998855591 15.4700002670288 15.3800001144409 15.3100004196167 15.039999961853 15.2399997711182 15.2299995422363 15.1899995803833 15.3999996185303 15.6499996185303 15.7200002670288
-9999 -9999 -9999 7.75999927685419 6.05999994277954 5.75 4.71999963731477 3.14000010490417 3.61999988555908 5.65999984741211 2.38000013328439 3.94000005722046 5.8600001335144 3.02999997138977 11.2399997711182 11.4799995422363 11.960000038147 12.3299999237061 14.1300001144409 14.2200002670288 14.6599998474121 14.6599998474121 14.4899997711182 14.3500003814697 14.9399995803833 15.1599998474121 15.5200004577637 15.6400003433228 15.8500003814697 15.9600000381834 16.0200004578033 16.1499996185303 16.4200000762939 16.3999996185303 16.2000007629395 16.1100006103516 16.0599994659424 15.8599996566772 15.8100004196167 15.75 15.3900003433228 15.3699998855591 15.2700004577637 15.3299999237061 15.3699998855591 15.5299997329712 15.8699998855591
-9999 -9999 -9999 7.57000017166138 5.15999984741211 7.03000020980835 3.65000009536743 4.26999883800127 2.46000003814697 6.48000001907349 5.84000015258789 4.26999998092651 4.32000017166138 5.13999986648559 10.75 11.4099998474121 11.7799997329712 12.2799997329712 13.289999961853 14.210000038147 14.4300003051758 14.5299997329712 14.4499998092651 14.5 14.8699998855591 15.2299995422363 15.4799995422363 15.6000003814697 16.0799999237061 16.1299991607666 16.1299991607666 16.1700000762939 16.4999999998009 16.469999313273 16.3400001525879 16.2700004577637 16.0900001525879 16.2199993133545 15.8999996185303 16.0799999237061 15.8000001907349 15.8100004196167 15.5299997329712 15.539999961853 15.5799999237061 15.6700000762939 15.7700004577637
-9999 -9999 -9999 5.17999982833862 7.26000038521333 5.40000009536743 6.75 3.41000008583069 4.60999976152776 3.79999995231628 5.5 6.90000009536743 6.90999984741211 8.60000038146973 10.5299997329712 10.8900003433228 11.289999961853 12.1300001144409 13.1599998474121 14.1400003433228 14.3299999237061 14.3699998855591 14.6499996185303 14.710000038147 14.8800001144409 15.0699996948242 15.4300003051758 15.75 16.1800003051758 16.1700000762939 16.2000007629395 16.170000076319 16.2499999998666 16.2999992370605 16.2099990844727 16.1800003051758 16.4099998474121 16.4799995422363 16.3999996185303 16.2000007629395 15.9499998092651 15.9200000762939 15.6300001144409 15.6199998855591 15.6899995803833 15.6899995803833 15.9099998474121
-9999 -9999 -9999 5.59999990463257 7.36999988555908 8.64000034332275 6.1100001335144 7.42999982833862 4.82000017166138 4.06000093926135 3.51999998092651 6.32000017166138 6.05999994277954 6.78999996185303 10.2200002670288 10.6899995803833 11.3100004196167 11.460000038147 12.5100002288818 13.9700002670288 14.0200004577637 14.1599998474121 14.710000038147 14.8900003433228 15.0600004196167 15.1700000762939 15.5299997329712 15.8800001144409 16.2199993133545 16.3400001525879 16.3500003814697 16.3799991607666 16.2800006866455 16.0400009155273 15.9300003051758 16.2500000000337 16.4699993133731 16.5400009155273 16.4799995422363 16.4599990844727 16.2099990844727 16.0400009155273 16.2800006866455 15.7299995422363 15.7200002670288 15.8599996566772 15.8299999237061
-9999 -9999 -9999 3.77999997138977 5.84999990463257 7.94000005722046 8.92000007629395 4.76000022888184 7.3899998664856 4.98000001907349 4.22000046517979 3.57999992370605 4.32999992370605 5.82000017166138 9.44999980926514 9.92000007629395 11.6199998855591 11.1899995803833 11.710000038147 12.6199998855591 14.0100002288818 14.5100002288818 14.8900003433228 14.9799995422363 15.1800003051758 15.2299995422363 16.1499996185303 16.2000007629394 16.1000003814697 16.3199996948242 16.4200000762939 16.5699996948242 16.4699993133545 16.4599990844727 16.5300006866455 16.7800006866455 17.0699996948242 17.0599994659424 16.8799991607666 16.5599994659438 16.5000000000002 16.4099998474125 16.3999996185309 16.0599994659424 15.8699998855594 15.8400001525879 15.7799997329712
-9999 -9999 3.39000010490417 4.23000001907349 1.62000000476837 7.40000009536743 9.03999996185303 7.92000007629395 6.1100001335144 9.46000003814697 4.6399998664856 3.20000031453866 2.74000000953674 4.88000011444092 8.07999992370605 4.98999977111816 9.60999965667725 10.5799999237061 11.4899997711182 12.0600004196167 14.3000001907349 14.7799997329712 14.8800001144409 14.9899997711182 15.6300001144409 15.75 16.1399993896484 16.2900009155273 16.2399997711182 16.4500007629395 16.7199993133545 16.8099994659424 16.6299991607666 16.5799999237061 16.6800003051758 17.0699996948242 17.5900001525879 17.2399997711182 16.8799991607687 16.7600002288826 16.6000003814703 16.5699996948242 16.6700000762939 16.0699996948242 16.0100002288818 15.8299999237061 15.7799997329712
-9999 -9999 2.09999990463257 1.61000001430511 3.86999988555908 2.72000002861023 5.8600001335144 9.40999984741211 7.28000020980835 5.56000021227523 4.96000003814697 5.67999982833862 3.47000002861023 4.34999990463257 8 7.1100001335144 8.88000011444092 10.2700004577637 10.8999996185303 11.6599998474121 14.6099996566772 15.1499996185303 15.3100004196167 15.4700002670288 16.229999540554 16.2600002288211 16.4799995422363 16.5100002288818 16.7000007629395 16.5799999237061 16.8700008392334 16.7900009155273 16.6800003051758 16.6399993896484 16.7199993133545 17.1100006103516 17.3199996948242 17.3199996948242 17.1399993896484 17.0200004577637 16.9300003051758 16.8700008392334 16.6299991607666 16.5100002288818 16.1800003051758 16 15.8999996185303
-9999 -9999 3.35999989509582 4.48999977111816 3.92000007629395 3.08999991416931 3.68000037542798 9.23999977111816 10.2600002288818 6.01999998092651 8.80000019073486 7.78999996185303 4.80000019073486 4.65999984741211 8.97999954223633 9.06999969482422 9.4399995803833 10.3900003433228 11.0500001907349 11.6400003433228 14.3400001525879 15.2700004577637 15.5799999237061 15.8699998855591 16.5 16.4300003051758 16.8299999237061 16.8700008392334 17.0499992370605 17.0599994659424 16.7600002288818 16.7099990844727 16.7999992370605 16.8199996948242 16.8999996185303 17.0799999237061 17.2600002288818 17.4099998474121 17.1900005340576 17.0900001525879 17 16.9200000762939 16.6700000762939 16.4699993133545 16.1800003051758 16.0699996948242 16.0599994659424
-9999 -9999 3.9300000667572 5.34000015258789 4.92999982833862 2.02999997138977 4.3899998664856 6.80000019073486 11.039999961853 6.51999998092651 6.57000017166138 6.19000005722046 7.6100001335144 3.2799999834793 3.3199999332428 9.5600004196167 9.85999965667725 10.1599998474121 11.3500003814697 12.3999996185303 14.4200000762939 15.1199998855591 15.789999961853 16.0699996948242 16.3099994659424 16.6599998474121 17.2099990844727 17.2999992370605 17.3400001525879 17.1700000762939 17 17.0699996948242 17.1299991607666 17.0699996948242 17.1200008392334 17.2999992370605 17.1900005340576 17.4400005340576 17.2399997711182 17.1700000762939 17.3700008392334 16.9799995422363 16.7399997711182 16.5699996948242 16.3799991607666 16.2299995422363 16.3600006103516
-9999 -9999 7.39000091007317 5.82999992370606 3 4.44999980926514 4.98999977111816 6.26999998092651 11.039999961853 8.9399995803833 5.82000026047253 10.5500001907349 8.64000034332276 6.48999977111816 6.15999984741211 9.57999992370605 10.1400003433228 10.4499998092651 11.2799997329712 12.3299999237061 14.0799999237061 14.1499996185303 15.289999961853 16.0300006866455 16.5 16.7099990844727 17.1100006103516 17.4200000762939 17.3700008392334 17.1599998474121 16.6200008392334 17.2199993133545 17.4500007629395 17.5699996948242 17.6200008392334 17.6700000762939 17.7099990844727 17.7800006866455 17.6599998474121 17.5599994659424 17.4400005340576 17.3400001525879 17.1700000762939 16.8199996948242 16.5100002288818 16.4400005340576 16.4099998474121
-9999 -9999 9.51000022888184 2.46000172685513 1.79000017335255 2.9300000667572 2.23000001907349 6.82000017166138 7.38000011444092 12.1199998855591 5.11999988555908 9.5600004196167 7.17999982833862 5.53000020980835 4.15999984741211 3.27999997138977 7.42999982833862 11.0500001907349 11.4899997711182 12.4200000762939 13.5600004196167 13.1400003433228 16.3500003758294 16.6900005329895 16.4699993133545 16.7199993127971 16.7199993179841 17.4400005340576 17.5499992370606 17.3799991607666 17.4899997711182 17.6399993896484 17.6599998474121 17.6900005340576 17.8899993896484 17.75 17.9899997711182 17.9599990844727 17.8400001525879 17.7800006866455 17.6900005340576 17.5699996948242 17.1299991607666 17.2800006866455 17.0799999237061 16.7199993133545 16.4899997711182
-9999 -9999 9.81999969482422 4.42999982833862 3.95000017992592 3.3199999332428 5.55999994277954 3.32999992370605 5.03000020980835 11.4799995422363 5.63000011444092 6.71999979019165 8.43000030517578 5.78000020980835 5.44000005722046 4.82999992370605 7.09000015258789 7.19999980926514 12 13.5799999237061 14.0200004565357 15.0399999573908 16.1000003814697 16.2700004577637 16.3099994659424 17.3400001525879 17.6299991602962 17.7099990844727 17.8199996948242 18.0499992370605 17.8600006103516 17.8999996185303 17.9500007629395 18.0799999237061 17.9799995422363 17.9799995422363 18.0799999237061 18.0200004577637 18.0499992370605 17.9699993133545 18.0100002288818 17.7900009155273 17.3899993896484 17.5100002288818 17.1700000762939 16.8400001525879 16.5599994659424
