SnowAccumulation_R/test/tmax/final_tmax_09_04_2009.asc
NCOLS 97 
NROWS 69 
XLLCORNER 52512.810182332 
YLLCORNER 5316225.2758522 
CELLSIZE 10000 
NODATA_value -9999 
[rows 42 to 62 of 69, columns 0 to 46 of 97]
-9999 -9999 15.2600002288818 8.5 6.09000015258789 6.58999903863163 5.65000009536743 7.67999982833862 8.6000005814379 13.0500001907349 9.9399995803833 13.8900002879388 13.0699996948242 9.67000007629395 9.73999977111816 6.46000003814697 10.8400001525879 6.01000024578695 13.920000050019 13.9099998474663 14.3100004196167 14.5 15.0600004196167 15.2600002285627 15.8100004181821 16.7199993133545 17.3999996185303 17.7000007629394 17.6800003051758 18.0699996948242 18.0499992370605 18 18.0100002288818 17.9799995422363 17.6499996185303 17.6100006103516 17.5200004577637 17.4599990844727 17.25 17.2000007629395 17.1499996185303 16.9300003051758 16.8700008392334 16.8600006103516 16.5900001525879 16.4200000762939 16.3899993896484
-9999 -9999 11.6599998474121 7.53999996185303 7.92999982833862 5.78000020980835 7.59999958879896 7.15000009536743 12.1300001144409 9.85000038146973 13.1899995803833 10.6499996185303 8.21000003814697 7.19000005722046 10.2799997329712 7.92999982833862 11.460000038147 7.8600001335144 13.6700000762939 14 13.8699998855591 14.3900003433228 14.6099996566772 14.9499998092651 15.5200004577637 16.6000003814697 17.4300003051758 18.2399997711182 18 18.0900001525879 18.0599994659424 17.9599990844727 18.0400009155273 18 17.9200000762939 17.7099990844727 17.6100006103516 17.5400009155273 17.2800006866455 17.1000003814697 17.0499992370605 16.9599990844727 16.7000007629395 16.8199996948242 16.7000007629395 16.4699993133545 16.4699993133545
-9999 -9999 15.460000038147 8.85000038146973 8.1899995803833 5.17000007629395 8.23999977111816 7.22999874850204 13.4799995422363 12.9499998092651 16.2099990844727 13.3299999237061 11.3599996566772 10.3699998855591 7.19999980926514 8.4399995803833 11.2799997329712 9.10000038146973 13.8800001144409 14.0900001525879 14.0699996948242 14.4799995422363 14.6000003814697 14.6499996185303 13.6400003433228 15.6199998855591 16.8400001525879 18.0200004572004 18.0200004577637 18.3700008392334 18.2399997711182 18.2099990844727 18.1000003814697 18.0100002288818 17.9599990844727 17.7299995422363 17.6399993896484 17.3999996185303 17.2999992370605 17.0599994659424 16.7800006866455 16.6800003051758 16.6200008392334 16.6299991607666 16.5699996948242 16.4500007629395 16.5300006866455
-9999 -9999 15.75 9.08999946540268 6.57000017166138 6.26000022888184 6.03999995908619 7.28999996185303 8.22999998780433 9.80000027209077 16.1200008392334 12.5699996948242 10.5600004137772 6.96999979019165 5.73000001907349 9.3100004196167 11.1199998855591 10.3199996948242 13.9099998474121 13.8800001144409 14.2299995422363 14.3199996948242 14.7200002670288 15.3699998855591 15.539999961853 16.2199993133545 17.4099998474121 18.0300006864825 18.3600006100428 18.3999996185303 18.3299999237061 18.2999992370605 18.0699996948242 17.9899997711182 17.9599990844727 17.8400001525879 17.8199996948242 17.4500007629395 17.1599998474121 17.0100002288818 16.6900005340576 16.6100006103516 16.5599994659424 16.3299999237061 16.5100002288818 16.5499992370605 16.7700004577637
-9999 -9999 16.1599998474121 6.88000011444092 7.84000015258789 9.02999973297119 8.22999954223633 6.94000005722046 6.51000022888184 12.8200000815013 16 12.1199998855591 9.52999973297119 7.03999996185303 7.67999982833862 7.59999990463257 10.2299995422363 8.64000034332275 7.71999979019165 14.1700000762939 14.539999961853 14.7799997329712 14.9700002670288 15.4200000762939 17.2999992332481 17.2999992370605 17.9699993137012 18.1000003814697 18.2999992370606 18.3799991607666 18.3199996948242 18.2900009155273 18.0599994659424 18.0100002288818 17.9200000762939 17.8299999237061 17.7999992370605 17.2999992370605 17.1399993896484 17 16.6299991607666 16.4500007629394 16.1800003051758 16.2199993133545 16.1900005340576 16.4099998474121 17.1000003814697
-9999 -9999 16.6200008392334 7.36999988555908 9.52999973297119 9.23999977111816 9.22999954223633 6.26999998092651 8.15999984741211 14.2600002288818 16.5200004454109 12.8299999237061 8.73999977111817 7.23000001907349 8.5600004196167 7.88000011444092 10.1499996185303 10.6300001144409 14.2399994816089 14.1899995803833 14.1800003051758 14.789999961853 15.0699996948242 15.5799999237061 16.9799995391302 17.7099990829198 17.8500003814697 18.4300003051758 18.4400005340576 18.4599990844727 18.4500007629395 18.4500007629395 18.1900005340576 18.0599994659424 17.8899993896484 17.8099994659424 17.6499996185303 17.2299995422363 17 16.9300003051758 16.4400005340576 15.8900003433228 15.9799995422363 16 15.9799995422363 15.7299995422363 16.25
-9999 11.4200000762939 16.6200008392334 10.6199998855591 8.20999987883438 9.76000022888183 7.34000015258789 7.12000010381089 10.8999996185303 15.3699998855591 16.4699993289071 12.4700005554218 7.42000007629395 8.9399995803833 10.0699996948242 8.43000030517578 10.3999996185303 10.1300001144409 8.28999996185303 14.2600002288818 14.4399995803833 15.0200004577637 15.289999961853 15.8100004196167 16.0300006866455 17.0699996948242 17.5200004577637 17.9500007629395 18.3099994659424 18.8400001525879 18.3700008393307 18.4599990844727 18.1900005341181 17.9699993133545 17.8500003814697 17.6299991607666 17.3199996948242 17.1399993896484 16.8799991607666 16.8199996948242 16.1599998474121 15.8000001907349 15.8400001525879 15.9300003051758 15.960000038147 15.7399997711182 15.8900003433228
-9999 14.3699998855591 16.4200000762939 8.73999977111816 9.46000003814697 8.19999980926514 11.6000003814697 11.8299999237061 13.0900001525879 15.7799997329712 17.0599994659424 17.0100002288818 7.82999994049089 12.4200000750134 12.4499998092651 10.2600002288818 10.070000011314 12.0200004577637 9.60999965667725 14.6199998836256 14.6599998474121 14.7799997329712 15.3000001907349 15.8999996185303 16.1299991607666 17.0300006866455 17.7099990844727 17.8799991607666 18.1700000762939 18.3099994660521 18.1200008392334 17.9599990844727 17.8999996185303 17.8899993896484 17.7000007629395 17.4400005340576 17.2199993133545 16.9200000762939 16.75 16.5599994659424 15.9099998474121 15.6400003433228 15.8199996948242 15.8500003814697 15.4899997711182 15.539999961853 15.6199998855591
-9999 7.5 12.0000014263335 9.65999984741211 6.28999996185303 7.80999994277954 8.07999992370605 8.75 10.4700002670288 13.7700004577637 15.5799999237061 16.6200008392334 13.8999996185303 12.7600002288818 12.4300003051758 10.0100002288818 10.8900003433228 12.2200002670288 11.0900001525879 14.5799999232286 14.710000038147 14.75 15.2799997329712 15.539999961853 16.3700008392334 16.8600006103516 17.25 17.7700004574843 17.7700004577637 18.02000045775 18 17.9500007629395 17.8400001525879 17.75 17.4599990844727 17.3299999237061 17.0599994659424 16.7199993133545 16.6200008392334 16.2099990844727 15.8699998855591 15.7399997711182 15.25 15.0799999237061 15.25 15.289999961853 15.3500003814697
-9999 9.3599985751314 16.8999996185303 10.2799997329712 6.78999996185303 9.42000007629394 9.65999984741211 8.88000011444092 8.46000021885632 14.3000001907349 14.039999961853 12.5900001525879 17 13.4099998474121 10.7299995422363 13.6300001964478 9.67000007629395 11.0900001525879 8.14999961853027 14.4899997711182 14.7399997659975 14.8599996566772 15.3100004196167 15.539999961853 16.059999465806 16.0599994659424 17.2199993130031 17.4899997711182 17.5900001524933 17.25 17.7800006866455 17.5900001525879 17.5499992370606 17.1599998474121 17.0200004577637 16.8600006103516 16.5300006866455 16.2999992370605 16.3500003814697 15.9799995422363 15.8699998855591 15.6700000762939 15.1599998474121 14.9399995803833 14.75 14.8100004196167 14.6000003814697
-9999 8.19999980926514 15.9099998474121 13.7299995422363 8.0600004196167 11.2600002288818 9.65999984741211 9.35000038146972 10.4200000762939 13.3999996185303 9.85999965667725 12.1499996185303 14.6199998855591 18 16.2700004577637 12.9099998474121 9.65999985928322 10.0100002288818 8.35000038146973 12.0600004196167 14.6199998504557 15.1499996185303 15.3199996948242 15.4799995422363 15.4700002670288 15.5500001907349 16.5400009155273 16.3999996185303 17.3099994659424 17.2800006866455 17.2800006866845 17.3199996948108 17.1499996185303 16.7600002288818 16.6000003814787 16.5100002288818 16.1599998474121 16.3099994659424 16.2800006866455 15.9399995803833 15.6499996185303 15.6000003814697 15.1400003433228 14.8100004196167 14.4399995803833 14.1899995803833 14.0500001907349
-9999 8.51000022888184 7.98999977111816 16.2899998585575 8.61999988555908 12.3900003433228 11.210000038147 9.47000026702881 11.1999998092651 12.789999961853 10.5900001525879 12.8299999237061 14.2299995422363 18.1299991607666 15.9799995537198 13.8199996948242 11.0200004577637 10.3800001144409 10.0200004577637 10.1199998855591 14.5299997329712 14.6199998855591 15.1499996148639 15.2299995422363 15.2299995422363 15.6199998855591 15.9499998092651 16.0599994659424 16.1299991607666 16.3999996185303 16.8600006102687 16.6399993896484 16.1499996185303 16.2900009155273 16.2399997711145 16.2600002288818 16.1499996185303 16.1200008392332 16.1700000762939 15.8900003433228 15.6700000762939 15.1899995803833 14.8000001907349 14.5500001907349 14.3199996948242 13.8500003814697 13.5100002288818
-9999 8.65999984741211 10.7700004577637 15.3400001525879 13.5 12.1599998474121 11.8699998855591 10.9099998474121 12.1300001144409 12.7399997711182 10.1599998474121 12.5299997329712 14.289999961853 17.3500003814697 17.1399993896484 11.5100002288818 10.289999961853 8.5 9.5 8.67000017264979 9.97999954153492 14.6199997311541 14.9799995422363 14.9700002670288 14.5799999237061 14.8000001907349 15.4200000762939 15.2700004577637 15.3999996185303 16.3299999233336 16.2800006866455 16.1399993896484 14.7200002670288 14.9499998092651 15.6199998855591 15.8900003433228 15.9200000762939 16.020000457763 16 15.7600002288818 15.4499998092651 14.9899997711182 14.6499996185303 14.4899997711181 14.1999998092651 13.7799997329712 13.4899997711182
-9999 9.01000042621239 10.1700000762939 12.5699996948242 16.0799999237061 12.0100002288818 13.8800001144409 12.1700000762939 11.2799997329712 10.7399997711182 11.1400003433228 12.1599998474121 12.710000038147 16.6399993896484 18.0200004577637 11.2700004577637 11.0600004196167 9 10.289999961853 12.5900001525879 9.53999996185303 9.11999989459554 8.03999996185303 12.9200000705629 14.1700000762939 14.1099996566772 14.3100004196167 14.6800003051758 15.0600004202625 15.5 15.7200002670288 15.5900001525879 14.6499996185303 14.710000038147 14.5299997329712 14.9099998474121 15.6400003433228 15.7899999618519 15.8800001144409 15.6599998474121 15.460000038147 14.789999961853 14.6800003051758 14.539999961853 14.1499996185303 13.5900001525879 13.25
-9999 14.2524995803833 14.5349998474121 14.6350002288818 18.4874994182338 16.9699993133545 13.5 12.3299999237061 12.4499998092651 12.1700000762939 12.9099998474121 10.9499998092651 10.4099998484557 15.1700000762939 17.9400005340576 14.3500003814697 10.1800003051758 8.71000003814697 10.3199996948242 13.8599996566772 9.22999954223633 8.26000022888184 8.22999953849508 12.5100002288818 13.3800001144409 13.6899995803833 13.8199996948242 14.25 14.7600002288818 14.6800003051758 14.9499998092651 14.9700002670288 15.0600004196167 14.9300003051758 15.1499996185303 15.0799999237061 15.3000001907349 15.3599996566772 15.5600004196167 15.5500001907349 15.2299995422364 15.1000003814697 14.6700000762939 14.3900003433224 13.9099998474121 13.4200000762939 13.1000003814697
-9999 15.6575002670288 15.3549995422363 14.0100002288818 16.8075008392334 20.9125003814697 16.3575000762939 18.2075003379712 15.3325004577637 18.6149997711182 18.4624996185303 17.7049999237061 13.460000038147 16.6749992370605 21.3525009155273 14.0574999398447 11.6824998855591 12.0450000762939 11.977499961853 15.7749996185303 14.6149997711182 11.6625003814697 10.9375 13.2124996185303 9.30000019786034 11.0799999237061 12.6000003814697 13.8400001525879 14.1999998092651 14.3599996566772 13.6800003051758 13.789999961853 14.0500001907349 14.6300001144409 14.3699998855591 14.0699996948242 14.9899997711182 15.1400003433228 15.039999961853 15.039999961853 14.3599996566778 14.4099998474121 13.7799997329712 13.5699996948242 13.1300001144409 12.8199996948242 12.7600002288818
-9999 19.2849998474121 17.5849982504724 12.7349996566772 14.7375001907349 20.4799995422363 18.5750007629395 17.2175006866455 15.539999961853 18.4475002288818 19.2075004636886 17.3349990844727 14.6975002288818 15.5950002670288 20.8775005340576 18.9074993133545 14.6899995803833 12.6125001907349 12.5174999161148 14.1800003051758 15.7174997329712 12.9224996566772 12.3900003433228 13.1400003433228 11.9449996948242 9.22000026702881 13.1525001493079 14.1674995382833 14.9750003814697 14.7100000382316 14.4575004577637 14.875 15.4650001525879 15.7624998092651 15.4200000762939 15.6199998855591 16.3924999237061 17.0324993133545 17.1975002288818 16.8325004577637 15.0900001525906 16.2250003814697 16.7224998474121 16.372499465942 16.0375003814697 15.8024997711182 15.789999961853
-9999 18.7150001525879 15.4174995422363 12.9825000762939 14.6949996948242 20.5550004010184 21.3824996948242 20.0475006103516 16.9424991607666 19.2474994659424 19.7775001525879 16.2849998474121 15.2950000762939 17.9899997711182 18.1075000762939 18.6975002288818 17.2350006103516 11.4899997711182 11.1949996948242 13.0900001525879 17.1625003814697 15.7674999035036 12.9925003051758 14.1875 13.5174999237061 12.2124996185303 11.397500038147 12.1225004196167 12.3950004577637 13.4774999616953 13.9324998855591 14.9799995422363 15.3074998855591 15.375 15.5950002670288 15.710000038147 15.7550001144409 17.0874996185303 17.4599990844727 16.9225006103516 15.6125001907353 16.1650009155273 15.9575004577637 15.6774997711182 14.8400001525879 15.8850002288818 16.1275005340576
18.7749996185303 19.4874992370605 13.9200000762939 12.6674995422363 16.1900005340576 21.1450004577637 19.1550006866455 21.7924995422363 20.4549999237061 18.8024997711182 18.0974997088204 15.8199996948242 17.1749992370605 15.4949999130048 14.539999961853 16.0450000762939 16.8125 13.1724996566772 12.0974998474121 12.8100004196167 15.5625 16.4400005340576 16.0475006103516 14.0600004196167 15.914999961853 10.2124996185303 10.8275003433228 10.6300001144409 11.9499998092651 13.272500038147 14.1149997711182 14.6549997329712 15.3424997329082 15.6274995803833 15.8850002288818 15.6350002288818 15.7150001525879 17.0799999237061 17.4624996185303 17.1599998474121 17.1774997711181 17.0349998474121 16.0249996185303 15.8175001144409 15.4925003051758 16 16.1900005340576
19.4424991607666 19.9500007629395 14.1199998855591 14.7399997711183 18.4099998474121 18.0599994659424 15.9899997711182 18.1375007629395 20.0550003051758 16.4874992370605 17.7849998474121 17.5499995552289 16.0174999237061 15.602499961853 14.3424997329712 16.1049995422363 15.8199997060149 16.6499996185303 14.1450004577637 12.0574998855591 14.4125003814697 16.7299995422363 16.8325004577637 15.9174995422363 11.452500350868 12.5024995803833 9.77250003814697 9.02999973297119 11.5024995803833 13.9674997329712 14.5325002670288 15.2849998474121 15.6099996566429 15.8175001144409 16.4174995422363 16.1924991607907 16.9925003051747 17.5900001525899 17.5275001525879 17.4575004577637 17.7999992370606 17.8349990844727 16.8600006103516 16.6499996185303 16.6299991607666 16.3150005340576 16.4375
18.9624996185303 19.5550003051758 14.4399995803833 17.6000003814697 18.9125003814697 17.5400009155273 15.9849996566772 15.3249998092651 21.7849998474121 19.3325004577637 20.0349998474121 20.8400001525879 17.0200006211567 19.9424991607666 16.5300006866455 16.3225002288818 14.664999961853 14.4650001525879 16.3525009155273 15.5524997711182 13.3599996566772 15.5124998092651 14.6300001144409 16.375 12.0574998855591 11.7950000762939 9.98250007629395 9.01749992370605 11.7875003814697 13.5249996185303 14.2475004196167 14.8000001907349 15.4099998474121 15.6975002288818 16.3349990844727 16.5375003814697 16.8549995422363 17.5475006103516 17.5774993896484 17.5825004577637 17.7000007629395 17.6849994659424 17.2350006103517 16.9775009155273 16.9125003814697 16.5599994659434 16.6774997711184
