SnowAccumulation_R/test/tmax/final_tmax_20_04_2009.asc
NCOLS 97 
NROWS 69 
XLLCORNER 52512.810182332 
YLLCORNER 5316225.2758522 
CELLSIZE 10000 
NODATA_value -9999 
[rows 21 to 41 of 69, columns 0 to 46 of 97]
-9999 -9999 -9999 -9999 9.60000038146973 9.57999992370605 10.6000003814697 12.3900003433228 9.86999988555908 11.1199998855591 11.4899997711182 14.3599996566772 15.710000038147 15.9700002670288 16.7299995422363 17.9400005340576 18.5699996948242 18.6700000762939 18.4200000762939 18.3700008392334 18.2800006866455 18.25 18.4099998474121 18.3999996185303 18.2199993157139 18.1800003051758 18.1700000762939 18.2299995422363 18.3700008392334 18.3999996185303 18.3400001525879 18.3799991607666 18.2999992370605 18.2900009155273 18.3299999237061 18.6399993896484 18.5200004577637 18.1900005340576 18.1499996185303 17.9699993133545 18.5300006866455 18.7900009155273 18.1399993896486 17.8799991607666 17.7299995422363 17.5 17.6299991607666
-9999 -9999 -9999 -9999 10.75 8.28999996185303 10.539999961853 12.2600002288818 10.2200002670288 9.34000015258789 12.1999998092651 12.1499996185303 14.9099998474121 15.1000003814697 15.6499998318577 17.8199996948242 18.4200000762939 18.2600002288818 18.6599998474121 18.6299991607666 18.5900001525879 18.6200008392334 18.7900009155273 18.6599998474121 18.3500003857724 18.3099994659424 18.4300003051758 18.5799999237061 18.5900001525879 18.3799991607666 18.5900001525879 18.7199993133545 18.7999992370605 18.7900009155273 18.7700004577637 18.6700000762939 18.5499992370605 18.3899993896484 18.4099998474121 18 18.4500007629395 18.6900005340576 18.3700008392334 18.1000003814697 17.7900009155273 17.6900005340576 17.8799991607666
-9999 -9999 -9999 8.72999954223633 9.48999977111817 11.8999996185303 10.3800001144409 9.6899995803833 8.60999965667725 9.27000045776367 10.7600002288818 9.96000003814697 13.8400001525879 15.7299993578617 17.0400009155273 18.5100002288818 18.5100002288818 18.5400009155273 18.9899997711182 18.9300003051758 18.9099998474121 18.9599990844727 18.9400005340576 18.9200000762939 19.0300006866455 18.9200000762939 18.6399993954431 18.7399997711182 18.7299995422363 18.6399993896484 18.6900005340576 19.2000007629395 19.25 19.1299991607666 18.8700008392334 18.75 18.5 18.4899997711182 18.7099990844727 18.7299995422363 18.3999996185303 18.5 18.4099998474121 18.2099990844727 17.9699993133545 18.0599994659424 17.9799995422363
-9999 -9999 -9999 7.65000009536743 8.35000038146973 9.35999965667724 7.3600001335144 9.42000007629395 8.05000019073486 7.80999994277954 9.64000034332275 10.9099999118947 12.5500001907349 17.5799999237061 18.1900005340576 18.6900005340576 18.5799999237061 19.1100006103516 19.4200000762939 19.4500007629395 19.4500007629395 19.4200000762939 19.3799991607666 19.3099994659424 19.3099994659424 18.9200000817183 19.25 19.0900001525879 19.0400009155273 19.0100002288818 19.0900001525879 19.4200000762939 19.25 19.3600006103516 19.1800003051758 19.2000007629395 19.0799999237061 18.8199996948242 18.8500003814697 18.8799991607666 18.5499992370611 18.4899997711186 18.4099998474124 18.2900009155278 18.1599998474121 18.3099994659424 18.409999847413
-9999 -9999 -9999 7.28999996185303 8.4200005925961 9.26000022888183 8.61999988555908 8.57999992370605 5.96999979019165 9.13000011444092 8.31999969482422 16.8799991607666 17.1299991607666 17.4500007629395 18.0799999237061 18.6800003051758 18.8799991607666 19.4899997711182 19.7999992370606 19.8899993896484 19.6399993896484 19.6399993896484 19.6599998474121 19.6599998474121 19.6299991607666 19.6700000762939 19.5 19.4899997719778 19.3700008392334 19.5 19.6700000762939 19.5599994659424 19.4599990844727 19.5100002288818 19.7199993133545 19.7700004577637 19.3799991607666 19.2700004577637 19.0499992370605 19 18.9500007629395 18.8899993896484 18.7099990844727 18.6499996185303 18.7399997711182 18.8700008392334 18.9899997711181
-9999 -9999 -9999 7.24000420960162 6.69999980926514 11.3400001525879 7.84999990463257 7.25 7.90999984741211 6.8899998664856 7.96999979019165 9.30000019073486 17.4400005340576 17.7399997711182 18.2800006866455 18.4799995422363 18.9599990844727 19.6800003051758 20.0200004577637 20.1599998474121 19.9300003051758 19.9400005340576 19.7600002288818 19.5100002288818 19.7999992370605 19.9200000762939 19.5000000045786 19.6200008418476 20.0100002288818 20.2999992370605 20.2299995422363 20.1499996185303 20.0699996948242 20.0900001525879 20.1299991607666 19.9799995422363 19.8999996185303 19.4599990844727 19.2600002288818 19.1200008392334 19.1399993896484 19.1700000762939 18.9400005340576 18.7800006866455 19.0200004577637 19.2299995422363 19.2199993133545
-9999 -9999 -9999 10.6199998855591 10.2799997329712 10.9999989005396 6.01000022888184 9.52999973297119 7.8899998664856 8.47999954223633 9.26000022888184 8.98999977111816 9.4399995803833 17.8799991607666 18.0599994659424 18.2600002288818 19.1900005340576 19.6700000762939 19.7999992370605 19.9899997711182 20.1100006103516 20.1000003814697 19.9799995422363 19.9699993133545 20.1200008392334 20.2800006866455 20.3799991607666 20.3299999237061 20.2199993155181 20.5100002297148 20.4799995422363 20.3600006103516 20.5300006866455 20.3400001525879 20.2800006866455 20.2000007629394 20 19.8799991607666 19.6700000762939 19.2199993133545 19.1200008392334 19.0599994659424 19.3299999237061 19.25 19.2600002288818 19.4099998474121 19.4799995422363
-9999 -9999 -9999 12.1199998855591 8.77999973297119 8.14000034332275 8.64999961853027 7.48999977111816 8.89999961853028 8 9.02000045776367 8.63000011444092 9.77000045776367 9.98999977111816 18 17.3500003814697 18.8400001525879 19.5900001525879 19.6900005340576 19.9500007629395 20.1800003051758 20.3299999237061 20.2900009155273 20.25 20.25 20.3700008392334 20.4300003051758 20.4699993133545 20.6200008404379 20.7800006866455 20.8600006103516 20.9200000762939 20.8999996185303 20.8199996948242 20.5200004577637 20.2800006866455 20.1800003051758 19.9099998474121 19.7600002288818 19.6100006103516 19.4799995422363 19.4500007629395 19.3600006103516 19.7299995422363 19.6700000762939 19.7199993133545 19.8199996948242
-9999 -9999 -9999 11.960000038147 9.57999992370605 10.7200002670288 10.180000396927 9.8100004196167 12.039999961853 8.82999992370605 6.8899998664856 7.8899998664856 7.46000003814697 8.77000045776367 16.8799991607666 17.0699996948242 17.2999992370605 18.8600006103516 19.3299999237061 19.9300003051758 20.1399993896484 20.8299999237061 20.4699993133545 20.2399997711182 20.3700008392334 20.4699993133545 20.4400005340576 20.75 21.1599998474121 21.2900009155273 21.020000458487 21.1100006107166 21.1000003814697 21.0599994659424 20.9200000762939 20.6599998474121 20.5400009155273 20.4799995422363 20.4500007629395 20.1599998474121 19.6000003814697 19.5900001525879 19.4799995422363 19.5300006866455 19.9799995422363 20.1299991607666 20.1299991607666
-9999 -9999 -9999 12.9999992668882 11.6999998092651 11.3500003814697 10.1299999319012 8.27999973297119 8.69999980926513 10.8500003814697 7.19999982622427 8.77999973297119 10.7799997329712 7.59999990463257 16.5799999237061 16.7700004577637 17.0400009155273 17.3999996185303 19.1800003051758 19.3500003814697 20.1299991607666 20.2000007629395 20.1000003814697 20.0100002288818 20.3899993896484 20.5699996948242 20.8899993896484 21.0400009155273 21.2600002288818 21.2900009157456 21.3799991608658 21.3899993896484 21.7600002288818 21.7099990844727 21.1299991607666 21.0599994659424 21.0699996948242 21.0400009155273 20.6000003814697 20.5499992370606 19.9599990844727 19.8600006103516 19.8099994659424 20 20.0100002288818 20.0300006866455 20.1399993896484
-9999 -9999 -9999 12.9899997711182 10.8699998855591 12.6899995803833 9.03999996185303 9.58999892965813 7.48999977111816 11.8299999237061 10.9799995422363 9.17000007629395 9.10000038146972 9.86999988555908 15.7299995422363 16.4599990844727 16.7800006866455 17.2399997711182 18.1000003814697 19.1399993896484 19.6599998474121 19.9599990844727 19.9799995422363 20.0300006866455 20.3400001525879 20.6800003051758 20.9099998474121 21.0400009155273 21.4699993133545 21.5300006866455 21.6100006103516 21.6499996185303 21.9099998473484 21.7000007630114 21.5900001525879 21.4500007629394 21.2000007629395 21.2000007629395 21.2099990844727 20.9699993133545 20.6299991607666 20.5100002288818 20.4500007629395 20.3999996185303 20.3500003814697 20.3400001525879 20.3799991607666
-9999 -9999 -9999 11.0200004577637 12.8800002484393 11.1300001144409 12.4499998092651 8.71000003814697 9.90999947018609 8.89000034332275 10.6300001144409 12.1400003433228 11.9700002670288 13.6999998092651 15.4899997711182 15.7399997711182 16.0799999237061 16.9500007629395 17.9500007629395 19.0499992370605 19.5499992370605 19.6900005340576 20 20.1299991607666 20.4599990844727 20.4799995422363 20.8500003814697 21.2099990844727 21.5699996948242 21.5900001525879 21.7199993133545 21.6499996186558 21.8299999235962 21.8500003814697 21.4899997711182 21.7399997711182 21.6200008392334 21.9500007629395 21.6599998474121 21.2999992370605 21.2099990844727 21.3299999237061 20.6200008392334 20.5400009155273 20.6700000762939 20.5 20.6800003051758
-9999 -9999 -9999 11.5100002288818 13.039999961853 14 11.8400001525879 13.1199998855591 10.25 9.22000138588524 8.47999954223633 11.3999996185303 11.0100002288818 11.6199998855591 15.0799999237061 15.3800001144409 15.8999996185303 16.1100006103516 17.3400001525879 18.9200000762939 19.1200008392334 19.4500007629395 19.9200000762939 20.3299999237061 20.4899997711182 20.5699996948242 21.0400009155273 21.4300003051758 21.7299995422363 21.8899993896484 21.8899993896484 21.9300003051758 21.8700008392334 21.7000007629394 21.6299991607666 21.9400005340884 22.1599998474278 22.0799999237061 22.1599998474121 22.25 21.8799991607666 21.5400009155273 21.4099998474121 20.8299999237061 20.7700004577637 20.9400005340576 20.7900009155273
-9999 -9999 -9999 9.71000003814697 11.7799997329712 13.5600004196167 14.3800001144409 10.3199996948242 13.0200004577637 10.3199996948242 9.2800004805388 8.43000030517578 9.14999961853027 10.5600004196167 14.2700004577637 14.6099996566772 16.1200008392334 15.8299999237061 16.4200000762939 17.5599994659424 19.1100006103516 19.6299991607666 19.8700008392334 20.2299995422363 20.4500007629395 20.6000003814697 21.5100002288818 21.6200008392334 21.7600002288818 21.9699993133545 22.0400009155273 22.2000007629394 22.1599998474121 22.1100006103516 22.2199993133545 22.3999996185303 22.6399993896484 22.6800003051758 22.6100006103516 22.5699996948243 22.3600006103518 22.139999389649 21.7500000000007 21.3600006103517 21.0599994659429 21.010000228882 21
-9999 -9999 9.43000030517578 10.289999961853 7.21999979019165 13.2200002670288 14.4899997711182 13.6599998474121 11.6899995803833 15 9.8100004196167 8.0500004875734 7.48999977111816 9.56999969482422 12.9300003051758 9.97999954223633 14.3100004196167 15.2600002288818 16.0799999237061 16.7000007629395 19.2000007629395 19.5699996948242 19.7700004577637 19.9300003051758 20.7099990844727 20.8299999237061 21.3799991607666 21.6599998474121 21.8600006103516 22.0799999237061 22.2299995422363 22.3199996948242 22.3500003814697 22.4099998474121 22.5599994659424 22.6399993896484 22.8500003814697 22.7999992370605 22.6100006103523 22.5799999237064 22.459999084473 22.3799991607666 22.0699996948242 21.3999996185303 21.2999992370605 21.0599994659424 21.0400009155273
-9999 -9999 8.02000045776367 7.3899998664856 9.85999965667724 8.42000007629395 11.7799997329712 14.9499998092651 12.9700002670288 11.0500004637765 10.210000038147 10.7700004577637 8.25 9.03999996185303 12.7200002670288 11.8699998855591 13.5 14.75 15.3699998855591 16.0699996948242 19.2000007629395 19.7099990844727 19.8700008392334 20.0300006866455 21.0200004555289 21.1200008390311 21.7299995422363 21.9500007629395 22.2299995422363 22.2299995422363 22.3899993896484 22.3899993896484 22.4699993133545 22.5900001525879 22.7700004577637 22.8199996948242 22.9300003051758 22.9300003051758 22.8099994659424 22.7099990844727 22.6299991607666 22.6100006103516 22.3199996948242 21.8500003814697 21.5200004577637 21.2900009155273 21.2700004577637
-9999 -9999 9.5600004196167 10.7600002288818 9.98999977111816 8.90999984741211 9.50000032328254 14.8900003433228 15.75 11.5200004577637 14.3299999237061 13.0500001907349 9.69999980926514 9.46000003814697 13.5500001907349 13.5500001907349 13.8999996185303 14.7399997711182 15.3900003433228 15.9399995803833 18.4599990844727 19.6200008392334 19.8999996185303 20.1800003051758 21.1200008392334 21.1900005340576 21.8799991607666 22.0400009155273 22.4400005340576 22.6200008392334 22.5 22.4699993133545 22.6100006103516 22.6900005340576 22.7399997711182 22.8400001525879 22.9599990844727 23.0699996948242 22.8600006103516 22.7600002288818 22.6700000762939 22.6399993896484 22.3400001525879 22.0799999237061 21.5300006866455 21.4400005340576 21.4599990844727
-9999 -9999 10.289999961853 11.6800003051758 11.1800003051758 7.73999977111816 10.2799997329712 12.7700004577637 16.3999996185303 12.1300001144409 12.0799999237061 11.460000038147 12.6899995803833 8.0900001644202 7.96999979019165 13.8599996566772 14.1499996185303 14.539999961853 15.5500001907349 16.5 18.4200000762939 19.2099990844727 19.9200000762939 20.2299995422363 20.6200008392334 21.5599994659424 22.0799999237061 22.3299999237061 22.5300006866455 22.7399997711182 22.8500003814697 22.9500007629395 22.9300003051758 22.8600006103516 22.8700008392334 22.9200000762939 22.9799995422363 23.0100002288818 22.8700008392334 22.8099994659424 22.9099998474121 22.6800003051758 22.3999996185303 22.2099990844727 22.0900001525879 22.0200004577637 21.9200000762939
-9999 -9999 13.4700008373606 12.2600002288818 9.06999969482422 10.5799999237061 11.0100002288818 12.3100004196167 16.5300006866455 14.7200002670288 11.3599997471641 16.1000003814697 13.8999996185303 11.4399995803833 10.9899997711182 14.0500001907349 14.4799995422363 14.789999961853 15.5500001907349 16.4300003051758 17.8899993896484 17.8600006103516 19.1599998474121 19.9699993133545 20.4699993133545 20.9500007629394 21.7800006866455 22.4799995422363 22.5699996948242 22.8500003814697 23.4200000762939 23.0400009155273 23.1299991607666 23.1700000762939 23.1599998474121 23.2600002288818 23.2600002288818 23.2000007629395 23.1000003814697 23.0400009155273 22.9599990844727 22.8700008392334 22.9099998474121 22.6800003051758 22.3999996185303 22.3600006103516 22.3799991607666
-9999 -9999 14.0200004577637 8.5400020131676 7.68000006040072 8.89999961853028 7.94000005722046 12.8999996185303 13.3999996185303 17.6100006103516 10.6000003814697 15.2399997711182 12.5299997329712 10.5600004196167 9.01000022888184 7.92999982833862 12.0500001907349 15.4200000762939 15.789999961853 16.5300006866455 17.2399997711182 16.4799995422363 20.2600002229427 20.6399993884546 20.3999996185303 20.9300003040816 20.9300003124288 22.2299995422363 22.7199993133545 22.9599990844727 23.1499996185303 23.1200008392334 23.1100006103516 23.2000007629394 23.2700004577637 23.2800006866455 23.2600002288818 23.2600002288818 23.1700000762939 23.1200008392334 23.0400009155273 22.9099998474121 22.9599990844727 22.9200000762939 22.7900009155273 22.6399993896484 22.6000003814697
-9999 -9999 14.1599998474121 10.960000038147 10.2000000032208 9.38000011444092 11.789999961853 9.09000015258789 10.9300003051758 17.3199996948242 11.25 12.3500003814697 14.0200004577637 10.9399995803833 10.4799995422363 9.63000011444092 11.8800001144409 11.8800001144409 16.3500003814697 17.6399993896484 17.8899993887643 18.9400005294641 19.9899997711182 20.1700000762939 20.2099990844727 21.4899997711182 21.9599990837103 22.2399997711182 22.4300003051758 22.9899997711182 23.1000003814697 23.1200008392334 23.1299991607666 23.2600002288818 23.3400001525879 23.3299999237061 23.2800006866455 23.2800006866455 23.3299999237061 23.2299995422363 23.1700000762939 23.0300006866455 23.0400009155273 23.0599994659424 22.9099998474121 22.9099998474121 22.7299995422363
