SnowAccumulation_R/test/tmax/final_tmax_10_04_2009.asc
NCOLS 97 
NROWS 69 
XLLCORNER 52512.810182332 
YLLCORNER 5316225.2758522 
CELLSIZE 10000 
NODATA_value -9999 
[rows 42 to 62 of 69, columns 47 to 93 of 97]
17.7900009155273 17.6599998474121 17.4599990844727 17.2999992370605 17.1499996185303 16.8299999237061 16.7299995422363 16.6900005340576 16.5499992370605 16.5100002288818 15.9099998474121 15.3500003814697 15.039999961853 14.4799995422363 13.789999961853 13.4799995418792 12.8000001907349 12.1400003433228 11.4799995474391 11.1700000762939 10.3699998855591 10.1999998048834 10.0200004577637 9.88000011444092 9.38000011444092 9.27999973297119 9.14000034332275 8.92000007629395 8.82999992370606 8.60999965667725 8.03999996185303 7.78999996185303 7.42000007629395 6.84000015258789 6.53999996185303 6.40999984741211 6.09999990463257 5.84999990463257 5.48000001907349 5.03000020980835 4.76999998092651 4.23999977111816 3.80999994277954 3.76999998092651 3.76999998092651 3.78999996185303 3.77999997138977
17.7999992370605 17.4200000762939 17.2299995422363 17.1100006103516 16.7399997711182 16.9400005340576 16.8099994659424 16.5900001525879 16.3299999237061 16.2299995422363 15.8699998855591 15.3299999237061 15.0500001907349 14.460000038147 13.8299999237061 13.4499998092651 12.9700002670288 12.2299995422363 11.9499998082164 11.1300001123117 10.5799999237061 10.2299995416614 10.0200004577637 9.71000003814697 9.65999984741211 9.52999973297119 9.27000045776367 8.97999954223633 8.81999969482422 8.61999988555908 8.21000003814697 7.92000007629395 7.48999977111816 6.98000001907349 6.69000005722046 5.98999977111816 5.8600001335144 5.59999990463257 5.42999982833862 5.05000019073486 4.84000015258789 4.36999988555908 3.96000003814697 3.84999990463257 3.74000000953674 3.67000007629394 3.63000011444092
17.5699996948242 17.3500003814697 17.2099990844727 16.7000007629395 16.6100006103516 16.8600006103516 16.8500003814697 16.7099990844727 16.4899997711182 16.3299999237061 15.8699998855591 15.289999961853 15 14.3999996185303 13.7200002670288 13.3999996185303 12.9700002670288 12.25 11.8599996541385 11.3299999237061 10.5600004196167 10.3000001907349 9.92000007629395 9.97000026702881 9.88000011444092 9.75 9.60000038146973 9.43999957984508 8.94999980926514 8.65999984741211 8.48999977111816 8.14999961853027 7.69000005722046 7.44000005722046 6.92000007629395 6.42999979529483 5.75000004860018 5.44999980926514 5.40000009536743 5.09999990852057 4.94999980926514 4.53999996185303 4.16000000150609 4 3.77999997138977 3.62000001123331 3.5599998608751
17.6499996185303 17.4200000762939 17.1900005340576 16.6800003051758 16.5400009155273 17.0300006866455 16.9099998474121 16.75 16.4300003051758 16.1599998474121 15.8199996948242 15.210000038147 14.8999996185303 14.3000001907349 13.710000038147 13.3999996177921 12.7399997679583 12.2299995422363 12.0500001907349 11.3900003433228 10.7799997329712 10.5500001907349 10.289999961853 9.98999977111816 9.89999961853028 9.61999988555908 9.77999973297119 9.64000034332276 9.27000045776367 8.88000011444092 8.67000007629395 8.03999996185303 7.65999984741211 7.51999998092651 7.07999991951935 6.57999992370605 6.25 5.73000001907349 5.21999979019165 4.90999984741211 5.01000022888184 4.63000011444092 4.46000003814697 4.17000007629394 3.88000011444092 3.75 3.53999996185303
17.7099990844727 17.3999996185303 17.0499992370605 16.7299995422363 16.0499992370605 17.0599994659367 16.7000007629395 16.6000003814697 16.4099998474121 16.0900001525879 15.6400003433228 15.1899995803833 14.9399995803833 14.0600004193196 13.0100002288818 12.8199996948242 12.6700000762939 12.3299999237061 12.0900001525879 11.539999961853 11.0699996948242 10.8999996185303 10.7299995422363 10.7600002288818 10.5900001525879 10.1599998474121 9.98999977111816 9.77999973297119 9.40999984741211 9 8.77000045776367 8.10000038146973 7.76999998092651 7.71000003814697 7.17000007629394 6.8899998664856 6.6100001335144 5.92999982833862 5.46000003814697 5.34000015258789 4.98999977111816 4.82000017166138 4.57999992370605 4.25 4.01000037357884 3.97000002861023 3.60999989509583
17.5100002288818 17.1800003051758 17.0400009155273 16.6200008392334 15.8599996566772 16.8299999236961 16.2999992370605 16.4400005340576 16.499999999969 16.0400009155273 15.5699996942258 15.359999655798 13.9700002670288 12.8900003433228 12.880000114703 13.1099996566772 12.6499996185303 12.25 12.1000003814697 11.6599998474121 11.5699996948242 11.4499998092651 11.2799997329712 11.1599998474121 10.9300003051758 10.5500001907349 10.0100002288818 9.77000045776367 9.55000019073486 9.21000003878505 8.96000003814697 8.36999988555908 8.36999988555908 7.8600001335144 7.42999982833862 7.28000020980835 6.90999984741211 6.48999977111816 6.23000001907349 5.69999980926514 5.21000003814697 4.98999977111816 4.78999996185303 4.3899998664856 4.22000019657391 4.05000019073486 3.74000000953674
17.2299995422363 16.9899997711182 16.8799991607666 16.4200000762939 15.5900001525879 16.1200008392259 15.75 16.0499992369433 16.2000007625995 14.1800003051758 13.0799999237061 13.2399997710129 12.6899995803833 12.6499996185303 12.7600002292321 13.3299999237061 12.8500003814697 12.6199998851261 12.4899997711182 12.210000038147 12.1899995803395 12.0600004196167 11.7299995422363 11.5799999221829 11.1000003814697 10.6400003433228 10.3699998855591 9.98999977111816 9.68000030517578 9.57999992370605 9.10000038146973 8.82999992370605 8.60999965667725 8.15999984741211 7.76999998092651 7.73999977111816 7.30000019073486 6.88000011444092 6.67000007629395 6.1100001335144 5.59999990463257 5.34999990463257 4.76000022888184 4.66000021657983 4.69000005722046 4.23000001907349 3.8900001049049
17 16.8099994659424 16.25 15.5699996948242 15.2600002288818 13.5500001907349 13.8900003433228 13.9200000762939 12.8000001907349 11.9300003051758 11.8299999237061 12.0699996948242 12.3100004196167 12.460000038147 12.6700000762939 13.4899997711182 12.960000038147 12.9099998474121 12.7700004577637 12.7200002670288 12.460000038147 12.3299999237061 11.9799995422363 11.7200002670288 11.3599996566772 10.9700002670288 10.710000038147 10.3900003433228 10.0200004577637 9.84000020227525 9.57999992370605 9.13000011444092 8.86999988555908 8.53999996185303 8.27000045776367 8.1899995803833 7.71999979019165 7.13000017150154 6.90000009536743 6.59000015258789 6.05000030350683 5.75 5.23000001907349 5.3600001335144 4.94999980926514 4.57000017166138 4.30999994277954
16.7600002288818 16.25 15.789999961853 15.3299999237061 15.0900001525879 12.8500003814697 12.6899995803833 12.539999961853 11.8100004196167 12.25 12.1899995803833 12.3500003814697 12.4700002670288 12.6000003814697 13.3999996185303 13.5600004196167 13.0699996948242 12.8699998855591 12.8500003814697 12.8500003814697 12.7600002288818 12.1400003433228 12.0900001525879 11.8299999237061 11.5799999237061 11.2600002288818 11.1300001144409 10.6300001144409 10.3199997337634 10.3199996948242 9.90999984741211 9.44999981240718 9.22999954223633 8.89999961853028 8.73999977111816 8.51000022888184 8.22000026702881 7.84999990463257 7.46000003814697 7.09000015258789 6.78000020980835 6.21000003814697 5.96999979019165 5.71000003814697 5.25 4.88000011444092 4.65999984741211
16.3999996185303 15.9499998092651 15.2700004577637 13.6400003433228 13 12.6499996185303 13.039999961853 13.3400001525879 12.9200000762939 13.1099996566772 13.1800003051758 12.6800003051758 12.9399995803833 13.7299995422363 13.75 13.4499998092651 12.8800001144409 12.9499998092651 12.8299999237061 13.0600004196167 12.789999961853 12.0500001907349 12.0100002288818 12.0799999237061 11.7399997711182 11.4700002670288 11.2600002288818 10.7500000454165 10.9999999991085 10.5200004577637 10.0699996948242 10 9.63000011444092 9.34000015258789 9.13000011444092 9.01000022888184 8.82999992370605 8.60999965667724 8.07999992370605 7.71000003814697 7.3899998664856 7.17000007629395 6.46000026587776 6.15000009536743 5.55999994277954 5.26999998092651 4.80999994277954
16.3299999237061 14.5 14.6000003814697 14.4200000762939 14.1099996566772 13.7700004577637 13.8599996566772 14.0299997329712 13.960000038147 13.8000001907349 13.7200002670288 13.6599998474121 13.3400001525879 13.960000038147 14.039999961853 13.5200004577637 13.1000003814697 13.3100004196167 13.2799997329712 13.1099996566772 12.9399995803833 12.6899995803833 12.4099998455177 12.0699996948242 11.8199996948242 11.6700000762939 11.4200000762939 11.3100004196167 11.1300001144409 10.6700000762939 10.1300001144409 10.0900001525879 9.8100004196167 9.46000003814697 9.40999984741211 9.05000019073486 8.97999953600675 9.02999973297119 8.77999973297119 8.55000019073486 7.90000064845843 7.5 7.15000009536743 6.55999994277954 5.8899998664856 5.59999990463257 5.1399998664856
15.8299999237061 15 14.7600002288818 14.7700004577637 14.6599998474121 14.5 14.3800001144409 14.4200000762939 14.460000038147 14.2799997329712 14.1400003433228 14 13.5200004577637 14 14.1700000762939 13.9200000762939 13.7299995418912 13.6599998474121 13.6999998092651 13.6700000762939 13.6599998474121 13.1800003051758 12.8500003814697 11.8000001907349 11.5399999742161 11.3900003433228 11.4099998474121 11.1400003433228 10.9399995803833 10.3999996185303 9.9399995803833 9.9399995803833 9.72999954223633 9.9300003029255 9.85000038146973 9.72999954223633 9.36999988555908 9.47999954223633 9.3100004196167 9.05000030429865 8.64000034332275 8.15999984741211 7.75 6.96999979019165 6.36000044482059 6.05000019073486 5.5
15.7700004577637 15.4099998474121 15.1899995803833 14.9700002670288 15.0299997329712 14.7799997329712 14.6999998092651 14.6599998474121 14.7299995422363 14.460000038147 14.4099998474121 14.289999961853 14.1300001144409 14.1499996186114 14.3900003433228 14.0699996948242 13.939999580191 13.7799997329712 13.7299995422363 13.7299995422363 13.6800003051758 13.5200004577637 13.1199998855591 12.6599998474121 12.1700000762939 11.6700000762939 11.2399997711182 11.1599998474121 10.8199996948242 10.4499998092651 10.4300003051758 10.0900001525879 10.0900001525879 10.0299997329712 10.3000001907349 10.2799997329712 10.1300001144409 10.0699996948242 9.47000062212295 9.64999961853028 9.0600004196167 8.47999964814921 8.27999973297119 7.53999996185303 7.23999977111816 6.46999979019165 5.86999988555908
15.8000001907349 15.4300003051758 15.4799995422363 15.3900003433228 15.2700004577637 15.289999961853 15.0900001525879 14.8699998855591 15.0100002288818 14.6300001144409 14.1199998855591 14.3699998855591 14.6800003051758 14.7100000381226 14.6599998474121 14.5299997329712 14.4099998474121 14.1300001144409 14.039999961853 13.960000038147 13.6000003814697 13.6199998821351 13.3100004196167 13.0600004196167 12.3999996185303 11.789999961853 11.8900003433228 11.6899995794087 11.4799995422363 11.0299997329712 10.9700002670288 10.6999998092651 10.3000001907349 10.4300003051758 10.460000038147 10.6300001144409 10.6599998474121 10.7500001577498 11.0500001907349 10.1599998474121 9.55000019073486 9.10000038146972 8.56999969482422 7.82000017166138 7.57999992370606 6.96999979019165 6.33000036422616
15.8800001144409 15.6499996185303 15.6400003433228 15.7600002288818 15.5799999237061 15.5299997329712 15.4700002670288 15.1300001144409 15.0299997329712 15.0900001525879 14.8900003432951 14.7200002670288 14.7200002670288 14.6400003433228 14.789999961853 14.7299995422363 14.7200002670288 14.5600004196167 14.3900003433228 14.2399997745674 14.0100002288818 13.7399997711182 13.4899997711182 13.0699996948242 12.9999999982485 12.2600002288818 12.2200002670288 12.1800003051758 11.9300003051758 11.539999961853 11.25 11.0600004196167 10.6099996613401 10.6499996185303 11.0100002288818 11.0299997329712 11.1299980206628 7.09749984741211 7.18249988555908 7.35500001907349 7.26000022888184 7.42000007629395 7.78499984741211 7.64749995894231 7.78249979019165 7.67749977111816 7.36999988555908
16.0799999237061 16.0400009155273 15.960000038147 15.9200000762939 15.7799997329712 15.6499996185303 15.6999998092651 15.4899997711182 15.3000001907349 15.3100004196167 15.1800003051758 15.1999998092651 14.4799995422363 14.5 14.710000038147 14.7799997329712 14.8299999237061 14.7700003989709 8.55500030517578 8.6875 8.85249996185303 8.72500038172042 9.03000068664551 8.89999961853027 9.05249977111816 9.02250003814697 9.30500030517578 9.55000019073487 9.53499984741211 8.64000034332275 7.875 8.15499973297119 8.22749996185303 7.24499988555908 6.98999977111816 7.20999990218637 7.64249992370605 7.79250001907349 7.82499980926514 7.4375 7.125 7.51000022888184 7.89499998092651 7.65000009536743 7.82000017166138 7.55249977111816 7.28999996185303
12.0625 11.9875001907349 11.9425001144409 11.9300003051758 11.6724996566772 11.3900003433228 10.9825000762939 10.9949998855538 10.8774995803833 10.5349998474121 10.2875003814697 10.25 9.0649995803833 8.59000015258789 8.72999954223633 8.91499996139424 8.85249996185303 8.9975004196167 8.49499988531557 8.47999954223633 8.42500019073486 8.94750022888183 9.00500011444092 8.96500015258789 8.67000007629395 9.42500019073487 9.80500030517578 10.2299995422363 9.92000007629395 9.53499984426553 7.73250007629395 7.875 7.95249986648559 7.94500017166138 6.78750030083155 7.4225001335144 7.74249982833862 7.94250011444092 8.39750003814697 7.67999982833862 7.50750017166138 7.52250003814697 8.19750022888184 8.07999992370605 7.95249986648559 7.79750013351441 7.18250085428488
11.9449996948242 11.8774995803833 11.9375 12.1700000762939 11.7299995422363 11.3024997711182 11.1175003051758 10.9425001144416 11.0349998474121 11.1049995422363 10.9375 10.3400001525879 9.35249996217433 8.3675003057336 8.5 8.48999977111816 8.52499961853027 8.40000057220459 8.21749973297119 8.32499980926514 8.50749969482422 8.61499977111817 9.13000011444092 8.69499969482422 8.33500003814697 9.46749973297119 9.5374994329164 10.3924999237061 9.88249969482422 9.26249980926513 7.84000015258789 7.52750015258789 7.58750009536743 7.71750015384991 7.55499980372032 7.60249996185303 7.34000015258789 7.41249990463257 8.02750015258789 7.41249990463257 7.34000015258789 7.46999979019165 7.46750020980835 7.63749980926514 7.80499982833862 7.9225001335144 7.83500003814697
12.1125001907349 12.1424999237061 12.125 12.2924995422363 11.9849996566772 11.5725002288818 11.3325004577637 11.3074998855591 11.2150001525879 11.2499999999162 11.2425003051652 10.5150003433228 10.0924997329712 9.56999969482422 8.53250026702881 8.41250038124616 8.35750007629395 8.38500022888184 8.48250007629395 8.07250022888184 8.17500019073486 8.1875 8.92499923706055 8.42000007629395 8.44000053405762 9.64500045776367 9.76500034332275 9.89000034332275 9.26000022888184 8.99499988555908 8.14500045776367 7.90999984828194 7.98750025453971 7.69999980926514 7.42250013351441 7.18499994277954 7.73250007629395 7.7024998664856 7.83750009536743 7.52750108353245 7.25750017166138 7.22749996185303 7.44250011444092 7.71250009536743 7.69750022888184 8.48250007629395 8.23999977111816
12.3424997329712 12.3725004196167 12.4300003051758 12.4575004577637 12.5424995422363 12.1075000763183 11.8050003051875 11.7849998474121 11.8474998474121 11.2150001525879 11.0600004196167 10.8249998092651 10.1850004196167 10.0974998474121 9.46000003814697 9.07250022888184 8.59749984741211 8.18499946594238 8.16749954223633 8.59749984741211 8.53999996185303 8.5600004196167 9.14000034332276 9.43499946594238 9.34249973297119 9.81500053405762 9.17000007629395 9.60249996185303 8.38749980926514 7.64499998092651 8.61000061035156 8.6225004196167 8.14249992370605 7.79250001907349 7.53249979019165 7.47249984741211 7.88749978632595 8.11250019073486 8.1875 8.31999969482422 7.11749982833862 7.56500005722046 7.40999984741211 7.81750011444092 8.12750056230034 8.97000026702881 8.97500038146973
12.3800001144409 12.6000003814697 12.7425003051758 12.8050003051758 12.7049999237068 12.8924999237061 12.8424997329712 12.5524997711182 12.0299997329712 11.2049999237061 11.147500038147 11.1625003814697 11.2100000381031 10.8900003433228 10.2174997329712 9.94000053405762 9.03750038146973 8.55000019073487 8.5625 8.58250045776367 8.84500026820081 9.32750034332275 9.85750007629395 9.97249984741211 10.0574998855591 9.6850004196167 9.25500011444092 9.30749988555908 8.62750052936521 8.38749980926514 8.11999988555908 8.63749980926514 8.45499992370605 7.8899998695122 7.75 7.43499994277954 7.47249984741211 7.16750001907349 7.17500019073486 7.76000022888184 7.60750007629395 7.11499977111816 7.7350001335144 8.27250067045707 8.86750030517578 9.13500022888184 8.77000064127681
