SnowAccumulation_R/test/tmax/final_tmax_05_04_2009.asc
NCOLS 97 
NROWS 69 
XLLCORNER 52512.810182332 
YLLCORNER 5316225.2758522 
CELLSIZE 10000 
NODATA_value -9999 
[rows 0 to 20 of 69, columns 47 to 93 of 97]
-9999 -9999 -9999 -9999 -9999 -9999 -9999 -9999 -9999 -9999 -9999 -9999 -9999 -9999 -9999 -9999 -9999 -9999 -9999 -9999 -9999 -9999 -9999 -9999 -9999 -9999 -9999 -9999 -9999 -9999 -9999 -9999 -9999 -9999 -9999 -9999 -9999 -9999 2.61999988555908 2.53999996185303 2.48000001907349 2.50999999046326 2.50999999046326 2.52999997138977 -9999 -9999 -9999
-9999 -9999 -9999 -9999 -9999 -9999 -9999 -9999 -9999 -9999 -9999 -9999 -9999 -9999 -9999 -9999 -9999 -9999 -9999 -9999 -9999 -9999 -9999 -9999 5.17000007629394 4.92999982833862 4.59999990463257 4.48999977111816 4.78000020980835 4.98000001907349 4.90999984741211 4.55000019073486 4.26000022888184 3.91000008583069 3.55999994277954 3.09000002673834 2.89000010490418 2.60999994756238 2.5 2.38000011444092 2.35999989509583 2.30999994277954 2.35999989509583 2.39000010490417 -9999 -9999 -9999
5.26999998092651 5.42000007629395 5.67000007629395 5.65999984741211 5.71000003814697 5.80000019073486 5.78999996185303 5.73000001907349 5.84000015258789 5.80999994277954 5.82000017166138 5.75 5.65999984735029 5.42000007629395 5.40000009536743 5.48000001907349 5.44999980926514 5.40999984741211 5.36000013343384 5.23000001907349 5.25 5.26000022888184 5.28999994581223 5.11999988544615 5.09000015258789 4.90999984741211 4.5 4.11999988555908 4.30000019073486 4.63000011444092 4.67000007629395 4.3600001335144 4.07999992370605 3.74000000953674 3.44000010076023 3.28999996185303 2.8599998034886 2.54999995231628 2.41000008583069 2.21000003814697 2.19000005722046 2.16000008583069 2.13000011444092 2.17000007629395 -9999 -9999 -9999
5.36999988555906 5.40999984741211 5.61999988555908 5.57000017166138 5.61999988555908 5.69000005722046 5.69999980926631 5.67000007629395 5.5 5.63000011444092 5.59999990463257 5.48000001907349 5.32999992370605 5.01000022888184 4.80999994277954 5.19999980926514 5.28000020980835 5.26000022888184 5.19999980926514 5.09000015258789 5 5.1100001182 4.86999988555908 4.90999984741211 4.90000009536743 4.84999990463257 4.46000003814697 4 4.15999983734824 4.3899998664856 4.44999980926514 4.09999990463257 3.82999992370605 3.5 3.36999988555908 3.09999965396645 2.5699999332428 2.38000011444092 2.22000002861023 2.15000009536743 2.01999998092651 1.98000001907349 1.86000001430511 1.88999998569489 -9999 -9999 -9999
5.42999982833862 5.5 5.48999977111816 5.59000015258789 5.53999996185303 5.55000019073486 5.59999990463452 5.65999984741211 5.44000005722046 5.32000017166138 5.28000020980835 5.23000001907349 5.09999990463257 4.96000003814697 4.90000009536743 5.01999998092651 5.09000015258789 5.11000013349857 5.1100001335144 4.98000001907349 4.71000003814697 4.63000011444092 4.80000019068169 4.76000022888184 4.73000001907349 4.65999984741211 4.44000005722046 4 3.84999990463257 4.05999994277954 4.07000017166138 3.80999994277954 3.57999992370605 3.39000010490417 2.95999986834591 2.5 2.33999991416931 2.16000008583069 2.0000000708936 1.97000002861023 1.8400000333786 1.72000002861023 1.75 1.75999988245953 -9999 -9999 -9999
5.36999988555908 5.53999996185303 5.69999980926514 5.76000022888184 5.73000001907349 5.67999982833862 5.55999994277954 5.55999994277954 5.42000007629395 5.30999994277954 5.26999998092651 5.19000005721297 5.07999992370605 4.98000001907349 4.92999982833862 4.65999984741211 4.80000019073486 4.92999982833862 5.01999997888133 4.78000020980835 4.61999988555908 4.46000003814697 4.51000022888184 4.63000011444092 4.51000022888184 4.3899998664856 4.32999992370605 4.21999979019165 3.90000009536743 3.79999995231628 3.75999999046326 3.53999996185303 3.29999996269497 3.1800000667572 2.63000011444092 2.33999991416931 2.11999988555908 1.96000007200087 1.88999998569489 1.82000005245209 1.66999995708466 1.53999996185303 1.53999987640452 1.60000002384186 -9999 -9999 -9999
5.28999996185307 5.59000015258789 5.67000007629395 5.84999990463257 5.98000001907349 5.98000001907349 5.90999984741211 5.61000013351441 5.55000019073486 5.34000015258789 5.17000007629395 5.13999986650065 5.01000022888184 5 4.73000001907349 4.48999977111816 4.55999994264196 4.34000015258789 4.67999982833862 4.67999982833862 4.59999990463257 4.30000019073486 4.15000009536743 4.42000007629395 4.32000017166138 4.17000007629394 4.03999996185303 4.01000022888184 3.83999991416931 3.65000009536743 3.47000002861023 3.22000002861023 3.09999990463257 2.71000003814697 2.44000005722046 2.23000001907349 1.98000001907349 1.94000005722046 1.76999998092651 1.66999995708466 1.52999997138977 1.38999998569489 1.33000004291534 1.36000001430511 -9999 -9999 -9999
5.46000003814695 5.55999994277954 5.59000015258789 5.8899998664856 6 6.01999998092651 5.96000003814697 5.84000015258789 5.65999984741211 5.42999982833862 5.23000001907349 5.19000005722046 4.92999982833862 4.90000009536743 4.65999984761949 4.57000017166138 4.48999977111816 4.30999994277954 4.30000019073486 4.57999992370606 4.48999977111816 4.32999992354226 3.95000004768372 4.21000003814697 4.15000009536743 3.94000005722046 3.84999990463257 3.69000005722046 3.63000011444092 3.35999989509583 3.24000000953674 3.15000009536743 2.6800000667572 2.45000004768372 2.23000001907349 2.05999994277954 1.97000002861023 1.83000004291534 1.64999997615814 1.49000000953674 1.39999997615814 1.32000005245209 1.24000000953674 1.0900000333786 -9999 -9999 -9999
5.63000011444092 5.53000020980835 5.71999979019165 5.96000003814697 6.17000007629394 6.05999994277954 5.94000005722046 5.94000005722046 5.59000015258789 5.48000001907349 5.28999996185303 5.26999998092651 5.07000017162946 4.96999979019165 4.69999980926514 4.46999979019165 4.40000009536743 4.21999979019165 4.21999979019165 4.30000019073486 4.3600001335144 4.23000001907349 3.86999988555908 3.91000008583069 3.89000010490417 3.75999999141635 3.64000010490417 3.4300000667572 3.28999996185303 3.16000008583069 3.06999993738244 2.75999999046326 2.46000003814697 2.25 2.09999990463257 1.94000008336812 1.86000001430511 1.71000003814697 1.50999999046326 1.4099999666214 1.37999999523163 1.35000002384186 1.21999979773586 1.14999997615814 -9999 -9999 -9999
5.73000001907349 5.59000015258789 5.69999980926514 6.15999984741211 6.28999996185303 6.2399997711163 6.07000017166138 5.94999980926514 5.82999992370605 5.63000011444092 5.44999980965798 5.51000022888184 5.32999992370605 5.11999988555908 4.67000007629394 4.48999977101022 4.32000017166138 4.28000020980835 4.01000022888184 3.8199999332428 3.93000006686985 4.01999998092651 3.70000004768371 3.67000007629394 3.54999995231628 3.5699999332428 3.49000000953674 3.29999995231628 3.11999988555908 2.94000005722046 2.70000004768372 2.54999995231628 2.3199999332428 2.13000011444092 1.98000001907349 1.87999999523163 1.69000005722046 1.6599999666214 1.44000005722046 1.39000004518004 1.33000004291534 1.1999998494335 1.13999998569489 1.28999996185303 1.33000004291534 -9999 -9999
5.94000005722046 5.86999988555908 5.94999980926514 6.32999992370605 6.40999984741211 6.36000013351298 6.13000011447305 5.96000003816802 5.90000009536743 5.92000007629394 5.86000013352229 5.71000003814697 5.48000001907349 5.25 5.09999990463257 4.73000001907349 4.32999992370605 4.23000001907349 3.82999992370605 3.52999997138977 3.5 3.35999989509582 3.4300000667572 3.47000002861023 3.31999993332266 3.28999996185303 3.23000001907349 3.09999990463257 2.91000008583069 2.53999996617138 2.47000002861023 2.38000011444092 2.17000007629395 2.04999995231628 1.98000001907349 1.72000002861023 1.66999995708466 1.5 1.41999995708466 1.33000004291534 1.20000004768372 1.0900000333786 1.14999997615814 1.23000001907349 1.42999994754791 -9999 -9999
6.42999982834012 6.19999980926742 6.13999986648718 6.36000013351506 6.36000013351441 6.30000019073486 6.34999990463257 6.1100001335144 6.03000020980835 5.98999977111816 5.92000007629394 5.86000013351441 5.53000020980835 5.32000017166138 5.21999979019165 5.07000017166138 4.46999979019165 4.26000022888184 3.82999992370605 3.46000003814697 3.29999995231628 2.97000002861023 3.00999999046326 3.04999995231628 3.1800000667572 3.09999990463257 2.94000005722046 2.88000011444092 2.51999998092651 2.44000005722046 2.25999999046326 2.1800000667572 2.0699999332428 1.94000008263264 1.91999995708466 1.62000000476837 1.50999999046326 1.37000000476837 1.28999996185303 1.24000000953674 1.04999995231628 1.00999999046326 1.10999990319041 1.21000003814697 1.45000004768372 -9999 -9999
7.6100001335142 7.1399998664856 6.78999996185303 6.28999996185303 6.44999980926514 6.40000009536743 6.57000017166138 6.46999979019165 6.17999982833862 6.05999994277954 5.94999980926514 5.73000001907349 5.6100001335144 5.40000009536743 5.34000015245331 5.1100001335144 4.71000003814697 4.38000011444092 4.03000020980835 3.85999989445809 3.36999988555908 2.99000000953674 2.73000001907349 2.63000011444092 2.92000007629394 2.92000007629395 2.70000002275941 2.44000005722046 2.44000005722046 2.26999998092651 2.15000009536743 2.05999994277954 2.08999991416931 1.91999995708466 1.69000005722046 1.46000003814697 1.32000005245209 1.24000007926989 1.19000005722046 1.13999981075844 0.910000026226044 0.889999985694885 0.980000019073486 1.20000004768372 1.46000003814697 -9999 -9999
7.59999990463257 7.46999979019165 7.07000017166138 6.71000003814697 6.73999977111816 6.82000017166138 6.44000005722046 6.26999998092651 6.44999980926514 6.13000011444092 6.01000022888184 5.76999998092651 5.59999990463257 5.46999979019165 5.4000000952126 5.13999986648559 4.86999988555908 4.59000015258789 4.21999979019165 4.03000020980835 3.49000000953674 3.05999994277954 2.76999998092651 2.75999999046326 2.86999988555908 2.83999990620986 2.47000002861023 2.33999991416931 2.19000005722046 2.16000008583069 2.13000011444092 2.09999990463257 2.04999995231628 1.76999998092651 1.47000002861023 1.20000004768372 1.27999997138977 1.26999998092651 1.09999988845383 0.949999988079071 0.779999971389771 0.790000021457672 0.910000026226044 1.20000004768372 1.48000001907349 -9999 -9999
7.92999982833862 7.44999980926514 7.51000022888184 7.42999982833862 7.28999996185303 7.07000017166138 6.69999980926514 6.34000015258789 6.32000017166138 6.01999998090006 5.84999990463257 5.86999988555908 5.67000007629394 5.42000007629395 5.25 5.19000005722046 4.82999992370605 4.48999977111816 4.38999986618767 3.99000000953674 3.49000000953674 3.09999990463257 2.86999988555908 2.88000011444092 2.98000003063496 2.76999998092651 2.54999995231628 2.34999990463257 2.07999992370605 2.1800000667572 2.24000000953674 1.99000000953674 1.87000000476837 1.75999999046326 1.42999994754791 1.27999997138977 1.1599999666214 1.19000005722046 0.740000009536743 0.779999971389771 0.730000041155321 0.75 0.860000014305115 1.19000005722046 1.4900000095356 -9999 -9999
8.15999984741211 7.88999986648559 7.8600001335144 7.76999998092651 7.59999990463257 7.42999982833862 7.19999980926514 6.6399998664856 6.21999979019165 6.1100001335144 5.90999984741211 5.67999982833862 5.34000015258789 5.11999988555908 5.21999979019165 5.26000022888184 4.80999994277954 4.51000022888184 4.34999990463257 4.03999996185303 3.71000003814697 3.30999994277954 3.07999992370606 3.36999988555908 2.8199999332428 2.91000008583069 2.54999995231628 2.33999991416931 2.26999998092651 2.34999990463257 2.33999991416931 2.25999999046326 2.02999997138977 1.71000003814697 1.49000000953674 1.0900000980598 1.0900000333786 0.910000026226044 0.730000019073486 0.670000016689301 0.660000026226044 0.730000019073486 0.839999973773956 1.16999995708466 1.32000005245209 -9999 -9999
8.36999988555908 8.5 8.47999954223633 8.27999973297119 8.21000003814582 7.92000007629395 7.63000011444092 6.98000001907349 6.34999990463257 6.11999988555908 5.75 5.46000003814697 5.15999984741211 5.01000022876291 4.90999984741211 5.05999994277954 5.01000022888184 4.46999979019165 4.32999992370605 4.17999982833862 3.86999988555908 3.52999997791767 3.53999996185303 3.40000009536743 3.10999989509582 3.11999988555908 2.66000008715472 2.55999994277954 2.49000000953674 2.5699999332428 2.55999994277954 2.44000005722046 2.1800000667572 1.83000004291534 1.51999998092651 1.30999994277954 1.12000000476837 0.939999997615814 0.790000021457672 0.709999978542328 0.610000014305115 0.680000007152557 0.800000011920929 0.899999976158142 1.25 -9999 -9999
8.72000026702881 8.98999977111816 9.0600004196167 8.84000015258789 8.73999977111692 8.27000045776367 7.8899998664856 7.3899998664856 6.75 6.32000017166138 5.67000007629395 5.25 4.94000005722046 4.78999996185303 4.53999996185303 4.55999994277954 4.48000001907349 4.69000005725889 4.48999977111816 4.07000017166138 3.98000001702795 3.85999989509583 3.75 3.45000004768372 3.21000003814697 3.17000007629395 2.97000002861023 2.79999995231628 2.78999996185303 2.90000009536743 2.86999988555908 2.64000010490417 2.25 1.87999999523163 1.62000013163131 1.4500001042568 1.0900000333786 0.970000028610229 0.790000072356629 0.709999978542328 0.560000002384186 0.629999995231628 0.749999919839388 0.829999983310699 1.12999999523163 -9999 -9999
9.19999980926514 9.3100004196167 9.42000007629395 9.10999965667725 9.02999973297004 8.72000026702881 8.14000034332275 7.5 7.07000017166138 6.57000017166138 5.71000003814697 5.01000022888184 4.69999980926514 4.53999996185303 4.25 4.07999992370605 3.89000010490417 3.90000009536743 4.51000021034595 4.17000007629394 4.21000003814697 4.09999990429947 3.94000005722046 3.77999997138977 3.47000002861023 3.25000000101194 3.16000008583069 3.08999991416931 3.15000009536743 3.25999999046326 3.17000007629395 2.72000002861023 2.42000007629395 2.07999992370606 1.90000005076382 1.61000001430511 1.25999999046326 1.02999997138977 0.870000004768372 0.610000014305115 0.479999989271164 0.540000021457672 0.569999992847443 0.730000019073486 0.990000009536743 -9999 -9999
9.53999996185303 9.6899995803833 9.61999988555908 9.61999988555908 9.48999977111816 9.23999977111816 8.35999965667724 7.69999980926514 7.40000009533443 6.6100001335144 5.84999990463257 5.05999994277954 4.53999996185303 4.3899998664856 4.01999998092651 3.97000002861023 3.70000004932755 3.77999997138977 3.55999994277954 3.59999990463257 4.03999996185303 4.23000001907349 4.23000001907349 4.1399998664856 3.89000010490417 3.65000009536743 3.35999989509583 3.45000004768372 3.69000005722046 3.75 3.44000005722046 3.02999997138977 2.75999999046326 2.47000009095721 2.21000003814697 1.80999994277954 1.42999994754791 1.29999995231628 0.870000004768372 0.560000002384186 0.400000005960465 0.389999985694885 0.449999988079071 0.629999995231628 0.849999645001735 0.8299999833107 -9999
9.92000007629395 9.98999977111816 9.92000007629395 9.97999954223633 9.97999954223633 9.64999961853027 8.64999961853027 7.8899998664856 7.4600000380939 6.61999988555908 5.98000001907349 5.07999992370605 4.63999986638653 4.3899998664856 4.19999980985513 4.09999990463257 4.03000020980835 3.91000008583069 3.67000007629395 3.55999994277954 4.13000011444092 4.21999979019165 4.30999994277954 4.32000017166138 4.17000007629395 3.9300000667572 3.60999989509583 3.9300000667572 4.30999994277954 4.07999992370605 3.80999994277954 3.24000000953674 2.83000006045676 2.74000000953674 2.41000008583069 2.05999994277954 1.57000005245209 1.4099999666214 0.920000016689301 0.540000021457672 0.319999992847443 0.310000002384186 0.360000014305115 0.519999980926514 0.629999767265956 0.730000019073486 -9999
