SnowAccumulation_R/test/tmax/final_tmax_30_04_2009.asc
NCOLS 97 
NROWS 69 
XLLCORNER 52512.810182332 
YLLCORNER 5316225.2758522 
CELLSIZE 10000 
NODATA_value -9999 
[rows 0 to 20 of 69, columns 47 to 93 of 97]
-9999 -9999 -9999 -9999 -9999 -9999 -9999 -9999 -9999 -9999 -9999 -9999 -9999 -9999 -9999 -9999 -9999 -9999 -9999 -9999 -9999 -9999 -9999 -9999 -9999 -9999 -9999 -9999 -9999 -9999 -9999 -9999 -9999 -9999 -9999 -9999 -9999 -9999 9.63000011444092 9.6899995803833 9.73999977111816 9.86999988555908 9.89000034332275 9.89000034332275 -9999 -9999 -9999
-9999 -9999 -9999 -9999 -9999 -9999 -9999 -9999 -9999 -9999 -9999 -9999 -9999 -9999 -9999 -9999 -9999 -9999 -9999 -9999 -9999 -9999 -9999 -9999 11.0699996948242 10.710000038147 10.1800003051758 9.97999954223633 10.3500003814697 10.6000003814697 10.5600004196167 10.4399995803833 10.460000038147 10.3299999237061 10.1499996185303 9.72000038410028 9.55000019073486 9.99999961774442 10.0600004196167 10.0600004196167 10.1599998474121 10.1300001144409 10.2600002288818 10.2600002288818 -9999 -9999 -9999
10.9399995803833 11.0600004196167 11.2399997711182 11.0799999237061 11.0799999237061 11.1800003051758 11.1300001144409 11.0299997329712 11.1599998474121 11.1099996566772 11.1499996185303 11.1000003814697 11.0100002288097 10.7399997711182 10.8100004196167 11.0200004577637 11.0600004196167 11.0699996948242 11.0500001906543 10.9300003051758 11.0200004577637 11.1000003814697 11.1999998138483 11.3999996182291 11.3699998855591 11.1400003433228 10.5100002288818 9.96000003814697 10.1800003051758 10.6199998855591 10.7299995422363 10.7299995422363 10.7799997329712 10.6599998474121 10.5799999304046 10.5100002288818 10.1300006869866 10.5299997329712 10.5299997329712 10.3900003433228 10.4399995803833 10.5100002288818 10.5 10.5200004577637 -9999 -9999 -9999
11.3299999237061 11.2799997329712 11.4300003051758 11.1899995803833 11.1800003051758 11.210000038147 11.1899995803841 11.0900001525879 10.7700004577637 10.9300003051758 10.9099998474121 10.8000001907349 10.6300001144409 10.2700004577637 10.1000003814697 10.8100004196167 11.039999961853 11.1199998855591 11.0699996948242 11.0100002288818 10.9700002670288 11.2299995404693 11.3400001525879 11.460000038147 11.5299997329712 11.5299997329712 10.9799995422363 10.3299999237061 10.5900001372525 10.9399995803833 11.2299995422363 11.0299997329712 11.0500001907349 10.9399995803833 10.9300003051758 10.8500006032124 10.9399995803833 10.8800001144409 10.8299999237061 10.8199996948242 10.7700004577637 10.8400001525879 10.6899995803833 10.6899995803833 -9999 -9999 -9999
11.6099996566772 11.6300001144409 11.4300003051758 11.4399995803833 11.2600002288818 11.1999998092651 11.2299995422375 11.2200002670288 10.7799997329712 10.5500001907349 10.5100002288818 10.5200004577637 10.3999996185303 10.3500003814697 10.4300003051758 10.7399997711182 10.9899997711182 11.0900001526829 11.2299995422363 11.1700000762939 11.2299995422363 11.25 11.6499996183935 11.6599998474121 11.7399997711182 11.75 11.5299997329712 10.9300003051758 10.75 11.1899995803833 11.4300003051758 11.3500003814697 11.3900003433228 11.2799997329712 10.9399998795572 11.1899995803833 11.1899995803833 11.1300001144409 11.0799999414299 11.1300001144409 11.0900001525879 11.0200004577637 11.1400003433228 11.1099996026767 -9999 -9999 -9999
11.6300001144409 11.8400001525879 11.9300003051758 11.8900003433228 11.75 11.6000003814697 11.3599996566772 11.2200002670288 10.8400001525879 10.5799999237061 10.539999961853 10.4899997711331 10.5 10.539999961853 10.6599998474121 10.4499998092651 10.8199996948242 11.1000003814697 11.3800001190426 11.5 11.4300003051758 11.3599996566772 11.5299997329712 11.8800001144409 11.8800001144409 11.8599996566772 11.9300003051758 11.8299999237061 11.5 11.5299997329712 11.7399997711182 11.7299995422363 11.689999566545 11.6800003051758 11.8299999237061 11.6000003814697 11.460000038147 11.399999604989 11.3800001144409 11.4399995803833 11.3699998855591 11.3100004196167 11.4199998199484 11.5200004577637 -9999 -9999 -9999
11.590000152588 11.9899997711182 12 12.1499996185303 12.3000001907349 12.2700004577637 12.1199998855591 11.4700002670288 11.1000003814697 10.6400003433228 10.460000038147 10.4899997711746 10.5200004577637 10.7299995422363 10.5799999237061 10.4499998092651 10.6400003469037 10.7799997329712 11.4700002670288 11.6599998474121 11.7299995422363 11.4899997711182 11.3800001144409 12.0100002288818 12.0799999237061 12.0600004196167 12.0699996948242 12.1300001144409 12.0799999237061 12.039999961853 12.0600004196167 11.9799995422363 11.9700002670288 12.4099998474121 12.2200002670288 12.0699996948242 11.8299999237061 11.8400001525879 11.7200002670288 11.710000038147 11.6599998474121 11.6000003814697 11.5699996948242 11.75 -9999 -9999 -9999
11.8500003814697 12 11.8900003433228 12.2299995422363 12.4200000762939 12.539999961853 12.4399995803833 11.9899997711182 11.3199996948242 10.6999998092651 10.5600004196167 10.6300001144409 10.5799999237061 10.789999961853 10.7100000401517 11.0699996948242 11.0699996948242 11.039999961853 11.2200002670288 11.8199996948242 11.8999996185303 11.7899999617547 11.4799995422363 12.1199998855591 12.289999961853 12.2399997711182 12.2299995422363 12.2299995422363 12.4200000762939 12.2799997329712 12.4200000762939 12.460000038147 12.789999961853 12.7200002670288 12.5500001907349 12.4099998474121 12.3100004196167 12.1999998092651 12.0299997329712 11.8800001144409 11.8800001144409 11.8299999237061 11.8800001144409 12.1099996566772 -9999 -9999 -9999
12.0699996948242 11.9700002670288 12.0799999237061 12.2299995422363 12.6599998474121 12.8000001907349 12.710000038147 12.3500003814697 11.3699998855591 10.6499996185303 10.75 10.8900003433228 10.9700002678588 11.3900003433228 11.2799997329712 11.210000038147 11.2200002670288 11.1899995803833 11.4099998474121 11.7399997711182 12.0200004577637 11.9899997711182 11.75 12.1099996566772 12.3699998855591 12.4600000382423 12.4300003051758 12.4099998474121 12.5 12.6300001144409 12.8500003723625 13.1700000762939 13.1099996566772 13.0900001525879 12.9499998092651 12.7500000336185 12.6499996185303 12.4700002670288 12.210000038147 12.1400003433228 12.1300001144409 12.210000038147 12.1499996185303 12.2299995422363 -9999 -9999 -9999
12.0500001907349 12.0100002288818 11.8900003433228 12.1999998092651 12.6099996566772 12.7799997329728 12.8699998855591 12.5299997329712 12 11.3900003433228 11.1800003064224 11.9200000762939 11.8999996185303 11.8900003433228 11.5299997329712 11.3999996185303 11.4099998474121 11.5799999237061 11.4200000762939 11.3699998855591 11.6499996189245 12.039999961853 11.8900003433228 12.1599998474121 12.3100004196167 12.5 12.6999998092651 12.75 12.8000001907349 12.8800001144409 13.210000038147 13.3599996566772 13.4499998092651 13.4899997711182 13.2600002288818 13.1099996566772 12.8299999237061 12.789999961853 12.4700002670288 12.3999997077581 12.3400001525879 12.1899995363288 12.210000038147 12.3800001144409 12.3500003814697 -9999 -9999
11.9399995803833 12.039999961853 11.9499998092651 12.1199998855591 12.5699996948242 12.7899999618555 12.8299999237466 12.6999998093388 12.9200000762939 12.789999961853 12.6800003051889 12.5500001907349 12.4399995803833 12.3699998855591 12.4200000762939 12.0299997329712 11.6999998092651 11.8000001907349 11.460000038147 11.2700004577637 11.3699998855591 11.4300003051758 11.8599996566772 12.2600002288818 12.3900003427637 12.5200004577637 12.789999961853 12.9300003051758 12.9899997711182 13.210000035448 13.2700004577637 13.5 13.5600004196167 13.6499996185303 13.5799999237061 13.2299995422363 13.1400003433228 12.8699998855591 12.7200002670288 12.5699996948242 12.3400001525879 12.2299995422363 12.210000038147 12.2799997329712 12.3800001144409 -9999 -9999
12.0699996948249 11.9099998474129 11.8800001144419 12.210000038147 12.4399995803833 12.5200004577637 13.0200004577637 13.1400003433228 13.3999996185303 13.1800003051758 13.0600004196167 13.0500001907349 12.8000001907349 12.75 12.8500003814697 12.7799997329712 12.1899995803833 12.1300001144409 11.7600002288818 11.4799995422363 11.3699998855591 11.1700000762939 11.5699996948242 12 12.3900003433228 12.6499996185303 12.7799997329712 13.039999961853 13.2299995422363 13.2600002288818 13.3000001907349 13.5 13.6400003433228 13.680000320814 13.7200002670288 13.3500003814697 13.210000038147 12.9499998092651 12.8000001907349 12.6300001144409 12.3400001525879 12.1300001144409 12.1099996566772 12.1700000762939 12.289999961853 -9999 -9999
12.5299997329711 12.289999961853 12.2299995422363 11.9300003051758 12.4300003051758 12.5100002288818 13.1599998474121 13.4700002670288 13.4300003051758 13.3599996566772 13.2600002288818 13.1000003814697 13.1499996185303 13.1000003814697 13.1499996184726 13.1000003814697 12.789999961853 12.5699996948242 12.3199996948242 12.1999998086494 11.75 11.4899997711182 11.4300003051758 11.6700000762939 12.3199996948242 12.7299995422363 12.8100004395561 13.1400003433228 13.2700004577637 13.289999961853 13.3800001144409 13.5200004577637 13.8299999237061 13.710000038147 13.5699996948242 13.3500003814697 13.1800003051758 13.0000001743337 12.8699998855591 12.6499996185303 12.1999998092651 11.960000038147 11.9899997711182 12.0900001525879 12.1899995803833 -9999 -9999
12.210000038147 12.4300003051758 12.2700004577637 12.1499996185303 12.5100002288818 12.789999961853 12.6700000762939 12.9099998474121 13.5600004196167 13.4200000762939 13.3800001144409 13.289999961853 13.3199996948242 13.4099998474121 13.4499998091877 13.3599996566772 13.25 13.1000003814697 12.8100004196167 12.6599998474121 12.1700000762939 11.8500003814697 11.7600002288818 11.9300003051758 12.5200004577637 12.8999996344493 13.0600004196167 13.25 13.1800003051758 13.3100004196167 13.4799995422363 13.6800003051758 13.75 13.6199998855591 13.4099998474121 13.1599998474121 13.3400001525879 13.3199996948242 12.9600001329182 12.710000038147 12.1000003814697 11.9799995422363 11.9200000762939 12.0600004196167 12.1000003814697 -9999 -9999
12.3699998855591 12.039999961853 12.4499998092651 12.6199998855591 12.789999961853 12.6899995803833 12.6400003433228 12.6499996185303 13.1599998474121 12.970000267027 13.1400003433228 13.4899997711182 13.5500001907349 13.5200004577637 13.4399995803833 13.6300001144409 13.3999996185303 13.1499996185303 13.1199998853888 12.789999961853 12.3599996566772 12.1000003814697 12.1099996566772 12.3100004196167 12.8699999097331 13.1000003814697 13.2600002288818 13.2299995422363 13.1400003433228 13.3900003433228 13.6499996185303 13.5600004196167 13.5299997329712 13.6800003051758 13.4700002670288 13.4700002670288 13.3500003814697 13.4300003051758 12.8999996185303 12.6999998092651 12.270000678582 12.1300001144409 11.9499998092651 12.0500001907349 12.0399999618533 -9999 -9999
12.2299995422363 12.3100004196167 12.3500003814697 12.4700002670288 12.6300001144409 12.6400003433228 12.8800001144409 12.710000038147 12.7399997711182 12.8800001144409 13.1400003433228 13.289999961853 13.2299995422363 13.2700004577637 13.5500001907349 13.8800001144409 13.5500001907349 13.3299999237061 13.1999998092651 13 12.7799997329712 12.5200004577637 12.539999961853 13.1099996566772 12.7600002288818 13.25 13.1899995803833 13.1000003814697 13.2399997711182 13.5 13.6800003051758 13.710000038147 13.6999998092651 13.6000003814697 13.6300001144409 13.3299999822273 13.4499998092651 13.5299997329712 13.1499996185303 12.7799997329712 12.5900001525879 12.3100004196167 12.0600004196167 12.1000003814697 12.0500001907349 -9999 -9999
11.8900003433228 12.2700004577637 12.3800001144409 12.4200000762939 12.5600004196177 12.6999998092651 12.9700002670288 12.7799997329712 12.6400003433228 12.6700000762939 12.8299999237061 13.0100002288818 13.0799999237061 13.0799999236763 13.2799997329712 13.7399997711182 13.8800001144409 13.3599996566772 13.2600002288818 13.2399997711182 13.0600004196167 12.8599996647116 13 13.1099996566772 13.0699996948242 13.3800001144409 13.1400003435264 13.1599998474121 13.2799997329712 13.5500001907349 13.7700004577637 13.7700004577637 13.7700004577637 13.6999998092651 13.6999998092651 13.5900001525879 13.8500003814697 13.8599996566772 13.4899997711182 13.2299995422363 12.710000038147 12.4499998092651 12.1800003051758 12.0799999237061 12.0699996948242 -9999 -9999
11.6700000762939 12.0100002288818 12.2200002670288 12.4099998474121 12.5500001907361 12.5299997329712 12.7799997329712 12.9300003051758 12.8999996185303 12.7299995422363 12.6199998855591 12.75 12.8699998855591 12.8800001144409 12.8699998855591 13.1499996185303 13.2399997711182 13.5799999238982 13.4799995422363 13.1099996566772 13.189999575474 13.1899995803833 13.1700000762939 13.0699996948242 13.0699996948242 13.2799997329712 13.1800003051758 13.1899995803833 13.3299999237061 13.6400003433228 13.7200002670288 13.75 13.6400003433228 13.6099996566772 13.7700003943316 13.8000001664894 13.8100004196167 14.1800003051758 13.6300002989497 13.3299999237061 12.7799997329712 12.5500001907349 12.2900002183667 12.1700000762939 12.0799999237061 -9999 -9999
11.6899995803833 11.7700004577637 12 12.0600004196167 12.2200002670306 12.5 12.5799999237061 12.6700000762939 13.0600004196167 12.8500003814697 12.5900001525879 12.4300003051758 12.6300001144409 12.6400003433228 12.539999961853 12.5200004577637 12.4399995803833 12.5299997329712 13.4700002412966 13.1000003814697 13.3000001907349 13.2600002287025 13.2600002288818 13.289999961853 13.1800003051758 13.1700000769821 13.1700000762939 13.2200002670288 13.3800001144409 13.6599998474121 13.6800003051758 13.5 13.5500001907349 13.6300001144409 13.6800001763111 13.5900001525879 13.8100004196167 14.039999961853 13.6999998092651 13.0900001525879 12.75 12.5900001525879 12.4399995803833 12.2200002670288 12.1000003814697 -9999 -9999
11.6499996185303 11.8500003814697 11.8900003433228 12.1800003051758 12.2299995422363 12.5699996948242 12.3699998855591 12.5500001907349 12.6899995804004 12.6800003051758 12.6700000762939 12.539999961853 12.5200004577637 12.5100002288818 12.2299995422363 12.3500003814697 12.1199998868507 12.210000038147 12.039999961853 12.2200002670288 12.9399995803833 13.2299995422363 13.3800001144409 13.460000038147 13.3900003433228 13.2600002288818 13.1599998474121 13.2700004577637 13.5100002288818 13.6199998855591 13.539999961853 13.4399995803833 13.5900001525879 13.5100000588443 13.3400001525879 13.4200000762939 13.4799995422363 13.539999961853 13.0900001525879 12.7700004577637 12.6499996185303 12.6199998855591 12.4700002670288 12.2799997329712 12.07999980714 11.9399995803833 -9999
11.7799997329712 11.9399995803833 11.9899997711182 12.2399997711182 12.3500003814697 12.5500001907349 12.3599996566772 12.4799995422363 12.4700002670209 12.4499998092651 12.6800003051758 12.5200004577637 12.460000038169 12.5100002288818 12.4300003049398 12.3000001907349 12.3599996566772 12.2600002288818 12.0600004196167 12.0200004577637 12.8800001144409 13.0299997329712 13.2399997711182 13.3599996566772 13.3599996566772 13.2399997711182 13.1700000762939 13.3400001525879 13.5600004196167 13.3999996185303 13.4099998474121 13.2200002670288 13.239999723963 12.960000038147 13.1199998855591 13.25 13.0699996948242 13.039999961853 12.4799995422363 12.4499998092651 12.6300001144409 12.6999998092651 12.5699996948242 12.289999961853 11.9500001284178 11.8299999237061 -9999
