SnowAccumulation_R/test/tmax/final_tmax_17_04_2009.asc
NCOLS 97 
NROWS 69 
XLLCORNER 52512.810182332 
YLLCORNER 5316225.2758522 
CELLSIZE 10000 
NODATA_value -9999 
[rows 42 to 62 of 69, columns 0 to 46 of 97]
-9999 -9999 10.9399995803833 5.05000019073486 3.07999992370605 3.58999891235653 2.89000010490417 4.92000007629395 5.88000031678972 10.5100002288818 7.55000019073486 11.7799996762686 11.1300001144409 7.76000022888184 8.05000019073486 4.86000013351441 9.60000038146973 4.76999999799212 13.5500001612734 14.4499998043864 14.6599998474121 14.9300003051758 16.1499996185303 16.3600006100963 16.6700000754854 17.4699993133545 17.8700008392334 17.9300003051758 18.0300006866455 18.4799995422363 18.7099990844727 18.7600002288818 18.7999992370605 18.6900005340576 18.4300003051758 18.3799991607666 18.2199993133545 18.1700000762939 18.0200004577637 18.0300006866455 17.8799991607666 17.6200008392334 17.4400005340576 17.3999996185303 17.1700000762939 17.0100002288818 16.9699993133545
-9999 -9999 7.73000001907349 4.23000001907349 4.76000022888184 2.97000002861023 4.69999953133183 4.44999980926514 9.48999977111816 7.30999994277954 10.960000038147 8.51000022888184 6.17000007629394 5.34999990463257 8.68000030517578 6.38000011444092 10.3299999237061 6.73999977111816 13.4700002670288 14.4300003051758 14.7399997711182 14.8699998855591 15.6099996566772 16.2000007629395 16.6100006103516 17.4300003051758 17.8700008392334 17.8799991607666 18.1800003051758 18.5200004577637 18.7700004577637 18.8199996948242 18.8500003814697 18.9699993133545 18.8299999237061 18.5900001525879 18.4200000762939 18.3600006103516 18.1800003051758 18.1399993896484 18.0200004577637 17.75 17.5400009155273 17.4099998474121 17.2700004577637 17.0699996948242 17.0400009155273
-9999 -9999 11.289999961853 5.40999984741211 5.01999998092651 2.44000005722046 5.3600001335144 4.54999902117097 10.9200000762939 10.5100002288818 14.1599998474121 11.4099998474121 9.40999984741211 8.59000015258789 5.59000015258789 6.94999980926514 10.1499996185303 8.10999965667725 13.4300003051758 13.8699998855591 14.6300001144409 14.8299999237061 15.2200002670288 15.8500003814697 15.6099996566772 16.6700000762939 17.6299991607666 18.4300003047878 18.4300003051758 19.0200004577637 18.9899997711182 19.0200004577637 19.0200004577637 18.9599990844727 18.7999992370605 18.6399993896484 18.5 18.2900009155273 18.2000007629394 18.0200004577637 17.7900009155273 17.6599998474121 17.5 17.4599990844727 17.3400001525879 17.2000007629395 17.2099990844727
-9999 -9999 11.539999961853 5.65999926594776 3.58999991416931 3.47000002861023 3.33999992385329 4.67999982833862 5.72000024021543 7.34999999210196 14.1199998855591 10.6400003433228 8.6300001093858 5.21000003814697 4.15999984741211 7.86999988555908 9.98999977111816 9.42000007629395 13.1199998855591 13.4099998474121 14.3100004196167 14.5799999237061 15.4200000762939 16.2199993133545 16.5499992370605 17.0499992370605 18.0499992370605 18.6700000761059 19.0300006863087 19.0900001525879 19.2199993133545 19.2399997711182 19.2299995422363 19.0699996948242 19 18.8199996948242 18.7700004577637 18.3400001525879 18.2000007629394 17.9599990844727 17.7099990844727 17.6100006103516 17.5499992370605 17.2999992370605 17.2999992370605 17.2700004577637 17.3099994659424
-9999 -9999 11.8800001144409 3.82999992370606 4.78000020980835 6.07000017166138 5.51999998092651 4.40000009536743 4.15999984741211 10.5900005764453 14.0500001907349 10.210000038147 7.73000001907349 5.32000017166138 6.15999984741211 6.26999998092651 9.07999992370605 7.65999984741211 6.90000009536743 13.8100004196167 13.960000038147 14.4899997711182 15.1700000762939 15.7700004577637 17.7499999964808 17.75 18.5100002289974 18.8099994659424 19.1100006103516 19.2099990844727 19.4099998474121 19.4699993133545 19.3299999237061 19.2399997711182 19.0900001525879 18.8400001525879 18.7600002288818 18.3099994659424 18.1499996185303 18.0300006866455 17.7600002288818 17.5599994659424 17.2800006866455 17.2399997711182 17.0599994659424 17.1399993896484 17.5
-9999 -9999 12.2299995422363 4.30999994277954 6.36000013351441 6.30999994277954 6.51999998092651 3.79999995231628 5.78000020980835 12.1800003051758 14.5699996855599 11.0100002288818 6.96999979019165 5.55999994277954 7.09000015258789 6.59000015258789 9.02000045776367 9.72000026702881 13.4999997129919 13.4099998474121 13.3400001525879 14.5799999237061 15.0500001907349 15.6999998092651 17.3500003778548 18.0699996932926 18.3600006103516 19.0400009155273 19.2999992370605 19.4500007629395 19.5699996948242 19.7700004577637 19.4799995422363 19.3600006103516 19.1399993896484 18.9400005340576 18.6499996185303 18.2299995422363 17.9699993133545 17.8099994659424 17.5400009155273 17.2199993133545 17.2199993133545 17.0900001525879 16.9400005340576 16.7000007629395 17.0300006866455
-9999 7.59999990463257 12.1899995803833 7.28999996185303 5.2199996650175 6.86000013351441 4.76999998092651 4.65000031449923 8.52000045776367 13.3000001907349 14.5100002461624 10.6600001664308 5.69999980926514 7.30999994277954 8.65999984741211 7.19000005722046 9.28999996185303 9.22000026702881 7.53999996185303 13.4700002670288 13.7200002670288 14.6199998855591 15.0299997329712 15.6899995803833 15.9700002670288 17.3199996948242 17.9599990844727 18.4899997711182 18.8500003814697 19.5799999237061 19.63999938959 19.8299999237061 19.5699996948824 19.2999992370605 19.2199993133545 18.8899993896484 18.3299999237061 18.1000003814697 17.8400001525879 17.7199993133545 17.3700008392334 17.2099990844727 17.1200008392334 17.0699996948242 17 16.7700004577637 16.8299999237061
-9999 10.1300001144409 12.0100002288818 5.65999984741211 6.51999998092651 5.44999980926514 8.89000034332275 9.36999988555908 10.75 13.6800003051758 15.1199998855591 15.2200002670288 6.15000012054469 11.0399999604778 11.1599998474121 9.07999992370606 8.97999986914948 11.1000003814697 8.90999984741211 14.0699996943409 14.1099996566772 14.2600002288818 14.8800001144409 15.4700002670288 15.7399997711182 16.9099998474121 17.9300003051758 18.1599998474121 18.7099990844727 19.379999160746 19.4599990844727 19.3700008392334 19.3600006103516 19.3099994659424 19.0599994659424 18.6800003051758 18.3199996948242 17.9500007629394 17.8099994659424 17.6900005340576 17.25 17.2900009155273 17.1100006103516 17.0300006866455 16.7399997711182 16.7399997711182 16.7000007629395
-9999 4.34999990463257 8.3800013855775 6.55000019073486 3.65000009536743 5.1399998664856 5.57999992370606 6.40999984741211 8.1899995803833 11.7200002670288 13.7700004577637 14.8199996948242 12.460000038147 11.460000038147 11.1700000762939 8.86999988555908 9.9399995803833 11.3400001525879 10.4200000762939 14.0600004243911 14.2399997711182 14.2799997329712 14.8500003814697 15.1000003814697 16.2299995422363 16.3899993896484 17.4599990844727 18.4699993125925 18.4699993133545 19.2600002287515 19.3400001525879 19.2600002288818 19.2800006866455 19.1900005340576 18.8199996948242 18.5699996948242 18.2399997711182 17.8299999237061 17.7399997711182 17.4400005340576 17.1800003051758 17.1399993896484 16.7000007629395 16.5300006866455 16.5900001525879 16.6000003814697 16.5499992370606
-9999 6.0499993254975 12.8900003433228 7.19000005722046 4.15999984741211 6.80999994277954 7.1399998664856 6.59000015258789 6.27000016424725 12.25 12.25 10.9099998474121 15.2700004577637 12.1599998474121 9.5 12.6300002044207 8.75 10.2799997329712 7.46000003814697 14.25 14.3500003857369 14.539999961853 14.7600002288818 15.1599998474121 15.9700002664832 15.9700002670288 17.4400005336058 18.0599994659424 18.6800003045894 18.8099994659424 19.1599998474121 19.0400009155273 19.1100006103516 18.7000007629394 18.4599990844727 18.2299995422363 17.75 17.5100002288818 17.5 17.1499996185303 17.0799999237061 16.9200000762939 16.5699996948242 16.3799991607666 16.2199993133545 16.2600002288818 16.0799999237061
-9999 5.19000005722046 12.1300001144409 10.3800001144409 5.40999984741211 8.61999988555908 7.19999980926514 7.09999990463257 8.35000038146973 11.3800001144409 8.09000015258789 10.5799999237061 13.1199998855591 16.2199993133545 14.9499998092651 11.9700002670288 8.77999974940813 9.22999954223633 7.69999980926514 11.7600002288818 14.449999799758 15.0799999237061 15.0699996948242 15.1899995803833 15.4700002670288 15.710000038147 16.9400005340576 17.0900001525879 17.9599990844727 18.4300003051758 18.7299995422119 18.9400005339872 18.8299999237061 18.4099998474121 18.100000381485 17.8600006103516 17.3700008392334 17.4500007629395 17.4200000762939 17.0799999237061 16.8199996948242 16.7800006866455 16.5 16.2700004577637 16.0400009155273 15.8800001144409 15.75
-9999 5.55000019073486 5.23000001907349 12.8299989895805 6 9.76000022888184 8.73999977111817 7.26999998092651 9.15999984741211 10.8199996948242 8.85999965667725 11.2799997329712 12.7299995422363 16.1800003051758 14.7399997792034 12.8900003433228 10.2799997329712 9.72000026702881 9.47999954223633 9.77999973297119 14.6999998092651 14.8299999237061 14.960000038794 15.3299999237061 15.5600004196167 16.0200004577637 16.4300003051758 16.8199996948242 17.1100006103516 17.5499992370605 18.3099994657669 18.3099994659424 17.8700008392334 18.0100002288818 17.8500003814734 17.7700004577637 17.5200004577637 17.3999996185307 17.4300003051758 17.1499996185303 16.9500007629395 16.5100002288818 16.2299995422363 16.0699996948242 15.8900003433228 15.6899995803833 15.4499998092651
-9999 5.78000020980835 7.86999988555908 12.5 10.6700000762939 9.61999988555908 9.55000019073486 8.72000026702881 10.1099996566772 10.8000001907349 8.47000026702881 11 12.7700004577637 15.4899997711182 15.5799999237061 10.6099996566772 9.56999969482422 7.86999988555908 9.02000045776367 8.27999983841724 9.85999965533288 14.8299997601532 14.9899997711182 15.4099998474121 15.1800003051758 15.6000003814697 16.1399993896484 16.0900001525879 16.3400001525879 17.6299991602769 17.7999992370605 17.7600002288818 16.6299991607666 16.9200000762939 17.3799991607666 17.5300006866455 17.3999996185303 17.3700008392337 17.3099994659424 17.0499992370605 16.75 16.3400001525879 16.0699996948242 15.960000038147 15.8400001525879 15.6400003433228 15.460000038147
-9999 6.19000026688427 7.40999984741211 9.88000011444092 13.5100002288818 9.55000019073487 11.5699996948242 10 9.32999992370605 9 9.47999954223633 10.6599998474121 11.289999961853 14.9499998092651 16.2999992370605 10.3999996185303 10.3900003433228 8.43000030517578 9.89000034332275 12.539999961853 9.43000030517578 9.02999974337681 8.01000022888184 13.569999688092 15.0100002288818 15.0900001525879 15.3699998855591 15.6499996185303 16.0799999241239 17.1399993896484 17.2600002288818 17.2299995422363 16.6299991607666 16.7399997711182 16.5 16.75 17.2099990844727 17.2199993133544 17.2399997711182 16.9799995422363 16.7800006866455 16.1700000762939 16.1100006103516 16 15.7799997329712 15.460000038147 15.210000038147
-9999 10.7600002288818 11.4825000762939 12.0950002670288 16.1574994932399 13.8374996185303 11.2700004577637 10.210000038147 10.5200004577637 10.4300003051758 11.2200002670288 9.51000022888184 9.17000007716922 13.75 16.3199996948242 13.3699998855591 9.51000022888184 8.14000034332275 9.9399995803833 13.789999961853 9.10999965667725 8.13000011444092 8.22999953828723 13.1700000762939 14.289999961853 14.6099996566772 14.6400003433228 15.1999998092651 15.75 15.7700004577637 15.8100004196167 16.8400001525879 16.8299999237061 16.9099998474121 17.0200004577637 16.8999996185303 16.9599990844727 16.8799991607666 17 16.8899993896484 16.6000003814698 16.4899997711182 16.1399993896484 15.9099998474119 15.5799999237061 15.2799997329712 15.0500001907349
-9999 11.3374996185303 10.6400003433228 10.7124996185303 13.7200002670288 17.0550003051758 11.6350002288818 13.4700001390588 10.4200000762939 12.4049997329712 12.5375003814697 12.2749996185303 8.80249977111816 12.147500038147 16.8700008392334 9.84500032002195 7.9225001335144 9.00500011444092 8.42249965667725 11.6975002288818 9.76249980926514 6.65999984741211 6.10750007629395 8.35000038146973 9.56999964074067 11.6499996185303 13.3699998855591 14.7700004577637 15.2299995422363 15.4899997711182 15.5299997329712 15.8900003433228 16.1299991607666 16.6200008392334 16.3199996948242 16 16.7000007629395 16.7199993133545 16.5699996948242 16.4899997711182 15.8500003814702 15.8999996185303 15.3500003814697 15.1800003051757 14.8599996566772 14.6800003051758 14.6999998092651
-9999 14.6949996948242 12.8974992105839 8.625 10.4674997329712 16.0275001525879 13.5299997329712 11.9575004577637 10.352499961853 12.8999996185303 13.5550003123997 11.9674997329712 10.147500038147 11.164999961853 16.2224998474121 14.6300001144409 11.0424995422363 9.85750007629395 8.66250037777241 10.085000038147 10.8325004577637 7.94750022888184 7.13000011444092 7.75 6.44250011444092 4.30749988555908 9.15999984408572 10.2375001872014 10.3774995803833 10.1975002288663 10.0950002670288 10.4975004196167 10.8225002288818 10.7524995803833 10.1724996566772 10.3625001907349 11.1125001907349 11.2799997329712 11.4224996566772 11.2224998474121 9.25749969482679 10.335000038147 10.5074996948242 10.1549997329708 9.83250045776367 9.40250015258789 9.46749973297119
-9999 14.0375003814697 10.6975002288818 8.51749992370605 9.63500022888184 15.4949999747921 16.1075000762939 14.6225004196167 11.3800001144409 13.7124996185303 14.3175001144409 11.0950002670288 10.6625003814697 13.5974998474121 13.9549999237061 15.8625001907349 15.1949996948242 8.27250003814697 7.18499994277954 8.86250019073487 12.3424997329712 10.8350000146209 7.70499992370606 8.375 7.59999990463257 6.59749984741211 7.67999982833862 8.61999988555908 8.77250003814697 9.5299997332118 9.97749996185303 10.5024995803833 10.602499961853 10.1324996948242 10.0775003433228 10.1049995422363 10.1850004196167 11.2650003433228 11.6750001907349 11.0874996185303 9.79500007629427 10.2449998855591 9.92999935150146 9.64999961853027 8.59000015258789 9.47000026702881 9.56750011444092
13.8999996185303 14.5249996185303 9.17500019073486 8.13500022888184 11.4449996948242 15.9925003051758 13.8225002288818 16.2525005340576 14.8024997711182 13.164999961853 12.7674998363474 10.772500038147 12.4975004196167 11.3225002540229 10.6700000762939 13.7875003814697 15.022500038147 9.71500015258789 7.98000001907349 8.54500007629395 10.9125003814697 11.4224996566772 10.8824996948242 8.42249965667725 10.1850004196167 5.05249977111816 7.66499996185303 7.49749994277954 8.5649995803833 9.56750011444092 10.3000001907349 10.2224998474121 10.234999656543 10.1774997711182 10.0799999237061 9.81999969482422 9.77250003814697 11.2449998855591 11.539999961853 11.2299995422363 11.2475004196166 10.9300003051758 9.94999980926514 9.83500003814697 9.92749977111816 9.65499973297119 9.67500019073486
14.1175003051758 14.772500038147 9.46500015258789 10.5675001144411 14.2799997329712 13.0775003433228 10.8800001144409 12.9475002288818 14.3100004196167 10.8500003814697 12.4049997329712 12.637500145351 11.5150003433228 11.2075004577637 10.2650003433228 12.7200002670288 12.1049995565933 12.7375001907349 10.1324996948242 8 10.0249996185303 12.0524997711182 11.7875003814697 10.7375001907349 6.16499996943362 7.63749980926514 6.35500001907349 5.70749998092651 8.27999973297119 10.4475002288818 10.75 10.6925001144409 10.1575002670828 9.875 9.47000026702881 9.93249988552835 10.81499958038 11.6824998855591 11.5649995803833 11.5349998474121 11.7475004196167 11.8000001907349 10.897500038147 10.7574996948242 11.0874996185303 10.3175001144409 10.2700004577637
14.0299997329712 14.7425003051758 10.1700000762939 13.7200002670288 14.8424997329712 12.6274995803833 11.0124998092651 10.0874996185303 15.8924999237061 13.6075000762939 14.3599996566772 15.3575000762939 12.7799997668999 15.2399997711182 12.0874996185303 12.1925001144409 10.477499961853 10.2049999237061 12.0349998474121 11.4125003814697 9.30500030517578 10.9475002288818 9.73250007629395 11.4200000762939 7.08249998092651 6.90000009536743 6.19999980926514 5.89499998092651 9.16499996185303 10.4300003051758 10.6625003814697 10.3024997711182 9.9350004196167 9.81750011444092 9.56999969482422 9.79249954223633 10.6300001144409 11.647500038147 11.6899995803833 11.7075004577637 11.897500038147 11.8874998092651 11.2700004577642 11.2124996185302 11.2475004196167 10.7749996185316 10.7224998474126
