SnowAccumulation_R/test/tmax/final_tmax_02_04_2009.asc
NCOLS 97 
NROWS 69 
XLLCORNER 52512.810182332 
YLLCORNER 5316225.2758522 
CELLSIZE 10000 
NODATA_value -9999 
[rows 21 to 41 of 69, columns 47 to 93 of 97]
2.92000007629394 3.25999999046326 4.05000019073486 4.76000022888184 5.13000011444092 5.53000020980835 5 4.75 4.6399998664856 4.40000009536743 4.48000001907349 3.90000009536743 3.75000000027723 3.52999997138977 3.27999997138977 3 2.92000007614614 2.67000007629395 2.45000004768372 2.4300000667572 2.70000004849504 3.09999990463257 3.44000005722046 3.6800000667572 3.77999997139934 3.95000004768372 4.01999998092651 4.32999992370605 4.34999990463257 3.84999990463257 3.59999990463257 3.29999995622087 3.11999988555908 2.98000001907349 2.76999998092651 2.6800000667572 2.64000010490417 2.63000011444092 2.55999994277954 2.29999995231628 2.1800000667572 1.99000000953674 1.95000004768372 2.03999996185303 2.08999991416931 2.16000008583069 -9999
3.38000011444092 3.75999999046326 4.17000007629394 4.82999992370605 5.19999980926514 5.15000009536743 5.01999998092651 4.78999996185303 4.73999977111816 4.51000022880577 4.32000017160515 3.98000001907349 3.90000009536743 3.60999989509583 3.34999990463257 3.19000005722046 3.08999991416931 2.88000011444092 2.5699999332428 2.64000010490418 2.90000009536743 3.21000003814697 3.49000000953674 3.6800000667572 3.84999990463257 4.11999988555908 4.57999992370605 4.98999977111816 4.6399998664856 4.07999992370605 3.68000010535834 3.36999988555908 3.21000003814697 2.98000001907349 2.75999999046326 2.59999990463257 2.54999995231628 2.5 2.36999988555908 2.20000010470794 2.07999992370605 1.87000000476837 1.94000029277237 2.19999975261812 2.25999999046326 2.35999989509583 -9999
3.70000004768372 4.21999979019165 4.55999994277954 4.88000011444092 4.98000001907349 5.24999999997457 5.09000015257245 4.80999994277954 4.73000001907349 4.5 4.32000017166138 3.99000000953674 3.95000004768372 3.61999988555908 3.35999989509583 3.13000011444092 3.04999995231628 2.96000003814697 2.82999992370606 2.90000009536743 3.00999999046326 3.29999995231628 3.47000002861023 3.69000005722046 3.90000009536743 4.17999982833862 4.76999998092651 4.84999990600046 4.65000009536743 4.19000001768335 3.73000001907349 3.39000018587611 3.23000001907349 2.89000010490417 2.61999988555908 2.5 2.41000008583069 2.36999988555908 2.26999998092651 2.21000003814697 2.05999994277954 1.91000033471301 2.21000003814697 2.26999998092651 2.41000008583069 2.51999998092651 -9999
4.01000022888328 4.34999990463371 4.71000003814697 4.88999986648559 4.92000007629395 4.76999998092651 4.84999990463257 4.69000005722046 4.67000007629395 4.55000019073486 4.30999994277954 4.05999994277954 3.89000010490418 3.72000002861023 3.35999989509582 3.11999988555908 3.05999994277954 2.90000009536743 2.95000004768372 2.95000004805174 3.22000002861023 3.35999989509583 3.46000003814697 3.54999995267225 3.86999988555908 4.1100001335144 4.57000017166138 4.61999988555908 4.42000001402147 3.8199999332428 3.54999995231628 3.41000008583069 3.14000010490417 2.82999992370606 2.49000000953674 2.35999989509583 2.26999998092651 2.26999998092651 2.24000002011089 2.22000002861023 2.15000009536743 2.3199999332428 2.36999988555908 2.47000002861023 2.54999995231628 2.6800000667572 -9999
4.73000001907349 5.11999988555908 5.03000020980835 5.03000020980835 5.03999996185303 4.92000007629395 4.86999988555908 4.69999980926514 4.63999986648559 4.46000003814697 4.23999977111816 4.21999979015219 4 3.88000011444092 3.5699999332428 3.39000010459733 3.03999996185303 2.97000002861023 2.9300000667572 3.15000009536743 3.15000009536743 3.38000011444092 3.47000002861023 3.51999998092651 3.75999999046326 4 4.30000019073486 4.03999996185303 3.84999990463257 3.41000008583069 3.1800000715471 3.07999992370605 2.97000002861023 2.75 2.58999991416931 2.24000000953674 2.16000008583069 2.21000003814697 2.24000000953674 2.25999999046326 2.45000004768372 2.52999997138969 2.5699999332428 2.54999995231628 2.54999995231628 2.66000008583069 -9999
4.67999982833862 5.13000011444092 5.36999988555908 5.17999982833862 5.21000003814697 5.09999990463257 4.90999984741211 4.86999988555359 4.67999982833862 4.46000003814697 4.26000022888184 4.21000003810742 4.07000017166138 4.07000017166138 3.98000001907349 3.8199999332428 3.36999988555908 3.14000010490417 3.25 3.3199999332428 3.38000011444092 3.40000009536743 3.48000001907349 3.51999998092651 3.58999991416931 3.79999992857608 3.64000010490417 3.63000011444092 3.58999991416931 2.84999990463257 2.74000000953674 2.59999990463257 2.61999988555908 2.57999992370605 2.48000001907349 2.16000008583069 2.0699999332428 2.21999999377015 2.28999996185303 2.5499998303524 2.63000011444092 2.6800000667572 2.71000003814697 2.58999991416931 2.69000005722046 2.80999994277954 -9999
5.01000022888184 5.3600001335144 5.55000019073486 5.51999998092611 5.3899998664856 5.32000017166138 5.09000015258789 4.92999982832768 4.76999998092651 4.46000003814697 4.26000022888184 4.21999979019165 4.07000017166138 4.05999994277954 3.86999988555908 3.94000005722046 3.66000008583069 3.47000002861023 3.50999999046326 3.5 3.47000002861023 3.40000009536743 3.46000003818159 3.46000003814697 3.45000003782947 3.39000010490417 3.42000007629395 3.38000011444092 3.3199999332428 2.85999989509583 2.72000002861023 2.48000001907349 2.38000011444092 2.38000011444092 2.32999992370605 2.1800000667572 2.11999988555908 2.27999997138977 2.45000035384088 2.73000001907349 2.82999987602072 2.85999989509583 2.79999995231628 2.76999998092651 2.84999990463257 3.09999990463257 -9999
5.48999977111816 5.73000001907349 5.61000013351441 5.50000000000039 6.38000011444092 5.40999984741211 5.21999979019165 5.09999990463257 4.90000009536743 4.51000022888184 4.28000020980835 4.25 4.23999977111816 4.03000020980835 3.78999996185303 3.83999991416931 4.09000015258789 3.83999991416931 3.75999999030868 3.63000011444092 3.50999999046326 3.4300000667572 3.40000009536743 3.29999995231628 3.23000001907349 3.16000008583069 3.19000005722046 3.13000011444092 3.11999988555908 3.09999990463257 2.75 2.44000005722046 2.34999990463257 2.3199999332428 2.19000005722046 2.35999989509583 2.47999998836951 2.58000027031297 2.98000001907349 2.96000003814697 2.97000002861023 2.96000003814697 2.92000007629394 2.98999993337064 3.09999990463257 3.38000011444092 -9999
5.8600001335144 6.09000015258789 6 5.76999998092642 6.59999990463257 5.73000001907349 5.42000007629395 5.21999979019165 4.96000003814697 4.63999986648559 4.32999992370605 4.30999994277954 4.38000011444092 4.17999982833862 4.03999996173867 4 4.17000007629395 4.05999994277954 3.98000001907349 3.73000001907349 3.65000009536743 3.56999994394835 3.66000008583069 3.27999997138977 3.20000004768372 3.23000001898128 3.02999997138977 2.91000008583069 2.95000004768372 3 2.74000000953674 2.5 2.38000011757409 2.36999988555908 2.17000007629394 2.5 2.67000026365676 3.13000011444092 3.14000010490417 3.08999992009584 3.08999991416931 3.0699999332428 3.05999994277954 3.09999990463257 3.25999999046326 3.50999999046326 3.65000009536743
6.13000011444092 6.67999982833862 6.69999980926514 6.59000015258789 6.57000017166138 6.03999996185303 5.61999988555908 5.3600001335144 5.19999980926514 4.98999977111816 4.65000009536743 4.51999998092651 4.44000005722046 4.44000005722046 4.32000017166138 4.32999992370605 4.15999984741211 4.1399998664856 4.17000007629394 4.01999998092651 4.26000022888184 4.17000007564907 3.84999990463257 3.46000003814697 3.30999994277954 3.4300000667572 3.14000010490417 2.91000008583069 2.86999988543408 2.92000007629394 2.76999998092651 2.57999992370605 2.51999998092651 2.51999998092651 2.24000000953674 2.60999993788919 3.03999996185303 3.19000005722046 3.16000008583069 3.14000010490418 3.16000008583069 3.21000003814697 3.19000010380282 3.24000000953674 3.1800000667572 3.48000001907349 3.75999982680897
6.71999979019165 6.86999988555908 6.94000005722046 6.57999992370605 6.51999998092651 6.38000011444092 5.90999984741211 5.78000020980835 5.34999990463257 5.32000017166138 5.23999977106657 4.82000017166138 4.76999998092651 4.71999979019165 4.67000007629395 4.88000011444092 4.51999998092651 4.59999990463257 4.57000017761439 4.71000003814697 4.59999990463257 4.5 4.03000020980835 3.65000009536743 3.44000005722046 3.5 3.49000000953674 3.01999998092651 2.9300000667572 2.91000008583069 2.83999991416931 2.6800000667572 2.63000011444092 2.65000009536743 2.5 2.66000008583069 3.09999990463257 3.21000003814697 3.14000012236061 3.1800000667572 3.20000004768372 3.30999994277954 3.35999989509583 3.33999991416931 3.25999999046326 3.53999953065104 3.52999997138977
7.07999992370605 7.07000017166138 7.03999996185303 6.98000001907349 6.94000005722046 6.71000003814697 6.34999990463257 6.13000011444092 5.61999988555908 5.61999988555908 5.61999988552921 5.32000017166138 5.17999982833862 5.03000020980835 5.03000020980835 5.07000017166138 4.92000007959858 5.23000001898541 5.15000009536743 5.11999988555908 4.92000007629395 4.76000022888184 4.19000005722046 3.75999999046326 3.57999992354316 3.57999992370605 3.64000010490418 3.25999999046326 3.08999991416931 3.01999998092651 2.98000001907349 2.90000009536743 2.75 2.75 2.80999994277954 2.8199999332428 3.11999988555908 3.21000003814697 3.17000007629395 3.16000008583069 2.84999990463257 3.32999977375486 3.38000011444092 3.47000002861023 3.44000005722046 3.46999996545901 3.39000010490417
7.28000020980835 7.36999988555908 7.23999977111816 7.19999980926514 7.1399998664856 6.75 6.71999979019165 6.55000019073486 6.17000007629395 6.03999996185303 6.05999994277954 5.69000005722046 5.59000015258789 5.40999984741211 5.38999986834724 5.78000020980835 5.30000019073486 5.32999992370605 5.42000007629395 5.3600001335144 5.05999994277954 4.88000011444092 4.55999994277954 4.32000017166138 4.23000001907349 4.09999990463257 3.96000003814697 3.65000009604744 3.44000005722046 3.23000001907349 3.15000009536743 3 2.77999997138977 2.83999991416931 2.95000004768372 2.91000008583069 3.08999991416931 3.19000005722046 3.20000004768372 3.11999988555908 3.03999996185303 3.10999989509583 3.39000010490417 3.53999996185303 3.58000002098298 3.53999996185303 3.30999994277954
7.40999984741211 7.61000013351441 7.50000000000158 7.6700000762929 7.30000019073486 7.09000015258789 7.28999996185225 6.94000005722046 6.67000007629395 6.48000001907349 6.46999979019165 5.94000005806051 5.92000007710722 6.21999979014457 6.1399998664856 6.15000009536743 5.8899998664856 5.65000009536743 5.86000013351441 5.48000001907349 5.13999986644833 5.13000011444092 5.03000020980835 5.05999994277954 4.98000001907349 4.67000007629395 4.3899998664856 4.19000005722046 3.79999995231628 3.57999992370605 3.41000008779323 3.27000007396544 3.23000001907349 2.92000007629394 2.85999989509582 2.9300000667572 3 3.03999996185303 3.14000010490418 3.09999990463257 3.07999993031662 3.0699999332428 3.28999996185303 3.54999995231628 3.5 3.53999996185303 3.17000007629395
7.3600001335144 7.55000019073486 7.84000015258724 7.6700000762938 7.5000000000021 7.42000007629395 7.44999980927197 7.40000009536743 7.15000009555824 6.94000005738013 6.94000005722046 6.53999996185303 6.76000022888184 6.73999977103947 6.57999992370605 6.48999977111816 6.26999998092651 6.15999984741211 6.17000007629395 5.61000013351441 5.36999988555908 5.5 5.53999996185303 5.38000011831713 5.28999996185303 5.01999998092651 4.76999998092651 4.46000003814697 4.05999994277954 3.82999992370606 3.7500000383362 3.55999994277954 3.45000004768372 3.1400001243065 2.97000002861023 2.94000005722046 2.92000007629394 2.88000011444092 2.99000000953674 3.03999996185303 3 3.00999999046326 3.17000007629394 3.13000011444092 3.26999998092651 3.22000002861023 2.9800000190743
7.53000020980835 7.57000017166138 7.59999990463257 7.59999990463257 7.59999990463257 8.06999969482063 7.94000005721967 7.92000007629395 7.78000020980835 7.42999982833862 7.26999998092651 6.98999977111816 6.80999994277954 6.90999984741211 6.69999980926514 6.78000020980835 6.67000007557345 6.30000019073486 6.30000019073486 5.84000015258789 5.53000020980835 5.98000001907349 6.28999996185303 6.23999977111816 5.8899998664856 5.44999980926514 5.07999992370605 4.69999980926514 4.28999996185303 4.05000023337826 4.1100001335144 3.70000004768372 3.44000005722046 3.38000011444092 3.20000004768372 2.94000005722046 2.84999990463257 2.80999994277954 2.77999997138977 2.96000003814697 2.98000001907349 2.94000005722046 2.53000051143405 2.47000002861023 2.48000001907349 2.51999998092651 2.39000010490417
7.51999998092651 7.55000019073486 7.57000017166138 7.57999992370606 7.59000015258789 7.96999979019165 7.94000005722046 7.92000007629395 7.78999996185303 7.44999980926514 7.32000017166138 7.03999996185303 6.90000009536743 6.90000009536743 7.09999990463257 6.94999980926514 6.78000020930164 6.40999984741211 6.32000017166138 6.21999979019165 5.96999979019165 6.34999990463257 6.40000009536743 6.76999998092651 6.71000003814697 6.05000019073486 5.76999998092651 4.98000001907349 4.5200000229914 4.40999984982589 4.28999996185303 3.94000005722046 3.53999996185303 3.38000011444092 3.21000003814697 3.03999996185303 2.82999992370605 2.64000010490417 2.66000008583069 2.67000007629395 2.72000002861023 2.83999957542815 2.41000021253651 2.25999999046326 2 1.87999999523202 1.82000005245209
8 7.92000007629395 7.94000005722046 7.80999994277954 7.59000015258789 7.98999977111816 7.90000009536743 7.78999996185303 7.78000020980835 7.69000005719696 7.3600001335144 7.09999990463257 6.98999977111816 6.96999979019165 6.86000013351441 6.94000005722046 6.96000003814697 6.67000007629395 6.51999998092651 6.59000015299277 6.61999988555908 6.63999986648559 7.13000011444092 7.25 6.86999988555908 6.01999998092651 5.46000003814697 5.15000009536743 4.96999979019165 4.76000022888184 4.46000003814697 4.09999990463257 3.99000000953674 3.52999997138977 3.27999997138977 3.09999992133658 2.92000007629395 2.50999999046326 2.5699999332428 2.55999994277954 2.60999968380389 2.36999988555908 2.34999990463257 2.1800000667572 1.8400000333786 1.67999994754791 1.36000001430511
8.34000015258789 8.35000038146973 8.35000038146973 8.35000038146973 8.34000015258789 8 7.98000001907349 7.80000019073487 7.71000003814697 7.74999999998187 7.48999977111816 7.21000003814697 7.09000015258789 7.03000020980835 6.88000011444092 6.98999977111816 6.96000003814697 6.69999980926514 6.53999996185303 6.57000017166138 6.48000001907349 6.75 7.01999998087726 6.67000007629395 6.19999980926514 5.82000018322225 5.76999998092651 5.17999982833862 4.8899998664856 4.69000005722046 4.34999990463257 4.26000022888184 4.1399998664856 3.8199999332428 3.41000008583069 3.28999996185303 2.92000007629394 2.46000003814697 2.47000002861023 2.35999989509583 2.24000000953674 2.22000004328775 2.23000001907349 2.05999994277954 1.75999999046326 1.5900000333786 1.28999996185303
8.43000030517578 8.43000030517578 8.39999961853027 8.35999965667725 8.34000015258789 7.94999980926514 7.96999979019165 7.90999984741211 7.84000015258789 7.80999994277954 7.55999994277954 7.26999998092651 7.17000007625375 7.05000019073486 6.94000005722046 6.92999982833862 6.80000019073486 6.59000015258789 6.3600001335144 6.30000019073486 6.30999994277954 6.44999980926514 6.48000001907349 6.44999980926514 6.15999986191991 6.1399998650244 5.69999980926514 5.48000001907349 5.09000015337241 4.84000015258789 4.48000001907349 4.28000020980835 4.21000003814697 3.92000007629395 3.66000008583069 3.48000001907349 3.05999994277954 2.63000011444092 2.51999998092651 2.25999999046326 2.01999998092651 1.94000005722046 1.85000002384186 1.80999994277954 1.75999999046326 1.5900000333786 1.33000004291534
8.57999992370605 8.5 8.44999980926514 8.36999988555908 8.32999992370605 7.92999982833862 7.96000003814697 7.88000011444092 7.90000009536743 7.84000015258789 7.55999994277954 7.28000020980835 7.1999998092021 7.03000020980835 6.98000001907349 6.88000011444092 6.71999979019165 6.57000017166138 6.48000001907349 6.46000003814697 6.36000013351441 6.36999988555908 6.23000001907349 6.28000020980835 6.17999982833862 6.13000011444092 5.71999979019165 5.51000022888184 5.3600001335144 4.94999980926514 4.3899998664856 4.1399998664856 4.19999980926514 3.65000009536743 3.71000002830125 3.69000005722046 3.45000004768372 2.96000009519303 2.8199999332428 2.3199999332428 1.86000001430511 1.64999997615814 1.4099999666214 1.49000000953674 1.53999996185303 1.58000004291534 1.46000003814697
