SnowAccumulation_R/test/tmax/final_tmax_04_04_2009.asc
NCOLS 97 
NROWS 69 
XLLCORNER 52512.810182332 
YLLCORNER 5316225.2758522 
CELLSIZE 10000 
NODATA_value -9999 
[rows 20 to 39 of 69, columns 0 to 46 of 97]
-9999 -9999 -9999 -9999 0.519999980926514 2.1800000667572 2.46000003814697 7.44999980926514 4.94000005722046 5.03999996185303 6.19999980926514 6.21000003814697 6.13000011444092 6.09000015258789 5.63000011444092 5.01000022888184 4.28000020980835 2.99000000953674 2.71000003814697 2.48000001907349 2.15000009536743 2.50999999046326 2.90000009536743 3.44000005722046 3.77999997138977 4.23000001907349 4.19000005722046 4.01999998092651 4.30000019073486 4.46000003814697 4.73000001907349 4.78000020980835 4.98999977111816 5.03000020980835 5.17999982833862 5.34999990463257 5.51000022888184 5.48999977111816 5.46999979019165 5.46999979019165 5.38000011444092 5.34999990463257 5.1100001335144 5.13999986648559 5.17999982833862 5.63000011444092 5.78000020980835
-9999 -9999 -9999 -9999 3.26999998092651 2.99000000953674 4.03999996185303 5.61999988555908 2.67000007629395 3.74000000953674 3.96000003814697 6.17000007629395 6.15000009536743 5.46000003814697 5.30000019073486 4.84999990463257 4.21000003814697 3.32999992370605 2.88000011444092 2.69000005722046 2.60999989509583 2.71000003814697 2.97000002861023 3.3199999332428 3.76999997457431 4.26999998092651 4.15000009536743 4.19000005722046 4.32999992370605 4.38000011444092 4.53999996185303 4.65999984741211 4.96000003814697 4.96000003814697 5.05999994277954 5.40000009536743 5.48999977111816 5.51000022888184 5.46000003814697 5.01000022888184 5.40000009536743 5.5 5.1900000572205 5.15999984741211 5.44999980926514 5.42000007629395 5.76000022888184
-9999 -9999 -9999 -9999 4.75 1.51999998092651 3.91000008583069 5.59999990463257 3.10999989509582 1.78999996185303 4.59000015258789 4.26999998092651 5.98000001907349 5.15999984741211 4.94000003351738 4.75 4.15000009536743 3.48000001907349 2.91000008583069 2.90000009536743 2.49000000953674 2.57999992370605 3.11999988555908 3.25 3.42000007557683 3.75999999046326 3.91000008583069 4.28999996185303 4.34000015258789 4.44000005722046 4.51000022888184 4.61999988555908 5.13999986648559 5.17999982833862 5.23999977111816 5.34000015258789 5.32000017166138 5.34999990463257 5.48999977111816 4.78000020980835 5.15000009536743 5.38000011444092 5.30999994277954 5.19999980926514 5.19000005722046 5.30999994277954 5.71000003814697
-9999 -9999 -9999 2.46000003814697 3.29999995231628 5.84000015258789 3.79999995231628 2.84999990463257 1.27999997138977 1.72000002861023 3 1.9099999666214 5.19999980926514 5.40999975881649 4.94000005722046 4.44999980926514 3.89000010490417 3.52999997138977 3.03999996185303 2.96000003814697 2.5699999332428 2.80999994277954 2.84999990463257 2.95000004768372 3.17000007629395 3.60999989509583 3.93000006409734 4.25 4.32000017166138 4.34999990463257 4.40000009536743 4.73999977111816 4.90999984741211 5.03999996185303 5.23999977111816 5.30999994277954 5.21999979019165 5.30000019073486 5.51000022888184 5.53000020980835 5.05000019073486 5.13999986648559 5.26000022888184 5.17999982833862 5.15000009536743 5.42999982833862 5.53000020980835
-9999 -9999 -9999 1.08000004291534 1.88999998569489 2.92000007629395 0.200000002980232 2.41000008583069 0.639999985694885 0.0700000002980232 1.76999998092651 2.92000012810048 3.98000001907349 4.90999984741211 4.44999980926514 4.17000007629394 3.84999990463257 3.21000003814697 3.08999991416931 2.82999992370605 2.69000005722046 2.80999994277954 2.52999997138977 2.88000011444092 3.04999995231628 3.60999989341686 3.65000009536743 3.95000004768372 4.03999996185303 4.1399998664856 4.42000007629395 4.82000017166138 4.98000001907349 4.96999979019165 5.17999982833862 5.23000001907349 5.23999977111816 5.44999980926514 5.55000019073486 5.51999998092651 5.23999977111898 5.17000007629471 5.23999977111858 5.19000005722095 5.21000003814697 5.46999979019165 5.69999980926546
-9999 -9999 -9999 0.629999995231628 2.01000060640244 2.83999991416931 1.75 1.42999994754791 -1.79999995231628 1.58000004291534 0.300000011920929 5.59999990463257 5.46000003814697 5.28999996185303 4.32999992370605 3.89000010490417 3.76999998092651 2.94000005722046 3.03999996185303 3.19000005722046 2.88000011444092 2.57999992370605 2.41000008583069 2.54999995231628 2.95000004768372 3.22000002861023 3.46000003814697 3.76999997960404 3.86999988555908 4.25 4.5 4.82999992370605 4.96999979019165 5.01000022888184 5.30000019073486 5.46999979019165 5.3600001335144 5.3899998664856 5.57000017166138 5.67000007629395 5.69000005722046 5.82000017166138 5.67000007629395 5.63000011444092 5.75 5.86999988555908 6.01000022888179
-9999 -9999 -9999 0.560006283023296 -0.330000013113022 5.51999998092651 0.810000002384186 -0.180000007152557 0.330000013113022 -1 -0.0900000035762787 0.97000002861023 5.32999992370605 4.67999982833862 4.65000009536743 4.53000020980835 4.09000015258789 3.29999995231628 3.10999989509583 3.30999994277954 2.77999997138977 2.59999990463257 2.34999990463257 1.83000004291534 2.67000007629395 2.91000008583069 3.46000003457565 3.5699999326546 3.84999990463257 4.44000005722046 4.76000022888184 5.13000011444092 5.28999996185303 5.32999992370605 5.5 5.5 5.53000020980835 5.44000005722046 5.61000013351441 5.88000011444092 6.07000017166138 6.11999988555908 5.92999982833862 5.80999994277954 6.05000019073486 6.28999996185303 6.32000017166138
-9999 -9999 -9999 5.40000009536743 4.42999982833862 5.16999860156865 -1.48000001907349 2.60999989509582 0.300000011920929 0.839999973773957 1.35000002384186 0.639999985694885 0.670000016689301 4.76000022888184 4.65999984741211 4.53000020980835 3.94000005722046 3.80999994277954 3.33999991416931 2.84999990463257 2.63000011444092 2.39000010490417 2.45000004768372 2.52999997138977 2.69000005722046 2.72000002861023 2.78999996185303 3.48000001907349 3.90000009634104 4.44999980929599 4.57999992370605 5.19999980926514 5.23000001907349 5.38000011444092 5.53000020980835 5.51999998092651 5.53000020980835 5.61999988555908 5.80000019073486 5.78999996185303 5.98000001907349 6.01000022888184 6.26999998092651 6.23000001907349 6.28999996185303 6.51999998092651 6.67000007629388
-9999 -9999 -9999 7.94999980926514 2.4300000667572 1.32000005245209 1.8400000333786 0.100000001490116 1.50999999046326 0.109999999403954 1.0900000333786 0.259999990463257 1.01999998092651 0.980000019073486 4.65999984741211 3.55999994277954 3.94000005722046 3.78999996185303 3.21000003814697 2.79999995231628 2.35999989509583 2.25 2.29999995231628 2.58999991416931 2.72000002861023 2.70000004768372 2.85999989509583 3.70000004768372 4.07999992339378 4.46000003814697 4.63000011444092 5.21999979019165 5.28999996185303 5.30999994277954 5.5 5.61999988555908 5.61999988555908 5.73999977111816 5.80000019073486 5.88000011444092 6.07000017166138 6.23000001907349 6.23000001907349 6.6100001335144 6.65999984741211 6.84999990463257 7.07999992370603
-9999 -9999 -9999 7.75 3.53999996185303 4.71999979019165 3.80000002524686 2.98000001907349 5.11999988555908 1.08000004291534 -1.35000002384186 -0.540000021457672 -1.37999999523163 -0.409999996423721 3.65000009536743 3.53999996185303 3.4300000667572 3.75 2.9300000667572 2.79999995231628 2.35999989509583 2.16000008583069 2.17000007629395 2.32999992370605 2.67000007629395 2.84999990463257 3.03999996185303 3.72000002861023 4.13000011444092 4.5 4.71999979041268 5.36999988574162 5.67000007629394 5.67999982833862 5.63000011444092 5.69999980926514 5.92000007629394 5.96000003814697 6.09999990463257 6.15999984741211 6.1100001335144 6.28000020980835 6.42999982833862 6.67999982833862 6.8899998664856 7.21999979019165 7.3600001335144
-9999 -9999 -9999 9.89999799448364 6.63000011444092 5.57999992370605 3.58999967686775 1.08000004291534 1.27999997138977 3.41000008583069 -0.990000000115002 0.469999998807907 2.15000009536743 -1.60000002384186 3.72000002861023 3.55999994277954 3.13000011444092 2.96000003814697 3.25 2.89000010490417 2.34999990463257 2.32999992370605 2.25999999046326 2.3199999332428 2.49000000953674 2.79999995231628 3.38000011444092 3.71000003814697 3.84999990463257 4.49999999978171 4.82999992366638 5.51000022888184 6.17000007629395 6.17999982833862 5.80000019073486 6 6.17000007629395 6.21000003814697 6.17000007629395 6.21999979019165 6.15999984741211 6.36999988555908 6.69999980926514 7.01999998092651 7.03999996185303 7.15999984741211 7.21000003814697
-9999 -9999 -9999 9.30000019073487 5.36999988555908 7.44000005722046 2.16000008583069 2.71999844224766 -0.200000002980232 4.55000019073486 3.16000008583069 0.949999988079071 0.46000000834465 0.839999973773956 3.60999989509583 3.36999988555908 3.19000005722046 2.95000004768372 2.35999989509582 2.70000004768372 2.76999998092651 2.46000003814697 2.34999990463257 2.4300000667572 2.57999992370605 2.9300000667572 3.49000000953674 3.86999988555908 4.09000015258789 4.55999994277954 4.98999977111816 5.21000003814697 6.09000015216586 6.11000013334653 6.01999998092651 6.07000017166138 6.23999977111816 6.28999996185303 6.36999988555908 6.51000022888184 6.44999980926514 6.65000009536743 7.17000007629394 7.17000007629394 7.17000007629395 7.23999977111816 7.28000020980835
-9999 -9999 -9999 5.76000022888184 8.54000001768561 5.26000022888184 6.53000020980835 1.42999994754791 2.7899994903207 1.20000004768372 2.85999989509583 4.26000022888184 3.59999990463257 4.63000011444092 3.69000005722046 3.34999990463257 3.24000000953674 2.96000003814697 2.38000011444092 2.75999999046326 2.75 2.70000004768372 2.6800000667572 2.67000007629395 2.96000003814697 3.24000000953674 3.69000005722046 3.97000002861023 4.44999980926514 4.71999979019165 4.84999990463257 5.21000003808422 5.55999994260692 5.76000022888184 5.82999992370605 6.05000019073486 6.21000003814697 6.48999977111816 6.67000007629395 6.57999992370605 6.75 7.17000007629395 7.25 7.23999977111816 7.30000019073486 7.28000020980835 7.42999982833862
-9999 -9999 -9999 6.46000003814697 8.31999969482422 9.4399995803833 5.73999977111816 6.80000019073486 3.21000003814697 1.63000132387396 0.409999996423721 3.38000011444092 2.74000000953674 2.9300000667572 3.41000008583069 3.4300000667572 3.72000002861023 3.28999996185303 2.63000011444092 2.51999998092651 2.66000008583069 2.25999999046326 2.61999988555908 3.03999996185303 3.27999997138977 3.58999991416931 4.1100001335144 4.26999998092651 4.78999996185303 5.11999988555908 5.15000009536743 5.34000015258789 5.44999980926514 5.61999988555908 5.75 6.09999990464137 6.32000017166734 6.57000017166138 6.76000022888184 7.17999982833862 7.03999996185303 7.26000022888184 7.25 7.3600001335144 7.34999990463257 7.46999979019165 7.44999980926514
-9999 -9999 -9999 3.50999999046326 6.23999977111816 8.64000034332275 8.97999954223633 3.40000009536743 6.23000001907349 2.98000001907349 1.40000086888431 0.0599999986588955 0.75 1.99000000953674 2.73000001907349 3.01999998092651 4.53999996185303 3.59999990463257 2.8199999332428 2.55999994277954 2.75999999046326 2.51999998092651 2.55999994277954 2.99000000953674 3.36999988555908 3.75999999046326 4.55000019073486 4.69999980926514 4.8600001335144 5.01999998092651 5.07999992370605 5.57000017166138 5.61999988555908 5.80999994277954 6.09000015258789 6.30999994277954 6.69000005722046 6.82000017166138 7.09999990463257 7.59000015258587 7.36000013351424 7.32999992370582 7.40000009536759 7.48000001907353 7.51000022888177 7.48999977111819 7.46999979019165
-9999 -9999 3.01999998092651 4.19999980926514 -0.310000002384186 7.61999988555908 9.0600004196167 7.30999994277954 4.71999979019165 7.84999990463257 2.08999991416931 -0.359999639508897 -1.20000004768372 1.00999999046326 1.80999994277954 -0.370000004768372 2.95000004768372 3.32999992370605 2.89000010490417 2.49000000953674 2.97000002861023 3.00999999046326 3.10999989509583 3.4300000667572 3.6800000667572 3.84999990463257 4.44000005722046 4.78000020980835 4.82000017166138 5.11999988555908 5.28999996185303 5.51999998092651 5.6100001335144 5.69999980926514 5.98999977111816 6.42999982833862 6.78999996185303 6.84000015258789 7.09999990463005 7.30000019073398 7.28999996185272 7.23000001907349 7.46999979019165 7.5 7.48000001907349 7.5 7.48000001907349
-9999 -9999 0.800000011920929 -0.109999999403954 3.15000009536743 1.02999997138977 5.34000015258789 8.67000007629395 6.05999994277954 3.78000023308427 2.54999995231628 2.99000000953674 -0.319999992847443 0.479999989271164 1.70000004768372 0.980000019073486 2.26999998092651 2.64000010490417 2.79999995231628 2.82999992370605 3.72000002861023 3.54999995231628 3.60999989509583 3.75 4.21999978933793 4.30000019057299 4.76999998092651 5.03000020980835 5.23000001907349 5.19999980926514 5.51999998092651 5.53000020980835 5.65999984741211 5.76999998092651 5.96000003814697 6.46999979019165 6.69000005722046 6.88000011444092 7.01000022888184 7.07999992370605 7.13000011444092 7.3600001335144 7.5 7.51000022888184 7.61000013351441 7.59000015258789 7.44000005722046
-9999 -9999 2.76999998092651 4.42999982833862 3.11999988555908 1.51999998092651 2.22000042312443 8.43000030517578 8.68000030517578 4.11999988555908 6.73999977111816 5.38000011444092 1.50999999046326 1.10000002384186 2.55999994277954 2.25 2.57999992370605 2.58999991416931 2.8199999332428 3.36999988555908 4.09000015258789 3.80999994277954 3.76999998092651 4.05000019073486 4.46999979019165 4.44999980926514 5 5.09999990463257 5.53000020980835 5.48000001907349 5.38000011444092 5.48999977111816 5.73999977111816 5.98000001907349 6.07999992370606 6.46999979019165 6.67999982833862 6.90000009536743 7.03999996185303 7.09000015258789 7.13000011444092 7.3600001335144 7.5 7.53999996185303 7.61999988555908 7.53999996185303 7.44999980926514
-9999 -9999 3.55999994277954 5.34000015258789 4.51000022888184 -0.180000007152557 2.96000003814697 5.84999990463257 9.22000026702881 4.67999982833862 4.53999996185303 3.71000003814697 4.82999992370605 -0.639999971376082 -1 3.00999999046326 3.23000001907349 3.29999995231628 3.33999991416931 3.54999995231628 4.46000003814697 4.17999982833862 3.65000009536743 4.03000020980835 4.73000001907349 4.75 5.30000019073486 5.48999977111816 5.59999990463257 5.55999994277954 5.40999984741211 5.65999984741211 5.78999996185303 6.05000019073486 6.17999982833862 6.40000009536743 6.76000022888184 6.98000001907349 7.11999988555908 7.15999984741211 7.25 7.3600001335144 7.48999977111816 7.51000022888184 7.57999992370605 7.46999979019165 7.40000009536743
-9999 -9999 8.73000068290229 5.84000015258789 1.45000004768372 3.27999997138977 3.66000008583069 5.09999990463257 9.11999988555908 6.96999979019165 3.64000019287747 7.46000003814697 5.80999994277954 3.35999989509583 2.77999997138977 3.69000005722046 3.34999990463257 3.85999989509582 4.09000015258789 4.44999980926514 4.84000015258789 4.76000022888184 4.30999994277954 4.48999977111816 4.94000005722046 5.03000020980835 5.05000019073486 5.6399998664856 5.59999990463257 5.51999998092651 5.09000015258789 5.53000020980835 5.8899998664856 6.21000003814697 6.34999990463257 6.61999988555908 6.76999998092651 7.15000009536743 7.42000007629395 7.34000015258789 7.26999998092651 7.25 7.57000017166138 7.63000011444092 7.65999984741211 7.44999980926514 7.40999984741211
