SnowAccumulation_R/test/tmax/final_tmax_10_04_2009.asc
NCOLS 97 
NROWS 69 
XLLCORNER 52512.810182332 
YLLCORNER 5316225.2758522 
CELLSIZE 10000 
NODATA_value -9999 
[rows 42 to 62 of 69, columns 0 to 46 of 97]
-9999 -9999 15.3199996948242 8.22000026702881 5.59000015258789 5.95999896157193 4.92000007629395 6.94000005722046 7.84000035731725 12.4200000762939 9.10999965667725 13.2499999408798 12.3500003814697 8.86999988555908 9.01000022888184 5.75 10.3400001525879 5.46000005542657 14.1099996274394 14.1999998087773 14.6999998092651 14.8699998855591 15.289999961853 15.4499998090417 15.6800003045759 16.3999996185303 16.8600006103516 17.0499992370605 17.0499992370605 17.4200000762939 17.6399993896484 17.6499996185303 17.8799991607666 18.1599998474121 18.25 18.3700008392334 18.6800003051758 18.7600002288818 18.8600006103516 18.8600006103516 18.8600006103516 18.6900005340576 18.5699996948242 18.5 18.25 17.9099998474121 17.8600006103516
-9999 -9999 11.7299995422363 7.32000017166138 7.6399998664856 5.32000017166138 7.04999993806792 6.51999998092651 11.6199998855591 9.21000003814697 12.6599998474121 9.97999954223633 7.51999998092651 6.53000020980835 9.75 7.38000011444092 11.1899995803833 7.51000022888184 14.0500001907349 14.5699996948242 14.6000003814697 14.8500003814697 15.0200004577637 15.25 15.5900001525879 16.3799991607666 16.8899993896484 17.3299999237061 17.1900005340576 17.4599990844727 17.7000007629395 17.7600002288818 17.9400005340576 18.0900001525879 18.4200000762939 18.3400001525879 18.5499992370606 18.6399993896484 18.7399997711182 18.8600006103516 18.7900009155273 18.6399993896484 18.5400009155273 18.4500007629395 18.1299991607666 17.9099998474121 17.8600006103516
-9999 -9999 15.3900003433228 8.84000015258789 8.02999973297119 4.80000019073486 7.96999979019165 6.72999878039921 13.1700000762939 12.5799999237061 15.9799995422363 12.9200000762939 10.8699998855591 9.89999961853027 6.73000001907349 8.05000019073487 11.1599998474121 8.97999954223633 14.4399995803833 14.5600004196167 14.6700000762939 14.9200000762939 15.0100002288818 15.0600004196167 14.5 15.8100004196167 16.5400009155273 17.4400005335445 17.4400005340576 17.8600006103516 17.8600006103516 17.8999996185303 18.1499996185303 18.2099990844727 18.2199993133545 18.2900009155273 18.5499992370605 18.6399993896484 18.6800003051758 18.7399997711182 18.6800003051758 18.6100006103516 18.4799995422363 18.4099998474121 18.1200008392334 17.9300003051758 17.8999996185303
-9999 -9999 15.5799999237061 9.20999929149371 6.44999980926514 6.05000019073486 5.78999995631935 7.03999996185303 7.83000044056487 9.43000038888303 15.9899997711182 12.2600002288818 10.1899995746309 6.55999994277954 5.34999990463257 9.07999992370605 11.1199998855591 10.4300003051758 14.3800001144409 14.3900003433228 14.6300001144409 14.6899995803833 15.0100002288818 15.6499996185303 15.75 16.1599998474121 16.8799991607666 17.4899997709301 17.7800006863742 17.8700008392334 17.9799995422363 18.0400009155273 18.2199993133545 18.25 18.2600002288818 18.5499992370605 18.6200008392334 18.6100006103516 18.5499992370605 18.6800003051758 18.6100006103516 18.4300003051758 18.3600006103516 18.2000007629395 18.0900001525879 17.9699993133545 17.7700004577637
-9999 -9999 15.9399995803833 6.94000005722046 7.92000007629395 9.07999992370605 8.17000007629395 6.80000019073486 6.30999994277954 12.6600002898602 15.9700002670288 11.9099998474121 9.27999973297119 6.75 7.46999979019165 7.44999980926514 10.2799997329712 8.68000030517578 7.76999998092651 14.5100002288818 14.9099998474121 15.0600004196167 15.1800003051758 15.5799999237061 16.7600002266157 16.7600002288818 17.3700008389692 17.5499992370605 17.7399997711182 17.9099998474121 18.0400009155273 18.1499996185303 18.2600002288818 18.2199993133545 18.2700004577637 18.5599994659424 18.6000003814697 18.5200004577637 18.5400009155273 18.5599994659424 18.4799995422363 18.3999996185303 18.2299995422363 18.1599998474121 17.9400005340576 17.7399997711182 17.9300003051758
-9999 -9999 16.75 7.59000015258789 9.84000015258789 9.43000030517578 9.34000015258789 6.21999979019165 8.13000011444092 14.3400001525879 16.5699996979124 12.7299995422363 8.57999992370605 7.05999994277954 8.47999954223633 7.82999992370605 10.2600002288818 10.8800001144409 14.6000000869581 14.6099996566772 14.6800003051758 15.039999961853 15.2299995422363 15.6700000762939 16.5599994640144 17.0400009145063 17.2399997711182 17.7999992370606 17.8199996948242 17.9400005340576 18.2000007629395 18.5400009155273 18.1800003051758 18.2399997711182 18.25 18.3899993896484 18.4200000762939 18.4699993133545 18.5200004577637 18.6599998474121 18.4699993133545 18.25 18.2099990844727 18.0799999237061 17.8899993896484 17.6299991607666 17.6900005340576
-9999 12.2700004577637 17.2199993133545 11.1999998092651 8.56000023982091 10.1099996566772 7.46999979019165 7.21000026255909 11.0500001907349 15.5100002288818 16.6000003962817 12.4399998866415 7.34000015258789 8.89999961853027 10.1000003814697 8.48999977111816 10.5600004196167 10.3699998855591 8.51000022888184 14.5299997329712 14.7600002288818 15.1000003814697 15.2799997329712 15.7600002288818 15.9300003051758 16.6399993896484 17.0599994659424 17.5499992370605 17.75 17.6900005340576 18.1700000761625 18.6000003814697 18.1700000763902 18.1700000762939 18.1800003051758 18.2700004577637 18.2099990844727 18.2700004577637 18.4400005340576 18.5699996948242 18.3600006103516 18.25 18.1599998474121 18.0799999237061 17.9899997711182 17.5900001525879 17.5300006866455
-9999 15.6099996566772 17.4799995422363 9.31999969482422 9.97000026702881 8.56999969482422 12.0299997329712 12.1499996185303 13.3699998855591 15.9300003051758 17.1800003051758 17.1299991607666 7.84000018615757 12.4300003039102 12.4799995422363 10.3999996185303 10.2400000800274 12.2700004577637 9.90999984741211 14.6700000666264 14.710000038147 14.8100004196167 15.1700000762939 15.75 15.9499998092651 16.6299991607666 17.0200004577637 17.4400005340576 17.5699996948242 17.8199996947899 17.8600006103516 17.7199993133545 17.8700008392334 18.0100002288818 18.0300006866455 18.0100002288818 18.1000003814697 18.2299995422363 18.3199996948242 18.3700008392334 18.2700004577637 18.4099998474121 18.1800003051758 18.0699996948242 17.7600002288818 17.4200000762939 17.1499996185303
-9999 8.25 13.1600013254781 10.4399995803833 6.69999980926514 8.27000045776367 8.47999954223633 9.07999992370605 10.8100004196167 14.0100002288818 15.710000038147 16.7600002288818 13.8800001144409 12.7399997711182 12.4499998092651 10.1700000762939 11.0799999237061 12.3800001144409 11.3699998855591 14.4700002675062 14.6700000762939 14.7200002670288 15.1400003433228 15.4499998092651 16.0599994659424 16.5499992370605 16.7000007629395 17.3899993894325 17.3899993896484 17.7700004577019 17.7399997711182 17.6000003814697 17.7399997711182 17.8700008392334 17.7099990844727 17.8500003814697 18.0599994659424 18.1800003051758 18.2399997711182 18.1800003051758 18.1800003051758 18.1900005340576 17.8899993896484 17.7299995422363 17.6700000762939 17.2900009155273 17.1299991607666
-9999 10.4599989686174 18.4699993133545 11.25 7.34000015258789 10.039999961853 10.2200002670288 9.31999969482422 8.84000033277494 14.5799999237061 14.1899995803833 12.7299995422363 16.9500007629395 13.3100004196167 10.8599996566772 13.4899998326233 9.89000034332275 11.25 8.46000003814697 14.3900003433228 14.6400003360685 14.7600002288818 15.039999961853 15.4300003051758 15.8999996180392 15.8999996185303 16.6100006102009 17.1800003051758 17.4300003049393 17.4899997711182 17.6499996185303 17.5400009155273 17.6200008392334 17.3500003814697 17.3899993896484 17.4099998474121 17.5699996948242 17.7299995422363 18.0799999237061 18.0499992370605 18.0499992370605 18 17.7700004577637 17.6100006103516 17.3099994659424 17.0900001525879 16.8899993896484
-9999 9.39000034332275 17.7399997711182 15.1899995803833 8.81999969482422 12.0799999237061 10.3299999237061 9.89000034332275 10.8699998855591 13.7299995422363 10.1800003051758 12.289999961853 14.5100002288818 17.5100002288818 15.7299995422363 12.7799997329712 9.8699998974302 10.210000038147 8.67000007629395 12.0900001525879 14.4700002304628 14.8400001525879 15.0100002288818 15.1300001144409 15.0600004196167 15.3999996185303 16 16.0799999237061 16.7299995422363 17.1399993896484 17.2199993133545 17.4999999999061 17.4200000762939 17.5300006866455 17.3999996185366 17.3299999237061 17.3999996185303 17.8500003814697 17.9400005340576 17.9200000762939 17.8899993896484 17.8700008392334 17.6700000762939 17.4699993133545 17.1800003051758 16.7800006866455 16.5300006866455
-9999 9.85999965667725 9.13000011444092 18.0499980623658 9.52000045776367 13.3699998855591 12.039999961853 10.1099996566772 11.7200002670288 13.1999998092651 10.960000038147 12.9499998092651 14.1499996185303 17.4699993133545 15.3900003538102 13.539999961853 11.1000003814697 10.539999961853 10.2399997711182 10.3599996566772 14.3800001144409 14.4899997711182 14.7700004534502 14.789999961853 14.7799997329712 14.6199998855591 14.7399997711182 15.0799999237061 15.8900003433228 16.4699993133545 16.9300003051222 16.8099994659424 16.7099990844727 17.0400009155273 17.1100006103416 17.1900005340576 17.2800006866455 17.5699996948215 17.8099994659424 17.8899993896484 17.8299999237061 17.5900001525879 17.4899997711182 17.2399997711182 16.8700008392334 16.9099998474121 16.6299991607666
-9999 10.1400003433228 12.3699998855591 17.1000003814697 14.9099998474121 13.2299995422363 12.710000038147 11.6499996185303 12.6999998092651 13.210000038147 10.6000003814697 12.710000038147 14.2299995422363 16.7000007629395 16.4099998474121 11.5699996948242 10.4700002670288 8.85000038146972 9.77999973297119 9.04000004775519 10.2700004569454 14.4899996314053 14.5699996948242 14.2700004577637 14.1999998092651 14.3400001525879 14.1499996185303 14.5200004577637 14.8900003433228 16.1700000759767 16.3799991607666 16.2999992370605 15.1099996566772 15.5299997329712 16.5100002288818 16.9099998474121 17.1800003051758 17.5900001525848 17.7299995422363 17.8099994659424 17.6399993896484 17.4400005340576 17.3099994659424 17.25 17.1200008392334 16.8299999237061 16.6100006103516
-9999 10.6400005365422 11.7799997329712 14.2399997711182 17.7099990844727 13.1599998474121 14.8400001525879 13 11.9399995803833 11.2799997329712 11.5900001525879 12.4200000762939 12.8500003814697 16.1499996185303 17.2900009155273 11.3900003433228 11.1700000762939 9.34000015258789 10.4899997711182 12.4899997711182 9.89999961853028 9.52999974173384 8.57999992370605 13.020000452585 13.9399995803833 13.8400001525879 13.9200000762939 14.3100004196167 14.829999923915 15.4300003051758 15.7200002670288 15.6700000762939 15.0699996948242 15.3400001525879 15.3999996185303 15.9499998092651 17.0200004577637 17.4699993133511 17.7000007629394 17.7800006866455 17.7099990844727 17.2600002288818 17.3299999237061 17.2600002288818 17.0300006866455 16.6299991607666 16.3500003814697
-9999 7.60500001907349 8.26749992370606 8.82499980926514 13.465000424777 12.585000038147 14.5299997329712 13.2399997711182 13.1599998474121 12.710000038147 13.3199996948242 11.3599996566772 10.779999733998 14.960000038147 17.3700008392334 14.1099996566772 10.4399995803833 9.10999965667724 10.5600004196167 13.6700000762939 9.64999961853027 8.78999996185303 8.77999973006133 12.6599998474121 13.4700002670288 13.710000038147 13.6700000762939 13.8900003433228 14.2700004577637 14.3000001907349 14.2700004577637 14.960000038147 15.2399997711182 15.6599998474121 16.1599998474121 16.2199993133545 16.7700004577637 17.1200008392334 17.4500007629395 17.7299995422363 17.6299991607667 17.5799999237061 17.3099994659424 17.1100006103513 16.7900009155273 16.4400005340576 16.1800003051758
-9999 8.61499977111816 8.24499988555908 7.90250015258789 11.3874998092651 15.4624996185303 10.8299999237061 12.7849997251807 9.875 12.7449998855591 12.7174997329712 12.0924997329712 8.84749984741211 12.3199996948242 17.3225002288818 10.427499823702 8.52750015258789 9.85750007629395 9.375 12.7799997329712 11.0474996566772 7.97249984741211 7.38250017166138 10.1225004196167 9.89000030725731 11.5 12.8900003433228 13.4499998092651 13.7600002288818 13.9700002670288 13.9200000762939 14.25 14.6099996566772 15.4200000762939 15.3999996185303 15.2200002670288 16.4899997711182 16.9300003051758 16.9500007629394 17.2199993133545 16.7299995422367 16.8799991607666 16.4300003051758 16.2900009155273 16 15.8299999237061 15.8299999237061
-9999 12.1774997711182 10.5549995033622 6.30249977111816 8.76249980926514 14.539999961853 12.6975002288818 11.2650003433228 9.8725004196167 12.7524995803833 13.4724998528585 11.6000003814697 10.1700000762939 11.2924995422363 16.7000007629395 15.25 11.6400003433228 10.7825002670288 9.67000007167231 11.1899995803833 12.1925001144409 9.28999996185303 8.49250030517578 9.24250030517578 8.13749980926514 6.32999992370605 10.9825000728747 12.0450000727163 12.5124998092651 12.2550001144858 12.2624998092651 12.8625001907349 13.210000038147 13.5500001907349 13.2924995422363 13.539999961853 14.2600002288818 14.7574996948242 14.9925003051758 14.4575004577637 11.9624996185336 13.0325002670288 13.3950004577637 12.9825000762933 11.9499998092651 11.4324998855591 11.3950004577637
-9999 11.4975004196167 8.42749977111817 6.50500011444092 8.63000011444092 14.4799996408333 15.3299999237061 13.8374996185303 10.5299997329712 13.1949996948242 13.8874998092651 10.5 10.5524997711182 13.7049999237061 14.3400001525879 16.2075004577637 15.3424997329712 8.86250019073487 8.1850004196167 10.0074996948242 13.8175001144409 12.270000434042 9.05749988555908 9.6850004196167 9.04500007629395 8.82250022888183 9.44750022888184 10.3800001144409 10.5749998092651 11.500000000119 12.0625 12.8549995422363 13.0600004196167 13.2375001907349 13.3999996185303 13.4875001907349 13.4200000762939 14.710000038147 14.8500003814697 14.1949996948242 11.8699998855597 12.4925003051758 12.4075002670288 12.1700000762939 10.7399997711182 11.4250001907349 11.602499961853
11.0924997329712 12.0725002288818 6.86749982833862 6.10500001907349 9.98750019073486 14.9700002670288 13.0249996185303 15.4624996185303 14.0249996185303 12.3924999237061 12.1125000823574 10.0325002670288 12.272500038147 11.4300003292312 10.9300003051758 14.2025003433228 15.3950004577637 10.460000038147 8.90999984741211 9.65499973297119 12.3149995803833 12.9049997329712 12.3149995803833 9.79500007629395 11.6925001144409 7.03749990463257 9.30249977111817 9.12750053405762 10.2550001144409 11.5249996185303 12.4575004577637 12.8800001144409 13.2849998473595 13.5100002288818 13.6199998855591 13.2825002670288 13.125 14.4525003433228 14.7674999237061 14.1274995803833 13.282500267029 13.1049995422363 12.1499996185303 11.9925003051758 11.727499961853 11.5950002670288 11.8774995803833
11.6925001144409 12.4575004577637 7.01749992370605 8.12749958038347 11.9575004577637 11.5275001525879 9.78999996185303 11.9300003051758 13.6324996948242 10.2349996566772 11.8900003433228 11.8374999519014 10.8074998855591 11.2224998474121 10.5050001144409 13.3175001144409 12.8474998611165 13.5924997329712 11.1049995422363 8.96249961853027 11.2399997711182 13.4250001907349 13.272500038147 12.2325000762939 7.70749998846464 9.15500068664551 8.02000045776367 7.30999994277954 9.91749954223633 12.4300003051758 13.0174999237061 13.4499998092651 13.5600004196161 13.5874996185303 13.835000038147 13.7624998092751 14.3299999237065 14.9224996566804 14.772500038147 14.4425001144409 13.9425001144409 13.7200002670288 12.8299999237061 12.6424999237061 12.6575002670288 12.0474996566772 12.1450004577637
11.3050003051758 12.2250003814697 7.45749998092651 10.9825000762939 12.2574996948242 10.9849996566772 9.52999973297119 8.93249988555908 14.9925003051758 12.9174995422363 14.039999961853 15.0249996185303 11.5575001002917 15.4025001525879 12.4125003814697 12.7700004577637 11.227499961853 11.0024995803833 13.0725002288818 12.4399995803833 10.3625001907349 12.3199996948242 11.2075004577637 12.9700002670288 8.55249977111816 8.3149995803833 7.62750005722046 7.40999984741211 10.5950002670288 12.3100004196167 12.9174995422363 13.2375001907349 13.460000038147 13.5775003433228 13.8774995803833 14.085000038147 14.397500038147 14.9475002288818 14.8325004577637 14.5900001525879 14.4549999237061 14.3824996948242 13.2124996185311 12.8549995422362 12.4849996566772 11.9650001525882 12.1274995803831
