SnowAccumulation_R/test/tmax/final_tmax_11_04_2009.asc
NCOLS 97 
NROWS 69 
XLLCORNER 52512.810182332 
YLLCORNER 5316225.2758522 
CELLSIZE 10000 
NODATA_value -9999 
[rows 0 to 19 of 69, columns 0 to 46 of 97]
-9999.000000000000000 -9999 -9999 -9999 -9999 -9999 -9999 -9999 -9999 -9999 -9999 -9999 -9999 -9999 -9999 -9999 -9999 -9999 -9999 -9999 -9999 -9999 -9999 -9999 -9999 -9999 -9999 -9999 -9999 -9999 -9999 -9999 -9999 -9999 -9999 -9999 -9999 -9999 -9999 -9999 -9999 -9999 -9999 -9999 -9999 -9999 -9999
-9999 -9999 -9999 -9999 -9999 13.960000038147 14.0200004577637 13.9700002670288 13.8299999237061 14.3699998855591 14.1499996185303 14.1599998474121 14.2600002517082 14.3900003433228 14.1700000762939 14.1899995803833 14.5299997329712 14.7200002670288 14.7600002291192 -9999 -9999 -9999 -9999 -9999 -9999 -9999 -9999 -9999 -9999 -9999 -9999 -9999 -9999 -9999 -9999 -9999 -9999 -9999 -9999 -9999 -9999 -9999 -9999 -9999 -9999 -9999 -9999
-9999 -9999 -9999 -9999 -9999 13.2700004577637 13.3599996566772 13.75 13.9899997711182 14.3999996185303 14.3900003433228 14.6199998855591 14.6999998092651 14.6000003737016 14.3900003433228 14.6700000762939 14.8999996185303 15.0299997329712 15.1300001144409 14.8000002148372 14.75 14.8000001907349 14.6000003814697 14.1499996185303 13.8299999237061 13.1499996185303 13.1899995803833 13.289999961853 13.3500003814697 13.5699996948242 13.6300001144409 13.710000038147 13.7399997711182 13.9499998092651 13.9499998092651 13.789999961853 13.6300001144409 13.3900003433228 13.1099996566772 12.9899997711182 12.960000038147 13.0900001525879 13.2200002670288 13.4499998092651 13.8900003433228 14.4200000762939 15.039999961853
-9999 -9999 -9999 -9999 -9999 13.8199996948242 14.1199998855591 14.1300001144409 14.1700001159678 14.4700002670288 14.5900001525879 14.6000003814697 14.8400001525879 14.6999998092651 14.6499996185303 14.8100004196167 15.0100002288818 15.1800003051758 15.4200000762939 15.319999694639 15.1400003433228 14.7799997329712 14.5900001525879 14.210000038147 13.6599998478983 13.4499998092651 13.4700002670288 13.6999998092651 13.8500003814697 14.1300001144409 14.1700000762939 14.3299999237061 14.4200000762939 14.4099998474121 14.2200002670288 13.9899997711182 13.8599996566772 13.5900001525879 13.2700004577637 13.1400003433228 13.1199998855591 13.1999998092651 13.2299995422363 13.4899997711182 13.9399995803833 14.5699996948242 15.2299995422363
-9999 -9999 -9999 -9999 -9999 14.1899995803833 14.2799997329712 14.2200002845772 14.2299995422363 14.3199997340799 14.6800003051758 14.8699998855591 14.9799995422363 15.0600004196167 15.1099996581948 15.2200002670288 15.2399997711182 15.4200000762939 15.8100004196167 15.6000003814697 15.4799995422363 15.3100004196167 14.689999596892 14.4700002670288 14.1999998092651 14.1499996185303 14.1300001144409 14.3299999237061 14.5699996948242 14.7200002670288 14.8100004195814 14.9300003051758 15.1400003433228 14.9499998092651 14.5600004196167 14.2399997711182 14.0900001525879 13.8500003814697 13.4700002670288 13.3699998855591 13.4099998474121 13.3699998855591 13.3999996185303 13.6000003814697 13.9300003051758 14.3900003433228 14.9899997711182
-9999 -9999 -9999 -9999 -9999 14.460000038147 14.539999961853 14.5 14.0800001587158 14.6099996566772 14.6499996185303 14.9099998474121 15.0900001525879 15.2399997711182 15.3800001144409 15.4799995422363 15.6199998855591 15.8900003433228 16.2700004577637 16.0400009155273 15.8699998855591 15.5600004196167 15.3400001525879 15.2299995422363 14.7799997329712 14.8800001143049 14.9399995803833 15.0799999237061 15.3199996948242 15.539999961853 15.3199996948242 15.539999961853 16.0300006866455 15.3900003433228 14.8599996566772 14.4700002670288 14.1599998474165 14.0299997329712 13.7399997711182 13.5500001907349 13.3900003433228 13.4399995803833 13.539999961853 13.6899995803833 13.9300003051758 14.4099998474121 14.8999996185303
-9999 -9999 -9999 -9999 -9999 14.5799999237061 14.6499996185303 14.9099998474121 14.9099998474121 14.6300002613375 14.8500003814697 14.9700002670288 15.1499996185303 15.3100004196167 15.4200000762939 15.5299997329712 15.5900001525879 15.7399997711182 16.3799991607666 16.1399993896484 16.059999465984 15.9700002670288 15.8000001907349 15.710000038147 15.7799997329712 15.4700002758788 15.6300001144409 15.8500003814697 16.1000003814697 16.3199996948242 15.8599996566772 15.8599996566772 15.9099998474121 15.3599996566772 15 14.6999998092651 14.3699998855643 14.210000038147 13.960000038147 13.710000038147 13.4899997711182 13.8999996185303 13.960000038147 14.0600004196167 14.1999998092651 14.5500001907349 14.8400001525879
-9999 -9999 -9999 -9999 -9999 14.6599998474121 14.8199997429969 15.0699996948242 15 14.8400001525879 15.0299998192963 15.0799999257293 15.1400003433228 15.1899995803833 15.4200000762939 15.6000003814697 15.7700004578972 15.9300003051758 16.1800003051758 16.2399997711182 16.1499996185303 16.1800003051758 16.2000007629395 16.0300006866455 16.1100006103516 16.4200000762939 16.5599994659424 16.4500007666463 16.6900005340576 16.2700004577637 15.8900003433228 15.6000003815076 15.4700002670288 15.0200004577637 15 14.8400001525879 14.5100002288884 14.289999961853 14.1599998474121 14.0600004196167 14.0200004577637 14.2200002670288 14.3999996185303 14.4499998092651 14.4499998092651 14.7299995422363 14.9099998474121
-9999 -9999 -9999 -9999 -9999 14.5799999237061 14.789999961853 15.0600004196167 14.9300003051758 14.9899997711182 15.1899995803833 15.3100004363862 15.3699998855591 15.4200000762939 15.4799995422363 15.6899995803833 15.8800001144409 16.0900001525879 16.2000007629395 16.5300006866455 16.5499992370605 16.4699993133388 16.5300006866455 16.2700004577637 16.3899993896484 16.6399993896484 16.9699993131566 17.0100002288818 16.6599998474121 16.0799999227718 15.6400003433228 15.3500003814697 15.1999998092651 15.0699996948242 15.0100002288818 14.8599996566772 14.6300001144409 14.5299997329712 14.4399995803833 14.5799999237061 14.5200004577637 14.460000038147 14.5699996948242 14.6700000762939 14.7600002288818 14.8800001144409 15.0100002288818
-9999 -9999 -9999 -9999 -9999 14.2299995422363 14.5500001907349 14.8699998855591 14.8199996948242 14.8000001907349 15.0299997329712 15.2399997711182 15.4600000510727 15.6300001144409 15.6199998855591 15.6400003433228 16.0200004577637 16.0699996946955 16.3299999237061 16.6900005340576 16.8600006103516 16.5100002288818 16.3899993896484 16.3999996185303 16.4899997711182 16.5 16.7099990844727 16.7999992370605 16.5300006866455 15.6499996185303 15 15.1499996183645 15.100000381397 15.1199998855591 15.0500001907349 14.9300003051758 14.8100004196167 14.7700004577637 14.7299995422363 14.8699998855591 14.8299999237061 14.7799997329712 14.7899999618531 15.0100002288818 15.0900001525879 15.1700000762939 15.0600004196167
-9999 -9999 -9999 -9999 -9999 13.0299997329712 14.2299995422363 14.4099998474121 14.4399995827102 14.539999961853 14.7399997711182 15.1000003814697 15.6000003814697 15.6800003220499 15.710000038147 15.6599998474121 15.9799995422363 16.0100002288818 16.3899993896484 16.6100006103516 16.7800006866455 16.3500003814697 16.4300003051552 16.3700008392334 16.3099994659424 16.2000007629395 16.4300003051758 16.4799995422363 16.1299991607666 15.5699996948242 15.1099996566772 15.1099996566772 15.1199998855591 15.3000001907349 15.1599998474652 15.0699996948609 15 14.9799995422363 14.8999996185303 14.8800001144409 14.8699998855591 14.8999996185303 14.9200000762939 15.0500001907349 15.0699996948242 15.1199998855591 15.0600004196167
-9999 -9999 -9999 -9999 12.0299997329712 12.1700000762939 13.1099996566772 13.8500003814697 13.9499998092651 14 14.25 14.5500001907349 15.2700004577637 15.6000003814697 15.7299995216851 15.7799997329712 15.8400001525879 16.0400009155273 16.3799991603534 16.3600006103516 16.4799995422363 16.3199996948242 16.1599998474121 16.1700000762939 16.2299995422363 16.1700000762939 16.2299995422363 16.1499996186168 16 15.6999998092651 15.4300003051758 15.4300003051758 15.4899997711182 15.5100002288818 15.4799995422363 15.4899997711182 15.4200000762939 15.3900003433228 15.0299997329748 14.7899999618538 14.8000001907343 14.8500003814693 14.8599996566772 15.0299997329716 14.8900003433228 14.9399995803833 15.10000038147
-9999 -9999 -9999 -9999 11.1099996566772 11.789999961853 12.7299995422363 13.4200000762939 13.3599996566772 13.6099998759665 14.2799997329712 14.710000038147 15.2200002670288 15.6000003814697 15.539999961853 15.3500004072608 15.9799995422363 16.1399993896484 15.9499998092651 16.0499992370605 16.0499992370605 16.3199996948242 16.1000003814697 16.0900001525879 16.1700000762939 16.1399993896484 16.2199993133545 16.1100006103516 16.0499992370605 15.9799995422363 15.7299995422363 15.6700000762939 15.8299999236953 15.75 15.8000001907349 15.75 15.6899995803833 15.5299997329729 15.4300003051758 14.9899997711182 14.6899995803833 14.7299995422363 14.8100004196167 14.9399995803833 14.7299995422363 14.8800001144409 15.4200000762939
-9999 -9999 -9999 -9999 10.8000001907349 11.6499996185303 12.3500003814697 13.0100002288818 13.7200002670288 14.1099996566772 14.1300001144409 14.6899995803833 15.210000038147 15.3100004196167 15.4499998092651 15.5600004196167 15.6400003433228 15.7799997329712 15.6999998092651 15.7700004577637 15.8299999201661 15.8800001144409 16.1100006103516 16.1299991607666 16.2299995422363 16.1599998474121 16.2600002288818 16.1800003051758 16.1100006103516 16.0900001525879 16 16.0100002288818 16.0300006866455 16.0200004577637 16.1100006103516 16.0799999237061 16.0100002288818 15.8599996566788 15.7700004577637 15.1199998855591 14.5600004196167 14.6899995803833 14.800000190735 14.9499998092651 14.4899997711182 15.1000003814697 15.5699996948242
-9999 -9999 -9999 -9999 9.97999620850918 11.8800001144409 11.5200004831347 11.7799997329712 12.8900003433228 14.039999961853 14.2700004577637 14.4499998092651 14.7799997329712 14.960000038147 15.1499996185303 15.0600004196167 15.1899995803833 14.9399995803833 15.2700004446332 15.460000038147 15.7700004577637 16.0499992370605 16.0799999237061 16.1299991607666 16.3799991607666 16.4799995422363 16.3500003814697 16.1299991607666 16.2299995422363 16.1800003051758 16.1000003814697 16.1299991607666 16.3099994659424 16.3700008392334 16.4200000762939 16.3999996185303 16.3299999237061 16.1900005340588 16.1599998474121 15.1899995803833 14.289999961853 14.75 15.0500001907349 15.5500001907349 15.6999998092651 15.6300001144409 16.1599998474121
-9999 -9999 -9999 -9999 7.65999984741211 11.3699993186604 11.0900001525879 11.6199998855591 12.3500003814697 13.0799999237061 13.7299995422363 13.7200002670288 14.3400001525879 14.5 14.7700004577637 14.9200000762939 14.9399995803833 14.9099998474121 14.789999961853 14.6400003433228 14.8100004196167 15.4399995607087 15.5500001907349 16.2800006864628 16.2800006866455 16.6499996185303 16.3799991607666 16.3099994659424 16.3500003814697 16.3700008392334 16.1599998474121 16.1900005340576 16.2000007629395 16.4400005340576 16.7099990844727 16.7299995422363 16.6200008392334 16.3700008392334 16.1800003051758 14.7600002288818 13.9499998092651 15.0699996948242 15.4200000762939 16.1499996185303 16.4300003051758 16.4400005340576 16.6800003051758
-9999 -9999 -9999 -9999 8.23999977111817 6.63000011444092 9.56999992521342 10.6400005698116 11.8900003433228 12.0500001907349 12.4300003051758 12.9200000762939 13.3400001525879 14.0200004577637 14.6199998855591 14.7700004577637 14.9399995803833 14.8999996185303 14.460000038147 14.5799999237061 14.6499996185303 15 15.6999998081181 16.3199996948242 16.440000533811 16.4599990844727 16.4599990844727 16.3199996948242 16.2600002288818 16.4200000762939 16.4300003051758 16.4200000762939 16.4799995422363 16.7000007629197 16.9300003051758 17.0300006866455 16.8799991607666 16.5599994659424 16.25 15.2200002670288 14.8999996185303 15.75 16.4799995422361 16.6900005340576 16.8799991607666 17.0799999237061 17.2700004577637
-9999 -9999 -9999 -9999 6.98999977111816 7.6399998664856 7.26999998092651 9.81000102313581 11.75 11.8000001907349 11.7299995422363 12.1999998092651 12.5699997307068 13.8299999237061 14.3999996185303 14.710000038147 14.69999980913 14.6199998855591 14.0200004577637 14.3699998855591 14.5500001907349 14.909999846594 15.6199998805317 15.8800001144409 16.2000007629394 16.2999992370605 16.5799999237061 16.4400005340576 16.4200000762939 16.4099998474121 16.4899997711182 16.4899997711182 16.6399993896484 16.8500003814697 17.1599998474121 17.4300003051758 17.25 16.9300003051758 16.6700000762939 16.1700000762939 16.1599998474121 16.7000007629395 17.0799999237059 17.0499992370605 17.2299995422363 17.4400005340576 17.7600002288818
-9999 -9999 -9999 -9999 6.71999876752849 6.13000011444092 6.69999980926514 10.8299999237061 11.1000003814697 12.210000038147 11.8000001907349 12.3900003433228 13.1999998092651 13.6000003814697 13.75 14.6899995803833 14.6099996566772 14.3500003795529 13.9099998473489 14.3500003814697 14.5600004191177 14.8199996948242 15.4700002670288 15.7600002288818 16.1700000762939 16.2600002288818 16.4699993133545 16.4099998474121 16.4300003051758 16.4799995422363 16.7000007629395 16.8199996948242 17 17.2399997711182 17.4699993133545 17.8400001525879 17.7099990844727 17.4200000762939 17.2600002288818 17.0400009155273 17.0100002288818 17.3600006103516 17.5200004577637 17.3099994659424 17.5200004577637 17.7700004577637 18.0599994659424
-9999 -9999 -9999 -9999 5.86999988555908 5.30999994277954 6.53999996185303 8.22000026702881 13.5900001525879 12.8100004196167 12.1700000762939 12.2700004577637 12.4799995422363 13.0799999237061 14.0600004196167 14.3000001907349 14.4899997711182 13.5699996948242 13.8000001907349 14.0500001907349 14.1899995803833 14.6199998855591 15.1800003051758 15.5900001523396 16.1900005340576 16.4500007629395 16.3600006103516 16.25 16.4400005340576 16.5499992370605 16.9699993133545 17.1200008392334 17.2199993133545 17.4799995422363 17.6000003814697 17.9099998474121 17.9200000762939 17.8099994659424 17.7800006866455 17.7000007629394 17.5100002288818 17.5200004577637 17.6299991607666 17.5100002288818 17.6200008392334 17.9799995422363 18.1399993896484
