SnowAccumulation_R/test/tmax/final_tmax_19_04_2009.asc
NCOLS 97 
NROWS 69 
XLLCORNER 52512.810182332 
YLLCORNER 5316225.2758522 
CELLSIZE 10000 
NODATA_value -9999 
[rows 0 to 20 of 69, columns 47 to 93 of 97]
-9999 -9999 -9999 -9999 -9999 -9999 -9999 -9999 -9999 -9999 -9999 -9999 -9999 -9999 -9999 -9999 -9999 -9999 -9999 -9999 -9999 -9999 -9999 -9999 -9999 -9999 -9999 -9999 -9999 -9999 -9999 -9999 -9999 -9999 -9999 -9999 -9999 -9999 9.40999984741211 9.10999965667725 8.78999996185303 8.55000019073486 8.39000034332275 8.06999969482422 -9999 -9999 -9999
-9999 -9999 -9999 -9999 -9999 -9999 -9999 -9999 -9999 -9999 -9999 -9999 -9999 -9999 -9999 -9999 -9999 -9999 -9999 -9999 -9999 -9999 -9999 -9999 12.9200000762939 12.6000003814697 12.1099996566772 11.8800001144409 12.0900001525879 12.1800003051758 12.0799999237061 11.8100004196167 11.6400003433228 11.3000001907349 10.8999996185303 10.279999890568 10 9.89000015594265 9.59000015258789 9.22999954223633 8.94999980926514 8.75 8.5 8.18000030517578 -9999 -9999 -9999
12.8699998855591 12.9700002670288 13.1099996566772 12.9899997711182 13.0500001907349 13.2299995422363 13.3199996948242 13.289999961853 13.5100002288818 13.539999961853 13.6000003814697 13.539999961853 13.439999580306 13.1599998474121 13.1400003433228 13.25 13.2200002670288 13.1700000762939 13.1199998854463 12.9700002670288 13 13.0299997329712 13.079999919123 13.1000003812815 13.0600004196167 12.8299999237061 12.2799997329712 11.7700004577637 11.8599996566772 12.1599998474121 12.1199998855591 11.9399995803833 11.7799997329712 11.460000038147 11.130000164679 10.9200000762939 10.3200000039994 10.1700000762939 9.8100004196167 9.32999992370605 9.18000030517578 8.86999988555908 8.5 8.1899995803833 -9999 -9999 -9999
13.170000076294 13.1099996566772 13.210000038147 13.0200004577637 13.0900001525879 13.25 13.3199996948281 13.3900003433228 13.25 13.4799995422363 13.4899997711182 13.3599996566772 13.1800003051758 12.789999961853 12.5600004196167 13.0500001907349 13.1499996185303 13.1300001144409 13.0600004196167 12.9499998092651 12.8500003814697 13.0200004501065 12.9700002670288 13.0500001907349 13.0900001525879 13.0500001907349 12.5600004196167 11.9700002670288 12.090000142524 12.3299999237061 12.4200000762939 12.1000003814697 11.9099998474121 11.5799999237061 11.4399995803833 11.0800000104752 10.7299995422363 10.3299999237061 9.90999984741211 9.71000003814697 9.27999973297119 8.94999980926514 8.47999954223633 8.14000034332275 -9999 -9999 -9999
13.4099998474121 13.3800001144409 13.1499996185303 13.1499996185303 13.1000003814697 13.2299995422363 13.3599996566827 13.5699996948242 13.3500003814697 13.25 13.2399997711182 13.1899995803833 13.039999961853 12.8699998855591 12.8199996948242 12.9700002670288 13.0600004196167 13.0900001525721 13.1099996566772 12.9700002670288 12.8400001525879 12.8199996948242 13.1199998854527 13.1199998855591 13.1599998474121 13.1400003433228 12.9200000762939 12.3699998855591 12.1899995803833 12.4499998092651 12.5100002288818 12.2799997329712 12.1099996566772 11.8900003433228 11.3700000634461 11.1899995803833 10.8400001525879 10.4200000762939 9.989999966076 9.81999969482422 9.38000011444092 8.93000030517578 8.64000034332275 8.27000086277699 -9999 -9999 -9999
13.4499998092651 13.5500001907349 13.5200004577637 13.4200000762939 13.4499998092651 13.5600004196167 13.4799995422363 13.6199998855591 13.5100002288818 13.3999996185303 13.3800001144409 13.2899999618455 13.1700000762939 13.0600004196167 13 12.6800003051758 12.8599996566772 13.0299997329712 13.140000344601 13.0299997329712 12.8900003433228 12.8000001907349 12.9200000762939 13.1999998092651 13.1899995803833 13.1499996185303 13.1700000762939 13.0699996948242 12.7299995422363 12.6599998474121 12.6999998092651 12.5200004577637 12.2799997416201 12.1499996185303 11.9499998092651 11.4499998092651 10.9700002670288 10.5400000904977 10.3199996948242 9.94999980926514 9.46000003814697 8.98999977111816 8.67000031127684 8.5600004196167 -9999 -9999 -9999
13.5699996948242 13.6899995803833 13.539999961853 13.6000003814697 13.8999996185303 14.1499996185303 14.1599998474121 13.8900003433228 13.8599996566772 13.6099996566772 13.4099998474121 13.3699998855854 13.2200002670288 13.2200002670288 12.9099998474121 12.6300001144409 12.7200002689691 12.6099996566772 13.0200004577637 13.0500001907349 13.0200004577637 12.8000001907349 12.6999998092651 13.2200002670288 13.2700004577637 13.2399997711182 13.2200002670288 13.25 13.1400003433228 13.0200004577637 12.9099998474121 12.6800003051758 12.5699996948242 12.6700000762939 12.2299995422363 11.7700004577637 11.210000038147 11.0100002288818 10.5 10.0600004196167 9.56999969482422 9.06999969482422 8.82999992370605 8.53999996185303 -9999 -9999 -9999
13.8500003814695 13.6999998092651 13.4300003051758 13.6800003051758 13.9899997711182 14.3699998855591 14.4499998092651 14.3900003433228 14.1599998474121 13.8599996566772 13.6099996566772 13.5600004196167 13.2700004577637 13.2399997711182 12.9700002682731 13.0200004577637 12.9399995803833 12.75 12.7399997711182 13.0699996948242 13.0299997329712 12.9300003050993 12.6999998092651 13.2299995422363 13.3800001144409 13.3299999237061 13.3100004196167 13.289999961853 13.3699998855591 13.1700000762939 13.1700000762939 13.1199998855591 13.1999998092651 12.9099998474121 12.4700002670288 12 11.7299995422363 11.2399997711182 10.6700000762939 10.1099996566772 9.63000011444092 9.35999965667725 8.92000007629395 8.52000045776367 -9999 -9999 -9999
14.0699996948242 13.6599998474121 13.5600004196167 13.6400003433228 14.1700000762939 14.5799999237061 14.6499996185303 14.6499996185303 14.1700000762939 14.0200004577637 13.789999961853 13.7799997329712 13.5600004199359 13.5900001525879 13.3000001907349 13.0600004196167 12.9899997711182 12.8100004196167 12.8299999237061 12.9300003051758 13 13 12.8500003814697 13.1700000762939 13.3999996185303 13.4799995422363 13.4399995803833 13.3900003433228 13.4099998474121 13.4300003051758 13.4899997686344 13.6700000762939 13.4700002670288 13.2200002670288 12.7799997329712 12.2500000971201 11.9700002670288 11.4099998474121 10.7700004577637 10.25 10 9.5600004196167 9.02999960470721 8.57999992370605 -9999 -9999 -9999
14.0500001907349 13.6499996185303 13.3599996566772 13.5600004196167 14.0600004196167 14.3299999237102 14.6700000762939 14.6300001144409 14.5 14.2600002288818 14.0500001912727 14.2299995422363 14.0699996948242 13.8900003433228 13.4099998474121 13.2200002669329 13.0699996948242 13.0600004196167 12.789999961853 12.6300001144409 12.7899999620596 13.0299997329712 12.9399995803833 13.1899995803833 13.3299999237061 13.4899997711182 13.6400003433228 13.6499996185303 13.6300001144409 13.6099996566772 13.8199996948242 13.8100004196167 13.7399997711182 13.5600004196167 13.0100002288818 12.710000038147 12.0900001525879 11.6300001144409 10.9300003051758 10.4100001448378 10.1099996566772 9.49999993391721 8.98999977111816 8.67000007629395 8.44999980926514 -9999 -9999
13.8900003433228 13.6800003051758 13.4499998092651 13.4899997711182 13.9899997711182 14.2799997329753 14.4799995422573 14.4999999999895 14.460000038147 14.6199998855591 14.6000003814907 14.5100002288818 14.3400001525879 14.1499996185303 14.039999961853 13.6400003433228 13.2399997711182 13.1800003051758 12.8000001907349 12.5600004196167 12.5900001525879 12.6000003814697 12.9200000762939 13.2700004577637 13.3800001139618 13.5 13.6999998092651 13.789999961853 13.7799997329712 13.8699998860989 13.8699998855591 13.9099998474121 13.8000001907349 13.6300001144409 13.4200000762939 12.789999961853 12.3199996948242 11.6899995803833 11.1099996566772 10.7600002288818 10.1000003814697 9.5 8.97999954223633 8.78999996185303 8.43000030517578 -9999 -9999
13.8999996185305 13.6000003814706 13.5100002288833 13.7600002288857 14.1499996185303 14.1700000762939 14.4899997711182 14.4200000762939 14.5299997329712 14.6700000762939 14.6599998474121 14.7200002670288 14.4700002670288 14.3299999237061 14.3000001907349 14.1700000762939 13.5600004196167 13.3999996185303 13.0100002288818 12.7200002670288 12.6099996566772 12.4300003051758 12.7299995422363 13.0699996948242 13.3900003433228 13.6099996566772 13.710000038147 13.8800001144409 13.9899997711182 13.960000038147 13.8900003433228 13.9099998474121 13.8299999237061 13.6199999227001 13.5 12.8800001144409 12.3800001144409 11.7600002288818 11.4200000762939 10.8199996948242 10.1300001144409 9.4399995803833 8.89000084333751 8.6899995803833 8.3100004196167 -9999 -9999
14.1000003814697 13.9700002670288 14.0600004196167 14.0299997329712 14.3000001907349 14.2600002288818 14.6300001144409 14.7399997711182 14.6199998855591 14.6999998092651 14.6700000762939 14.6000003814697 14.6300001144409 14.5200004577637 14.5100002287761 14.3500003814697 13.9899997711182 13.710000038147 13.4399995803833 13.3100004190889 12.9200000762939 12.6999998092651 12.6499996185303 12.8400001525879 13.3599996566772 13.6999998092651 13.7600002488212 14.0100002288818 14.0799999237061 14.0100002288818 13.960000038147 13.9200000762939 13.960000038147 13.7600002288818 13.3800001144409 12.8800001144409 12.3800001144409 11.82000020039 11.5 10.8599997361941 10.0699996948242 9.35000038146973 9.09000015258789 8.60999965667724 8.1899995803833 -9999 -9999
13.8100004196167 14.0900001525879 14.1300001144409 14.1999998092651 14.4099998474121 14.5500001907349 14.2799997329712 14.3299999237061 14.8299999237061 14.7299995422363 14.7200002670288 14.6800003051758 14.6700000762939 14.6899995803833 14.6700000761875 14.5 14.3100004196167 14.1099996566772 13.8299999237061 13.6899995803833 13.2700004577637 13.0100002288818 12.9399995803833 13.0799999237061 13.5500001907349 13.8599996752494 14.0200004577637 14.1400003433228 14.0500001907349 14.0500001907349 14.0600004196167 14.0600004196167 14.0100002288818 13.6999998092651 13.2700004577637 12.7600002288818 12.5299997329712 12.3100004196167 11.6099998326818 11.0299997329712 10.0699996948242 9.69999980926514 9.06999969482422 8.57999992370605 8.06999969482422 -9999 -9999
14.0100002288818 13.7700004577637 14.2399997711182 14.5100002288818 14.6199998855591 14.5 14.3199996948242 14.1999998092651 14.539999961853 14.3699998855573 14.5100002288818 14.8100004196167 14.8199996948242 14.7299995422363 14.6099996566772 14.6700000762939 14.3800001144409 14.1300001144409 14.1000003812995 13.8000001907349 13.4399995803833 13.2299995422363 13.25 13.4200000762939 13.8699999097331 14.1099996566772 14.2200002670288 14.1899995803833 14.0500001907349 14.1400003433228 14.210000038147 13.9899997711182 13.8699998855591 13.7700004577637 13.3500003814697 13.039999961853 12.789999961853 12.460000038147 11.75 11.1300001144409 10.2800001966903 9.89000034332275 9.15999984741211 8.60000038146973 7.9800000190761 -9999 -9999
14.0200004577637 13.9899997711182 14.1700000762939 14.3800001144409 14.5100002288818 14.4899997711182 14.5900001525879 14.3400001525879 14.2799997329712 14.3699998855591 14.539999961853 14.6400003433228 14.539999961853 14.4899997711182 14.6800003051758 14.8500003814697 14.4700002670288 14.2799997329712 14.1700000762939 13.9899997711182 13.8100004196167 13.6099996566772 13.6300001144409 14.1499996185303 13.8800001144409 14.2600002288818 14.210000038147 14.1199998855591 14.1599998474121 14.2600002288818 14.2600002288818 14.210000038147 14.0299997329712 13.7600002288818 13.5200004577637 13.0100003182035 12.9399995803833 12.7399997711182 12.0600004196167 11.3199996948242 10.9200000762939 10.1400003433228 9.34000015258789 8.71000003814697 8.34000015258789 -9999 -9999
13.9200000762939 14.1700000762939 14.3199996948242 14.3999996185303 14.5200004577644 14.6000003814697 14.7399997711182 14.4799995422363 14.2799997329712 14.2700004577637 14.3400001525879 14.4399995803833 14.4300003051758 14.3900003432707 14.460000038147 14.7399997711182 14.789999961853 14.3299999237061 14.25 14.2200002670288 14.0799999237061 13.9300003142144 14.1000003814697 14.1999998092651 14.1800003051758 14.4200000762939 14.2100000384525 14.1999998092651 14.2200002670288 14.3299999237061 14.3599996566772 14.289999961853 14.1300001144409 13.8900003433228 13.6499996185303 13.4399995803833 13.4499998092651 13.1199998855591 12.4700002670288 12.0600004196167 11.1800003051758 10.3999996185303 9.57999992370606 9.18000030517578 8.5 -9999 -9999
13.9499998092651 14.1800003051758 14.3699998855591 14.5 14.6000003814706 14.5299997329712 14.6700000762939 14.6999998092651 14.5900001525879 14.4099998474121 14.25 14.2799997329712 14.3100004196167 14.2799997329712 14.1899995803833 14.3199996948242 14.3299999237061 14.5799999238406 14.4799995422363 14.1700000762939 14.2399997690726 14.3000001907349 14.289999961853 14.2299995422363 14.2299995422363 14.3900003433228 14.3000001907349 14.2600002288818 14.3000001907349 14.4300003051758 14.4300003051758 14.3299999237061 14.1000003814697 13.8900003433228 13.8000002451042 13.6999998981663 13.5900001525879 13.5299997329712 12.7900002099857 12.3599996566772 11.4399995803833 10.6700000762939 9.86000034605883 9.44999980926514 8.72999954223633 -9999 -9999
14.1499996185303 14.1599998474121 14.3299999237061 14.3299999237061 14.4399995803846 14.6099996566772 14.6000003814697 14.5900001525879 14.8199996948242 14.6099996566772 14.3100004196167 14.1000003814697 14.1800003051758 14.1400003433228 13.9899997711182 13.8999996185303 13.7700004577637 13.8199996948242 14.5399999426629 14.289999961853 14.4499998092651 14.4200000761658 14.4300003051758 14.4700002670288 14.3900003433228 14.3699998860853 14.3500003814697 14.3400001525879 14.3800001144409 14.4899997711182 14.4499998092651 14.1999998092651 14.1000003814697 13.9899997711182 13.939999566819 13.8199996948242 13.7799997329712 13.6800003051758 13.3000001907349 12.460000038147 11.6599998474121 10.9300003051758 10.5 9.72000026702881 9.02000045776367 -9999 -9999
14.289999961853 14.3599996566772 14.3500003814697 14.5500001907349 14.5600004196167 14.7799997329712 14.539999961853 14.6000003814697 14.6700000763019 14.5699996948242 14.4700002670288 14.2700004577637 14.1700000762939 14.1199998855591 13.8199996948242 13.8400001525879 13.6000003834658 13.7299995422363 13.539999961853 13.6499996185303 14.2399997711182 14.4799995422363 14.6099996566772 14.6800003051758 14.6199998855591 14.5200004577637 14.4200000762939 14.4399995803833 14.5299997329712 14.5600004196167 14.3900003433228 14.210000038147 14.1999998092651 14.0699996154738 13.8999996185303 13.8400001525879 13.7600002288818 13.7200002670288 13.210000038147 12.539999961853 11.8299999237061 11.4899997711182 10.75 10.0100002288818 9.29000074867619 9.22999954223633 -9999
14.5500001907349 14.5600004196167 14.5500001907349 14.7200002670288 14.7799997329712 14.8900003433228 14.6499996185303 14.6499996185303 14.5900001525766 14.4799995422363 14.5799999237061 14.3599996566772 14.2600002288818 14.2200002670288 14.0699996952962 14 13.9799995422363 13.8699998855591 13.6499996185303 13.5699996948242 14.2799997329712 14.4099998474121 14.5799999237061 14.6800003051758 14.6700000762939 14.5799999237061 14.5 14.5500001907349 14.6000003814697 14.4399995803833 14.3500003814697 14.1000003814697 14.0100002241662 13.8199996948242 13.8299999237061 13.8299999237061 13.6300001144409 13.5799999237061 13.1400003433228 12.5900001525879 12.0100002288818 11.7200002670288 11.0200004577637 10.2700004577637 9.78000053085173 9.44999980926514 -9999
