SnowAccumulation_R/test/tmax/final_tmax_21_04_2009.asc
NCOLS 97 
NROWS 69 
XLLCORNER 52512.810182332 
YLLCORNER 5316225.2758522 
CELLSIZE 10000 
NODATA_value -9999 
[rows 21 to 41 of 69, columns 47 to 93 of 97]
19.3400001525879 19.2600002288818 19.1700000762939 19.0100002288818 18.9599990844727 18.75 17.9400005340576 17.4099998474121 17.1599998474121 16.6399993896484 16.4400005340576 15.5500001907349 15.2799997337274 15.1300001144409 14.8299999237061 14.4799995422363 14.3500003812234 13.960000038147 13.539999961853 13.3599996566772 13.5900001533123 13.9099998474121 14.1800003051758 14.3199996948242 14.3699998855647 14.4499998092651 14.4399995803833 14.8199996948242 14.9200000762939 14.6000003814697 14.5299997329712 14.399999661481 14.3900003433228 14.3699998855591 14.25 14.210000038147 14.1800003051758 14.1199998855591 13.9300003051758 13.7600002288818 13.710000038147 13.5500001907349 13.25 12.9300003051758 12.8000001907349 12.6099996566772 -9999
19.3600006103516 19.3400001525879 19.1200008392334 19.0699996948242 19.1000003814697 18.5400009155273 18.0599994659424 17.5499992370606 17.3500003814697 16.8500003814905 16.3899993897834 16 15.8199996948242 15.3900003433228 15.0299997329712 14.7700004577637 14.6199998855591 14.2600002288818 13.7799997329712 13.710000038147 13.9200000762939 14.1300001144409 14.3199996948242 14.4099998474121 14.539999961853 14.710000038147 15.1099996566772 15.5900001525879 15.3199996948242 14.9499998092651 14.7200003442311 14.6700000762939 14.5699996948242 14.4399995803833 14.289999961853 14.1400003433228 14.0799999237061 13.9799995422363 13.8100004196167 13.7399997711182 13.7200002670288 13.6300001144409 13.2700003935207 12.930000895305 12.8100004196167 12.6700000762939 -9999
19.2099990844727 19.3899993896484 19.2800006866455 19.1000003814697 18.9400005340576 18.7499999999812 18.2499999999988 17.8199996948242 17.6100006103516 17.1399993896484 16.7399997711182 16.2000007629395 16.0599994659424 15.5799999237061 15.1899995803833 14.8400001525879 14.6899995803833 14.4700002670288 14.1800003051758 14.1199998855591 14.1700000762939 14.3500003814697 14.4099998474121 14.539999961853 14.710000038147 14.9200000762939 15.4899997711182 15.6300001153528 15.4899997711182 15.1899995830192 15.0299997329712 14.8100004780961 14.6999998092651 14.4399995803833 14.1999998092651 14.0699996948242 13.9399995803833 13.8500003814697 13.710000038147 13.6700000762939 13.6400003433228 13.5600000147153 13.0900001525879 12.9399995803833 12.6999998092651 12.6300001144409 -9999
19.0499992370612 19.1599998474127 19.0599994659424 18.9899997711182 18.8799991607666 18.4400005340576 18.2399997711182 17.8299999237061 17.7000007629395 17.3500003814697 16.8999996185303 16.4599990844727 16.2000007629395 15.8699998855591 15.3599996566772 14.9799995422363 14.8500003814697 14.5500001907349 14.4499998092651 14.3800001146108 14.5200004577637 14.539999961853 14.5299997329712 14.569999695109 14.8199996948242 15.0100002288818 15.4799995422363 15.5500001907349 15.4399995567628 15.1400003433228 15 14.9200000762939 14.7299995422363 14.4799995422363 14.1300001144409 13.9799995422363 13.8199996948242 13.7200002670288 13.6000004131919 13.5699996948242 13.4899997711182 13.1899995803833 13.0900001525879 12.8199996948242 12.5100002288818 12.5500001907349 -9999
19.1900005340576 19.5100002288818 19.2800006866455 19.1000003814697 19 18.6499996185303 18.3600006103516 17.9699993133545 17.8099994659424 17.4300003051758 17.0200004577637 16.8999996184513 16.5 16.2000007629395 15.7399997711182 15.4899997707046 14.9799995422363 14.7600002288818 14.5799999237061 14.7299995422363 14.5799999237061 14.6899995803833 14.6700000762939 14.6700000762939 14.8500003814697 15.0600004196167 15.3800001144409 15.3199996948242 15.2200002670288 14.8900003433228 14.7799997355839 14.7399997711182 14.710000038147 14.5100002288818 14.3500003814697 13.9399995803833 13.7299995422363 13.6000003814697 13.5299997329712 13.4200000762939 13.2200002670288 13.090000152588 12.9899997711182 12.6099996566772 12.3100004196167 12.3500003814697 -9999
19.1299991607666 19.3999996185303 19.5699996948242 19.25 19.1900005340576 18.8799991607666 18.4899997711182 18.3600006103399 17.9799995422363 17.5900001525879 17.2199993133545 17.0799999236269 16.75 16.5599994659424 16.3099994659424 16.0799999237061 15.4799995422363 15.0900001525879 15.0500001907349 15.0500001907349 14.960000038147 14.8299999237061 14.8000001907349 14.8000001907349 14.8199996948242 15.010000219838 15 15.0600004196167 15.1199998855591 14.5 14.4499998092651 14.4200000762939 14.5200004577637 14.4899997711182 14.3599996566772 13.9399995803833 13.6700000762939 13.5000000270977 13.4300003051758 13.2799997522291 13.1700000762939 13.1199998855591 12.8900003433228 12.4700002670288 12.3500003814697 12.3999996185303 -9999
19.4099998474121 19.5599994659424 19.7099990844727 19.6599998474114 19.3899993896484 19.1399993896484 18.7399997711182 18.4999999999843 18.2000007629395 17.75 17.3999996185303 17.2600002288818 16.9200000762939 16.7199993133545 16.3600006103516 16.3500003814697 15.9099998474121 15.5699996948242 15.460000038147 15.3699998855591 15.1599998474121 14.9499998092651 14.9399995802794 14.8500003814697 14.7899999609572 14.8500003814697 14.8999996185303 14.9399995803833 15.0100002288818 14.6899995803833 14.6199998855591 14.5100002288818 14.4799995422363 14.4899997711182 14.3699998855591 14.0299997329712 13.6599998474121 13.6000003814697 13.4200001556677 13.289999961853 13.1899996121735 13.1199998855591 12.8199996948242 12.539999961853 12.5200004577637 12.6000003814697 -9999
19.7800006866455 19.8199996948242 19.6700000762939 19.5699996948246 19.8799991607666 19.25 18.9200000762939 18.7299995422363 18.4200000762939 17.9400005340576 17.5699996948242 17.4500007629395 17.2299995422363 16.8299999237061 16.4200000762939 16.3799991607666 16.4599990844727 16.0699996948242 15.9099998470772 15.6199998855591 15.3100004196167 15.0600004196167 14.960000038147 14.8299999237061 14.7399997711182 14.6999998092651 14.7600002288818 14.8000001907349 14.9499998092651 15.0200004577637 14.8500003814697 14.6899995803833 14.6999998092651 14.6700000762939 14.4499998092651 14.3100004196167 13.909999897655 13.7399999829337 13.6499996185303 13.4499998092651 13.3500003814697 13.1199998855591 12.8599996566772 12.7200003584274 12.7200002670288 12.8299999237061 -9999
19.9899997711182 19.9699993133545 19.8999996185303 19.7099990844728 20.1000003814697 19.5699996948242 19.1299991607666 18.8700008392334 18.5300006866455 18.1700000762939 17.7600002288818 17.6299991607666 17.4799995422363 17.0900001525879 16.8700008390359 16.6599998474121 16.6499996185303 16.3799991607666 16.2199993133545 15.8000001907349 15.5 15.2500000111338 15.289999961853 14.8299999237061 14.7399997711182 14.789999961775 14.6499996185303 14.6499996185303 14.8999996185303 15.0699996948242 15.0500001907349 15.0200004577637 15.0399999602865 15.0600004196167 14.7399997711182 14.6999998092651 14.5400005076491 14.5200004577637 14.039999961853 13.6700001829718 13.5200004577637 13.2200002670288 13 12.960000038147 12.9200000762939 12.960000038147 12.9899997711182
20.0699996948242 20.1499996185303 20.1399993896484 20.2000007629395 20.2000007629395 19.8400001525879 19.2999992370606 18.9899997711182 18.7600002288818 18.5 18.0799999237061 17.8600006103516 17.6000003814697 17.4300003051758 17.2299995422363 17.0799999237061 16.7299995422363 16.5100002288818 16.4500007629395 16.0900001525879 16.0900001525879 15.9099998465017 15.460000038147 14.9899997711182 14.8299999237061 14.9700002670288 14.7700004577637 14.6999998092651 14.9200000744188 15.1199998855591 15.289999961853 15.3999996185303 15.4700002670288 15.6300001144409 15.2700004577637 15.3000007782568 16.1299991607666 15.4399995803833 14.6300001144409 14.2700004577637 13.7200002670288 13.460000038147 13.2500001513929 13.2200002670288 12.9700002670288 13.0299997329712 13.1800009270613
20.2900009155273 20.1499996185303 20.0200004577637 20.2700004577637 20.2900009155273 20.0799999237061 19.5 19.3299999237061 18.8400001525879 18.75 18.6399993895833 18.1200008392334 17.9300003051758 17.7399997711182 17.6299991607666 17.6900005340576 17.1499996185303 16.9799995422363 16.829999929101 16.7000007629395 16.3799991607666 16.1800003051758 15.5799999237061 15.1300001144409 14.8999996185303 14.9899997711182 15.1000003814697 14.8299999237061 14.8800001144409 15.210000038147 15.5600004196167 15.8100004196167 15.9499998092651 16.2700004577637 16.1700000762939 17.1000003814697 17.1800003051758 16.3999996185303 15.3100006640068 14.8599996566772 13.9899997711182 13.789999961853 13.75 13.5500001907349 13.2799997329712 13.3199995223436 13.5699996948242
20.5900001525879 20.3799991607666 20.3700008392334 20.3600006103516 20.4200000762939 20.2800006866455 19.8400001525879 19.5799999237061 19.0300006866455 18.9599990844727 18.9200000762559 18.5499992370605 18.2999992370605 18.0499992370605 17.9899997711182 17.9300003051758 17.5599994686462 17.6800003048014 17.3299999237061 17.0300006866455 16.6100006103516 16.3400001525879 15.6499996185303 15.1899995803833 14.9999999997719 14.9799995422363 15.1899995803833 15.0500001907349 15.039999961853 15.4099998474121 15.8999996185303 16.0799999237061 16.4400005340576 16.9200000762939 18.0799999237061 18.2600002288818 18.3199996948242 17.3400001525879 16.7000007629395 15.5 14.1400003433228 14.2399997270147 14.1599998474121 14.039999961853 13.8000001907349 14.1799992737033 13.9399995803833
20.8500003814697 20.8600006103516 20.7000007629395 20.5200004577637 20.5100002288818 20.2099990844727 20.1100006103516 19.8999996185303 19.4599990844727 19.2700004577637 19.25 18.8400001525879 18.6499996185303 18.3799991607666 18.3099994675021 18.4899997711182 17.8299999237061 17.7299995422363 17.5300006866455 17.2000007629395 16.6499996185303 16.3700008392334 15.8900003433228 15.5799999237061 15.4499998092651 15.3599996566772 15.4300003051758 15.4200000763339 15.3800001144409 15.6999998092651 16.2399997711182 16.3999996185303 16.7900009155273 17.8600006103516 18.4599990844727 19.2900009155273 19.4400005340576 18.1000003814697 17.4200000762939 16.1000003814697 15.0299997329712 14.7600002288818 14.6599998474121 14.5600004196167 14.4900010357205 14.7799997329712 14.4200000762939
21.0300006866455 21.1299991607666 20.9400005340585 21.0100002288805 20.6000003814697 20.5100002288818 20.6299991607643 20.2000007629395 19.8400001525879 19.6000003814697 19.5699996948242 19.0300006873786 18.9300003058961 19.13999938957 18.9500007629395 18.7900009155273 18.3400001525879 17.9899997711182 17.9099998474121 17.2600002288818 16.7999992364643 16.5 16.1800003051758 16.0400009155273 15.9399995803833 15.7700004577637 15.8000001907349 15.7799997329712 15.8100004196167 16.1499996185303 16.6299991531968 16.8300000466506 17.6200008392334 18.0599994659424 18.4300003051758 19.4899997711182 19.6700000762939 19.0300006866455 17.7600002288818 16.5599994659424 15.6300003986952 15.2799997329712 15.039999961853 15.0500001907349 15.3599996566772 15.3000001907349 14.8800001144409
21.0900001525879 21.1200008392334 21.1200008392334 21.0100002288839 20.9200000763026 20.8299999237061 20.7700004577669 20.5699996948242 20.2199993135141 19.9799995423723 19.9599990844727 19.5799999237061 19.6900005340576 19.6200008391232 19.3600006103516 19.0900001525879 18.6800003051758 18.4400005340576 18.1800003051758 17.3500003814697 16.9799995422363 16.7700004577637 16.5100002288818 16.1499996282208 16 15.9399995803833 16.1100006103516 16.0100002288818 16.0900001525879 16.4500007629395 16.7000007985371 17.1599998474121 17.7999992370606 18.2000007514743 18.3600006103516 18.9899997711182 18.9500007629395 18.5499992370605 17.6700000762939 16.7600002288818 16.2999992370605 15.6300001144409 15.3500003814697 15.5600004196167 15.5799999237061 15.5100002288818 15.2799997329719
21.7000007629395 21.5499992370605 21.4599990844727 21.4200000762939 21.3899993896484 21.5100002288854 21.3999996185244 21.1100006103516 20.7800006866455 20.4699993133545 20.3199996948242 20.0300006866455 19.7900009155273 19.8299999237061 19.5 19.3899993896484 19.1800003043112 18.6000003814697 18.2999992370605 17.5699996948242 17.1499996185303 17.1599998474121 17.0699996948242 16.8799991607666 16.4799995422363 16.2999992370606 16.3899993896484 16.2299995422363 16.3400001525879 16.6900005699679 17.0200004577637 17.2000007629395 17.5699996948242 17.8199996948242 18.2399997711182 18.3500003814697 18.2999992370605 17.9699993133545 17.2700004577637 16.7399997711182 16.4400005340576 15.8500003814697 15.319999984848 15.210000038147 15.210000038147 15.3299999237061 15.2600002288818
21.8400001525879 21.6800003051758 21.6000003814697 21.5400009155273 21.5100002288818 21.75 21.6000003814697 21.3199996948242 21.0200004577637 20.6399993896484 20.5 20.1900005340576 19.9599990844727 19.8999996185303 19.9200000762939 19.6000003814697 19.350000380782 18.7600002288818 18.3899993896484 17.9699993133545 17.5900001525879 17.5300006866455 17.2099990844727 17.3199996948242 17.2800006866455 16.9599990844727 16.8999996185303 16.5400009155273 16.5799999694288 16.9899997700454 17.1200008392334 17.2999992370605 17.3899993896484 17.4699993133545 17.75 17.8400001525879 17.6299991607666 17.2600002288818 16.8700008392334 16.6399993896484 16.2000007629395 15.9099996010552 15.3800002996261 15.2299995422363 15.0699996948242 15.1499996185301 15.210000038147
22.9599990844727 22.3400001525879 22.2600002288818 21.9799995422363 21.6499996185303 22.0200004577637 21.8099994659424 21.4699993133545 21.2700004577637 21.1100006103208 20.7299995422363 20.3899993896484 20.1800003051758 20.0900001525879 19.8299999237061 19.7000007629395 19.6000003814697 19.1000003814697 18.6700000762939 18.5799999235374 18.2700004577637 17.9099998474121 17.9899997711182 17.9599990844727 17.5900001525879 17.0499992370605 16.7000007629395 16.7800007029375 17.0799999237061 17.0799999237061 17.2099990844727 17.2700004577637 17.3799991607666 17.2700004577637 17.3199996948242 17.3099994735353 17.1399993896484 16.6100006103516 16.4599990844727 16.3099994659424 16.0300003961185 15.5100002288818 15.4200000762939 15.289999961853 15.1700000762939 15.1400003433228 15.1000003814697
24.1399993896484 23.5400009155273 23.4799995422363 23.4099998474121 23.3400001525879 22.2999992370605 22.1499996185303 21.75 21.4599990844727 21.4099998473813 21.0400009155273 20.6800003051758 20.4300003051758 20.2999992370605 19.9899997711182 19.8799991607666 19.7399997711182 19.2700004577637 18.8500003814697 18.7199993133545 18.3299999237061 18.2199993133545 18.3099994651543 17.7600002288818 17.3299999237061 17.1000004142256 17.3600006103516 17.0400009155273 17.0499992370605 17.0100002288818 17 17.25 17.2900009155273 17.2199993133545 16.9799995422363 16.9200000762939 16.5900001525879 16.0900001525879 16.0900001525879 15.8900003433228 15.5699996948242 15.3999996919182 15.3199996948242 15.3000001907349 15.289999961853 15.2600002288818 15.1899995803833
24.3600006103516 24.2999992370605 23.6800003051758 23.6200008392334 23.5499992370606 22.5400009155273 22.4099998474121 22.1100006103516 21.8299999237061 21.7000007629395 21.3299999237061 20.9400005340576 20.7800006865651 20.5100002288818 20.2299995422363 20.0100002288818 19.7900009155273 19.3500003814697 18.8899993896484 18.6900005340576 18.4099998474121 18.2299995422363 18.1100006103516 17.8899993896484 17.5799999580667 17.8400001514366 17.5300006866455 17.4699993133545 17.3099994662562 17.1800003051758 17.0699996948242 17.1000003814697 17.1399993896484 17.0100002288818 16.8299999237061 16.6499996185303 16.25 15.8999996185303 15.8500003814697 15.539999961853 15.3999996185303 15.3299999237061 15.210000038147 15.3100004196167 15.3800001144409 15.4200000762939 15.3199996948242
25.0100002288818 24.4899997711182 24.3400001525879 24.2099990844727 23.8899993896484 22.7999992370605 22.6800003051758 22.3400001525879 22.1299991607666 21.9799995422363 21.5699996948242 21.1800003051758 21.0200004576663 20.7099990844727 20.4799995422363 20.1800003051758 19.9300003051758 19.5599994659424 19.2099990844727 19.0499992370605 18.6800003051758 18.4300003051758 18.2000007629395 18.3500003814697 18.1599998474121 18.0900001525879 17.75 17.6499996185303 17.5699996948242 17.3299999237061 16.9300003051758 16.7600002288818 16.9500007629395 16.4799995422363 16.549999227215 16.5 16.2199993133545 15.9600000654298 15.8199996948242 15.5799999237061 15.3599996566772 15.2600002288818 15.1899995803833 15.3299999237061 15.4300003051758 15.5600004196167 15.5200004577637
