SnowAccumulation_R/test/tmax/final_tmax_05_04_2009.asc
NCOLS 97 
NROWS 69 
XLLCORNER 52512.810182332 
YLLCORNER 5316225.2758522 
CELLSIZE 10000 
NODATA_value -9999 
[rows 21 to 41 of 69, columns 47 to 93 of 97]
10.0699996948242 10.0900001525879 10.0600004196167 9.9399995803833 9.92000007629395 9.67000007629395 8.59000015258789 7.82000017166138 7.46000003814697 6.69999980926514 6.32000017166138 5.17000007629395 4.82000017243929 4.67000007629395 4.46999979019165 4.26999998092651 4.23000001897495 4.01999998092651 3.79999995231628 3.75 3.99000001020319 4.26000022888184 4.46000003814697 4.53000020980835 4.53000020980835 4.42000007629395 4 4.80000019073486 5.1100001335144 4.51999998092651 4.1399998664856 3.61999999879236 3.5699999332428 3.19000005722046 2.6800000667572 2.23000001907349 2 1.53999996185303 1 0.540000021457672 0.389999985694885 0.219999998807907 0.259999990463257 0.379999995231628 0.479999989271164 0.670000016689301 -9999
10.1599998474121 10.1800003051758 9.89999961853027 9.81999969482422 9.86999988555908 9.22999954223633 8.59000015258789 7.86999988555908 7.55999994277954 6.84999990459108 6.17000007636142 5.57000017166138 5.34999990463257 4.8899998664856 4.59000015258789 4.44999980926514 4.36999988555908 4.15999984741211 3.82999992370606 3.88000011444092 4.13000011444092 4.36999988555908 4.57000017166138 4.65999984741211 4.80999994277954 5.01999998092651 5.69000005722046 6.98000001907349 6.25 5.26999998092651 4.56000007788369 4.23000001907349 3.94000005722046 3.46000003814697 2.96000003814697 2.46000003814697 2.20000004768372 1.69000005722046 1.11000001430511 0.630000144920337 0.409999996423721 0.0900000035762787 0.200000195704679 0.469999619437476 0.550000011920929 0.709999978542328 -9999
10.0200004577637 10.2299995422363 10.0200004577637 9.65999984741211 9.47999954223633 9.30000019070581 8.65999984739667 7.94000005722046 7.63999986648559 6.98000001907349 6.40999984741211 5.73000001907349 5.55000019073486 5.01999998092651 4.65000009536743 4.38000011444092 4.28000020980835 4.19000005722046 4.03000020980835 4.07999992370606 4.17999982833862 4.44999980926514 4.57999992370605 4.78999996185303 5.05999994277954 5.48999977111816 6.69999980926514 7.11999988738294 6.67999982833862 5.73999975003174 5.05000019073486 4.44000020117077 4.15999984741211 3.59999990463257 3.08999991416931 2.82999992370605 2.39000010490417 1.89999997615814 1.30999994277954 1.03999996185303 0.560000002384186 0.190000568158021 0.469999998807907 0.5 0.610000014305115 0.740000009536743 -9999
9.88000011444162 9.96000003814753 9.6899995803833 9.48999977111817 9.31999969482422 8.72999954223633 8.42000007629394 7.84000015258789 7.63000011444092 7.1100001335144 6.5 5.92999982833862 5.6100001335144 5.23000001907349 4.71000003814697 4.3600001335144 4.26999998092651 4.05999994277954 4.07999992370606 4.07000017200109 4.34000015258789 4.46999979019165 4.57000017166138 4.67999982883698 5.13000011444092 5.57999992370605 6.5 6.69000005722046 6.38000000707456 5.34999990463257 4.86999988555908 4.63000011444092 4.19000005722046 3.74000000953674 3.22000002861023 2.99000000953674 2.59999990463257 2.13000011444092 1.56000009081776 1.28999996185303 0.819999992847443 0.790000021457672 0.720000028610229 0.670000016689301 0.649999976158142 0.759999990463257 -9999
9.93000030517578 10.2399997711182 9.88000011444092 9.5600004196167 9.39999961853027 8.88000011444092 8.44999980926514 7.8899998664856 7.63999986648559 7.09000015258789 6.51999998092652 6.34999990452996 5.82999992370605 5.46999979019165 4.96999979019165 4.7100000377334 4.21000003814697 4.05999994277954 3.97000002861023 4.19999980926514 4.17000007629394 4.42999982833862 4.55000019073486 4.63000011444092 5.01000022888184 5.46000003814697 6.05000019073486 5.57999992370606 5.34000015258789 4.67999982833862 4.32999993110863 4.17999982833862 4.01999998092651 3.75999999046326 3.58999991416931 3.17000007629395 2.86999988555908 2.35999989509583 2.05999994277954 1.5 1.29999995231628 1.03999996185324 0.939999997615814 0.699999988079071 0.560000002384186 0.620000004768372 -9999
9.60999965667725 9.97999954223633 10.1199998855591 9.65999984741211 9.53999996185303 9.0600004196167 8.48999977111816 8.27000045774582 7.71999979019165 7.15000009536743 6.63000011444092 6.42000007619111 5.98999977111816 5.73999977111816 5.44999980926514 5.19000005722046 4.55000019073486 4.17999982833862 4.23999977111816 4.28999996185303 4.34000015258789 4.3600001335144 4.48000001907349 4.57000017166138 4.73999977111816 5.11999983694821 4.78999996185303 4.82999992370605 4.78000020980835 3.75 3.59999990463257 3.4300000667572 3.52999997138977 3.5699999332428 3.50999999046326 3.27999997138977 3.15000009536743 2.52000010480245 2.21000003814697 1.81999995616478 1.47000002861023 1.35000002384186 1.05999994277954 0.680000007152557 0.620000004768372 0.680000007152557 -9999
9.72000026702881 9.97999954223633 10.1599998474121 10.0799999237049 9.65999984741211 9.23999977111816 8.64999961853027 8.30000019071298 7.84000015258789 7.19999980926514 6.69000005722046 6.48999977111816 6.03000020980835 5.75 5.32000017166138 5.30000019073486 4.82000017166138 4.48000001907349 4.42000007629394 4.38000011444092 4.30999994277954 4.23999977111816 4.32999992384454 4.38000011444092 4.44000002944945 4.25 4.28999996185303 4.23999977111816 4.17999982833862 3.57999992370605 3.39000010490417 3.11999988555908 3.05999994277954 3.11999988555908 3.19000005722046 3.17000007629394 3.05999994277954 2.83999991416931 2.28999991649645 1.87000000476837 1.62000009219158 1.49000000953674 1.12000000476837 0.810000002384186 0.779999971389771 0.870000004768372 -9999
9.94999980926514 10.0799999237061 9.92000007629395 9.78999996185319 9.8100004196167 9.22000026702881 8.71000003814697 8.43000030517578 7.94999980926514 7.26999998092651 6.75 6.55999994277954 6.23999977111816 5.71000003814697 5.21000003814697 5.15000009536743 5.23999977111816 4.80000019073486 4.63000011413177 4.3899998664856 4.23000001907349 4.13000011444092 4.09999990463257 3.82999992370605 3.79999995231628 3.73000001907349 3.74000000953674 3.64000010490417 3.61999988555908 3.60999989509583 3.19000005722046 2.84999990463257 2.8199999332428 2.80999994277954 2.72000002861023 2.95000004768372 2.79999997185513 2.63999988346093 2.17000007629395 1.95000004768372 1.8400000333786 1.53999996185303 1.19000005722046 0.970000165709222 0.959999978542328 1.04999995231628 -9999
9.98999977111816 10.0200004577637 9.93000030517578 9.68999958038345 9.81999969482422 9.40999984741211 8.78999996185303 8.43000030517578 7.92000007629395 7.3899998664856 6.82000017166138 6.6100001335144 6.36000013351441 5.84000015258789 5.55999994251964 5.28000020980835 5.26000022888184 4.96000003814697 4.78000020980835 4.36999988555908 4.23999977111816 4.13000011915135 4.05000019073486 3.57999992370605 3.51999998092651 3.54999995218152 3.22000002861023 3 3.05999994277954 3.15000009536743 2.88000011444092 2.67000007629395 2.59999990541586 2.61999988555908 2.35999989509583 2.65000009536743 2.679999985295 2.32999992370605 2.16000008583069 2.00000005333877 1.91999995708466 1.62999999523163 1.29999995231628 1.19000005722046 1.03999996185303 1.04999995231628 1.10000002384186
9.85999965667724 9.81999969482422 9.77999973297119 9.81999969482422 9.6899995803833 9.52000045776367 8.80000019073486 8.39000034332276 8.02999973297119 7.63000011444092 7.03999996185303 6.73000001907349 6.34000015258789 6.05999994277954 5.78999996185303 5.57000017166138 5.17000007629395 4.94999980926514 4.90999984741211 4.59000015258789 4.65000009536743 4.49999999912752 4.05999994277954 3.52999997138977 3.30999994277954 3.4300000667572 2.98000001907349 2.61999988555908 2.58999991379429 2.6800000667572 2.59999990463257 2.49000000953674 2.47000002861023 2.53999996185303 2.1800000667572 2.4499999787304 2.59999990463257 2.45000004768372 2.23000001907349 2.15000009536743 2.01999998092651 1.79999995231628 1.44000031342357 1.30999994277954 0.870000004768372 0.870000004768372 1.03999907811907
9.85000038146973 9.81999969482422 9.53999996185303 9.8100004196167 9.73999977111816 9.56999969482422 8.84000015258789 8.60999965667725 7.96000003814697 7.78000020980835 7.59999990454568 6.88999986648559 6.57999992370605 6.26000022888184 6.09000015258789 6.09000015258789 5.48000001907349 5.36999988555908 5.26000023353263 5.1399998664856 4.88000011444092 4.69999980926514 4.03999996185303 3.49000000953674 3.11999988555908 3.15000009536743 3.01999998092651 2.35999989509583 2.24000000953674 2.28999996185303 2.35999989509583 2.33999991416931 2.34999990463257 2.46000003814697 2.27999997138977 2.28999996185303 2.64000010490417 2.55999994277954 2.31999998561221 2.29999995231628 2.15000009536743 1.98000001907349 1.85000002384186 1.41999995708466 0.889999985694885 0.76999995936644 0.379999995231628
9.93000030517578 9.89999961853027 9.77000045776367 9.76000022888184 9.77999973297119 9.5600004196167 9.02999973297119 8.71000003814697 8 7.8600001335144 7.78000020975133 7.25 6.86999988555908 6.48000001907349 6.36999988555908 6.19999980926514 5.82999992620957 5.96000003783869 5.67999982833862 5.46999979019165 5.07999992370606 4.80999994277954 4.01000022888184 3.39000010490417 3.09999990411131 2.89000010490417 2.8199999332428 2.23000001907349 2 2.04999995231628 2.25 2.25999999046326 2.26999998092651 2.39000010490417 2.41000008583069 2.4300000667572 2.69000005722046 2.67000007629395 2.55999994277954 2.40000009536743 1.86000001430511 2.08999989652799 1.96000003814697 1.62000000476837 1.10000002384186 0.959999683836377 0.28999999165535
10.0100002288818 10.0299997329712 9.89000034332275 9.77000045776367 9.76000022888184 9.1899995803833 9.13000011444092 8.89000034332275 8.35000038146973 8.07999992370605 8.02999973297119 7.44999980926514 7.15000009536743 6.75 6.6300001157491 6.73999977111816 6.01000022888184 5.94999980926514 5.8600001335144 5.59999990463257 5.07000017166138 4.76999998092651 4.21999979019165 3.75999999046326 3.53999996185303 3.1800000667572 2.88000011444092 2.39000010594418 2.0699999332428 2.01999998092651 2.23000001907349 2.1800000667572 2.15000009536743 2.29999995231628 2.5 2.53999996185303 2.74000000953674 2.76999998092651 2.72000002861023 2.49000000953674 2.19000005722046 2.10999989509583 2.08999991416931 1.83000004291534 1.64000059367623 1.29999995231628 0.519999980926514
10.0500001907349 10.1400003433228 9.84000015258687 9.68999958038347 9.72999954223633 9.26000022888184 9.48999977111661 9.03999996185303 8.64000034332276 8.31999969482422 8.26000022888183 7.51999998156801 7.34000015309909 7.4200000761841 7.17999982833862 7.01999998092651 6.55000019073486 6.19000005722046 6.23999977111816 5.61999988555908 5.13000011399374 4.90000009536743 4.53999996185303 4.28999996185303 4.07000017166138 3.54999995231628 3.16000008583069 2.90000009536743 2.42000007629395 2.32999992370605 2.40000009368525 2.36999997527527 2.50999999046326 2.36999988555908 2.40000009536743 2.60999989509582 2.74000000953674 2.77999997138977 2.8199999332428 2.63000011444092 2.39000019084156 2.23000001907349 2.13000011444092 2.03999996185303 1.99000000953674 1.61000001430511 0.740000009536743
9.97999954223633 9.88000011444092 9.61999988555943 9.68999958038316 9.72999954223446 9.35999965667725 9.38000011444855 9.27999973297119 8.93000030531108 8.60999965673047 8.35000038146973 7.80999994277954 7.94000005722046 7.84999990449091 7.53000020980835 7.26999998092651 6.8600001335144 6.6399998664856 6.48000001907349 5.65000009536743 5.28000020980835 5.17999982833862 4.94999980926514 4.44000007337134 4.1399998664856 3.72000002861023 3.45000004768372 3.07999992370605 2.67000007629395 2.5699999332428 2.59999994023047 2.59999990463257 2.75 2.63000012590593 2.54999995231628 2.71000003814697 2.79999995231628 2.76999998092651 2.83999991416931 2.75 2.59999990463257 2.34999990463257 2.19000005722046 2.19000005722046 1.98000001907349 1.52999997138977 0.899999976160277
9.81999969482422 9.76000022888184 9.71000003814697 9.67000007629395 9.64000034332275 9.89999961851644 9.52999973296923 9.4399995803833 9.19999980926514 8.76000022888184 8.55000019073486 8.14999961853028 7.84000015258789 7.90000009536743 7.53000020980835 7.46999979019165 7.26999997997186 6.69999980926514 6.51999998092651 5.82000017166138 5.36999988555908 5.61999988555908 5.67000007629394 5.46000003814697 4.76999998092651 4.13000011444092 3.73000001907349 3.29999995231628 2.92000007629394 2.81999997813069 2.98000001907349 2.75 2.72000002861023 2.78999996185303 2.86999988555908 2.8199999332428 2.8199999332428 2.88000011444092 2.80999994277954 2.84999990463257 2.77999997138977 2.47000002861023 1.88000041526606 1.62999999523163 1.27999997138977 0.959999978542328 0.649999976158142
9.8100004196167 9.73999977111816 9.69999980926514 9.64999961853027 9.61999988555908 9.46000003814697 9.39999961853027 9.28999996185303 9.09000015258789 8.63000011444092 8.44999980926514 8.0600004196167 7.80000019073486 7.75 7.84999990463257 7.53999996185303 7.28999996112916 6.71999979019165 6.46999979019165 6.17999982833862 5.80000019073486 5.98000001907349 5.75 6.03000020980835 5.71999979019165 4.84999990463257 4.51000022888184 3.61999988555908 3.18000011430881 3.22000003008531 3.17000007629394 3.00999999046326 2.8199999332428 2.78999996185303 2.91000008583069 3.02999997138977 2.94000005722046 2.91000008583069 2.89000010490417 2.82999992370606 2.69000005722046 2.56999984085895 1.97000033075511 1.61000001430511 0.930000007152557 0.449999988080347 0.219999998807907
10.0500001907349 9.82999992370605 9.77000045776367 9.56999969482422 9.59000015258789 9.38000011444092 9.22999954223633 9.02999973297119 8.96000003814697 8.82999992367172 8.39000034332275 8.01000022888183 7.78000020980835 7.71000003814697 7.46000003814697 7.42000007629395 7.38000011444092 6.92000007629394 6.6100001335144 6.61000013371684 6.48000001907349 6.26000022888184 6.53999996185303 6.55000019073486 5.92000007629394 4.82999992370605 4.17000007629394 3.8199999347239 3.69000005722046 3.51999998092651 3.34999990463257 3.16000008583069 3.17000007629395 2.9300000667572 2.98000001907349 3.15000008625614 3.15000009536743 2.99000000953674 2.97000002861023 2.88000011444092 2.72999993983901 2.39000010490417 2.25 1.74000000953674 0.970000028610229 0.600000023841858 -0.109999999403954
10.0600004196167 9.93000030517578 9.85999965667724 9.80000019073486 9.75 9.30000019073486 9.23999977111816 8.96000003814697 8.78999996185303 8.81000041958769 8.4399995803833 8.02999973297119 7.78999996185303 7.65999984741211 7.36999988555908 7.36999988555908 7.26999998092651 6.84000015258789 6.53999996185303 6.51000022888184 6.30000019073486 6.32999992370605 6.51000022819226 5.86999988555908 5.17000007629394 4.61000014603866 4.51999998092651 3.84999990463257 3.58999991416931 3.42000007629395 3.1800000667572 3.28999996185303 3.27999997138977 3.19000005722046 3.04999995231628 3.10999989509582 3.13000011444092 3.0699999332428 3.00999999046326 2.74000000953674 2.49000000953674 2.34999996334282 2.27999997138977 1.78999996185303 1.07000005245209 0.689999997615814 -0.00999999977648258
10.0600004196167 10 9.84000015258789 9.76000022888184 9.69999980926514 9.17000007629395 9.15999984741211 9.02000045776367 8.88000011444092 8.80000019073486 8.4399995803833 8.01000022888184 7.84999990455792 7.59999990463257 7.34999990463257 7.19999980926514 6.98000001907349 6.59000015258789 6.19999980926514 6.07999992370605 5.98000001907349 5.90999984741211 5.82000017166138 5.57999992370605 5.09999991761323 4.98999976925847 4.42999982833862 4.17000007629395 3.78999996259832 3.53999996185303 3.26999998092651 3.23000001907349 3.26999998092651 3.19000005722046 3.1800000667572 3.14000010490417 3.05999994277954 2.94000005722046 2.89000010490418 2.45000004768372 2.22000002861023 2.13000011444092 1.94000005722046 1.62000000476837 1.38999998569489 0.819999992847443 0.180000007152557
10.1800003051758 9.98999977111816 9.76000022888184 9.63000011444092 9.47999954223633 9.09000015258789 9.09000015258789 8.93000030517578 8.89000034332275 8.78999996185303 8.39000034332275 7.96999979019165 7.80999994268212 7.5 7.30999994277954 7.03999996185303 6.76999998092651 6.44000005722046 6.17999982833862 6.07999992370605 5.82000017166138 5.69000005722046 5.42999982833862 5.23999977111816 5.03000020980835 4.92000007629395 4.40999984741211 4.17999982833862 4.01999998092651 3.63000011444092 3.08999991416931 2.86999988555908 3.14000010490417 2.71000003814697 3.03999993723875 3.14000010490417 3.14000010490418 2.96000006046932 2.6800000667572 2.33999991416931 1.96000003814697 1.76999998092651 1.48000001907349 1.29999995231628 1.20000004768372 0.879999995231628 0.409999996423721
