SnowAccumulation_R/test/tmax/final_tmax_17_04_2009.asc
NCOLS 97 
NROWS 69 
XLLCORNER 52512.810182332 
YLLCORNER 5316225.2758522 
CELLSIZE 10000 
NODATA_value -9999 
[rows 0 to 20 of 69, columns 47 to 93 of 97]
-9999 -9999 -9999 -9999 -9999 -9999 -9999 -9999 -9999 -9999 -9999 -9999 -9999 -9999 -9999 -9999 -9999 -9999 -9999 -9999 -9999 -9999 -9999 -9999 -9999 -9999 -9999 -9999 -9999 -9999 -9999 -9999 -9999 -9999 -9999 -9999 -9999 -9999 8.85000038146972 8.77000045776367 8.68000030517578 8.65999984741211 8.60000038146973 8.4399995803833 -9999 -9999 -9999
-9999 -9999 -9999 -9999 -9999 -9999 -9999 -9999 -9999 -9999 -9999 -9999 -9999 -9999 -9999 -9999 -9999 -9999 -9999 -9999 -9999 -9999 -9999 -9999 11.7700004577637 11.3599996566772 10.8000001907349 10.5500001907349 10.8400001525879 11.0200004577637 10.9399995803833 10.6400003433228 10.4700002670288 10.1700000762939 9.84000015258789 9.29000010143882 9.05000019073486 9.1199996906836 9.05000019073487 8.92000007629395 8.89000034332275 8.80000019073486 8.77000045776367 8.61999988555908 -9999 -9999 -9999
12.7700004577637 12.789999961853 12.8199996948242 12.6000003814697 12.5900001525879 12.7299995422363 12.8100004196167 12.789999961853 13.0600004196167 13.1300001144409 13.1999998092651 13.1199998855591 12.9999999999021 12.6300001144409 12.5500001907349 12.6099996566772 12.5100002288818 12.3999996185303 12.319999694647 12.0900001525879 12.0600004196167 12.0299997329712 12.0200004493613 11.939999580308 11.8699998855591 11.5600004196167 10.8999996185303 10.3000001907349 10.4499998092651 10.8500003814697 10.8699998855591 10.6700000762939 10.5200004577637 10.2399997711182 10.0100002590248 9.85999965667725 9.37000016038075 9.39000034332275 9.27999973297119 9.02999973297119 9.02000045776367 8.97000026702881 8.81999969482422 8.6899995803833 -9999 -9999 -9999
13.1400003433228 13.0200004577637 12.9899997711182 12.6800003051758 12.6499996185303 12.7600002288818 12.8199996948281 12.9099998474121 12.8100004196167 13.1199998855591 13.1400003433228 12.9899997711182 12.75 12.25 11.9099998474121 12.4099998474121 12.4499998092651 12.3699998855591 12.25 12.0500001907349 11.8800001144409 11.9999999888087 11.8100004196167 11.8599996566772 11.8199996948242 11.7200002670288 11.1199998855591 10.4099998474121 10.5799999107668 10.8800001144409 11.0200004577637 10.6800003051758 10.5100002288818 10.2399997711182 10.1599998474121 9.9300002666118 9.64999961853027 9.47999954223633 9.34000015258789 9.27999973297119 9.13000011444092 9.09000015258789 8.82999992370605 8.68000030517578 -9999 -9999 -9999
13.4099998474121 13.3299999237061 12.9799995422363 12.8500003814697 12.6599998474121 12.6999998092651 12.8199996948305 13.0799999237061 12.9399995803833 12.9099998474121 12.9200000762939 12.8500003814697 12.6400003433228 12.3699998855591 12.2299995422363 12.3100004196167 12.3400001525879 12.3400001525245 12.289999961853 12.0699996948242 11.8100004196167 11.6800003051758 11.9099998473437 11.8599996566772 11.8000001907349 11.6999998092651 11.3800001144409 10.7200002670288 10.5 10.8100004196167 10.8900003433228 10.6700000762939 10.539999961853 10.3500003814697 9.89999965895924 9.72000026702881 9.61999988555908 9.47999954223633 9.34000021461958 9.34000015258789 9.22000026702881 9.0600004196167 9.0600004196167 8.89000047832548 -9999 -9999 -9999
13.4700002670288 13.5100002288818 13.3500003814697 13.1300001144409 12.9700002670288 12.960000038147 12.8599996566772 13.0799999237061 13.1099996566772 13.1300001144409 13.1499996185303 13.0299997329525 12.8299999237061 12.5900001525879 12.4300003051758 11.960000038147 12.0799999237061 12.2399997711182 12.3000001912461 12.0699996948242 11.8299999237061 11.6000003814697 11.6700000762939 11.8599996566772 11.7200002670288 11.5699996948242 11.5 11.3500003814697 10.9200000762939 10.8199996948242 10.8599996566772 10.6999998092651 10.5100002288818 10.4200000762939 10.1199998855591 9.8100004196167 9.59000015258789 9.46000005845915 9.40999984741211 9.39999961853027 9.26000022888184 9.13000011444092 9.14000019378634 9.15999984741211 -9999 -9999 -9999
13.6199998855591 13.6499996185303 13.3800001144409 13.2700004577637 13.3299999237061 13.3999996185303 13.3999996185303 13.2600002288818 13.5100002288818 13.4399995803833 13.25 13.1800003051871 12.8900003433228 12.7700004577637 12.2799997329712 11.8400001525879 11.8999996197402 11.6300001144409 12.0600004196167 12.039999961853 11.9200000762939 11.5200004577637 11.3299999237061 11.7600002288818 11.6700000762939 11.5 11.3699998855591 11.3599996566772 11.1700000762939 10.9799995422363 10.8400001525879 10.6000003814697 10.5200004577637 10.4499998092651 10.1599998474121 9.9399995803833 9.65999984741211 9.64000034332275 9.47999954223633 9.40999984741211 9.3100004196167 9.18000030517578 9.11999988555908 9.1899995803833 -9999 -9999 -9999
13.859999656677 13.6700000762939 13.289999961853 13.3100004196167 13.289999961853 13.3999996185303 13.4300003051758 13.6300001144409 13.8299999237061 13.8500003814697 13.5500001907349 13.4300003051758 12.8999996185303 12.7299995422363 12.2700004584549 12.1199998855591 11.9700002670288 11.6700000762939 11.6199998855591 11.9799995422363 11.8699998855591 11.6700000761083 11.210000038147 11.6300001144409 11.6300001144409 11.4200000762939 11.3299999237061 11.1800003051758 11.1899995803833 10.8900003433228 10.8500003814697 10.8000001907349 10.6000003814697 10.3900003433228 10.1400003433228 9.9399995803833 9.81999969482422 9.68000030517578 9.48999977111816 9.31999969482422 9.27000045776367 9.19999980926513 9.18000030517578 9.05000019073486 -9999 -9999 -9999
14.0299997329712 13.6599998474121 13.4499998092651 13.2799997329712 13.3900003433228 13.3199996948242 13.2700004577637 13.7200002670288 13.7600002288818 14.2200002670288 13.7399997711182 13.6300001144409 13.1700000761024 12.8800001144409 12.3999996185303 12.0100002288818 11.8800001144409 11.5900001525879 11.5699996948242 11.6800003051758 11.7700004577637 11.6400003433228 11.2299995422363 11.3900003433228 11.4700002670288 11.3800001152987 11.2700004577637 11.0699996948242 10.9899997711182 10.9099998474121 10.9200000762939 10.8100004196167 10.5500001907349 10.3800001144409 10.1700000762939 9.93999961773728 9.82999992370605 9.64999961853027 9.39000034332275 9.30000019073487 9.27999973297119 9.28999996185303 9.16999935801908 8.84000015258789 -9999 -9999 -9999
14 13.7200002670288 13.3400001525879 13.2700004577637 13.3100004196167 13.3299999237056 13.3500003814697 13.6000003814697 13.9499998092651 14.0900001525879 13.880000114544 13.6899995803833 13.3800001144409 13.0299997329712 12.3400001525879 12.0600004194368 11.7799997329712 11.6999998092651 11.3199996948242 11.0799999237061 11.2600002290696 11.4499998092651 11.1300001144409 11.1999998092651 11.1700000762939 11.2600002288818 11.2700004577637 11.1199998855591 10.9799995422363 10.8500003814697 10.7600002288818 10.6800003051758 10.539999961853 10.3900003433228 10.1199998855591 9.97000026702881 9.6899995803833 9.64000034332275 9.35000038146973 9.27999982219898 9.21000003814697 9.00999961210211 8.64000034332275 8.61999988555908 8.5 -9999 -9999
13.8999996185303 13.7600002288818 13.4300003051758 13.2600002288818 13.3299999237061 13.3900003433232 13.3199996948563 13.4099998473858 13.3800001144409 13.7600002288818 13.8000001907611 13.710000038147 13.4399995803833 13.1000003814697 12.8599996566772 12.3400001525879 11.7600002288818 11.6199998855591 11.0900001525879 10.7299995422363 10.7299995422363 10.6199998855591 10.8500003814697 11.0600004196167 10.9999999998403 11.039999961853 11.1000003814697 11.039999961853 10.8900003433228 10.6099996604558 10.5500001907349 10.5200004577637 10.3500003814697 10.2600002288818 10.1499996185303 9.76000022888184 9.65999984741211 9.42000007629395 9.30000019073486 9.15999984741211 8.9399995803833 8.5 8.32999992370605 8.30000019073486 8.15999984741211 -9999 -9999
13.9899997711187 13.6700000762948 13.4399995803845 13.4399995803857 13.460000038147 13.3500003814697 13.4300003051758 13.1999998092651 13.25 13.5699996948242 13.6000003814697 13.6899995803833 13.3400001525879 13.0799999237061 12.9200000762939 12.710000038147 11.9099998474121 11.6300001144409 11.0900001525879 10.6599998474121 10.4700002670288 10.1300001144409 10.3400001525879 10.5699996948242 10.8500003814697 10.9200000762939 10.8599996566772 10.8999996185303 10.6199998855591 10.5200004577637 10.3199996948242 10.2600002288818 10.1599998474121 10.0100002601584 9.98999977111816 9.5600004196167 9.39999961853027 9.18000030517578 9.0600004196167 8.9399995803833 8.43000030517578 8.14000034332275 7.9200002800034 7.8600001335144 7.71000003814697 -9999 -9999
14.3599996566771 14.0699996948242 13.9099998474121 13.5600004196167 13.5900001525879 13.4499998092651 13.6099996566772 13.5500001907349 13.3299999237061 13.4399995803833 13.4300003051758 13.3299999237061 13.2799997329712 13.0500001907349 12.9799995420537 12.6800003051758 12.1400003433228 11.7299995422363 11.3299999237061 11.1400003425751 10.5699996948242 10.1800003051758 9.97999954223633 10.0500001907349 10.5699996948242 10.7799997329712 10.6700000596777 10.5600004196167 10.5600004196167 10.3299999237061 10.1599998474121 10.0299997329712 10.0600004196167 9.85000038146973 9.53999996185303 9.22000026702881 9.02000045776367 8.88000023647352 8.80000019073486 8.66999958329064 8.0600004196167 7.71000003814697 7.61000013351441 7.42999982833862 7.25 -9999 -9999
14.1400003433228 14.2299995422363 14.0100002288818 13.7799997329712 13.7399997711182 13.7799997329712 13.2799997329712 13.1300001144409 13.5500001907349 13.3800001144409 13.3400001525879 13.2299995422363 13.1300001144409 13.0200004577637 12.9399995801898 12.6000003814697 12.2600002288818 11.9300003051758 11.5100002288818 11.3000001907349 10.710000038147 10.2799997329712 10.0600004196167 10.1499996185303 10.5500001907349 10.7399997631588 10.5200004577637 10.4799995422363 10.289999961853 10.1400003433228 10.0299997329712 9.93000030517578 9.85999965667725 9.47000026702881 9.06999969482422 8.68000030517578 8.78999996185303 8.77000045776367 8.50999975502335 8.02000045776367 7.65000009536743 7.5 7.17000007629395 7.03000020980835 6.80000019073486 -9999 -9999
14.3900003433228 13.9799995422363 14.1999998092651 14.1899995803833 14.039999961853 13.7799997329712 13.3599996566772 13.0299997329712 13.2200002670288 12.9600000381346 12.9899997711182 13.2299995422363 13.1099996566772 12.8599996566772 12.6400003433228 12.5600004196167 12.0799999237061 11.6899995803833 11.6099996563793 11.1700000762939 10.6499996185303 10.289999961853 10.1800003051758 10.3100004196167 10.6999998166225 10.6099996566772 10.5600004196167 10.4200000762939 10.0799999237061 10.039999961853 9.97999954223633 9.59000015258789 9.39999961853027 9.23999977111816 8.78999996185303 8.59000015258789 8.42000007629394 8.46000003814697 7.55000019073486 7.51999998092651 7.23000018468751 7.09000015258789 6.76000022888184 6.63000011444092 6.36999988556031 -9999 -9999
14.4799995422363 14.2799997329712 14.210000038147 14.1400003433228 14 13.8400001525879 13.6800003051758 13.1899995803833 12.9200000762939 12.9200000762939 12.9499998092651 12.8999996185303 12.6199998855591 12.3999996185303 12.5299997329712 12.5500001907349 11.9300003051758 11.6199998855591 11.4499998092651 11.1499996185303 10.8400001525879 10.5 10.4099998474121 10.7799997329712 10.3100004196167 10.6300001144409 10.3800001144409 10.1800003051758 10.0500001907349 10 9.84000015258789 9.6899995803833 9.32999992370605 8.89000034332275 8.60000038146973 8.06999978106606 8.07999992370605 7.55999994277954 7.26999998092651 7.07999992370605 6.96000003814697 6.73999977111816 6.42999982833862 6.28000020980835 6.13000011444092 -9999 -9999
14.4700002670288 14.5299997329712 14.4499998092651 14.25 14.220000267028 14.0100002288818 13.8900003433228 13.3599996566772 12.9099998474121 12.789999961853 12.6599998474121 12.5699996948242 12.3699998855591 12.220000266895 12.1099996566772 12.2399997711182 12.1400003433228 11.4700002670288 11.3199996948242 11.1999998092651 10.9300003051758 10.6599998484164 10.6400003433228 10.6700000762939 10.5299997329712 10.6899995803833 10.250000001324 10.1499996185303 9.98999977111816 9.93000030517578 9.77999973297119 9.59000015258789 9.1899995803833 8.72000026702881 8.32999992370605 8.0600004196167 7.55000019073486 7.32999992370605 7.09000015258789 6.94000005722046 6.6100001335144 6.42000007629395 6.13000011444092 5.98000001907349 5.82999992370605 -9999 -9999
14.5500001907349 14.6000003814697 14.5699996948242 14.4099998474121 14.3599996566767 14 13.8500003814697 13.6099996566772 13.2399997711182 12.9200000762939 12.4899997711182 12.3000001907349 12.1099996566772 11.960000038147 11.6499996185303 11.6000003814697 11.4300003051758 11.6700000763516 11.4200000762939 10.9200000762939 10.9300002953572 10.7700004577637 10.7200002670288 10.5600004196167 10.4700002670288 10.5500001907349 10.3599996566772 10.1400003433228 9.97999954223633 9.93000030517578 9.81999969482422 9.4399995803833 8.89999961853028 8.42000007629394 8.10999981072518 7.9199998500012 7.17000007629394 7.09000015258789 6.83000000641695 6.67999982833862 6.30999994277954 6.13000011444092 5.88000037095457 5.73999977111816 5.55999994277954 -9999 -9999
14.7600002288818 14.5900001525879 14.5500001907349 14.2600002288818 14.229999542236 14.1099996566772 13.8000001907349 13.4899997711182 13.4700002670288 13.1000003814697 12.5100002288818 12.0200004577637 11.8699998855591 11.710000038147 11.3100004196167 11 10.6400003433228 10.6000003814697 11.3400001251112 10.7399997711182 10.8800001144409 10.8100004193861 10.7799997329712 10.7700004577637 10.5799999237061 10.4399995813548 10.3500003814697 10.1700000762939 10.0200004577637 9.92000007629395 9.72999954223633 9.10999965667725 8.68000030517578 8.27000045776367 8.06000022971122 7.3600001335144 7.03000020980835 6.84999990463257 6.65000009536743 6.28999996185303 6.01999998092651 5.8600001335144 5.71999979019165 5.5 5.34000015258789 -9999 -9999
14.8299999237061 14.7399997711182 14.5200004577637 14.4700002670288 14.3599996566772 14.3100004196167 13.75 13.5100002288818 13.4399995803753 13.039999961853 12.6499996185303 12.1499996185303 11.7700004577637 11.6000003814697 11.0500001907349 10.8400001525879 10.3400001541143 10.289999961853 9.8100004196167 9.71000003814697 10.4700002670288 10.789999961853 10.9300003051758 10.9700002670288 10.8299999237061 10.6400003433228 10.3900003433228 10.2700004577637 10.1800003051758 10.1000003814697 9.56999969482422 9 8.64000034332275 8.30000000936156 7.57999992370605 7.17999982833862 6.84000015258789 6.75 6.32999992370605 5.98999977111816 5.73000001907349 5.65999984741211 5.48000001907349 5.32999992370605 5.14999965824392 4.92000007629395 -9999
14.9899997711182 14.8599996566772 14.6499996185303 14.6099996566772 14.5699996948242 14.4200000762939 13.8599996566772 13.5699996948242 13.3599996566479 12.9399995803833 12.75 12.1999998092651 11.9399995803063 11.6599998474121 11.2799997333252 10.9399995803833 10.6700000762939 10.4200000762939 9.89000034332275 9.52000045776367 10.460000038147 10.6300001144409 10.8400001525879 10.9399995803833 10.8800001144409 10.710000038147 10.4799995422363 10.4399995803833 10.3000001907349 9.93000030517578 9.46000003814697 8.76000022888184 8.27000040117677 7.71999979019165 7.36999988555908 7.03999996185303 6.59000015258789 6.48999977111816 6.05999994277954 5.71999979019165 5.5 5.46000003814697 5.32000017166138 5.15000009536743 4.8700000679314 4.80000019073486 -9999
