SnowAccumulation_R/test/tmax/final_tmax_17_04_2009.asc
NCOLS 97 
NROWS 69 
XLLCORNER 52512.810182332 
YLLCORNER 5316225.2758522 
CELLSIZE 10000 
NODATA_value -9999 
[rows 21 to 41 of 69, columns 47 to 93 of 97]
15.0100002288818 14.8599996566772 14.7299995422363 14.5 14.4399995803833 14.3599996566772 13.710000038147 13.3999996185303 13.2700004577637 12.960000038147 13.0500001907349 12.1899995803833 11.9799995426115 11.7299995422363 11.460000038147 11.1000003814697 10.9799995419736 10.5500001907349 10.0699996948242 9.86999988555908 10.1700000772212 10.5600004196167 10.8299999237061 10.8999996185303 10.8999996185311 10.8400001525879 10.6599998474121 10.7299995422363 10.6300001144409 9.8100004196167 9.30000019073487 8.70999999519658 8.22999954223633 7.78999996185303 7.23000001907349 6.78999996185303 6.57999992370605 6.21999979019165 5.80000019073486 5.48999977111816 5.42000007629395 5.28999996185303 5.15000009536743 4.88000011444092 4.82999992370605 4.69999980926514 -9999
15.0600004196167 14.960000038147 14.5900001525879 14.4799995422363 14.539999961853 14.039999961853 13.75 13.4300003051758 13.3500003814697 13.050000190645 12.7700004577187 12.3199996948242 12.210000038147 11.8299999237061 11.5 11.2799997329712 11.1300001144409 10.75 10.1700000762939 10.1099996566772 10.3900003433228 10.6300001144409 10.789999961853 10.7799997329712 10.8599996566772 10.8800001144409 11.0900001525879 11.2299995422363 10.7600002288818 9.94999980926514 9.27000047706409 8.57999992370605 8.26000022888184 7.69000005722046 7.11999988555908 6.59000015258789 6.36000013351441 5.96999979019165 5.55999994277954 5.34000020248391 5.26000022888184 5.13000011444092 5.01000007898466 4.86000030212332 4.80999994277954 4.71000003814697 -9999
14.9499998092651 15.0699996948242 14.8100004196167 14.4700002670288 14.3199996948242 14.2799997329488 13.9099998474074 13.5799999237061 13.4499998092651 13.1099996566772 12.8500003814697 12.3900003433228 12.3100004196167 11.8699998855591 11.5 11.1599998474121 11.0200004577637 10.8199996948242 10.5 10.4300003051758 10.5 10.6999998092651 10.6899995803833 10.710000038147 10.8299999237061 10.8599996566772 11.210000038147 11.0100002318456 10.6899995803833 9.99999994464807 9.21000003814697 8.56000057706201 8.22999954223633 7.51999998092651 6.86000013351441 6.53999996185303 6.09000015258789 5.75 5.40000009536743 5.28000020980835 5.11999988555908 4.99999977914517 4.82999992370606 4.80000019073486 4.73999977111816 4.6399998664856 -9999
14.86999988556 14.8800001144418 14.6999998092651 14.539999961853 14.3999996185303 13.9499998092651 13.8500003814697 13.5299997329712 13.4700002670288 13.2600002288818 12.8999996185303 12.539999961853 12.3000001907349 12.0299997329712 11.5100002288818 11.1300001144409 11.0100002288818 10.6999998092651 10.6499996185303 10.569999695079 10.7600002288818 10.7399997711182 10.6300001144409 10.6099996568434 10.7399997711182 10.7399997711182 10.9899997711182 10.8999996185303 10.4300002429033 9.53999996185303 8.98999977111816 8.69999980926514 8.09000015258789 7.42000007629394 6.65000009536743 6.30999994277954 5.84999990463257 5.53000020980835 5.25000007401901 5.15999984741211 5 4.80999994277954 4.78999996185303 4.73000001907349 4.61999988555908 4.53000020980835 -9999
15.1599998474121 15.4200000762939 15.0299997329712 14.7299995422363 14.6099996566772 14.2200002670288 13.9700002670288 13.6499996185303 13.5299997329712 13.2399997711182 12.8999996185303 12.8400001525208 12.4899997711182 12.2600002288818 11.789999961853 11.5299997324909 10.960000038147 10.7700004577637 10.6000003814697 10.8299999237061 10.6400003433228 10.7399997711182 10.6099996566772 10.5500001907349 10.6000003814697 10.6199998855591 10.710000038147 10.3299999237061 9.85999965667725 9.07999992370605 8.55000020249188 8.30000019073486 7.8899998664856 7.28999996185303 6.92999982833862 6.13000011444092 5.65000009536743 5.34000015258789 5.21000003814697 5 4.80999994277954 4.75000000000006 4.71000003814697 4.46000003814697 4.21999979019165 4.23999977111816 -9999
15.0200004577637 15.3100004196167 15.4099998474121 14.9499998092651 14.8699998855591 14.5100002288818 14.1099996566772 13.9999999999897 13.6700000762939 13.3299999237061 13.0100002288818 12.9099998473409 12.6400003433228 12.539999961853 12.3500003814697 12.1000003814697 11.4099998474121 10.9899997711182 11.039999961853 11.0600004196167 10.9399995803833 10.7299995422363 10.6000003814697 10.539999961853 10.3800001144409 10.3999995925292 10.1199998855591 9.89000034332275 9.60999965667725 8.43000030517578 8.18000030517578 7.73999977111816 7.48000001907349 7.09000015258789 6.78000020980835 5.98999977111816 5.48000001907349 5.17999987866328 5.07000017166138 4.86999989839737 4.76999998092651 4.75 4.57999992370605 4.17000007629394 4.03999996185303 4.07999992370605 -9999
15.3100004196167 15.4700002670288 15.5699996948242 15.4700002670278 15.1000003814697 14.8100004196167 14.3800001144409 14.1199998855427 13.8599996566772 13.4099998474121 13.0900001525879 12.9799995422363 12.6700000762939 12.5299997329712 12.1899995803833 12.2299995422363 11.7700004577637 11.4300003051758 11.3900003433228 11.289999961853 11.0200004577637 10.6899995803833 10.6499996181841 10.4300003051758 10.2100000238136 9.94999980926514 9.88000011444092 9.61999988555908 9.35000038146973 8.53999996185303 8.23999977111816 7.67999982833862 7.23999977111816 7.07000017166138 6.59999990463257 5.94999980926514 5.36999988555908 5.28000020980835 5.0300002665038 4.86999988555908 4.80000021457734 4.73999977111816 4.42999982833862 4.11999988555908 4.09000015258789 4.1399998664856 -9999
15.7200002670288 15.7399997711182 15.4799995422363 15.3199996948244 15.5100002288818 14.8999996185303 14.5299997329712 14.3400001525879 14.039999961853 13.539999961853 13.1800003051758 13.0699996948242 12.8999996185303 12.460000038147 12.0200004577637 12.0299997329712 12.2799997329712 11.8900003433228 11.7399997708348 11.4399995803833 11 10.6300001144409 10.4700002670288 10.0299997329712 9.86999988555908 9.64999961853027 9.60000038146973 9.35000038146973 9.15999984741211 9.05000019073487 8.39000034332276 7.73000001907349 7.32000017166138 7.09000015258789 6.48999977111816 6.11999988555908 5.57000023586052 5.37000003960685 5.21000003814697 5.01999998092651 4.94000005722046 4.71000003814697 4.40999984741211 4.21000017524633 4.19999980926514 4.26000022888184 -9999
15.8800001144409 15.8599996566772 15.6899995803833 15.4099998474121 15.7200002670288 15.210000038147 14.7200002670288 14.4300003051758 14.0799999237061 13.7200002670288 13.2799997329712 13.1400003433228 13.0200004577637 12.5799999237061 12.3199996946059 12.1400003433228 12.2600002288818 12.039999961853 11.8999996185303 11.4399995803833 11.0200004577637 10.6400003471767 10.4300003051758 9.78999996185303 9.6899995803833 9.72000026686568 9.32999992370606 9.05000019073486 9 9 8.48999977111816 7.94999980926514 7.51000024454771 7.32000017166138 6.6100001335144 6.36000013351441 6.15000051897027 5.96000003814697 5.51999998092651 5.21999987908974 5.09999990463257 4.78000020980835 4.48999977111816 4.40000009536743 4.28999996185303 4.26999998092651 4.25
15.8000001907349 15.75 15.7299995422363 15.7700004577637 15.7200002670288 15.4499998092651 14.8299999237061 14.4700002670288 14.2700004577637 14.0200004577637 13.539999961853 13.2700004577637 12.9799995422363 12.8100004196167 12.5600004196167 12.4300003051758 12.0600004196167 11.9099998474121 11.8999996185303 11.5 11.2200002670288 10.970000265777 10.3500003814697 9.71000003814697 9.52999973297119 9.72000026702881 9.31999969482422 9 8.9399995803833 8.97000026702881 8.64999961853027 8.22000026702881 8.02999973297119 7.73999977111816 6.94999980926514 6.77000042434407 7.36999988555908 6.69999980926514 6 5.71999979019165 5.30000019073486 5 4.66000008032446 4.57000017166138 4.19000005722046 4.21000003814697 4.3600005262847
15.8999996185303 15.8199996948242 15.5299997329712 15.8000001907349 15.789999961853 15.6499996185303 14.9899997711182 14.8100004196167 14.2399997711182 14.210000038147 14.0900001525091 13.4399995803833 13.2200002670288 12.9899997711182 12.8500003814697 12.9700002670288 12.3299999237061 12.2399997711182 12.1099996583515 11.6899995803833 11.2799997329712 11.0200004577637 10.1599998474121 9.53999996185303 9.28999996185303 9.47000026702881 9.59000015258789 9.09000015258789 9.02000045776367 9.02000045776367 8.84000015258789 8.51000022888184 8.36999988555908 8.1899995803833 7.65000009536743 8.14999961853027 8.13000011444092 7.42999982833862 6.53000041055738 6.21999979019165 5.57000017166138 5.26999998092651 5.13999986648559 4.76999998092651 4.38000011444092 4.41999988225277 4.6100001335144
16.0300006866455 15.9799995422363 15.8500003814697 15.8699998855591 15.9099998474121 15.7799997329712 15.3100004196167 15.0100002288818 14.3500003814697 14.3299999237061 14.3000001906887 13.8400001525879 13.5200004577637 13.1800003051758 13.1000003814697 13 12.6000003828717 12.5799999232877 12.1899995803833 11.8400001525879 11.2799997329712 10.9099998474121 9.88000011444092 9.18000030517578 8.93999958035073 9.13000011444092 9.52000045776367 9.30000019073486 9.19999980926514 9.1899995803833 9.10000038146973 8.96000003814697 8.71000003814697 8.63000011444092 9.02999973297119 9 8.92000007629395 8.13000011444092 7.6100001335144 6.69000005722046 5.5 5.55000020837618 5.3899998664856 5.07999992370605 4.75 4.88999934022492 4.80000019073486
16.2000007629395 16.2600002288818 16.0699996948242 15.9799995422363 15.960000038147 15.5299997329712 15.5100002288818 15.289999961853 14.789999961853 14.5900001525879 14.5900001525879 14.039999961853 13.789999961853 13.4200000762939 13.3199996958808 13.3599996566772 12.5 12.3999996185303 12.1999998092651 11.7700004577637 11 10.5900001525879 9.86999988555908 9.40999984741211 9.31999969482422 9.39999961853027 9.57999992370605 9.60000038150972 9.53999996185303 9.39000034332275 9.30000019073486 9.11999988555908 8.86999988555908 9.1899995803833 9.48999977111816 9.71000003814697 9.67000007629394 8.6899995803833 8.17000007629394 7.1100001335144 6.17000007629395 5.90000009536743 5.67000007629395 5.36999988555908 5.22000034953453 5.15999984741211 5.03000020980835
16.2999992370605 16.4799995422363 16.159999847412 16.1000003814695 16 15.710000038147 15.9600000381462 15.5200004577637 15.1499996185303 14.8800001144409 14.8400001525879 14.1000003821418 13.9600000386117 14.020000457646 13.7600002288818 13.5699996948242 12.9799995422363 12.5200004577637 12.4499998092651 11.5600004196167 10.9099998465178 10.460000038147 9.97000026702881 9.86999988555908 9.81999969482422 9.67000007629395 9.73999977111816 9.71000003814697 9.63000011444092 9.60000038146973 9.52000045804401 9.39999969163238 9.4399995803833 9.28999996185303 9.38000011444092 9.86999988555908 9.82999992370605 9.36999988555908 8.46000003814697 7.46999979019165 6.62000016320325 6.23999977111816 5.84999990463257 5.61000013351441 5.55000019073486 5.3600001335144 5.28999996185303
16.2099990844727 16.2299995422363 16.1399993896484 16.1000003814698 16.0699996948245 15.8900003433228 15.920000076302 15.8400001525879 15.4899997712708 15.1999998093184 14.9399995803833 14.3699998855591 14.5299997329712 14.4300003050184 14.0699996948242 13.7399997711182 13.210000038147 12.9099998474121 12.5699996948242 11.4200000762939 10.8800001144409 10.5100002288818 10.1000003814697 9.67000008598445 9.59000015258789 9.56999969482422 9.76000022888184 9.57999992370605 9.51000022888184 9.56999969482422 9.60999961834124 9.35000038146973 9.55000019073486 9.44999982161211 9.36999988555908 9.60000038146973 9.4399995803833 9.09000015258789 8.4399995803833 7.67999982833862 7.23999977111816 6.51999998092651 6.05999994277954 6.15000009536743 5.82999992370605 5.63000011444092 5.67000007629365
16.1599998474121 16.1399993896484 16.1200008392334 16.1000003814697 16.0699996948242 16.510000228869 16.1499996185287 16.0599994659424 15.8299999237061 15.3599996566772 15.1400003433228 14.7200002670288 14.3800001144409 14.4399995803833 14 13.8800001144409 13.6199998844243 12.8699998855591 12.5 11.4799995422363 10.8500003814697 10.7600002288818 10.4899997711182 10.1899995803833 9.72999954223633 9.59000015258789 9.6899995803833 9.43000030517578 9.39000034332275 9.51000019970468 9.42000007629395 9.22999954223633 9.22999954223633 9.3100004196167 9.39000034332275 9.22999954223633 9.11999988555908 8.80000019073486 8.19999980926514 7.76999998092651 7.46999979019165 6.78000020980835 6.15000029538366 5.90999984741211 5.69000005722046 5.71000003814697 5.69000005722046
16.1499996185303 16.1200008392334 16.1000003814697 16.0799999237061 16.0599994659424 16.0900001525879 16.0200004577637 15.9200000762939 15.6999998092651 15.2200002670288 15.0200004577637 14.6000003814697 14.3000001907349 14.2299995422363 14.289999961853 13.8900003433228 13.5699996939375 12.8299999237061 12.3800001144409 11.8100004196167 11.2399997711182 10.9899997711182 10.3100004196167 10.3100004196167 10.3100004196167 10.0100002288818 9.9399995803833 9.40999984741211 9.30000018707696 9.27999973323939 9.31999969482422 9.22000026702881 9 8.9399995803833 9 8.97999954223633 8.73999977111816 8.38000011444092 8.02000045776367 7.80000019073486 7.34000015258789 6.98000003447043 6.42000037843883 6.13000011444092 5.75 5.73999977111816 5.80999994277954
16.4500007629395 16.2600002288818 16.2399997711182 16.0699996948242 16.0400009155273 16.0100002288818 15.8599996566772 15.6499996185303 15.5600004196167 15.409999847376 14.9399995803833 14.5100002288818 14.2399997711182 14.1400003433228 13.8299999237061 13.710000038147 13.6099996566772 13 12.5100002288818 12.3999996182604 11.9499998092651 11.2600002288818 11.0500001907349 10.8900003433228 10.3400001525879 9.69999980926514 9.23999977111816 9.32999989260283 9.3100004196167 9.23999977111816 9.22000026702881 9.06999969482422 9.07999992370605 8.73999977111817 8.65999984741211 8.64000035091536 8.48999977111816 8.01000022888184 7.84000015258789 7.65999984741211 7.34000004694193 6.92000007629395 6.78999996185303 6.44000005722046 6.03000020980835 5.90000009536743 5.78000020980835
16.6000003814697 16.5400009155273 16.5 16.4599990844727 16.4300003051758 15.9300003051758 15.8599996566772 15.5600004196167 15.3699998855591 15.3800001144083 14.960000038147 14.5100002288818 14.2200002670288 14.0600004196167 13.6899995803833 13.6099996566772 13.460000038147 12.8999996185303 12.4399995803833 12.3299999237061 11.8599996566772 11.4099998474121 11.3699998838351 10.3800001144409 9.71000003814697 9.42000009074501 9.47000026702881 9.02999973297119 8.98999977111816 8.89999961853027 8.76000022888184 8.9399995803833 8.90999984741211 8.69999980926514 8.35000038146973 8.28999996185303 8.03999996185303 7.71000003814697 7.65999984741211 7.34999990463257 7.07000017166138 6.96000008951846 6.88999986648559 6.61999988555908 6.26999998092651 6.11999988555908 5.88000011444092
16.6299991607666 16.5900001525879 16.4899997711182 16.4300003051758 16.3899993896484 15.789999961853 15.7700004577637 15.6099996566772 15.4399995803833 15.3400001525879 14.9399995803833 14.460000038147 14.2700004576718 13.960000038147 13.6300001144409 13.4099998474121 13.1300001144409 12.6199998855591 12.0900001525879 11.8800001144409 11.5500001907349 11.0600004196167 10.7799997329712 10.2700004577637 9.77000048143424 9.81999969323019 9.39000034332275 9.32999992370605 9.09000015305861 8.89000034332275 8.68000030517578 8.64000034332275 8.65999984741211 8.42000007629395 8.1899995803833 8 7.65000009536743 7.40000009536743 7.3600001335144 6.94999980926514 6.84999990463257 6.82000017166138 6.73000001907349 6.61999988555908 6.53000020980835 6.28000020980835 5.98000001907349
16.7700004577637 16.6100006103516 16.4300003051758 16.3199996948242 16.1299991607666 15.710000038147 15.6899995803833 15.5 15.4200000762939 15.3000001907349 14.8500003814697 14.3800001144409 14.1899995802687 13.8199996948242 13.5600004196167 13.210000038147 12.8900003433228 12.4399995803833 12.039999961853 11.8400001525879 11.3199996948242 10.8500003814697 10.4399995803833 10.1800003051758 9.9399995803833 9.85000038146973 9.40999984741211 9.3100004196167 9.19999980926514 8.88000011444092 8.32999992370605 8.09000015258789 8.31999969482422 7.69000005722046 7.80000017793543 7.76000022888184 7.5 7.32999994106794 7.07999992370605 6.88000011444092 6.67999982833862 6.59999990463257 6.51000022888184 6.46000003814697 6.42999982833862 6.32000017166138 6.07999992370606
