SnowAccumulation_R/test/tmax/final_tmax_15_04_2009.asc
NCOLS 97 
NROWS 69 
XLLCORNER 52512.810182332 
YLLCORNER 5316225.2758522 
CELLSIZE 10000 
NODATA_value -9999 
[rows 0 to 20 of 69, columns 0 to 46 of 97]
-9999.000000000000000 -9999 -9999 -9999 -9999 -9999 -9999 -9999 -9999 -9999 -9999 -9999 -9999 -9999 -9999 -9999 -9999 -9999 -9999 -9999 -9999 -9999 -9999 -9999 -9999 -9999 -9999 -9999 -9999 -9999 -9999 -9999 -9999 -9999 -9999 -9999 -9999 -9999 -9999 -9999 -9999 -9999 -9999 -9999 -9999 -9999 -9999
-9999 -9999 -9999 -9999 -9999 10.1599998474121 8.94999980926514 8.51000022888184 7.8899998664856 8.67000007629395 8.22000026702881 8.35000038146973 8.76000032457687 9.59000015258789 9.02999973297119 9.11999988555908 9.89000034332275 10.2399997711182 10.3199996953582 -9999 -9999 -9999 -9999 -9999 -9999 -9999 -9999 -9999 -9999 -9999 -9999 -9999 -9999 -9999 -9999 -9999 -9999 -9999 -9999 -9999 -9999 -9999 -9999 -9999 -9999 -9999 -9999
-9999 -9999 -9999 -9999 -9999 7.67999982833862 7.59000015258789 7.8899998664856 8.18000030517578 9 8.89000034332275 9.61999988555908 9.90999984741211 9.64999959522588 9.05000019073486 9.64999961853027 10 10.1300001144409 10.2700004577637 10.4200000564955 10.3299999237061 10.3699998855591 10.2600002288818 10.1599998474121 10.0299997329712 9.76000022888184 9.64000034332275 9.52999973297119 9.42000007629395 9.63000011444092 9.6899995803833 9.78999996185303 9.77999973297119 9.60000038146973 9.22999954223633 8.89000034332275 8.64000034332275 8.44999980926514 8.22000026702881 8.23999977111816 8.19999980926514 8.1899995803833 8.1899995803833 8.06999969482422 8.28999996185303 8.38000011444092 8.43000030517578
-9999 -9999 -9999 -9999 -9999 8.46000003814697 8.90999984741211 8.77999973297119 8.77999984349111 9.60999965667725 9.60000038146973 9.35999965667725 9.82999992370605 9.34000015258789 9.14999961853027 9.38000011444092 9.59000015258789 9.6899995803833 10.0200004577637 9.82999992347966 9.63000011444092 9.85999965667724 9.86999988555908 9.81999969482422 9.65999984759038 9.63000011444092 9.46000003814697 9.35999965667725 9.26000022888184 9.63000011444092 9.69999980926514 9.93000030517578 9.90999984741211 9.60999965667725 9.11999988555908 8.76000022888184 8.64000034332275 8.43000030517578 8.14999961853027 8.18000030517578 8.22000026702881 8.22000026702889 8.10999965667725 8.21000003814697 8.5 8.73999977111817 8.90999984741211
-9999 -9999 -9999 -9999 -9999 9 9.10000038146973 9.28999991798081 9.35000038146973 9.43000035062951 9.80000019073486 9.8100004196167 9.75 9.72000026702881 9.72999954071878 9.71000003814697 9.51000022888184 9.52000045776367 9.90999984741211 9.60999965667725 9.52000045776367 9.52999973297119 9.48999977229739 9.59000015258789 9.59000015258789 9.61999988555908 9.42000007629395 9.31999969482422 9.3100004196167 9.47000026702881 9.86999988546634 9.9399995803833 9.93000030517578 9.65999984741211 9.02000045776367 8.64000034332275 8.5 8.46000003814697 8.13000011444092 8.28999996185303 8.5 8.36999988555908 8.35999965667725 8.61999988555908 8.69999980926514 8.48999977111816 8.63000011444092
-9999 -9999 -9999 -9999 -9999 9.30000019073486 9.35999965667724 9.35999965667725 9.25000011750486 9.75 9.48999977111816 9.53999996185303 9.57999992370606 9.64000034332275 9.71000003814697 9.78999996185303 9.77000045776367 9.8100004196167 9.85999965667725 9.69999980926514 9.55000019073486 9.30000019073487 9.22000026702881 9.30000019073486 9.53999996185303 9.60000038140926 9.53999996185303 9.34000015258789 9.26000022888184 9.47000026702881 9.73999977111816 9.82999992370605 10.0500001907349 9.57999992370605 8.93000030517578 8.39999961853027 8.27000045776396 8.3100004196167 8.25 8.28999996185303 8.19999980926514 8.18000030517578 8.3100004196167 8.65999984741211 8.73999977111817 8.59000015258789 8.64999961853027
-9999 -9999 -9999 -9999 -9999 9.13000011444092 9.11999988555908 9.39999961853027 9.10999965667725 9.30000000711379 9.1899995803833 9.21000003814697 9.27000045776367 9.35999965667725 9.39000034332275 9.39000034332275 9.38000011444092 9.35999965667725 9.72999954223633 9.39000034332275 9.40999984744539 9.36999988555908 9.31999969482422 9.38000011444092 9.47999954223633 9.51000022904275 9.53999996185303 9.32999992370605 9.18000030517578 9.55000019073486 9.39000034332275 9.47000026702881 9.59000015258789 9.18000030517578 8.72999954223633 8.21000003814697 8.09000015258731 8.18000030517578 8.22000026702881 8.13000011444092 8.02000045776367 8.57999992370605 8.60999965667725 8.72000026702881 8.72999954223633 8.77000045776367 8.65999984741211
-9999 -9999 -9999 -9999 -9999 9.0600004196167 9.1899995803833 9.22000026702881 8.77000045776367 8.40999984741211 9.05000013995524 8.97000025488948 8.78999996185303 8.75 9.0600004196167 9.21000003814697 9.36999988395667 9.30000019073486 9.25 9.17000007629395 9.03999996185303 9.10999965667725 9.35000038146973 9.26000022888184 9.35999965667724 9.51000022888183 9.47999954223633 9.30000019246475 9.30000019073486 8.97000026702881 8.97000026702881 8.93000030517578 8.92000007629395 8.60999965667724 8.46000003814697 8.05000019073486 7.96999979019051 8.07999992370605 8.06999969482422 8 8.10999965667725 8.5 8.81999969482422 8.72999954223633 8.67000007629395 8.88000011444092 8.82999992370605
-9999 -9999 -9999 -9999 -9999 8.85000038146972 8.81999969482422 9.11999988555908 8.56999969482422 8.48999977111817 8.64999961853027 8.90999977194929 8.92000007629395 8.89000034332275 8.89000034332275 9.13000011444092 9.17000007629395 9.28999996185303 9.02000045776367 9.10999965667725 9.02000045776367 9.09000015235261 9.32999992370605 9.11999988555908 9.34000015258789 9.47999954223633 9.52000045777686 9.35999965667725 8.9399995803833 8.63000011346769 8.52000045776367 8.47999954223633 8.39999961853027 8.42000007629395 8.28999996185303 8 7.94000005722046 8.03999996185303 7.96999979019165 8.01000022888184 8.14999961853027 8.32999992370605 8.56999969482422 8.75 8.85000038146973 8.90999984741211 9
-9999 -9999 -9999 -9999 -9999 8.30000019073486 8.42000007629395 8.61999988555908 8.38000011444092 8.10000038146973 8.25 8.39000034332275 8.85000033930252 9.05000019073486 8.94999980926513 8.89000034332275 9.25 9.14000034171426 8.97999954223633 8.82999992370605 8.81999969482422 8.67000007629395 8.68000030517578 8.9399995803833 9.21000003814697 9.14999961853027 9.09000015258789 9.10000038146973 8.81999969482422 8.25 7.90999984741211 8.14000034304093 8.13000011423323 8.27000045776367 8.18000030517578 7.98000001907349 7.96000003814697 8.01000022888184 8.03999996185303 8.10999965667724 8.27999973297119 8.52000045776367 8.61999988555931 9.05000019073486 9.13000011444092 9.14000034332275 9.05000019073486
-9999 -9999 -9999 -9999 -9999 6.69999980926514 8 7.92999982833862 7.8200001414123 7.71000003814697 7.76999998092651 8.09000015258789 8.76000022888183 8.97000027546589 9 8.85999965667725 9.18000030517578 8.82999992370605 8.97000026702881 8.53999996185303 8.27000045776367 8.31999969482422 8.60000038126399 8.60999965667725 8.72000026702881 8.69999980926514 8.75 8.76000022888184 8.43000030517578 8.15999984741211 7.94000005722046 7.92000007629395 7.90000009536743 8.11999988555908 8.13000011443384 7.98000001908315 7.98999977111816 8.05000019073486 8.10000038146973 8.22000026702881 8.38000011444092 8.59000015258789 8.67000007629395 8.89999961853028 8.96000003814697 9.03999996185303 9.03999996185303
-9999 -9999 -9999 -9999 5.71000003814697 5.67999982833862 6.51000022888184 7.19000005722046 7.05000019073486 7 7.1100001335144 7.30999994277954 8.1899995803833 8.73999977111817 8.96000000161122 9.01000022888184 9.01000022888184 8.89999961853027 8.99999999890513 8.39999961853027 8.25 8.17000007629395 7.98999977111816 8.0600004196167 8.26000022888184 8.28999996185303 8.36999988555908 8.38000011447337 8.30000019073486 8.22999954223633 8.13000011444092 8.17000007629395 8.19999980927158 8.22000026702881 8.13000011444092 8.13000011444092 8.10999965667724 8.19999980926514 8.17000007629548 8.14999961853111 8.36999988555876 8.52000045776339 8.52000045776378 8.76000022888219 8.72999954223633 8.88000011444092 9.05000019073507
-9999 -9999 -9999 -9999 4.65000009536743 5.26999998092651 6.07999992370605 6.69000005722046 6.32999992370605 6.56000015475903 7.23000001907349 7.59000015258789 8.14000034332275 8.80000019073486 8.68000030517578 8.31999974087987 9.17000007629395 9.03999996185303 8.34000015258789 8.23999977111816 7.94000005722046 8.05000019073487 7.75 7.73000001907349 7.8600001335144 7.8899998664856 8.17000007629395 8.25 8.31999969482422 8.47999954223633 8.34000015258789 8.32999992370605 8.48999977110956 8.39999961853027 8.39999961853027 8.27999973297119 8.27000045776367 8.3100004196167 8.39000034332275 8.38000011444092 8.44999980926514 8.63000011444092 8.69999980926514 8.93000030517578 9.09000015258789 9.10000038146973 9.22000026702881
-9999 -9999 -9999 -9999 4.32000017166138 4.94000005722046 5.65000009536743 6.21000003814697 6.94000005722046 7.25 7.15000009536743 7.69999980926514 8.31999969482422 8.42000007629395 8.61999988555908 8.77000045776367 8.78999996185303 8.64999961853027 8.19999980926514 8.10999965667725 7.86999989499896 7.65999984741211 8.15999984741211 7.98999977111816 7.65999984741211 7.6100001335144 7.98000001907349 8.18000030517578 8.25 8.44999980926514 8.52999973297119 8.69999980926514 8.89000034332275 8.72999954223633 8.63000011444092 8.47999954223633 8.44999980926514 8.47000026702865 8.59000015258789 8.57999992370605 8.53999996185303 8.80000019073486 8.81000041961675 8.97000026702881 9.01000022888184 9.22000026702881 9.09000015258789
-9999 -9999 -9999 -9999 3.37999638413585 5.28000020980835 4.61999986018801 4.63000011444092 5.90000009536743 7.30999994277954 7.40999984741211 7.57000017166138 7.86999988555908 8.03999996185303 8.27999973297119 8.10000038146972 8.26000022888183 7.82999992370605 7.86000014195537 8.22000026702881 8.02999973297119 8.15999984741211 8.10000038146973 7.90999984741211 7.59000015258789 7.73999977111816 7.8600001335144 7.86000013351441 8.30000019061615 8.35000038146973 8.44999980926514 8.67000007629395 8.96000003814697 8.96000003814697 8.77000045776367 8.63000011444092 8.61999988555908 8.64999961852997 8.76000022888183 8.88000011444092 8.75 9.03999996185303 9.10999965667727 9.23999977111816 9.35000038146972 9.10999965667725 9.26000022888184
-9999 -9999 -9999 -9999 0.800000011920929 4.64999939199303 3.92000007629395 4.44000005722046 5.21000003814697 6.1399998664856 6.86999988555908 6.76999998092653 7.42999982833862 7.51999998092651 7.82000017166138 8.02000045776367 8.0600004196167 8.03999996185303 7.84000015258789 8.28999996185303 7.96000003814697 7.76000023424765 7.73000001907349 7.8099999429394 7.80999994277954 7.73999977111816 7.71000003814697 7.90999984741211 8.22000026702881 8.35999965667725 8.26000022888184 8.47000026702881 8.48999977111816 8.69999980926514 8.8100004196167 8.72999954223633 8.76000022888184 8.81999969482422 8.92000007629395 9.07999992370605 9.15999984741211 9.32999992370605 9.21000003814697 9.36999988555908 9.30000019073486 9.22999954223633 9.1899995803833
-9999 -9999 -9999 -9999 1.46000003814697 -0.680000007152557 2.11000014320724 3.18000031667589 4.57000017166138 4.76999998092651 5.34000015258789 5.80000019073486 6.23999977111816 6.96999979019165 7.69999980926514 7.92000007629395 8.22999954223633 8.31999969482422 8.19999980926514 7.92000007629395 7.98999977111816 7.88000011444092 7.76000022920599 7.69000005722046 7.40999984798748 7.57000017166138 7.73999977111816 7.90999984741211 8.01000022888184 8.18000030517578 8.34000015258789 8.4399995803833 8.48999977111816 8.53999996184314 8.75 8.8100004196167 8.84000015258789 8.97999954223633 9.05000019073486 9.07999992370605 9.10999965667725 9.42000007629395 9.60999965667722 9.53999996185303 9.27999973297119 9.27999973297119 9.22000026702881
-9999 -9999 -9999 -9999 0.129999995231628 0.400000005960464 -0.360000014305115 2.03000061961452 4.28999996185303 4.32999992370605 4.19999980926514 4.90999984741211 5.30000023409302 6.80000019073486 7.46000003814697 7.86999988555908 7.94000005816677 8.21000003814697 7.88000011444092 7.84000015258789 7.98000001907349 8.10000038198102 7.86999988790521 7.76000022888184 7.69999980926514 7.71000003814697 7.8600001335144 7.75 7.98000001907349 8.06999969482422 8.23999977111816 8.39000034332276 8.68000030517578 8.72000026702881 8.68000030517578 8.97999954223633 9 9.14000034332275 9.13000011444092 9.22000026702881 9.35000038146973 9.39999961853027 9.65999984741195 9.30000019073486 9.1899995803833 9.0600004196167 9.21000003814697
-9999 -9999 -9999 -9999 -0.12000118404461 -1.14999997615814 -0.930000007152557 3.07999992370606 3.19000005722046 4.90999984741211 4.17000007629395 5.21000003814697 6.07999992370605 6.55000019073487 6.61999988555908 7.82999992370605 8.06999969482422 8.06000041776919 7.53999996180768 7.8600001335144 8.10999965608326 8.06999969482422 7.94000005722046 7.86999988555908 7.88000011444092 7.8899998664856 7.80000019073486 7.69999980926514 7.75 7.80999994277954 8.38000011444092 8.36999988555908 8.55000019073487 8.72000026702881 8.75 9.07999992370605 9.22999954223633 9.28999996185303 9.27000045776367 9.34000015258789 9.21000003814697 9.26000022888184 9.60000038146973 9.11999988555908 9.15999984741211 9.10999965667724 9.21000003814697
-9999 -9999 -9999 -9999 -1.17999994754791 -1.95000004768372 -1.05999994277954 0.280000001192093 5.92999982833862 5.3600001335144 4.51000022888184 4.6399998664856 4.86000013351441 5.78999996185303 7.1399998664856 7.40000009536743 7.90999984741211 7.3600001335144 7.59999990463257 7.80999994277954 7.96999979019165 7.98999977111816 7.98999977111816 7.98999977211132 8 8.10999965667724 7.73000001907349 7.3899998664856 7.69000005722046 7.76999998092651 8.11999988555908 8.17000007629395 8.28999996185303 8.46000003814697 8.6899995803833 8.97999954223633 9.18000030517578 9.27000045776367 9.35000038146972 9.38000011444092 9.14999961853027 9.14999961853027 9.35000038146973 9.10000038146972 9.05000019073486 9.21000003814697 9.13000011444092
-9999 -9999 -9999 -9999 -1.77999997138977 -0.25 -0.0299999993294477 5.80999994277954 2.22000002861023 2.25999999046326 3.61999988555908 3.90000009536743 4.6100001335144 6.26000022888184 5.94999980926514 6.53000020980835 7.59999990463257 7.63999986648559 7.65999984741211 7.73000001907349 7.92000007629395 7.96000003814697 7.96999979019165 8.02999973272595 8.10000038146973 8.18000030517578 7.84999990463257 7.59999990463257 7.69000005722046 7.78000020980835 8.06999969482422 8.19999980926514 8.39000034332275 8.44999980926513 8.60000038146973 8.73999977111816 8.96000003814697 9.13000011444092 9.25 9.5 9.39999961853027 9.25 9.05000019073486 9.06999969482422 8.94999980926514 9.22000026702881 9.19999980926514
