SnowAccumulation_R/test/tmax/final_tmax_08_04_2009.asc
NCOLS 97 
NROWS 69 
XLLCORNER 52512.810182332 
YLLCORNER 5316225.2758522 
CELLSIZE 10000 
NODATA_value -9999 
[rows 40 to 59 of 69, columns 0 to 46 of 97]
-9999 -9999 18.0100002288818 7.94000261618273 6.74000009424254 8.40999984741211 7.05000019073486 13.4099998474121 13.8999996185303 17.3199996948242 10.460000038147 15.0600004196167 12.6300001144409 10.0500001907349 7.76999998092651 5.94999980926514 11.0799999237061 11.2799997329712 11.2399997711182 11.25 11.6800003051758 11.6499996185303 11.8999996169988 11.9700002668089 12.039999961853 13.0900001509157 13.0900001582206 14.5 15.1000003814697 15.5100002288818 15.710000038147 15.789999961853 16.1299991607666 16.9599990844727 17.3799991607666 17.6599998474121 17.9899997711182 18.1900005340576 18.5400009155273 18.2900009155273 18.1000003814697 17.9300003051758 18.2000007629395 18.1000003814697 17.8400001525879 17.7099990844727 17.4699993133545
-9999 -9999 18.3299999237061 10.710000038147 9.97999957750176 8.86999988555908 11.9899997711182 8.4399995803833 10.8800001144409 17.0100002288818 11.1899995803833 12.5 14.0699996948242 10.5200004577637 9.78999996185303 8.3100004196167 10.9300003051758 10.6599998474121 11.3800001144409 11.8100004196167 11.5699996952172 11.7399997703745 11.8699998855591 11.9499998092651 12.039999961853 13.4399995803833 14.3299999222624 14.6099996566772 14.960000038147 15.6400003433228 15.8000001907349 15.8500003814697 16.0699996948242 16.8700008392334 17.2399997711182 17.4099998474121 17.8799991607666 18.0300006866455 18.2099990844727 18.1599998474121 17.8799991607666 17.8299999237061 18.1900005340576 18.0499992370605 17.9400005340576 17.9599990844727 17.6100006103516
-9999 -9999 17.5699996948242 12.210000038147 9.38000011444092 9.75999897287745 8.43000030517578 10.710000038147 11.7200004773128 15.9899997711182 13.0100002288818 16.3799991165913 15.6199998855591 12.3400001525879 12.210000038147 7.65000009536743 13.0200004577637 6.46000006125776 11.9399995716064 11.5799999256575 11.3900003433228 11.4799995422363 11.8500003814697 12.0699996944732 12.7700004559379 13.5100002288818 14.7200002670288 15.0799999237061 15.1000003814697 15.8100004196167 16.0200004577637 16.0400009155273 16.3199996948242 16.75 17.1200008392334 17.2800006866455 17.6100006103516 17.7399997711182 17.8799991607666 17.9400005340576 17.8600006103516 17.8899993896484 18.0799999237061 18.0900001525879 18.0200004577637 17.8299999237061 17.8199996948242
-9999 -9999 15.1499996185303 11.289999961853 11.5900001525879 8.9399995803833 10.9099995442121 10.210000038147 15.460000038147 13.1800003051758 16.2299995422363 13.8699998855591 10.8500003814697 9.23999977111816 13.1400003433228 9.84000015258789 14.1300001144409 9.02999973297119 12.0799999237061 11.4200000762939 10.3900003433228 11.5 11.9099998474121 12 12.710000038147 13.7799997329712 14.7799997329712 15.710000038147 15.460000038147 15.8299999237061 16.0599994659424 16.1700000762939 16.3899993896484 16.6499996185303 17.1800003051758 17.3799991607666 17.5699996948242 17.7800006866455 17.8400001525879 18.1499996185303 17.7800006866455 18.0900001525879 18.0699996948242 18.1100006103516 18 17.9599990844727 17.9699993133545
-9999 -9999 17.0599994659424 12.7399997711182 11.960000038147 8.30000019073486 11.8599996566772 10.4299987953752 16.7399997711182 16.3099994659424 18.6100006103516 16.4500007629395 14.7200002670288 13.5600004196167 9.14000034332275 10.6899995803833 14.2200002670288 10.7600002288818 12.8699998855591 12.1999998092651 11.4399995803833 11.7299995422363 12.3400001525879 12.2799997329712 11.4799995422363 13.1000003814697 14.0600004196167 15.5500001899714 15.5500001907349 16.1800003051758 16.2600002288818 16.3299999237061 16.6499996185303 16.9699993133545 17.0599994659424 17.2199993133545 17.6100006103516 17.7000007629394 17.7299995422363 17.7999992370605 17.6200008392334 17.7399997711182 17.9899997711182 18.0799999237061 18.0599994659424 18.1299991607666 18.2199993133545
-9999 -9999 16.75 13.0499994473855 10.2299995422363 9.69999980926514 9.35000036763546 10.6899995803833 11.5900007095479 13.359999741325 18.8799991607666 16.0300006866455 13.9999999925916 9.21000003814697 7.28999996185303 11.9499998092651 13.9799995422363 12.3599996566772 13.1599998474121 12.75 12.2799997329712 12.2700004577637 12.3999996185303 12.8299999237061 13.039999961853 13.6099996566772 14.6000003814697 15.5299997327455 15.9399995799997 16.0900001525879 16.4899997711182 16.5900001525879 16.8199996948242 17.1499996185303 17.1700000762939 17.3500003814697 17.3799991607666 17.4400005340576 17.4799995422363 17.4400005340576 17.4500007629395 17.6700000762939 17.75 17.7900009155273 18.0699996948242 18.2700004577637 18.5200004577637
-9999 -9999 16.5900001525879 10.7299995422363 11.7200002670288 12.8900003433228 11.9200000762939 10.3400001525879 9.64000034332276 16.4799999326319 19.1299991607666 15.7299995422363 12.7299995422363 9.36999988555908 9.9399995803833 9.48999977111816 12.7299995422363 10.1899995803833 8.60000038146973 13.3400001525879 13.1899995803833 12.8000001907349 12.6099996566772 12.9799995422363 14.6499996151977 14.6499996185303 15.2799997327236 15.6199998855591 15.8100004196167 16.2900009155273 16.5699996948242 16.7600002288818 16.9799995422363 17.2700004577637 17.3500003814697 17.3799991607666 17.4099998474121 17.4400005340576 17.4099998474121 17.3500003814697 17.3299999237061 17.3099994659424 17.4799995422363 17.6800003051758 17.8400001525879 18.1800003051758 18.9200000762939
-9999 -9999 17.3400001525879 11.3299999237061 13.5200004577637 13.1499996185303 13.0600004196167 9.57999992370605 11.6700000762939 17.9500007629394 19.6700001102635 16.4899997711182 11.7200002670288 9.64999961853027 11.0699996948242 9.82999992370605 12.460000038147 12.4200000762939 14.1000001663699 13.3400001525879 13.3500003814697 12.8000001907349 12.7799997329712 13.1599998474121 14.4499998062126 14.8699998846657 15.25 16.0499992370605 16.2299995422363 16.5699996948242 16.7999992370606 17.0400009155273 16.9400005340576 17.2800006866455 17.3899993896484 17.4599990844727 17.4099998474121 17.3799991607666 17.3700008392334 17.2800006866455 17.2299995422363 16.8099994659424 17.2000007629395 17.4200000762939 17.7199993133545 17.8799991607666 18.0900001525879
-9999 15.3000001907349 17.9400005340576 14.6000003814697 12.2200000781296 13.7200002670288 10.9700002670288 10.6300003555739 14.6999998092651 18.8700008392334 19.7399997812397 16.1399996856978 10.0299997329712 11.7799997329712 12.8299999237061 10.4499998092651 12.5200004577637 11.6400003433228 9.11999988555908 13.4399995803833 13.2700004577637 13.0600004196167 13.0600004196167 13.4300003051758 13.5600004196167 14.3199996948242 14.8900003433228 15.5600004196167 16.0200004577637 16.4599990844727 16.8899993895365 17.1800003051758 17.1700000762962 17.2800006866455 17.3799991607666 17.5 17.7399997711182 17.3400001525879 17.2399997711182 17.1700000762939 17.0599994659424 16.7900009155273 17.0300006866455 17.3099994659424 17.5499992370605 17.5900001525879 17.6800003051758
-9999 17.2099990844727 18.3299999237061 12.8599996566772 13.4700002670288 12.1000003814697 15.4300003051758 15.6300001144409 16.7999992370605 19.0799999237061 20.0900001525879 20.1200008392334 10.5000000062943 15.4799995408811 15.2799997329712 12.3900003433228 11.9200003539332 13.1300001144409 10.289999961853 13.229999535469 13.0900001525879 13.0100002288818 12.9300003051758 13.4499998092651 13.5900001525879 14.2600002288818 14.8800001144409 15.5299997329712 15.960000038147 16.7000007628023 16.8899993896484 16.9799995422363 16.9699993133545 17.2299995422363 17.3099994659424 17.4899997711182 17.7099990844727 17.3600006103516 17.1800003051758 17.0699996948242 16.8600006103516 16.8400001525879 17.0499992370605 17.1800003051758 17.1299991607666 17.2600002288818 17.3500003814697
-9999 11.8199996948242 15.8400010468178 13.789999961853 10.0799999237061 11.6800003051758 11.8299999237061 12.3900003433228 14.1800003051758 17.3799991607666 18.9500007629394 19.8099994659424 17.2999992370605 15.5500001907349 15.0799999237061 11.9099998474121 12.1700000762939 12.9499998092651 11.2799997329712 13.0900001564074 12.8800001144409 12.75 12.8000001907349 12.9899997711182 13.3500003814697 14.039999961853 14.4399995803833 16.0599994650661 16.0599994659424 16.620000839206 16.8199996948242 16.9099998474121 16.9099998474121 17.1800003051758 17.1599998474121 17.2399997711182 17.2999992370605 17.2600002288818 17.1100006103516 17.0300006866455 16.8400001525879 16.8700008392334 16.5300006866455 16.4400005340576 16.8099994659424 16.9300003051758 17.0499992370605
-9999 13.7299985207766 19.2800006866455 14.3900003433228 10.6499996185303 13.3199996948242 13.4899997711182 12.5100002288818 11.9399997678823 17.7600002288818 17.5100002288818 15.9099998474121 20.0599994659424 16.1800003051758 12.8199996948242 15.6499997119269 10.8000001907349 11.7200002670288 8.63000011444092 13.039999961853 12.7299995285812 12.6800003051758 12.5500001907349 12.8100004196167 13.1700000758847 13.1700000762939 14.789999961033 16.0300006866455 16.3400001522947 16.0699996948242 16.7000007629395 16.6900005340576 16.6800003051758 16.75 16.7800006866455 16.7900009155273 16.7600002288818 17.0799999237061 17.0300006866455 16.8700008392334 16.7900009155273 16.6700000762939 16.4500007629395 16.2900009155273 16.1800003051758 16.4300003051758 16.6499996185303
-9999 12.6499996185303 18.6900005340576 17.1200008392334 12.0600004196167 15.0900001525879 13.4700002670288 12.9700002670288 13.9099998474121 16.8299999237061 12.9399995803833 15.1400003433228 17.7600002288818 20.5400009155273 19.1499996185303 14.3900003433228 10.609999654851 10.6099996566772 8.6899995803833 10.5900001525879 12.4099998017045 12.4099998474121 12.4700002670288 12.3900003433228 12.25 12.6300001144409 13.3400001525879 13.9799995422363 14.6999998092651 16.3299999237061 16.3299999236719 16.499999999943 16.4300003051758 16.3700008392334 16.3700008392352 16.6000003814697 16.5100002288818 17.0400009155273 17.1100006103516 16.9500007629395 16.6399993896484 16.6200008392334 16.4300003051758 16.3299999237061 16.1000003814697 16.0300006866455 16.1200008392334
-9999 12.9899997711182 12.2600002288818 18.9599983218168 12.6400003433228 16.0499992370605 14.9499998092651 13.0600004196167 14.6400003433228 16.1499996185303 13.6400003433228 15.75 17.1399993896484 20.5100002288818 18.3400001639541 15.3800001144409 11.5799999237061 10.6999998092651 9.86999988555908 9.35999965667724 12.3800001144409 11.9899997711182 12.199999802795 12.0600004196167 12.0100002288818 12.0100002288818 12.3500003814697 12.5500001907349 14.1400003433228 15.0900001525879 16.1100006103418 16.1000003814697 15.8699998855591 16.1499996185303 16.2499999999882 16.3500003814697 16.4500007629395 16.7600002288788 17.0200004577637 17.0400009155273 16.9300003051758 16.4799995422363 16.4300003051758 16.2399997711182 16.2099990844727 15.8500003814697 15.5200004577637
-9999 13.1700000762939 14.9799995422363 18.1800003051758 16.9500007629394 15.8299999237061 15.460000038147 14.4700002670288 15.4899997711182 16 13.0900001525879 15.289999961853 17.0300006866455 19.7199993133545 19.2399997711182 12.6800003051758 10.9099998474121 8.86999988555908 9.42000007629395 8.34000021940068 8.73999977199493 11.9899996602349 11.8999996185303 11.5200004577637 11.4300003051758 11.75 11.9200000762939 12.5299997329712 13.1499996185303 15.0299997320676 15.960000038147 15.8599996566772 14.7399997711182 15.0799999237061 15.9200000762939 16.2800006866455 16.5100002288818 16.9899997711142 17.1700000762939 17.2700004577637 17.0599994659424 16.7800006866455 16.5900001525879 16.5100002288818 16.3700008392334 16.0699996948242 15.8299999237061
-9999 13.5400001139621 14.4499998092651 16.3299999237061 18.6800003051758 15.6800003051758 17.1100006103516 15.6199998855591 14.5799999237061 13.7799997329712 14.0500001907349 14.789999961853 15.1899995803833 18.9300003051758 19.9200000762939 12.4300003051758 11.6300001144409 9.30000019073486 10.0900001525879 11.5299997329712 8.60000038146973 8.05000019922364 7.09999990463257 10.3000001860395 11.4700002670288 11.5100002288818 11.460000038147 12.4300003051758 13.7500000005033 14.3199996948242 15.0200004577637 15.5 15.25 15.3199996948242 15.1700000762939 15.6000003814697 16.5200004577637 17.0499992370562 17.3999996185303 17.6000003814697 17.5300006866455 16.9300003051758 16.9799995422363 16.8999996185303 16.6299991607666 16.1700000762939 15.8800001144409
-9999 14.5074996948242 15.1850004196167 15.4375 19.5550004807677 17.6424999237061 16.7700004577637 15.710000038147 15.6599998474121 15.1700000762939 15.7799997329712 13.460000038147 12.5100002302957 17.3500003814697 19.7800006866455 15.8100004196167 10.8699998855591 9.11999988555908 10.2399997711182 13.289999961853 8.53999996185303 7.69999980926514 7.30000019115056 10.25 11.1700000762939 11.1700000762939 10.8900003433228 12.2600002288818 13.1599998474121 13.1400003433228 13.6800003051758 14.5900001525879 15.539999961853 16.0499992370605 16.25 16.1900005340576 16.4899997711182 16.8500003814697 17.3600006103516 17.8999996185303 17.7500000000001 17.6399993896484 17.2700004577637 17.0200004577634 16.6399993896484 16.2700004577637 16
-9999 15.3874998092651 14.7524995803833 14.4449996948242 17.3999996185303 21.1949996948242 16.4050006866455 18.0624998736081 14.8924999237061 17.5599994659424 17.5974998474121 17.2250003814697 13.875 17.2900009155273 22.1399993896484 14.9324999398017 12.6625003814697 13.7700004577637 13.2349996566772 16.3400001525879 14.3199996948242 11.2624998092651 10.8249998092651 13.4575004577637 7.88000014066502 9.25 10.8500003814697 12.5100002288818 12.7799997329712 12.9799995422363 15.1000003814697 15.6400003433228 15.789999961853 16.1900005340576 15.8599996566772 15.539999961853 16.5599994659424 16.9799995422363 17.0400009155273 17.4699993133545 16.8799991607671 17.0499992370605 16.4599990844727 16.2800006866455 15.9399995803833 15.7799997329712 15.8400001525879
-9999 18.9850006103516 17.1949988779902 12.6999998092651 14.7650003433228 20.4300003051758 18.4874992370605 16.9300003051758 15.0200004577637 17.8225002288818 18.5625000072695 16.9225006103516 15.2349996566772 16.3150005340576 21.7950000762939 20.0324993133545 15.5375003814697 14.7200002670288 13.3074998824321 14.5375003814697 15.2200002670288 12.352499961853 11.8424997329712 12.625 11.4875001907349 9.71749973297119 14.5174999212151 15.5850000352871 15.8450002670288 15.6750001907487 15.7049999237061 16.3675003051758 16.6875 16.8999996185303 16.5575008392334 16.8125 17.6599998474121 18.1049995422363 18.3824996948242 18.4624996185303 16.2474994659455 17.3724994659424 17.8899993896484 17.6299991607663 17.5149993896484 17.3675003051758 17.5874996185303
-9999 18.4150009155273 15.2399997711182 12.8950004577637 14.3474998474121 20.292499647443 21.2374992370605 19.6800003051758 16.3775005340576 18.6324996948242 19.4850006103516 16.1124992370605 15.9324998855591 18.7350006103516 19.1175003051758 20.1324996948242 18.7724990844727 12.7650003433228 11.7325000762939 13.1324996948242 16.1424999237061 14.9025001400102 12.3874998092651 13.1374998092651 12.4549999237061 11.9975004196167 13.4399995803833 14.4324998855591 14.2950000762939 15.0249996186631 15.5900001525879 16.2124996185303 16.4775009155273 16.5300006866455 16.8174991607666 16.8449993133545 16.9500007629395 18.2275009155273 18.6424999237061 18.2124996185303 16.7474994659428 17.2775001525879 17.0900001525879 16.9050006866455 16.25 17.4950008392334 17.7075004577637
