SnowAccumulation_R/test/tmax/final_tmax_20_04_2009.asc
NCOLS 97 
NROWS 69 
XLLCORNER 52512.810182332 
YLLCORNER 5316225.2758522 
CELLSIZE 10000 
NODATA_value -9999 
[rows 0 to 20 of 69, columns 47 to 93 of 97]
-9999 -9999 -9999 -9999 -9999 -9999 -9999 -9999 -9999 -9999 -9999 -9999 -9999 -9999 -9999 -9999 -9999 -9999 -9999 -9999 -9999 -9999 -9999 -9999 -9999 -9999 -9999 -9999 -9999 -9999 -9999 -9999 -9999 -9999 -9999 -9999 -9999 -9999 14.8500003814697 14.9700002670288 15.0699996948242 15.2399997711182 15.2799997329712 15.3400001525879 -9999 -9999 -9999
-9999 -9999 -9999 -9999 -9999 -9999 -9999 -9999 -9999 -9999 -9999 -9999 -9999 -9999 -9999 -9999 -9999 -9999 -9999 -9999 -9999 -9999 -9999 -9999 14.5799999237061 14.3800001144409 14.0500001907349 13.9799995422363 14.3299999237061 14.6000003814697 14.6199998855591 14.6800003051758 14.8599996566772 14.8999996185303 14.8999996185303 14.6800003682142 14.6000003814697 14.8799999420509 15.0100002288818 15.0900001525879 15.2399997711182 15.25 15.4099998474121 15.4799995422363 -9999 -9999 -9999
13.0500001907349 13.1199998855591 13.2299995422363 13.0799999237061 13.1099996566772 13.2799997329712 13.3599996566772 13.3400001525879 13.5900001525879 13.6700000762939 13.8000001907349 13.8400001525879 13.7899999618067 13.6199998855591 13.7200002670288 13.9399995803833 14.0299997329712 14.1000003814697 14.1099996566772 14.0900001525879 14.2299995422363 14.3800001144409 14.5500001853879 14.6700000758798 14.6899995803833 14.5799999237061 14.1700000762939 13.8400001525879 14.0699996948242 14.4300003051758 14.6000003814697 14.75 14.9399995803833 15 15.0699996747291 15.0699996948242 14.8800003892626 15.1400003433228 15.2299995422363 15.1899995803833 15.2700004577637 15.3900003433228 15.4399995803833 15.5299997329712 -9999 -9999 -9999
13.4499998092652 13.3500003814697 13.3999996185303 13.1700000762939 13.1999998092651 13.3199996948242 13.3800001144444 13.4499998092651 13.3299999237061 13.6099996566772 13.6800003051758 13.6499996185303 13.5200004577637 13.25 13.1400003433228 13.7399997711182 13.9499998092651 14.0600004196167 14.0500001907349 14.0600004196167 14.0900001525879 14.3699998779019 14.4200000762939 14.5500001907349 14.6899995803833 14.7700004577637 14.4200000762939 14 14.2600002159425 14.5699996948242 14.8800001144409 14.8599996566772 15.0100002288818 15.0600004196167 15.1199998855591 15.1800003437398 15.2200002670288 15.2700004577637 15.3100004196167 15.3400001525879 15.3800001144409 15.4899997711182 15.4499998092651 15.5100002288818 -9999 -9999 -9999
13.7600002288818 13.6999998092651 13.4099998474121 13.3699998855591 13.2600002288818 13.3199996948242 13.4300003051805 13.6099996566772 13.4200000762939 13.3699998855591 13.4300003051758 13.4700002670288 13.3699998855591 13.3199996948242 13.3900003433228 13.6499996185303 13.8599996566772 13.9499998093602 14.1000003814697 14.0900001525879 14.1000003814697 14.1800003051758 14.56000041948 14.6099996566772 14.75 14.8299999237061 14.7299995422363 14.3500003814697 14.25 14.6599998474121 14.9399995803833 14.9899997711182 15.1499996185303 15.1300001144409 15.0000001293721 15.1800003051758 15.2799997329712 15.3299999237061 15.3699998678361 15.4399995803833 15.4799995422363 15.4799995422363 15.6400003433228 15.6800001701705 -9999 -9999 -9999
13.8400001525879 13.9200000762939 13.8299999237061 13.6999998092651 13.6400003433228 13.6599998474121 13.5500001907349 13.6499996185303 13.5600004196167 13.5100002288818 13.5500001907349 13.5100002288931 13.4899997711182 13.4899997711182 13.5500001907349 13.3699998855591 13.6700000762939 13.8900003433228 14.1300001159748 14.1700000762939 14.1599998474121 14.1700000762939 14.3299999237061 14.6800003051758 14.7600002288818 14.8199996948242 14.9499998092651 14.9099998474121 14.7299995422363 14.8299999237061 15.0900001525879 15.1800003051758 15.2700004370061 15.3199996948242 15.4499998092651 15.3800001144409 15.3699998855591 15.4099998135581 15.4399995803833 15.5600004196167 15.5600004196167 15.5699996948242 15.6999995529196 15.8100004196167 -9999 -9999 -9999
13.9899997711182 14.0799999237061 13.8999996185303 13.9099998474121 14.0900001525879 14.2200002670288 14.1899995803833 13.8900003433228 13.8800001144409 13.6800003051758 13.5699996948242 13.5799999237437 13.5299997329712 13.6400003433228 13.460000038147 13.3199996948242 13.4700002689164 13.5100002288818 14.039999961853 14.210000038147 14.3100004196167 14.1899995803833 14.1400003433228 14.6999998092651 14.8299999237061 14.8900003433228 14.9700002670288 15.0600004196167 15.1000003814697 15.1499996185303 15.25 15.2799997329712 15.3299999237061 15.6899995803833 15.6499996185303 15.6400003433228 15.5500001907349 15.6000003814697 15.5900001525879 15.6499996185303 15.6599998474121 15.6499996185303 15.6499996185303 15.8299999237061 -9999 -9999 -9999
14.2499999999998 14.1199998855591 13.8299999237061 14 14.1700000762939 14.4099998474121 14.4300003051758 14.3500003814697 14.1499996185303 13.9099998474121 13.75 13.75 13.5699996948242 13.6499996185303 13.5200004588697 13.6999998092651 13.6800003051758 13.6499996185303 13.789999961853 14.25 14.3500003814697 14.3000001907021 14.1400003433228 14.6999998092651 14.9200000762939 14.9499998092651 14.9799995422363 15.0699996948242 15.2799997329712 15.2600002288818 15.4499998092651 15.5299997329712 15.8000001907349 15.8400001525879 15.8100004196167 15.8100004196167 15.7799997329712 15.7799997329712 15.7299995422363 15.6800003051758 15.710000038147 15.6999998092651 15.75 15.8299999237061 -9999 -9999 -9999
14.460000038147 14.1199998855591 14.0100002288818 14 14.3699998855591 14.5900001525879 14.5900001525879 14.5900001525879 14.1499996185303 14.0699996948242 13.9200000762939 13.9499998092651 13.8400001529071 13.9899997711182 13.8299999237061 13.7399997711182 13.7399997711182 13.710000038147 13.8800001144409 14.1400003433228 14.3699998855591 14.3900003433228 14.289999961853 14.6400003433228 14.9200000762939 15.0699996945383 15.0799999237061 15.1400003433228 15.289999961853 15.4700002670288 15.7100000282118 15.9499998092651 15.9700002670288 16.0499992370606 16.0400009155273 15.9899997785891 15.9700002670288 15.9200000762939 15.789999961853 15.789999961853 15.8000001907349 15.8800001144409 15.850000150595 15.8299999237061 -9999 -9999 -9999
14.460000038147 14.1899995803833 13.8999996185303 13.9899997711182 14.3199996948242 14.5000000000021 14.6700000762939 14.5900001525879 14.4799995422363 14.3000001907349 14.130000115005 14.4200000762939 14.3500003814697 14.2799997329712 13.9499998092651 13.8299999236941 13.8199996948242 13.9499998092651 13.8400001525879 13.8400001525879 14.0600004199359 14.3999996185303 14.3699998855591 14.6499996185303 14.8400001525879 15.0200004577637 15.25 15.3599996566772 15.4700002670288 15.6099996566772 15.8599996566772 16.0499992370605 16.1800003051758 16.2900009155273 16.2199993133545 16.1599998474121 16.0400009155273 16.0900001525879 15.9200000762939 15.9200001159506 15.8900003433228 15.7899997856308 15.7299995422363 15.8500003814697 15.8400001525879 -9999 -9999
14.4099998474121 14.3199996948242 14.0799999237061 14.0200004577637 14.3599996566772 14.5500001907371 14.5900001526242 14.5200004577768 14.5 14.710000038147 14.7299995422679 14.7299995422363 14.6400003433228 14.5500001907349 14.5500001907349 14.2399997711182 13.9899997711182 14.0699996948242 13.8500003814697 13.7700004577637 13.8599996566772 13.960000038147 14.3299999237061 14.710000038147 14.880000113842 15.0100002288818 15.289999961853 15.4700002670288 15.5900001525879 15.8100004152983 15.8900003433228 16.1299991607666 16.2399997711182 16.3899993896484 16.3899993896484 16.2099990844727 16.2399997711182 16.1200008392334 16.0699996948242 15.9799995422363 15.8299999237061 15.6999998092651 15.6599998474121 15.6999998092651 15.7600002288818 -9999 -9999
14.6000003814705 14.3699998855606 14.2600002288838 14.3999996185363 14.7799997329712 14.7299995422363 14.8599996566772 14.6400003433228 14.6300001144409 14.8400001525879 14.8599996566772 15 14.8199996948242 14.7700004577637 14.8299999237061 14.75 14.3000001907349 14.2799997329712 14.0600004196167 13.9200000762939 13.8800001144409 13.8100004196167 14.1499996185303 14.5200004577637 14.8400001525879 15.1000003814697 15.2700004577637 15.539999961853 15.75 15.8000001907349 15.9099998474121 16.1299991607666 16.3099994659424 16.4099998513218 16.4799995422363 16.2900009155273 16.2600002288818 16.1499996185303 16.0699996948242 15.9899997711182 15.7799997329712 15.5900001525879 15.5200005133205 15.5299997329712 15.5799999237061 -9999 -9999
15.1899995803832 15.0100002288818 15.0299997329712 14.9700002670288 15.0799999237061 14.9799995422363 15.1599998474121 15.1199998855591 14.9200000762939 15.0100002288818 15 14.9799995422363 15.0500001907349 15 15.0200004576964 14.9499998092651 14.710000038147 14.5799999237061 14.460000038147 14.4099998470603 14.1700000762939 14.0600004196167 14.0900001525879 14.3199996948242 14.8100004196167 15.1800003051758 15.3000002090126 15.6300001144409 15.7600002288818 15.8400001525879 15.9799995422363 16.1599998474121 16.4500007629395 16.3999996185303 16.3700008392334 16.2800006866455 16.2299995422363 16.1599999171469 16.1000003814697 15.9899997711182 15.6800003051758 15.4399995803833 15.4099998474121 15.3900003433228 15.3900003433228 -9999 -9999
14.9799995422363 15.1999998092651 15.1999998092651 15.25 15.3400001525879 15.4099998474121 15.0299997329712 14.9399995803833 15.3299999237061 15.210000038147 15.1999998092651 15.1700000762939 15.1899995803833 15.2399997711182 15.2499999999129 15.1300001144409 15.039999961853 14.9700002670288 14.8400001525879 14.7799997329712 14.5200004577637 14.3699998855591 14.3800001144409 14.5299997329712 15 15.3299999422782 15.539999961853 15.7399997711182 15.7200002670288 15.8900003433228 16.0900001525879 16.3099994659424 16.3899993896484 16.3500003814697 16.2700004577637 16.1399993896484 16.3400001525879 16.3600006103516 16.1599999151051 16.0200004577637 15.6099996566772 15.4899997711182 15.3100004196167 15.289999961853 15.1999998092651 -9999 -9999
15.2700004577637 14.9899997711182 15.4099998474121 15.6499996185303 15.6999998092651 15.539999961853 15.2700004577637 15.0600004196167 15.2700004577637 15.0900001525826 15.1800003051758 15.4499998092651 15.460000038147 15.3800001144409 15.2700004577637 15.3500003814697 15.1400003433228 15.039999961853 15.0799999236848 14.9399995803833 14.7299995422363 14.6199998855591 14.6899995803833 14.8599996566772 15.3199997211003 15.6099996566772 15.75 15.75 15.7399997711182 16 16.2600002288818 16.2600002288818 16.2700004577637 16.4300003051758 16.3299999237061 16.3799991607666 16.3299999237061 16.4400005340576 16.1200008392334 16.0100002288818 15.6800004818305 15.539999961853 15.289999961853 15.1999998092651 15.0399999618538 -9999 -9999
15.460000038147 15.2799997329712 15.4799995422363 15.6899995803833 15.7799997329712 15.7299995422363 15.7299995422363 15.3999996185303 15.2600002288818 15.3000001907349 15.4099998474121 15.460000038147 15.3400001525879 15.289999961853 15.4499998092651 15.6099996566772 15.2799997329712 15.2600002288818 15.2299995422363 15.1999998092651 15.1400003433228 15.0299997329712 15.1000003814697 15.6599998474121 15.4300003051758 15.8100004196167 15.8000001907349 15.7399997711182 15.8999996185303 16.1599998474121 16.3500003814697 16.3999996185303 16.4500007629395 16.4300003051758 16.4899997711182 16.3099994998232 16.4200000762939 16.5400009155273 16.3099994659424 16.0699996948242 15.9200000762939 15.6499996185303 15.3400001525879 15.1899995803833 15.0600004196167 -9999 -9999
15.6499996185303 15.7299995422363 15.8400001525879 15.9300003051758 16.0300006866459 16.0499992370605 16.1000003814697 15.7700004577637 15.5 15.4499998092651 15.4399995803833 15.460000038147 15.4200000762939 15.3699998855071 15.4200000762939 15.6599998474121 15.75 15.4499998092651 15.4399995803833 15.5299997329712 15.4899997711182 15.4099998614722 15.6999998092651 15.8000001907349 15.789999961853 16.0300006866455 15.8699998856609 15.8999996185303 16.0300006866455 16.2900009155273 16.5 16.5200004577637 16.5699996948242 16.5599994659424 16.5900001525879 16.5200004577637 16.7700004577637 16.7999992370605 16.6000003814697 16.4300003051758 16.0499992370605 15.7600002288818 15.4300003051758 15.2700004577637 15.0699996948242 -9999 -9999
15.9899997711182 16.0499992370605 16.1599998474121 16.2800006866455 16.3600006103521 16.2600002288818 16.2999992370605 16.2199993133545 16.0200004577637 15.8100004196167 15.5699996948242 15.5299997329712 15.5 15.460000038147 15.3699998855591 15.4899997711182 15.5500001907349 15.8199996950356 15.8299999237061 15.6400003433228 15.770000463082 16.0100002288818 16 15.9399995803833 15.9300003051758 16.0900001525879 16.0200004577637 16.0499992370605 16.1900005340576 16.4599990844727 16.5400009155273 16.6100006103516 16.5599994659424 16.5699996948242 16.7099990301033 16.7399998276911 16.8299999237061 17.0699996948242 16.7900010173252 16.6000003814697 16.1800003051758 15.8900003433228 15.5400002824951 15.3599996566772 15.1099996566772 -9999 -9999
16.4599990844727 16.3500003814697 16.4300003051758 16.4200000762939 16.5100002288827 16.6100006103516 16.5100002288818 16.3799991607666 16.4799995422363 16.2299995422363 15.8599996566772 15.5900001525879 15.6000003814697 15.5600004196167 15.4200000762939 15.3800001144409 15.3199996948242 15.3999996185303 16.0900001414664 16.1599998474121 16.3099994659424 16.2800006865174 16.2800006866455 16.2800006866455 16.1900005340576 16.1599998479383 16.1599998474121 16.2099990844727 16.3600006103516 16.6100006103516 16.6399993896484 16.5300006866455 16.5900001525879 16.6800003051758 16.7199992997908 16.7999992370606 16.9799995422363 17.1599998474121 16.9899997711182 16.6100006103516 16.2700004577637 15.9899997711182 15.8000001907349 15.4499998092651 15.1899995803833 -9999 -9999
16.8299999237061 16.8199996948242 16.75 16.9099998474121 16.9200000762939 17.0699996948242 16.7399997711182 16.6599998474121 16.6599998474121 16.4500007629395 16.2399997711182 15.960000038147 15.8100004196167 15.7600002288818 15.5299997329712 15.5799999237061 15.4300003098724 15.8199996948242 15.7299995422363 15.8699998855591 16.3299999237061 16.5200004577637 16.6000003814697 16.6200008392334 16.5200004577637 16.3999996185303 16.2999992370605 16.3899993896484 16.6100006103516 16.7099990844727 16.6599998474121 16.6100006103516 16.7299995422363 16.6800002484964 16.7000007629395 16.8099994659424 16.9500007629395 17.0400009155273 16.8700008392334 16.6100006103516 16.3199996948242 16.2000007629395 15.8800001144409 15.5600004196167 15.2500001457083 15.1599998474121 -9999
17.2800006866455 17.2600002288818 17.1900005340576 17.3400001525879 17.4200000762939 17.4699993133545 17.1100006103516 16.9799995422363 16.8600006103346 16.6399993896484 16.5900001525879 16.2800006866455 16.1299991607501 16.0900001525879 15.9899997731241 16.2399997711182 16.2600002288818 16.1900005340576 16.0599994659424 16.0400009155273 16.5599994659424 16.6399993896484 16.7399997711182 16.7700004577637 16.7099990844727 16.5799999237061 16.4599990844727 16.6100006103516 16.8199996948242 16.7199993133545 16.7199993133545 16.5699996948242 16.5900001667348 16.5 16.6399993896484 16.7999992370605 16.8199996948242 16.8899993896484 16.7700004577637 16.5900001525879 16.3999996185303 16.3099994659424 16 15.6300001144409 15.3100007843613 15.1599998474121 -9999
