SnowAccumulation_R/test/tmax/final_tmax_06_04_2009.asc
NCOLS 97 
NROWS 69 
XLLCORNER 52512.810182332 
YLLCORNER 5316225.2758522 
CELLSIZE 10000 
NODATA_value -9999 
[rows 0 to 20 of 69, columns 0 to 46 of 97]
-9999.000000000000000 -9999 -9999 -9999 -9999 -9999 -9999 -9999 -9999 -9999 -9999 -9999 -9999 -9999 -9999 -9999 -9999 -9999 -9999 -9999 -9999 -9999 -9999 -9999 -9999 -9999 -9999 -9999 -9999 -9999 -9999 -9999 -9999 -9999 -9999 -9999 -9999 -9999 -9999 -9999 -9999 -9999 -9999 -9999 -9999 -9999 -9999
-9999 -9999 -9999 -9999 -9999 14.0200004577637 13.2600002288818 12.9499998092651 12.4899997711182 13.0799999237061 12.7700004577637 12.8900003433228 13.1899996435947 13.7700004577637 13.4300003051758 13.5200004577637 14.1000003814697 14.4200000762939 14.5200004584163 -9999 -9999 -9999 -9999 -9999 -9999 -9999 -9999 -9999 -9999 -9999 -9999 -9999 -9999 -9999 -9999 -9999 -9999 -9999 -9999 -9999 -9999 -9999 -9999 -9999 -9999 -9999 -9999
-9999 -9999 -9999 -9999 -9999 12.6800003051758 12.4399995803833 12.6999998092651 12.9200000762939 13.4899997711182 13.4300003051758 13.9300003051758 14.1499996185303 13.9999999856588 13.6199998855591 14.0500001907349 14.3299999237061 14.4899997711182 14.6700000762939 14.6800003034541 14.6800003051758 14.6199998855591 14.1499996185303 13.5200004577637 13.1599998474121 12.5 11.9899997711182 11.5200004577637 11.1599998474121 11.4399995803833 11.539999961853 11.6700000762939 11.6000003814697 11.3000001907349 10.7399997711182 10.0900001525879 9.72000026702881 9.59000015258789 9.46000003814697 9.39000034332275 9.1899995803833 8.9300003051758 8.78999996185303 8.40999984741211 8.30000019073486 8.0600004196167 7.78000020980835
-9999 -9999 -9999 -9999 -9999 13.4700002670288 13.7700004577637 13.5100002288818 13.5000000680121 14.0200004577637 14.0500001907349 13.9399995803833 14.2799997329712 13.9799995422363 13.8500003814697 14.0100002288818 14.1499996185303 14.25 14.5600004196167 14.4399995802392 14.3199996948242 14.4899997711182 14.0100002288818 13.4099998474121 12.8299999241923 12.6300001144409 12.2200002670288 11.960000038147 11.8100004196167 12.1199998855591 12.1899995803833 12.3199996948242 12.1800003051758 11.710000038147 10.960000038147 10.1700000762939 9.84000015258789 9.57999992370605 9.32999992370605 9.22999954223633 9.09000015258789 8.89000034332289 8.6899995803833 8.51000022888183 8.42000007629395 8.27000045776367 8.07999992370606
-9999 -9999 -9999 -9999 -9999 13.9700002670288 14.0200004577637 13.9600001171168 13.9700002670288 14.0299997680947 14.3400001525879 14.3999996185303 14.4099998474121 14.3999996185303 14.3999996170127 14.3699998855591 14.1800003051758 14.1599998474121 14.5 14.2399997711182 14.1400003433228 13.9799995422363 13.680000300852 13.2399997711182 12.8599996566772 12.7700004577637 12.5100002288818 12.4700002670288 12.5699996948242 12.7299995422363 12.930000305136 12.9200000762939 12.7600002288818 12.2299995422363 11.3299999237061 10.5100002288818 10.1599998474121 9.78999996185303 9.35000038146973 9.27000045776367 9.23999977111816 8.97999954223633 8.89000034332275 8.85999965667725 8.61999988555908 8.11999988555908 7.86999988555908
-9999 -9999 -9999 -9999 -9999 14.2700004577637 14.3199996948242 14.289999961853 14.0000002129777 14.4200000762939 14.3100004196167 14.4200000762939 14.4799995422363 14.5200004577637 14.5200004577637 14.539999961853 14.4399995803833 14.3999996185303 14.4799995422363 14.25 14.0500001907349 13.6000003814697 13.1400003433228 12.710000038147 12.789999961853 12.8199996947486 12.8400001525879 12.9399995803833 13.1999998092651 13.3800001144409 13.4300003051758 13.4200000762939 13.4300003051758 12.7399997711182 11.7600002288818 10.8100004196167 10.1400003433312 9.9399995803833 9.52999973297119 9.27999973297119 9.02000045776367 8.89999961853027 8.9399995803833 9 8.73999977111817 8.26000022888184 7.92999982833862
-9999 -9999 -9999 -9999 -9999 14.2700004577637 14.3000001907349 14.5200004577637 14.3800001144409 14.3299999543097 14.3599996566772 14.4099998474121 14.4799995422363 14.5200004577637 14.4700002670288 14.3599996566772 14.2700004577637 14.0699996948242 14.3599996566772 13.9300003051758 13.7399997711931 13.5799999237061 13.1499996185303 12.6800003051758 12.5100002288818 12.77000045712 12.9399995803833 13.1999998092651 13.5299997329712 13.8100004196167 13.5900001525879 13.6000003814697 13.6000003814697 13.039999961853 12.1199998855591 11.1099996566772 10.3500003814794 10.0900001525879 9.65999984741211 9.23999977111816 8.92000007629394 9.26000022888184 9.26000022888184 9.19999980926514 8.82999992370605 8.44999980926514 8
-9999 -9999 -9999 -9999 -9999 14.3199996948242 14.470000284546 14.5900001525879 14.3900003433228 14.2399997711182 14.5000000914031 14.4700002609591 14.3699998855591 14.3199996948242 14.4399995803833 14.3999996185303 14.4200000740239 14.1999998092651 14.0299997329712 13.75 13.4300003051758 13.3900003433228 13.2399997711182 12.7399997711182 12.5600004196167 12.6899995803833 12.6999998092651 13.1599998461765 13.6000003814697 13.4300003051758 13.4700002670288 13.4600000381438 13.4700002670288 13.1000003814697 12.3400001525879 11.3900003433228 10.5699996948351 10.2399997711182 9.73999977111816 9.30000019073487 9.11999988555908 9.28999996185303 9.47000026702881 9.35000038146972 8.85999965667725 8.60000038146973 8.1899995803833
-9999 -9999 -9999 -9999 -9999 14.2600002288818 14.3900003433228 14.6700000762939 14.4300003051758 14.5100002288818 14.7299995422363 14.6899996390767 14.6999998092651 14.6400003433228 14.539999961853 14.539999961853 14.3900003433228 14.3800001144409 14 13.8500003814697 13.5799999237061 13.380000114488 13.3900003433228 12.8900003433228 12.7799997329712 12.6899995803833 12.5200004579088 12.3599996566772 12.5 13.0299997317255 13.1800003051758 13.2700004577637 13.2200002670288 13.0900001525879 12.5 11.6800003051758 10.8999996185303 10.5900001525879 9.97000026702881 9.52000045776367 9.30000019073486 9.25 9.3100004196167 9.17000007629395 9.01000022888184 8.71000003814697 8.40999984741211
-9999 -9999 -9999 -9999 -9999 13.9099998474121 14.210000038147 14.539999961853 14.460000038147 14.4300003051758 14.6899995803833 14.8699998855591 14.8999996838651 14.9799995422363 14.789999961853 14.5799999237061 14.6300001144409 14.4499998075923 14.1400003433228 13.8599996566772 13.6700000762939 13.3000001907349 13.1499996185303 13.0299997329712 12.9499998092651 12.6199998855591 12.1000003814697 11.8400001525879 12.2600002288818 12.5900001525879 12.8199996948242 13.0799999235569 13.0799999235814 13.0600004196167 12.6499996185303 11.9899997711182 11.3199996948242 11 10.3800001144409 9.86999988555908 9.60999965667724 9.52000045776367 9.44999980926519 9.47999954223633 9.30000019073487 9 8.56999969482422
-9999 -9999 -9999 -9999 -9999 12.6300001144409 13.960000038147 14.1400003433228 14.1599998520659 14.3000001907349 14.539999961853 14.9300003051758 15.3500003814697 15.1599999149093 15.0100002288818 14.7200002670288 14.7299995422363 14.289999961853 14.2600002288818 13.8100004196167 13.5 13.2799997329712 13.1899995805479 13.0500001907349 12.8900003433228 12.6599998474121 12.3000001907349 12.210000038147 12.3000001907349 12.6400003433228 12.8699998855591 12.9799995422363 12.9700002670288 13.0600004196167 12.779999733003 12.2899999619033 11.7399997711182 11.4399995803833 10.7799997329712 10.2700004577637 9.9399995803833 9.77999973297119 9.69999980926514 9.60999965667725 9.36999988555908 9.09000015258789 8.72999954223633
-9999 -9999 -9999 -9999 11.6499996185303 11.75 12.75 13.6099996566772 13.7299995422363 13.8100004196167 14.1199998855591 14.4700002670288 15.25 15.2600002288818 15.1400003410392 14.9099998474121 14.6899995803833 14.3800001144409 14.3199996938946 13.75 13.5299997329712 13.3900003433228 12.960000038147 12.8599996566772 12.789999961853 12.6400003433228 12.5299997329712 12.5699996947809 12.6400003433228 12.8900003433228 13.0600004196167 13.1800003051758 13.1899995803919 13.1400003433228 12.9099998474121 12.6899995803833 12.2799997329712 12 11.1000003814751 10.4799995422386 10.1800003051764 9.97000026702951 9.84000015258841 9.77000045776458 9.4399995803833 9.1899995803833 8.94999980926581
-9999 -9999 -9999 -9999 10.6899995803833 11.3900003433228 12.3999996185303 13.210000038147 13.1300001144409 13.4700005447952 14.3299999237061 14.8800001144409 15.3699998855591 15.3100004196167 15.0500001907349 14.4899997895405 14.7299995422363 14.3900003433228 13.6899995803833 13.539999961853 13.210000038147 13.2600002288818 12.8000001907349 12.6800003051758 12.6400003433228 12.5900001525879 12.7799997329712 12.9300003051758 13.0600004196167 13.289999961853 13.289999961853 13.289999961853 13.3800001144409 13.2200002670288 13.0799999237061 12.7600002288818 12.3400001525879 11.7600002288867 11.5 10.9300003051758 10.5500001907349 10.3900003433228 10.3400001525879 10.3000001907349 10.1199998855591 9.78999996185303 9.5600004196167
-9999 -9999 -9999 -9999 10.3800001144409 11.2200002670288 12.0100002288818 12.789999961853 13.710000038147 14.2299995422363 14.25 14.9200000762939 15.3000001907349 15 14.6899995803833 14.5699996948242 14.1899995803833 13.9700002670288 13.3999996185303 13.2399997711182 12.920000072164 12.6800003051758 13.1599998474121 13.0200004577637 12.539999961853 12.539999961853 12.9200000762939 13.1999998092651 13.3299999237061 13.4700002670288 13.5100002288818 13.5299997329712 13.4200000762939 13.3400001525879 13.2299995422363 12.8900003433228 12.4499998092651 11.8900003433273 11.6700000762939 11.1000003814697 10.6899995803833 10.6300001144409 10.539999961853 10.4700002670288 10.2399997711182 10.1199998855591 9.72999954223633
-9999 -9999 -9999 -9999 9.49999638123233 11.5299997329712 11.0299997510935 11.2799997329712 12.7299995422363 14.2200002670288 14.4700002670288 14.6300001144409 14.7700004577637 14.5799999237061 14.3100004196167 13.9799995422363 13.6199998855591 12.8999996185303 12.8900003179997 12.6199998855591 12.8500003814697 13.1599998474121 12.8699998855591 12.8100004196167 12.460000038147 12.7399997711182 12.9899997711182 13.1400003433228 13.5200004576619 13.5500001907349 13.5600004196167 13.5799999237061 13.6199998855591 13.5799999237061 13.3800001144409 13.039999961853 12.6000003814697 12.060000419621 11.8199996948242 11.3199996948242 10.8900003433228 10.9200000762939 10.9099998474121 10.8500003814697 10.7299995422363 10.3299999237061 10.1599998474121
-9999 -9999 -9999 -9999 7 10.9099991650344 10.460000038147 11.0699996948242 12.0600004196167 13.1400003433228 13.8800001144409 13.8199996948242 14.2399997711182 14.0299997329712 13.8299999237061 13.460000038147 13.2299995422363 12.7200002670288 12.1700000762939 11.6499996185303 11.1300001144409 11.7600002011585 12.210000038147 12.710000038147 12.710000038147 12.789999961853 12.9899997711182 13.3000001907349 13.5900001525879 13.6899995803833 13.5600004196167 13.6000003814697 13.4700002670288 13.5600004196167 13.5200004577637 13.2200002670288 12.789999961853 12.2799997329712 12.0500001907349 11.5299997329712 11.2399997711182 11.3100004196167 11.1899995803833 11.1899995803833 11 10.7600002288818 10.4799995422363
-9999 -9999 -9999 -9999 7.63000011444092 5.73000001907349 8.66000007780131 9.81999996817289 11.3999996185303 11.8199996948242 12.5100002288818 12.8999996185303 13.1999998092651 13.5 13.5799999237061 13.1899995803833 13.0799999237061 12.5799999237061 11.4200000762939 10.8999996185303 10.8400001525879 11.1400003433228 11.9799995407901 12.6300001144409 12.3500003820451 12.6999998092651 13.1099996566772 13.2200002670288 13.3000001907349 13.6899995803833 13.75 13.7299995422363 13.6400003433228 13.529999732974 13.5900001525879 13.3800001144409 12.9899997711182 12.5799999237061 12.3500003814697 11.8500003814697 11.5500001907349 11.6700000762939 11.7299995422363 11.6300001144409 11.3299999237061 11.1899995803833 10.9499998092651
-9999 -9999 -9999 -9999 6.34000015258789 6.78000020980835 6.19000005722046 8.75000061097014 11.0699996948242 11.3299999237061 11.3800001144409 12.1000003814697 12.3800001443431 13.2799997329712 13.3199996948242 13.0100002288818 12.7200002652714 12.1999998092651 11.1899995803833 10.6300001144409 10.5900001525879 10.7799997318463 11.7600002248599 12.0900001525879 12.5699996948242 12.9099998474121 13.2799997329712 13.3800001144409 13.4200000762939 13.460000038147 13.75 13.8900003433228 13.8999996185303 13.7200002670288 13.6599998474121 13.6300001144409 13.2600002288818 12.9200000762939 12.6899995803833 12.3400001525879 12.1300001144409 12.0200004577637 12.119999885559 11.8199996948242 11.6499996185303 11.460000038147 11.4099998474121
-9999 -9999 -9999 -9999 6.07999882447995 5.25 5.61999988555908 9.69999980926514 10.0500001907349 11.8100004196167 11.289999961853 12.3100004196167 12.8699998855591 13.0799999237061 12.8100004196167 12.9300003051758 12.3000001907349 11.88000011003 10.3800001143745 10.3400001525879 10.5699996942777 10.710000038147 11.6400003433228 12.0799999237061 12.6400003433228 12.8999996185303 13.3100004196167 13.3599996566772 13.3800001144409 13.5299997329712 13.789999961853 13.8800001144409 13.8999996185303 13.8299999237061 13.8199996948242 13.8599996566772 13.6400003433228 13.289999961853 13.0900001525879 12.8000001907349 12.4499998092651 12.3299999237061 12.460000038147 12.0699996948242 12.0100002288818 11.8900003433228 11.8500003814697
-9999 -9999 -9999 -9999 5.13000011444092 4.46000003814697 5.46999979019165 6.94999980926514 12.2600002288818 12.0699996948242 11.539999961853 11.7799997329712 11.960000038147 12.6099996566772 13.1400003433228 12.789999961853 12.2700004577637 10.4899997711182 10.5299997329712 10.5100002288818 10.1800003051758 10.539999961853 11.4499998092651 12.0699996938311 12.7799997329712 13.3299999237061 13.3900003433228 13.2700004577637 13.3699998855591 13.3999996185303 13.8699998855591 14.0500001907349 13.9099998474121 13.8599996566772 13.8500003814697 13.8900003433228 13.7700004577637 13.539999961853 13.4300003051758 13.1599998474121 12.789999961853 12.6599998474121 12.6700000762939 12.4300003051758 12.289999961853 12.3299999237061 12.1599998474121
-9999 -9999 -9999 -9999 4.53000020980835 6.17000007629395 6.46000003814697 11.960000038147 8.98999977111816 9.19999980926514 10.6400003433228 11.0500001907349 11.789999961853 12.9300003051758 12.6499996185303 12.6000003814697 12.3400001525879 11.539999961853 10.8699998855591 10.5500001907349 10 10.539999961853 11.1400003433228 12.0299997302733 12.5299997329712 13.1099996566772 13.4099998474121 13.3199996948242 13.4300003051758 13.6999998092651 13.9399995803833 14.0900001525879 13.8999996185303 13.8299999237061 13.8400001525879 13.7399997711182 13.6800003051758 13.5500001907349 13.5299997329712 13.5200004577637 13.3000001907349 13.1099996566772 12.8000001907349 12.75 12.5600004196167 12.6700000762939 12.5600004196167
