SnowAccumulation_R/test/tmax/max_1.asc
NCOLS 144 
NROWS 72 
XLLCORNER -107.999996877414 
YLLCORNER 47.0000011447333 
CELLSIZE 0.0833333376702586 
NODATA_value -3.4e+38 
[rows 40 to 59 of 72, columns 0 to 44 of 144]
-4.96000003814697 -5 -5.17000007629395 -5.21000003814697 -5.21000003814697 -5.1399998664856 -5.19000005722046 -5.15999984741211 -5.19000005722046 -5.26999998092651 -5.32999992370605 -5.40000009536743 -5.51000022888184 -5.6399998664856 -5.73999977111816 -5.78000020980835 -5.86999988555908 -5.98000001907349 -6.07000017166138 -6.1399998664856 -6.19000005722046 -6.26000022888184 -6.28000020980835 -6.26000022888184 -6.28999996185303 -6.26000022888184 -6.25 -6.32999992370605 -6.40999984741211 -6.53000020980835 -6.65999984741211 -6.75 -6.80999994277954 -6.82000017166138 -6.96999979019165 -7.09999990463257 -7.26999998092651 -7.40000009536743 -7.57000017166138 -7.69000005722046 -7.73000001907349 -7.80999994277954 -7.90999984741211 -8.02000045776367 -8.09000015258789
-4.98999977111816 -5.09999990463257 -5.23999977111816 -5.34999990463257 -5.40999984741211 -5.30000019073486 -5.21000003814697 -5.23000001907349 -5.28000020980835 -5.26999998092651 -5.3600001335144 -5.44999980926514 -5.57000017166138 -5.67999982833862 -5.65999984741211 -5.73999977111816 -5.82999992370605 -5.92999982833862 -5.96999979019165 -6.05999994277954 -6.11999988555908 -6.17999982833862 -6.21999979019165 -6.23000001907349 -6.23999977111816 -6.23999977111816 -6.26000022888184 -6.30999994277954 -6.30000019073486 -6.46999979019165 -6.53999996185303 -6.57000017166138 -6.6100001335144 -6.65999984741211 -6.80000019073486 -6.92999982833862 -7.07000017166138 -7.21999979019165 -7.38000011444092 -7.51000022888184 -7.61999988555908 -7.67000007629395 -7.73000001907349 -7.80999994277954 -7.92000007629395
-5.07000017166138 -5.1399998664856 -5.15000009536743 -5.21999979019165 -5.28999996185303 -5.36999988555908 -5.34000015258789 -5.42000007629395 -5.38000011444092 -5.42000007629395 -5.46999979019165 -5.53999996185303 -5.63000011444092 -5.6100001335144 -5.6399998664856 -5.73999977111816 -5.82999992370605 -5.92999982833862 -5.98999977111816 -5.98999977111816 -6.01999998092651 -6.09000015258789 -6.1399998664856 -6.15000009536743 -6.21000003814697 -6.17999982833862 -6.17000007629395 -6.17999982833862 -6.1399998664856 -6.21000003814697 -6.25 -6.36999988555908 -6.40000009536743 -6.40999984741211 -6.53000020980835 -6.73000001907349 -6.90000009536743 -7.07999992370605 -7.23999977111816 -7.34000015258789 -7.42999982833862 -7.53000020980835 -7.63000011444092 -7.63000011444092 -7.71000003814697
-4.96000003814697 -5.01999998092651 -5.09000015258789 -5.13000011444092 -5.19999980926514 -5.34000015258789 -5.51000022888184 -5.59000015258789 -5.57999992370605 -5.57000017166138 -5.57000017166138 -5.59999990463257 -5.65999984741211 -5.61999988555908 -5.67999982833862 -5.80999994277954 -5.84999990463257 -5.96999979019165 -6.05999994277954 -6.05000019073486 -6.09000015258789 -6.13000011444092 -6.26999998092651 -6.23999977111816 -6.23999977111816 -6.32000017166138 -6.3600001335144 -6.38000011444092 -6.30000019073486 -6.19000005722046 -6.17000007629395 -6.1399998664856 -6.17000007629395 -6.23999977111816 -6.34000015258789 -6.53000020980835 -6.65999984741211 -6.84000015258789 -6.98999977111816 -7.13000011444092 -7.26000022888184 -7.38000011444092 -7.51000022888184 -7.59999990463257 -7.67999982833862
-4.96000003814697 -4.98000001907349 -5 -5.01000022888184 -5.11999988555908 -5.23000001907349 -5.3899998664856 -5.5 -5.55000019073486 -5.67000007629395 -5.65000009536743 -5.67999982833862 -5.6399998664856 -5.76999998092651 -5.84000015258789 -6 -6.03999996185303 -6.11999988555908 -6.21000003814697 -6.19999980926514 -6.26999998092651 -6.26999998092651 -6.19000005722046 -6.13000011444092 -6.15000009536743 -6.15000009536743 -6.17000007629395 -6.32000017166138 -6.26000022888184 -6.17000007629395 -6.07999992370605 -6.05000019073486 -6.07999992370605 -6.19000005722046 -6.21999979019165 -6.36999988555908 -6.59000015258789 -6.73000001907349 -6.80999994277954 -6.94000005722046 -7.09999990463257 -7.23999977111816 -7.3600001335144 -7.44999980926514 -7.53000020980835
-4.82000017166138 -4.94000005722046 -4.92999982833862 -4.92000007629395 -5.05000019073486 -5.09000015258789 -5.23000001907349 -5.30999994277954 -5.40999984741211 -5.59000015258789 -5.69999980926514 -5.76999998092651 -5.76999998092651 -5.80999994277954 -5.92000007629395 -5.96000003814697 -6.05000019073486 -6.05000019073486 -6.09000015258789 -6.17999982833862 -6.17999982833862 -6.17000007629395 -6.19000005722046 -6.17999982833862 -6.05000019073486 -6.01000022888184 -6.03000020980835 -6.09000015258789 -6.13000011444092 -6.07000017166138 -6.13000011444092 -6.19999980926514 -6.23000001907349 -6.17000007629395 -6.25 -6.21999979019165 -6.26999998092651 -6.42000007629395 -6.51000022888184 -6.73000001907349 -6.84999990463257 -6.98000001907349 -7.11999988555908 -7.25 -7.36999988555908
-4.65999984741211 -4.76999998092651 -4.80000019073486 -4.88000011444092 -4.94000005722046 -4.96999979019165 -5.01999998092651 -5.11999988555908 -5.30000019073486 -5.51999998092651 -5.55000019073486 -5.57999992370605 -5.65000009536743 -5.67000007629395 -5.69000005722046 -5.73000001907349 -5.82999992370605 -5.84999990463257 -5.8899998664856 -5.94999980926514 -6.07999992370605 -6.09999990463257 -6.05000019073486 -5.98999977111816 -6.03000020980835 -5.96999979019165 -5.94000005722046 -5.92999982833862 -5.8899998664856 -5.8899998664856 -5.92000007629395 -6.09000015258789 -6.07999992370605 -6.05999994277954 -6.09999990463257 -6.15999984741211 -6.15000009536743 -6.11999988555908 -6.30000019073486 -6.3899998664856 -6.5 -6.67999982833862 -6.88000011444092 -7.07999992370605 -7.21000003814697
-4.46000003814697 -4.59000015258789 -4.67999982833862 -4.67999982833862 -4.76000022888184 -4.84000015258789 -4.92000007629395 -4.96999979019165 -5.07000017166138 -5.28999996185303 -5.34999990463257 -5.38000011444092 -5.40000009536743 -5.44999980926514 -5.46999979019165 -5.53000020980835 -5.6100001335144 -5.71999979019165 -5.76999998092651 -5.78999996185303 -5.8600001335144 -5.96000003814697 -5.94999980926514 -5.86999988555908 -5.78000020980835 -5.76000022888184 -5.73000001907349 -5.71000003814697 -5.82000017166138 -5.78000020980835 -5.69000005722046 -5.75 -5.82999992370605 -5.84999990463257 -5.82999992370605 -5.94000005722046 -6 -5.96000003814697 -6.09999990463257 -6.21000003814697 -6.26999998092651 -6.3899998664856 -6.53999996185303 -6.73999977111816 -6.92000007629395
-4.26000022888184 -4.30999994277954 -4.46000003814697 -4.53999996185303 -4.51000022888184 -4.6399998664856 -4.76999998092651 -4.86999988555908 -4.90000009536743 -5.09000015258789 -5.15999984741211 -5.17000007629395 -5.21000003814697 -5.23999977111816 -5.30000019073486 -5.3899998664856 -5.46999979019165 -5.63000011444092 -5.71999979019165 -5.69000005722046 -5.67999982833862 -5.76000022888184 -5.82000017166138 -5.80000019073486 -5.76000022888184 -5.67999982833862 -5.57999992370605 -5.5 -5.5 -5.57999992370605 -5.48000001907349 -5.5 -5.61999988555908 -5.78999996185303 -5.73000001907349 -5.6399998664856 -5.61999988555908 -5.75 -5.96999979019165 -6.05999994277954 -6.11999988555908 -6.28999996185303 -6.3899998664856 -6.51000022888184 -6.55000019073486
-4.01000022888184 -4.1100001335144 -4.11999988555908 -4.19000005722046 -4.23999977111816 -4.40999984741211 -4.57999992370605 -4.69000005722046 -4.61999988555908 -4.76999998092651 -4.8600001335144 -4.92999982833862 -4.94999980926514 -5.03000020980835 -5.15999984741211 -5.23999977111816 -5.34000015258789 -5.53000020980835 -5.63000011444092 -5.6399998664856 -5.65000009536743 -5.59000015258789 -5.53999996185303 -5.59999990463257 -5.6399998664856 -5.5 -5.3899998664856 -5.32000017166138 -5.28999996185303 -5.23000001907349 -5.19999980926514 -5.32000017166138 -5.53999996185303 -5.59999990463257 -5.55999994277954 -5.48999977111816 -5.38000011444092 -5.53999996185303 -5.63000011444092 -5.67999982833862 -5.73999977111816 -5.94999980926514 -6.13000011444092 -6.36999988555908 -6.38000011444092
-3.70000004768372 -3.80999994277954 -3.90000009536743 -3.91000008583069 -3.95000004768372 -4.17999982833862 -4.30999994277954 -4.42999982833862 -4.42999982833862 -4.46000003814697 -4.57000017166138 -4.63000011444092 -4.69000005722046 -4.82999992370605 -4.94999980926514 -5.05000019073486 -5.21999979019165 -5.3600001335144 -5.42999982833862 -5.48000001907349 -5.5 -5.51000022888184 -5.48000001907349 -5.38000011444092 -5.34000015258789 -5.40999984741211 -5.40999984741211 -5.28000020980835 -5.21999979019165 -5.17999982833862 -5.05999994277954 -5.26000022888184 -5.44999980926514 -5.53999996185303 -5.53000020980835 -5.34000015258789 -5.26000022888184 -5.26000022888184 -5.26999998092651 -5.30999994277954 -5.30999994277954 -5.42000007629395 -5.73000001907349 -6.05000019073486 -6.19000005722046
-3.38000011444092 -3.50999999046326 -3.63000011444092 -3.6800000667572 -3.69000005722046 -3.86999988555908 -3.99000000953674 -4.1100001335144 -4.15000009536743 -4.15000009536743 -4.30000019073486 -4.38000011444092 -4.48000001907349 -4.59000015258789 -4.73000001907349 -4.88000011444092 -5.01999998092651 -5.15000009536743 -5.17000007629395 -5.25 -5.26999998092651 -5.28999996185303 -5.32000017166138 -5.30999994277954 -5.26000022888184 -5.19999980926514 -5.19000005722046 -5.17999982833862 -5.15999984741211 -5.15000009536743 -4.96999979019165 -5.05000019073486 -5.26999998092651 -5.34999990463257 -5.34999990463257 -5.28999996185303 -5.34999990463257 -5.36999988555908 -5.3600001335144 -5.28999996185303 -5.42000007629395 -5.32000017166138 -5.36999988555908 -5.65999984741211 -5.8899998664856
-3.03999996185303 -3.19000005722046 -3.29999995231628 -3.36999988555908 -3.44000005722046 -3.51999998092651 -3.66000008583069 -3.76999998092651 -3.79999995231628 -3.95000004768372 -4.09000015258789 -4.15999984741211 -4.19000005722046 -4.34999990463257 -4.57000017166138 -4.75 -4.82000017166138 -4.88000011444092 -4.94000005722046 -5 -5.05000019073486 -5.09999990463257 -5.15999984741211 -5.17999982833862 -5.17000007629395 -5.15000009536743 -5.05999994277954 -4.98000001907349 -4.90999984741211 -4.94000005722046 -4.90000009536743 -4.80999994277954 -5.09999990463257 -5.17000007629395 -5.17000007629395 -5.21000003814697 -5.17999982833862 -5.15000009536743 -5.1399998664856 -5.23999977111816 -5.23999977111816 -5.25 -5.26000022888184 -5.51999998092651 -5.6399998664856
-2.77999997138977 -2.91000008583069 -3.00999999046326 -3.07999992370605 -3.16000008583069 -3.23000001907349 -3.30999994277954 -3.40000009536743 -3.48000001907349 -3.58999991416931 -3.74000000953674 -3.82999992370605 -3.97000002861023 -4.17000007629395 -4.32999992370605 -4.44999980926514 -4.57000017166138 -4.61999988555908 -4.69000005722046 -4.80000019073486 -4.86999988555908 -4.92999982833862 -4.96000003814697 -5.01000022888184 -5.03000020980835 -4.92000007629395 -4.84999990463257 -4.78999996185303 -4.76000022888184 -4.76000022888184 -4.69999980926514 -4.6399998664856 -4.82999992370605 -4.92999982833862 -4.98999977111816 -4.96999979019165 -5 -5.07999992370605 -5.03000020980835 -5 -5.01000022888184 -5.03999996185303 -5.15999984741211 -5.32000017166138 -5.36999988555908
-2.5 -2.65000009536743 -2.75999999046326 -2.83999991416931 -2.90000009536743 -2.98000001907349 -3.07999992370605 -3.14000010490417 -3.21000003814697 -3.29999995231628 -3.40000009536743 -3.52999997138977 -3.69000005722046 -3.85999989509583 -4.01999998092651 -4.17000007629395 -4.30999994277954 -4.42000007629395 -4.46000003814697 -4.55000019073486 -4.59999990463257 -4.71000003814697 -4.73000001907349 -4.78999996185303 -4.8600001335144 -4.84999990463257 -4.84999990463257 -4.84000015258789 -4.8600001335144 -4.8600001335144 -4.73000001907349 -4.57999992370605 -4.48000001907349 -4.6100001335144 -4.76999998092651 -4.84000015258789 -4.73999977111816 -4.76000022888184 -4.80999994277954 -4.88000011444092 -4.84999990463257 -4.88000011444092 -5.03000020980835 -5.07999992370605 -5.19999980926514
-2.24000000953674 -2.4300000667572 -2.51999998092651 -2.57999992370605 -2.63000011444092 -2.71000003814697 -2.83999991416931 -2.89000010490417 -2.95000004768372 -3.0699999332428 -3.1800000667572 -3.30999994277954 -3.4300000667572 -3.55999994277954 -3.75 -3.92000007629395 -4.07000017166138 -4.19999980926514 -4.25 -4.28000020980835 -4.40999984741211 -4.48000001907349 -4.51000022888184 -4.55999994277954 -4.61999988555908 -4.6100001335144 -4.6100001335144 -4.6100001335144 -4.59999990463257 -4.61999988555908 -4.59000015258789 -4.59999990463257 -4.48999977111816 -4.32000017166138 -4.30999994277954 -4.46999979019165 -4.53000020980835 -4.53000020980835 -4.51000022888184 -4.55999994277954 -4.59999990463257 -4.67999982833862 -4.88000011444092 -5.01000022888184 -5.17000007629395
-1.9099999666214 -2.0699999332428 -2.19000005722046 -2.28999996185303 -2.33999991416931 -2.4300000667572 -2.53999996185303 -2.61999988555908 -2.6800000667572 -2.79999995231628 -2.9300000667572 -3.07999992370605 -3.24000000953674 -3.38000011444092 -3.52999997138977 -3.70000004768372 -3.83999991416931 -3.94000005722046 -4.03000020980835 -4.03000020980835 -4.15999984741211 -4.23000001907349 -4.21999979019165 -4.28999996185303 -4.34999990463257 -4.32999992370605 -4.28999996185303 -4.3899998664856 -4.34999990463257 -4.32999992370605 -4.34999990463257 -4.26999998092651 -4.34000015258789 -4.26999998092651 -4.1100001335144 -4.17999982833862 -4.21000003814697 -4.21000003814697 -4.23999977111816 -4.28999996185303 -4.44999980926514 -4.6100001335144 -4.69999980926514 -4.8899998664856 -4.98999977111816
-1.54999995231628 -1.71000003814697 -1.8400000333786 -1.95000004768372 -2.03999996185303 -2.09999990463257 -2.22000002861023 -2.32999992370605 -2.42000007629395 -2.54999995231628 -2.70000004768372 -2.83999991416931 -3 -3.17000007629395 -3.32999992370605 -3.49000000953674 -3.66000008583069 -3.71000003814697 -3.73000001907349 -3.73000001907349 -3.8199999332428 -3.86999988555908 -3.91000008583069 -3.94000005722046 -4.03000020980835 -4.09000015258789 -4.01999998092651 -4.03000020980835 -4.05999994277954 -3.99000000953674 -3.97000002861023 -3.9300000667572 -3.92000007629395 -3.89000010490417 -3.85999989509583 -3.9300000667572 -3.97000002861023 -4.07000017166138 -4.17000007629395 -4.11999988555908 -4.28000020980835 -4.48000001907349 -4.51999998092651 -4.6100001335144 -4.6399998664856
-1.23000001907349 -1.36000001430511 -1.49000000953674 -1.60000002384186 -1.69000005722046 -1.77999997138977 -1.9099999666214 -2.03999996185303 -2.15000009536743 -2.28999996185303 -2.4300000667572 -2.55999994277954 -2.73000001907349 -2.89000010490417 -3.04999995231628 -3.19000005722046 -3.29999995231628 -3.32999992370605 -3.32999992370605 -3.34999990463257 -3.39000010490417 -3.45000004768372 -3.5 -3.52999997138977 -3.57999992370605 -3.60999989509583 -3.6800000667572 -3.66000008583069 -3.67000007629395 -3.60999989509583 -3.55999994277954 -3.54999995231628 -3.54999995231628 -3.5699999332428 -3.63000011444092 -3.70000004768372 -3.69000005722046 -3.74000000953674 -3.83999991416931 -3.90000009536743 -3.94000005722046 -4.05999994277954 -4.13000011444092 -4.25 -4.34000015258789
-0.939999997615814 -1.07000005245209 -1.17999994754791 -1.27999997138977 -1.36000001430511 -1.46000003814697 -1.62999999523163 -1.75 -1.89999997615814 -2.03999996185303 -2.16000008583069 -2.28999996185303 -2.42000007629395 -2.55999994277954 -2.6800000667572 -2.77999997138977 -2.90000009536743 -2.97000002861023 -2.96000003814697 -3.00999999046326 -3.08999991416931 -3.04999995231628 -3.0699999332428 -3.08999991416931 -3.15000009536743 -3.1800000667572 -3.24000000953674 -3.27999997138977 -3.32999992370605 -3.36999988555908 -3.39000010490417 -3.36999988555908 -3.38000011444092 -3.40000009536743 -3.41000008583069 -3.45000004768372 -3.60999989509583 -3.64000010490417 -3.71000003814697 -3.80999994277954 -3.88000011444092 -3.89000010490417 -4.01000022888184 -4.03999996185303 -4.05999994277954
