SnowAccumulation_R/test/tmax/max_4.asc
NCOLS 144 
NROWS 72 
XLLCORNER -107.999996877414 
YLLCORNER 47.0000011447333 
CELLSIZE 0.0833333376702586 
NODATA_value -3.4e+38 
[rows 42 to 62 of 72, columns 92 to 137 of 144]
11.1899995803833 11.0799999237061 10.9899997711182 10.9499998092651 11.0100002288818 11.0200004577637 10.9300003051758 10.9300003051758 10.8299999237061 10.8599996566772 10.9700002670288 11.0200004577637 11.0299997329712 11 10.9499998092651 10.8599996566772 10.6300001144409 10.5100002288818 10.4099998474121 10.3900003433228 10.3000001907349 10.2799997329712 10.4300003051758 10.7299995422363 11 11.0299997329712 11.0100002288818 11 10.9899997711182 10.9899997711182 10.9799995422363 10.9899997711182 10.9899997711182 10.9799995422363 10.9700002670288 10.9499998092651 10.9099998474121 10.8699998855591 10.8199996948242 10.7600002288818 10.710000038147 10.6300001144409 10.5699996948242 10.539999961853 10.5100002288818 10.4700002670288
11.0799999237061 11.0200004577637 10.9300003051758 10.8800001144409 10.8599996566772 10.8599996566772 10.8699998855591 10.8800001144409 10.9399995803833 10.8599996566772 10.8100004196167 10.8999996185303 10.9300003051758 10.8800001144409 10.8400001525879 10.7200002670288 10.6099996566772 10.6099996566772 10.5 10.3199996948242 10.2299995422363 10.1400003433228 10.1300001144409 10.3500003814697 10.8000001907349 10.9700002670288 11 11.0200004577637 11.0100002288818 11 10.9899997711182 11.0100002288818 11.0200004577637 11.0100002288818 11.0200004577637 11.0200004577637 10.9799995422363 10.9200000762939 10.8699998855591 10.8299999237061 10.7600002288818 10.6599998474121 10.5900001525879 10.5500001907349 10.5200004577637 10.4799995422363
11.0500001907349 11.0100002288818 10.9300003051758 10.8500003814697 10.8199996948242 10.8100004196167 10.8100004196167 10.8699998855591 10.9099998474121 10.9899997711182 10.8900003433228 10.8100004196167 10.9399995803833 10.8100004196167 10.7200002670288 10.6800003051758 10.6199998855591 10.4499998092651 10.4899997711182 10.4799995422363 10.2700004577637 10.1400003433228 10.0600004196167 10.1099996566772 10.4099998474121 10.8500003814697 10.9700002670288 11 11.0100002288818 11 11 11.0200004577637 11.039999961853 11.039999961853 11.039999961853 11.0299997329712 11 10.960000038147 10.9200000762939 10.8800001144409 10.8000001907349 10.6899995803833 10.6400003433228 10.6000003814697 10.5699996948242 10.539999961853
11.0500001907349 10.960000038147 10.8599996566772 10.8199996948242 10.789999961853 10.8100004196167 10.8400001525879 10.8699998855591 10.9099998474121 10.9700002670288 11.0200004577637 11.039999961853 10.9700002670288 10.8800001144409 10.8299999237061 10.7600002288818 10.539999961853 10.4099998474121 10.3999996185303 10.4300003051758 10.4099998474121 10.1800003051758 10.1000003814697 10.1000003814697 10.3000001907349 10.5799999237061 10.8599996566772 10.9499998092651 10.9899997711182 11 11.0200004577637 11.039999961853 11.0500001907349 11.039999961853 11.0299997329712 11.0200004577637 11.0100002288818 10.9799995422363 10.9499998092651 10.8999996185303 10.8199996948242 10.7200002670288 10.6999998092651 10.6700000762939 10.6599998474121 10.6499996185303
10.5200004577637 10.4099998474121 10.3999996185303 10.4700002670288 10.5500001907349 10.6199998855591 10.6700000762939 10.75 10.8699998855591 11 11.0600004196167 11.0799999237061 11.0100002288818 10.9099998474121 10.8100004196167 10.7200002670288 10.6000003814697 10.5200004577637 10.5100002288818 10.4700002670288 10.4499998092651 10.3900003433228 10.1999998092651 10.2700004577637 10.1899995803833 10.3199996948242 10.6199998855591 10.8999996185303 10.9799995422363 11 11.0200004577637 11.039999961853 11.039999961853 11.0500001907349 11.039999961853 11.0299997329712 11.0200004577637 11 10.9899997711182 10.9399995803833 10.8500003814697 10.7700004577637 10.7399997711182 10.7299995422363 10.7200002670288 10.6999998092651
10.0799999237061 9.89000034332275 9.77999973297119 9.72000026702881 10.0299997329712 10.3400001525879 10.4899997711182 10.6000003814697 10.7200002670288 10.9300003051758 11.0900001525879 11.1599998474121 11.1000003814697 10.9300003051758 10.8100004196167 10.7299995422363 10.6700000762939 10.5900001525879 10.5500001907349 10.539999961853 10.4499998092651 10.5 10.4399995803833 10.3199996948242 10.3199996948242 10.1800003051758 10.2399997711182 10.8000001907349 11 11.0200004577637 11.039999961853 11.0500001907349 11.039999961853 11.0600004196167 11.0799999237061 11.0799999237061 11.0600004196167 11.0500001907349 11.0200004577637 10.9899997711182 10.8800001144409 10.8100004196167 10.789999961853 10.7799997329712 10.7700004577637 10.7799997329712
10.210000038147 10.1199998855591 10.1700000762939 9.86999988555908 9.92000007629395 10.0900001525879 10.1700000762939 10.5 10.6700000762939 10.8199996948242 11 11.1499996185303 11.1800003051758 11.0799999237061 10.8699998855591 10.7200002670288 10.6499996185303 10.5500001907349 10.4799995422363 10.4300003051758 10.3500003814697 10.2700004577637 10.210000038147 10.1599998474121 10.1499996185303 10.2600002288818 10.3299999237061 10.5900001525879 10.9300003051758 11.0200004577637 11.0200004577637 11.039999961853 11.0600004196167 11.0799999237061 11.1000003814697 11.1099996566772 11.1000003814697 11.0799999237061 11.0500001907349 11.039999961853 10.9700002670288 10.8699998855591 10.8199996948242 10.8100004196167 10.8199996948242 10.8500003814697
10.4300003051758 10.3800001144409 10.5 10.4200000762939 10.2799997329712 10.2200002670288 10.3599996566772 10.4700002670288 10.8000001907349 10.8800001144409 10.9899997711182 11.1300001144409 11.1800003051758 11.1400003433228 10.9700002670288 10.7700004577637 10.6899995803833 10.6099996566772 10.5299997329712 10.4899997711182 10.4099998474121 10.3000001907349 10.210000038147 10.1400003433228 10.1300001144409 10.1499996185303 10.2200002670288 10.539999961853 10.7200002670288 10.8299999237061 11.0299997329712 11.0500001907349 11.1199998855591 11.1599998474121 11.1800003051758 11.1899995803833 11.1800003051758 11.1599998474121 11.1300001144409 11.1000003814697 11.0600004196167 11 10.9499998092651 10.9300003051758 10.9399995803833 10.9499998092651
11.6199998855591 11.5100002288818 11.4499998092651 11.3800001144409 11.2600002288818 11.1099996566772 10.9799995422363 10.9300003051758 10.9700002670288 10.9899997711182 11.039999961853 11.1099996566772 11.1999998092651 11.1800003051758 11.0500001907349 10.8900003433228 10.7600002288818 10.6599998474121 10.5900001525879 10.5500001907349 10.4700002670288 10.3699998855591 10.2600002288818 10.1700000762939 10.1199998855591 10.1199998855591 10.2200002670288 10.3199996948242 10.6700000762939 10.9499998092651 11.0799999237061 11.1599998474121 11.2399997711182 11.289999961853 11.3100004196167 11.3100004196167 11.289999961853 11.2799997329712 11.2399997711182 11.1899995803833 11.1199998855591 11.1000003814697 11.0799999237061 11.0500001907349 11.0600004196167 11.0600004196167
12.0100002288818 11.9200000762939 11.8100004196167 11.7200002670288 11.6599998474121 11.539999961853 11.4200000762939 11.3199996948242 11.210000038147 11.1400003433228 11.1400003433228 11.1899995803833 11.2600002288818 11.2600002288818 11.1400003433228 10.9799995422363 10.8599996566772 10.7600002288818 10.6800003051758 10.5900001525879 10.5299997329712 10.460000038147 10.3599996566772 10.289999961853 10.210000038147 10.210000038147 10.2600002288818 10.3500003814697 10.5900001525879 11.1899995803833 11.3400001525879 11.3800001144409 11.4399995803833 11.4799995422363 11.4799995422363 11.4700002670288 11.460000038147 11.4399995803833 11.3999996185303 11.3500003814697 11.289999961853 11.2700004577637 11.25 11.2200002670288 11.1899995803833 11.1899995803833
12.2200002670288 12.1599998474121 12.0699996948242 11.8999996185303 11.8100004196167 11.75 11.6700000762939 11.6000003814697 11.460000038147 11.3500003814697 11.3299999237061 11.3800001144409 11.3999996185303 11.3699998855591 11.2600002288818 11.1400003433228 11.0200004577637 10.8900003433228 10.8000001907349 10.6999998092651 10.6599998474121 10.6099996566772 10.5100002288818 10.4200000762939 10.3699998855591 10.3999996185303 10.4200000762939 10.5200004577637 10.7600002288818 11.2399997711182 11.5900001525879 11.6800003051758 11.6899995803833 11.6999998092651 11.6999998092651 11.6800003051758 11.6499996185303 11.6199998855591 11.5900001525879 11.5500001907349 11.5100002288818 11.4799995422363 11.4499998092651 11.4099998474121 11.3299999237061 11.3199996948242
12.3400001525879 12.2799997329712 12.1899995803833 12 11.9399995803833 11.8000001907349 11.6899995803833 11.6899995803833 11.6400003433228 11.6099996566772 11.5699996948242 11.6000003814697 11.5600004196167 11.4799995422363 11.3599996566772 11.2700004577637 11.1899995803833 11.0699996948242 10.9399995803833 10.8599996566772 10.8100004196167 10.7799997329712 10.6800003051758 10.6000003814697 10.5200004577637 10.5299997329712 10.6300001144409 10.789999961853 11.0200004577637 11.4200000762939 11.7600002288818 11.9499998092651 11.9700002670288 11.9499998092651 11.9099998474121 11.8800001144409 11.8500003814697 11.8100004196167 11.789999961853 11.75 11.710000038147 11.6800003051758 11.6499996185303 11.6000003814697 11.5200004577637 11.460000038147
12.4300003051758 12.3900003433228 12.3400001525879 12.1899995803833 12.0900001525879 12.0200004577637 11.8100004196167 11.710000038147 11.7399997711182 11.7399997711182 11.7600002288818 11.7399997711182 11.6899995803833 11.5900001525879 11.5 11.3900003433228 11.3000001907349 11.2200002670288 11.0900001525879 11.0299997329712 10.9799995422363 10.9200000762939 10.8599996566772 10.789999961853 10.75 10.7299995422363 10.789999961853 10.9700002670288 11.2600002288818 11.6000003814697 11.8999996185303 12.1999998092651 12.210000038147 12.1800003051758 12.1300001144409 12.0900001525879 12.039999961853 11.9899997711182 11.9700002670288 11.9200000762939 11.8800001144409 11.8500003814697 11.8199996948242 11.7799997329712 11.710000038147 11.6300001144409
12.5200004577637 12.4799995422363 12.460000038147 12.3999996185303 12.289999961853 12.1999998092651 11.9899997711182 11.9099998474121 11.8299999237061 11.8000001907349 11.8199996948242 11.789999961853 11.7399997711182 11.6899995803833 11.6499996185303 11.539999961853 11.460000038147 11.3800001144409 11.2700004577637 11.1999998092651 11.1400003433228 11.0699996948242 11.0299997329712 11 10.960000038147 10.9399995803833 10.9399995803833 11.0600004196167 11.3500003814697 11.7299995422363 11.9700002670288 12.3199996948242 12.3400001525879 12.3000001907349 12.2700004577637 12.2200002670288 12.1700000762939 12.1300001144409 12.1000003814697 12.0699996948242 12.0500001907349 12.0200004577637 11.9799995422363 11.9399995803833 11.8900003433228 11.8199996948242
12.5900001525879 12.4899997711182 12.3800001144409 12.4099998474121 12.3699998855591 12.289999961853 12.1599998474121 12.0299997329712 11.9300003051758 11.8699998855591 11.8500003814697 11.8299999237061 11.789999961853 11.8100004196167 11.7600002288818 11.6800003051758 11.6000003814697 11.5200004577637 11.4200000762939 11.3599996566772 11.289999961853 11.2200002670288 11.1700000762939 11.1700000762939 11.1400003433228 11.1099996566772 11.0799999237061 11.1300001144409 11.3699998855591 11.8100004196167 11.960000038147 12.25 12.3199996948242 12.3599996566772 12.3500003814697 12.3299999237061 12.289999961853 12.2399997711182 12.210000038147 12.1899995803833 12.1700000762939 12.1300001144409 12.0900001525879 12.0500001907349 12.0100002288818 11.9499998092651
12.5200004577637 12.5 12.460000038147 12.4099998474121 12.3400001525879 12.2700004577637 12.1999998092651 12.0799999237061 11.960000038147 11.8900003433228 11.7799997329712 11.8100004196167 11.9200000762939 11.9499998092651 11.8599996566772 11.7700004577637 11.6999998092651 11.6300001144409 11.5799999237061 11.5299997329712 11.4700002670288 11.3999996185303 11.3500003814697 11.3199996948242 11.3000001907349 11.25 11.25 11.2700004577637 11.4300003051758 11.7799997329712 12 12.1199998855591 12.289999961853 12.3599996566772 12.3800001144409 12.3699998855591 12.3400001525879 12.3100004196167 12.2799997329712 12.2600002288818 12.2299995422363 12.1999998092651 12.1700000762939 12.1400003433228 12.1000003814697 12.0600004196167
12.5500001907349 12.539999961853 12.5299997329712 12.4899997711182 12.4200000762939 12.3500003814697 12.289999961853 12.1199998855591 12.0500001907349 11.9300003051758 11.9200000762939 11.9200000762939 12.0100002288818 12.039999961853 11.9899997711182 11.9399995803833 11.8500003814697 11.7399997711182 11.6800003051758 11.6300001144409 11.5699996948242 11.5299997329712 11.4899997711182 11.4499998092651 11.4200000762939 11.3800001144409 11.3599996566772 11.3199996948242 11.4099998474121 11.7399997711182 11.960000038147 12 12.2200002670288 12.3500003814697 12.3800001144409 12.3800001144409 12.3699998855591 12.3500003814697 12.3299999237061 12.289999961853 12.2700004577637 12.25 12.2200002670288 12.1899995803833 12.1599998474121 12.1199998855591
12.6300001144409 12.5699996948242 12.5299997329712 12.5299997329712 12.5 12.4499998092651 12.3400001525879 12.210000038147 12.1599998474121 12.1000003814697 12.0100002288818 11.9499998092651 12.0500001907349 12.0799999237061 12.1000003814697 12.039999961853 12.0200004577637 11.9499998092651 11.8999996185303 11.8199996948242 11.7200002670288 11.6599998474121 11.6300001144409 11.5799999237061 11.539999961853 11.4799995422363 11.4200000762939 11.3500003814697 11.3800001144409 11.5900001525879 11.8900003433228 12 12.1099996566772 12.3000001907349 12.3599996566772 12.3699998855591 12.3800001144409 12.3699998855591 12.3500003814697 12.3400001525879 12.3000001907349 12.2700004577637 12.25 12.210000038147 12.1800003051758 12.1300001144409
12.7399997711182 12.6800003051758 12.6300001144409 12.539999961853 12.5500001907349 12.4799995422363 12.4799995422363 12.3100004196167 12.3100004196167 12.2799997329712 12.1999998092651 12.1199998855591 12.1300001144409 12.0200004577637 12.0900001525879 11.9399995803833 11.8400001525879 11.8800001144409 11.9899997711182 11.9300003051758 11.9399995803833 11.8000001907349 11.8199996948242 11.7700004577637 11.6800003051758 11.6099996566772 11.539999961853 11.4899997711182 11.4399995803833 11.4899997711182 11.7399997711182 12 12.0500001907349 12.1800003051758 12.3000001907349 12.3500003814697 12.3800001144409 12.3699998855591 12.3599996566772 12.3599996566772 12.3199996948242 12.2799997329712 12.25 12.2200002670288 12.1599998474121 12.1099996566772
12.8599996566772 12.7700004577637 12.7200002670288 12.5799999237061 12.6099996566772 12.5699996948242 12.4899997711182 12.4799995422363 12.4700002670288 12.3900003433228 12.3800001144409 12.3199996948242 12.2799997329712 12.1999998092651 12.1700000762939 12.1300001144409 12.039999961853 11.9200000762939 12.0100002288818 12.039999961853 12 11.9799995422363 12 11.960000038147 11.8800001144409 11.789999961853 11.710000038147 11.6499996185303 11.6099996566772 11.5799999237061 11.7399997711182 11.9700002670288 12.0500001907349 12.0900001525879 12.210000038147 12.3199996948242 12.3699998855591 12.3800001144409 12.3800001144409 12.3800001144409 12.3500003814697 12.3100004196167 12.2600002288818 12.1999998092651 12.1499996185303 12.1199998855591
12.8900003433228 12.8000001907349 12.710000038147 12.710000038147 12.7200002670288 12.6599998474121 12.6000003814697 12.539999961853 12.4399995803833 12.3900003433228 12.3400001525879 12.25 12.2700004577637 12.2299995422363 12.1800003051758 12.1199998855591 12.1400003433228 12.1999998092651 12.1700000762939 12.1800003051758 12.1899995803833 12.210000038147 12.1800003051758 12.1499996185303 12.0900001525879 12.0200004577637 11.8999996185303 11.789999961853 11.7399997711182 11.710000038147 11.8199996948242 12.039999961853 12.1499996185303 12.1300001144409 12.1700000762939 12.2600002288818 12.3400001525879 12.3699998855591 12.3900003433228 12.3999996185303 12.3999996185303 12.3500003814697 12.3100004196167 12.25 12.1999998092651 12.1800003051758
