SnowAccumulation_R/test/tmax/max_3.asc
NCOLS 144 
NROWS 72 
XLLCORNER -107.999996877414 
YLLCORNER 47.0000011447333 
CELLSIZE 0.0833333376702586 
NODATA_value -3.4e+38 
[rows 40 to 59 of 72, columns 0 to 44 of 144]
3.73000001907349 3.77999997138977 3.45000004768372 3.4300000667572 3.52999997138977 3.77999997138977 3.70000004768372 3.82999992370605 3.82999992370605 3.77999997138977 3.78999996185303 3.76999998092651 3.66000008583069 3.46000003814697 3.36999988555908 3.36999988555908 3.25 3.07999992370605 2.96000003814697 2.88000011444092 2.79999995231628 2.69000005722046 2.67000007629395 2.71000003814697 2.67000007629395 2.76999998092651 2.82999992370605 2.6800000667572 2.54999995231628 2.34999990463257 2.15000009536743 2.05999994277954 2.04999995231628 2.15000009536743 2.00999999046326 1.9099999666214 1.75999999046326 1.67999994754791 1.54999995231628 1.5 1.5900000333786 1.60000002384186 1.53999996185303 1.46000003814697 1.44000005722046
3.73000001907349 3.5699999332428 3.29999995231628 3.10999989509583 3.04999995231628 3.45000004768372 3.74000000953674 3.76999998092651 3.75999999046326 3.88000011444092 3.77999997138977 3.69000005722046 3.52999997138977 3.36999988555908 3.52999997138977 3.44000005722046 3.28999996185303 3.13000011444092 3.09999990463257 2.94000005722046 2.85999989509583 2.75 2.66000008583069 2.6800000667572 2.66000008583069 2.69000005722046 2.69000005722046 2.60999989509583 2.67000007629395 2.34999990463257 2.26999998092651 2.29999995231628 2.3199999332428 2.34999990463257 2.19000005722046 2.07999992370605 1.98000001907349 1.87000000476837 1.75999999046326 1.6599999666214 1.62999999523163 1.67999994754791 1.72000002861023 1.70000004768372 1.60000002384186
3.58999991416931 3.51999998092651 3.65000009536743 3.5699999332428 3.47000002861023 3.33999991416931 3.50999999046326 3.40000009536743 3.61999988555908 3.61999988555908 3.59999990463257 3.52999997138977 3.42000007629395 3.57999992370605 3.58999991416931 3.42000007629395 3.26999998092651 3.0699999332428 2.99000000953674 3.03999996185303 3.00999999046326 2.85999989509583 2.75999999046326 2.76999998092651 2.63000011444092 2.73000001907349 2.77999997138977 2.78999996185303 2.90000009536743 2.79999995231628 2.76999998092651 2.57999992370605 2.60999989509583 2.69000005722046 2.55999994277954 2.3199999332428 2.14000010490417 1.97000002861023 1.8400000333786 1.80999994277954 1.80999994277954 1.77999997138977 1.73000001907349 1.87000000476837 1.83000004291534
3.99000000953674 4.01999998092651 3.9300000667572 3.91000008583069 3.78999996185303 3.48000001907349 3.07999992370605 2.98000001907349 3.14000010490417 3.27999997138977 3.4300000667572 3.46000003814697 3.40000009536743 3.60999989509583 3.52999997138977 3.25999999046326 3.21000003814697 2.96000003814697 2.77999997138977 2.82999992370605 2.75 2.70000004768372 2.35999989509583 2.45000004768372 2.48000001907349 2.30999994277954 2.24000000953674 2.22000002861023 2.4300000667572 2.71000003814697 2.79999995231628 2.94000005722046 2.95000004768372 2.88000011444092 2.75999999046326 2.54999995231628 2.45000004768372 2.27999997138977 2.16000008583069 2.0699999332428 1.97000002861023 1.89999997615814 1.79999995231628 1.76999998092651 1.74000000953674
3.95000004768372 4.09000015258789 4.19000005722046 4.28000020980835 4.05000019073486 3.82999992370605 3.46000003814697 3.24000000953674 3.24000000953674 3.00999999046326 3.24000000953674 3.28999996185303 3.51999998092651 3.23000001907349 3.10999989509583 2.72000002861023 2.6800000667572 2.5 2.30999994277954 2.39000010490417 2.25 2.25999999046326 2.49000000953674 2.61999988555908 2.57999992370605 2.58999991416931 2.5699999332428 2.23000001907349 2.41000008583069 2.63000011444092 2.89000010490417 3 3.01999998092651 2.85999989509583 2.92000007629395 2.74000000953674 2.45000004768372 2.34999990463257 2.34999990463257 2.28999996185303 2.14000010490417 2.02999997138977 1.95000004768372 1.92999994754791 1.9099999666214
4.28000020980835 4.09999990463257 4.32000017166138 4.46999979019165 4.21999979019165 4.21999979019165 3.94000005722046 3.82999992370605 3.6800000667572 3.24000000953674 3.04999995231628 2.99000000953674 3.14000010490417 3.10999989509583 2.82999992370605 2.75999999046326 2.5699999332428 2.61999988555908 2.54999995231628 2.35999989509583 2.36999988555908 2.4300000667572 2.39000010490417 2.42000007629395 2.74000000953674 2.8199999332428 2.77999997138977 2.65000009536743 2.57999992370605 2.74000000953674 2.65000009536743 2.55999994277954 2.5699999332428 2.77999997138977 2.74000000953674 2.94000005722046 2.99000000953674 2.82999992370605 2.80999994277954 2.53999996185303 2.48000001907349 2.40000009536743 2.29999995231628 2.21000003814697 2.11999988555908
4.59999990463257 4.46999979019165 4.57000017166138 4.46999979019165 4.42999982833862 4.48000001907349 4.46000003814697 4.32000017166138 3.9300000667572 3.33999991416931 3.47000002861023 3.65000009536743 3.51999998092651 3.48000001907349 3.47000002861023 3.40000009536743 3.11999988555908 3.10999989509583 3.04999995231628 2.91000008583069 2.53999996185303 2.5 2.65000009536743 2.79999995231628 2.6800000667572 2.82999992370605 2.86999988555908 2.89000010490417 2.99000000953674 2.99000000953674 2.97000002861023 2.67000007629395 2.75999999046326 2.91000008583069 2.92000007629395 2.91000008583069 3.08999991416931 3.29999995231628 3.07999992370605 3.07999992370605 3.02999997138977 2.84999990463257 2.63000011444092 2.42000007629395 2.35999989509583
4.94999980926514 4.80000019073486 4.71000003814697 4.8600001335144 4.75 4.61999988555908 4.53000020980835 4.55999994277954 4.40000009536743 3.88000011444092 3.90000009536743 4.01000022888184 4.05999994277954 3.98000001907349 3.95000004768372 3.82999992370605 3.64000010490417 3.36999988555908 3.25999999046326 3.23000001907349 3.03999996185303 2.75 2.79999995231628 2.99000000953674 3.19000005722046 3.21000003814697 3.26999998092651 3.28999996185303 3.01999998092651 3.14000010490417 3.35999989509583 3.27999997138977 3.1800000667572 3.22000002861023 3.36999988555908 3.24000000953674 3.23000001907349 3.45000004768372 3.30999994277954 3.24000000953674 3.28999996185303 3.24000000953674 3.11999988555908 2.9300000667572 2.75999999046326
5.09000015258789 5.19999980926514 4.98000001907349 4.88000011444092 5.1399998664856 4.88000011444092 4.63000011444092 4.48000001907349 4.57999992370605 4.1399998664856 4.13000011444092 4.28000020980835 4.30000019073486 4.30999994277954 4.21999979019165 4.01000022888184 3.83999991416931 3.40000009536743 3.1800000667572 3.34999990463257 3.40000009536743 3.16000008583069 2.99000000953674 3.03999996185303 3.13000011444092 3.28999996185303 3.51999998092651 3.6800000667572 3.64000010490417 3.47000002861023 3.70000004768372 3.69000005722046 3.48000001907349 3.20000004768372 3.42000007629395 3.72000002861023 3.88000011444092 3.71000003814697 3.38000011444092 3.34999990463257 3.36999988555908 3.19000005722046 3.19000005722046 3.14000010490417 3.22000002861023
5.17999982833862 5.17999982833862 5.46999979019165 5.46999979019165 5.51000022888184 5.11999988555908 4.67999982833862 4.51999998092651 5.03999996185303 4.73999977111816 4.61999988555908 4.6100001335144 4.69999980926514 4.59999990463257 4.30999994277954 4.15999984741211 3.95000004768372 3.40000009536743 3.16000008583069 3.22000002861023 3.25 3.46000003814697 3.57999992370605 3.4300000667572 3.28999996185303 3.60999989509583 3.86999988555908 3.99000000953674 4.01000022888184 4.11999988555908 4.19000005722046 3.96000003814697 3.52999997138977 3.47000002861023 3.65000009536743 3.88000011444092 4.19999980926514 3.97000002861023 3.89000010490417 3.90000009536743 3.89000010490417 3.63000011444092 3.45000004768372 3.16000008583069 3.29999995231628
5.48000001907349 5.46000003814697 5.46999979019165 5.75 5.90999984741211 5.26000022888184 5.01000022888184 4.78999996185303 5.09000015258789 5.23999977111816 5.05999994277954 5.07999992370605 5.09000015258789 4.78999996185303 4.57000017166138 4.3899998664856 3.97000002861023 3.58999991416931 3.5 3.41000008583069 3.4300000667572 3.47000002861023 3.5699999332428 3.83999991416931 3.95000004768372 3.73000001907349 3.6800000667572 3.97000002861023 4.07000017166138 4.13000011444092 4.3899998664856 3.97000002861023 3.59999990463257 3.46000003814697 3.5699999332428 4.03999996185303 4.30999994277954 4.3899998664856 4.44999980926514 4.44000005722046 4.5 4.40000009536743 4.01000022888184 3.5699999332428 3.46000003814697
5.76000022888184 5.71000003814697 5.6399998664856 5.82999992370605 6.15999984741211 5.71999979019165 5.46000003814697 5.26999998092651 5.42999982833862 5.71999979019165 5.40999984741211 5.3899998664856 5.26000022888184 5.11999988555908 4.84999990463257 4.51000022888184 4.19000005722046 3.92000007629395 4.03000020980835 3.88000011444092 3.88000011444092 3.86999988555908 3.82999992370605 3.84999990463257 4 4.13000011444092 4.11999988555908 4.1100001335144 4.11999988555908 4.11999988555908 4.53999996185303 4.3600001335144 3.88000011444092 3.75 3.80999994277954 4.01999998092651 3.98000001907349 4.01000022888184 4.13000011444092 4.36999988555908 4.21000003814697 4.51999998092651 4.59000015258789 4.19000005722046 3.90000009536743
6.25 6.15000009536743 6.17999982833862 6.30000019073486 6.38000011444092 6.3899998664856 6.03999996185303 5.88000011444092 6.07000017166138 5.73000001907349 5.44000005722046 5.5 5.73000001907349 5.40999984741211 4.82999992370605 4.38000011444092 4.44000005722046 4.46000003814697 4.42999982833862 4.3600001335144 4.28999996185303 4.21999979019165 4.07000017166138 4.03000020980835 4.05999994277954 4.13000011444092 4.32999992370605 4.51000022888184 4.61999988555908 4.51999998092651 4.59999990463257 4.80999994277954 4.15000009536743 4.01999998092651 4.07999992370605 4.05000019073486 4.19999980926514 4.36999988555908 4.48000001907349 4.3899998664856 4.51000022888184 4.6399998664856 4.78000020980835 4.3899998664856 4.28999996185303
6.36999988555908 6.44999980926514 6.65000009536743 6.78999996185303 6.78000020980835 6.80000019073486 6.76999998092651 6.67000007629395 6.6100001335144 6.40999984741211 6.05999994277954 6.07999992370605 5.88000011444092 5.3899998664856 5.1100001335144 4.98999977111816 4.84000015258789 4.98000001907349 4.92999982833862 4.69000005722046 4.57000017166138 4.46000003814697 4.42000007629395 4.32000017166138 4.28000020980835 4.57000017166138 4.75 4.84999990463257 4.8899998664856 4.84999990463257 4.96000003814697 5.09000015258789 4.61999988555908 4.42000007629395 4.32000017166138 4.44000005722046 4.44999980926514 4.38000011444092 4.6100001335144 4.80000019073486 4.94999980926514 5.05000019073486 4.96000003814697 4.73999977111816 4.76000022888184
6.67999982833862 6.82000017166138 7 7.03000020980835 7.07999992370605 7.03000020980835 6.73999977111816 6.84000015258789 6.90000009536743 6.82000017166138 6.73000001907349 6.57999992370605 6.34000015258789 6.01999998092651 5.78999996185303 5.59000015258789 5.3899998664856 5.23999977111816 5.3899998664856 5.19000005722046 5.1399998664856 4.80999994277954 4.84000015258789 4.71000003814697 4.53999996185303 4.55000019073486 4.53999996185303 4.53000020980835 4.44999980926514 4.42999982833862 4.71999979019165 5.07999992370605 5.28999996185303 4.98000001907349 4.65999984741211 4.55999994277954 4.88000011444092 4.94999980926514 4.96000003814697 4.94999980926514 5.19000005722046 5.30999994277954 5.1399998664856 5.15000009536743 4.98999977111816
7.40000009536743 7.38000011444092 7.38000011444092 7.32000017166138 7.32999992370605 7.1399998664856 6.42000007629395 6.71000003814697 6.94000005722046 6.34999990463257 6.34000015258789 6.61999988555908 6.75 6.76000022888184 6.48000001907349 6.15999984741211 5.90000009536743 5.6100001335144 5.69999980926514 5.78000020980835 5.34000015258789 5.15999984741211 5.15000009536743 5.05999994277954 4.90999984741211 4.94000005722046 4.92999982833862 4.90999984741211 4.92999982833862 4.82000017166138 4.86999988555908 4.82999992370605 5.07000017166138 5.46999979019165 5.48999977111816 5.17000007629395 5.1399998664856 5.28000020980835 5.46999979019165 5.51999998092651 5.6100001335144 5.57999992370605 5.28000020980835 5.1100001335144 4.88000011444092
7.57999992370605 7.19000005722046 7.11999988555908 6.94000005722046 7.34000015258789 7.1399998664856 6.65000009536743 6.61999988555908 6.8899998664856 6.53000020980835 6.3600001335144 6.51000022888184 6.59999990463257 6.84000015258789 6.90999984741211 6.71000003814697 6.53000020980835 6.25 6.03999996185303 6.19999980926514 5.69000005722046 5.53999996185303 5.65000009536743 5.46999979019165 5.30999994277954 5.3899998664856 5.53999996185303 5.21999979019165 5.34000015258789 5.3600001335144 5.26999998092651 5.42999982833862 5.23999977111816 5.3600001335144 5.69999980926514 5.61999988555908 5.67999982833862 5.80999994277954 5.90000009536743 5.94999980926514 5.73999977111816 5.53000020980835 5.46999979019165 5.15999984741211 5.05000019073486
7.69000005722046 7.3899998664856 7.1399998664856 7.01999998092651 7.17000007629395 7.42999982833862 7.03999996185303 6.82000017166138 7.01000022888184 6.82000017166138 6.67999982833862 6.82999992370605 6.90000009536743 6.92999982833862 7.03000020980835 7.11999988555908 6.90999984741211 6.69999980926514 6.65000009536743 6.65000009536743 6.30999994277954 6.19000005722046 6.09000015258789 6.05999994277954 5.78999996185303 5.67000007629395 5.94999980926514 5.94000005722046 5.84999990463257 6.03000020980835 6.01000022888184 6.05000019073486 6.03000020980835 6.05000019073486 6.13000011444092 6.01999998092651 6.03000020980835 5.92000007629395 5.82999992370605 6.11999988555908 5.90000009536743 5.57000017166138 5.61999988555908 5.53999996185303 5.59000015258789
7.69000005722046 7.76000022888184 7.55999994277954 7.44999980926514 7.51000022888184 7.63000011444092 7.28000020980835 7.11999988555908 7.19999980926514 7.05000019073486 7.07999992370605 7.15999984741211 7.09999990463257 7.05999994277954 7.05999994277954 7.11999988555908 7.15999984741211 7.17999982833862 7.23999977111816 7.17000007629395 7.03999996185303 6.86999988555908 6.76999998092651 6.73000001907349 6.65000009536743 6.6399998664856 6.53999996185303 6.71000003814697 6.71000003814697 6.76999998092651 6.78999996185303 6.73000001907349 6.67000007629395 6.59000015258789 6.46000003814697 6.34999990463257 6.42999982833862 6.42999982833862 6.32000017166138 6.34000015258789 6.40999984741211 6.28000020980835 6.23999977111816 6.05999994277954 5.92999982833862
7.84000015258789 7.86999988555908 7.76000022888184 7.75 7.84000015258789 7.76000022888184 7.28999996185303 7.30000019073486 7.15000009536743 7.07000017166138 7.21000003814697 7.28000020980835 7.34999990463257 7.28000020980835 7.34999990463257 7.40000009536743 7.28000020980835 7.19999980926514 7.40999984741211 7.30999994277954 7.13000011444092 7.32000017166138 7.32999992370605 7.32999992370605 7.26000022888184 7.26000022888184 7.19999980926514 7.17000007629395 7.07000017166138 6.90999984741211 6.78000020980835 6.76999998092651 6.71000003814697 6.67000007629395 6.67000007629395 6.6399998664856 6.30999994277954 6.34999990463257 6.30000019073486 6.19000005722046 6.17000007629395 6.28000020980835 6.11999988555908 6.15000009536743 6.19999980926514
