SnowAccumulation_R/test/tmax/max_4.asc
NCOLS 144 
NROWS 72 
XLLCORNER -107.999996877414 
YLLCORNER 47.0000011447333 
CELLSIZE 0.0833333376702586 
NODATA_value -3.4e+38 
[rows 0 to 20 of 72, columns 92 to 137 of 144]
7.42000007629395 7.34000015258789 7.26000022888184 7.19000005722046 7.07000017166138 6.96000003814697 6.88000011444092 6.73000001907349 6.6399998664856 6.57000017166138 6.44999980926514 6.38000011444092 6.3600001335144 6.28999996185303 6.23000001907349 6.28000020980835 6.17999982833862 6.11999988555908 6.07999992370605 6.01000022888184 5.94999980926514 5.8899998664856 5.82000017166138 5.71999979019165 5.61999988555908 5.51999998092651 5.40999984741211 5.30999994277954 5.17000007629395 5.05999994277954 4.96999979019165 4.90000009536743 4.8600001335144 4.86999988555908 4.92000007629395 4.98999977111816 5.07999992370605 5.15999984741211 5.21000003814697 5.26999998092651 5.34000015258789 5.40000009536743 5.44999980926514 5.48000001907349 5.55000019073486 5.59999990463257
7.55999994277954 7.48000001907349 7.40000009536743 7.30999994277954 7.23000001907349 7.15000009536743 7.07000017166138 6.98000001907349 6.80999994277954 6.71000003814697 6.61999988555908 6.53999996185303 6.44000005722046 6.3600001335144 6.32000017166138 6.34999990463257 6.38000011444092 6.3600001335144 6.26999998092651 6.19000005722046 6.09999990463257 6.01000022888184 5.90999984741211 5.80999994277954 5.71000003814697 5.59999990463257 5.48000001907349 5.36999988555908 5.21999979019165 5.09000015258789 4.96000003814697 4.84999990463257 4.78000020980835 4.80999994277954 4.90999984741211 4.98999977111816 5.07999992370605 5.17000007629395 5.28000020980835 5.36999988555908 5.46000003814697 5.51000022888184 5.55999994277954 5.61999988555908 5.69000005722046 5.76000022888184
7.71000003814697 7.57999992370605 7.51000022888184 7.44999980926514 7.36999988555908 7.28000020980835 7.19999980926514 7.1100001335144 6.96999979019165 6.86999988555908 6.78000020980835 6.67999982833862 6.59000015258789 6.53000020980835 6.51000022888184 6.48999977111816 6.46000003814697 6.44999980926514 6.40000009536743 6.32000017166138 6.23000001907349 6.13000011444092 6.03999996185303 5.92999982833862 5.82999992370605 5.71999979019165 5.6100001335144 5.48999977111816 5.32999992370605 5.19999980926514 5.07000017166138 4.94000005722046 4.82999992370605 4.90000009536743 5.01999998092651 5.13000011444092 5.17000007629395 5.26999998092651 5.3600001335144 5.44999980926514 5.55000019073486 5.63000011444092 5.71000003814697 5.78000020980835 5.84999990463257 5.90999984741211
7.86999988555908 7.71999979019165 7.59999990463257 7.59000015258789 7.51000022888184 7.42000007629395 7.32999992370605 7.23999977111816 7.13000011444092 7.03000020980835 6.94000005722046 6.82999992370605 6.73999977111816 6.67000007629395 6.65999984741211 6.59999990463257 6.55999994277954 6.51999998092651 6.53999996185303 6.46999979019165 6.38000011444092 6.28999996185303 6.19000005722046 6.09000015258789 5.98999977111816 5.8899998664856 5.78000020980835 5.67000007629395 5.53000020980835 5.40999984741211 5.30999994277954 5.23000001907349 5.19000005722046 5.19999980926514 5.26999998092651 5.3600001335144 5.44000005722046 5.46999979019165 5.53999996185303 5.63000011444092 5.71000003814697 5.78999996185303 5.84999990463257 5.92999982833862 5.98999977111816 6.03999996185303
8 7.92000007629395 7.82000017166138 7.73999977111816 7.65000009536743 7.55999994277954 7.46999979019165 7.38000011444092 7.28999996185303 7.17999982833862 7.07999992370605 6.98000001907349 6.90999984741211 6.84999990463257 6.80000019073486 6.76000022888184 6.69000005722046 6.65000009536743 6.65999984741211 6.61999988555908 6.55000019073486 6.46999979019165 6.38000011444092 6.28000020980835 6.19000005722046 6.09000015258789 6 5.90000009536743 5.78000020980835 5.67999982833862 5.6100001335144 5.55999994277954 5.53000020980835 5.53999996185303 5.57999992370605 5.6399998664856 5.71000003814697 5.76000022888184 5.76999998092651 5.84000015258789 5.92000007629395 6 6.05000019073486 6.1100001335144 6.15000009536743 6.19000005722046
8.13000011444092 8.02999973297119 7.94999980926514 7.84999990463257 7.78999996185303 7.69000005722046 7.6100001335144 7.51999998092651 7.42999982833862 7.32999992370605 7.23000001907349 7.13000011444092 7.05000019073486 7 6.96000003814697 6.8899998664856 6.8600001335144 6.80999994277954 6.78999996185303 6.73000001907349 6.67000007629395 6.65999984741211 6.57999992370605 6.5 6.40999984741211 6.32999992370605 6.23999977111816 6.15999984741211 6.01999998092651 5.98000001907349 5.92999982833862 5.8899998664856 5.86999988555908 5.88000011444092 5.90000009536743 5.94999980926514 6 6.07000017166138 6.05000019073486 6.09999990463257 6.17000007629395 6.21999979019165 6.26000022888184 6.30000019073486 6.34000015258789 6.34999990463257
8.27000045776367 8.18000030517578 8.10000038146973 8.01000022888184 7.92000007629395 7.82000017166138 7.73999977111816 7.6399998664856 7.53000020980835 7.46000003814697 7.3600001335144 7.28000020980835 7.19999980926514 7.15000009536743 7.09999990463257 7.03999996185303 7.01000022888184 6.96999979019165 6.96000003814697 6.8899998664856 6.82000017166138 6.82000017166138 6.80999994277954 6.73999977111816 6.65999984741211 6.59000015258789 6.51000022888184 6.44000005722046 6.23999977111816 6.28999996185303 6.23999977111816 6.21000003814697 6.19999980926514 6.19999980926514 6.21999979019165 6.26000022888184 6.30000019073486 6.3600001335144 6.40999984741211 6.38000011444092 6.44000005722046 6.48000001907349 6.5 6.51999998092651 6.53000020980835 6.55000019073486
8.39999961853027 8.32999992370605 8.23999977111816 8.14000034332275 8.05000019073486 7.94999980926514 7.86999988555908 7.78000020980835 7.69000005722046 7.59000015258789 7.5 7.42000007629395 7.34000015258789 7.28999996185303 7.23000001907349 7.19999980926514 7.11999988555908 7.1399998664856 7.17000007629395 7.1399998664856 7.1100001335144 7.09000015258789 7.05999994277954 6.98999977111816 6.92000007629395 6.84999990463257 6.78999996185303 6.73000001907349 6.53000020980835 6.59000015258789 6.55999994277954 6.53000020980835 6.51999998092651 6.51999998092651 6.53000020980835 6.55999994277954 6.59999990463257 6.6399998664856 6.69999980926514 6.71999979019165 6.71000003814697 6.73999977111816 6.73999977111816 6.75 6.76000022888184 6.76999998092651
8.53999996185303 8.46000003814697 8.36999988555908 8.26000022888184 8.15999984741211 8.06999969482422 7.98000001907349 7.8899998664856 7.80000019073486 7.71999979019165 7.6399998664856 7.55000019073486 7.48999977111816 7.44000005722046 7.40000009536743 7.3600001335144 7.32999992370605 7.34999990463257 7.36999988555908 7.3600001335144 7.32000017166138 7.30000019073486 7.26999998092651 7.23000001907349 7.19000005722046 7.13000011444092 7.07000017166138 7.01999998092651 6.90999984741211 6.90000009536743 6.8600001335144 6.84000015258789 6.82000017166138 6.82000017166138 6.82999992370605 6.84000015258789 6.86999988555908 6.90999984741211 6.94999980926514 6.96999979019165 6.96000003814697 6.96999979019165 6.96999979019165 6.96000003814697 6.96000003814697 6.94000005722046
8.64000034332275 8.59000015258789 8.47999954223633 8.36999988555908 8.27000045776367 8.17000007629395 8.03999996185303 7.96000003814697 7.90999984741211 7.84000015258789 7.75 7.67999982833862 7.6399998664856 7.6100001335144 7.57000017166138 7.55000019073486 7.55000019073486 7.55999994277954 7.55999994277954 7.55999994277954 7.51999998092651 7.48999977111816 7.5 7.46000003814697 7.42999982833862 7.3899998664856 7.3600001335144 7.30999994277954 7.23000001907349 7.19000005722046 7.15999984741211 7.13000011444092 7.1100001335144 7.09999990463257 7.09999990463257 7.1100001335144 7.13000011444092 7.15000009536743 7.17000007629395 7.17000007629395 7.19000005722046 7.19000005722046 7.17999982833862 7.17000007629395 7.15999984741211 7.15999984741211
8.72999954223633 8.68000030517578 8.57999992370605 8.46000003814697 8.35999965667725 8.26000022888184 8.15999984741211 8.09000015258789 8.01000022888184 7.94999980926514 7.8899998664856 7.82999992370605 7.80000019073486 7.78000020980835 7.76000022888184 7.73999977111816 7.71999979019165 7.75 7.78000020980835 7.78999996185303 7.75 7.71999979019165 7.73000001907349 7.71000003814697 7.67000007629395 7.65000009536743 7.6399998664856 7.59000015258789 7.51999998092651 7.46999979019165 7.44000005722046 7.40000009536743 7.36999988555908 7.32999992370605 7.36999988555908 7.3600001335144 7.36999988555908 7.36999988555908 7.38000011444092 7.3899998664856 7.3899998664856 7.3899998664856 7.40000009536743 7.38000011444092 7.36999988555908 7.34999990463257
8.82999992370605 8.77000045776367 8.67000007629395 8.53999996185303 8.42000007629395 8.32999992370605 8.25 8.18000030517578 8.10999965667725 8.06999969482422 8.02000045776367 7.98999977111816 7.96999979019165 7.94999980926514 7.94999980926514 7.94999980926514 7.94000005722046 7.98999977111816 8.02000045776367 8.02000045776367 8.02999973297119 8 7.98000001907349 7.96999979019165 7.92000007629395 7.90000009536743 7.88000011444092 7.8600001335144 7.78999996185303 7.73999977111816 7.71000003814697 7.65000009536743 7.59000015258789 7.6100001335144 7.59999990463257 7.59999990463257 7.59999990463257 7.59000015258789 7.59000015258789 7.59000015258789 7.59999990463257 7.59999990463257 7.59000015258789 7.57999992370605 7.57000017166138 7.53999996185303
8.92000007629395 8.82999992370605 8.71000003814697 8.57999992370605 8.46000003814697 8.36999988555908 8.30000019073486 8.26000022888184 8.21000003814697 8.19999980926514 8.17000007629395 8.15999984741211 8.14999961853027 8.14000034332275 8.15999984741211 8.18000030517578 8.18000030517578 8.21000003814697 8.22999954223633 8.26000022888184 8.27999973297119 8.27000045776367 8.23999977111816 8.18000030517578 8.14000034332275 8.13000011444092 8.13000011444092 8.11999988555908 8.06999969482422 8.02000045776367 7.98000001907349 7.90000009536743 7.82999992370605 7.80999994277954 7.80000019073486 7.82999992370605 7.82999992370605 7.82000017166138 7.80999994277954 7.80000019073486 7.80000019073486 7.78999996185303 7.78999996185303 7.76999998092651 7.73999977111816 7.71000003814697
9.02000045776367 8.86999988555908 8.75 8.61999988555908 8.47999954223633 8.38000011444092 8.32999992370605 8.3100004196167 8.3100004196167 8.31999969482422 8.32999992370605 8.32999992370605 8.34000015258789 8.35000038146973 8.38000011444092 8.39000034332275 8.42000007629395 8.44999980926514 8.42000007629395 8.47999954223633 8.52999973297119 8.52000045776367 8.47000026702881 8.43000030517578 8.39000034332275 8.35999965667725 8.3100004196167 8.27000045776367 8.22000026702881 8.23999977111816 8.22999954223633 8.15999984741211 8.06999969482422 8.02999973297119 8.0600004196167 8.0600004196167 8.03999996185303 8.02000045776367 8.01000022888184 7.98999977111816 7.98000001907349 7.96999979019165 7.96000003814697 7.92999982833862 7.92000007629395 7.90000009536743
9.05000019073486 8.90999984741211 8.77000045776367 8.64999961853027 8.47000026702881 8.35999965667725 8.35999965667725 8.39000034332275 8.42000007629395 8.44999980926514 8.47999954223633 8.51000022888184 8.52000045776367 8.5600004196167 8.59000015258789 8.59000015258789 8.64000034332275 8.68000030517578 8.68000030517578 8.72999954223633 8.77999973297119 8.75 8.69999980926514 8.67000007629395 8.61999988555908 8.55000019073486 8.47000026702881 8.42000007629395 8.35999965667725 8.39999961853027 8.4399995803833 8.39000034332275 8.32999992370605 8.28999996185303 8.30000019073486 8.27000045776367 8.25 8.22000026702881 8.1899995803833 8.17000007629395 8.14999961853027 8.14000034332275 8.11999988555908 8.11999988555908 8.10000038146973 8.05000019073486
9.09000015258789 8.97999954223633 8.86999988555908 8.75 8.60999965667725 8.51000022888184 8.51000022888184 8.52999973297119 8.56999969482422 8.60999965667725 8.64000034332275 8.67000007629395 8.69999980926514 8.72000026702881 8.76000022888184 8.78999996185303 8.84000015258789 8.88000011444092 8.89999961853027 8.9399995803833 8.97000026702881 8.96000003814697 8.90999984741211 8.84000015258789 8.72999954223633 8.64000034332275 8.59000015258789 8.5600004196167 8.52999973297119 8.60000038146973 8.60000038146973 8.55000019073486 8.55000019073486 8.52999973297119 8.51000022888184 8.47000026702881 8.4399995803833 8.39999961853027 8.36999988555908 8.34000015258789 8.31999969482422 8.28999996185303 8.27000045776367 8.25 8.23999977111816 8.19999980926514
9.17000007629395 9.09000015258789 9.02000045776367 8.94999980926514 8.85999965667725 8.80000019073486 8.77000045776367 8.75 8.76000022888184 8.80000019073486 8.8100004196167 8.82999992370605 8.85000038146973 8.88000011444092 8.90999984741211 8.9399995803833 8.97000026702881 9.01000022888184 9.02999973297119 9.03999996185303 9.06999969482422 9.06999969482422 9.03999996185303 8.89999961853027 8.77000045776367 8.6899995803833 8.68000030517578 8.68000030517578 8.72000026702881 8.77999973297119 8.76000022888184 8.72000026702881 8.72999954223633 8.72000026702881 8.6899995803833 8.63000011444092 8.61999988555908 8.57999992370605 8.53999996185303 8.5 8.47000026702881 8.43000030517578 8.40999984741211 8.39999961853027 8.38000011444092 8.36999988555908
9.27000045776367 9.23999977111816 9.21000003814697 9.17000007629395 9.10000038146973 9.03999996185303 9.02000045776367 8.98999977111816 8.98999977111816 8.98999977111816 8.97999954223633 8.97000026702881 8.98999977111816 9.01000022888184 9.02999973297119 9.05000019073486 9.07999992370605 9.10000038146973 9.11999988555908 9.13000011444092 9.14999961853027 9.15999984741211 9.10000038146973 8.93000030517578 8.82999992370605 8.73999977111816 8.72999954223633 8.78999996185303 8.85000038146973 8.90999984741211 8.93000030517578 8.89999961853027 8.89000034332275 8.88000011444092 8.84000015258789 8.8100004196167 8.78999996185303 8.75 8.69999980926514 8.64999961853027 8.59000015258789 8.5600004196167 8.52000045776367 8.52000045776367 8.51000022888184 8.5
9.38000011444092 9.38000011444092 9.36999988555908 9.35999965667725 9.32999992370605 9.27999973297119 9.25 9.22000026702881 9.1899995803833 9.17000007629395 9.13000011444092 9.10000038146973 9.11999988555908 9.10000038146973 9.13000011444092 9.14999961853027 9.15999984741211 9.18000030517578 9.19999980926514 9.18000030517578 9.18000030517578 9.18000030517578 9.14000034332275 9.02000045776367 8.92000007629395 8.85000038146973 8.85000038146973 8.9399995803833 8.97999954223633 9.05000019073486 9.09000015258789 9.06999969482422 9.0600004196167 9.06999969482422 9.05000019073486 9 8.96000003814697 8.89999961853027 8.84000015258789 8.76000022888184 8.72000026702881 8.6899995803833 8.65999984741211 8.63000011444092 8.60999965667725 8.60999965667725
9.48999977111816 9.5 9.5 9.52000045776367 9.52000045776367 9.47000026702881 9.43000030517578 9.38000011444092 9.34000015258789 9.30000019073486 9.25 9.22000026702881 9.19999980926514 9.1899995803833 9.21000003814697 9.22000026702881 9.22000026702881 9.22999954223633 9.23999977111816 9.22999954223633 9.21000003814697 9.1899995803833 9.17000007629395 9.10000038146973 9.07999992370605 9.05000019073486 9.02999973297119 9.10000038146973 9.11999988555908 9.19999980926514 9.22999954223633 9.22000026702881 9.23999977111816 9.25 9.21000003814697 9.14999961853027 9.09000015258789 9.01000022888184 8.9399995803833 8.85000038146973 8.82999992370605 8.78999996185303 8.73999977111816 8.71000003814697 8.6899995803833 8.6899995803833
9.61999988555908 9.63000011444092 9.64999961853027 9.65999984741211 9.65999984741211 9.64000034332275 9.57999992370605 9.52999973297119 9.47000026702881 9.42000007629395 9.35000038146973 9.3100004196167 9.27000045776367 9.26000022888184 9.27000045776367 9.26000022888184 9.25 9.25 9.26000022888184 9.27000045776367 9.28999996185303 9.28999996185303 9.26000022888184 9.22000026702881 9.21000003814697 9.19999980926514 9.1899995803833 9.18000030517578 9.17000007629395 9.21000003814697 9.27000045776367 9.30000019073486 9.35999965667725 9.39000034332275 9.30000019073486 9.25 9.18000030517578 9.09000015258789 9.02000045776367 8.96000003814697 8.90999984741211 8.85999965667725 8.8100004196167 8.77000045776367 8.75 8.72000026702881
