SnowAccumulation_R/test/tmax/max_4.asc
NCOLS 144 
NROWS 72 
XLLCORNER -107.999996877414 
YLLCORNER 47.0000011447333 
CELLSIZE 0.0833333376702586 
NODATA_value -3.4e+38 
[rows 0 to 20 of 72, columns 46 to 91 of 144]
8.97999954223633 8.97000026702881 8.93000030517578 8.92000007629395 8.72000026702881 8.5600004196167 8.51000022888184 8.40999984741211 8.22000026702881 8.09000015258789 8.18000030517578 8.11999988555908 8 8.0600004196167 8.02000045776367 7.84999990463257 7.8600001335144 7.96000003814697 8.02999973297119 8.30000019073486 8.47000026702881 8.55000019073486 8.60000038146973 8.64999961853027 8.64000034332275 8.63000011444092 8.53999996185303 8.4399995803833 8.39999961853027 8.44999980926514 8.40999984741211 8.38000011444092 8.34000015258789 8.25 8.17000007629395 8.03999996185303 7.86999988555908 7.86999988555908 7.90000009536743 7.84999990463257 7.78999996185303 7.73999977111816 7.67999982833862 7.59000015258789 7.53000020980835 7.48000001907349
8.85999965667725 8.86999988555908 8.77000045776367 8.78999996185303 8.72000026702881 8.55000019073486 8.46000003814697 8.44999980926514 8.39999961853027 8.39999961853027 8.39000034332275 8.35999965667725 8.38000011444092 8.42000007629395 8.39999961853027 8.36999988555908 8.40999984741211 8.4399995803833 8.52000045776367 8.60999965667725 8.65999984741211 8.6899995803833 8.72999954223633 8.72999954223633 8.68000030517578 8.60999965667725 8.48999977111816 8.46000003814697 8.52000045776367 8.51000022888184 8.46000003814697 8.43000030517578 8.39999961853027 8.32999992370605 8.30000019073486 8.23999977111816 8.10999965667725 8.09000015258789 8.09000015258789 8.05000019073486 7.98999977111816 7.92000007629395 7.84999990463257 7.73999977111816 7.69000005722046 7.6399998664856
8.77000045776367 8.76000022888184 8.6899995803833 8.61999988555908 8.52999973297119 8.52000045776367 8.46000003814697 8.55000019073486 8.56999969482422 8.56999969482422 8.56999969482422 8.64000034332275 8.69999980926514 8.72999954223633 8.69999980926514 8.65999984741211 8.6899995803833 8.72000026702881 8.75 8.77000045776367 8.80000019073486 8.76000022888184 8.73999977111816 8.6899995803833 8.61999988555908 8.53999996185303 8.47999954223633 8.43000030517578 8.35000038146973 8.27999973297119 8.15999984741211 7.92000007629395 7.3899998664856 7.07000017166138 7.42000007629395 8.10999965667725 8.21000003814697 8.22000026702881 8.22999954223633 8.22000026702881 8.1899995803833 8.11999988555908 7.98000001907349 7.84999990463257 7.84000015258789 7.80000019073486
8.72000026702881 8.65999984741211 8.65999984741211 8.56999969482422 8.48999977111816 8.44999980926514 8.5 8.60000038146973 8.65999984741211 8.71000003814697 8.75 8.78999996185303 8.82999992370605 8.85999965667725 8.84000015258789 8.82999992370605 8.81999969482422 8.81999969482422 8.82999992370605 8.81999969482422 8.8100004196167 8.77000045776367 8.69999980926514 8.63000011444092 8.5 8.34000015258789 8.13000011444092 7.92000007629395 7.67000007629395 7.3600001335144 6.94999980926514 6.30999994277954 5.80000019073486 5.8600001335144 6.3600001335144 7.40000009536743 8.15999984741211 8.36999988555908 8.35000038146973 8.34000015258789 8.28999996185303 8.23999977111816 8.10000038146973 8.01000022888184 7.98999977111816 7.94000005722046
8.65999984741211 8.57999992370605 8.61999988555908 8.56999969482422 8.44999980926514 8.47999954223633 8.5600004196167 8.51000022888184 8.63000011444092 8.68000030517578 8.6899995803833 8.75 8.77999973297119 8.85999965667725 8.85000038146973 8.85999965667725 8.88000011444092 8.82999992370605 8.85000038146973 8.82999992370605 8.77000045776367 8.72000026702881 8.61999988555908 8.40999984741211 8.07999992370605 7.63000011444092 7.07999992370605 6.55000019073486 6.19000005722046 6.32999992370605 6.44000005722046 6.21999979019165 6.03000020980835 6.11999988555908 6.15999984741211 6.32999992370605 7.57000017166138 8.44999980926514 8.52999973297119 8.55000019073486 8.55000019073486 8.43000030517578 8.27999973297119 8.18000030517578 8.10999965667725 8.09000015258789
8.68000030517578 8.64999961853027 8.60000038146973 8.61999988555908 8.53999996185303 8.60000038146973 8.42000007629395 8.42000007629395 8.4399995803833 8.39999961853027 8.52999973297119 8.52999973297119 8.5600004196167 8.60999965667725 8.6899995803833 8.68000030517578 8.67000007629395 8.6899995803833 8.76000022888184 8.67000007629395 8.60999965667725 8.51000022888184 8.39999961853027 8.21000003814697 7.71000003814697 7.17000007629395 6.76000022888184 6.55000019073486 6.51000022888184 6.48000001907349 6.40999984741211 6.3600001335144 6.21000003814697 6.21000003814697 6.30999994277954 6.44000005722046 7.48999977111816 8.64999961853027 8.78999996185303 8.82999992370605 8.80000019073486 8.68000030517578 8.48999977111816 8.35999965667725 8.27000045776367 8.22000026702881
8.72999954223633 8.71000003814697 8.65999984741211 8.64999961853027 8.68000030517578 8.68000030517578 8.4399995803833 8.27999973297119 8.10000038146973 8.17000007629395 8.22000026702881 8.22999954223633 8.22999954223633 8.35000038146973 8.28999996185303 8.34000015258789 8.40999984741211 8.43000030517578 8.47999954223633 8.30000019073486 8.14999961853027 8.14999961853027 8.15999984741211 8.14000034332275 7.76000022888184 7.40999984741211 7.13000011444092 6.88000011444092 6.80000019073486 6.80999994277954 6.65999984741211 6.53999996185303 6.46999979019165 6.51999998092651 6.69000005722046 6.94000005722046 8.1899995803833 8.89000034332275 9 8.96000003814697 8.90999984741211 8.82999992370605 8.72000026702881 8.52000045776367 8.42000007629395 8.35999965667725
8.81999969482422 8.78999996185303 8.75 8.71000003814697 8.72000026702881 8.72999954223633 8.53999996185303 8.35000038146973 8.28999996185303 8.06999969482422 8.01000022888184 8.01000022888184 7.96999979019165 8.10999965667725 8.01000022888184 8.02000045776367 8.21000003814697 8.21000003814697 8.18000030517578 7.94999980926514 7.8899998664856 7.88000011444092 7.96000003814697 8.18000030517578 7.92999982833862 7.61999988555908 7.48000001907349 7.32000017166138 7.17999982833862 7.15000009536743 7.1399998664856 7.05999994277954 6.94999980926514 6.98000001907349 7.25 8.09000015258789 8.8100004196167 9.05000019073486 9.07999992370605 9.02999973297119 8.9399995803833 8.9399995803833 8.77000045776367 8.65999984741211 8.5600004196167 8.47999954223633
8.90999984741211 8.86999988555908 8.82999992370605 8.80000019073486 8.77999973297119 8.77999973297119 8.68000030517578 8.53999996185303 8.39000034332275 8.11999988555908 8.03999996185303 7.98999977111816 7.98000001907349 7.98000001907349 7.96999979019165 7.98000001907349 8.14999961853027 8.11999988555908 8.07999992370605 7.96999979019165 7.96000003814697 7.98999977111816 8.07999992370605 8.26000022888184 8.09000015258789 7.71000003814697 7.57999992370605 7.40999984741211 7.32999992370605 7.59999990463257 7.53999996185303 7.46000003814697 7.6399998664856 7.96999979019165 8.5 8.9399995803833 9.06999969482422 9.10999965667725 9.14999961853027 9.03999996185303 8.92000007629395 8.82999992370605 8.67000007629395 8.77000045776367 8.68000030517578 8.60000038146973
9.01000022888184 8.97000026702881 8.93000030517578 8.88000011444092 8.85000038146973 8.82999992370605 8.78999996185303 8.56999969482422 8.39000034332275 8.28999996185303 8.18000030517578 8.10999965667725 8.10999965667725 8.21000003814697 8.21000003814697 8.14999961853027 8.21000003814697 8.23999977111816 8.23999977111816 8.05000019073486 8.0600004196167 8.10999965667725 8.19999980926514 8.31999969482422 8.14999961853027 7.84000015258789 7.6100001335144 7.51000022888184 7.82000017166138 8.15999984741211 8.36999988555908 8.53999996185303 8.81999969482422 8.98999977111816 9.09000015258789 9.14000034332275 9.18000030517578 9.27000045776367 9.22000026702881 9.03999996185303 8.88000011444092 8.73999977111816 8.72999954223633 8.71000003814697 8.69999980926514 8.65999984741211
9.11999988555908 9.06999969482422 9.01000022888184 8.97000026702881 8.92000007629395 8.88000011444092 8.85000038146973 8.72999954223633 8.60000038146973 8.47999954223633 8.39999961853027 8.30000019073486 8.22000026702881 8.26000022888184 8.39999961853027 8.42000007629395 8.40999984741211 8.42000007629395 8.35999965667725 8.23999977111816 8.19999980926514 8.21000003814697 8.26000022888184 8.27999973297119 8.43000030517578 8.06999969482422 7.75 7.84999990463257 8.19999980926514 8.48999977111816 8.69999980926514 8.88000011444092 9.06999969482422 9.11999988555908 9.11999988555908 9.21000003814697 9.26000022888184 9.25 9.15999984741211 9.07999992370605 8.96000003814697 8.81999969482422 8.73999977111816 8.6899995803833 8.68000030517578 8.71000003814697
9.21000003814697 9.15999984741211 9.09000015258789 9.05000019073486 9.01000022888184 8.94999980926514 8.90999984741211 8.81999969482422 8.72000026702881 8.61999988555908 8.47000026702881 8.39000034332275 8.31999969482422 8.28999996185303 8.35000038146973 8.51000022888184 8.63000011444092 8.57999992370605 8.55000019073486 8.44999980926514 8.36999988555908 8.34000015258789 8.30000019073486 8.27999973297119 8.53999996185303 8.27000045776367 8.26000022888184 8.32999992370605 8.35999965667725 8.72000026702881 8.6899995803833 9.01000022888184 9.11999988555908 9.14999961853027 9.13000011444092 9.10999965667725 9.02000045776367 8.93000030517578 8.56999969482422 8.15999984741211 8.27999973297119 8.77999973297119 8.85999965667725 8.89999961853027 8.89000034332275 8.84000015258789
9.39000034332275 9.34000015258789 9.23999977111816 9.17000007629395 9.11999988555908 9.07999992370605 9.03999996185303 8.97999954223633 8.89000034332275 8.77999973297119 8.65999984741211 8.55000019073486 8.46000003814697 8.40999984741211 8.44999980926514 8.5 8.60999965667725 8.69999980926514 8.68000030517578 8.63000011444092 8.5600004196167 8.55000019073486 8.46000003814697 8.4399995803833 8.51000022888184 8.67000007629395 8.6899995803833 8.63000011444092 8.71000003814697 8.85000038146973 8.97999954223633 9.02000045776367 9.03999996185303 8.97999954223633 8.92000007629395 8.72999954223633 8.40999984741211 8.07999992370605 7.59999990463257 7.32999992370605 7.40999984741211 8.42000007629395 8.97999954223633 9.10000038146973 9.05000019073486 8.97000026702881
9.46000003814697 9.42000007629395 9.34000015258789 9.28999996185303 9.25 9.21000003814697 9.17000007629395 9.13000011444092 9.06999969482422 9 8.89000034332275 8.78999996185303 8.67000007629395 8.60000038146973 8.60000038146973 8.67000007629395 8.69999980926514 8.73999977111816 8.72999954223633 8.71000003814697 8.77999973297119 8.72999954223633 8.6899995803833 8.65999984741211 8.71000003814697 8.75 8.86999988555908 8.85000038146973 8.81999969482422 8.78999996185303 8.72000026702881 8.72000026702881 8.75 8.59000015258789 8.40999984741211 8.19999980926514 7.88000011444092 7.51999998092651 7.25 7.03000020980835 7.13000011444092 7.86999988555908 8.98999977111816 9.26000022888184 9.1899995803833 9.10000038146973
9.46000003814697 9.4399995803833 9.39999961853027 9.39000034332275 9.36999988555908 9.35000038146973 9.3100004196167 9.26000022888184 9.19999980926514 9.14000034332275 9.09000015258789 9.02999973297119 8.92000007629395 8.81999969482422 8.80000019073486 8.86999988555908 8.88000011444092 8.88000011444092 8.89000034332275 8.85000038146973 8.86999988555908 8.89000034332275 8.88000011444092 8.86999988555908 8.85999965667725 8.96000003814697 8.85000038146973 8.71000003814697 8.59000015258789 8.47999954223633 8.38000011444092 8.35000038146973 8.19999980926514 7.96999979019165 7.88000011444092 7.86999988555908 7.67999982833862 7.57000017166138 7.30999994277954 7.23000001907349 7.42999982833862 8.01000022888184 9.02000045776367 9.32999992370605 9.30000019073486 9.1899995803833
9.27999973297119 9.30000019073486 9.35000038146973 9.39000034332275 9.38000011444092 9.39999961853027 9.39999961853027 9.35000038146973 9.27000045776367 9.21000003814697 9.21000003814697 9.19999980926514 9.14999961853027 9.03999996185303 8.96000003814697 9.02000045776367 9.10999965667725 9.0600004196167 9.01000022888184 8.98999977111816 9.02000045776367 8.98999977111816 8.98999977111816 9.01000022888184 9.02000045776367 9.10000038146973 9.06999969482422 8.65999984741211 8.27000045776367 8.15999984741211 8.22999954223633 8.13000011444092 7.8899998664856 7.84000015258789 8.03999996185303 8 7.90999984741211 7.76999998092651 7.51999998092651 7.30999994277954 7.13000011444092 7.71999979019165 8.80000019073486 9.25 9.28999996185303 9.21000003814697
9.28999996185303 9.32999992370605 9.38000011444092 9.39999961853027 9.36999988555908 9.34000015258789 9.36999988555908 9.35999965667725 9.23999977111816 9.19999980926514 9.22000026702881 9.26000022888184 9.27999973297119 9.23999977111816 9.14000034332275 9.10000038146973 9.17000007629395 9.21000003814697 9.14999961853027 9.11999988555908 9.11999988555908 9.15999984741211 9.11999988555908 9.0600004196167 9.17000007629395 9.19999980926514 9.22000026702881 9.01000022888184 8.52000045776367 8.22000026702881 8.10999965667725 7.98999977111816 7.84999990463257 7.88000011444092 8.09000015258789 7.94999980926514 7.94000005722046 7.76999998092651 7.65999984741211 7.55999994277954 7.48000001907349 7.6399998664856 8.55000019073486 9.15999984741211 9.27000045776367 9.25
9.52000045776367 9.48999977111816 9.48999977111816 9.4399995803833 9.39000034332275 9.34000015258789 9.28999996185303 9.28999996185303 9.19999980926514 9.14999961853027 9.14000034332275 9.21000003814697 9.26000022888184 9.3100004196167 9.27999973297119 9.23999977111816 9.26000022888184 9.28999996185303 9.27000045776367 9.26000022888184 9.23999977111816 9.21000003814697 9.1899995803833 9.10999965667725 9.15999984741211 9.23999977111816 9.31999969482422 9.27999973297119 9.05000019073486 8.67000007629395 8.39999961853027 8.28999996185303 8.23999977111816 8.27999973297119 8.23999977111816 8.03999996185303 7.80999994277954 7.76000022888184 7.73000001907349 7.71000003814697 7.48999977111816 7.40999984741211 8.23999977111816 9.06999969482422 9.26000022888184 9.30000019073486
9.77999973297119 9.63000011444092 9.51000022888184 9.43000030517578 9.38000011444092 9.34000015258789 9.26000022888184 9.17000007629395 9.14000034332275 9.09000015258789 9.07999992370605 9.11999988555908 9.19999980926514 9.28999996185303 9.34000015258789 9.38000011444092 9.35999965667725 9.38000011444092 9.38000011444092 9.38000011444092 9.36999988555908 9.30000019073486 9.23999977111816 9.15999984741211 9.10000038146973 9.15999984741211 9.22999954223633 9.25 9.3100004196167 9.03999996185303 8.72000026702881 8.60000038146973 8.44999980926514 8.39000034332275 8.32999992370605 8.21000003814697 8.10000038146973 8.07999992370605 7.88000011444092 7.6100001335144 7.40999984741211 7.36999988555908 8.13000011444092 9.02000045776367 9.25 9.35000038146973
9.85999965667725 9.73999977111816 9.64000034332275 9.52999973297119 9.47000026702881 9.40999984741211 9.31999969482422 9.19999980926514 9.11999988555908 9.06999969482422 9.03999996185303 9.02999973297119 9.07999992370605 9.23999977111816 9.35999965667725 9.39999961853027 9.44999980926514 9.48999977111816 9.5 9.51000022888184 9.47000026702881 9.43000030517578 9.35999965667725 9.27999973297119 9.22000026702881 9.19999980926514 9.18000030517578 9.23999977111816 9.26000022888184 9.22000026702881 8.96000003814697 8.81999969482422 8.67000007629395 8.48999977111816 8.53999996185303 8.34000015258789 8.17000007629395 8.13000011444092 7.98000001907349 7.82999992370605 7.78999996185303 8.10000038146973 8.52999973297119 9.09000015258789 9.26000022888184 9.43000030517578
9.82999992370605 9.92000007629395 9.84000015258789 9.76000022888184 9.71000003814697 9.56999969482422 9.44999980926514 9.38000011444092 9.26000022888184 9.13000011444092 9.05000019073486 9.0600004196167 9.06999969482422 9.21000003814697 9.38000011444092 9.44999980926514 9.47999954223633 9.52000045776367 9.56999969482422 9.53999996185303 9.59000015258789 9.55000019073486 9.42000007629395 9.39999961853027 9.35000038146973 9.31999969482422 9.27000045776367 9.22000026702881 9.21000003814697 9.25 9.18000030517578 9.14999961853027 8.88000011444092 8.68000030517578 8.67000007629395 8.55000019073486 8.51000022888184 8.52999973297119 8.52000045776367 8.48999977111816 8.5600004196167 8.80000019073486 9.02000045776367 9.22999954223633 9.39999961853027 9.55000019073486
