SnowAccumulation_R/test/tmax/max_2.asc
NCOLS 144 
NROWS 72 
XLLCORNER -107.999996877414 
YLLCORNER 47.0000011447333 
CELLSIZE 0.0833333376702586 
NODATA_value -3.4e+38 
[rows 0 to 19 of 72, columns 0 to 44 of 144]
-7.42999982833862 -7.44999980926514 -7.5 -7.57000017166138 -7.71999979019165 -7.82999992370605 -7.90000009536743 -7.92999982833862 -8 -7.96000003814697 -7.94000005722046 -7.76000022888184 -7.63000011444092 -7.6399998664856 -7.71000003814697 -7.69000005722046 -7.67000007629395 -7.61999988555908 -7.57000017166138 -7.59000015258789 -7.57000017166138 -7.55999994277954 -7.53000020980835 -7.51000022888184 -7.53000020980835 -7.55000019073486 -7.57000017166138 -7.71999979019165 -7.8600001335144 -7.94000005722046 -8.02999973297119 -8.14000034332275 -8.22000026702881 -8.26000022888184 -8.3100004196167 -8.34000015258789 -8.39000034332275 -8.42000007629395 -8.46000003814697 -8.52000045776367 -8.60000038146973 -8.6899995803833 -8.76000022888184 -8.8100004196167 -8.85999965667725
-7.44000005722046 -7.44000005722046 -7.51999998092651 -7.57000017166138 -7.69000005722046 -7.76999998092651 -7.84000015258789 -7.8899998664856 -7.8899998664856 -7.84000015258789 -7.80000019073486 -7.6399998664856 -7.63000011444092 -7.63000011444092 -7.67999982833862 -7.67999982833862 -7.65999984741211 -7.61999988555908 -7.67999982833862 -7.67000007629395 -7.6399998664856 -7.59000015258789 -7.57000017166138 -7.53000020980835 -7.55000019073486 -7.57999992370605 -7.65000009536743 -7.80999994277954 -7.96999979019165 -8.0600004196167 -8.14000034332275 -8.28999996185303 -8.35000038146973 -8.22999954223633 -8.22999954223633 -8.28999996185303 -8.36999988555908 -8.39999961853027 -8.46000003814697 -8.53999996185303 -8.63000011444092 -8.72000026702881 -8.81999969482422 -8.85999965667725 -8.89999961853027
-7.44000005722046 -7.42999982833862 -7.44000005722046 -7.46000003814697 -7.51999998092651 -7.6100001335144 -7.67000007629395 -7.73000001907349 -7.73000001907349 -7.67999982833862 -7.57999992370605 -7.55000019073486 -7.59999990463257 -7.63000011444092 -7.65000009536743 -7.63000011444092 -7.67000007629395 -7.78000020980835 -7.76999998092651 -7.73000001907349 -7.67999982833862 -7.6399998664856 -7.57999992370605 -7.6100001335144 -7.69000005722046 -7.76000022888184 -7.78999996185303 -7.82000017166138 -7.94000005722046 -8.06999969482422 -8.19999980926514 -8.18000030517578 -8.27999973297119 -8.27000045776367 -8.23999977111816 -8.3100004196167 -8.39000034332275 -8.40999984741211 -8.47000026702881 -8.5600004196167 -8.68000030517578 -8.77000045776367 -8.85999965667725 -8.93000030517578 -8.93000030517578
-7.3600001335144 -7.28999996185303 -7.28000020980835 -7.30000019073486 -7.34000015258789 -7.42000007629395 -7.48999977111816 -7.53999996185303 -7.55000019073486 -7.46999979019165 -7.48000001907349 -7.71999979019165 -7.69000005722046 -7.57999992370605 -7.59000015258789 -7.71000003814697 -7.80000019073486 -7.80999994277954 -7.78999996185303 -7.75 -7.69000005722046 -7.65000009536743 -7.61999988555908 -7.6399998664856 -7.65000009536743 -7.71999979019165 -7.8899998664856 -7.90000009536743 -7.98999977111816 -8.02999973297119 -8.15999984741211 -8.31999969482422 -8.3100004196167 -8.36999988555908 -8.44999980926514 -8.52000045776367 -8.59000015258789 -8.53999996185303 -8.60000038146973 -8.68000030517578 -8.76000022888184 -8.84000015258789 -8.89999961853027 -8.98999977111816 -8.98999977111816
-7.11999988555908 -7.17999982833862 -7.21000003814697 -7.17000007629395 -7.17000007629395 -7.21000003814697 -7.30999994277954 -7.3600001335144 -7.38000011444092 -7.40999984741211 -7.46000003814697 -7.53999996185303 -7.53000020980835 -7.51000022888184 -7.67999982833862 -7.76000022888184 -7.82000017166138 -7.84999990463257 -7.84999990463257 -7.78999996185303 -7.71999979019165 -7.67000007629395 -7.6100001335144 -7.63000011444092 -7.63000011444092 -7.69999980926514 -7.76999998092651 -7.8600001335144 -7.92000007629395 -8.02000045776367 -8.17000007629395 -8.28999996185303 -8.26000022888184 -8.34000015258789 -8.4399995803833 -8.52000045776367 -8.60000038146973 -8.63000011444092 -8.69999980926514 -8.77000045776367 -8.84000015258789 -8.86999988555908 -8.93000030517578 -9.02000045776367 -9.02999973297119
-6.94999980926514 -6.84999990463257 -6.86999988555908 -7.01000022888184 -7.07000017166138 -7.05000019073486 -7.07999992370605 -7.15000009536743 -7.23999977111816 -7.32999992370605 -7.42999982833862 -7.48000001907349 -7.5 -7.53000020980835 -7.65000009536743 -7.73000001907349 -7.82000017166138 -7.8899998664856 -7.88000011444092 -7.80000019073486 -7.69000005722046 -7.63000011444092 -7.6399998664856 -7.61999988555908 -7.65999984741211 -7.73000001907349 -7.82999992370605 -7.86999988555908 -7.90999984741211 -7.98000001907349 -8.07999992370605 -8.22000026702881 -8.27999973297119 -8.3100004196167 -8.40999984741211 -8.47999954223633 -8.53999996185303 -8.61999988555908 -8.72000026702881 -8.8100004196167 -8.89000034332275 -8.90999984741211 -8.94999980926514 -9.03999996185303 -9.09000015258789
-7.23999977111816 -7.03000020980835 -6.84999990463257 -6.73000001907349 -6.78000020980835 -6.82999992370605 -6.90999984741211 -6.94999980926514 -7.03000020980835 -7.1100001335144 -7.26999998092651 -7.34000015258789 -7.34999990463257 -7.5 -7.57999992370605 -7.65999984741211 -7.73000001907349 -7.80000019073486 -7.78999996185303 -7.65999984741211 -7.6100001335144 -7.59000015258789 -7.63000011444092 -7.67000007629395 -7.67999982833862 -7.69000005722046 -7.73999977111816 -7.76999998092651 -7.84999990463257 -7.94000005722046 -8.05000019073486 -8.26000022888184 -8.31999969482422 -8.32999992370605 -8.38000011444092 -8.44999980926514 -8.52000045776367 -8.60000038146973 -8.72000026702881 -8.81999969482422 -8.88000011444092 -8.92000007629395 -8.96000003814697 -9.03999996185303 -9.07999992370605
-7.13000011444092 -7.05999994277954 -6.96000003814697 -6.78999996185303 -6.73999977111816 -6.67000007629395 -6.65000009536743 -6.73000001907349 -6.80000019073486 -6.8899998664856 -7.01000022888184 -7.13000011444092 -7.28000020980835 -7.40000009536743 -7.46000003814697 -7.51999998092651 -7.55999994277954 -7.57999992370605 -7.55000019073486 -7.51000022888184 -7.57999992370605 -7.55000019073486 -7.57999992370605 -7.57999992370605 -7.48999977111816 -7.53999996185303 -7.6100001335144 -7.67999982833862 -7.80000019073486 -7.90999984741211 -8.01000022888184 -8.14000034332275 -8.21000003814697 -8.26000022888184 -8.32999992370605 -8.44999980926514 -8.57999992370605 -8.64999961853027 -8.72999954223633 -8.8100004196167 -8.85999965667725 -8.89999961853027 -8.97999954223633 -9.03999996185303 -9.0600004196167
-6.92999982833862 -6.8899998664856 -6.84000015258789 -6.73000001907349 -6.59999990463257 -6.59000015258789 -6.61999988555908 -6.65000009536743 -6.71999979019165 -6.78999996185303 -6.88000011444092 -6.98000001907349 -7.11999988555908 -7.21000003814697 -7.28999996185303 -7.32999992370605 -7.34000015258789 -7.34000015258789 -7.34999990463257 -7.44999980926514 -7.44000005722046 -7.46000003814697 -7.51999998092651 -7.55000019073486 -7.57000017166138 -7.53999996185303 -7.57000017166138 -7.59000015258789 -7.71000003814697 -7.82000017166138 -7.92000007629395 -8.03999996185303 -8.11999988555908 -8.18000030517578 -8.27999973297119 -8.43000030517578 -8.5600004196167 -8.63000011444092 -8.69999980926514 -8.77000045776367 -8.8100004196167 -8.85000038146973 -8.90999984741211 -8.96000003814697 -8.94999980926514
-6.76999998092651 -6.76999998092651 -6.69999980926514 -6.57999992370605 -6.48999977111816 -6.51000022888184 -6.55000019073486 -6.53999996185303 -6.59999990463257 -6.67999982833862 -6.76999998092651 -6.84000015258789 -6.94000005722046 -7.03000020980835 -7.07999992370605 -7.11999988555908 -7.11999988555908 -7.15000009536743 -7.28999996185303 -7.38000011444092 -7.32000017166138 -7.40000009536743 -7.44000005722046 -7.44000005722046 -7.42999982833862 -7.46999979019165 -7.57999992370605 -7.59999990463257 -7.67000007629395 -7.76999998092651 -7.82000017166138 -7.96999979019165 -8.0600004196167 -8.11999988555908 -8.23999977111816 -8.38000011444092 -8.48999977111816 -8.5600004196167 -8.61999988555908 -8.68000030517578 -8.69999980926514 -8.72000026702881 -8.76000022888184 -8.80000019073486 -8.81999969482422
-6.69000005722046 -6.69999980926514 -6.59000015258789 -6.44999980926514 -6.38000011444092 -6.40000009536743 -6.42999982833862 -6.44999980926514 -6.55000019073486 -6.61999988555908 -6.67000007629395 -6.73999977111816 -6.82999992370605 -6.86999988555908 -6.8899998664856 -6.90999984741211 -6.96000003814697 -7.03999996185303 -7.21000003814697 -7.19000005722046 -7.21000003814697 -7.28000020980835 -7.32000017166138 -7.36999988555908 -7.44000005722046 -7.44000005722046 -7.44999980926514 -7.51000022888184 -7.6100001335144 -7.67999982833862 -7.78000020980835 -7.86999988555908 -7.98999977111816 -8.05000019073486 -8.15999984741211 -8.28999996185303 -8.40999984741211 -8.46000003814697 -8.48999977111816 -8.53999996185303 -8.55000019073486 -8.56999969482422 -8.60999965667725 -8.64999961853027 -8.68000030517578
-6.53000020980835 -6.5 -6.44000005722046 -6.38000011444092 -6.30999994277954 -6.28999996185303 -6.32000017166138 -6.3899998664856 -6.48999977111816 -6.53999996185303 -6.57000017166138 -6.6399998664856 -6.71000003814697 -6.73000001907349 -6.71999979019165 -6.76999998092651 -6.8600001335144 -6.92000007629395 -6.98000001907349 -7.01999998092651 -7.05999994277954 -7.1100001335144 -7.19999980926514 -7.25 -7.30000019073486 -7.34000015258789 -7.3899998664856 -7.44000005722046 -7.53000020980835 -7.61999988555908 -7.71000003814697 -7.80000019073486 -7.90999984741211 -7.96999979019165 -8.06999969482422 -8.18000030517578 -8.27000045776367 -8.28999996185303 -8.32999992370605 -8.39000034332275 -8.39000034332275 -8.42000007629395 -8.46000003814697 -8.48999977111816 -8.52000045776367
-6.48999977111816 -6.44999980926514 -6.34000015258789 -6.23000001907349 -6.17999982833862 -6.17999982833862 -6.23000001907349 -6.28999996185303 -6.36999988555908 -6.40999984741211 -6.44999980926514 -6.53999996185303 -6.59000015258789 -6.63000011444092 -6.57000017166138 -6.6399998664856 -6.71000003814697 -6.78999996185303 -6.8600001335144 -6.92999982833862 -6.98000001907349 -7.01000022888184 -7.05000019073486 -7.11999988555908 -7.17999982833862 -7.23999977111816 -7.34000015258789 -7.40999984741211 -7.51000022888184 -7.6100001335144 -7.67000007629395 -7.73999977111816 -7.80999994277954 -7.8600001335144 -7.94999980926514 -8.02999973297119 -8.09000015258789 -8.11999988555908 -8.15999984741211 -8.19999980926514 -8.22000026702881 -8.25 -8.26000022888184 -8.27999973297119 -8.30000019073486
-6.55000019073486 -6.34999990463257 -6.28999996185303 -6.28999996185303 -6.13000011444092 -6.09000015258789 -6.11999988555908 -6.19000005722046 -6.26000022888184 -6.30000019073486 -6.34000015258789 -6.40999984741211 -6.42000007629395 -6.48999977111816 -6.44999980926514 -6.5 -6.63000011444092 -6.67000007629395 -6.76000022888184 -6.84999990463257 -6.8899998664856 -6.96000003814697 -7.01000022888184 -7.07000017166138 -7.1100001335144 -7.17000007629395 -7.25 -7.3600001335144 -7.46000003814697 -7.55000019073486 -7.6100001335144 -7.65999984741211 -7.69999980926514 -7.75 -7.80999994277954 -7.86999988555908 -7.90999984741211 -7.94999980926514 -7.98999977111816 -8.03999996185303 -8.0600004196167 -8.06999969482422 -8.09000015258789 -8.10999965667725 -8.13000011444092
-6.3899998664856 -6.28000020980835 -6.21000003814697 -6.1399998664856 -6.07999992370605 -6.09000015258789 -6.09000015258789 -6.1100001335144 -6.15000009536743 -6.17999982833862 -6.26000022888184 -6.28000020980835 -6.30000019073486 -6.3899998664856 -6.34999990463257 -6.3899998664856 -6.51999998092651 -6.57000017166138 -6.73999977111816 -6.8899998664856 -6.96999979019165 -7.03000020980835 -7.07999992370605 -7.07000017166138 -7.09000015258789 -7.13000011444092 -7.17000007629395 -7.23999977111816 -7.3600001335144 -7.44999980926514 -7.51999998092651 -7.53000020980835 -7.59000015258789 -7.63000011444092 -7.67000007629395 -7.71999979019165 -7.76999998092651 -7.80999994277954 -7.84000015258789 -7.86999988555908 -7.88000011444092 -7.90000009536743 -7.92000007629395 -7.94000005722046 -7.98999977111816
-6.26000022888184 -6.19999980926514 -6.17000007629395 -6.1100001335144 -6.09999990463257 -6.09999990463257 -6.05000019073486 -6.03999996185303 -6.07000017166138 -6.1399998664856 -6.15000009536743 -6.17000007629395 -6.19000005722046 -6.23999977111816 -6.28000020980835 -6.3899998664856 -6.46000003814697 -6.51999998092651 -6.80000019073486 -7.09000015258789 -7.17999982833862 -7.23000001907349 -7.28000020980835 -7.26999998092651 -7.21999979019165 -7.17999982833862 -7.15999984741211 -7.19000005722046 -7.26999998092651 -7.34000015258789 -7.36999988555908 -7.36999988555908 -7.42999982833862 -7.48000001907349 -7.53000020980835 -7.59000015258789 -7.63000011444092 -7.65000009536743 -7.67000007629395 -7.69000005722046 -7.71000003814697 -7.75 -7.82000017166138 -7.94000005722046 -8.10000038146973
-6.17000007629395 -6.13000011444092 -6.09999990463257 -6.09000015258789 -6.09000015258789 -6.07999992370605 -6.07000017166138 -6.03000020980835 -6.01999998092651 -6.07000017166138 -6.03000020980835 -6.01000022888184 -6.09000015258789 -6.15000009536743 -6.25 -6.34000015258789 -6.42999982833862 -6.5 -6.69999980926514 -6.90999984741211 -7.03999996185303 -7.13000011444092 -7.23000001907349 -7.32000017166138 -7.28999996185303 -7.26000022888184 -7.23000001907349 -7.23000001907349 -7.23000001907349 -7.26000022888184 -7.30000019073486 -7.28000020980835 -7.26999998092651 -7.32000017166138 -7.36999988555908 -7.42000007629395 -7.46000003814697 -7.51000022888184 -7.51999998092651 -7.53999996185303 -7.57999992370605 -7.67000007629395 -7.82999992370605 -8.01000022888184 -8.13000011444092
-6.05000019073486 -6.03000020980835 -6.01999998092651 -6.01000022888184 -5.98999977111816 -5.98999977111816 -5.98999977111816 -5.94999980926514 -6 -5.98999977111816 -5.90999984741211 -5.8899998664856 -6.01000022888184 -6.09999990463257 -6.19999980926514 -6.34000015258789 -6.42999982833862 -6.48999977111816 -6.55000019073486 -6.71000003814697 -6.88000011444092 -7.03000020980835 -7.15000009536743 -7.23000001907349 -7.21999979019165 -7.23999977111816 -7.30999994277954 -7.32000017166138 -7.30000019073486 -7.15999984741211 -7.17000007629395 -7.1399998664856 -7.1399998664856 -7.15999984741211 -7.21000003814697 -7.28000020980835 -7.32999992370605 -7.3600001335144 -7.38000011444092 -7.42000007629395 -7.51999998092651 -7.65000009536743 -7.80000019073486 -7.92999982833862 -7.96999979019165
-5.82999992370605 -5.82999992370605 -5.82000017166138 -5.82999992370605 -5.82000017166138 -5.84000015258789 -5.90000009536743 -5.94999980926514 -6 -5.96999979019165 -5.82000017166138 -5.76000022888184 -5.92999982833862 -6.09999990463257 -6.21999979019165 -6.40000009536743 -6.48999977111816 -6.5 -6.51000022888184 -6.59999990463257 -6.76999998092651 -6.90999984741211 -7 -7.07999992370605 -7.11999988555908 -7.1399998664856 -7.25 -7.32999992370605 -7.32000017166138 -7.09999990463257 -7.01999998092651 -6.98999977111816 -7 -7.03000020980835 -7.07000017166138 -7.13000011444092 -7.17000007629395 -7.21999979019165 -7.28000020980835 -7.36999988555908 -7.48000001907349 -7.59999990463257 -7.69999980926514 -7.78000020980835 -7.80999994277954
-5.48999977111816 -5.51000022888184 -5.55000019073486 -5.57999992370605 -5.61999988555908 -5.71000003814697 -5.76000022888184 -5.82999992370605 -5.8899998664856 -5.8899998664856 -5.84000015258789 -5.71000003814697 -5.76999998092651 -6.01000022888184 -6.19999980926514 -6.34999990463257 -6.46000003814697 -6.48999977111816 -6.48000001907349 -6.51000022888184 -6.65000009536743 -6.78999996185303 -6.84999990463257 -6.92000007629395 -6.92999982833862 -6.96000003814697 -7.07000017166138 -7.23000001907349 -7.19000005722046 -7.01000022888184 -6.8600001335144 -6.84999990463257 -6.86999988555908 -6.8899998664856 -6.94999980926514 -7.01000022888184 -7.07000017166138 -7.11999988555908 -7.19999980926514 -7.28999996185303 -7.3899998664856 -7.5 -7.57999992370605 -7.6100001335144 -7.69999980926514
