SnowAccumulation_R/test/tmax/max_2.asc
NCOLS 144 
NROWS 72 
XLLCORNER -107.999996877414 
YLLCORNER 47.0000011447333 
CELLSIZE 0.0833333376702586 
NODATA_value -3.4e+38 
[rows 0 to 19 of 72, columns 90 to 134 of 144]
-8.98999977111816 -9.03999996185303 -9.10000038146973 -9.17000007629395 -9.23999977111816 -9.3100004196167 -9.39999961853027 -9.48999977111816 -9.5600004196167 -9.68000030517578 -9.75 -9.8100004196167 -9.90999984741211 -9.97000026702881 -10.0100002288818 -10.0699996948242 -10.1300001144409 -10.1199998855591 -10.1999998092651 -10.2600002288818 -10.3100004196167 -10.3699998855591 -10.4300003051758 -10.4799995422363 -10.539999961853 -10.6199998855591 -10.6999998092651 -10.7700004577637 -10.8500003814697 -10.9300003051758 -11.0299997329712 -11.1099996566772 -11.1800003051758 -11.2399997711182 -11.289999961853 -11.3199996948242 -11.3400001525879 -11.3400001525879 -11.3400001525879 -11.3400001525879 -11.3599996566772 -11.3699998855591 -11.3699998855591 -11.3800001144409 -11.3900003433228
-8.84000015258789 -8.89000034332275 -8.96000003814697 -9.02999973297119 -9.10999965667725 -9.18000030517578 -9.25 -9.31999969482422 -9.39000034332275 -9.47000026702881 -9.60000038146973 -9.68000030517578 -9.76000022888184 -9.82999992370605 -9.92000007629395 -10 -10.039999961853 -10.039999961853 -10.039999961853 -10.0699996948242 -10.1400003433228 -10.2200002670288 -10.289999961853 -10.3699998855591 -10.4499998092651 -10.5299997329712 -10.6099996566772 -10.6899995803833 -10.7700004577637 -10.8500003814697 -10.960000038147 -11.039999961853 -11.1300001144409 -11.210000038147 -11.2700004577637 -11.289999961853 -11.289999961853 -11.3000001907349 -11.3000001907349 -11.3000001907349 -11.289999961853 -11.2799997329712 -11.2700004577637 -11.2799997329712 -11.289999961853
-8.71000003814697 -8.75 -8.82999992370605 -8.93000030517578 -9 -9.05000019073486 -9.11999988555908 -9.19999980926514 -9.27999973297119 -9.35000038146973 -9.46000003814697 -9.55000019073486 -9.63000011444092 -9.71000003814697 -9.78999996185303 -9.85000038146973 -9.89000034332275 -9.92000007629395 -9.96000003814697 -9.98999977111816 -10.039999961853 -10.1099996566772 -10.1899995803833 -10.2700004577637 -10.3500003814697 -10.4300003051758 -10.5100002288818 -10.5900001525879 -10.6700000762939 -10.7600002288818 -10.8599996566772 -10.9499998092651 -11.039999961853 -11.1199998855591 -11.1999998092651 -11.210000038147 -11.1999998092651 -11.1899995803833 -11.2299995422363 -11.2299995422363 -11.2200002670288 -11.2200002670288 -11.1999998092651 -11.1899995803833 -11.1700000762939
-8.57999992370605 -8.63000011444092 -8.6899995803833 -8.8100004196167 -8.89999961853027 -8.93000030517578 -9 -9.07999992370605 -9.15999984741211 -9.23999977111816 -9.32999992370605 -9.40999984741211 -9.5 -9.59000015258789 -9.67000007629395 -9.73999977111816 -9.77000045776367 -9.82999992370605 -9.88000011444092 -9.93000030517578 -9.93000030517578 -10 -10.0799999237061 -10.1499996185303 -10.2299995422363 -10.3100004196167 -10.3900003433228 -10.4700002670288 -10.5500001907349 -10.6400003433228 -10.7399997711182 -10.8199996948242 -10.8999996185303 -10.9700002670288 -11.0200004577637 -11.0500001907349 -11.0600004196167 -11.0600004196167 -11.0699996948242 -11.1099996566772 -11.1199998855591 -11.1000003814697 -11.0900001525879 -11.0799999237061 -11.0699996948242
-8.47000026702881 -8.5 -8.57999992370605 -8.64000034332275 -8.72999954223633 -8.80000019073486 -8.88000011444092 -8.96000003814697 -9.03999996185303 -9.11999988555908 -9.19999980926514 -9.28999996185303 -9.38000011444092 -9.47000026702881 -9.55000019073486 -9.60999965667725 -9.65999984741211 -9.72000026702881 -9.77999973297119 -9.82999992370605 -9.85000038146973 -9.89000034332275 -9.96000003814697 -10.0299997329712 -10.1099996566772 -10.1899995803833 -10.2600002288818 -10.3400001525879 -10.4200000762939 -10.5 -10.5900001525879 -10.6700000762939 -10.7399997711182 -10.8000001907349 -10.8400001525879 -10.8800001144409 -10.8999996185303 -10.9099998474121 -10.9200000762939 -10.9499998092651 -10.9899997711182 -10.9799995422363 -10.9700002670288 -10.9499998092651 -10.9399995803833
-8.35999965667725 -8.39999961853027 -8.47000026702881 -8.55000019073486 -8.61999988555908 -8.69999980926514 -8.76000022888184 -8.85000038146973 -8.93000030517578 -9.01000022888184 -9.09000015258789 -9.18000030517578 -9.27000045776367 -9.35999965667725 -9.4399995803833 -9.5 -9.55000019073486 -9.61999988555908 -9.67000007629395 -9.72000026702881 -9.76000022888184 -9.81999969482422 -9.88000011444092 -9.90999984741211 -9.97999954223633 -10.0500001907349 -10.1300001144409 -10.1999998092651 -10.2700004577637 -10.3500003814697 -10.460000038147 -10.5100002288818 -10.5699996948242 -10.6199998855591 -10.6700000762939 -10.710000038147 -10.7299995422363 -10.75 -10.7700004577637 -10.7799997329712 -10.8400001525879 -10.8500003814697 -10.8299999237061 -10.8199996948242 -10.8199996948242
-8.23999977111816 -8.28999996185303 -8.35999965667725 -8.43000030517578 -8.5 -8.56999969482422 -8.64999961853027 -8.73999977111816 -8.81999969482422 -8.90999984741211 -9.01000022888184 -9.07999992370605 -9.17000007629395 -9.25 -9.34000015258789 -9.39000034332275 -9.46000003814697 -9.52000045776367 -9.56999969482422 -9.61999988555908 -9.64999961853027 -9.72000026702881 -9.78999996185303 -9.8100004196167 -9.84000015258789 -9.90999984741211 -9.97999954223633 -10.0500001907349 -10.1199998855591 -10.1899995803833 -10.3500003814697 -10.3400001525879 -10.3999996185303 -10.4499998092651 -10.5 -10.5299997329712 -10.5699996948242 -10.5900001525879 -10.6099996566772 -10.6300001144409 -10.6400003433228 -10.6999998092651 -10.6899995803833 -10.6700000762939 -10.6700000762939
-8.13000011444092 -8.1899995803833 -8.25 -8.3100004196167 -8.38000011444092 -8.47000026702881 -8.55000019073486 -8.64000034332275 -8.72000026702881 -8.80000019073486 -8.89000034332275 -8.97999954223633 -9.06999969482422 -9.14999961853027 -9.23999977111816 -9.30000019073486 -9.36999988555908 -9.42000007629395 -9.5 -9.51000022888184 -9.52000045776367 -9.5600004196167 -9.60999965667725 -9.64999961853027 -9.6899995803833 -9.76000022888184 -9.82999992370605 -9.89999961853027 -9.97000026702881 -10.0299997329712 -10.1899995803833 -10.1700000762939 -10.2299995422363 -10.2799997329712 -10.3199996948242 -10.3599996566772 -10.3999996185303 -10.4300003051758 -10.4499998092651 -10.4700002670288 -10.4899997711182 -10.5200004577637 -10.539999961853 -10.5100002288818 -10.5100002288818
-8.02999973297119 -8.09000015258789 -8.14000034332275 -8.19999980926514 -8.27999973297119 -8.36999988555908 -8.46000003814697 -8.53999996185303 -8.63000011444092 -8.72000026702881 -8.8100004196167 -8.89000034332275 -8.97999954223633 -9.06999969482422 -9.14000034332275 -9.19999980926514 -9.26000022888184 -9.31999969482422 -9.36999988555908 -9.38000011444092 -9.39999961853027 -9.4399995803833 -9.48999977111816 -9.52999973297119 -9.57999992370605 -9.63000011444092 -9.68000030517578 -9.73999977111816 -9.8100004196167 -9.86999988555908 -9.97000026702881 -10.0100002288818 -10.0600004196167 -10.1099996566772 -10.1499996185303 -10.1899995803833 -10.2299995422363 -10.2600002288818 -10.2799997329712 -10.3000001907349 -10.3199996948242 -10.3400001525879 -10.3500003814697 -10.3500003814697 -10.3400001525879
-8 -8.02000045776367 -8.03999996185303 -8.09000015258789 -8.18000030517578 -8.27999973297119 -8.36999988555908 -8.46000003814697 -8.57999992370605 -8.65999984741211 -8.72999954223633 -8.8100004196167 -8.89999961853027 -8.97999954223633 -9.03999996185303 -9.10000038146973 -9.15999984741211 -9.21000003814697 -9.23999977111816 -9.26000022888184 -9.28999996185303 -9.32999992370605 -9.38000011444092 -9.43000030517578 -9.44999980926514 -9.5 -9.55000019073486 -9.60000038146973 -9.64999961853027 -9.71000003814697 -9.78999996185303 -9.84000015258789 -9.89999961853027 -9.9399995803833 -9.98999977111816 -10.0200004577637 -10.0600004196167 -10.0900001525879 -10.1099996566772 -10.1300001144409 -10.1400003433228 -10.1599998474121 -10.1599998474121 -10.1599998474121 -10.1700000762939
-7.96999979019165 -7.94999980926514 -7.94999980926514 -8 -8.10000038146973 -8.19999980926514 -8.30000019073486 -8.39000034332275 -8.48999977111816 -8.56999969482422 -8.65999984741211 -8.72999954223633 -8.8100004196167 -8.89000034332275 -8.94999980926514 -9 -9.03999996185303 -9.09000015258789 -9.14000034332275 -9.15999984741211 -9.17000007629395 -9.19999980926514 -9.25 -9.30000019073486 -9.31999969482422 -9.36999988555908 -9.42000007629395 -9.46000003814697 -9.48999977111816 -9.55000019073486 -9.63000011444092 -9.6899995803833 -9.73999977111816 -9.77999973297119 -9.82999992370605 -9.88000011444092 -9.89000034332275 -9.92000007629395 -9.9399995803833 -9.96000003814697 -9.97000026702881 -9.97000026702881 -9.97999954223633 -9.97999954223633 -9.97999954223633
-7.78999996185303 -7.82999992370605 -7.8600001335144 -7.92000007629395 -8.02000045776367 -8.13000011444092 -8.23999977111816 -8.34000015258789 -8.43000030517578 -8.51000022888184 -8.59000015258789 -8.67000007629395 -8.72999954223633 -8.80000019073486 -8.85000038146973 -8.89999961853027 -8.9399995803833 -8.97000026702881 -9.01000022888184 -9.02000045776367 -9.02999973297119 -9.06999969482422 -9.09000015258789 -9.14000034332275 -9.1899995803833 -9.22999954223633 -9.28999996185303 -9.31999969482422 -9.36999988555908 -9.39999961853027 -9.47999954223633 -9.52999973297119 -9.57999992370605 -9.64000034332275 -9.71000003814697 -9.71000003814697 -9.73999977111816 -9.75 -9.77000045776367 -9.78999996185303 -9.80000019073486 -9.80000019073486 -9.80000019073486 -9.80000019073486 -9.8100004196167
-7.6399998664856 -7.71000003814697 -7.76999998092651 -7.8600001335144 -7.96999979019165 -8.09000015258789 -8.21000003814697 -8.3100004196167 -8.39999961853027 -8.46000003814697 -8.53999996185303 -8.59000015258789 -8.64999961853027 -8.6899995803833 -8.73999977111816 -8.78999996185303 -8.81999969482422 -8.84000015258789 -8.88000011444092 -8.89999961853027 -8.92000007629395 -8.93000030517578 -8.94999980926514 -8.98999977111816 -9.05000019073486 -9.11999988555908 -9.17000007629395 -9.21000003814697 -9.22999954223633 -9.26000022888184 -9.31999969482422 -9.38000011444092 -9.42000007629395 -9.5 -9.5600004196167 -9.59000015258789 -9.60999965667725 -9.60000038146973 -9.60000038146973 -9.61999988555908 -9.61999988555908 -9.63000011444092 -9.63000011444092 -9.63000011444092 -9.61999988555908
-7.48999977111816 -7.57999992370605 -7.69000005722046 -7.82000017166138 -7.94000005722046 -8.06999969482422 -8.19999980926514 -8.3100004196167 -8.39000034332275 -8.4399995803833 -8.48999977111816 -8.52999973297119 -8.5600004196167 -8.60000038146973 -8.64000034332275 -8.67000007629395 -8.6899995803833 -8.72000026702881 -8.75 -8.76000022888184 -8.81999969482422 -8.81999969482422 -8.81999969482422 -8.85999965667725 -8.93000030517578 -8.98999977111816 -9.03999996185303 -9.09000015258789 -9.14999961853027 -9.19999980926514 -9.25 -9.26000022888184 -9.27999973297119 -9.35000038146973 -9.42000007629395 -9.46000003814697 -9.4399995803833 -9.4399995803833 -9.46000003814697 -9.47000026702881 -9.47000026702881 -9.47000026702881 -9.47000026702881 -9.47000026702881 -9.46000003814697
-7.40999984741211 -7.53000020980835 -7.67000007629395 -7.80000019073486 -7.92999982833862 -8.0600004196167 -8.22000026702881 -8.32999992370605 -8.38000011444092 -8.40999984741211 -8.43000030517578 -8.46000003814697 -8.47999954223633 -8.51000022888184 -8.53999996185303 -8.5600004196167 -8.57999992370605 -8.61999988555908 -8.61999988555908 -8.64000034332275 -8.68000030517578 -8.68000030517578 -8.6899995803833 -8.73999977111816 -8.80000019073486 -8.85999965667725 -8.92000007629395 -9 -9.07999992370605 -9.13000011444092 -9.19999980926514 -9.1899995803833 -9.17000007629395 -9.22000026702881 -9.27000045776367 -9.30000019073486 -9.28999996185303 -9.3100004196167 -9.31999969482422 -9.32999992370605 -9.32999992370605 -9.32999992370605 -9.31999969482422 -9.3100004196167 -9.3100004196167
-7.46999979019165 -7.55999994277954 -7.67000007629395 -7.78999996185303 -7.90999984741211 -8.02000045776367 -8.15999984741211 -8.27000045776367 -8.31999969482422 -8.35000038146973 -8.36999988555908 -8.38000011444092 -8.39999961853027 -8.42000007629395 -8.4399995803833 -8.47000026702881 -8.47999954223633 -8.51000022888184 -8.52000045776367 -8.52999973297119 -8.5600004196167 -8.56999969482422 -8.59000015258789 -8.64000034332275 -8.69999980926514 -8.77999973297119 -8.89000034332275 -8.97999954223633 -9.03999996185303 -9.07999992370605 -9.11999988555908 -9.09000015258789 -9.10000038146973 -9.14000034332275 -9.14999961853027 -9.15999984741211 -9.17000007629395 -9.1899995803833 -9.19999980926514 -9.19999980926514 -9.19999980926514 -9.1899995803833 -9.18000030517578 -9.17000007629395 -9.15999984741211
-7.57000017166138 -7.59999990463257 -7.69000005722046 -7.76999998092651 -7.84999990463257 -7.94999980926514 -8.03999996185303 -8.13000011444092 -8.19999980926514 -8.25 -8.27999973297119 -8.28999996185303 -8.31999969482422 -8.34000015258789 -8.35999965667725 -8.38000011444092 -8.40999984741211 -8.43000030517578 -8.44999980926514 -8.47000026702881 -8.5 -8.52999973297119 -8.5600004196167 -8.59000015258789 -8.64999961853027 -8.77999973297119 -8.89999961853027 -8.97999954223633 -9.02000045776367 -9.03999996185303 -9.02999973297119 -9 -9.02999973297119 -9.0600004196167 -9.0600004196167 -9.0600004196167 -9.06999969482422 -9.10000038146973 -9.09000015258789 -9.09000015258789 -9.09000015258789 -9.07999992370605 -9.06999969482422 -9.05000019073486 -9.02999973297119
-7.67000007629395 -7.65000009536743 -7.69000005722046 -7.73000001907349 -7.78999996185303 -7.84999990463257 -7.94000005722046 -8.02000045776367 -8.07999992370605 -8.14000034332275 -8.17000007629395 -8.1899995803833 -8.22000026702881 -8.26000022888184 -8.27999973297119 -8.30000019073486 -8.32999992370605 -8.35999965667725 -8.39000034332275 -8.43000030517578 -8.46000003814697 -8.5 -8.52999973297119 -8.5600004196167 -8.64000034332275 -8.78999996185303 -8.89999961853027 -8.98999977111816 -9.02000045776367 -9.01000022888184 -8.97999954223633 -8.96000003814697 -8.96000003814697 -8.97999954223633 -8.98999977111816 -8.98999977111816 -9.01000022888184 -9.01000022888184 -9 -9 -9 -8.98999977111816 -8.98999977111816 -8.97000026702881 -8.97000026702881
-7.76000022888184 -7.69999980926514 -7.69000005722046 -7.69999980926514 -7.73000001907349 -7.76999998092651 -7.82999992370605 -7.90999984741211 -7.98000001907349 -8.03999996185303 -8.0600004196167 -8.07999992370605 -8.11999988555908 -8.17000007629395 -8.1899995803833 -8.22999954223633 -8.25 -8.28999996185303 -8.32999992370605 -8.38000011444092 -8.42000007629395 -8.47999954223633 -8.52000045776367 -8.56999969482422 -8.64000034332275 -8.76000022888184 -8.86999988555908 -8.94999980926514 -8.97999954223633 -8.9399995803833 -8.9399995803833 -8.89999961853027 -8.89000034332275 -8.90999984741211 -8.90999984741211 -8.89999961853027 -8.90999984741211 -8.92000007629395 -8.92000007629395 -8.93000030517578 -8.93000030517578 -8.9399995803833 -8.92000007629395 -8.89999961853027 -8.89000034332275
-7.82999992370605 -7.71000003814697 -7.67000007629395 -7.65999984741211 -7.67000007629395 -7.69000005722046 -7.71000003814697 -7.78000020980835 -7.84000015258789 -7.90000009536743 -7.92999982833862 -7.96999979019165 -8.02000045776367 -8.0600004196167 -8.10000038146973 -8.14999961853027 -8.17000007629395 -8.22000026702881 -8.27000045776367 -8.31999969482422 -8.36999988555908 -8.4399995803833 -8.51000022888184 -8.56999969482422 -8.64000034332275 -8.72999954223633 -8.78999996185303 -8.85000038146973 -8.89000034332275 -8.86999988555908 -8.88000011444092 -8.84000015258789 -8.84000015258789 -8.85000038146973 -8.84000015258789 -8.82999992370605 -8.84000015258789 -8.86999988555908 -8.86999988555908 -8.89000034332275 -8.89000034332275 -8.89999961853027 -8.86999988555908 -8.85000038146973 -8.82999992370605
