SnowAccumulation_R/test/tmax/max_3.asc
NCOLS 144 
NROWS 72 
XLLCORNER -107.999996877414 
YLLCORNER 47.0000011447333 
CELLSIZE 0.0833333376702586 
NODATA_value -3.4e+38 
[rows 20 to 39 of 72, columns 90 to 134 of 144]
-1 -0.870000004768372 -0.819999992847443 -0.810000002384186 -0.810000002384186 -0.810000002384186 -0.829999983310699 -0.860000014305115 -0.920000016689301 -0.970000028610229 -1.01999998092651 -1.04999995231628 -1.10000002384186 -1.12999999523163 -1.1599999666214 -1.16999995708466 -1.1599999666214 -1.16999995708466 -1.19000005722046 -1.21000003814697 -1.23000001907349 -1.24000000953674 -1.25999999046326 -1.27999997138977 -1.35000002384186 -1.4099999666214 -1.44000005722046 -1.46000003814697 -1.49000000953674 -1.5 -1.51999998092651 -1.49000000953674 -1.44000005722046 -1.41999995708466 -1.36000001430511 -1.33000004291534 -1.37999999523163 -1.39999997615814 -1.39999997615814 -1.41999995708466 -1.4099999666214 -1.39999997615814 -1.37000000476837 -1.3400000333786 -1.32000005245209
-1 -0.889999985694885 -0.819999992847443 -0.769999980926514 -0.740000009536743 -0.740000009536743 -0.75 -0.759999990463257 -0.800000011920929 -0.839999973773956 -0.889999985694885 -0.939999997615814 -1.00999999046326 -1.04999995231628 -1.0900000333786 -1.11000001430511 -1.12999999523163 -1.13999998569489 -1.1599999666214 -1.19000005722046 -1.21000003814697 -1.23000001907349 -1.24000000953674 -1.25 -1.29999995231628 -1.3400000333786 -1.39999997615814 -1.42999994754791 -1.46000003814697 -1.5 -1.53999996185303 -1.5 -1.45000004768372 -1.38999998569489 -1.35000002384186 -1.30999994277954 -1.33000004291534 -1.38999998569489 -1.39999997615814 -1.39999997615814 -1.37999999523163 -1.35000002384186 -1.3400000333786 -1.32000005245209 -1.28999996185303
-1.01999998092651 -0.970000028610229 -0.920000016689301 -0.800000011920929 -0.730000019073486 -0.709999978542328 -0.699999988079071 -0.689999997615814 -0.689999997615814 -0.720000028610229 -0.769999980926514 -0.839999973773956 -0.899999976158142 -0.970000028610229 -1.01999998092651 -1.05999994277954 -1.10000002384186 -1.12000000476837 -1.1599999666214 -1.19000005722046 -1.21000003814697 -1.24000000953674 -1.25 -1.25 -1.25999999046326 -1.27999997138977 -1.35000002384186 -1.41999995708466 -1.47000002861023 -1.5 -1.52999997138977 -1.51999998092651 -1.46000003814697 -1.42999994754791 -1.39999997615814 -1.37000000476837 -1.37999999523163 -1.44000005722046 -1.47000002861023 -1.42999994754791 -1.37999999523163 -1.35000002384186 -1.33000004291534 -1.30999994277954 -1.27999997138977
-1.17999994754791 -1.14999997615814 -1.03999996185303 -0.980000019073486 -0.899999976158142 -0.839999973773956 -0.779999971389771 -0.699999988079071 -0.680000007152557 -0.680000007152557 -0.709999978542328 -0.75 -0.810000002384186 -0.879999995231628 -0.970000028610229 -1.01999998092651 -1.05999994277954 -1.11000001430511 -1.12000000476837 -1.17999994754791 -1.23000001907349 -1.25999999046326 -1.26999998092651 -1.26999998092651 -1.25999999046326 -1.29999995231628 -1.36000001430511 -1.41999995708466 -1.47000002861023 -1.50999999046326 -1.53999996185303 -1.53999996185303 -1.53999996185303 -1.51999998092651 -1.47000002861023 -1.46000003814697 -1.48000001907349 -1.44000005722046 -1.44000005722046 -1.42999994754791 -1.38999998569489 -1.37000000476837 -1.35000002384186 -1.33000004291534 -1.28999996185303
-1.69000005722046 -1.73000001907349 -1.37000000476837 -1.5 -1.61000001430511 -1.91999995708466 -2.07999992370605 -1.29999995231628 -0.790000021457672 -0.680000007152557 -0.670000016689301 -0.649999976158142 -0.670000016689301 -0.779999971389771 -0.920000016689301 -0.990000009536743 -1.00999999046326 -1.04999995231628 -1.0900000333786 -1.16999995708466 -1.25999999046326 -1.30999994277954 -1.30999994277954 -1.30999994277954 -1.32000005245209 -1.35000002384186 -1.37999999523163 -1.42999994754791 -1.49000000953674 -1.52999997138977 -1.55999994277954 -1.5900000333786 -1.5900000333786 -1.61000001430511 -1.55999994277954 -1.50999999046326 -1.49000000953674 -1.47000002861023 -1.46000003814697 -1.45000004768372 -1.44000005722046 -1.41999995708466 -1.37000000476837 -1.3400000333786 -1.29999995231628
-1.89999997615814 -1.8400000333786 -1.66999995708466 -1.72000002861023 -1.96000003814697 -2.22000002861023 -2.15000009536743 -1.47000002861023 -1.21000003814697 -0.850000023841858 -0.610000014305115 -0.540000021457672 -0.540000021457672 -0.649999976158142 -0.839999973773956 -0.930000007152557 -0.949999988079071 -0.990000009536743 -1.05999994277954 -1.12000000476837 -1.21000003814697 -1.25999999046326 -1.27999997138977 -1.27999997138977 -1.29999995231628 -1.33000004291534 -1.37000000476837 -1.41999995708466 -1.47000002861023 -1.52999997138977 -1.57000005245209 -1.61000001430511 -1.62000000476837 -1.62000000476837 -1.62000000476837 -1.5900000333786 -1.57000005245209 -1.52999997138977 -1.51999998092651 -1.50999999046326 -1.49000000953674 -1.44000005722046 -1.37999999523163 -1.36000001430511 -1.33000004291534
-1.87999999523163 -1.77999997138977 -1.69000005722046 -1.66999995708466 -1.78999996185303 -1.86000001430511 -1.87999999523163 -1.94000005722046 -2.16000008583069 -1.73000001907349 -0.769999980926514 -0.5 -0.449999988079071 -0.519999980926514 -0.689999997615814 -0.819999992847443 -0.870000004768372 -0.910000026226044 -0.959999978542328 -1.02999997138977 -1.08000004291534 -1.13999998569489 -1.17999994754791 -1.22000002861023 -1.25 -1.27999997138977 -1.33000004291534 -1.38999998569489 -1.45000004768372 -1.50999999046326 -1.57000005245209 -1.61000001430511 -1.63999998569489 -1.63999998569489 -1.6599999666214 -1.6599999666214 -1.62999999523163 -1.61000001430511 -1.58000004291534 -1.55999994277954 -1.53999996185303 -1.48000001907349 -1.38999998569489 -1.37000000476837 -1.35000002384186
-1.86000001430511 -1.71000003814697 -1.57000005245209 -1.57000005245209 -1.73000001907349 -1.76999998092651 -1.94000005722046 -2 -2.04999995231628 -2.23000001907349 -1.82000005245209 -0.649999976158142 -0.439999997615814 -0.449999988079071 -0.550000011920929 -0.689999997615814 -0.769999980926514 -0.819999992847443 -0.850000023841858 -0.920000016689301 -1.00999999046326 -1.02999997138977 -1.08000004291534 -1.13999998569489 -1.19000005722046 -1.23000001907349 -1.27999997138977 -1.3400000333786 -1.39999997615814 -1.47000002861023 -1.53999996185303 -1.61000001430511 -1.64999997615814 -1.6599999666214 -1.6599999666214 -1.66999995708466 -1.66999995708466 -1.62999999523163 -1.60000002384186 -1.55999994277954 -1.50999999046326 -1.44000005722046 -1.37000000476837 -1.35000002384186 -1.3400000333786
-1.73000001907349 -1.69000005722046 -1.51999998092651 -1.58000004291534 -1.63999998569489 -1.62000000476837 -1.66999995708466 -1.76999998092651 -1.94000005722046 -2.00999999046326 -2.08999991416931 -1.13999998569489 -0.509999990463257 -0.430000007152557 -0.46000000834465 -0.519999980926514 -0.600000023841858 -0.689999997615814 -0.75 -0.819999992847443 -0.920000016689301 -0.949999988079071 -0.970000028610229 -1.03999996185303 -1.11000001430511 -1.16999995708466 -1.23000001907349 -1.27999997138977 -1.3400000333786 -1.4099999666214 -1.47000002861023 -1.53999996185303 -1.58000004291534 -1.61000001430511 -1.61000001430511 -1.62999999523163 -1.62999999523163 -1.60000002384186 -1.57000005245209 -1.53999996185303 -1.49000000953674 -1.39999997615814 -1.32000005245209 -1.29999995231628 -1.26999998092651
-1.55999994277954 -1.51999998092651 -1.44000005722046 -1.51999998092651 -1.51999998092651 -1.5 -1.45000004768372 -1.63999998569489 -1.74000000953674 -1.80999994277954 -1.94000005722046 -1.50999999046326 -0.600000023841858 -0.439999997615814 -0.409999996423721 -0.419999986886978 -0.469999998807907 -0.529999971389771 -0.620000004768372 -0.689999997615814 -0.810000002384186 -0.879999995231628 -0.889999985694885 -0.949999988079071 -1.02999997138977 -1.10000002384186 -1.1599999666214 -1.22000002861023 -1.26999998092651 -1.33000004291534 -1.38999998569489 -1.44000005722046 -1.49000000953674 -1.51999998092651 -1.55999994277954 -1.58000004291534 -1.5900000333786 -1.55999994277954 -1.51999998092651 -1.48000001907349 -1.42999994754791 -1.3400000333786 -1.24000000953674 -1.21000003814697 -1.16999995708466
-1.48000001907349 -1.44000005722046 -1.4099999666214 -1.42999994754791 -1.4099999666214 -1.41999995708466 -1.42999994754791 -1.64999997615814 -1.75 -1.87000000476837 -1.89999997615814 -1.45000004768372 -0.670000016689301 -0.430000007152557 -0.379999995231628 -0.370000004768372 -0.389999985694885 -0.409999996423721 -0.469999998807907 -0.560000002384186 -0.670000016689301 -0.759999990463257 -0.810000002384186 -0.870000004768372 -0.949999988079071 -1.01999998092651 -1.0900000333786 -1.14999997615814 -1.21000003814697 -1.25 -1.28999996185303 -1.3400000333786 -1.39999997615814 -1.44000005722046 -1.46000003814697 -1.5 -1.50999999046326 -1.48000001907349 -1.42999994754791 -1.37999999523163 -1.32000005245209 -1.25 -1.1599999666214 -1.11000001430511 -1.04999995231628
-1.33000004291534 -1.36000001430511 -1.39999997615814 -1.35000002384186 -1.29999995231628 -1.28999996185303 -1.27999997138977 -1.44000005722046 -1.58000004291534 -1.64999997615814 -1.60000002384186 -1.03999996185303 -0.579999983310699 -0.430000007152557 -0.360000014305115 -0.330000013113022 -0.319999992847443 -0.330000013113022 -0.379999995231628 -0.449999988079071 -0.540000021457672 -0.629999995231628 -0.709999978542328 -0.790000021457672 -0.870000004768372 -0.949999988079071 -1.01999998092651 -1.08000004291534 -1.12999999523163 -1.17999994754791 -1.21000003814697 -1.25999999046326 -1.30999994277954 -1.35000002384186 -1.35000002384186 -1.38999998569489 -1.42999994754791 -1.44000005722046 -1.37000000476837 -1.27999997138977 -1.22000002861023 -1.14999997615814 -1.07000005245209 -1 -0.939999997615814
-1.16999995708466 -1.23000001907349 -1.30999994277954 -1.35000002384186 -1.35000002384186 -1.3400000333786 -1.29999995231628 -1.24000000953674 -1.22000002861023 -1.21000003814697 -0.959999978542328 -0.629999995231628 -0.439999997615814 -0.360000014305115 -0.340000003576279 -0.300000011920929 -0.280000001192093 -0.270000010728836 -0.310000002384186 -0.360000014305115 -0.449999988079071 -0.540000021457672 -0.610000014305115 -0.709999978542328 -0.800000011920929 -0.889999985694885 -0.959999978542328 -1.00999999046326 -1.05999994277954 -1.10000002384186 -1.12999999523163 -1.16999995708466 -1.23000001907349 -1.25999999046326 -1.25999999046326 -1.27999997138977 -1.33000004291534 -1.35000002384186 -1.25999999046326 -1.19000005722046 -1.12999999523163 -1.05999994277954 -0.990000009536743 -0.930000007152557 -0.870000004768372
-0.990000009536743 -1.05999994277954 -1.13999998569489 -1.20000004768372 -1.21000003814697 -1.21000003814697 -1.11000001430511 -1.1599999666214 -1.12999999523163 -0.980000019073486 -0.779999971389771 -0.560000002384186 -0.409999996423721 -0.430000007152557 -0.400000005960464 -0.270000010728836 -0.230000004172325 -0.219999998807907 -0.239999994635582 -0.300000011920929 -0.349999994039536 -0.439999997615814 -0.529999971389771 -0.620000004768372 -0.730000019073486 -0.829999983310699 -0.879999995231628 -0.930000007152557 -0.970000028610229 -1.00999999046326 -1.03999996185303 -1.10000002384186 -1.21000003814697 -1.22000002861023 -1.17999994754791 -1.16999995708466 -1.21000003814697 -1.24000000953674 -1.1599999666214 -1.11000001430511 -1.04999995231628 -0.990000009536743 -0.939999997615814 -0.879999995231628 -0.819999992847443
-0.839999973773956 -0.899999976158142 -0.980000019073486 -1 -0.920000016689301 -0.990000009536743 -1.11000001430511 -1.08000004291534 -0.980000019073486 -0.829999983310699 -0.680000007152557 -0.519999980926514 -0.449999988079071 -0.5 -0.509999990463257 -0.349999994039536 -0.219999998807907 -0.209999993443489 -0.209999993443489 -0.239999994635582 -0.28999999165535 -0.349999994039536 -0.430000007152557 -0.529999971389771 -0.629999995231628 -0.720000028610229 -0.790000021457672 -0.850000023841858 -0.870000004768372 -0.899999976158142 -0.930000007152557 -1 -1.0900000333786 -1.11000001430511 -1.0900000333786 -1.08000004291534 -1.12999999523163 -1.12999999523163 -1.10000002384186 -1.04999995231628 -0.990000009536743 -0.949999988079071 -0.910000026226044 -0.839999973773956 -0.75
-0.629999995231628 -0.670000016689301 -0.730000019073486 -0.779999971389771 -0.870000004768372 -0.930000007152557 -0.920000016689301 -0.870000004768372 -0.769999980926514 -0.639999985694885 -0.509999990463257 -0.439999997615814 -0.419999986886978 -0.430000007152557 -0.449999988079071 -0.430000007152557 -0.270000010728836 -0.180000007152557 -0.170000001788139 -0.180000007152557 -0.209999993443489 -0.259999990463257 -0.340000003576279 -0.419999986886978 -0.509999990463257 -0.610000014305115 -0.689999997615814 -0.740000009536743 -0.759999990463257 -0.790000021457672 -0.829999983310699 -0.870000004768372 -0.920000016689301 -0.949999988079071 -0.970000028610229 -1 -1.02999997138977 -1.02999997138977 -1.01999998092651 -0.980000019073486 -0.949999988079071 -0.930000007152557 -0.879999995231628 -0.829999983310699 -0.730000019073486
-0.300000011920929 -0.389999985694885 -0.540000021457672 -0.519999980926514 -0.550000011920929 -0.620000004768372 -0.629999995231628 -0.589999973773956 -0.550000011920929 -0.490000009536743 -0.430000007152557 -0.400000005960464 -0.379999995231628 -0.379999995231628 -0.370000004768372 -0.360000014305115 -0.319999992847443 -0.239999994635582 -0.180000007152557 -0.150000005960464 -0.150000005960464 -0.170000001788139 -0.239999994635582 -0.319999992847443 -0.419999986886978 -0.5 -0.560000002384186 -0.620000004768372 -0.670000016689301 -0.709999978542328 -0.740000009536743 -0.779999971389771 -0.819999992847443 -0.860000014305115 -0.889999985694885 -0.930000007152557 -0.949999988079071 -0.949999988079071 -0.959999978542328 -0.949999988079071 -0.910000026226044 -0.879999995231628 -0.850000023841858 -0.810000002384186 -0.709999978542328
-0.0700000002980232 -0.100000001490116 -0.270000010728836 -0.349999994039536 -0.349999994039536 -0.409999996423721 -0.419999986886978 -0.370000004768372 -0.340000003576279 -0.360000014305115 -0.310000002384186 -0.300000011920929 -0.310000002384186 -0.300000011920929 -0.310000002384186 -0.319999992847443 -0.370000004768372 -0.319999992847443 -0.280000001192093 -0.270000010728836 -0.239999994635582 -0.159999996423721 -0.180000007152557 -0.25 -0.319999992847443 -0.409999996423721 -0.509999990463257 -0.560000002384186 -0.600000023841858 -0.629999995231628 -0.649999976158142 -0.689999997615814 -0.75 -0.790000021457672 -0.829999983310699 -0.850000023841858 -0.870000004768372 -0.879999995231628 -0.870000004768372 -0.860000014305115 -0.829999983310699 -0.810000002384186 -0.779999971389771 -0.75 -0.689999997615814
-0.180000007152557 -0.259999990463257 -0.330000013113022 -0.349999994039536 -0.319999992847443 -0.349999994039536 -0.349999994039536 -0.270000010728836 -0.200000002980232 -0.209999993443489 -0.180000007152557 -0.170000001788139 -0.200000002980232 -0.209999993443489 -0.239999994635582 -0.270000010728836 -0.280000001192093 -0.28999999165535 -0.300000011920929 -0.340000003576279 -0.319999992847443 -0.25 -0.239999994635582 -0.25 -0.28999999165535 -0.400000005960464 -0.490000009536743 -0.519999980926514 -0.550000011920929 -0.569999992847443 -0.579999983310699 -0.620000004768372 -0.670000016689301 -0.720000028610229 -0.759999990463257 -0.779999971389771 -0.790000021457672 -0.790000021457672 -0.779999971389771 -0.769999980926514 -0.730000019073486 -0.709999978542328 -0.680000007152557 -0.639999985694885 -0.569999992847443
-0.129999995231628 -0.189999997615814 -0.219999998807907 -0.259999990463257 -0.319999992847443 -0.340000003576279 -0.419999986886978 -0.400000005960464 -0.189999997615814 -0.0799999982118607 -0.0700000002980232 -0.100000001490116 -0.119999997317791 -0.129999995231628 -0.0700000002980232 0 -0.0399999991059303 -0.0900000035762787 -0.0900000035762787 -0.180000007152557 -0.230000004172325 -0.259999990463257 -0.259999990463257 -0.239999994635582 -0.319999992847443 -0.400000005960464 -0.430000007152557 -0.46000000834465 -0.490000009536743 -0.509999990463257 -0.529999971389771 -0.560000002384186 -0.600000023841858 -0.639999985694885 -0.680000007152557 -0.689999997615814 -0.699999988079071 -0.689999997615814 -0.680000007152557 -0.660000026226044 -0.629999995231628 -0.600000023841858 -0.560000002384186 -0.5 -0.449999988079071
