SnowAccumulation_R/test/tmax/max_1.asc
NCOLS 144 
NROWS 72 
XLLCORNER -107.999996877414 
YLLCORNER 47.0000011447333 
CELLSIZE 0.0833333376702586 
NODATA_value -3.4e+38 
[rows 0 to 19 of 72, columns 0 to 44 of 144]
-10.6400003433228 -10.6700000762939 -10.7299995422363 -10.789999961853 -10.8999996185303 -10.9899997711182 -11.0500001907349 -11.0900001525879 -11.1499996185303 -11.1400003433228 -11.1300001144409 -11.0200004577637 -10.9399995803833 -10.9399995803833 -10.9700002670288 -10.9499998092651 -10.9300003051758 -10.8800001144409 -10.8400001525879 -10.8400001525879 -10.8199996948242 -10.8100004196167 -10.7799997329712 -10.7700004577637 -10.8199996948242 -10.8699998855591 -10.9399995803833 -11.0799999237061 -11.2200002670288 -11.3199996948242 -11.4300003051758 -11.539999961853 -11.6300001144409 -11.6999998092651 -11.7700004577637 -11.8299999237061 -11.8999996185303 -11.960000038147 -12.0299997329712 -12.1099996566772 -12.210000038147 -12.3100004196167 -12.3900003433228 -12.460000038147 -12.5200004577637
-10.5900001525879 -10.6199998855591 -10.6999998092651 -10.7700004577637 -10.8699998855591 -10.9499998092651 -11.0200004577637 -11.0799999237061 -11.1000003814697 -11.0699996948242 -11.0500001907349 -10.9499998092651 -10.9200000762939 -10.9099998474121 -10.9200000762939 -10.8999996185303 -10.8800001144409 -10.8400001525879 -10.8699998855591 -10.8500003814697 -10.8199996948242 -10.789999961853 -10.7799997329712 -10.7600002288818 -10.789999961853 -10.8500003814697 -10.9300003051758 -11.0799999237061 -11.2200002670288 -11.3299999237061 -11.4300003051758 -11.5699996948242 -11.6499996185303 -11.6099996566772 -11.6499996185303 -11.7299995422363 -11.8199996948242 -11.8800001144409 -11.960000038147 -12.0600004196167 -12.1599998474121 -12.2700004577637 -12.3699998855591 -12.4300003051758 -12.4899997711182
-10.5299997329712 -10.5600004196167 -10.6099996566772 -10.6700000762939 -10.7600002288818 -10.8599996566772 -10.9499998092651 -11.0100002288818 -11.0299997329712 -11 -10.9200000762939 -10.8800001144409 -10.8900003433228 -10.8800001144409 -10.8699998855591 -10.8400001525879 -10.8500003814697 -10.8999996185303 -10.8900003433228 -10.8500003814697 -10.8100004196167 -10.7799997329712 -10.75 -10.7799997329712 -10.8500003814697 -10.9200000762939 -10.9700002670288 -11.0299997329712 -11.1499996185303 -11.2700004577637 -11.3999996185303 -11.4300003051758 -11.539999961853 -11.5799999237061 -11.6000003814697 -11.6800003051758 -11.7700004577637 -11.8199996948242 -11.9099998474121 -12.0200004577637 -12.1499996185303 -12.25 -12.3500003814697 -12.4300003051758 -12.460000038147
-10.3999996185303 -10.4099998474121 -10.460000038147 -10.5299997329712 -10.6300001144409 -10.7399997711182 -10.8500003814697 -10.9399995803833 -10.9300003051758 -10.8599996566772 -10.8299999237061 -10.9499998092651 -10.9099998474121 -10.8199996948242 -10.8000001907349 -10.8500003814697 -10.8900003433228 -10.8900003433228 -10.8599996566772 -10.8299999237061 -10.7799997329712 -10.75 -10.7399997711182 -10.75 -10.7799997329712 -10.8500003814697 -10.9799995422363 -11.0200004577637 -11.1199998855591 -11.1899995803833 -11.3199996948242 -11.4700002670288 -11.5100002288818 -11.5900001525879 -11.6899995803833 -11.7799997329712 -11.8699998855591 -11.8699998855591 -11.960000038147 -12.0600004196167 -12.1599998474121 -12.25 -12.3299999237061 -12.4200000762939 -12.4499998092651
-10.1899995803833 -10.2600002288818 -10.3400001525879 -10.3999996185303 -10.4799995422363 -10.5699996948242 -10.6899995803833 -10.7600002288818 -10.7799997329712 -10.7700004577637 -10.7799997329712 -10.8000001907349 -10.7600002288818 -10.7200002670288 -10.8100004196167 -10.8400001525879 -10.8599996566772 -10.8699998855591 -10.8599996566772 -10.8100004196167 -10.7600002288818 -10.7200002670288 -10.6800003051758 -10.6999998092651 -10.7200002670288 -10.7799997329712 -10.8500003814697 -10.9399995803833 -11.0200004577637 -11.1300001144409 -11.2700004577637 -11.3900003433228 -11.4300003051758 -11.5299997329712 -11.6400003433228 -11.7399997711182 -11.8400001525879 -11.9099998474121 -12 -12.0900001525879 -12.1899995803833 -12.25 -12.3299999237061 -12.4200000762939 -12.4399995803833
-10.0200004577637 -10.0200004577637 -10.1000003814697 -10.25 -10.3599996566772 -10.4300003051758 -10.5100002288818 -10.5799999237061 -10.6300001144409 -10.6700000762939 -10.6999998092651 -10.6899995803833 -10.6700000762939 -10.6599998474121 -10.7200002670288 -10.7600002288818 -10.8100004196167 -10.8500003814697 -10.8400001525879 -10.7700004577637 -10.6899995803833 -10.6400003433228 -10.6400003433228 -10.6300001144409 -10.6700000762939 -10.7299995422363 -10.8199996948242 -10.8800001144409 -10.9499998092651 -11.039999961853 -11.1499996185303 -11.3000001907349 -11.3999996185303 -11.4700002670288 -11.5900001525879 -11.6899995803833 -11.7700004577637 -11.8699998855591 -11.9899997711182 -12.0900001525879 -12.1899995803833 -12.25 -12.3199996948242 -12.4099998474121 -12.460000038147
-10.0600004196167 -10.0100002288818 -10.0100002288818 -10.0500001907349 -10.1599998474121 -10.2700004577637 -10.3900003433228 -10.4300003051758 -10.460000038147 -10.460000038147 -10.5200004577637 -10.5200004577637 -10.4899997711182 -10.5600004196167 -10.6000003814697 -10.6300001144409 -10.6800003051758 -10.7200002670288 -10.710000038147 -10.6099996566772 -10.5699996948242 -10.5500001907349 -10.5799999237061 -10.6000003814697 -10.6099996566772 -10.6300001144409 -10.6899995803833 -10.7399997711182 -10.8400001525879 -10.9499998092651 -11.0799999237061 -11.2799997329712 -11.3800001144409 -11.4499998092651 -11.539999961853 -11.6300001144409 -11.7200002670288 -11.8299999237061 -11.9499998092651 -12.0699996948242 -12.1599998474121 -12.2399997711182 -12.3100004196167 -12.3900003433228 -12.4399995803833
-9.93000030517578 -9.90999984741211 -9.89999961853027 -9.94999980926514 -10.039999961853 -10.1099996566772 -10.1800003051758 -10.2399997711182 -10.2399997711182 -10.2399997711182 -10.2600002288818 -10.2799997329712 -10.3299999237061 -10.3999996185303 -10.4200000762939 -10.4499998092651 -10.4700002670288 -10.4799995422363 -10.460000038147 -10.4300003051758 -10.4700002670288 -10.4499998092651 -10.4700002670288 -10.4700002670288 -10.4300003051758 -10.4700002670288 -10.5299997329712 -10.6099996566772 -10.7399997711182 -10.8699998855591 -11 -11.1499996185303 -11.2600002288818 -11.3599996566772 -11.460000038147 -11.5799999237061 -11.7200002670288 -11.8100004196167 -11.9099998474121 -12.0200004577637 -12.1099996566772 -12.1899995803833 -12.3000001907349 -12.3900003433228 -12.4099998474121
-9.80000019073486 -9.78999996185303 -9.77000045776367 -9.81999969482422 -9.89000034332275 -9.96000003814697 -10.0200004577637 -10.0500001907349 -10.0699996948242 -10.0699996948242 -10.0799999237061 -10.1000003814697 -10.1499996185303 -10.1899995803833 -10.2200002670288 -10.2399997711182 -10.2299995422363 -10.2299995422363 -10.2399997711182 -10.3100004196167 -10.3100004196167 -10.3299999237061 -10.3699998855591 -10.3999996185303 -10.4099998474121 -10.3999996185303 -10.4200000762939 -10.4899997711182 -10.6300001144409 -10.7700004577637 -10.8999996185303 -11.039999961853 -11.1499996185303 -11.2399997711182 -11.3599996566772 -11.5100002288818 -11.6499996185303 -11.7399997711182 -11.8400001525879 -11.9399995803833 -12.0200004577637 -12.0900001525879 -12.1800003051758 -12.25 -12.2600002288818
-9.76000022888184 -9.77000045776367 -9.76000022888184 -9.76000022888184 -9.77000045776367 -9.81999969482422 -9.85999965667725 -9.85999965667725 -9.88000011444092 -9.89999961853027 -9.90999984741211 -9.92000007629395 -9.94999980926514 -9.97999954223633 -10 -10 -10 -10.0100002288818 -10.1099996566772 -10.1800003051758 -10.1700000762939 -10.2399997711182 -10.2799997329712 -10.289999961853 -10.3000001907349 -10.3400001525879 -10.4300003051758 -10.4799995422363 -10.5900001525879 -10.710000038147 -10.8000001907349 -10.9499998092651 -11.0699996948242 -11.1499996185303 -11.2799997329712 -11.4099998474121 -11.539999961853 -11.6400003433228 -11.7299995422363 -11.8100004196167 -11.8699998855591 -11.9300003051758 -11.9899997711182 -12.039999961853 -12.0799999237061
-9.77999973297119 -9.78999996185303 -9.75 -9.6899995803833 -9.67000007629395 -9.6899995803833 -9.71000003814697 -9.71000003814697 -9.73999977111816 -9.75 -9.75 -9.76000022888184 -9.78999996185303 -9.80000019073486 -9.78999996185303 -9.80000019073486 -9.8100004196167 -9.85999965667725 -10 -10.0100002288818 -10.0500001907349 -10.1199998855591 -10.1700000762939 -10.2299995422363 -10.3000001907349 -10.3299999237061 -10.3800001144409 -10.4499998092651 -10.5600004196167 -10.6499996185303 -10.7600002288818 -10.8699998855591 -10.9899997711182 -11.0699996948242 -11.1800003051758 -11.3100004196167 -11.4200000762939 -11.5100002288818 -11.5699996948242 -11.6499996185303 -11.6899995803833 -11.7399997711182 -11.789999961853 -11.8400001525879 -11.8800001144409
-9.72000026702881 -9.69999980926514 -9.65999984741211 -9.63000011444092 -9.59000015258789 -9.57999992370605 -9.57999992370605 -9.59000015258789 -9.60999965667725 -9.60000038146973 -9.57999992370605 -9.59000015258789 -9.63000011444092 -9.63000011444092 -9.61999988555908 -9.64000034332275 -9.69999980926514 -9.75 -9.8100004196167 -9.85999965667725 -9.92000007629395 -9.98999977111816 -10.0799999237061 -10.1499996185303 -10.2200002670288 -10.289999961853 -10.3599996566772 -10.4300003051758 -10.5200004577637 -10.6099996566772 -10.6999998092651 -10.789999961853 -10.8999996185303 -10.9799995422363 -11.0799999237061 -11.1800003051758 -11.2799997329712 -11.3299999237061 -11.3999996185303 -11.4700002670288 -11.5100002288818 -11.5500001907349 -11.5900001525879 -11.6300001144409 -11.6599998474121
-9.60999965667725 -9.60999965667725 -9.55000019073486 -9.5 -9.47000026702881 -9.46000003814697 -9.46000003814697 -9.47000026702881 -9.47000026702881 -9.44999980926514 -9.43000030517578 -9.46000003814697 -9.47999954223633 -9.5 -9.46000003814697 -9.51000022888184 -9.5600004196167 -9.63000011444092 -9.6899995803833 -9.77000045776367 -9.84000015258789 -9.89999961853027 -9.97000026702881 -10.0600004196167 -10.1499996185303 -10.2399997711182 -10.3500003814697 -10.4300003051758 -10.5100002288818 -10.5900001525879 -10.6599998474121 -10.7299995422363 -10.8000001907349 -10.8699998855591 -10.9499998092651 -11.0299997329712 -11.1000003814697 -11.1499996185303 -11.210000038147 -11.2600002288818 -11.3000001907349 -11.3299999237061 -11.3400001525879 -11.3699998855591 -11.3900003433228
-9.55000019073486 -9.47000026702881 -9.44999980926514 -9.44999980926514 -9.36999988555908 -9.35000038146973 -9.32999992370605 -9.32999992370605 -9.32999992370605 -9.30000019073486 -9.30000019073486 -9.31999969482422 -9.3100004196167 -9.35000038146973 -9.31999969482422 -9.35999965667725 -9.46000003814697 -9.51000022888184 -9.59000015258789 -9.68000030517578 -9.75 -9.84000015258789 -9.92000007629395 -10 -10.0799999237061 -10.1700000762939 -10.2700004577637 -10.3699998855591 -10.4499998092651 -10.5299997329712 -10.5900001525879 -10.6400003433228 -10.6899995803833 -10.75 -10.8000001907349 -10.8699998855591 -10.9099998474121 -10.960000038147 -11.0100002288818 -11.0500001907349 -11.0799999237061 -11.1000003814697 -11.1099996566772 -11.1300001144409 -11.1499996185303
-9.36999988555908 -9.32999992370605 -9.3100004196167 -9.27000045776367 -9.22999954223633 -9.22999954223633 -9.19999980926514 -9.18000030517578 -9.15999984741211 -9.14999961853027 -9.15999984741211 -9.15999984741211 -9.17000007629395 -9.22000026702881 -9.19999980926514 -9.23999977111816 -9.34000015258789 -9.39999961853027 -9.53999996185303 -9.68000030517578 -9.77999973297119 -9.85999965667725 -9.9399995803833 -9.97999954223633 -10.039999961853 -10.1000003814697 -10.1700000762939 -10.2399997711182 -10.3400001525879 -10.4200000762939 -10.4899997711182 -10.5200004577637 -10.5699996948242 -10.6099996566772 -10.6499996185303 -10.6999998092651 -10.75 -10.7799997329712 -10.8100004196167 -10.8400001525879 -10.8599996566772 -10.8699998855591 -10.8900003433228 -10.8999996185303 -10.9200000762939
-9.22000026702881 -9.1899995803833 -9.17000007629395 -9.14000034332275 -9.11999988555908 -9.10000038146973 -9.05000019073486 -9.02000045776367 -9 -9.01000022888184 -9 -9 -9.01000022888184 -9.05000019073486 -9.09000015258789 -9.1899995803833 -9.26000022888184 -9.32999992370605 -9.55000019073486 -9.77999973297119 -9.88000011444092 -9.96000003814697 -10.039999961853 -10.0799999237061 -10.0799999237061 -10.1000003814697 -10.1199998855591 -10.1599998474121 -10.2399997711182 -10.289999961853 -10.3299999237061 -10.3500003814697 -10.3999996185303 -10.4499998092651 -10.4899997711182 -10.539999961853 -10.5699996948242 -10.5900001525879 -10.6199998855591 -10.6400003433228 -10.6499996185303 -10.6800003051758 -10.7200002670288 -10.8000001907349 -10.8999996185303
-9.07999992370605 -9.05000019073486 -9.02999973297119 -9.02000045776367 -9 -8.97000026702881 -8.9399995803833 -8.89000034332275 -8.85000038146973 -8.85999965667725 -8.81999969482422 -8.78999996185303 -8.85000038146973 -8.90999984741211 -9.01000022888184 -9.10000038146973 -9.19999980926514 -9.28999996185303 -9.46000003814697 -9.64000034332275 -9.77000045776367 -9.88000011444092 -9.97999954223633 -10.0799999237061 -10.1000003814697 -10.1099996566772 -10.1099996566772 -10.1400003433228 -10.1499996185303 -10.1800003051758 -10.2200002670288 -10.2200002670288 -10.2200002670288 -10.2600002288818 -10.3000001907349 -10.3400001525879 -10.3800001144409 -10.4200000762939 -10.4300003051758 -10.4499998092651 -10.4799995422363 -10.539999961853 -10.6499996185303 -10.7700004577637 -10.8699998855591
-8.93000030517578 -8.90999984741211 -8.89000034332275 -8.86999988555908 -8.84000015258789 -8.8100004196167 -8.78999996185303 -8.72999954223633 -8.72999954223633 -8.6899995803833 -8.61999988555908 -8.60000038146973 -8.69999980926514 -8.80000019073486 -8.90999984741211 -9.05000019073486 -9.15999984741211 -9.25 -9.34000015258789 -9.48999977111816 -9.64999961853027 -9.78999996185303 -9.90999984741211 -10 -10.0200004577637 -10.0600004196167 -10.1199998855591 -10.1400003433228 -10.1400003433228 -10.0500001907349 -10.0600004196167 -10.0500001907349 -10.0600004196167 -10.0799999237061 -10.1199998855591 -10.1700000762939 -10.210000038147 -10.2399997711182 -10.2600002288818 -10.289999961853 -10.3599996566772 -10.4499998092651 -10.5600004196167 -10.6599998474121 -10.6999998092651
-8.72000026702881 -8.69999980926514 -8.68000030517578 -8.65999984741211 -8.64000034332275 -8.63000011444092 -8.63000011444092 -8.63000011444092 -8.63000011444092 -8.57999992370605 -8.47000026702881 -8.43000030517578 -8.57999992370605 -8.73999977111816 -8.86999988555908 -9.05000019073486 -9.17000007629395 -9.22999954223633 -9.27999973297119 -9.39999961853027 -9.5600004196167 -9.6899995803833 -9.78999996185303 -9.88000011444092 -9.93000030517578 -9.96000003814697 -10.039999961853 -10.0900001525879 -10.0900001525879 -9.9399995803833 -9.89000034332275 -9.86999988555908 -9.88000011444092 -9.90999984741211 -9.9399995803833 -9.98999977111816 -10.0299997329712 -10.0699996948242 -10.1099996566772 -10.1800003051758 -10.2600002288818 -10.3500003814697 -10.4300003051758 -10.4899997711182 -10.5299997329712
-8.4399995803833 -8.43000030517578 -8.43000030517578 -8.42000007629395 -8.42000007629395 -8.4399995803833 -8.44999980926514 -8.46000003814697 -8.47999954223633 -8.47000026702881 -8.4399995803833 -8.36999988555908 -8.4399995803833 -8.64000034332275 -8.81999969482422 -8.97999954223633 -9.11999988555908 -9.1899995803833 -9.22999954223633 -9.30000019073486 -9.4399995803833 -9.57999992370605 -9.67000007629395 -9.76000022888184 -9.78999996185303 -9.8100004196167 -9.88000011444092 -9.97000026702881 -9.9399995803833 -9.8100004196167 -9.69999980926514 -9.6899995803833 -9.71000003814697 -9.72999954223633 -9.77999973297119 -9.82999992370605 -9.88000011444092 -9.92000007629395 -9.98999977111816 -10.0600004196167 -10.1300001144409 -10.2200002670288 -10.2799997329712 -10.3100004196167 -10.3900003433228
