SnowAccumulation_R/test/tmax/max_4.asc
NCOLS 144 
NROWS 72 
XLLCORNER -107.999996877414 
YLLCORNER 47.0000011447333 
CELLSIZE 0.0833333376702586 
NODATA_value -3.4e+38 
[rows 21 to 41 of 72, columns 46 to 91 of 144]
10.1599998474121 10.1400003433228 10.0299997329712 9.97000026702881 9.88000011444092 9.73999977111816 9.68000030517578 9.52000045776367 9.39999961853027 9.27000045776367 9.1899995803833 9.14999961853027 9.14000034332275 9.26000022888184 9.40999984741211 9.5 9.5600004196167 9.60999965667725 9.64999961853027 9.60000038146973 9.67000007629395 9.68000030517578 9.56999969482422 9.5 9.46000003814697 9.42000007629395 9.30000019073486 9.27000045776367 9.25 9.25 9.1899995803833 9.32999992370605 9.02000045776367 8.80000019073486 8.80000019073486 8.80000019073486 8.75 8.86999988555908 9.03999996185303 9.10000038146973 9.15999984741211 9.27999973297119 9.36999988555908 9.40999984741211 9.48999977111816 9.60000038146973
10.4499998092651 10.3800001144409 10.3100004196167 10.210000038147 10.039999961853 9.89999961853027 9.81999969482422 9.65999984741211 9.5600004196167 9.52000045776367 9.40999984741211 9.31999969482422 9.27999973297119 9.34000015258789 9.46000003814697 9.52999973297119 9.61999988555908 9.69999980926514 9.75 9.78999996185303 9.81999969482422 9.81999969482422 9.72000026702881 9.64999961853027 9.60000038146973 9.52999973297119 9.35999965667725 9.32999992370605 9.3100004196167 9.30000019073486 9.32999992370605 9.39999961853027 9.43000030517578 9.01000022888184 8.81999969482422 8.61999988555908 8.61999988555908 8.64000034332275 8.8100004196167 9.07999992370605 9.27000045776367 9.35999965667725 9.44999980926514 9.52000045776367 9.53999996185303 9.57999992370605
10.6599998474121 10.6599998474121 10.6099996566772 10.4499998092651 10.2600002288818 10.0900001525879 9.96000003814697 9.84000015258789 9.69999980926514 9.64999961853027 9.67000007629395 9.56999969482422 9.55000019073486 9.56999969482422 9.63000011444092 9.65999984741211 9.75 9.80000019073486 9.85999965667725 9.89999961853027 9.93000030517578 9.93000030517578 9.89999961853027 9.81999969482422 9.73999977111816 9.67000007629395 9.44999980926514 9.43000030517578 9.40999984741211 9.39000034332275 9.40999984741211 9.44999980926514 9.39000034332275 9.32999992370605 9.0600004196167 8.75 8.65999984741211 8.65999984741211 8.8100004196167 8.72999954223633 8.90999984741211 9.06999969482422 9.18000030517578 9.30000019073486 9.39000034332275 9.39999961853027
11.039999961853 10.9099998474121 10.8199996948242 10.7799997329712 10.5200004577637 10.3299999237061 10.1800003051758 10.039999961853 9.8100004196167 9.81999969482422 9.94999980926514 9.88000011444092 9.85000038146973 9.82999992370605 9.85000038146973 9.85999965667725 9.88000011444092 9.92000007629395 9.97999954223633 10.0100002288818 10.0100002288818 10.0100002288818 10 9.94999980926514 9.86999988555908 9.76000022888184 9.68000030517578 9.60000038146973 9.55000019073486 9.48999977111816 9.47999954223633 9.53999996185303 9.63000011444092 9.44999980926514 9.10000038146973 8.76000022888184 8.4399995803833 8.23999977111816 8.4399995803833 8.46000003814697 8.61999988555908 8.64999961853027 8.67000007629395 8.73999977111816 8.77999973297119 8.6899995803833
11.2299995422363 11.1199998855591 11.1099996566772 10.9700002670288 10.8000001907349 10.5900001525879 10.460000038147 10.289999961853 10.1199998855591 10.1599998474121 10.1800003051758 10.1499996185303 10.0900001525879 9.94999980926514 9.97000026702881 10.0699996948242 10.0500001907349 10.039999961853 10.0500001907349 10.0500001907349 10.0500001907349 10.0299997329712 10.0100002288818 10 9.96000003814697 9.89999961853027 9.8100004196167 9.72000026702881 9.67000007629395 9.64000034332275 9.60000038146973 9.64999961853027 9.80000019073486 9.42000007629395 9.0600004196167 8.81999969482422 8.60000038146973 8.39999961853027 8.43000030517578 8.53999996185303 8.5600004196167 8.76000022888184 8.57999992370605 8.5600004196167 8.53999996185303 8.56999969482422
11.3900003433228 11.3599996566772 11.3800001144409 11.3299999237061 11.2799997329712 11.1000003814697 10.9099998474121 10.6999998092651 10.5 10.460000038147 10.4099998474121 10.3000001907349 10.0799999237061 9.9399995803833 10 10.1999998092651 10.1800003051758 10.1400003433228 10.1300001144409 10.1000003814697 10.1199998855591 10.1400003433228 10.1199998855591 10.0699996948242 10.0299997329712 9.98999977111816 9.98999977111816 9.88000011444092 9.78999996185303 9.73999977111816 9.72999954223633 9.75 9.86999988555908 9.39999961853027 9.10999965667725 9.02000045776367 8.86999988555908 8.80000019073486 8.85000038146973 9.01000022888184 8.93000030517578 8.5600004196167 8.43000030517578 8.47999954223633 8.57999992370605 8.64999961853027
11.0699996948242 11.0900001525879 11.1300001144409 11.1599998474121 11.0699996948242 11.1999998092651 11.2799997329712 10.9499998092651 10.75 10.5699996948242 10.3900003433228 10.2299995422363 10.1499996185303 10.1199998855591 10.1800003051758 10.3299999237061 10.3299999237061 10.2299995422363 10.1700000762939 10.1499996185303 10.1800003051758 10.1400003433228 10.1700000762939 10.1800003051758 10.1599998474121 10.0600004196167 10.039999961853 10.0900001525879 10 9.90999984741211 9.85999965667725 9.85999965667725 9.93000030517578 9.65999984741211 9.34000015258789 9.26000022888184 9.14000034332275 9.07999992370605 9.07999992370605 9.14999961853027 8.76000022888184 8.5600004196167 8.46000003814697 8.55000019073486 8.63000011444092 8.73999977111816
10.8699998855591 10.9099998474121 10.9499998092651 11.0100002288818 10.9399995803833 11.0900001525879 11.2200002670288 11.1899995803833 10.9899997711182 10.6599998474121 10.4799995422363 10.3999996185303 10.3599996566772 10.460000038147 10.5600004196167 10.4700002670288 10.5799999237061 10.5100002288818 10.289999961853 10.210000038147 10.1800003051758 10.1499996185303 10.1099996566772 10.0500001907349 10.0600004196167 10.1400003433228 10.210000038147 10.2200002670288 10.1599998474121 10.1400003433228 10.0900001525879 10.0500001907349 10.0699996948242 9.92000007629395 9.64999961853027 9.43000030517578 9.35000038146973 9.30000019073486 9.27000045776367 9.25 9.06999969482422 8.92000007629395 8.80000019073486 8.81999969482422 8.8100004196167 8.77000045776367
10.6400003433228 10.6899995803833 10.7299995422363 10.7799997329712 10.8199996948242 10.9700002670288 11.0100002288818 10.960000038147 10.9499998092651 10.960000038147 10.9300003051758 10.8800001144409 10.8000001907349 10.6700000762939 10.4799995422363 10.3699998855591 10.3500003814697 10.4200000762939 10.3900003433228 10.3999996185303 10.3400001525879 10.3800001144409 10.2299995422363 10.1400003433228 10.1700000762939 10.1499996185303 10.3299999237061 10.3199996948242 10.25 10.3199996948242 10.3599996566772 10.2399997711182 10.1899995803833 10.3000001907349 9.88000011444092 9.69999980926514 9.56999969482422 9.51000022888184 9.53999996185303 9.36999988555908 9.27999973297119 9.18000030517578 9.11999988555908 9.07999992370605 9.05000019073486 9.02000045776367
10.7700004577637 10.7200002670288 10.6999998092651 10.6800003051758 10.7200002670288 10.8199996948242 10.7700004577637 10.7399997711182 10.6700000762939 10.6899995803833 10.7200002670288 10.6499996185303 10.5799999237061 10.5299997329712 10.5100002288818 10.4200000762939 10.3599996566772 10.3299999237061 10.210000038147 10.0299997329712 9.94999980926514 10.0299997329712 10.1599998474121 10.0200004577637 9.89999961853027 9.89000034332275 9.9399995803833 10.1099996566772 10.3999996185303 10.2200002670288 10.289999961853 10.4799995422363 10.4499998092651 10.4799995422363 10.3000001907349 9.97999954223633 9.85999965667725 9.78999996185303 9.69999980926514 9.55000019073486 9.47000026702881 9.36999988555908 9.28999996185303 9.26000022888184 9.1899995803833 9.17000007629395
10.9799995422363 10.8599996566772 10.7700004577637 10.7299995422363 10.7600002288818 10.7600002288818 10.6800003051758 10.4399995803833 10.289999961853 10.3699998855591 10.5600004196167 10.5100002288818 10.289999961853 10.2200002670288 10.289999961853 10.25 10.25 10.2700004577637 10.2600002288818 10.1300001144409 10.0200004577637 9.97999954223633 10.039999961853 10.0600004196167 9.96000003814697 9.92000007629395 9.93000030517578 10.0100002288818 10.1499996185303 10.25 10.2799997329712 10.3599996566772 10.5 10.5200004577637 10.5299997329712 10.5100002288818 10.1899995803833 9.98999977111816 9.86999988555908 9.77000045776367 9.68000030517578 9.60999965667725 9.55000019073486 9.5 9.4399995803833 9.32999992370605
11.25 11.0900001525879 10.9499998092651 10.8699998855591 10.8400001525879 10.7700004577637 10.6599998474121 10.5200004577637 10.3199996948242 10.2700004577637 10.3199996948242 10.3500003814697 10.2299995422363 10.1700000762939 10.1199998855591 10.0799999237061 10.1099996566772 10.1199998855591 10.1700000762939 10.2200002670288 10.1400003433228 10.0799999237061 10.039999961853 10.0799999237061 10.0600004196167 10.0500001907349 10 10.039999961853 10.1199998855591 10.25 10.3000001907349 10.3599996566772 10.4399995803833 10.5500001907349 10.5699996948242 10.7600002288818 10.4899997711182 10.3199996948242 10.1700000762939 10.0299997329712 9.96000003814697 9.88000011444092 9.81999969482422 9.78999996185303 9.69999980926514 9.57999992370605
11.4799995422363 11.3699998855591 11.25 11.0900001525879 10.9899997711182 10.9099998474121 10.7799997329712 10.6599998474121 10.5699996948242 10.5100002288818 10.4099998474121 10.3199996948242 10.3100004196167 10.25 10.1899995803833 10.1000003814697 10.0699996948242 10.1099996566772 10.1300001144409 10.1800003051758 10.2399997711182 10.1999998092651 10.1499996185303 10.1499996185303 10.1499996185303 10.1999998092651 10.210000038147 10.1700000762939 10.1400003433228 10.1999998092651 10.3299999237061 10.3999996185303 10.4700002670288 10.5299997329712 10.6099996566772 10.6700000762939 10.8100004196167 10.6400003433228 10.4799995422363 10.3599996566772 10.25 10.1899995803833 10.1599998474121 10.0900001525879 10 9.89000034332275
11.6000003814697 11.5100002288818 11.4300003051758 11.3299999237061 11.1899995803833 11.0500001907349 10.9099998474121 10.8100004196167 10.7600002288818 10.6700000762939 10.6499996185303 10.5500001907349 10.460000038147 10.3500003814697 10.2600002288818 10.25 10.2299995422363 10.2200002670288 10.1700000762939 10.1599998474121 10.1999998092651 10.1800003051758 10.0799999237061 10.0200004577637 10.1000003814697 10.2399997711182 10.3000001907349 10.3000001907349 10.3199996948242 10.2799997329712 10.3000001907349 10.4200000762939 10.5 10.5699996948242 10.6400003433228 10.6899995803833 10.7600002288818 10.960000038147 10.8000001907349 10.6099996566772 10.5299997329712 10.4399995803833 10.3800001144409 10.3599996566772 10.2799997329712 10.1899995803833
11.6999998092651 11.6000003814697 11.5699996948242 11.4499998092651 11.3900003433228 11.2600002288818 11.1300001144409 10.9899997711182 10.8999996185303 10.8599996566772 10.8400001525879 10.7600002288818 10.710000038147 10.6000003814697 10.4399995803833 10.289999961853 10.2299995422363 10.1099996566772 10.0200004577637 10.0299997329712 10.1000003814697 10.1800003051758 10.1400003433228 10.1000003814697 10.0100002288818 10.1199998855591 10.2700004577637 10.3199996948242 10.3599996566772 10.4099998474121 10.4200000762939 10.4099998474121 10.5200004577637 10.6199998855591 10.6800003051758 10.6999998092651 10.75 10.8199996948242 10.960000038147 10.9899997711182 10.75 10.6599998474121 10.6099996566772 10.6099996566772 10.6099996566772 10.5799999237061
11.7799997329712 11.7299995422363 11.6400003433228 11.5600004196167 11.460000038147 11.3999996185303 11.3199996948242 11.2200002670288 11.0600004196167 10.9300003051758 10.8800001144409 10.9200000762939 10.8999996185303 10.789999961853 10.539999961853 10.3199996948242 10.1300001144409 9.85999965667725 9.82999992370605 9.89999961853027 10.0299997329712 10.1000003814697 10.1599998474121 10.1800003051758 10.1499996185303 10.1400003433228 10.2600002288818 10.3699998855591 10.4200000762939 10.4499998092651 10.4499998092651 10.460000038147 10.539999961853 10.6499996185303 10.710000038147 10.7600002288818 10.789999961853 10.8599996566772 10.960000038147 11.1599998474121 10.9099998474121 10.8599996566772 10.960000038147 11.0600004196167 11.0500001907349 10.9700002670288
11.8800001144409 11.8100004196167 11.7399997711182 11.6599998474121 11.5799999237061 11.5100002288818 11.4499998092651 11.3900003433228 11.3000001907349 11.1899995803833 11.0799999237061 11.039999961853 11.039999961853 11.0200004577637 10.8699998855591 10.5 10.1899995803833 10.0900001525879 9.97999954223633 9.85000038146973 9.90999984741211 9.98999977111816 9.94999980926514 10.1300001144409 10.2700004577637 10.3199996948242 10.3299999237061 10.4200000762939 10.4899997711182 10.5 10.4899997711182 10.5100002288818 10.6899995803833 10.75 10.789999961853 10.8900003433228 10.9099998474121 10.9799995422363 11.1000003814697 11.2600002288818 11.1999998092651 11.0799999237061 11.0500001907349 11.1999998092651 11.3599996566772 11.3400001525879
11.9399995803833 11.8900003433228 11.8199996948242 11.7299995422363 11.5900001525879 11.5 11.4899997711182 11.4499998092651 11.4099998474121 11.3699998855591 11.3299999237061 11.25 11.2299995422363 11.1800003051758 11.1700000762939 11.0900001525879 10.6099996566772 10.1400003433228 9.98999977111816 9.9399995803833 9.88000011444092 9.93000030517578 9.97000026702881 10.0100002288818 10.3100004196167 10.4399995803833 10.4499998092651 10.4799995422363 10.5900001525879 10.6199998855591 10.6400003433228 10.6300001144409 10.7299995422363 10.8999996185303 10.9499998092651 11.0100002288818 11.0699996948242 11.1499996185303 11.2299995422363 11.3100004196167 11.3299999237061 11.3400001525879 11.3000001907349 11.3000001907349 11.2200002670288 11.1400003433228
11.960000038147 11.9499998092651 11.8999996185303 11.8400001525879 11.7200002670288 11.6000003814697 11.5299997329712 11.5100002288818 11.5 11.4700002670288 11.4399995803833 11.3999996185303 11.3900003433228 11.3199996948242 11.2799997329712 11.3100004196167 11.2200002670288 11.039999961853 10.7600002288818 10.5799999237061 10.4499998092651 10.3900003433228 10.4799995422363 10.4700002670288 10.539999961853 10.5900001525879 10.6199998855591 10.6300001144409 10.6899995803833 10.7399997711182 10.789999961853 10.8299999237061 10.8900003433228 11 11.0900001525879 11.2799997329712 11.3100004196167 11.3299999237061 11.3999996185303 11.4399995803833 11.4499998092651 11.4200000762939 11.3500003814697 11.3100004196167 11.2399997711182 11.1899995803833
12.0100002288818 12.0299997329712 11.9799995422363 11.9499998092651 11.8999996185303 11.8100004196167 11.6800003051758 11.6099996566772 11.5799999237061 11.5900001525879 11.5600004196167 11.5100002288818 11.4899997711182 11.460000038147 11.4200000762939 11.3999996185303 11.3800001144409 11.3699998855591 11.3599996566772 11.3400001525879 11.2799997329712 11.210000038147 11.1899995803833 11.0500001907349 10.9499998092651 10.8999996185303 10.8100004196167 10.8400001525879 10.8100004196167 10.8999996185303 10.9200000762939 11.0100002288818 11.0600004196167 11.1800003051758 11.289999961853 11.3599996566772 11.5299997329712 11.539999961853 11.5699996948242 11.5799999237061 11.5900001525879 11.5600004196167 11.4799995422363 11.3900003433228 11.3500003814697 11.289999961853
12 12.0299997329712 12.0699996948242 12.039999961853 12.0100002288818 12.0600004196167 11.9200000762939 11.7799997329712 11.6800003051758 11.710000038147 11.6999998092651 11.6300001144409 11.6099996566772 11.5900001525879 11.539999961853 11.5100002288818 11.5100002288818 11.4899997711182 11.4700002670288 11.4399995803833 11.4700002670288 11.4399995803833 11.3900003433228 11.3699998855591 11.2600002288818 11.1400003433228 11.0799999237061 11.0600004196167 10.9799995422363 11.0500001907349 11.0900001525879 11.1800003051758 11.210000038147 11.3500003814697 11.4399995803833 11.539999961853 11.6300001144409 11.6800003051758 11.6899995803833 11.6999998092651 11.6800003051758 11.6400003433228 11.5799999237061 11.5 11.4300003051758 11.3199996948242
