SnowAccumulation_R/test/tmax/max_3.asc
NCOLS 144 
NROWS 72 
XLLCORNER -107.999996877414 
YLLCORNER 47.0000011447333 
CELLSIZE 0.0833333376702586 
NODATA_value -3.4e+38 
[rows 0 to 19 of 72, columns 90 to 134 of 144]
-1.74000000953674 -1.79999995231628 -1.87000000476837 -1.95000004768372 -2.01999998092651 -2.09999990463257 -2.21000003814697 -2.30999994277954 -2.39000010490417 -2.52999997138977 -2.60999989509583 -2.6800000667572 -2.78999996185303 -2.85999989509583 -2.88000011444092 -2.95000004768372 -3.00999999046326 -2.97000002861023 -3.05999994277954 -3.10999989509583 -3.15000009536743 -3.22000002861023 -3.25999999046326 -3.30999994277954 -3.36999988555908 -3.45000004768372 -3.52999997138977 -3.60999989509583 -3.6800000667572 -3.75999999046326 -3.86999988555908 -3.95000004768372 -4.01999998092651 -4.07000017166138 -4.09999990463257 -4.1100001335144 -4.09000015258789 -4.05999994277954 -4.01000022888184 -3.97000002861023 -3.95000004768372 -3.92000007629395 -3.88000011444092 -3.84999990463257 -3.82999992370605
-1.61000001430511 -1.66999995708466 -1.75 -1.83000004291534 -1.9099999666214 -1.99000000953674 -2.0699999332428 -2.15000009536743 -2.23000001907349 -2.3199999332428 -2.47000002861023 -2.5699999332428 -2.66000008583069 -2.73000001907349 -2.8199999332428 -2.90000009536743 -2.94000005722046 -2.92000007629395 -2.90000009536743 -2.92000007629395 -3 -3.0699999332428 -3.15000009536743 -3.22000002861023 -3.29999995231628 -3.38000011444092 -3.46000003814697 -3.54999995231628 -3.63000011444092 -3.72000002861023 -3.82999992370605 -3.92000007629395 -4.01000022888184 -4.09000015258789 -4.1399998664856 -4.13000011444092 -4.09000015258789 -4.05000019073486 -4.01000022888184 -3.97000002861023 -3.90000009536743 -3.84999990463257 -3.79999995231628 -3.76999998092651 -3.75
-1.49000000953674 -1.53999996185303 -1.62999999523163 -1.75 -1.82000005245209 -1.87999999523163 -1.96000003814697 -2.04999995231628 -2.13000011444092 -2.22000002861023 -2.34999990463257 -2.45000004768372 -2.53999996185303 -2.61999988555908 -2.71000003814697 -2.76999998092651 -2.79999995231628 -2.8199999332428 -2.84999990463257 -2.85999989509583 -2.91000008583069 -2.98000001907349 -3.05999994277954 -3.14000010490417 -3.22000002861023 -3.29999995231628 -3.38000011444092 -3.47000002861023 -3.54999995231628 -3.64000010490417 -3.75 -3.84999990463257 -3.94000005722046 -4.03000020980835 -4.09999990463257 -4.07999992370605 -4.01999998092651 -3.96000003814697 -3.96000003814697 -3.91000008583069 -3.85999989509583 -3.8199999332428 -3.75 -3.70000004768372 -3.64000010490417
-1.37000000476837 -1.42999994754791 -1.5 -1.63999998569489 -1.75999999046326 -1.76999998092651 -1.86000001430511 -1.95000004768372 -2.02999997138977 -2.11999988555908 -2.23000001907349 -2.3199999332428 -2.42000007629395 -2.51999998092651 -2.60999989509583 -2.67000007629395 -2.70000004768372 -2.75 -2.78999996185303 -2.82999992370605 -2.80999994277954 -2.89000010490417 -2.96000003814697 -3.03999996185303 -3.11999988555908 -3.20000004768372 -3.27999997138977 -3.35999989509583 -3.44000005722046 -3.51999998092651 -3.63000011444092 -3.72000002861023 -3.78999996185303 -3.84999990463257 -3.89000010490417 -3.89000010490417 -3.85999989509583 -3.8199999332428 -3.77999997138977 -3.78999996185303 -3.75999999046326 -3.70000004768372 -3.65000009536743 -3.59999990463257 -3.55999994277954
-1.28999996185303 -1.32000005245209 -1.39999997615814 -1.48000001907349 -1.58000004291534 -1.6599999666214 -1.75999999046326 -1.85000002384186 -1.94000005722046 -2.01999998092651 -2.11999988555908 -2.22000002861023 -2.3199999332428 -2.42000007629395 -2.49000000953674 -2.54999995231628 -2.59999990463257 -2.65000009536743 -2.71000003814697 -2.75 -2.75999999046326 -2.78999996185303 -2.84999990463257 -2.92000007629395 -3 -3.07999992370605 -3.15000009536743 -3.23000001907349 -3.29999995231628 -3.38000011444092 -3.48000001907349 -3.54999995231628 -3.60999989509583 -3.66000008583069 -3.6800000667572 -3.69000005722046 -3.6800000667572 -3.65000009536743 -3.61999988555908 -3.60999989509583 -3.61999988555908 -3.57999992370605 -3.51999998092651 -3.47000002861023 -3.4300000667572
-1.17999994754791 -1.23000001907349 -1.32000005245209 -1.41999995708466 -1.49000000953674 -1.5900000333786 -1.6599999666214 -1.75 -1.8400000333786 -1.92999994754791 -2.01999998092651 -2.11999988555908 -2.22000002861023 -2.3199999332428 -2.40000009536743 -2.46000003814697 -2.5 -2.5699999332428 -2.60999989509583 -2.66000008583069 -2.6800000667572 -2.74000000953674 -2.78999996185303 -2.80999994277954 -2.86999988555908 -2.94000005722046 -3.00999999046326 -3.07999992370605 -3.15000009536743 -3.22000002861023 -3.32999992370605 -3.36999988555908 -3.42000007629395 -3.45000004768372 -3.48000001907349 -3.49000000953674 -3.48000001907349 -3.47000002861023 -3.44000005722046 -3.41000008583069 -3.45000004768372 -3.4300000667572 -3.36999988555908 -3.32999992370605 -3.28999996185303
-1.08000004291534 -1.13999998569489 -1.23000001907349 -1.30999994277954 -1.38999998569489 -1.48000001907349 -1.57000005245209 -1.66999995708466 -1.75 -1.85000002384186 -1.97000002861023 -2.03999996185303 -2.14000010490417 -2.23000001907349 -2.30999994277954 -2.36999988555908 -2.4300000667572 -2.48000001907349 -2.52999997138977 -2.5699999332428 -2.57999992370605 -2.65000009536743 -2.72000002861023 -2.72000002861023 -2.73000001907349 -2.78999996185303 -2.85999989509583 -2.92000007629395 -2.99000000953674 -3.04999995231628 -3.22000002861023 -3.1800000667572 -3.22000002861023 -3.25 -3.27999997138977 -3.28999996185303 -3.28999996185303 -3.27999997138977 -3.26999998092651 -3.24000000953674 -3.22000002861023 -3.25999999046326 -3.21000003814697 -3.17000007629395 -3.14000010490417
-0.990000009536743 -1.05999994277954 -1.12999999523163 -1.21000003814697 -1.28999996185303 -1.38999998569489 -1.49000000953674 -1.58000004291534 -1.67999994754791 -1.76999998092651 -1.86000001430511 -1.96000003814697 -2.05999994277954 -2.14000010490417 -2.23000001907349 -2.28999996185303 -2.34999990463257 -2.40000009536743 -2.48000001907349 -2.47000002861023 -2.45000004768372 -2.49000000953674 -2.51999998092651 -2.54999995231628 -2.57999992370605 -2.64000010490417 -2.70000004768372 -2.75999999046326 -2.8199999332428 -2.86999988555908 -3.03999996185303 -2.99000000953674 -3.02999997138977 -3.05999994277954 -3.07999992370605 -3.08999991416931 -3.09999990463257 -3.09999990463257 -3.07999992370605 -3.0699999332428 -3.03999996185303 -3.04999995231628 -3.03999996185303 -3 -2.98000001907349
-0.910000026226044 -0.980000019073486 -1.04999995231628 -1.12000000476837 -1.21000003814697 -1.32000005245209 -1.41999995708466 -1.50999999046326 -1.61000001430511 -1.71000003814697 -1.80999994277954 -1.89999997615814 -1.98000001907349 -2.07999992370605 -2.15000009536743 -2.21000003814697 -2.25999999046326 -2.30999994277954 -2.34999990463257 -2.33999991416931 -2.33999991416931 -2.36999988555908 -2.41000008583069 -2.4300000667572 -2.46000003814697 -2.5 -2.53999996185303 -2.58999991416931 -2.64000010490417 -2.69000005722046 -2.78999996185303 -2.80999994277954 -2.83999991416931 -2.86999988555908 -2.89000010490417 -2.90000009536743 -2.91000008583069 -2.91000008583069 -2.90000009536743 -2.89000010490417 -2.86999988555908 -2.85999989509583 -2.85999989509583 -2.82999992370605 -2.80999994277954
-0.920000016689301 -0.949999988079071 -0.980000019073486 -1.02999997138977 -1.13999998569489 -1.25 -1.36000001430511 -1.46000003814697 -1.60000002384186 -1.67999994754791 -1.75 -1.8400000333786 -1.92999994754791 -2.00999999046326 -2.0699999332428 -2.11999988555908 -2.17000007629395 -2.21000003814697 -2.22000002861023 -2.23000001907349 -2.24000000953674 -2.25999999046326 -2.29999995231628 -2.33999991416931 -2.32999992370605 -2.36999988555908 -2.40000009536743 -2.44000005722046 -2.47000002861023 -2.50999999046326 -2.57999992370605 -2.61999988555908 -2.66000008583069 -2.6800000667572 -2.70000004768372 -2.72000002861023 -2.73000001907349 -2.73000001907349 -2.73000001907349 -2.72000002861023 -2.70000004768372 -2.70000004768372 -2.6800000667572 -2.66000008583069 -2.65000009536743
-0.939999997615814 -0.920000016689301 -0.920000016689301 -0.980000019073486 -1.0900000333786 -1.20000004768372 -1.32000005245209 -1.41999995708466 -1.52999997138977 -1.62000000476837 -1.70000004768372 -1.77999997138977 -1.86000001430511 -1.92999994754791 -1.98000001907349 -2.01999998092651 -2.05999994277954 -2.09999990463257 -2.13000011444092 -2.13000011444092 -2.11999988555908 -2.13000011444092 -2.17000007629395 -2.20000004768372 -2.20000004768372 -2.23000001907349 -2.25999999046326 -2.27999997138977 -2.29999995231628 -2.33999991416931 -2.40000009536743 -2.45000004768372 -2.48000001907349 -2.50999999046326 -2.53999996185303 -2.57999992370605 -2.54999995231628 -2.55999994277954 -2.55999994277954 -2.54999995231628 -2.53999996185303 -2.51999998092651 -2.50999999046326 -2.49000000953674 -2.47000002861023
-0.779999971389771 -0.829999983310699 -0.860000014305115 -0.930000007152557 -1.03999996185303 -1.16999995708466 -1.28999996185303 -1.39999997615814 -1.49000000953674 -1.58000004291534 -1.66999995708466 -1.73000001907349 -1.79999995231628 -1.85000002384186 -1.89999997615814 -1.94000005722046 -1.96000003814697 -1.98000001907349 -2.00999999046326 -1.99000000953674 -1.97000002861023 -2 -2 -2.02999997138977 -2.05999994277954 -2.0699999332428 -2.11999988555908 -2.14000010490417 -2.16000008583069 -2.17000007629395 -2.24000000953674 -2.27999997138977 -2.29999995231628 -2.35999989509583 -2.41000008583069 -2.39000010490417 -2.39000010490417 -2.39000010490417 -2.38000011444092 -2.39000010490417 -2.38000011444092 -2.35999989509583 -2.33999991416931 -2.3199999332428 -2.30999994277954
-0.649999976158142 -0.740000009536743 -0.800000011920929 -0.910000026226044 -1.02999997138977 -1.16999995708466 -1.29999995231628 -1.4099999666214 -1.5 -1.55999994277954 -1.62999999523163 -1.66999995708466 -1.72000002861023 -1.75999999046326 -1.78999996185303 -1.83000004291534 -1.8400000333786 -1.85000002384186 -1.87000000476837 -1.86000001430511 -1.87000000476837 -1.85000002384186 -1.85000002384186 -1.87000000476837 -1.9099999666214 -1.96000003814697 -1.99000000953674 -2.00999999046326 -2.00999999046326 -2.01999998092651 -2.05999994277954 -2.09999990463257 -2.13000011444092 -2.20000004768372 -2.25 -2.26999998092651 -2.26999998092651 -2.23000001907349 -2.22000002861023 -2.21000003814697 -2.21000003814697 -2.20000004768372 -2.1800000667572 -2.16000008583069 -2.14000010490417
-0.540000021457672 -0.639999985694885 -0.75 -0.899999976158142 -1.03999996185303 -1.19000005722046 -1.3400000333786 -1.45000004768372 -1.52999997138977 -1.57000005245209 -1.61000001430511 -1.62999999523163 -1.64999997615814 -1.66999995708466 -1.70000004768372 -1.71000003814697 -1.71000003814697 -1.72000002861023 -1.73000001907349 -1.72000002861023 -1.76999998092651 -1.74000000953674 -1.71000003814697 -1.73000001907349 -1.77999997138977 -1.82000005245209 -1.85000002384186 -1.87999999523163 -1.91999995708466 -1.95000004768372 -1.99000000953674 -1.97000002861023 -1.97000002861023 -2.02999997138977 -2.09999990463257 -2.13000011444092 -2.07999992370605 -2.0699999332428 -2.0699999332428 -2.0699999332428 -2.05999994277954 -2.04999995231628 -2.03999996185303 -2.01999998092651 -2
-0.479999989271164 -0.620000004768372 -0.769999980926514 -0.930000007152557 -1.08000004291534 -1.22000002861023 -1.39999997615814 -1.51999998092651 -1.55999994277954 -1.57000005245209 -1.57000005245209 -1.58000004291534 -1.58000004291534 -1.5900000333786 -1.60000002384186 -1.5900000333786 -1.5900000333786 -1.61000001430511 -1.5900000333786 -1.58000004291534 -1.61000001430511 -1.5900000333786 -1.57000005245209 -1.60000002384186 -1.63999998569489 -1.66999995708466 -1.71000003814697 -1.76999998092651 -1.8400000333786 -1.87999999523163 -1.92999994754791 -1.88999998569489 -1.85000002384186 -1.88999998569489 -1.91999995708466 -1.95000004768372 -1.91999995708466 -1.92999994754791 -1.92999994754791 -1.92999994754791 -1.91999995708466 -1.9099999666214 -1.89999997615814 -1.87999999523163 -1.86000001430511
-0.569999992847443 -0.680000007152557 -0.810000002384186 -0.939999997615814 -1.07000005245209 -1.20000004768372 -1.36000001430511 -1.48000001907349 -1.50999999046326 -1.52999997138977 -1.51999998092651 -1.50999999046326 -1.50999999046326 -1.50999999046326 -1.5 -1.50999999046326 -1.49000000953674 -1.49000000953674 -1.47000002861023 -1.46000003814697 -1.46000003814697 -1.46000003814697 -1.44000005722046 -1.47000002861023 -1.50999999046326 -1.57000005245209 -1.66999995708466 -1.75 -1.78999996185303 -1.82000005245209 -1.8400000333786 -1.76999998092651 -1.76999998092651 -1.79999995231628 -1.78999996185303 -1.78999996185303 -1.78999996185303 -1.79999995231628 -1.79999995231628 -1.79999995231628 -1.79999995231628 -1.78999996185303 -1.76999998092651 -1.75999999046326 -1.73000001907349
-0.699999988079071 -0.740000009536743 -0.839999973773956 -0.939999997615814 -1.02999997138977 -1.12999999523163 -1.24000000953674 -1.32000005245209 -1.38999998569489 -1.41999995708466 -1.44000005722046 -1.42999994754791 -1.42999994754791 -1.42999994754791 -1.42999994754791 -1.41999995708466 -1.4099999666214 -1.39999997615814 -1.38999998569489 -1.38999998569489 -1.38999998569489 -1.39999997615814 -1.38999998569489 -1.39999997615814 -1.44000005722046 -1.55999994277954 -1.67999994754791 -1.75 -1.75999999046326 -1.76999998092651 -1.73000001907349 -1.66999995708466 -1.67999994754791 -1.71000003814697 -1.67999994754791 -1.66999995708466 -1.67999994754791 -1.70000004768372 -1.67999994754791 -1.67999994754791 -1.67999994754791 -1.66999995708466 -1.6599999666214 -1.64999997615814 -1.62000000476837
-0.829999983310699 -0.810000002384186 -0.860000014305115 -0.910000026226044 -0.970000028610229 -1.02999997138977 -1.12999999523163 -1.21000003814697 -1.26999998092651 -1.30999994277954 -1.33000004291534 -1.33000004291534 -1.35000002384186 -1.36000001430511 -1.35000002384186 -1.35000002384186 -1.3400000333786 -1.3400000333786 -1.33000004291534 -1.33000004291534 -1.33000004291534 -1.3400000333786 -1.3400000333786 -1.35000002384186 -1.41999995708466 -1.57000005245209 -1.66999995708466 -1.75 -1.76999998092651 -1.72000002861023 -1.66999995708466 -1.61000001430511 -1.5900000333786 -1.61000001430511 -1.60000002384186 -1.5900000333786 -1.60000002384186 -1.60000002384186 -1.58000004291534 -1.58000004291534 -1.58000004291534 -1.58000004291534 -1.57000005245209 -1.54999995231628 -1.53999996185303
-0.939999997615814 -0.870000004768372 -0.860000014305115 -0.879999995231628 -0.920000016689301 -0.959999978542328 -1.01999998092651 -1.10000002384186 -1.16999995708466 -1.22000002861023 -1.23000001907349 -1.24000000953674 -1.26999998092651 -1.28999996185303 -1.27999997138977 -1.28999996185303 -1.27999997138977 -1.26999998092651 -1.27999997138977 -1.27999997138977 -1.27999997138977 -1.32000005245209 -1.33000004291534 -1.35000002384186 -1.4099999666214 -1.51999998092651 -1.62000000476837 -1.70000004768372 -1.71000003814697 -1.63999998569489 -1.60000002384186 -1.53999996185303 -1.5 -1.50999999046326 -1.50999999046326 -1.48000001907349 -1.48000001907349 -1.48000001907349 -1.48000001907349 -1.49000000953674 -1.49000000953674 -1.50999999046326 -1.49000000953674 -1.46000003814697 -1.44000005722046
-1.02999997138977 -0.889999985694885 -0.850000023841858 -0.860000014305115 -0.879999995231628 -0.889999985694885 -0.910000026226044 -0.980000019073486 -1.04999995231628 -1.10000002384186 -1.12999999523163 -1.14999997615814 -1.19000005722046 -1.21000003814697 -1.22000002861023 -1.23000001907349 -1.21000003814697 -1.22000002861023 -1.23000001907349 -1.24000000953674 -1.25 -1.27999997138977 -1.32000005245209 -1.36000001430511 -1.39999997615814 -1.48000001907349 -1.51999998092651 -1.55999994277954 -1.5900000333786 -1.53999996185303 -1.52999997138977 -1.46000003814697 -1.44000005722046 -1.44000005722046 -1.4099999666214 -1.38999998569489 -1.38999998569489 -1.41999995708466 -1.41999995708466 -1.44000005722046 -1.44000005722046 -1.46000003814697 -1.41999995708466 -1.38999998569489 -1.37000000476837
