SnowAccumulation_R/test/tmax/max_2.asc
NCOLS 144 
NROWS 72 
XLLCORNER -107.999996877414 
YLLCORNER 47.0000011447333 
CELLSIZE 0.0833333376702586 
NODATA_value -3.4e+38 
[rows 40 to 59 of 72, columns 0 to 44 of 144]
-2.5 -2.50999999046326 -2.75999999046326 -2.80999994277954 -2.75999999046326 -2.60999989509583 -2.6800000667572 -2.60999989509583 -2.63000011444092 -2.69000005722046 -2.72000002861023 -2.75999999046326 -2.86999988555908 -3.03999996185303 -3.13000011444092 -3.15000009536743 -3.25999999046326 -3.39000010490417 -3.49000000953674 -3.54999995231628 -3.60999989509583 -3.70000004768372 -3.72000002861023 -3.70000004768372 -3.73000001907349 -3.67000007629395 -3.63000011444092 -3.75 -3.83999991416931 -3.99000000953674 -4.1399998664856 -4.21000003814697 -4.23000001907349 -4.15999984741211 -4.26000022888184 -4.34000015258789 -4.46000003814697 -4.53000020980835 -4.63000011444092 -4.69999980926514 -4.73999977111816 -4.80999994277954 -4.92999982833862 -5.07000017166138 -5.15000009536743
-2.50999999046326 -2.65000009536743 -2.86999988555908 -3.01999998092651 -3.08999991416931 -2.85999989509583 -2.6800000667572 -2.6800000667572 -2.72000002861023 -2.66000008583069 -2.75999999046326 -2.84999990463257 -2.99000000953674 -3.13000011444092 -3.02999997138977 -3.11999988555908 -3.24000000953674 -3.36999988555908 -3.40000009536743 -3.51999998092651 -3.57999992370605 -3.66000008583069 -3.73000001907349 -3.72000002861023 -3.73000001907349 -3.71000003814697 -3.71000003814697 -3.77999997138977 -3.73000001907349 -3.96000003814697 -4.01999998092651 -4 -3.99000000953674 -3.97000002861023 -4.07999992370605 -4.17000007629395 -4.25 -4.34000015258789 -4.44999980926514 -4.55999994277954 -4.65000009536743 -4.69999980926514 -4.75 -4.84000015258789 -4.98999977111816
-2.60999989509583 -2.70000004768372 -2.65000009536743 -2.74000000953674 -2.83999991416931 -2.95000004768372 -2.85999989509583 -2.96000003814697 -2.83999991416931 -2.86999988555908 -2.91000008583069 -2.99000000953674 -3.08999991416931 -3 -3.01999998092651 -3.15000009536743 -3.27999997138977 -3.4300000667572 -3.49000000953674 -3.46000003814697 -3.49000000953674 -3.59999990463257 -3.67000007629395 -3.66000008583069 -3.75 -3.6800000667572 -3.64000010490417 -3.63000011444092 -3.53999996185303 -3.60999989509583 -3.63000011444092 -3.75999999046326 -3.74000000953674 -3.6800000667572 -3.76999998092651 -3.96000003814697 -4.09999990463257 -4.25 -4.38000011444092 -4.44000005722046 -4.5 -4.57999992370605 -4.69999980926514 -4.67000007629395 -4.76999998092651
-2.35999989509583 -2.39000010490417 -2.49000000953674 -2.52999997138977 -2.64000010490417 -2.88000011444092 -3.16000008583069 -3.25999999046326 -3.19000005722046 -3.13000011444092 -3.05999994277954 -3.0699999332428 -3.14000010490417 -3.00999999046326 -3.08999991416931 -3.28999996185303 -3.33999991416931 -3.52999997138977 -3.66000008583069 -3.61999988555908 -3.69000005722046 -3.72000002861023 -3.96000003814697 -3.90000009536743 -3.86999988555908 -3.98000001907349 -4.01999998092651 -4.03000020980835 -3.86999988555908 -3.65000009536743 -3.57999992370605 -3.48000001907349 -3.46000003814697 -3.50999999046326 -3.58999991416931 -3.76999998092651 -3.85999989509583 -4.01000022888184 -4.13000011444092 -4.23999977111816 -4.36999988555908 -4.48000001907349 -4.6100001335144 -4.69999980926514 -4.78999996185303
-2.38000011444092 -2.33999991416931 -2.3199999332428 -2.29999995231628 -2.48000001907349 -2.66000008583069 -2.9300000667572 -3.10999989509583 -3.15000009536743 -3.32999992370605 -3.21000003814697 -3.21000003814697 -3.08999991416931 -3.29999995231628 -3.40000009536743 -3.6800000667572 -3.72000002861023 -3.84999990463257 -3.99000000953674 -3.95000004768372 -4.05000019073486 -4.03999996185303 -3.88000011444092 -3.77999997138977 -3.79999995231628 -3.77999997138977 -3.77999997138977 -4.01000022888184 -3.86999988555908 -3.70000004768372 -3.5 -3.41000008583069 -3.39000010490417 -3.50999999046326 -3.47000002861023 -3.60999989509583 -3.84999990463257 -3.95000004768372 -3.98000001907349 -4.07000017166138 -4.23000001907349 -4.3600001335144 -4.48000001907349 -4.55999994277954 -4.6399998664856
-2.16000008583069 -2.30999994277954 -2.22000002861023 -2.16000008583069 -2.36999988555908 -2.40000009536743 -2.61999988555908 -2.74000000953674 -2.86999988555908 -3.19000005722046 -3.34999990463257 -3.42000007629395 -3.35999989509583 -3.40000009536743 -3.59999990463257 -3.66000008583069 -3.79999995231628 -3.78999996185303 -3.83999991416931 -3.98000001907349 -3.98000001907349 -3.94000005722046 -3.96000003814697 -3.9300000667572 -3.69000005722046 -3.60999989509583 -3.61999988555908 -3.70000004768372 -3.74000000953674 -3.60999989509583 -3.66000008583069 -3.72000002861023 -3.71000003814697 -3.54999995231628 -3.58999991416931 -3.45000004768372 -3.44000005722046 -3.57999992370605 -3.63000011444092 -3.86999988555908 -3.96000003814697 -4.07000017166138 -4.19999980926514 -4.32999992370605 -4.44999980926514
-1.91999995708466 -2.04999995231628 -2.02999997138977 -2.14000010490417 -2.21000003814697 -2.23000001907349 -2.27999997138977 -2.41000008583069 -2.71000003814697 -3.13000011444092 -3.08999991416931 -3.01999998092651 -3.13000011444092 -3.17000007629395 -3.19000005722046 -3.25 -3.45000004768372 -3.47000002861023 -3.51999998092651 -3.61999988555908 -3.86999988555908 -3.89000010490417 -3.77999997138977 -3.66000008583069 -3.73000001907349 -3.59999990463257 -3.54999995231628 -3.50999999046326 -3.4300000667572 -3.41000008583069 -3.41000008583069 -3.61999988555908 -3.54999995231628 -3.44000005722046 -3.44000005722046 -3.46000003814697 -3.34999990463257 -3.23000001907349 -3.41000008583069 -3.45000004768372 -3.52999997138977 -3.71000003814697 -3.9300000667572 -4.1399998664856 -4.25
-1.64999997615814 -1.79999995231628 -1.9099999666214 -1.86000001430511 -1.98000001907349 -2.10999989509583 -2.22000002861023 -2.24000000953674 -2.39000010490417 -2.76999998092651 -2.79999995231628 -2.75999999046326 -2.75999999046326 -2.8199999332428 -2.85999989509583 -2.95000004768372 -3.09999990463257 -3.28999996185303 -3.38000011444092 -3.41000008583069 -3.52999997138977 -3.71000003814697 -3.66000008583069 -3.50999999046326 -3.34999990463257 -3.3199999332428 -3.25 -3.21000003814697 -3.38000011444092 -3.27999997138977 -3.09999990463257 -3.15000009536743 -3.22000002861023 -3.20000004768372 -3.08999991416931 -3.20000004768372 -3.23000001907349 -3.07999992370605 -3.22000002861023 -3.29999995231628 -3.29999995231628 -3.39000010490417 -3.52999997138977 -3.73000001907349 -3.91000008583069
-1.5 -1.48000001907349 -1.69000005722046 -1.80999994277954 -1.69000005722046 -1.9099999666214 -2.11999988555908 -2.25999999046326 -2.24000000953674 -2.55999994277954 -2.60999989509583 -2.53999996185303 -2.55999994277954 -2.5699999332428 -2.65000009536743 -2.79999995231628 -2.9300000667572 -3.24000000953674 -3.40000009536743 -3.29999995231628 -3.25999999046326 -3.41000008583069 -3.50999999046326 -3.46000003814697 -3.38000011444092 -3.24000000953674 -3.04999995231628 -2.91000008583069 -2.91000008583069 -3.00999999046326 -2.82999992370605 -2.82999992370605 -2.98000001907349 -3.19000005722046 -3.02999997138977 -2.82999992370605 -2.73000001907349 -2.86999988555908 -3.13000011444092 -3.1800000667572 -3.20000004768372 -3.38000011444092 -3.4300000667572 -3.51999998092651 -3.50999999046326
-1.36000001430511 -1.41999995708466 -1.29999995231628 -1.36000001430511 -1.39999997615814 -1.71000003814697 -2.02999997138977 -2.19000005722046 -1.89999997615814 -2.11999988555908 -2.24000000953674 -2.27999997138977 -2.24000000953674 -2.32999992370605 -2.53999996185303 -2.66000008583069 -2.80999994277954 -3.1800000667572 -3.34999990463257 -3.3199999332428 -3.30999994277954 -3.17000007629395 -3.0699999332428 -3.17000007629395 -3.24000000953674 -3 -2.78999996185303 -2.66000008583069 -2.61999988555908 -2.50999999046326 -2.44000005722046 -2.59999990463257 -2.9300000667572 -2.97000002861023 -2.84999990463257 -2.69000005722046 -2.47000002861023 -2.65000009536743 -2.73000001907349 -2.74000000953674 -2.76999998092651 -3.00999999046326 -3.1800000667572 -3.45000004768372 -3.39000010490417
-1.07000005245209 -1.1599999666214 -1.22000002861023 -1.11000001430511 -1.07000005245209 -1.55999994277954 -1.76999998092651 -1.94000005722046 -1.79999995231628 -1.74000000953674 -1.88999998569489 -1.89999997615814 -1.91999995708466 -2.14000010490417 -2.29999995231628 -2.45000004768372 -2.73000001907349 -2.99000000953674 -3.05999994277954 -3.14000010490417 -3.14000010490417 -3.11999988555908 -3.04999995231628 -2.84999990463257 -2.75999999046326 -2.89000010490417 -2.91000008583069 -2.6800000667572 -2.5699999332428 -2.49000000953674 -2.27999997138977 -2.58999991416931 -2.86999988555908 -2.97000002861023 -2.90000009536743 -2.55999994277954 -2.36999988555908 -2.3199999332428 -2.28999996185303 -2.30999994277954 -2.26999998092651 -2.36999988555908 -2.71000003814697 -3.08999991416931 -3.23000001907349
-0.790000021457672 -0.889999985694885 -1.00999999046326 -0.970000028610229 -0.819999992847443 -1.16999995708466 -1.38999998569489 -1.55999994277954 -1.5 -1.35000002384186 -1.58000004291534 -1.62999999523163 -1.74000000953674 -1.86000001430511 -2.04999995231628 -2.29999995231628 -2.51999998092651 -2.71000003814697 -2.65000009536743 -2.76999998092651 -2.78999996185303 -2.79999995231628 -2.82999992370605 -2.8199999332428 -2.71000003814697 -2.59999990463257 -2.58999991416931 -2.5699999332428 -2.53999996185303 -2.50999999046326 -2.20000004768372 -2.30999994277954 -2.66000008583069 -2.75 -2.71000003814697 -2.55999994277954 -2.59999990463257 -2.58999991416931 -2.50999999046326 -2.33999991416931 -2.47000002861023 -2.26999998092651 -2.25 -2.59999990463257 -2.86999988555908
-0.370000004768372 -0.509999990463257 -0.560000002384186 -0.560000002384186 -0.579999983310699 -0.629999995231628 -0.910000026226044 -1.07000005245209 -0.990000009536743 -1.24000000953674 -1.47000002861023 -1.47000002861023 -1.35000002384186 -1.5900000333786 -1.99000000953674 -2.29999995231628 -2.28999996185303 -2.28999996185303 -2.33999991416931 -2.40000009536743 -2.47000002861023 -2.52999997138977 -2.64000010490417 -2.6800000667572 -2.65000009536743 -2.59999990463257 -2.4300000667572 -2.28999996185303 -2.1800000667572 -2.24000000953674 -2.16000008583069 -2 -2.46000003814697 -2.54999995231628 -2.50999999046326 -2.52999997138977 -2.4300000667572 -2.30999994277954 -2.24000000953674 -2.3199999332428 -2.24000000953674 -2.1800000667572 -2.09999990463257 -2.4300000667572 -2.53999996185303
-0.170000001788139 -0.200000002980232 -0.159999996423721 -0.140000000596046 -0.209999993443489 -0.25 -0.330000013113022 -0.449999988079071 -0.529999971389771 -0.709999978542328 -0.980000019073486 -1 -1.16999995708466 -1.51999998092651 -1.74000000953674 -1.8400000333786 -1.97000002861023 -1.9099999666214 -1.96000003814697 -2.14000010490417 -2.24000000953674 -2.32999992370605 -2.38000011444092 -2.45000004768372 -2.48000001907349 -2.26999998092651 -2.13000011444092 -2.03999996185303 -1.99000000953674 -2 -1.9099999666214 -1.79999995231628 -2.11999988555908 -2.25 -2.32999992370605 -2.24000000953674 -2.24000000953674 -2.29999995231628 -2.14000010490417 -2.00999999046326 -1.91999995708466 -1.86000001430511 -1.95000004768372 -2.14000010490417 -2.16000008583069
0.150000005960464 0.150000005960464 0.180000007152557 0.129999995231628 0.100000001490116 0.00999999977648258 -0.230000004172325 -0.219999998807907 -0.230000004172325 -0.330000013113022 -0.439999997615814 -0.589999973773956 -0.790000021457672 -1.03999996185303 -1.22000002861023 -1.38999998569489 -1.54999995231628 -1.67999994754791 -1.61000001430511 -1.75999999046326 -1.82000005245209 -2.04999995231628 -2.04999995231628 -2.15000009536743 -2.27999997138977 -2.26999998092651 -2.25999999046326 -2.25 -2.27999997138977 -2.27999997138977 -2.05999994277954 -1.79999995231628 -1.63999998569489 -1.85000002384186 -2.07999992370605 -2.14000010490417 -1.91999995708466 -1.87000000476837 -1.87000000476837 -1.87999999523163 -1.72000002861023 -1.64999997615814 -1.78999996185303 -1.80999994277954 -1.96000003814697
0.709999978542328 0.600000023841858 0.529999971389771 0.439999997615814 0.389999985694885 0.209999993443489 -0.28999999165535 -0.180000007152557 -0.0900000035762787 -0.509999990463257 -0.579999983310699 -0.46000000834465 -0.430000007152557 -0.469999998807907 -0.699999988079071 -0.959999978542328 -1.1599999666214 -1.37000000476837 -1.3400000333786 -1.30999994277954 -1.61000001430511 -1.75 -1.77999997138977 -1.85000002384186 -1.97000002861023 -1.94000005722046 -1.94000005722046 -1.94000005722046 -1.9099999666214 -1.98000001907349 -1.92999994754791 -1.95000004768372 -1.77999997138977 -1.5 -1.48000001907349 -1.69000005722046 -1.72000002861023 -1.61000001430511 -1.48000001907349 -1.44000005722046 -1.38999998569489 -1.41999995708466 -1.64999997615814 -1.79999995231628 -2
0.970000028610229 0.670000016689301 0.540000021457672 0.370000004768372 0.529999971389771 0.349999994039536 -0.00999999977648258 -0.100000001490116 0.00999999977648258 -0.280000001192093 -0.439999997615814 -0.409999996423721 -0.419999986886978 -0.330000013113022 -0.340000003576279 -0.519999980926514 -0.680000007152557 -0.879999995231628 -1.03999996185303 -0.949999988079071 -1.29999995231628 -1.41999995708466 -1.36000001430511 -1.49000000953674 -1.61000001430511 -1.54999995231628 -1.45000004768372 -1.6599999666214 -1.57000005245209 -1.55999994277954 -1.61000001430511 -1.49000000953674 -1.61000001430511 -1.52999997138977 -1.28999996185303 -1.3400000333786 -1.28999996185303 -1.19000005722046 -1.12000000476837 -1.0900000333786 -1.25 -1.4099999666214 -1.47000002861023 -1.72000002861023 -1.82000005245209
1.21000003814697 0.949999988079071 0.730000019073486 0.579999983310699 0.589999973773956 0.670000016689301 0.370000004768372 0.170000001788139 0.209999993443489 0.0399999991059303 -0.109999999403954 -0.0900000035762787 -0.109999999403954 -0.159999996423721 -0.159999996423721 -0.170000001788139 -0.349999994039536 -0.5 -0.540000021457672 -0.550000011920929 -0.790000021457672 -0.879999995231628 -0.959999978542328 -0.990000009536743 -1.17999994754791 -1.26999998092651 -1.0900000333786 -1.10000002384186 -1.1599999666214 -1.02999997138977 -1.02999997138977 -0.990000009536743 -1 -0.980000019073486 -0.910000026226044 -0.980000019073486 -0.970000028610229 -1.03999996185303 -1.11000001430511 -0.910000026226044 -1.07000005245209 -1.33000004291534 -1.29999995231628 -1.37999999523163 -1.37000000476837
1.37999999523163 1.33000004291534 1.12999999523163 0.980000019073486 0.939999997615814 0.939999997615814 0.660000026226044 0.490000009536743 0.469999998807907 0.319999992847443 0.270000010728836 0.25 0.150000005960464 0.0599999986588955 0 -0.0199999995529652 -0.0399999991059303 -0.0399999991059303 -0.0199999995529652 -0.0700000002980232 -0.170000001788139 -0.300000011920929 -0.379999995231628 -0.419999986886978 -0.490000009536743 -0.509999990463257 -0.589999973773956 -0.490000009536743 -0.5 -0.439999997615814 -0.400000005960464 -0.419999986886978 -0.46000000834465 -0.5 -0.579999983310699 -0.660000026226044 -0.600000023841858 -0.600000023841858 -0.680000007152557 -0.670000016689301 -0.629999995231628 -0.740000009536743 -0.779999971389771 -0.930000007152557 -1.03999996185303
1.62999999523163 1.54999995231628 1.39999997615814 1.32000005245209 1.28999996185303 1.16999995708466 0.819999992847443 0.75 0.589999973773956 0.479999989271164 0.5 0.479999989271164 0.46000000834465 0.360000014305115 0.349999994039536 0.330000013113022 0.219999998807907 0.140000000596046 0.25 0.170000001788139 0.0299999993294477 0.150000005960464 0.150000005960464 0.129999995231628 0.0599999986588955 0.0500000007450581 -0.00999999977648258 -0.0399999991059303 -0.109999999403954 -0.219999998807907 -0.28999999165535 -0.280000001192093 -0.319999992847443 -0.330000013113022 -0.330000013113022 -0.349999994039536 -0.589999973773956 -0.560000002384186 -0.600000023841858 -0.689999997615814 -0.709999978542328 -0.649999976158142 -0.779999971389771 -0.779999971389771 -0.759999990463257
