SnowAccumulation_R/test/tmax/max_3.asc
NCOLS 144 
NROWS 72 
XLLCORNER -107.999996877414 
YLLCORNER 47.0000011447333 
CELLSIZE 0.0833333376702586 
NODATA_value -3.4e+38 
[rows 20 to 39 of 72, columns 0 to 44 of 144]
1.87000000476837 1.80999994277954 1.8400000333786 1.82000005245209 1.75999999046326 1.62000000476837 1.37000000476837 1.23000001907349 1.11000001430511 1.00999999046326 1.0900000333786 1.28999996185303 1.38999998569489 1.37999999523163 1.03999996185303 0.860000014305115 0.740000009536743 0.680000007152557 0.660000026226044 0.610000014305115 0.46000000834465 0.280000001192093 0.159999996423721 0.0500000007450581 -0.00999999977648258 0.0199999995529652 -0.0900000035762787 -0.200000002980232 -0.230000004172325 -0.0299999993294477 0.219999998807907 0.239999994635582 0.200000002980232 0.140000000596046 0.0399999991059303 -0.0299999993294477 -0.0500000007450581 -0.109999999403954 -0.159999996423721 -0.209999993443489 -0.28999999165535 -0.449999988079071 -0.529999971389771 -0.639999985694885 -0.970000028610229
2.02999997138977 2.10999989509583 2.08999991416931 1.96000003814697 1.82000005245209 1.46000003814697 1.26999998092651 1.19000005722046 0.930000007152557 0.810000002384186 0.879999995231628 1.0900000333786 1.29999995231628 1.38999998569489 1.38999998569489 1.10000002384186 0.949999988079071 0.860000014305115 0.839999973773956 0.790000021457672 0.680000007152557 0.529999971389771 0.349999994039536 0.25 0.189999997615814 0.200000002980232 0.200000002980232 0.0900000035762787 0.00999999977648258 0.180000007152557 0.400000005960464 0.400000005960464 0.360000014305115 0.259999990463257 0.140000000596046 0.119999997317791 0.119999997317791 0 0.00999999977648258 -0.0399999991059303 -0.0799999982118607 -0.219999998807907 -0.319999992847443 -0.430000007152557 -0.740000009536743
1.92999994754791 2.20000004768372 2.20000004768372 1.87000000476837 1.67999994754791 1.47000002861023 1.37999999523163 1.33000004291534 1.27999997138977 1.29999995231628 1.28999996185303 1.44000005722046 1.52999997138977 1.54999995231628 1.50999999046326 1.44000005722046 1.30999994277954 1.1599999666214 1.07000005245209 1.01999998092651 0.889999985694885 0.680000007152557 0.490000009536743 0.360000014305115 0.360000014305115 0.430000007152557 0.430000007152557 0.319999992847443 0.300000011920929 0.409999996423721 0.550000011920929 0.569999992847443 0.519999980926514 0.400000005960464 0.259999990463257 0.230000004172325 0.0399999991059303 -0.310000002384186 -0.0399999991059303 0.0799999982118607 0.0399999991059303 0 -0.0700000002980232 -0.140000000596046 -0.340000003576279
2.3199999332428 2.15000009536743 1.74000000953674 1.70000004768372 1.69000005722046 1.51999998092651 1.5900000333786 1.73000001907349 1.79999995231628 1.85000002384186 1.82000005245209 1.78999996185303 1.77999997138977 1.78999996185303 1.71000003814697 1.60000002384186 1.50999999046326 1.49000000953674 1.36000001430511 1.24000000953674 1.1599999666214 0.990000009536743 0.769999980926514 0.579999983310699 0.490000009536743 0.479999989271164 0.610000014305115 0.560000002384186 0.550000011920929 0.600000023841858 0.680000007152557 0.709999978542328 0.680000007152557 0.610000014305115 0.449999988079071 0.340000003576279 0.25 0.0599999986588955 0.0399999991059303 0.159999996423721 0.159999996423721 0.150000005960464 0.119999997317791 0.0599999986588955 -0.0700000002980232
2.61999988555908 2.13000011444092 1.82000005245209 1.77999997138977 1.83000004291534 1.80999994277954 1.79999995231628 1.71000003814697 1.72000002861023 1.80999994277954 1.77999997138977 1.85000002384186 2 1.94000005722046 1.75 1.5900000333786 1.57000005245209 1.54999995231628 1.48000001907349 1.45000004768372 1.37000000476837 1.28999996185303 1.13999998569489 0.980000019073486 0.829999983310699 0.660000026226044 0.620000004768372 0.75 0.709999978542328 0.740000009536743 0.759999990463257 0.759999990463257 0.779999971389771 0.740000009536743 0.649999976158142 0.519999980926514 0.409999996423721 0.28999999165535 0.170000001788139 0.140000000596046 0.189999997615814 0.300000011920929 0.259999990463257 0.230000004172325 0.159999996423721
2.57999992370605 2.29999995231628 1.89999997615814 2 2.14000010490417 2.24000000953674 2.22000002861023 2.09999990463257 1.99000000953674 1.96000003814697 1.8400000333786 1.96000003814697 2.24000000953674 2.00999999046326 1.75 1.63999998569489 1.62999999523163 1.62000000476837 1.60000002384186 1.5 1.30999994277954 1.26999998092651 1.30999994277954 1.27999997138977 1.21000003814697 1 0.860000014305115 0.850000023841858 0.879999995231628 0.910000026226044 0.870000004768372 0.790000021457672 0.810000002384186 0.800000011920929 0.800000011920929 0.680000007152557 0.529999971389771 0.409999996423721 0.310000002384186 0.270000010728836 0.25 0.310000002384186 0.310000002384186 0.239999994635582 0.28999999165535
2.83999991416931 2.71000003814697 2.34999990463257 2.1800000667572 2.4300000667572 2.38000011444092 2.13000011444092 2.25 2.45000004768372 2.5 2.36999988555908 2.38000011444092 2.34999990463257 2.02999997138977 1.87999999523163 1.80999994277954 1.73000001907349 1.63999998569489 1.71000003814697 1.69000005722046 1.54999995231628 1.4099999666214 1.29999995231628 1.28999996185303 1.29999995231628 1.36000001430511 1.24000000953674 1.1599999666214 1.05999994277954 0.990000009536743 0.949999988079071 0.949999988079071 0.879999995231628 0.800000011920929 0.790000021457672 0.829999983310699 0.759999990463257 0.569999992847443 0.479999989271164 0.430000007152557 0.389999985694885 0.340000003576279 0.310000002384186 0.310000002384186 0.270000010728836
3.22000002861023 3.28999996185303 3.09999990463257 2.89000010490417 2.77999997138977 2.53999996185303 2.89000010490417 2.88000011444092 2.85999989509583 2.61999988555908 2.45000004768372 2.22000002861023 1.86000001430511 1.69000005722046 1.98000001907349 2.08999991416931 1.9099999666214 1.9099999666214 1.85000002384186 1.86000001430511 1.79999995231628 1.70000004768372 1.54999995231628 1.44000005722046 1.36000001430511 1.35000002384186 1.36000001430511 1.37000000476837 1.3400000333786 1.16999995708466 1.04999995231628 1.01999998092651 1.00999999046326 0.939999997615814 0.870000004768372 0.769999980926514 0.709999978542328 0.649999976158142 0.610000014305115 0.430000007152557 0.0500000007450581 -0.0700000002980232 -0.140000000596046 -0.119999997317791 -0.0399999991059303
3.28999996185303 3.0699999332428 3.13000011444092 3.21000003814697 3.04999995231628 3.17000007629395 3 2.57999992370605 2.36999988555908 2.22000002861023 2.10999989509583 2.10999989509583 2.07999992370605 1.95000004768372 1.96000003814697 2.23000001907349 2.15000009536743 2.07999992370605 2.00999999046326 2.03999996185303 1.94000005722046 1.88999998569489 1.88999998569489 1.75999999046326 1.58000004291534 1.5 1.50999999046326 1.55999994277954 1.54999995231628 1.46000003814697 1.28999996185303 1.1599999666214 1.12999999523163 1.10000002384186 1 0.910000026226044 0.819999992847443 0.740000009536743 0.589999973773956 0.400000005960464 0.180000007152557 -0.0199999995529652 -0.170000001788139 -0.270000010728836 -0.259999990463257
3.04999995231628 3.04999995231628 3 3.00999999046326 2.89000010490417 2.78999996185303 2.72000002861023 2.65000009536743 2.50999999046326 2.44000005722046 2.3199999332428 2.41000008583069 2.38000011444092 2.29999995231628 2.04999995231628 2.04999995231628 2.0699999332428 2 1.79999995231628 1.89999997615814 2.14000010490417 2.09999990463257 2.08999991416931 2.04999995231628 1.95000004768372 1.78999996185303 1.70000004768372 1.69000005722046 1.62999999523163 1.55999994277954 1.47000002861023 1.3400000333786 1.28999996185303 1.05999994277954 1 0.980000019073486 0.879999995231628 0.75 0.529999971389771 0.389999985694885 0.270000010728836 0.150000005960464 -0.00999999977648258 -0.140000000596046 -0.25
3.21000003814697 3.13000011444092 2.99000000953674 2.85999989509583 2.85999989509583 2.64000010490417 2.75999999046326 2.9300000667572 2.90000009536743 2.89000010490417 2.73000001907349 2.46000003814697 2.46000003814697 2.44000005722046 2.49000000953674 2.4300000667572 2.36999988555908 2.21000003814697 2.03999996185303 2.07999992370605 2.08999991416931 2.14000010490417 2.20000004768372 2.16000008583069 2.07999992370605 2.03999996185303 1.98000001907349 1.88999998569489 1.77999997138977 1.67999994754791 1.55999994277954 1.46000003814697 1.38999998569489 1.19000005722046 1.10000002384186 0.990000009536743 0.910000026226044 0.790000021457672 0.629999995231628 0.469999998807907 0.349999994039536 0.280000001192093 0.159999996423721 0.0500000007450581 -0.0799999982118607
3.30999994277954 3.16000008583069 2.86999988555908 2.90000009536743 2.98000001907349 3.00999999046326 2.96000003814697 2.84999990463257 2.92000007629395 2.88000011444092 2.89000010490417 2.79999995231628 2.61999988555908 2.57999992370605 2.63000011444092 2.58999991416931 2.53999996185303 2.40000009536743 2.21000003814697 1.99000000953674 1.83000004291534 1.97000002861023 2.17000007629395 2.02999997138977 1.74000000953674 1.80999994277954 2.01999998092651 2.07999992370605 2.04999995231628 1.99000000953674 1.87999999523163 1.77999997138977 1.58000004291534 1.38999998569489 1.24000000953674 1.0900000333786 0.970000028610229 0.839999973773956 0.670000016689301 0.540000021457672 0.449999988079071 0.409999996423721 0.360000014305115 0.259999990463257 0.150000005960464
3.19000005722046 2.97000002861023 3.0699999332428 2.83999991416931 2.73000001907349 2.8199999332428 2.92000007629395 2.95000004768372 2.84999990463257 2.63000011444092 2.64000010490417 2.69000005722046 2.67000007629395 2.60999989509583 2.59999990463257 2.58999991416931 2.60999989509583 2.55999994277954 2.34999990463257 2.16000008583069 2.00999999046326 2.03999996185303 1.9099999666214 1.74000000953674 1.61000001430511 1.45000004768372 1.5900000333786 1.8400000333786 2.01999998092651 2 2 1.94000005722046 1.80999994277954 1.64999997615814 1.47000002861023 1.27999997138977 1.12000000476837 0.949999988079071 0.819999992847443 0.699999988079071 0.600000023841858 0.529999971389771 0.479999989271164 0.419999986886978 0.340000003576279
2.98000001907349 3.07999992370605 2.90000009536743 2.67000007629395 2.6800000667572 2.72000002861023 2.71000003814697 2.66000008583069 2.76999998092651 2.88000011444092 2.84999990463257 2.70000004768372 2.77999997138977 2.8199999332428 2.66000008583069 2.57999992370605 2.58999991416931 2.59999990463257 2.50999999046326 2.41000008583069 2.25 2.15000009536743 2.11999988555908 2.01999998092651 1.94000005722046 1.83000004291534 1.58000004291534 1.41999995708466 1.96000003814697 2.05999994277954 2.04999995231628 2.02999997138977 1.94000005722046 1.82000005245209 1.69000005722046 1.52999997138977 1.35000002384186 1.16999995708466 1.01999998092651 0.889999985694885 0.779999971389771 0.680000007152557 0.589999973773956 0.519999980926514 0.469999998807907
3.16000008583069 2.95000004768372 2.67000007629395 2.53999996185303 2.53999996185303 2.45000004768372 2.52999997138977 2.82999992370605 2.86999988555908 2.92000007629395 3 3.03999996185303 3.0699999332428 3.00999999046326 2.88000011444092 2.71000003814697 2.66000008583069 2.64000010490417 2.59999990463257 2.57999992370605 2.54999995231628 2.46000003814697 2.41000008583069 2.34999990463257 2.26999998092651 2.19000005722046 2.02999997138977 1.73000001907349 1.82000005245209 1.87999999523163 1.78999996185303 2.01999998092651 2 1.92999994754791 1.82000005245209 1.70000004768372 1.54999995231628 1.4099999666214 1.24000000953674 1.0900000333786 0.959999978542328 0.850000023841858 0.75 0.660000026226044 0.589999973773956
3.0699999332428 2.86999988555908 2.73000001907349 2.64000010490417 2.64000010490417 2.71000003814697 2.77999997138977 2.69000005722046 2.75999999046326 2.77999997138977 2.73000001907349 2.91000008583069 3.1800000667572 3.16000008583069 3.09999990463257 3.00999999046326 2.91000008583069 2.84999990463257 2.77999997138977 2.60999989509583 2.41000008583069 2.38000011444092 2.39000010490417 2.44000005722046 2.40000009536743 2.3199999332428 2.25 2.07999992370605 1.78999996185303 1.63999998569489 1.46000003814697 2.03999996185303 1.91999995708466 1.71000003814697 1.86000001430511 1.80999994277954 1.67999994754791 1.58000004291534 1.46000003814697 1.30999994277954 1.1599999666214 1.03999996185303 0.939999997615814 0.850000023841858 0.769999980926514
3.0699999332428 2.96000003814697 2.88000011444092 2.85999989509583 2.94000005722046 3.04999995231628 3.36999988555908 3.45000004768372 3.41000008583069 3.34999990463257 3.23000001907349 3.26999998092651 3.29999995231628 3.20000004768372 3.11999988555908 3.0699999332428 3 2.91000008583069 2.8199999332428 2.54999995231628 2.41000008583069 2.44000005722046 2.47000002861023 2.52999997138977 2.4300000667572 2.32999992370605 2.29999995231628 2.16000008583069 1.95000004768372 1.58000004291534 1.71000003814697 1.80999994277954 1.41999995708466 1.16999995708466 1.67999994754791 1.75999999046326 1.72000002861023 1.58000004291534 1.5 1.44000005722046 1.35000002384186 1.23000001907349 1.12999999523163 1.02999997138977 0.949999988079071
3.04999995231628 3.29999995231628 3.25999999046326 3.30999994277954 3.36999988555908 3.50999999046326 3.69000005722046 3.75 3.67000007629395 3.61999988555908 3.52999997138977 3.40000009536743 3.1800000667572 3.03999996185303 3.04999995231628 3.08999991416931 3.05999994277954 3.02999997138977 2.91000008583069 2.75 2.61999988555908 2.52999997138977 2.52999997138977 2.51999998092651 2.41000008583069 2.3199999332428 2.33999991416931 2.39000010490417 2.22000002861023 1.83000004291534 1.72000002861023 1.48000001907349 1.5 1.55999994277954 1.41999995708466 1.5 1.62999999523163 1.6599999666214 1.5 1.38999998569489 1.37000000476837 1.3400000333786 1.29999995231628 1.22000002861023 1.12000000476837
3.46000003814697 3.59999990463257 3.75 3.80999994277954 3.80999994277954 3.83999991416931 3.86999988555908 3.80999994277954 3.72000002861023 3.58999991416931 3.47000002861023 3.28999996185303 3.17000007629395 3.11999988555908 3.05999994277954 3.04999995231628 3.09999990463257 3.04999995231628 2.89000010490417 2.84999990463257 2.75999999046326 2.67000007629395 2.66000008583069 2.55999994277954 2.5 2.48000001907349 2.46000003814697 2.5 2.32999992370605 2.25 2.1800000667572 2.04999995231628 1.86000001430511 1.74000000953674 1.61000001430511 1.5 1.4099999666214 1.5 1.57000005245209 1.52999997138977 1.39999997615814 1.35000002384186 1.37000000476837 1.35000002384186 1.28999996185303
3.80999994277954 3.6800000667572 3.82999992370605 3.88000011444092 3.84999990463257 3.91000008583069 3.82999992370605 3.88000011444092 3.85999989509583 3.74000000953674 3.67000007629395 3.5 3.42000007629395 3.40000009536743 3.26999998092651 3.24000000953674 3.19000005722046 3 2.84999990463257 2.77999997138977 2.74000000953674 2.71000003814697 2.69000005722046 2.66000008583069 2.59999990463257 2.60999989509583 2.72000002861023 2.59999990463257 2.47000002861023 2.39000010490417 2.30999994277954 2.24000000953674 2.07999992370605 1.92999994754791 1.78999996185303 1.69000005722046 1.58000004291534 1.41999995708466 1.21000003814697 1.48000001907349 1.55999994277954 1.45000004768372 1.38999998569489 1.37999999523163 1.38999998569489
