SnowAccumulation_R/test/tmax/max_2.asc
NCOLS 144 
NROWS 72 
XLLCORNER -107.999996877414 
YLLCORNER 47.0000011447333 
CELLSIZE 0.0833333376702586 
NODATA_value -3.4e+38 
[rows 40 to 59 of 72, columns 45 to 89 of 144]
-5.21999979019165 -5.28999996185303 -5.36999988555908 -5.48999977111816 -5.57999992370605 -5.67000007629395 -5.78000020980835 -5.90999984741211 -6 -6.05000019073486 -6.07000017166138 -6.1100001335144 -6.15000009536743 -6.17000007629395 -6.17999982833862 -6.19999980926514 -6.19999980926514 -6.19999980926514 -6.19999980926514 -6.19000005722046 -6.19000005722046 -6.21999979019165 -6.26000022888184 -6.26999998092651 -6.34000015258789 -6.3899998664856 -6.40999984741211 -6.46999979019165 -6.46999979019165 -6.51999998092651 -6.51000022888184 -6.48999977111816 -6.44000005722046 -6.42999982833862 -6.38000011444092 -6.32999992370605 -6.32000017166138 -6.23999977111816 -6.26000022888184 -6.26999998092651 -6.28999996185303 -6.32000017166138 -6.36999988555908 -6.44999980926514 -6.53000020980835
-5.09999990463257 -5.15999984741211 -5.23999977111816 -5.30999994277954 -5.40999984741211 -5.5 -5.53999996185303 -5.67999982833862 -5.80999994277954 -5.92000007629395 -5.92999982833862 -5.96000003814697 -6.01999998092651 -6.03999996185303 -6.05999994277954 -6.09000015258789 -6.09999990463257 -6.09999990463257 -6.1100001335144 -6.11999988555908 -6.1399998664856 -6.11999988555908 -6.1399998664856 -6.17999982833862 -6.19000005722046 -6.26000022888184 -6.34000015258789 -6.3899998664856 -6.42000007629395 -6.5 -6.48999977111816 -6.46999979019165 -6.42000007629395 -6.40999984741211 -6.34000015258789 -6.30000019073486 -6.25 -6.19999980926514 -6.19000005722046 -6.19999980926514 -6.21000003814697 -6.21999979019165 -6.26000022888184 -6.30999994277954 -6.36999988555908
-4.8600001335144 -4.98000001907349 -5.09999990463257 -5.19999980926514 -5.26999998092651 -5.34999990463257 -5.38000011444092 -5.44999980926514 -5.59000015258789 -5.71000003814697 -5.76999998092651 -5.82000017166138 -5.8600001335144 -5.8899998664856 -5.92000007629395 -5.96000003814697 -5.98999977111816 -5.98999977111816 -5.98999977111816 -5.98999977111816 -6.01000022888184 -6.03999996185303 -6.07000017166138 -6.11999988555908 -6.17000007629395 -6.19000005722046 -6.23999977111816 -6.28000020980835 -6.34000015258789 -6.3899998664856 -6.3899998664856 -6.3899998664856 -6.36999988555908 -6.36999988555908 -6.30999994277954 -6.26999998092651 -6.21000003814697 -6.19999980926514 -6.17999982833862 -6.15999984741211 -6.1399998664856 -6.15000009536743 -6.17000007629395 -6.19000005722046 -6.21999979019165
-4.80000019073486 -4.80999994277954 -4.90000009536743 -5.03999996185303 -5.11999988555908 -5.19000005722046 -5.25 -5.26999998092651 -5.34999990463257 -5.5 -5.59000015258789 -5.6399998664856 -5.69000005722046 -5.73000001907349 -5.78000020980835 -5.82999992370605 -5.8600001335144 -5.90000009536743 -5.90999984741211 -5.92000007629395 -5.94000005722046 -5.96999979019165 -6.01000022888184 -6.05000019073486 -6.09999990463257 -6.15000009536743 -6.1399998664856 -6.17000007629395 -6.23000001907349 -6.23999977111816 -6.26000022888184 -6.28000020980835 -6.28999996185303 -6.30999994277954 -6.26999998092651 -6.23000001907349 -6.19999980926514 -6.17999982833862 -6.17000007629395 -6.1399998664856 -6.09000015258789 -6.07000017166138 -6.07000017166138 -6.07999992370605 -6.13000011444092
-4.82999992370605 -4.94000005722046 -4.86999988555908 -4.84999990463257 -4.94000005722046 -5.01999998092651 -5.09999990463257 -5.19000005722046 -5.21999979019165 -5.23999977111816 -5.32999992370605 -5.44000005722046 -5.5 -5.53999996185303 -5.6100001335144 -5.65999984741211 -5.69999980926514 -5.73999977111816 -5.78000020980835 -5.80999994277954 -5.84999990463257 -5.8899998664856 -5.94000005722046 -5.98999977111816 -6.01000022888184 -6.07999992370605 -6.05999994277954 -6.05000019073486 -6.07999992370605 -6.07999992370605 -6.09999990463257 -6.1399998664856 -6.15000009536743 -6.19000005722046 -6.15999984741211 -6.13000011444092 -6.11999988555908 -6.13000011444092 -6.1100001335144 -6.09000015258789 -6.05000019073486 -6.01999998092651 -5.98000001907349 -5.96999979019165 -6
-4.65000009536743 -4.78999996185303 -4.90999984741211 -4.84999990463257 -4.78000020980835 -4.86999988555908 -4.96000003814697 -5.01999998092651 -5.09999990463257 -5.1399998664856 -5.15000009536743 -5.15000009536743 -5.21000003814697 -5.32999992370605 -5.42000007629395 -5.48000001907349 -5.53000020980835 -5.57000017166138 -5.6100001335144 -5.6399998664856 -5.67999982833862 -5.73999977111816 -5.80000019073486 -5.82999992370605 -5.84999990463257 -5.90999984741211 -5.90999984741211 -5.92999982833862 -5.90000009536743 -5.90000009536743 -5.92999982833862 -5.96000003814697 -5.96000003814697 -5.98000001907349 -5.98999977111816 -5.98000001907349 -5.98000001907349 -5.96999979019165 -5.90000009536743 -5.92999982833862 -5.96000003814697 -5.92000007629395 -5.8600001335144 -5.82999992370605 -5.80999994277954
-4.32000017166138 -4.46999979019165 -4.61999988555908 -4.71999979019165 -4.75 -4.78999996185303 -4.82000017166138 -4.8600001335144 -4.90999984741211 -4.94999980926514 -5 -5.01999998092651 -5.03000020980835 -5.05999994277954 -5.09999990463257 -5.17999982833862 -5.28000020980835 -5.34000015258789 -5.36999988555908 -5.3899998664856 -5.42999982833862 -5.5 -5.57000017166138 -5.59000015258789 -5.67000007629395 -5.71000003814697 -5.73000001907349 -5.71999979019165 -5.73000001907349 -5.73999977111816 -5.73999977111816 -5.76000022888184 -5.76999998092651 -5.78999996185303 -5.78000020980835 -5.76999998092651 -5.76000022888184 -5.75 -5.69999980926514 -5.73000001907349 -5.76999998092651 -5.76999998092651 -5.75 -5.75 -5.82999992370605
-4.05000019073486 -4.11999988555908 -4.32999992370605 -4.46999979019165 -4.59000015258789 -4.71000003814697 -4.78000020980835 -4.73999977111816 -4.71000003814697 -4.76000022888184 -4.82999992370605 -4.8600001335144 -4.86999988555908 -4.90999984741211 -4.94999980926514 -4.98999977111816 -5.03999996185303 -5.1399998664856 -5.23000001907349 -5.30000019073486 -5.32999992370605 -5.34999990463257 -5.36999988555908 -5.40000009536743 -5.42000007629395 -5.46999979019165 -5.53000020980835 -5.53000020980835 -5.57999992370605 -5.55999994277954 -5.57999992370605 -5.59999990463257 -5.59000015258789 -5.59000015258789 -5.57000017166138 -5.55999994277954 -5.55000019073486 -5.53999996185303 -5.51999998092651 -5.53999996185303 -5.59999990463257 -5.65999984741211 -5.65999984741211 -5.71000003814697 -6
-3.66000008583069 -3.76999998092651 -3.86999988555908 -4.05999994277954 -4.21999979019165 -4.42999982833862 -4.51000022888184 -4.51000022888184 -4.55999994277954 -4.6399998664856 -4.59000015258789 -4.59999990463257 -4.67000007629395 -4.73000001907349 -4.80999994277954 -4.8899998664856 -4.94999980926514 -5.01999998092651 -5.09000015258789 -5.15999984741211 -5.21999979019165 -5.26999998092651 -5.28999996185303 -5.30999994277954 -5.30999994277954 -5.32999992370605 -5.38000011444092 -5.30999994277954 -5.36999988555908 -5.3899998664856 -5.36999988555908 -5.3600001335144 -5.36999988555908 -5.3899998664856 -5.36999988555908 -5.3600001335144 -5.34999990463257 -5.34999990463257 -5.34000015258789 -5.34999990463257 -5.44999980926514 -5.48999977111816 -5.55000019073486 -5.67000007629395 -5.98000001907349
-3.39000010490417 -3.45000004768372 -3.48000001907349 -3.69000005722046 -3.94000005722046 -4.11999988555908 -4.21000003814697 -4.32000017166138 -4.57999992370605 -4.61999988555908 -4.51999998092651 -4.44999980926514 -4.53999996185303 -4.71999979019165 -4.80000019073486 -4.84999990463257 -4.84999990463257 -4.86999988555908 -4.90999984741211 -4.96000003814697 -5.01999998092651 -5.05999994277954 -5.09000015258789 -5.11999988555908 -5.1399998664856 -5.1399998664856 -5.1399998664856 -5.17000007629395 -5.07000017166138 -5.15999984741211 -5.19999980926514 -5.17999982833862 -5.17999982833862 -5.19000005722046 -5.17999982833862 -5.17000007629395 -5.15999984741211 -5.17000007629395 -5.15999984741211 -5.17000007629395 -5.26000022888184 -5.34000015258789 -5.40000009536743 -5.51000022888184 -5.69000005722046
-3.1800000667572 -3.16000008583069 -3.28999996185303 -3.5 -3.75 -3.86999988555908 -4.03999996185303 -4.21999979019165 -4.30000019073486 -4.26999998092651 -4.30000019073486 -4.42999982833862 -4.71000003814697 -4.92000007629395 -5 -5.07999992370605 -5.1399998664856 -5.1399998664856 -5.09999990463257 -5.05000019073486 -4.94999980926514 -4.90999984741211 -4.90999984741211 -4.92999982833862 -4.94000005722046 -4.90999984741211 -4.94000005722046 -4.96000003814697 -4.96999979019165 -4.90000009536743 -5.01000022888184 -5.01000022888184 -5.01999998092651 -5.01000022888184 -4.98000001907349 -4.98000001907349 -4.96999979019165 -5 -5 -5.03999996185303 -5.11999988555908 -5.21000003814697 -5.28000020980835 -5.36999988555908 -5.5
-2.90000009536743 -2.88000011444092 -3.01999998092651 -3.13000011444092 -3.34999990463257 -3.59999990463257 -3.75 -3.8199999332428 -3.89000010490417 -4.01999998092651 -4.21999979019165 -4.46999979019165 -4.63000011444092 -4.69999980926514 -4.76999998092651 -4.8600001335144 -4.92000007629395 -5.09999990463257 -5.15000009536743 -5.15000009536743 -5.19000005722046 -5.17999982833862 -4.96000003814697 -4.84000015258789 -4.78000020980835 -4.67999982833862 -4.75 -4.76000022888184 -4.78999996185303 -4.78000020980835 -4.73000001907349 -4.82000017166138 -4.80999994277954 -4.80000019073486 -4.78999996185303 -4.78000020980835 -4.78000020980835 -4.82000017166138 -4.84000015258789 -4.8600001335144 -4.94000005722046 -5.03999996185303 -5.13000011444092 -5.21999979019165 -5.30999994277954
-2.55999994277954 -2.57999992370605 -2.6800000667572 -2.89000010490417 -3.20000004768372 -3.39000010490417 -3.39000010490417 -3.40000009536743 -3.59999990463257 -3.84999990463257 -4.03999996185303 -4.26999998092651 -4.3899998664856 -4.40000009536743 -4.46999979019165 -4.51000022888184 -4.61999988555908 -4.71000003814697 -4.78000020980835 -4.84999990463257 -4.98999977111816 -5.01000022888184 -5.03000020980835 -5.01999998092651 -4.84000015258789 -4.69999980926514 -4.55000019073486 -4.61999988555908 -4.63000011444092 -4.63000011444092 -4.57000017166138 -4.53000020980835 -4.57999992370605 -4.57999992370605 -4.57000017166138 -4.57000017166138 -4.59000015258789 -4.6100001335144 -4.65000009536743 -4.67000007629395 -4.76000022888184 -4.86999988555908 -4.96999979019165 -5.05999994277954 -5.15000009536743
-2.21000003814697 -2.32999992370605 -2.52999997138977 -2.80999994277954 -3.01999998092651 -3.09999990463257 -2.99000000953674 -3.05999994277954 -3.28999996185303 -3.50999999046326 -3.71000003814697 -3.88000011444092 -4.09000015258789 -4.15999984741211 -4.15999984741211 -4.32999992370605 -4.30999994277954 -4.36999988555908 -4.44999980926514 -4.53000020980835 -4.73999977111816 -4.80999994277954 -4.8899998664856 -4.8899998664856 -4.92000007629395 -4.88000011444092 -4.71000003814697 -4.48999977111816 -4.46999979019165 -4.46999979019165 -4.42999982833862 -4.34000015258789 -4.32000017166138 -4.36999988555908 -4.36999988555908 -4.38000011444092 -4.40000009536743 -4.42000007629395 -4.42999982833862 -4.46999979019165 -4.55999994277954 -4.65999984741211 -4.76999998092651 -4.88000011444092 -4.98000001907349
-2.11999988555908 -2.30999994277954 -2.51999998092651 -2.73000001907349 -2.95000004768372 -2.83999991416931 -2.75999999046326 -2.75999999046326 -3.00999999046326 -3.25999999046326 -3.46000003814697 -3.53999996185303 -3.61999988555908 -3.75999999046326 -3.85999989509583 -3.96000003814697 -4.01000022888184 -4.07999992370605 -4.21000003814697 -4.30000019073486 -4.59000015258789 -4.71000003814697 -4.76000022888184 -4.73999977111816 -4.71999979019165 -4.78000020980835 -4.82999992370605 -4.73999977111816 -4.48999977111816 -4.32000017166138 -4.21000003814697 -4.19000005722046 -4.07999992370605 -4.23000001907349 -4.21000003814697 -4.21999979019165 -4.23000001907349 -4.23999977111816 -4.26000022888184 -4.28999996185303 -4.34999990463257 -4.44000005722046 -4.57000017166138 -4.69999980926514 -4.84000015258789
-2.05999994277954 -2.22000002861023 -2.46000003814697 -2.60999989509583 -2.58999991416931 -2.61999988555908 -2.52999997138977 -2.41000008583069 -2.57999992370605 -2.91000008583069 -3.07999992370605 -3.30999994277954 -3.36999988555908 -3.3199999332428 -3.4300000667572 -3.4300000667572 -3.5 -3.65000009536743 -3.85999989509583 -4.23000001907349 -4.34999990463257 -4.42999982833862 -4.53000020980835 -4.51000022888184 -4.51999998092651 -4.53999996185303 -4.67000007629395 -4.65999984741211 -4.59999990463257 -4.44000005722046 -4.28999996185303 -4.1399998664856 -4.05000019073486 -4.09999990463257 -4.1399998664856 -4.11999988555908 -4.1100001335144 -4.09999990463257 -4.07999992370605 -4.07000017166138 -4.1100001335144 -4.21000003814697 -4.3600001335144 -4.53999996185303 -4.69000005722046
-1.98000001907349 -2.14000010490417 -2.26999998092651 -2.32999992370605 -2.35999989509583 -2.41000008583069 -2.34999990463257 -2.16000008583069 -2.28999996185303 -2.64000010490417 -2.73000001907349 -2.95000004768372 -3.08999991416931 -2.96000003814697 -2.94000005722046 -3.20000004768372 -3.42000007629395 -3.45000004768372 -3.51999998092651 -3.97000002861023 -4.09999990463257 -4.19999980926514 -4.21999979019165 -4.25 -4.28000020980835 -4.30999994277954 -4.34999990463257 -4.36999988555908 -4.40999984741211 -4.5 -4.3899998664856 -4.25 -4.11999988555908 -4.01000022888184 -4.09000015258789 -4.07999992370605 -4.01999998092651 -3.99000000953674 -3.90000009536743 -3.85999989509583 -3.82999992370605 -3.94000005722046 -4.15000009536743 -4.38000011444092 -4.53000020980835
-1.61000001430511 -1.8400000333786 -1.79999995231628 -1.94000005722046 -1.92999994754791 -2.01999998092651 -2.01999998092651 -1.83000004291534 -2.00999999046326 -2.28999996185303 -2.55999994277954 -2.61999988555908 -2.65000009536743 -2.49000000953674 -2.44000005722046 -2.65000009536743 -2.88000011444092 -2.97000002861023 -3.3199999332428 -3.6800000667572 -3.79999995231628 -3.85999989509583 -3.95000004768372 -4.13000011444092 -4.07000017166138 -3.96000003814697 -4.03999996185303 -4.11999988555908 -4.21999979019165 -4.30000019073486 -4.44000005722046 -4.40999984741211 -4.26999998092651 -4.15000009536743 -4.07000017166138 -4.03000020980835 -3.96000003814697 -3.94000005722046 -3.86999988555908 -3.8199999332428 -3.8199999332428 -3.9300000667572 -4.05000019073486 -4.23999977111816 -4.38000011444092
-1.03999996185303 -1.16999995708466 -1.41999995708466 -1.5900000333786 -1.57000005245209 -1.54999995231628 -1.45000004768372 -1.44000005722046 -1.70000004768372 -2.14000010490417 -2.26999998092651 -2.08999991416931 -1.95000004768372 -1.96000003814697 -2.09999990463257 -2.22000002861023 -2.40000009536743 -2.46000003814697 -2.72000002861023 -3.17000007629395 -3.40000009536743 -3.53999996185303 -3.6800000667572 -3.77999997138977 -3.80999994277954 -3.72000002861023 -3.79999995231628 -3.91000008583069 -4.01000022888184 -4.07999992370605 -4.17999982833862 -4.34000015258789 -4.3600001335144 -4.32999992370605 -4.21999979019165 -4.13000011444092 -4.03000020980835 -3.91000008583069 -3.91000008583069 -3.90000009536743 -3.91000008583069 -3.95000004768372 -4.07999992370605 -4.25 -4.34000015258789
-0.709999978542328 -0.819999992847443 -1.11000001430511 -1.14999997615814 -0.959999978542328 -0.980000019073486 -1.24000000953674 -1.46000003814697 -1.30999994277954 -1.50999999046326 -1.52999997138977 -1.61000001430511 -1.82000005245209 -1.83000004291534 -2.21000003814697 -2.38000011444092 -2.53999996185303 -2.48000001907349 -2.4300000667572 -2.45000004768372 -2.70000004768372 -3.23000001907349 -3.23000001907349 -3.26999998092651 -3.3199999332428 -3.42000007629395 -3.59999990463257 -3.71000003814697 -3.80999994277954 -3.92000007629395 -4.01999998092651 -4.13000011444092 -4.23000001907349 -4.3899998664856 -4.40000009536743 -4.34999990463257 -4.15000009536743 -4.05000019073486 -3.97000002861023 -3.88000011444092 -3.90000009536743 -3.98000001907349 -4.07999992370605 -4.21000003814697 -4.32000017166138
