SnowAccumulation_R/test/weighted_temp_raster/final_tmean_04_04_2009.asc
ncols         97
nrows         69
xllcorner     52512.810182332
yllcorner     5316225.2758522
cellsize      10000
NODATA_value  -9999
[rows 0 to 30 of 69, columns 0 to 70 of 97]
-9999 -9999 -9999 -9999 -9999 -9999 -9999 -9999 -9999 -9999 -9999 -9999 -9999 -9999 -9999 -9999 -9999 -9999 -9999 -9999 -9999 -9999 -9999 -9999 -9999 -9999 -9999 -9999 -9999 -9999 -9999 -9999 -9999 -9999 -9999 -9999 -9999 -9999 -9999 -9999 -9999 -9999 -9999 -9999 -9999 -9999 -9999 -9999 -9999 -9999 -9999 -9999 -9999 -9999 -9999 -9999 -9999 -9999 -9999 -9999 -9999 -9999 -9999 -9999 -9999 -9999 -9999 -9999 -9999 -9999 -9999
-9999 -9999 -9999 -9999 -9999 -0.1750002 -1.54 -1.965 -2.515 -1.885 -2.2 -1.99 -1.53 -0.6400001 -1.36 -1.505 -1.08 -0.96 -9999 -9999 -9999 -9999 -9999 -9999 -9999 -9999 -9999 -9999 -9999 -9999 -9999 -9999 -9999 -9999 -9999 -9999 -9999 -9999 -9999 -9999 -9999 -9999 -9999 -9999 -9999 -9999 -9999 -9999 -9999 -9999 -9999 -9999 -9999 -9999 -9999 -9999 -9999 -9999 -9999 -9999 -9999 -9999 -9999 -9999 -9999 -9999 -9999 -9999 -9999 -9999 -9999
-9999 -9999 -9999 -9999 -9999 -2.19 -2.5 -2.395 -2.22 -1.54 -1.58 -0.78 -0.4949999 -0.78 -1.485 -1.175 -1.105 -1.125 -0.99 -0.9200001 -0.9550002 -0.885 -1.22 -1.805 -2.205 -3.015 -2.945 -2.665 -2.505 -2.54 -2.62 -2.81 -3.06 -3.345 -3.825 -4.37 -4.65 -4.35 -3.945 -3.53 -3.325 -3.345 -3.44 -3.695 -3.745 -3.805 -3.855 -3.86 -3.71 -3.475 -3.485 -3.42 -3.31 -3.305 -3.36 -3.285 -3.38 -3.49 -3.695 -3.83 -4.1 -4.095 -3.89 -3.665 -3.445 -3.36 -3.255 -3.075 -2.945 -2.85 -2.71
-9999 -9999 -9999 -9999 -9999 -1.385 -1.21 -1.61 -1.66 -0.9399998 -0.9199998 -1.115 -0.71 -1.27 -1.525 -1.555 -1.61 -1.645 -1.25 -1.3 -1.15 -0.855 -1.17 -1.73 -2.445 -2.72 -2.83 -2.69 -2.67 -2.48 -2.51 -2.545 -2.76 -3.185 -3.805 -4.435 -4.655 -4.36 -3.94 -3.455 -3.175 -3.18 -3.325 -3.56 -3.69 -3.68 -3.61 -3.705 -3.695 -3.515 -3.575 -3.49 -3.37 -3.325 -3.29 -3.42 -3.315 -3.405 -3.585 -3.745 -4.01 -4.1 -3.7 -3.43 -3.205 -3.15 -3.035 -2.965 -2.765 -2.625 -2.6
-9999 -9999 -9999 -9999 -9999 -0.7349999 -0.8900001 -1.08 -1.165 -1.11 -0.7550001 -0.75 -0.865 -1.03 -1.13 -1.39 -1.825 -1.98 -1.465 -1.34 -1.2 -0.8900001 -1.19 -1.49 -1.905 -2.05 -2.34 -2.455 -2.535 -2.45 -2.29 -2.3 -2.42 -2.87 -3.575 -4.115 -4.27 -4.1 -3.765 -3.16 -2.76 -2.815 -2.94 -3.295 -3.585 -3.715 -3.71 -3.545 -3.52 -3.6 -3.54 -3.535 -3.425 -3.325 -3.14 -3.27 -3.335 -3.375 -3.455 -3.575 -3.685 -3.67 -3.45 -3.2 -3.07 -2.84 -2.75 -2.455 -2.475 -2.345 -2.41
-9999 -9999 -9999 -9999 -9999 -0.2550001 -0.4849999 -0.7799997 -1.235 -0.79 -1.025 -1.005 -1.04 -1.13 -1.295 -1.375 -1.71 -1.915 -1.635 -1.205 -1.105 -1 -0.9450002 -0.8800001 -1.35 -1.51 -1.625 -1.99 -2.39 -2.145 -2.09 -2.03 -1.89 -2.555 -3.28 -3.82 -4.01 -3.93 -3.515 -2.835 -2.385 -2.395 -2.47 -2.905 -3.345 -3.465 -3.54 -3.49 -3.38 -3.34 -3.36 -3.32 -3.215 -3.245 -3.065 -3.045 -3.05 -3.06 -3.13 -3.23 -3.3 -3.275 -3.365 -3.06 -2.83 -2.525 -2.12 -2.12 -2.25 -2.235 -2.225
-9999 -9999 -9999 -9999 -9999 -0.2750001 -0.4349999 -0.5350003 -1 -1.11 -1.215 -1.22 -1.245 -1.31 -1.48 -1.755 -1.925 -2.25 -1.585 -1.305 -0.8799999 -0.7849998 -0.675 -0.5249999 -0.4450002 -0.97 -0.99 -1.25 -1.705 -1.555 -1.89 -1.895 -1.93 -2.5 -3.1 -3.56 -3.88 -3.9 -3.44 -2.61 -1.945 -1.83 -1.825 -2.11 -2.735 -3.09 -3.325 -3.36 -3.23 -3.28 -3.205 -2.99 -2.805 -2.765 -2.815 -2.645 -2.695 -2.8 -2.825 -2.95 -2.935 -3.09 -3.165 -3.015 -2.685 -2.07 -1.795 -1.71 -2.02 -2.215 -2.105
-9999 -9999 -9999 -9999 -9999 -0.05999994 -0.1150002 -0.3999996 -0.9549999 -1.33 -1.175 -1.28 -1.5 -1.635 -1.56 -1.645 -1.645 -1.8 -1.595 -1.19 -0.97 -0.8299999 -0.54 -0.5250001 -0.3999999 -0.2149999 -0.165 -0.5650001 -0.73 -1.5 -1.82 -2.09 -2.21 -2.68 -3.09 -3.465 -3.915 -4.13 -3.54 -2.65 -1.95 -1.565 -1.395 -1.4 -2.28 -2.73 -3.03 -3.08 -3.125 -3.26 -3.065 -2.885 -2.66 -2.575 -2.38 -2.255 -2.255 -2.405 -2.45 -2.7 -2.705 -2.845 -2.51 -2.49 -2.42 -2.135 -1.51 -1.37 -1.54 -2.095 -2.05
-9999 -9999 -9999 -9999 -9999 0.04999971 -0.25 -0.165 -0.7950001 -1.01 -1.03 -1.18 -1.22 -1.345 -1.45 -1.395 -1.44 -1.355 -1.395 -1.035 -0.885 -0.7249999 -0.53 -0.655 -0.48 -0.26 -0.1299999 -0.3599999 -0.855 -1.46 -1.885 -2.24 -2.455 -2.78 -3.17 -3.535 -3.86 -3.94 -3.52 -2.73 -2.085 -1.68 -1.47 -1.505 -2.03 -2.515 -2.76 -2.82 -3.035 -3.03 -2.94 -2.64 -2.5 -2.47 -2.085 -2.055 -1.825 -2.045 -2.09 -2.295 -2.15 -2.32 -2.395 -2.37 -2.295 -1.99 -1.51 -1.055 -1.305 -1.93 -2.12
-9999 -9999 -9999 -9999 -9999 -0.09500027 -0.25 -0.3449998 -0.625 -0.9949999 -1.055 -1.1 -1.06 -1.015 -1.17 -1.25 -1.005 -1.065 -1.14 -1.135 -1.01 -1.02 -1.015 -0.8800001 -0.7350001 -0.77 -0.6699998 -0.6750002 -0.905 -1.43 -1.975 -2.38 -2.585 -2.895 -3.275 -3.53 -3.645 -3.615 -3.335 -2.8 -2.19 -1.73 -1.61 -1.515 -1.87 -2.3 -2.58 -2.705 -2.875 -2.97 -2.76 -2.485 -2.355 -2.16 -1.88 -1.625 -1.565 -1.695 -1.515 -1.695 -1.865 -2.195 -2.305 -2.29 -2.1 -2.09 -2.005 -1.71 -1.495 -1.99 -2.23
-9999 -9999 -9999 -9999 -9999 -1.115 -0.2800002 -0.5449998 -0.7249999 -0.9849999 -1.13 -1.08 -0.7700002 -0.8699999 -0.925 -1.03 -0.74 -0.9800003 -0.9850001 -1.32 -1.44 -1.28 -1.215 -1.24 -1.24 -1.33 -0.845 -0.76 -1.01 -1.4 -1.945 -2.52 -2.8 -3.065 -3.3 -3.435 -3.4 -3.325 -3.135 -2.88 -2.255 -1.78 -1.675 -1.63 -1.905 -2.225 -2.435 -2.625 -2.665 -2.705 -2.55 -2.235 -2.065 -1.895 -1.67 -1.23 -1.1 -1.13 -1.26 -1.46 -1.655 -1.74 -2.005 -2.22 -2.095 -2.24 -2.33 -2.255 -2.32 -2.265 -2.38
-9999 -9999 -9999 -9999 -9999 -1.755 -1.165 -0.8049998 -1.09 -1.215 -1.335 -1.4 -1 -0.7849998 -0.79 -0.7800002 -0.7100003 -0.8800001 -0.96 -1.515 -1.645 -1.745 -1.91 -1.805 -1.495 -1.19 -0.76 -0.72 -0.8700001 -1.27 -1.855 -2.455 -2.955 -3.09 -3.25 -3.155 -2.93 -2.74 -2.83 -2.635 -2.13 -1.775 -1.74 -1.69 -1.98 -2.18 -2.265 -2.4 -2.525 -2.47 -2.175 -1.645 -1.61 -1.31 -1.21 -0.98 -0.97 -1.02 -1.08 -1.36 -1.545 -1.615 -1.705 -2.085 -2.085 -2.255 -2.425 -2.525 -2.79 -2.735 -2.785
-9999 -9999 -9999 -9999 -2.45 -1.91 -1.28 -0.9199998 -1.35 -1.27 -1.005 -1.005 -0.885 -0.6700001 -0.8599999 -1.275 -0.74 -0.9950001 -1.71 -1.88 -2.255 -2.3 -2.365 -2.24 -1.755 -1.15 -0.3800001 -0.4950001 -0.635 -1.03 -1.72 -2.41 -2.925 -3.065 -3.11 -3.045 -2.705 -2.26 -1.97 -1.595 -1.315 -1.22 -1.27 -1.425 -1.665 -1.905 -1.945 -1.9 -1.985 -1.795 -1.6 -1.365 -1.37 -1.055 -0.885 -0.9000001 -0.9100001 -0.9749999 -1.15 -1.265 -1.465 -1.53 -1.705 -1.945 -2.055 -2.145 -2.205 -2.515 -2.81 -3.07 -3.215
-9999 -9999 -9999 -9999 -2.59 -2.035 -1.43 -1.05 -0.6499999 -0.6400001 -0.8200002 -0.7399998 -0.635 -0.8649998 -1.05 -1.11 -1.42 -1.54 -2.135 -2.315 -2.66 -2.855 -1.94 -1.91 -2.03 -1.39 -0.26 -0.4200001 -0.575 -1 -1.565 -2.115 -2.53 -2.805 -2.985 -2.915 -2.475 -1.855 -1.445 -0.905 -0.73 -0.7249999 -0.9300001 -1.3 -1.71 -1.775 -1.97 -2.09 -1.87 -1.72 -1.45 -1.205 -1.08 -1.215 -1.125 -0.75 -0.875 -0.9350002 -1.1 -1.26 -1.42 -1.505 -1.76 -1.925 -1.995 -2.1 -2.17 -2.485 -2.8 -3.075 -3.11
-9999 -9999 -9999 -9999 -3.335 -1.54 -2.165 -2.205 -1.18 -0.3699999 -0.575 -0.635 -0.7950001 -1.07 -1.325 -1.66 -2.03 -2.795 -2.775 -2.835 -2.505 -2.035 -2.03 -2.015 -2.35 -1.555 -0.8599999 -0.8299999 -0.8499999 -1.06 -1.565 -2.03 -2.345 -2.545 -2.925 -2.875 -2.25 -1.445 -0.95 -0.01999998 0.08999991 -0.1299999 -0.3999999 -0.9849999 -1.395 -1.76 -1.77 -1.895 -2.145 -1.66 -1.245 -1.02 -1.06 -1.14 -1.19 -0.9400001 -1.095 -1.085 -1.015 -1.185 -1.455 -1.65 -1.8 -2.1 -2.185 -2.15 -2.285 -2.565 -2.84 -3.045 -3.07
-9999 -9999 -9999 -9999 -5.59 -1.98 -2.695 -2.205 -1.525 -0.9100001 -0.71 -0.9450002 -0.9500003 -1.34 -1.65 -2.09 -2.375 -3.005 -3.65 -3.79 -4.07 -3.33 -3.14 -2.12 -2.12 -1.97 -1.38 -1.01 -0.9749999 -1.06 -1.61 -2.02 -2.525 -2.59 -2.865 -2.85 -1.995 -1.04 -0.4699998 0.77 1.12 0.4200001 -0.08500004 -0.7 -1.27 -1.495 -1.67 -1.775 -2.055 -1.715 -1.32 -1.07 -1.035 -0.895 -1.065 -1.13 -1.095 -1.055 -1.135 -1.395 -1.66 -1.66 -1.79 -2.265 -2.23 -2.24 -2.295 -2.455 -2.725 -2.93 -2.8
-9999 -9999 -9999 -9999 -4.885 -6.855 -4.375 -3.34 -1.95 -1.81 -1.505 -1.61 -1.565 -1.62 -1.725 -2.25 -2.45 -3.165 -3.985 -4.235 -4.35 -4.055 -2.97 -2.075 -2.815 -2.365 -1.55 -1.26 -1.35 -1.155 -1.445 -1.845 -2.275 -2.62 -2.605 -2.44 -1.725 -0.6899998 -0.155 0.7149999 0.875 0.5550001 0.03500009 -0.3299999 -0.97 -1.185 -1.405 -1.605 -1.625 -1.45 -1.225 -1.065 -0.9000001 -0.74 -0.9300001 -1.11 -1.15 -1.19 -1.26 -1.455 -1.595 -1.795 -1.88 -1.975 -2.225 -2.235 -2.21 -2.355 -2.6 -2.635 -2.815
-9999 -9999 -9999 -9999 -6.055 -5.815 -6.53 -4.46 -2.12 -2.125 -2.45 -2.14 -2.125 -1.68 -1.845 -2.285 -2.695 -3.605 -4.5 -4.73 -4.56 -4.325 -2.99 -2.625 -2.105 -1.69 -1.445 -1.205 -1.225 -1.295 -1.9 -2.085 -1.895 -1.81 -2.225 -1.89 -1.325 -0.375 0 0.635 0.77 0.3799999 0.1399999 -0.3900001 -0.7949998 -1.055 -1.1 -1.3 -1.33 -1.2 -1.02 -0.895 -0.8800001 -0.7450001 -0.7299998 -0.8549998 -1.02 -1.24 -1.345 -1.495 -1.62 -1.905 -2.04 -2.16 -2.005 -2.04 -2.25 -2.275 -2.385 -2.505 -2.805
-9999 -9999 -9999 -9999 -6.22 -7.125 -6.965 -3.355 -3.35 -1.38 -2.475 -1.85 -1.84 -1.825 -2.385 -2.21 -3.225 -3.995 -5.05 -4.695 -4.5 -4.29 -3.33 -2.875 -2.515 -1.755 -1.205 -1.375 -1.455 -1.385 -1.665 -1.985 -1.68 -1.64 -1.705 -1.48 -0.615 0.1399999 0.3299999 0.6000001 0.3050001 0.03499985 0.06999993 -0.4950001 -0.645 -0.8 -0.8400002 -0.9449999 -1.12 -1.04 -1.02 -0.9099998 -0.7349999 -0.7450001 -0.79 -0.6599998 -0.855 -1.165 -1.425 -1.52 -1.64 -1.945 -2.18 -2.365 -2.365 -1.925 -2.045 -2.075 -2.185 -2.385 -2.6
-9999 -9999 -9999 -9999 -7.085 -7.74 -7.02 -5.945 -0.6100001 -1.025 -2.19 -2.495 -2.86 -2.405 -2.06 -2.515 -3.245 -5.21 -5.115 -4.79 -4.88 -4.435 -3.435 -2.83 -2.36 -1.825 -1.42 -1.185 -1.39 -1.49 -1.225 -1.555 -1.24 -1.205 -1.23 -1 -0.09500003 0.5700002 0.6300001 0.5149999 -0.01499987 -0.2849998 -0.2349999 -0.5100002 -0.625 -0.5650001 -0.7149999 -0.7749999 -0.8199999 -0.895 -0.73 -0.7100003 -0.53 -0.7550001 -0.7550001 -0.73 -0.8699999 -1.015 -1.25 -1.455 -1.58 -1.985 -2.125 -2.38 -2.245 -2.385 -2.325 -2.155 -2.105 -2.225 -2.4
-9999 -9999 -9999 -9999 -7.535 -6.245 -6.08 -0.7400002 -4.4 -4.62 -3.41 -3.495 -3.22 -2.44 -2.97 -3.245 -3.525 -4.695 -4.895 -5.045 -5.06 -4.295 -3.715 -2.825 -2.29 -1.58 -1.33 -1.38 -1.31 -1.23 -1.185 -1.19 -1.145 -0.8249998 -0.7750001 -0.7350001 -0.26 0.1949999 0.3549998 0.4749999 0.0150001 -0.4400001 -0.6399999 -0.5600002 -0.6200001 -0.45 -0.53 -0.5649998 -0.605 -0.6600001 -0.51 -0.45 -0.3800001 -0.6449997 -0.7050002 -0.7849998 -0.9400003 -0.925 -1.15 -1.245 -1.455 -1.755 -1.925 -2.02 -2.125 -2.285 -2.325 -2.115 -2.135 -2.22 -2.35
-9999 -9999 -9999 -9999 -5.105 -5.515 -4.695 -3.455 -6.18 -5.6 -5.555 -4.005 -3.55 -4.04 -3.83 -3.67 -3.9 -4.565 -4.77 -4.87 -4.64 -4.37 -3.4 -2.665 -2.225 -1.45 -1.47 -1.345 -1.175 -1.205 -1.145 -1.165 -0.845 -1.01 -0.76 -0.4099998 -0.3300002 -0.26 -0.1700001 -0.03499985 -0.22 -0.7349999 -0.8299999 -0.71 -0.3600001 -0.6299999 -0.5 -0.54 -0.5550001 -0.52 -0.5250001 -0.4850001 -0.405 -0.7650001 -0.855 -0.8849998 -0.9500003 -0.7550001 -1.185 -1.27 -1.49 -1.645 -1.845 -1.895 -2.07 -2.245 -2.305 -2.2 -2.17 -2.195 -2.31
-9999 -9999 -9999 -9999 -3.68 -6.67 -4.875 -3.475 -5.8 -6.86 -5.225 -5.51 -4.275 -4.72 -4.65 -3.96 -4.245 -4.72 -4.76 -4.765 -4.87 -4.405 -3.39 -2.685 -2.505 -2.105 -1.73 -1.14 -1.145 -1.4 -1.04 -0.8800001 -0.635 -0.625 -0.6200001 -0.4399998 -0.47 -0.5650001 -0.365 -0.7349999 -0.7049999 -0.8299999 -0.835 -0.8600001 -0.8199999 -0.8299999 -0.6099999 -0.55 -0.4849999 -0.615 -0.4949999 -0.3699999 -0.6649997 -0.7850001 -0.8899999 -0.8749998 -0.9499998 -1.005 -1.305 -1.33 -1.525 -1.705 -1.805 -1.88 -2.05 -2.32 -2.335 -2.215 -2.185 -2.215 -2.335
-9999 -9999 -9999 -9999 -4.98 -2.755 -4.905 -5.745 -7.02 -6.81 -6.095 -6.82 -4.845 -4.3 -4.15 -3.99 -4.485 -4.59 -4.74 -4.59 -4.66 -3.755 -3.53 -3.29 -2.72 -1.905 -1.52 -1.15 -1.105 -1.08 -0.9549999 -0.605 -0.4300001 -0.6800001 -0.585 -0.4649999 -0.6100001 -0.4949999 -0.375 -0.385 -0.9649999 -1.15 -1.01 -1.05 -1.05 -0.8500001 -0.9099998 -0.74 -0.4649999 -0.48 -0.5 -0.575 -0.5449998 -0.7350001 -0.9850001 -1.015 -1.115 -1.175 -1.39 -1.395 -1.625 -1.82 -1.995 -2.065 -2.14 -2.29 -2.315 -2.29 -2.23 -2.3 -2.34
-9999 -9999 -9999 -6.72 -6.1 -5.375 -7.59 -6.045 -7.36 -7.815 -6.745 -6.06 -5.455 -3.855 -4.105 -4.175 -4.425 -4.52 -4.66 -4.75 -4.635 -3.75 -3.785 -3.07 -2.375 -1.905 -1.645 -1.3 -1.21 -1.11 -0.7549999 -0.395 0.1200001 -0.385 -0.4250002 -0.4400001 -0.4850001 -0.3200002 -0.3999999 -0.5999999 -0.865 -1.175 -1.115 -1.15 -1.145 -0.97 -0.895 -0.9400001 -0.75 -0.8900001 -0.8600001 -0.9000001 -1.135 -1.075 -1.175 -1.14 -1.15 -1.275 -1.42 -1.54 -1.65 -1.945 -2.155 -2.215 -2.37 -2.37 -2.405 -2.28 -2.295 -2.37 -2.385
-9999 -9999 -9999 -6.995 -5.91 -5.34 -6.31 -6.635 -9.004999 -6.65 -7.56 -3.295 -3.35 -3.42 -4.12 -4.355 -4.525 -4.76 -4.965 -4.835 -4.445 -3.965 -3.745 -3.215 -2.64 -2.1 -1.805 -1.485 -1.365 -0.9649999 -0.7249999 -0.3900001 -0.2900002 -0.4399998 -0.4349999 -0.3800001 -0.51 -0.4650002 -0.5599999 -0.4649999 -0.47 -0.47 -0.75 -0.8499999 -0.875 -0.9200001 -0.9749999 -0.9200001 -0.5899999 -0.8150001 -0.9350002 -0.9649999 -1.13 -1.165 -1.255 -1.255 -1.315 -1.415 -1.395 -1.545 -1.63 -1.9 -2.055 -2.395 -2.495 -2.575 -2.425 -2.5 -2.395 -2.43 -2.455
-9999 -9999 -9999 -6.955 -7.705 -2.87 -6.9 -7.67 -7.34 -8.285 -7.67 -6.99 -2.975 -3.59 -3.35 -3.425 -3.785 -4.62 -5.005 -5.065 -4.5 -3.735 -3.545 -3.42 -2.84 -2.355 -1.805 -1.59 -1.175 -0.5999999 -0.4399998 -0.1799998 -0.145 -0.2250001 -0.23 -0.49 -0.5349998 -0.4849999 -0.425 -0.23 -0.00999999 -0.2050002 -0.5450001 -0.7350001 -0.7149999 -0.71 -0.9149997 -1.12 -0.8300002 -0.7049999 -1 -0.9899998 -1.115 -1.25 -1.245 -1.32 -1.4 -1.475 -1.49 -1.575 -1.575 -1.665 -1.82 -2.26 -2.525 -2.495 -2.465 -2.46 -2.5 -2.49 -2.49
-9999 -9999 -9999 -2.61 -3.715 -3.1 -8.505 -5.485 -7.215 -6.85 -6.535 -7.03 -7.015 -3.185 -3.235 -3.315 -3.33 -3.54 -3.92 -4.26 -3.9 -3.535 -3.335 -3.04 -2.84 -2.515 -2.53 -1.505 -0.9849999 -0.3600001 -0.425 -0.125 -0.165 -0.1799998 -0.2149999 -0.5350001 -0.6049998 -0.395 -0.3349998 -0.2550001 -0.1949999 -0.4699998 -0.3 -0.4400001 -0.6100001 -0.6600001 -0.79 -0.9250002 -0.8 -0.7599998 -0.845 -1.035 -1.09 -1.24 -1.345 -1.345 -1.485 -1.56 -1.575 -1.685 -1.705 -1.895 -1.86 -2.17 -2.415 -2.465 -2.5 -2.545 -2.6 -2.56 -2.575
-9999 -9999 -9999 0.06999993 -5.19 -6.235 -5.86 -7.195 -6.2 -7.205 -6.54 -7.105 -6.605 -6.625 -3.055 -3.455 -3.155 -3.305 -3.59 -3.6 -3.49 -3.37 -3.255 -2.92 -2.34 -2.465 -2.295 -1.35 -0.7650001 -0.2149999 -0.2749999 0.01499987 -0.02999997 -0.06999993 -0.1400001 -0.28 -0.325 -0.3950002 -0.3299999 -0.2949998 -0.29 -0.325 -0.4200001 -0.175 -0.3700001 -0.48 -0.5700002 -0.6099999 -0.6450002 -0.9450002 -1.11 -0.8 -1.225 -1.315 -1.365 -1.375 -1.535 -1.625 -1.64 -1.655 -1.875 -2.115 -2.095 -1.95 -2.265 -2.405 -2.59 -2.655 -2.69 -2.705 -2.83
-9999 -9999 -9999 -0.0999999 -4.165 -3.205 -4.165 -4.895 -3.16 -6.365 -8.045 -7.46 -7.99 -7.345 -3.23 -3.32 -3.415 -3.045 -3.25 -3.275 -3.2 -3.19 -2.9 -2.605 -2.27 -2.175 -1.98 -1.285 -0.8499999 -0.5 -0.2750001 0.1099999 0.2750001 0.2249999 0.1000001 -0.0150001 -0.04500008 -0.00999999 0.03999996 -0.0250001 -0.3 -0.3049998 -0.3150001 -0.335 -0.23 -0.2150002 -0.3749998 -0.4999998 -0.55 -0.8100002 -1.095 -0.7849998 -1.155 -1.355 -1.48 -1.52 -1.555 -1.68 -1.725 -1.69 -1.895 -2.03 -2.09 -2.015 -2.22 -2.36 -2.66 -2.665 -2.675 -2.66 -2.94
-9999 -9999 -9999 2.355 -1.23 -2.3 -4.105 -6.2 -6.06 -4.48 -7.635 -6.62 -5.465 -7.925 -3.065 -3.18 -3.21 -3.31 -2.935 -2.98 -3.08 -3 -2.715 -2.62 -2.385 -2.08 -1.49 -1.175 -1.065 -0.5 -0.23 0.1800001 0.6600001 0.6299999 0.3000002 0.23 0.165 0.175 0.125 0.1499999 -0.2 -0.2350001 -0.2450001 -0.21 -0.2750001 -0.6500001 -0.4650002 -0.5900002 -0.6200001 -0.665 -0.7849998 -0.8549998 -1.12 -1.44 -1.615 -1.57 -1.525 -1.67 -1.79 -1.855 -1.84 -1.945 -1.935 -2.14 -2.25 -2.275 -2.475 -2.325 -2.39 -2.61 -2.915
