SnowAccumulation_R/test/weighted_temp_raster/final_tmean_02_04_2009.asc
ncols         97
nrows         69
xllcorner     52512.810182332
yllcorner     5316225.2758522
cellsize      10000
NODATA_value  -9999
[rows 0 to 30 of 69, columns 0 to 68 of 97]
-9999 -9999 -9999 -9999 -9999 -9999 -9999 -9999 -9999 -9999 -9999 -9999 -9999 -9999 -9999 -9999 -9999 -9999 -9999 -9999 -9999 -9999 -9999 -9999 -9999 -9999 -9999 -9999 -9999 -9999 -9999 -9999 -9999 -9999 -9999 -9999 -9999 -9999 -9999 -9999 -9999 -9999 -9999 -9999 -9999 -9999 -9999 -9999 -9999 -9999 -9999 -9999 -9999 -9999 -9999 -9999 -9999 -9999 -9999 -9999 -9999 -9999 -9999 -9999 -9999 -9999 -9999 -9999 -9999
-9999 -9999 -9999 -9999 -9999 -1.69 -2.81 -3.155 -3.59 -2.58 -2.88 -2.615 -2.125 -1.35 -2.135 -2.38 -2.18 -2.29 -9999 -9999 -9999 -9999 -9999 -9999 -9999 -9999 -9999 -9999 -9999 -9999 -9999 -9999 -9999 -9999 -9999 -9999 -9999 -9999 -9999 -9999 -9999 -9999 -9999 -9999 -9999 -9999 -9999 -9999 -9999 -9999 -9999 -9999 -9999 -9999 -9999 -9999 -9999 -9999 -9999 -9999 -9999 -9999 -9999 -9999 -9999 -9999 -9999 -9999 -9999
-9999 -9999 -9999 -9999 -9999 -4 -4.03 -3.59 -3.205 -2.155 -2.115 -1.285 -1.09 -1.395 -2.13 -1.93 -2.005 -2.225 -2.355 -2.595 -2.78 -2.65 -2.535 -2.45 -2.485 -2.63 -2.425 -1.85 -1.4 -1.275 -1.245 -1.13 -1.03 -1.04 -1.15 -1.21 -1.225 -0.78 -0.275 0.22 0.5350001 0.755 0.8449999 0.865 0.935 0.8749999 0.725 0.515 0.455 0.2850001 -0.08499992 -0.34 -0.5149999 -0.7199998 -0.8499999 -0.9300001 -1.11 -1.27 -1.505 -1.665 -1.99 -2.105 -2.1 -2.105 -2.11 -2.125 -2.165 -2.095 -2.02
-9999 -9999 -9999 -9999 -9999 -3.13 -2.56 -2.605 -2.515 -1.48 -1.4 -1.61 -1.245 -1.805 -2.055 -2.1 -2.21 -2.395 -2.345 -2.495 -2.555 -2.58 -2.45 -2.375 -2.38 -2.35 -2.325 -2.13 -1.96 -1.65 -1.565 -1.3 -1.17 -1.28 -1.55 -1.715 -1.7 -1.285 -0.745 -0.105 0.395 0.705 0.75 0.9000001 1.015 1.01 0.905 0.58 0.4200001 0.1849999 -0.25 -0.53 -0.7349999 -0.8249999 -1.015 -1.285 -1.31 -1.48 -1.725 -1.915 -2.275 -2.505 -2.305 -2.265 -2.26 -2.29 -2.325 -2.335 -2.18
-9999 -9999 -9999 -9999 -9999 -2.53 -2.34 -2.005 -1.78 -1.655 -1.275 -1.275 -1.38 -1.525 -1.6 -1.8 -2.16 -2.385 -2.28 -2.405 -2.375 -2.185 -2.355 -2.19 -2.125 -2.105 -2.22 -2.3 -2.335 -2.16 -1.745 -1.56 -1.305 -1.5 -1.95 -2.18 -2.175 -1.755 -1.2 -0.3499999 0.355 0.6950001 0.8049999 1.05 1.08 0.845 0.7099999 0.5899999 0.4399999 -0.004999995 -0.3599999 -0.75 -0.995 -1.055 -1.145 -1.425 -1.61 -1.76 -1.93 -2.095 -2.325 -2.46 -2.455 -2.435 -2.42 -2.4 -2.45 -2.635 -2.62
-9999 -9999 -9999 -9999 -9999 -2.17 -2.1 -2.035 -1.845 -1.39 -1.625 -1.59 -1.59 -1.61 -1.675 -1.69 -1.865 -2.06 -2.235 -2.13 -2.115 -2.09 -1.955 -1.735 -1.87 -1.92 -2.015 -2.34 -2.725 -2.505 -2.11 -1.815 -1.235 -1.79 -2.41 -2.78 -2.675 -2.405 -1.645 -0.635 0.1450001 0.5150001 0.6850001 0.995 1.045 0.85 0.6750001 0.4799999 0.4050001 0.05500007 -0.3950001 -0.7850001 -1.08 -1.26 -1.37 -1.525 -1.66 -1.78 -1.9 -2.115 -2.325 -2.465 -2.72 -2.665 -2.575 -2.51 -2.69 -2.755 -2.795
-9999 -9999 -9999 -9999 -9999 -2.295 -2.335 -2.165 -2.43 -1.915 -1.985 -1.955 -1.905 -1.85 -1.875 -1.945 -1.99 -2.1 -2.015 -2.05 -1.87 -1.835 -1.76 -1.575 -1.595 -1.825 -1.885 -2.16 -2.645 -2.505 -2.4 -2.195 -1.885 -2.385 -3.005 -3.445 -3.44 -3.19 -2.24 -1.02 -0.02999997 0.4999999 0.66 0.89 0.9349999 0.875 0.63 0.5250001 0.37 -0.05500007 -0.455 -0.76 -1.045 -1.19 -1.48 -1.49 -1.65 -1.855 -1.945 -2.19 -2.325 -2.625 -2.865 -2.85 -3.07 -2.845 -2.82 -2.83 -2.955
-9999 -9999 -9999 -9999 -9999 -2.3 -2.24 -2.34 -2.72 -2.86 -2.185 -2.235 -2.345 -2.345 -2.08 -1.98 -1.875 -1.96 -1.98 -1.89 -1.88 -1.845 -1.75 -1.865 -2.01 -2.145 -2.2 -1.995 -2.16 -2.765 -2.765 -2.73 -2.765 -3.2 -3.71 -4.125 -4.205 -4.095 -2.91 -1.555 -0.4949999 0.1750002 0.49 0.7099999 0.765 0.855 0.67 0.5700001 0.285 -0.1900001 -0.5100001 -0.9150001 -1.26 -1.4 -1.475 -1.475 -1.56 -1.805 -1.915 -2.27 -2.43 -2.705 -2.895 -2.98 -3.13 -3.15 -2.95 -2.96 -3.025
-9999 -9999 -9999 -9999 -9999 -2.4 -2.515 -2.295 -2.76 -2.735 -2.51 -2.27 -2.23 -2.205 -2.155 -1.95 -1.89 -1.795 -1.915 -1.735 -1.77 -1.885 -1.885 -2.31 -2.585 -2.76 -2.815 -3.005 -3.21 -3.06 -3.185 -3.325 -3.48 -3.895 -4.4 -4.665 -4.57 -4.34 -3.26 -1.97 -0.9449999 -0.27 0.04999995 0.4350001 0.6999999 0.8 0.6950001 0.59 0.1949999 -0.15 -0.5450001 -0.925 -1.48 -1.73 -1.57 -1.625 -1.445 -1.79 -1.89 -2.205 -2.48 -2.775 -3.01 -3.09 -3.235 -3.245 -3.175 -3.11 -3.135
-9999 -9999 -9999 -9999 -9999 -2.77 -2.72 -2.59 -2.77 -2.935 -2.74 -2.555 -2.265 -2.035 -2.045 -2.05 -1.735 -1.79 -1.825 -1.81 -1.84 -2.17 -2.38 -2.78 -3.25 -3.775 -3.85 -3.86 -3.665 -3.64 -3.73 -3.77 -3.955 -4.425 -5.04 -5.03 -4.65 -4.3 -3.285 -2.12 -1.18 -0.5099999 -0.2549999 0.3050001 0.6499999 0.8750001 0.645 0.475 0.135 -0.265 -0.5099999 -0.9350001 -1.195 -1.66 -1.685 -1.575 -1.575 -1.735 -1.945 -2.19 -2.45 -2.86 -3.025 -3.19 -3.245 -3.415 -3.51 -3.415 -3.285
-9999 -9999 -9999 -9999 -9999 -4.075 -2.96 -3.025 -3.1 -3.125 -3 -2.655 -2.1 -2.035 -1.965 -2.025 -1.74 -1.945 -1.83 -2.03 -2.16 -2.43 -2.895 -3.25 -3.995 -4.75 -4.32 -4.15 -3.96 -3.79 -3.84 -4.11 -4.29 -4.585 -5.195 -5.12 -4.635 -4.22 -3.215 -2.085 -1.315 -0.7550001 -0.5350001 -0.09500003 0.2750001 0.5700001 0.47 0.25 0.04500008 -0.2900001 -0.5100001 -0.8900001 -1.115 -1.55 -1.74 -1.86 -1.755 -1.79 -1.935 -2.18 -2.44 -2.63 -2.925 -3.24 -3.32 -3.555 -3.7 -3.69 -3.7
-9999 -9999 -9999 -9999 -9999 -4.9 -4.15 -3.54 -3.61 -3.615 -3.44 -3.175 -2.385 -2.04 -1.945 -1.91 -1.9 -1.99 -1.935 -2.35 -2.475 -2.755 -3.435 -3.7 -4.225 -4.595 -4.39 -4.04 -3.92 -3.76 -3.83 -4 -4.23 -4.34 -4.515 -4.48 -4.14 -3.755 -3.105 -2.175 -1.465 -1.03 -0.89 -0.5149999 -0.1949999 0.14 0.255 0.12 -0.1500001 -0.4200001 -0.5899999 -0.9649999 -1.14 -1.34 -1.7 -1.87 -1.815 -1.855 -1.92 -2.23 -2.465 -2.625 -2.76 -3.205 -3.345 -3.58 -3.745 -3.81 -3.925
-9999 -9999 -9999 -9999 -5.735 -5.195 -4.46 -3.89 -4.155 -3.915 -3.235 -2.815 -2.31 -1.96 -2.12 -2.47 -1.92 -2.105 -2.7 -2.81 -3.145 -3.265 -3.825 -4.025 -4.305 -4.45 -4.19 -3.845 -3.675 -3.545 -3.715 -3.87 -3.92 -4.01 -4 -3.905 -3.57 -3.005 -2.67 -2.125 -1.67 -1.28 -1.115 -0.78 -0.3549999 -0.11 0.0250001 0.06000006 -0.155 -0.39 -0.83 -0.915 -1.07 -1.15 -1.39 -1.705 -1.8 -1.89 -2.085 -2.235 -2.48 -2.565 -2.805 -3.115 -3.31 -3.475 -3.545 -3.76 -3.895
-9999 -9999 -9999 -9999 -5.965 -5.415 -4.785 -4.26 -3.55 -3.2 -3.24 -2.675 -2.175 -2.235 -2.285 -2.295 -2.55 -2.65 -3.16 -3.315 -3.65 -3.965 -3.32 -3.6 -4.335 -4.365 -4.02 -3.655 -3.485 -3.46 -3.56 -3.61 -3.565 -3.6 -3.46 -3.29 -2.995 -2.59 -2.32 -1.955 -1.67 -1.235 -1.08 -0.6950001 -0.37 -0.08999991 -0.09499991 -0.1750001 -0.115 -0.34 -0.6400001 -0.7500001 -0.7750001 -1.205 -1.47 -1.445 -1.73 -1.835 -2.075 -2.285 -2.48 -2.585 -2.86 -3.075 -3.22 -3.375 -3.44 -3.665 -3.815
-9999 -9999 -9999 -9999 -6.7 -5.08 -5.66 -5.635 -4.455 -3.11 -2.945 -2.79 -2.545 -2.53 -2.57 -2.835 -3.095 -3.825 -3.81 -3.635 -3.39 -3.425 -3.515 -3.725 -4.335 -4.125 -3.905 -3.725 -3.43 -3.45 -3.54 -3.55 -3.325 -3.205 -2.95 -2.69 -2.455 -2.16 -1.95 -1.69 -1.575 -1.125 -0.9149998 -0.505 -0.1650001 -0.1600001 -0.00999999 -0.06000006 -0.275 -0.16 -0.225 -0.3950001 -0.6 -0.98 -1.345 -1.465 -1.715 -1.915 -1.99 -2.24 -2.54 -2.73 -2.885 -3.185 -3.325 -3.325 -3.455 -3.63 -3.75
-9999 -9999 -9999 -9999 -8.58 -5.61 -6.24 -5.795 -5.07 -4.14 -3.42 -3.475 -2.915 -2.925 -2.9 -3.135 -3.365 -3.975 -4.675 -4.56 -4.79 -4.17 -4.305 -3.975 -3.975 -3.99 -3.84 -3.585 -3.395 -3.355 -3.545 -3.585 -3.505 -3.135 -2.52 -2.14 -1.975 -1.77 -1.635 -1.52 -1.38 -0.9450001 -0.845 -0.4150001 -0.1800001 -0.1 -0.03499997 -0.00999999 -0.04999995 -0.02999997 -0.06500006 -0.1999999 -0.3399999 -0.5700001 -1.05 -1.44 -1.57 -1.815 -2.08 -2.44 -2.735 -2.745 -2.855 -3.265 -3.31 -3.34 -3.385 -3.45 -3.55
-9999 -9999 -9999 -9999 -8.054999 -9.535 -7.68 -6.86 -5.675 -5.43 -4.805 -4.345 -3.94 -3.345 -2.925 -3.175 -3.32 -4.07 -4.74 -4.975 -5.05 -4.785 -4.36 -3.725 -4.28 -4.03 -3.695 -3.6 -3.46 -3.32 -3.35 -3.41 -3.255 -2.725 -2.31 -1.845 -1.615 -1.405 -1.345 -1.34 -1.26 -0.8399999 -0.4300001 -0.325 -0.225 -0.08000004 0.01499999 -0.00999999 0.2 0.27 0.2249999 0.2149999 0.03499997 -0.1950001 -0.725 -1.255 -1.47 -1.84 -2.165 -2.5 -2.675 -2.9 -2.95 -3.025 -3.28 -3.295 -3.245 -3.28 -3.34
-9999 -9999 -9999 -9999 -8.925 -8.78 -9.295 -7.77 -5.965 -5.895 -5.96 -5.21 -4.845 -3.46 -3 -3.035 -3.365 -4.385 -5.205 -5.42 -5.31 -5.29 -4.41 -4.18 -3.88 -3.655 -3.51 -3.355 -3.38 -3.435 -3.28 -3.075 -2.58 -2.085 -2.15 -1.55 -1.26 -1.045 -1.05 -1.04 -0.96 -0.79 -0.365 -0.4399999 -0.27 -0.185 0.05499995 0.06999993 0.345 0.535 0.58 0.585 0.3450001 0.07499981 -0.345 -0.8799999 -1.225 -1.795 -2.205 -2.555 -2.725 -3.025 -3.14 -3.23 -3.08 -3.1 -3.235 -3.135 -2.965
-9999 -9999 -9999 -9999 -9.025 -9.705 -9.59 -7.025001 -6.965 -5.42 -6.08 -4.975 -4.11 -3.665 -3.655 -2.745 -3.695 -4.625 -5.92 -5.59 -5.32 -5.34 -4.56 -4.26 -4.03 -3.65 -3.335 -3.305 -3.385 -3.175 -2.815 -2.935 -2.225 -2.125 -1.89 -1.31 -0.8649999 -0.6849999 -0.7249999 -0.7800001 -0.9300001 -0.8150001 -0.35 -0.5 -0.21 -0.07499993 0.16 0.2499999 0.43 0.715 0.79 0.8449999 0.7649999 0.365 -0.1500001 -0.5549998 -0.9549999 -1.655 -2.255 -2.605 -2.78 -3.08 -3.275 -3.415 -3.405 -2.985 -2.98 -2.825 -2.81
-9999 -9999 -9999 -9999 -9.635 -10.1 -9.605 -8.855 -4.77 -5.125 -5.865 -5.675 -5.42 -4.435 -3.14 -3.035 -3.505 -6.03 -5.89 -5.6 -5.73 -5.475 -4.695 -4.255 -3.935 -3.65 -3.305 -3.125 -3.225 -3.29 -2.8 -2.725 -2.11 -1.925 -1.73 -1.21 -0.75 -0.53 -0.51 -0.61 -0.905 -0.88 -0.45 -0.415 -0.13 0.155 0.26 0.34 0.61 0.88 1.23 1.295 1.265 0.6499999 0.105 -0.155 -0.8099999 -1.46 -2.125 -2.6 -2.765 -3.095 -3.21 -3.39 -3.235 -3.33 -3.245 -2.845 -2.66
-9999 -9999 -9999 -9999 -9.915 -9.035 -8.92 -4.82 -7.74 -7.83 -6.844999 -6.6 -5.78 -4.005 -4.335 -3.97 -3.82 -5.1 -5.595 -5.745 -5.87 -5.345 -4.995 -4.27 -3.86 -3.31 -3.22 -3.31 -3.275 -3.175 -2.83 -2.72 -2.09 -1.885 -1.625 -1.275 -0.885 -0.635 -0.5300001 -0.4250001 -0.7249999 -0.89 -0.605 -0.3049999 0.01499999 0.345 0.4499999 0.4900001 0.73 1.13 1.605 1.795 1.735 0.985 0.345 -0.00999999 -0.7099998 -1.275 -2.01 -2.36 -2.655 -2.875 -2.89 -2.97 -3.045 -3.165 -3.18 -2.72 -2.595
-9999 -9999 -9999 -9999 -8.135 -8.47 -7.905 -7.01 -8.934999 -8.5 -8.43 -7.035 -6.105 -6.1 -5.485 -4.51 -4.26 -4.885 -5.435 -5.565 -5.46 -5.415 -5.095 -4.44 -3.95 -3.21 -3.375 -3.39 -3.26 -3.32 -3.165 -2.77 -2.11 -1.965 -1.64 -1.335 -1.255 -1.14 -1.07 -0.5650001 -0.745 -1 -0.6099999 -0.255 0.39 0.35 0.585 0.61 0.85 1.325 1.7 1.87 1.855 1.025 0.385 0.07500005 -0.5650001 -0.9749999 -1.85 -2.145 -2.255 -2.48 -2.68 -2.73 -2.875 -2.99 -2.975 -2.795 -2.525
-9999 -9999 -9999 -9999 -7.015 -9.225 -7.99 -6.95 -8.63 -9.31 -8.11 -8.26 -6.875 -6.935 -6.595 -4.875 -4.685 -5.345 -5.36 -5.47 -6 -5.405 -5.165 -4.85 -4.55 -4.075 -3.755 -3.36 -3.41 -3.65 -3.24 -2.71 -2.095 -1.96 -1.75 -1.41 -1.42 -1.31 -1.1 -1.02 -0.9849999 -0.9050001 -0.505 -0.3000001 0.11 0.33 0.67 0.8000001 1.095 1.345 1.73 1.905 1.545 1.055 0.46 0.2049999 -0.405 -0.9749999 -1.415 -1.615 -2.02 -2.3 -2.465 -2.545 -2.69 -2.875 -2.815 -2.645 -2.43
-9999 -9999 -9999 -9999 -7.925 -6.255 -7.94 -8.54 -9.385 -9.21 -8.68 -9.14 -7.495 -6.45 -5.6 -4.655 -5.085 -5.3 -5.395 -5.81 -5.825 -5.3 -5.23 -5.13 -4.865 -4.565 -4.055 -3.445 -3.415 -3.325 -3.18 -2.615 -2.265 -2.08 -1.9 -1.585 -1.635 -1.485 -1.315 -1.255 -1.135 -1.07 -0.5749999 -0.395 -0.02499998 0.425 0.615 0.84 1.27 1.52 1.715 1.675 1.57 1.09 0.515 0.2850001 -0.23 -0.7049999 -1.24 -1.405 -1.845 -2.16 -2.405 -2.49 -2.59 -2.685 -2.64 -2.565 -2.365
-9999 -9999 -9999 -9.09 -8.665 -8.175 -9.725 -8.665 -9.544999 -9.8 -9.05 -8.559999 -8.015 -5.205 -4.94 -4.8 -5.12 -5.25 -5.68 -5.735 -5.555 -5.58 -5.58 -5.32 -4.975 -4.565 -4.42 -3.81 -3.695 -3.585 -2.68 -2.47 -2.17 -2.15 -1.92 -1.66 -1.63 -1.445 -1.33 -1.245 -1.085 -1.07 -0.6200001 -0.4299999 -0.03999996 0.4400001 0.77 0.8400002 1.16 1.225 1.315 1.28 0.98 0.8149999 0.4300001 0.27 -0.1199999 -0.5899999 -1.045 -1.29 -1.63 -2.035 -2.31 -2.4 -2.57 -2.585 -2.59 -2.43 -2.33
-9999 -9999 -9999 -9.22 -8.455001 -8.07 -8.77 -8.985 -10.56 -8.955 -9.5 -5.11 -4.995 -4.86 -4.92 -5.09 -5.215 -5.575 -5.44 -5.495 -5.545 -5.81 -5.68 -5.73 -5.205 -4.96 -4.665 -4.39 -4.01 -3.315 -2.885 -2.33 -2.155 -2.1 -1.815 -1.59 -1.59 -1.52 -1.295 -1.18 -1.12 -0.575 -0.2800001 -0.115 0.245 0.55 0.8099999 0.9450001 1.315 1.26 1.22 1.185 0.97 0.76 0.425 0.2649999 -0.1099999 -0.5250001 -0.6750002 -1.085 -1.4 -1.79 -1.985 -2.33 -2.48 -2.565 -2.465 -2.465 -2.32
-9999 -9999 -9999 -9.12 -9.66 -6.06 -9.095 -9.599999 -9.34 -9.945 -9.485001 -8.98 -4.305 -4.53 -4.25 -4.265 -5.105 -5.37 -5.445 -5.49 -5.53 -5.62 -5.75 -6.205 -5.565 -5.475 -4.665 -4.49 -3.55 -3.315 -2.61 -1.845 -1.78 -1.59 -1.61 -1.58 -1.585 -1.545 -1.255 -1.08 -0.9450001 -0.4200001 -0.1049999 0.01999998 0.3399999 0.645 0.755 0.6999999 1.1 1.305 1.135 1.135 0.9699999 0.7099999 0.6099999 0.3049998 -0.04999995 -0.415 -0.575 -0.9199998 -1.17 -1.445 -1.64 -2.075 -2.335 -2.38 -2.365 -2.33 -2.305
-9999 -9999 -9999 -5.6 -6.64 -6.155 -10.11 -8 -9.16 -8.895 -8.64 -8.905 -8.835 -4.41 -4.4 -4.43 -4.535 -4.685 -5.02 -5.435 -5.48 -5.54 -5.655 -5.69 -5.66 -5.765 -5.63 -4.625 -3.44 -3.115 -2.68 -1.71 -1.62 -1.48 -1.55 -1.635 -1.625 -1.465 -1.185 -1.105 -0.8700001 -0.6650001 -0.03500009 0.08999991 0.3150001 0.5699999 0.7400001 0.7550001 1.06 1.225 1.2 1.09 0.9950001 0.7550001 0.5899999 0.365 0.005000114 -0.3199999 -0.47 -0.8149998 -1.075 -1.415 -1.485 -1.845 -2.125 -2.24 -2.27 -2.265 -2.27
-9999 -9999 -9999 -3.03 -7.59 -8.45 -8.175 -9.084999 -8.37 -9 -8.535001 -8.845 -8.46 -8.435 -4.265 -4.365 -4.235 -4.765 -4.92 -4.875 -5.1 -5.13 -5.335 -5.385 -5.52 -5.65 -5.53 -4.77 -3.48 -2.81 -2.595 -1.785 -1.47 -1.44 -1.455 -1.425 -1.45 -1.27 -1.165 -1.2 -0.9250001 -0.6 -0.465 0.1299999 0.355 0.5849998 0.8000001 0.9149998 1.125 1.05 0.98 1.11 0.92 0.7449999 0.635 0.4349999 0.08500004 -0.2249999 -0.365 -0.6300001 -1.005 -1.37 -1.45 -1.535 -1.885 -2.03 -2.215 -2.19 -2.18
-9999 -9999 -9999 -3.115 -6.71 -5.935 -6.81 -7.36 -5.955 -8.33 -9.41 -8.955 -9.22 -8.74 -4.22 -4.3 -4.385 -4.215 -4.825 -4.53 -4.72 -4.865 -5.13 -4.775 -5.275 -5.385 -5.195 -4.835 -3.81 -3.14 -2.34 -1.745 -1.3 -1.305 -1.395 -1.31 -1.28 -1.335 -1.145 -1.015 -0.9200001 -0.595 -0.1799998 0.1699998 0.325 0.6899998 0.885 0.955 1.165 1.135 0.98 1.185 1.01 0.7750001 0.6199999 0.4200001 0.1899998 -0.125 -0.2750001 -0.49 -0.8500001 -1.04 -1.27 -1.385 -1.66 -1.815 -2.065 -1.98 -1.965
-9999 -9999 -9999 -0.5150001 -4.13 -5.08 -6.55 -8.185 -8.045 -6.87 -9.025 -8.285 -7.465 -8.965 -4.115 -4.21 -4.39 -4.5 -3.96 -4.055 -4.4 -4.385 -4.31 -4.45 -4.725 -5.15 -4.585 -4.9 -4.71 -3.14 -2.025 -1.545 -1.15 -0.8900001 -1.305 -1.35 -1.22 -1.14 -1.135 -1.095 -0.97 -0.5600001 0.07999992 0.4199998 0.5450001 0.97 0.8050001 0.885 1.235 1.22 1.185 1.13 1.085 0.78 0.5900002 0.4849999 0.3349998 0.01999998 -0.1700001 -0.4400001 -0.6499999 -0.8149998 -0.9950001 -1.25 -1.425 -1.49 -1.625 -1.18 -1.2
