SnowAccumulation_R/test/weighted_temp_raster/final_tmean_01_04_2009.asc
ncols         97
nrows         69
xllcorner     52512.810182332
yllcorner     5316225.2758522
cellsize      10000
NODATA_value  -9999
[rows 0 to 30 of 69, columns 0 to 70 of 97]
-9999 -9999 -9999 -9999 -9999 -9999 -9999 -9999 -9999 -9999 -9999 -9999 -9999 -9999 -9999 -9999 -9999 -9999 -9999 -9999 -9999 -9999 -9999 -9999 -9999 -9999 -9999 -9999 -9999 -9999 -9999 -9999 -9999 -9999 -9999 -9999 -9999 -9999 -9999 -9999 -9999 -9999 -9999 -9999 -9999 -9999 -9999 -9999 -9999 -9999 -9999 -9999 -9999 -9999 -9999 -9999 -9999 -9999 -9999 -9999 -9999 -9999 -9999 -9999 -9999 -9999 -9999 -9999 -9999 -9999 -9999
-9999 -9999 -9999 -9999 -9999 -3.48 -4.235 -4.475 -4.775 -3.835 -4.095 -3.92 -3.61 -3.13 -3.535 -3.495 -3.02 -2.75 -9999 -9999 -9999 -9999 -9999 -9999 -9999 -9999 -9999 -9999 -9999 -9999 -9999 -9999 -9999 -9999 -9999 -9999 -9999 -9999 -9999 -9999 -9999 -9999 -9999 -9999 -9999 -9999 -9999 -9999 -9999 -9999 -9999 -9999 -9999 -9999 -9999 -9999 -9999 -9999 -9999 -9999 -9999 -9999 -9999 -9999 -9999 -9999 -9999 -9999 -9999 -9999 -9999
-9999 -9999 -9999 -9999 -9999 -5.735 -5.495 -4.865 -4.45 -3.54 -3.515 -2.92 -2.76 -2.965 -3.38 -3.025 -2.775 -2.6 -2.335 -2.515 -2.285 -1.725 -1.38 -1.28 -1.3 -1.35 -1.83 -2.405 -2.695 -2.28 -2.025 -1.51 -1.085 -0.7350001 -0.5849998 -0.53 -0.495 0.23 0.98 1.665 2.14 2.44 2.52 2.5 2.48 2.25 1.905 1.475 1.26 0.7950001 0.2049999 -0.2449999 -0.5799999 -0.915 -1.095 -1.27 -1.49 -1.64 -1.785 -1.88 -2.08 -2.085 -1.995 -1.955 -1.895 -1.875 -1.855 -1.725 -1.585 -1.425 -1.495
-9999 -9999 -9999 -9999 -9999 -4.82 -4.05 -3.995 -3.89 -3.045 -2.93 -3.04 -2.695 -3.045 -3.17 -3.035 -2.875 -2.685 -2.205 -2.16 -1.87 -1.505 -1.28 -1.21 -1.23 -1.26 -1.7 -2.19 -2.355 -1.92 -1.68 -1.095 -0.6300001 -0.4100001 -0.4349999 -0.5099999 -0.485 0.11 0.7650001 1.435 1.965 2.315 2.37 2.52 2.55 2.33 1.96 1.385 1.075 0.5149999 -0.1600001 -0.625 -0.9649999 -1.12 -1.43 -1.785 -1.89 -2.045 -2.205 -2.33 -2.535 -2.635 -2.35 -2.22 -2.135 -2.13 -2.085 -2.025 -1.81 -1.94 -1.835
-9999 -9999 -9999 -9999 -9999 -4.145 -3.735 -3.505 -3.325 -3.175 -2.72 -2.615 -2.605 -2.625 -2.625 -2.645 -2.775 -2.655 -2.05 -1.885 -1.755 -1.39 -1.32 -1.2 -1.205 -1.26 -1.65 -2.03 -2.045 -1.59 -1.04 -0.6800001 -0.04500008 0.00999999 -0.155 -0.23 -0.1900001 0.175 0.6400001 1.3 1.89 2.22 2.36 2.68 2.625 2.1 1.675 1.23 0.9200001 0.1600001 -0.4849999 -1.01 -1.355 -1.48 -1.72 -2.105 -2.365 -2.52 -2.605 -2.69 -2.765 -2.76 -2.625 -2.495 -2.435 -2.32 -2.285 -2.46 -2.37 -2.11 -2.055
-9999 -9999 -9999 -9999 -9999 -3.665 -3.31 -3.115 -3.38 -2.735 -2.85 -2.675 -2.565 -2.485 -2.44 -2.4 -2.45 -2.35 -1.865 -1.66 -1.605 -1.52 -1.395 -1.275 -1.205 -1.34 -1.5 -1.9 -1.91 -1.065 -0.7650001 -0.28 0.7699997 0.3100002 0.05000019 0.00999999 0.06500006 0.16 0.5250001 1.115 1.625 1.92 2.105 2.53 2.5 1.96 1.485 0.9849999 0.7349999 0.02999997 -0.7750003 -1.245 -1.56 -1.765 -2.045 -2.39 -2.65 -2.79 -2.855 -2.915 -2.94 -2.915 -2.995 -2.825 -2.685 -2.52 -2.675 -2.645 -2.605 -2.505 -2.28
-9999 -9999 -9999 -9999 -9999 -3.465 -3.31 -2.77 -2.815 -2.905 -2.815 -2.74 -2.59 -2.455 -2.4 -2.415 -2.45 -2.535 -1.8 -1.74 -1.495 -1.425 -1.325 -1.22 -1.205 -1.34 -1.395 -1.65 -1.59 -0.595 -0.5149999 -0.2349999 0.3399999 0.06500006 0.03999996 0.1849999 0.08999991 0.00999999 0.235 0.78 1.32 1.735 1.88 2.12 2.06 1.755 1.275 1.05 0.5899999 -0.1499999 -0.8999999 -1.275 -1.555 -1.745 -2.24 -2.57 -2.915 -3.095 -3.12 -3.16 -3.11 -3.185 -3.235 -3.15 -3.295 -2.985 -2.86 -2.78 -2.835 -2.855 -2.54
-9999 -9999 -9999 -9999 -9999 -3.36 -3.065 -2.715 -2.905 -3.135 -2.71 -2.715 -2.735 -2.645 -2.325 -2.175 -2.07 -2.065 -1.88 -1.735 -1.685 -1.565 -1.295 -1.305 -1.305 -1.44 -1.595 -1.37 -1.075 -1.095 -0.8199999 -0.52 -0.45 -0.5599999 -0.1850002 0.1300001 -0.1 -0.4050001 -0.205 0.245 0.75 1.2 1.455 1.595 1.545 1.465 1.125 0.95 0.4649999 -0.2750001 -0.8799999 -1.345 -1.655 -1.84 -2.255 -2.73 -3.155 -3.305 -3.31 -3.37 -3.315 -3.36 -3.43 -3.425 -3.42 -3.315 -3.04 -2.97 -3 -3.095 -2.8
-9999 -9999 -9999 -9999 -9999 -3.425 -3.13 -2.705 -3 -2.93 -2.67 -2.495 -2.42 -2.3 -2.135 -1.835 -1.695 -1.59 -1.695 -1.62 -1.64 -1.52 -1.32 -1.39 -1.315 -1.59 -2.34 -2.885 -2.83 -1.705 -1.31 -0.9949999 -0.925 -0.75 -0.45 -0.2099999 -0.3299999 -0.5 -0.495 -0.3000001 0.15 0.6149999 0.8149999 1.005 1.21 1.15 0.98 0.855 0.3999999 -0.22 -0.905 -1.315 -1.7 -1.915 -2.29 -2.915 -3.41 -3.44 -3.41 -3.425 -3.48 -3.54 -3.575 -3.565 -3.56 -3.45 -3.295 -3.155 -3.165 -3.245 -3.1
-9999 -9999 -9999 -9999 -9999 -3.85 -3.41 -2.965 -3.09 -3.17 -2.885 -2.61 -2.285 -1.955 -1.825 -1.625 -1.195 -1.22 -1.41 -1.66 -1.745 -1.83 -1.78 -1.475 -1.275 -1.695 -2.985 -3.75 -3.285 -2.445 -1.855 -1.305 -1.17 -0.895 -0.6800001 -0.375 -0.3150001 -0.385 -0.5549999 -0.625 -0.1950001 0.355 0.535 0.91 1.045 0.955 0.8000001 0.6850001 0.405 -0.2950001 -0.9749999 -1.405 -1.57 -1.92 -2.325 -2.77 -3.225 -3.37 -3.275 -3.37 -3.445 -3.62 -3.675 -3.68 -3.605 -3.64 -3.64 -3.525 -3.37 -3.44 -3.36
-9999 -9999 -9999 -9999 -9999 -5.345 -3.725 -3.535 -3.525 -3.43 -3.22 -2.79 -2.04 -1.855 -1.59 -1.375 -0.8299999 -1.02 -1.185 -1.75 -2.135 -2.165 -1.795 -1.675 -1.385 -1.45 -2.505 -2.885 -2.86 -2.25 -1.76 -1.435 -1.305 -0.925 -0.6949999 -0.3050001 -0.1100001 -0.1650001 -0.4300001 -0.745 -0.25 0.28 0.47 0.79 0.8549999 0.76 0.615 0.4449999 0.22 -0.405 -1.1 -1.465 -1.59 -1.95 -2.31 -2.5 -2.77 -2.905 -3.11 -3.275 -3.395 -3.435 -3.61 -3.735 -3.685 -3.785 -3.835 -3.8 -3.785 -3.67 -3.57
-9999 -9999 -9999 -9999 -9999 -6.22 -5.065 -4.13 -4.035 -3.98 -3.71 -3.39 -2.505 -1.83 -1.525 -1.165 -0.77 -0.9050002 -1.14 -1.855 -2.235 -2.415 -2.295 -2.09 -1.66 -1.625 -1.965 -2.14 -2.075 -1.76 -1.465 -1.215 -0.9950001 -0.8300002 -0.4949999 -0.04500008 0.2649999 0.2649999 -0.14 -0.2800001 -0.04999995 0.3000001 0.4450001 0.785 0.7549999 0.625 0.4349999 0.2500001 -0.135 -0.62 -1.075 -1.465 -1.645 -1.84 -2.135 -2.32 -2.655 -2.805 -2.98 -3.24 -3.375 -3.4 -3.465 -3.705 -3.715 -3.82 -3.895 -3.935 -4.02 -3.94 -3.88
-9999 -9999 -9999 -9999 -7.235 -6.475 -5.355 -4.495 -4.59 -4.28 -3.535 -3.125 -2.555 -1.825 -1.84 -1.81 -0.9649999 -1.145 -1.885 -2.115 -2.565 -2.555 -2.505 -2.345 -1.915 -1.7 -1.525 -1.405 -1.285 -1.13 -1.06 -0.9449999 -0.8 -0.6500001 -0.385 -0.125 0.1699998 0.3049999 0.345 0.265 0.205 0.335 0.455 0.75 0.8199999 0.52 0.1199999 -0.06000018 -0.4649999 -0.8 -1.22 -1.455 -1.635 -1.77 -1.99 -2.31 -2.605 -2.765 -3.045 -3.19 -3.34 -3.375 -3.47 -3.62 -3.685 -3.735 -3.76 -3.91 -4.02 -4.115 -4.145
-9999 -9999 -9999 -9999 -7.395 -6.465 -5.64 -4.835 -3.95 -3.51 -3.53 -2.98 -2.375 -2.185 -1.96 -1.845 -1.89 -1.755 -2.31 -2.495 -2.82 -2.905 -2.1 -2 -2.005 -1.715 -1.255 -0.9299998 -0.7550001 -0.7449999 -0.6900001 -0.48 -0.05999994 -0.2650001 -0.365 -0.24 0.09000003 0.405 0.5450001 0.415 0.14 0.225 0.29 0.485 0.615 0.3950001 -0.07999992 -0.3399999 -0.6049999 -0.9399998 -1.245 -1.45 -1.53 -1.94 -2.195 -2.25 -2.595 -2.745 -3.015 -3.195 -3.31 -3.355 -3.49 -3.565 -3.58 -3.63 -3.665 -3.825 -3.975 -4.09 -4.11
-9999 -9999 -9999 -9999 -8.1 -6.015 -6.475 -6.175 -4.775 -3.38 -3.18 -3.01 -2.69 -2.515 -2.355 -2.525 -2.59 -3.15 -2.95 -2.89 -2.56 -2.005 -2.085 -1.96 -1.99 -1.49 -1.16 -0.9449999 -0.5999999 -0.5800002 -0.5450001 -0.3800001 -0.155 -0.23 -0.5 -0.455 0 0.475 0.7299999 0.52 -0.03999996 0.08000004 0.16 0.265 0.3150001 0.1 -0.1849999 -0.4199998 -0.9200001 -1.03 -1.16 -1.375 -1.57 -1.93 -2.27 -2.405 -2.64 -2.865 -2.965 -3.15 -3.335 -3.455 -3.48 -3.615 -3.625 -3.585 -3.635 -3.765 -3.905 -4.02 -4.035
-9999 -9999 -9999 -9999 -10.03 -6.475 -6.845 -6.235 -5.275 -4.26 -3.53 -3.56 -2.985 -2.905 -2.76 -2.845 -2.985 -3.39 -3.85 -3.23 -3.175 -2.835 -2.11 -1.465 -1.465 -1.43 -1.185 -0.845 -0.5650001 -0.48 -0.5449998 -0.49 -0.5550001 -0.4950001 -0.6799999 -0.6950001 -0.06499994 0.4250001 0.605 0.1949999 -0.29 0.01999998 0.03999996 0.125 0.04499996 -0.05499995 -0.345 -0.5400001 -0.9999999 -1.165 -1.275 -1.44 -1.57 -1.79 -2.205 -2.54 -2.66 -2.87 -3.08 -3.335 -3.495 -3.45 -3.425 -3.635 -3.55 -3.53 -3.51 -3.575 -3.725 -3.855 -3.68
-9999 -9999 -9999 -9999 -9.355 -10.815 -8.33 -7.255 -5.75 -5.34 -4.67 -4.195 -3.825 -3.265 -2.845 -2.995 -3.05 -3.545 -3.515 -3.49 -3.385 -3.09 -1.895 -1.48 -1.885 -1.615 -1.16 -1.005 -0.98 -0.4950001 -0.4200001 -0.4549999 -0.5400001 -0.6199999 -0.605 -0.5 -0.03000009 0.38 0.4399999 0.125 -0.14 0.08500004 0.235 0.1900001 0.0250001 -0.09000003 -0.365 -0.5999999 -0.9049999 -1.11 -1.25 -1.29 -1.475 -1.68 -2.11 -2.535 -2.705 -2.985 -3.21 -3.41 -3.505 -3.56 -3.46 -3.385 -3.44 -3.4 -3.315 -3.37 -3.51 -3.39 -3.555
-9999 -9999 -9999 -9999 -10.34 -9.83 -10.175 -8.025 -5.9 -5.63 -5.55 -4.815 -4.475 -3.31 -2.93 -2.96 -3.22 -3.925 -4.035 -3.845 -3.465 -3.095 -1.955 -1.665 -1.495 -1.275 -1.095 -1.015 -1 -0.9150002 -0.74 -0.635 -0.275 -0.1249999 -0.375 -0.1500001 0.1949999 0.515 0.51 0.36 0.235 0.265 0.3599999 0.1799999 0.05999994 -0.12 -0.3049999 -0.525 -0.8400002 -1.06 -1.13 -1.17 -1.415 -1.64 -1.95 -2.36 -2.625 -3.045 -3.32 -3.5 -3.57 -3.645 -3.555 -3.45 -3.265 -3.155 -3.175 -3.155 -3.065 -3.155 -3.405
-9999 -9999 -9999 -9999 -10.435 -10.98 -10.54 -6.895 -6.665 -5.02 -5.49 -4.48 -3.745 -3.385 -3.395 -2.73 -3.49 -4.2 -4.415 -3.525 -3.12 -2.91 -2.045 -1.73 -1.615 -1.465 -1.135 -1.12 -0.97 -0.79 -0.645 -0.6149998 -0.155 -0.07500005 -0.03499997 0.115 0.5550001 0.7900001 0.745 0.63 0.4299999 0.395 0.47 0.235 0.165 0.00999999 -0.1699998 -0.3299999 -0.7049999 -0.9300001 -1.07 -1.1 -1.24 -1.565 -1.935 -2.195 -2.5 -3.02 -3.425 -3.595 -3.645 -3.68 -3.605 -3.485 -3.365 -2.94 -2.69 -2.695 -2.76 -2.935 -3.135
-9999 -9999 -9999 -9999 -11.05 -11.52 -10.56 -9.190001 -4.12 -4.565 -5.115 -4.86 -4.6 -3.855 -2.885 -2.84 -3.23 -4.895 -4.215 -3.325 -2.625 -2.66 -2.085 -1.85 -1.6 -1.275 -1.195 -1.195 -1.14 -0.9549999 -0.5400002 -0.415 0.04999995 0.1 0.2800001 0.395 0.74 0.955 0.96 0.845 0.5599999 0.4499999 0.4899999 0.36 0.2650001 0.1999999 -0.0250001 -0.1550002 -0.4200001 -0.6999998 -0.78 -0.8500001 -0.9849999 -1.47 -1.835 -2.005 -2.465 -2.92 -3.39 -3.645 -3.67 -3.68 -3.51 -3.38 -3.04 -2.805 -2.515 -2.535 -2.565 -2.705 -2.875
-9999 -9999 -9999 -9999 -11.44 -9.94 -9.625 -4.29 -7.205 -6.95 -5.805 -5.4 -4.68 -3.38 -3.635 -3.355 -3.175 -3.98 -3.6 -3.12 -2.38 -2.78 -2.525 -1.86 -1.65 -1.285 -1.18 -1.2 -1.07 -0.8099999 -0.5150001 -0.4200001 0.1549999 0.535 0.5849999 0.5649999 0.735 0.905 0.985 1.055 0.795 0.5549999 0.4300001 0.46 0.3649999 0.35 0.1700001 0.07500005 -0.1500001 -0.4450002 -0.54 -0.5599999 -0.7500002 -1.295 -1.705 -1.945 -2.415 -2.79 -3.325 -3.585 -3.595 -3.495 -3.19 -2.96 -2.865 -2.635 -2.34 -2.4 -2.455 -2.57 -2.705
-9999 -9999 -9999 -9999 -9.09 -9.18 -8.205 -6.605 -8.965 -7.9 -7.595 -5.55 -4.71 -4.685 -4.255 -3.565 -3.205 -3.38 -3.34 -3.125 -2.8 -2.67 -2.13 -1.795 -1.74 -1.32 -1.325 -1.085 -0.905 -0.7900001 -0.5899999 -0.3049998 0.17 0.215 0.3500001 0.4899999 0.5250001 0.455 0.4400001 0.975 0.8100001 0.515 0.415 0.47 0.615 0.3199999 0.26 0.165 -0.05500007 -0.3150001 -0.52 -0.5650001 -0.7099998 -1.29 -1.69 -1.88 -2.285 -2.495 -3.15 -3.335 -3.135 -3.09 -3.01 -2.92 -2.77 -2.6 -2.43 -2.375 -2.405 -2.47 -2.56
-9999 -9999 -9999 -9999 -7.62 -10.31 -8.15 -6.51 -8.525 -9.295 -6.86 -6.935 -5.075 -5.105 -4.825 -3.655 -3.29 -3.505 -3.17 -3.075 -2.855 -2.21 -1.93 -1.795 -1.97 -1.65 -1.475 -1.135 -1.005 -0.71 -0.64 -0.365 0.255 0.2950001 0.355 0.48 0.4900001 0.4000001 0.3 0.5699999 0.5600001 0.4649999 0.4350001 0.3950001 0.3599999 0.24 0.23 0.175 -0.01999998 -0.385 -0.5699999 -0.5799999 -0.9199998 -1.23 -1.58 -1.725 -2.085 -2.435 -2.57 -2.67 -2.855 -2.905 -2.84 -2.8 -2.71 -2.66 -2.52 -2.43 -2.405 -2.415 -2.47
-9999 -9999 -9999 -9999 -8.885 -6.29 -8.145 -8.855 -9.865 -9.255 -7.955 -8.645 -5.475 -4.505 -3.905 -3.295 -3.265 -3.21 -2.815 -2.755 -2.665 -1.91 -1.885 -1.85 -1.775 -1.57 -1.4 -1.145 -1.025 -0.8299999 -0.72 -0.1899999 0.05500007 0.1949999 0.355 0.465 0.45 0.3149999 0.24 0.1500001 0.355 0.2099999 0.295 0.26 0.2150002 0.2550001 0.07500005 0.07999992 0 -0.3149998 -0.675 -0.7749999 -0.835 -1.12 -1.305 -1.415 -1.69 -1.955 -2.29 -2.375 -2.62 -2.76 -2.805 -2.805 -2.73 -2.68 -2.575 -2.52 -2.44 -2.435 -2.415
-9999 -9999 -9999 -10.755 -10.005 -8.975 -10.98 -9.01 -10.28 -10.445 -8.81 -7.71 -6.36 -3.71 -3.435 -3.24 -3.195 -2.785 -2.72 -2.635 -2.18 -2 -1.97 -1.88 -1.815 -1.57 -1.505 -1.275 -1.185 -1.075 -0.665 -0.1149999 0.3599999 0.11 0.3149999 0.28 0.2800001 0.29 0.1900001 0.08000004 0.35 0.115 0.1750001 0.16 0.145 0.2050002 0.125 -0.004999876 -0.1499999 -0.47 -0.665 -0.76 -1 -1.04 -1.21 -1.25 -1.42 -1.69 -1.985 -2.155 -2.37 -2.63 -2.77 -2.8 -2.83 -2.75 -2.725 -2.575 -2.51 -2.485 -2.465
-9999 -9999 -9999 -11.045 -9.835 -8.96 -9.68 -9.705 -12.07 -9.175 -9.88 -3.925 -3.82 -3.69 -3.33 -3.29 -3.1 -2.715 -2.275 -2.225 -2.155 -2.055 -1.97 -1.925 -1.79 -1.755 -1.58 -1.375 -1.25 -1.145 -0.755 -0.335 0.07500005 0.06500006 0.3349999 0.34 0.215 0.14 0.00999999 -0.02999997 -0.115 0.4450001 0.34 0.3049999 0.2950001 0.2349999 0.1099999 0.04500008 0.00999999 -0.365 -0.615 -0.6850002 -0.8499999 -0.9099998 -1.01 -1.055 -1.205 -1.445 -1.535 -1.85 -2.105 -2.42 -2.565 -2.815 -2.885 -2.89 -2.785 -2.745 -2.6 -2.545 -2.525
-9999 -9999 -9999 -11.04 -11.56 -6.34 -10.36 -10.895 -10.23 -11.12 -10.11 -8.91 -3.265 -3.515 -3.01 -2.94 -2.685 -2.355 -2.265 -2.2 -2.27 -2.035 -1.94 -1.665 -1.875 -1.76 -1.58 -1.46 -1.18 -1.12 -0.8600001 -0.3049999 -0.1899999 -0.01499999 0.105 0.2950001 0.3349999 0.165 -0.01000011 -0.25 -0.3649999 0.575 0.4599999 0.37 0.3699999 0.3349998 0.105 -0.1099999 -0.1200001 -0.2550001 -0.5799999 -0.605 -0.6800001 -0.7550001 -0.7450001 -0.8 -0.9200001 -1.13 -1.25 -1.575 -1.84 -2.125 -2.31 -2.685 -2.9 -2.895 -2.86 -2.775 -2.69 -2.615 -2.58
-9999 -9999 -9999 -6.585 -7.455 -6.63 -12.075 -8.58 -10.195 -9.615 -8.875 -9.115 -8.705 -3.1 -3.05 -2.995 -2.485 -2.44 -2.525 -2.405 -2.38 -2.22 -2.04 -1.79 -1.775 -1.835 -1.86 -1.59 -1.325 -1.355 -0.955 -0.4200001 -0.2900001 -0.115 0.07000005 0.37 0.3549999 0.2349999 0.08000004 -0.1750001 -0.2 -0.1399999 0.5700001 0.5 0.385 0.3200002 0.1600001 0.004999876 -0.07999992 -0.26 -0.4000001 -0.53 -0.5 -0.53 -0.5650001 -0.5050001 -0.6099999 -0.8100002 -0.9549999 -1.355 -1.715 -2.125 -2.225 -2.595 -2.855 -2.935 -2.935 -2.85 -2.765 -2.695 -2.665
-9999 -9999 -9999 -3.64 -9.205 -9.96 -9.42 -10.57 -9.17 -9.995 -9.04 -9.37 -8.36 -8.190001 -2.995 -3.465 -2.645 -2.595 -2.635 -2.415 -2.335 -2.32 -2.14 -1.925 -1.735 -1.835 -1.8 -1.485 -1.355 -1.3 -0.9999999 -0.4649999 -0.34 -0.3150001 -0.06999993 0.205 0.225 0.15 0.215 0.12 0.05999994 0.08500004 0.08999991 0.62 0.49 0.405 0.2949998 0.23 0.08500004 -0.2749999 -0.45 -0.03999996 -0.4199998 -0.365 -0.335 -0.23 -0.2650001 -0.46 -0.6450002 -1.08 -1.635 -2.13 -2.27 -2.425 -2.775 -2.915 -3.04 -2.91 -2.78 -2.75 -2.75
-9999 -9999 -9999 -3.935 -8.225 -6.9 -7.675 -8.17 -5.79 -9.18 -10.93 -9.975 -10.285 -9.16 -3.555 -3.545 -3.51 -2.875 -2.745 -2.535 -2.375 -2.425 -2.36 -2.085 -1.735 -1.69 -1.595 -1.21 -0.8900001 -0.955 -0.9499999 -0.5999999 -0.325 -0.1800001 0.04500008 0.06000006 0.145 0.325 0.2950001 0.235 0.1500001 0.1600001 0.175 0.2 0.52 0.5350001 0.4200001 0.3150001 0.24 -0.01999998 -0.2449999 0.08500004 -0.21 -0.2 -0.2049999 -0.07500005 0.06500006 -0.105 -0.4000001 -0.905 -1.51 -1.805 -2.205 -2.42 -2.695 -2.835 -3.03 -2.82 -2.68 -2.47 -2.65
-9999 -9999 -9999 -1.24 -5.135 -6.055 -7.77 -9.76 -9.32 -7.16 -10.635 -9.18 -7.395 -10.09 -3.595 -3.63 -3.695 -3.635 -2.8 -2.755 -2.39 -2.32 -2.245 -2.07 -1.6 -1.6 -1.225 -0.925 -0.5650001 -0.955 -1.205 -0.905 -0.00999999 0.1650001 -0.06500006 -0.03499997 0.125 0.54 0.5500001 0.5500001 0.4350001 0.26 0.24 0.25 0.3149998 0.3 0.3150001 0.24 0.2650001 0.25 0.145 0.115 -0.03499985 -0.09500003 -0.145 0.05500007 0.21 -0.005000114 -0.3150001 -0.8800001 -1.385 -1.685 -2.09 -2.435 -2.59 -2.625 -2.68 -2.19 -2.16 -2.19 -2.39
