SnowAccumulation_R/test/weighted_temp_raster/final_tmean_03_04_2009.asc
ncols         97
nrows         69
xllcorner     52512.810182332
yllcorner     5316225.2758522
cellsize      10000
NODATA_value  -9999
[rows 30 to 59 of 69, columns 0 to 67 of 97]
-9999 -9999 -9999 0.5699999 -3.365 -4.385 -6.085 -8.035 -7.82 -6.21 -9.13 -8.085 -6.835 -9.065001 -3.52 -3.54 -3.415 -3.345 -2.71 -2.64 -2.275 -2.01 -2.135 -2.37 -2.63 -2.635 -2.685 -2.79 -2.75 -2.065 -1.755 -0.9900001 -0.5100001 -0.485 -0.525 -0.6 -0.46 -0.455 -0.6350001 -0.64 -0.92 -0.6450001 -0.525 -0.5450001 -0.5650001 -0.595 0.295 0.39 -0.36 -0.4300001 -0.385 -0.38 0.1 -0.1 -0.2299999 -0.125 -0.05500007 -0.235 -0.41 -0.635 -0.785 -0.9599999 -1.075 -1.29 -1.36 -1.355 -1.515 -1.225
-9999 -9999 -9999 -0.06500006 -4.45 -2.255 -7.025 -6.72 -8.66 -5.11 -6.155 -7.645 -7.83 -7.46 -3.43 -3.52 -3.515 -3.445 -3.36 -2.835 -2.63 -2.41 -2.475 -2.53 -2.655 -2.815 -2.85 -2.685 -2.61 -2.15 -1.63 -1.445 -0.715 -0.5400001 -0.39 -0.375 -0.4 -0.3799999 -0.3549999 -0.33 -0.5599999 -0.285 -0.425 -0.4400001 -0.4499999 -0.495 -0.4150001 -0.215 0.12 -0.88 -0.35 -0.2950001 0.12 -0.14 -0.145 -0.3049999 -0.105 -0.1049999 -0.4299999 -0.5349998 -0.6750001 -0.765 -0.6899999 -1.02 -0.9649999 -0.9850001 -0.7850001 -0.85
-9999 -9999 -9999 -3.935 -0.8600001 -4.38 -3.075 -7.35 -6.475 -7.505 -6.27 -5.11 -5.58 -4.52 -3.505 -3.61 -3.585 -3.505 -3.415 -2.92 -2.81 -2.755 -2.49 -2.69 -2.755 -2.915 -2.83 -2.78 -2.415 -2.02 -1.28 -1.445 -1.155 -0.7900001 -0.5249999 -0.4499999 -0.255 -0.0999999 -0.165 -0.27 -0.29 -0.2300001 -0.325 -0.3499999 -0.28 -0.3099999 -0.225 -0.04000008 0.4350001 -0.235 -0.395 -0.38 0.105 -0.05999994 -0.1650001 -0.4000001 -0.205 -0.13 -0.2900001 -0.4 -0.55 -0.575 -0.5999999 -0.71 -0.415 -0.415 -0.3950001 -0.505
-9999 -9999 -9999 -3.095 -0.9300001 0.6400001 -3.755 -2.585 -5.915 -7.105 -7.81 -5.76 -6.19 -6.015 -3.735 -3.795 -3.635 -3.655 -3.595 -3.66 -2.955 -2.99 -2.615 -2.59 -2.62 -2.705 -2.62 -2.75 -2.42 -1.95 -1.685 -1.39 -1.25 -1.01 -0.7700001 -0.38 -0.215 -0.03999996 0.04999995 0.125 -0.005000114 -0.115 0.15 -0.2 -0.2199999 -0.13 -0.205 -0.115 -0.07999992 -0.2 -0.365 -0.4000001 -0.1750001 -0.05499995 -0.125 -0.275 -0.1900001 -0.08500004 -0.2550001 -0.265 -0.37 -0.3749999 -0.07000005 -0.375 -0.3 -0.155 -0.1350001 -0.3000001
-9999 -9999 -9999 -5.655 -3.15 -0.3149998 0.28 -5.67 -3.11 -5.98 -7.095 -7.835 -7.395 -6.625 -4.315 -4.305 -3.775 -3.97 -3.925 -3.745 -3.065 -3.005 -2.605 -2.56 -2.68 -2.725 -2.53 -2.655 -3.025 -2.315 -2.05 -1.395 -1.18 -0.9000001 -0.475 -0.2399999 0.01999998 0.0250001 0.2050002 0.4349999 0.22 0.06499994 0.205 -0.105 -0.105 -0.115 -0.11 -0.17 -0.145 -0.3200001 -0.3950001 -0.4300001 -0.16 0.06000006 -0.12 -0.1900001 -0.145 -0.04499996 -0.2850001 -0.17 0 0.07499993 0.2 0.1050001 -0.0250001 0.225 0.03000009 -0.1950001
-9999 -9999 -9999 -4.94 -8.389999 -1.435 0.53 -1.77 -4.51 -0.98 -6.515 -7.99 -8.405001 -7.16 -5.265 -6.92 -4.755 -4.26 -4 -3.715 -2.97 -2.725 -2.65 -2.455 -2.485 -2.495 -2.61 -2.58 -2.695 -2.26 -2.145 -1.775 -1.28 -0.9450001 -0.4650002 -0.05999994 0.5049999 0.07999992 0.2050002 0.2750001 0.225 0.16 0.37 -0.08499992 -0.105 -0.105 -0.12 -0.23 -0.2900001 -0.505 -0.3950001 -0.345 -0.12 -0.07500005 -0.05000007 -0.1200001 -0.04500008 -0.125 -0.165 0.24 0.3200001 0.37 0.4450002 0.415 0.3900001 0.5100001 0.1799999 0.01999998
-9999 -9999 -7.555 -8.21 -5.68 -7.27 -3.775 0.2 -3.155 -5.225 -6.15 -5.92 -7.795 -7.405 -5.325 -5.89 -4.965 -4.38 -4.025 -3.755 -2.73 -2.4 -2.33 -2.26 -2.115 -2.165 -2.255 -2.26 -2.155 -2.095 -1.865 -1.66 -1.185 -0.7950001 -0.395 -0.135 -0.0150001 -0.06999993 -0.01999998 -0.01999998 -0.01999998 0.07000017 0.01999998 0.2700001 0.06999993 -0.03499997 0.00999999 -0.15 -0.1950001 -0.235 -0.26 -0.28 0.255 0 -0.04500008 -0.09500003 -0.0250001 0.00999999 0.0849998 0.1950002 0.3900001 0.425 0.66 0.65 0.5250001 0.6499999 0.4050001 0.1900001
-9999 -9999 -5.9 -4.475 -5.58 -6.805 -6.275 -0.01999998 0.4099998 -4.925 -2.455 -4.11 -6.785 -7.01 -4.89 -4.845 -4.585 -4.295 -3.98 -3.53 -2.47 -2.26 -2.12 -2.025 -1.955 -2.04 -1.98 -2.015 -1.78 -1.68 -1.72 -1.515 -1.22 -0.8150001 -0.4949999 -0.2650001 -0.1950002 -0.2050002 -0.06500006 -0.05999994 -0.06500006 0.0250001 -0.004999995 -0.004999995 0.07999992 0.06500006 0.02999997 -0.145 -0.1800001 -0.2099999 -0.24 -0.27 -0.01999998 -0.03499997 -0.03999996 -0.01999998 -0.03499985 0.00999999 0.07999992 0.225 0.34 0.71 0.785 0.745 0.6400001 0.72 0.75 0.5850002
-9999 -9999 -5.115 -3.485 -4.265 -7.940001 -5.595 -3.075 1.39 -4.38 -4.57 -5.33 -4.72 -7.865 -8.014999 -4.59 -4.32 -4.275 -3.715 -3.24 -2.53 -2.285 -1.935 -1.87 -1.845 -1.86 -1.685 -1.73 -1.665 -1.575 -1.51 -1.295 -1.125 -0.6299999 -0.5 -0.375 -0.2 -0.08999991 -0.07500005 -0.07999992 0.01499987 -0.01499987 -0.04999995 -0.03999996 -0.05999994 -0.05999994 0.23 0.04499996 -0.13 -0.155 -0.235 -0.25 0.00999999 -0.04499996 -0.07500005 0.04999995 0.07999992 0.06999993 0.1199999 0.2850001 0.3849999 0.5150001 0.7750001 0.8800001 0.85 0.905 1.02 1.12
-9999 -9999 0.5050001 -2.825 -6.69 -5.215 -4.92 -3.68 1.36 -1.905 -5.155 -1.325 -3.75 -5.695 -6.05 -4.215 -4.285 -3.855 -3.635 -3.255 -2.58 -2.535 -2.235 -1.935 -1.8 -1.665 -1.71 -1.58 -1.565 -1.475 -1.475 -1.31 -0.8399999 -0.51 -0.3999999 -0.2449999 -0.21 0.004999876 0.03500009 0.00999999 -0.03500009 -0.04500008 0.05000019 -0.00999999 -0.0250001 -0.07500017 -0.06999993 0 -0.07500005 -0.1 -0.1250001 -0.15 0.05499995 0.07000005 0.01499999 0.08500004 0.21 0.2199999 0.2400001 0.38 0.4399999 0.53 0.8100001 0.8799999 0.8699999 0.9349999 1.035 1.11
-9999 -9999 4.3 -7.285 -8.105 -6.96 -7.85 -3.295 -2.935 1.68 -5.825 -2.185 -4.675 -6.175 -7.28 -8.11 -5.525 -3.71 -3.415 -3.215 -2.745 -2.79 -1.64 -1.375 -1.665 -1.66 -1.66 -1.44 -1.33 -1.285 -1.07 -0.97 -0.8650001 -0.4750001 -0.135 -0.2750001 -0.09500003 -0.06999993 0.04499984 -0.08500004 -0.08999991 -0.1800001 -0.115 -0.2199998 -0.1600001 -0.105 -0.125 0.01999998 0.00999999 -0.06499994 -0.08499992 -0.1099999 0.07500005 0.13 0.1900001 0.2800001 0.335 0.3449999 0.3349999 0.3699999 0.4800001 0.595 0.77 0.7550001 0.7599999 0.7549999 0.785 0.9100001
-9999 -9999 4.775 -5.045 -5.75 -6.575 -4.31 -6.895 -5.315 0.8400002 -5.315 -4.53 -3.5 -5.865 -6.235 -6.915 -5.54 -5.595 -3.08 -2.57 -2.535 -2.32 -1.92 -1.825 -1.865 -1.465 -1.265 -1.15 -1.065 -0.9 -0.8400002 -0.79 -0.705 -0.29 -0.375 -0.3599999 -0.1400001 -0.165 -0.2449999 -0.3 -0.49 -0.51 -0.3100002 -0.2950001 -0.175 -0.05000019 -0.105 -0.09500003 0.02999997 -0.06499982 -0.08500004 0.03499985 0.1350001 0.1999999 0.255 0.4150001 0.4549999 0.4299999 0.415 0.4399999 0.5 0.6450001 0.725 0.6799999 0.705 0.7499999 0.7800001 0.75
-9999 -9999 4.215 -3.655 -6.05 -5.865 -6.825 -5.31 -4.635 -0.8249998 -3.995 -0.5599999 -1.71 -4.765 -4.88 -7.175 -4.315 -7.625 -2.655 -2.695 -2.71 -2.555 -2.17 -2.075 -1.995 -1.58 -1.075 -0.87 -0.9 -0.58 -0.4749999 -0.4199998 -0.28 -0.1800001 -0.2900002 -0.2950001 -0.2849998 -0.355 -0.5549998 -0.74 -0.6950002 -0.55 -0.405 -0.3100002 -0.175 -0.1499999 -0.105 -0.07999992 -0.01499987 0.1299999 0.07500005 0 0.09000015 0.09500003 0.26 0.4250001 0.55 0.5050001 0.5350001 0.53 0.615 0.62 0.65 0.6800001 0.71 0.72 0.725 0.5099999
-9999 -9999 -0.1300001 -4.405 -4.23 -6.31 -4.995 -5.575 -1.315 -3.575 -0.7949998 -3.4 -5.43 -6.325 -4.21 -5.965 -3.595 -6.195 -2.46 -2.855 -3.37 -2.71 -2.3 -2.415 -2.13 -1.55 -1.03 -0.4649999 -0.725 -0.5 -0.4000001 -0.2549999 -0.2249999 -0.2249999 -0.155 -0.1950002 -0.3199999 -0.4300001 -0.7 -1.32 -0.8899999 -0.5450001 -0.5049999 -0.3199999 -0.25 -0.1099999 -0.05499983 -0.03499985 -0.07000017 0.06000018 0.03499985 -0.05500007 0.3000001 0.2900001 0.3449999 0.4299999 0.515 0.605 0.6249999 0.6299999 0.6500001 0.665 0.6200001 0.7449999 0.6700001 0.6899999 0.505 0.225
-9999 -9999 4.405 -2.995 -3.825 -6.67 -4.06 -5.325 0.2450001 -0.4449999 2.39 -0.7099998 -2.635 -3.68 -6.24 -5.385 -3.405 -5.12 -2.375 -2.49 -2.82 -2.63 -2.48 -2.485 -3.41 -1.94 -1.33 -0.5649999 -0.5649999 -0.2250001 -0.2600002 -0.2349999 -0.1399999 -0.08500004 -0.07999992 -0.2250001 -0.24 -0.4400001 -0.6200001 -0.7750001 -0.7650001 -0.6400001 -0.4949999 -0.375 -0.2849998 -0.105 -0.0150001 0.0150001 0.03500009 0 -0.05500007 -0.06500006 0.3399999 0.4250001 0.5450001 0.6550001 0.7 0.715 0.6800001 0.675 0.65 0.5899999 0.5700001 0.6800001 0.575 0.4899999 0.2900001 0.004999995
-9999 -9999 4.76 -2.615 -5.155 -5.58 -5.845 -4.915 -4.46 -3.175 2.455 -1.125 -3.045 -6.1 -7.135 -4.5 -3.22 -4 -2.195 -2.195 -2.39 -2.41 -2.18 -1.95 -1.945 -1.58 -0.995 -0.5650001 -0.27 -0.21 -0.06500006 -0.02999997 -0.04999995 -0.00999999 -0.004999876 -0.1600001 -0.06500006 -0.3399999 -0.5849998 -0.6000001 -0.665 -0.5650001 -0.48 -0.3900001 -0.2549999 -0.0250001 0.1849999 0.125 -0.02000022 -0.01999998 -0.07999992 -0.08500004 0.5300001 0.5600001 0.6750001 0.7249999 0.6950001 0.7750001 0.71 0.675 0.62 0.5699999 0.54 0.4450001 0.3200002 0.3450001 0.165 0
-9999 -9999 5.205 -4.645 -3.84 -2.89 -3.82 -5.045 -5.57 -0.2550001 2.5 -1.265 -3.77 -5.865 -5.49 -5.685 -3.675 -5.075 -5.895 -1.63 -1.645 -1.965 -1.96 -1.84 -0.9799999 -0.9799999 -0.6799999 -0.495 -0.3199999 -0.07999992 0.03000021 0.04500008 0.03999996 0.00999999 0.01499987 -0.1950002 -0.08999991 -0.395 -0.5450001 -0.635 -0.7150002 -0.6199999 -0.5350001 -0.405 -0.175 -0.06999993 0.345 0.175 -0.03500009 -0.0250001 -0.115 -0.1850002 0.51 0.5050001 0.6799999 0.8049999 0.74 0.7500001 0.765 0.7550001 0.4949999 0.08500004 0.08500004 0.235 0.27 0.24 0.11 0.03999996
-9999 -9999 5.65 -4.05 -2.075 -2.535 -2.715 -5.475 -3.97 1.545 3.16 -0.3699999 -4.23 -5.535 -4.605 -5.29 -3.52 -3.28 -1.075 -1.335 -1.14 -1.63 -1.77 -1.65 -0.975 -0.865 -0.5649999 -0.145 -0.06500006 0.105 0.145 0.07999992 0.105 0.07999992 -0.06500006 -0.1699998 -0.2149999 -0.4349999 -0.5899999 -0.6550002 -0.6499999 -0.75 -0.625 -0.3399999 -0.2449999 -0.2950001 -0.05500007 -0.01499987 -0.105 -0.04999995 -0.145 -0.24 0.4299999 0.35 0.675 0.8199999 0.8049999 0.7950001 0.8049999 0.2800001 -0.1949999 -0.11 0.24 0.145 0.1 0.105 0.04500008 0.23
-9999 0.3000001 5.62 -0.7549999 -3.195 -1.87 -4.31 -4.58 -1.255 2.83 3.615 -0.4849999 -5.14 -3.955 -3.14 -4.68 -3.12 -3.535 -5.185 -1.205 -1.04 -1.47 -1.58 -1.45 -1.405 -1.08 -0.75 -0.325 -0.02499986 0.04999995 0.1899998 0.1500001 0.1849999 0.05999994 -0.2150002 -0.4550002 -0.28 -0.3150001 -0.4950001 -0.6000001 -0.5500002 -0.7449999 -0.5350001 -0.3499999 -0.2450001 -0.27 -0.22 -0.24 -0.2450001 -0.2950001 -0.23 -0.3399999 0.08000016 0.145 0.5650001 0.7650001 0.05500007 -0.36 -0.21 -0.4200001 -0.3149999 -0.1850001 0.3449999 0.205 0.14 0.25 0.2800001 0.3849999
-9999 3.38 5.415 -2.48 -1.94 -3.22 -0.105 -0.08999991 1.05 3.475 4.055 3.77 -4.64 -0.74 -0.8199999 -3 -3.255 -1.815 -4.035 -1.045 -1.175 -1.29 -1.475 -1.295 -1.21 -1.015 -0.5399998 -0.3200001 0.03999996 0.25 0.3699999 0.4449999 0.3099999 0.1600001 -0.1950002 -0.345 -0.27 -0.365 -0.4650002 -0.53 -0.575 -0.6699998 -0.4449999 -0.3299999 -0.2450001 -0.375 -0.335 -0.3950002 -0.49 -0.5799999 -0.72 -0.52 -1.265 -0.64 -0.28 -0.7 -0.9449999 -0.99 -0.8100001 -0.6050001 -0.42 -0.24 0.4049999 0.1950001 0.24 0.3099999 0.475 0.405
-9999 -3.345 1.02 -1.46 -4.765 -3.455 -3.345 -2.895 -1.365 1.6 2.985 3.585 1.015 -0.2450001 -0.7299999 -3.085 -2.57 -1.63 -2.795 -1.15 -1.355 -1.53 -1.6 -1.46 -1.23 -1.065 -0.74 0.06500006 0.06500006 0.325 0.425 0.515 0.375 0.1949999 0.03499985 -0.135 -0.3050001 -0.4450002 -0.4650002 -0.51 -0.4949999 -0.5149999 -0.4950001 -0.425 -0.22 -0.4100001 -0.4749999 -0.54 -0.5350001 -0.9349999 -0.905 -0.6400001 -1.64 -1.32 -0.9449999 -1.3 -0.6900001 -0.6999999 -0.59 -0.475 -0.34 0.2 0.4049999 0.1900001 0.125 0.2350001 0.4 0.4449999
-9999 -1.44 5.98 -0.7350001 -4.195 -1.885 -1.745 -2.64 -3.11 2.22 1.655 0.1850002 3.455 0.3599999 -2.065 0.08500004 -3.47 -2.48 -4.94 -1.19 -1.455 -1.62 -1.81 -1.8 -1.26 -1.26 -0.545 -0.14 0.225 0.1300001 0.4050001 0.495 0.42 0.25 0.09000015 -0.1299999 -0.405 -0.4549999 -0.5249999 -0.425 -0.385 -0.3499999 -0.395 -0.325 -0.23 -0.51 -0.4749999 -0.365 -0.7250001 -1.325 -1.56 -1.615 -1.675 -0.9799999 -0.4099998 -0.515 -0.225 -0.105 -0.38 -0.1899999 0.3549999 0.3999999 0.2850001 0.004999995 0.1 0.12 0.3850001 0.3049999
-9999 -2.365 5.105 2.865 -2.905 0.02499986 -1.625 -2.09 -1.27 1.425 -2.085 -0.2650001 1.69 3.89 2.36 -0.52 -3.4 -3.25 -4.695 -2.46 -1.54 -2.045 -2.01 -1.995 -1.82 -1.545 -1.2 -0.865 -0.475 0.03500009 0.3049999 0.4849999 0.4849999 -0.33 -0.5700001 -0.22 -0.525 -0.5699999 -0.53 -0.395 -0.25 -0.2550001 -0.365 -0.3199999 -0.4000001 -0.2900002 -0.385 -0.3499999 -1.255 -1.015 -0.7849998 -0.645 -0.7149999 -0.3100002 0.05999994 0.1200001 0.1849999 0.2249999 0.215 0.05499995 0.49 0.5700001 0.2950001 0.09500003 0.26 0.3149999 0.3049999 0.275
-9999 -1.975 -2.58 5.53 -2.275 1.26 -0.0250001 -1.865 -0.4450001 0.9349999 -1.33 0.3900001 1.41 4.015 1.98 0.1950001 -2.23 -2.835 -3.42 -3.61 -1.65 -1.925 -1.91 -1.925 -1.845 -1.89 -1.5 -1.48 -0.97 -0.29 -0.13 0.00999999 -0.9400001 -0.735 -0.8099999 -0.8199999 -0.8900001 -0.8150001 -0.6849999 -0.6899999 -0.725 -0.335 -0.6049999 -0.175 -0.2450001 -0.02999997 -0.04499984 -0.26 -0.5699999 -0.6000001 -0.26 -0.04999995 -0.02499986 0.1399999 0.3700001 0.48 0.495 0.495 0.4299999 0.16 0.5049999 0.6349999 0.52 0.425 0.4349999 0.5249999 0.54 0.5899999
-9999 -1.735 0.215 4.84 2.695 1.125 0.615 -0.4250001 0.51 0.9549999 -1.635 0.1849999 1.495 3.45 2.89 -1.515 -2.695 -4.22 -3.62 -4.49 -3.875 -1.925 -1.935 -2.135 -2.115 -1.97 -1.655 -1.625 -1.9 -1.13 -0.395 -0.3050001 -2.075 -1.8 -1.28 -1.085 -1.04 -0.825 -0.7450001 -0.67 -0.7650001 -0.77 -0.63 -0.535 -0.2149999 0.06999993 0.1400001 -0.02999997 0.09000015 0.07000017 0.1500001 0.4199998 0.335 0.4650002 0.595 0.7099999 0.6450001 0.6900001 0.6400001 0.5649999 0.59 0.7700001 0.595 0.5299999 0.495 0.5599999 0.6050001 0.715
-9999 -1.32 -0.3100001 1.985 5.555 1.05 2.7 0.875 -0.205 -0.92 -0.6900001 -0.07000005 0.2399999 2.995 3.675 -1.625 -2.07 -3.78 -3.005 -1.805 -3.96 -4.425 -5.27 -2.77 -2.345 -2.395 -2.18 -2.07 -1.8 -1.805 -1.36 -1.125 -2.115 -1.945 -2.005 -1.75 -1.245 -0.9549999 -0.74 -0.605 -0.6000001 -0.765 -0.475 -0.395 -0.1399999 0.09500003 0.1599998 0.2850001 0.4449999 0.625 0.7150002 0.7649999 0.835 0.8249999 0.8000001 0.9400001 0.795 0.5250001 0.7149999 0.9400001 0.9649999 0.9399999 0.8850001 0.83 0.72 0.795 0.825 0.8099999
-9999 -2.01 -1.785 -1.17875 2 0.265 2.375 1.09 0.9450001 0.42 0.9300001 -1.025 -1.71 1.935 3.745 0.755 -2.62 -3.895 -2.89 -0.865 -4.06 -4.765 -5.05 -2.825 -2.41 -2.535 -2.42 -2.375 -2.23 -2.27 -2.04 -2.14 -1.675 -1.765 -1.545 -1.585 -1.43 -1.21 -0.88 -0.535 -0.4350001 -0.36 -0.2950001 -0.2900001 -0.1149999 0.145 0.23 0.5899999 1 1.015 1.15 1.11 1.115 1.175 1.04 1.01 1.13 1.025 0.9699999 0.9799999 0.9349999 1.035 1 1.025 1.01 1.09 1.105 1.34
-9999 -1.4075 -2.06125 -2.105 0.6012501 3.48625 -1.2725 -0.1412499 -2.61875 -1.0075 -0.8100001 -1.12375 -3.54875 -0.8450001 3.51875 -2.4875 -4.31625 -2.8725 -2.6775 0.0374999 -0.84375 -3.7425 -4.18125 -1.66875 -4.56 -3.75 -3.075 -2.91 -2.665 -2.48 -2.81 -2.685 -2.43 -1.895 -1.975 -2.125 -1.455 -1.165 -1.1 -0.7550001 -0.9 -0.675 -0.725 -0.6550001 -0.4749999 -0.145 0.115 0.8449999 1.225 1.275 1.345 1.33 1.29 1.4 1.33 1.24 1.315 1.245 1.305 0.845 0.8599999 0.995 1.045 1.08 1.165 1.97375 2.11 2.26625
-9999 1.455 0.03500009 -3.61125 -0.91 3.41375 0.5475 -1.4125 -2.92 -0.5912499 -0.145 -1.3575 -2.63 -1.6575 2.8325 1.48375 -1.7575 -2.46 -2.4775 -1.18875 -0.1174999 -2.67875 -3.33625 -2.61375 -3.5475 -5.19875 -0.32875 0.03750014 0.3412499 -0.03375006 -0.09000015 0.22875 0.4937501 0.6199999 0.2975001 0.43875 1.0625 1.4825 1.665 1.7075 -0.4724998 0.5949998 1.10375 0.9300001 1.00375 1.0125 1.005 1.04125 1.12125 1.2175 1.34375 1.26875 1.17875 1.02125 1.19625 1.015 1.1175 1.06375 1.2525 0.8362498 0.66875 1.07 1.47 1.64625 2.02875 2.14625 2.105 2.325
-9999 1.02 -1.7425 -3.25625 -0.71 3.60375 2.93 0.8099999 -2.21875 -0.2737498 0.24625 -2.14375 -1.92625 0.2049999 0.5962499 2.28125 1.42625 -4.005 -4.08625 -2.18375 0.4237499 -0.2075 -2.975 -2.81875 -3.22125 -2.38 -1.0625 -0.47875 -0.9824998 -0.52125 -0.1824999 0.1587501 0.33375 0.32375 0.5237498 0.4775 0.5074999 1.465 1.5475 1.3775 -0.2025001 0.2162499 0.1737499 0.03874993 -0.1600001 1.0125 0.98125 0.9812498 1.015 1.15375 1.5275 1.25625 0.9837501 1.045 1.0925 1.42375 1.46375 1.37625 1.39625 0.9437499 0.69875 1.08625 1.535 1.73125 2.0825 2.23375 2.2925 2.3625
