SnowAccumulation_R/test/weighted_temp_raster/final_tmean_04_04_2009.asc
ncols         97
nrows         69
xllcorner     52512.810182332
yllcorner     5316225.2758522
cellsize      10000
NODATA_value  -9999
[rows 31 to 61 of 69, columns 0 to 70 of 97]
-9999 -9999 -9999 1.725 -2.36 -0.325 -5.135 -4.82 -6.99 -3.37 -4.545 -6.145 -6.465 -6.225 -2.825 -2.975 -3.085 -3.225 -3.485 -2.755 -2.49 -2.475 -2.52 -2.415 -2.215 -1.885 -1.285 -1.01 -0.8049998 -0.375 0.06999993 0.22 0.7050002 0.6000001 0.3099999 0.2550001 0.25 0.26 0.3099999 0.2750001 0.03999996 -0.00999999 0.05999994 -0.02499986 -0.3 -0.6300001 -0.6200001 -0.6099999 -0.5699999 -0.5100002 -0.8099999 -0.9000001 -1.08 -1.475 -1.535 -1.78 -1.6 -1.58 -1.85 -1.825 -1.805 -1.815 -1.58 -1.93 -1.96 -2.025 -2.055 -2.145 -2.22 -2.585 -2.89
-9999 -9999 -9999 -1.895 0.9400001 -2.41 -1.215 -5.59 -4.67 -5.85 -4.65 -3.515 -4.09 -3.125 -2.725 -2.65 -2.695 -2.875 -3.19 -2.68 -2.43 -2.3 -2.07 -2.055 -1.77 -1.485 -1.1 -0.8200001 -0.4450002 -0.1900001 0.06999993 0.22 0.365 0.365 0.175 0.3200002 0.26 0.2399998 0.3400002 0.1499999 0.22 0.2650001 0.145 0.03499985 -0.125 -0.4549997 -0.4950001 -0.52 -0.5249999 -0.5349998 -0.7349999 -0.8199999 -1.06 -1.38 -1.555 -1.9 -1.725 -1.635 -1.75 -1.745 -1.76 -1.71 -1.56 -1.715 -1.655 -1.775 -1.835 -2.015 -2.15 -2.595 -2.915
-9999 -9999 -9999 -1.16 0.7749999 2.105 -1.915 -0.8649998 -4.16 -5.44 -6.275 -4.19 -4.7 -4.605 -2.675 -2.59 -2.33 -2.68 -2.93 -2.765 -2.38 -2.455 -2.025 -1.595 -1.425 -1.13 -0.6799998 -0.6900001 -0.1900001 0.04499984 0.1100001 0.1950002 0.1899998 0.115 0.1199999 0.2449999 0.325 0.2750001 0.4300001 0.8349998 0.615 0.3700001 0.1300001 0.0250001 -0.06999993 -0.2050002 -0.4749999 -0.5300002 -0.5650001 -0.53 -0.7 -0.7650001 -1.325 -1.37 -1.515 -1.79 -1.745 -1.625 -1.77 -1.685 -1.685 -1.635 -1.415 -1.795 -1.755 -1.705 -1.785 -2.065 -2.22 -2.47 -2.615
-9999 -9999 -9999 -3.75 -1.325 1.225 1.68 -3.93 -1.445 -4.32 -5.53 -6.405 -5.985 -5.255 -3.185 -2.965 -2.075 -2.545 -2.75 -2.71 -2.24 -2.23 -2.035 -1.675 -1.33 -1.145 -0.4649999 -0.3100002 -0.07500005 0.0150001 0.08999991 0.4400001 0.3799999 0.2049999 0.25 0.2449999 0.28 0.365 0.54 1.21 0.915 0.4849999 0.2450001 0.09500003 -0.04499984 -0.1500001 -0.2650001 -0.5099998 -0.5799999 -0.4549999 -0.5050001 -0.74 -1.255 -1.13 -1.525 -1.735 -1.74 -1.63 -1.875 -1.675 -1.56 -1.445 -1.3 -1.465 -1.66 -1.48 -1.845 -2.16 -2.215 -2.31 -2.27
-9999 -9999 -9999 -3.095 -6.73 0.1399999 1.835 -0.2250001 -2.855 0.4300001 -5 -6.61 -7.095 -5.86 -4.105 -5.665 -3.395 -3.075 -3.195 -2.8 -2.125 -2.21 -2.05 -1.81 -1.22 -1.125 -0.6199999 -0.2949998 -0.1399999 0.08999991 0.3499999 0.4349999 0.2350001 0.1399999 0.175 0.115 0.04500008 0.2050002 0.54 0.7900002 0.635 0.4950001 0.3349998 0.145 0.06999993 -0.06999993 -0.1800001 -0.4300003 -0.49 -0.3650002 -0.5050001 -0.6499999 -1.17 -1.25 -1.465 -1.705 -1.68 -1.825 -1.875 -1.4 -1.3 -1.245 -1.19 -1.3 -1.38 -1.355 -1.89 -2.135 -2.12 -2.165 -2.295
-9999 -9999 -5.83 -6.545 -3.955 -5.64 -2.135 1.445 -1.6 -3.675 -4.685 -4.49 -6.605 -6.175 -4.225 -4.74 -3.855 -3.5 -3.34 -3.26 -2.145 -2.085 -1.95 -1.785 -1.06 -1.025 -0.3900001 -0.1199999 0.03500009 0.125 0.4400001 0.375 0.2349999 0.1700001 0.1700001 0.125 -0.01499987 -0.105 0.07000017 0.22 0.3099999 0.3200002 0.3150001 0.3800001 0.45 0.3600001 0.1000001 -0.3 -0.3800001 -0.4300001 -0.4900002 -0.5650003 -0.7099998 -1.085 -1.45 -1.745 -1.715 -1.69 -1.635 -1.53 -1.31 -1.305 -1.085 -1.135 -1.39 -1.38 -1.82 -2.13 -1.91 -1.85 -1.96
-9999 -9999 -4.185 -2.79 -3.93 -5.23 -4.705 1.18 1.52 -3.475 -1.06 -2.655 -5.615 -5.915 -4 -3.915 -3.71 -3.6 -3.455 -2.96 -2.335 -2.17 -1.99 -1.655 -0.9550002 -1.005 -0.53 -0.45 0.1400001 0.3099999 0.3150001 0.26 0.1499999 0.1900001 0.125 0.135 -0.0400002 -0.2249999 0.03500009 0.165 0.2450001 0.2750001 0.2950001 0.4000001 0.6499999 0.5049999 0.2949998 -0.2549999 -0.3449998 -0.4100001 -0.4700003 -0.5450001 -0.8600001 -1.04 -1.345 -1.565 -1.7 -1.69 -1.68 -1.565 -1.45 -1.075 -1.065 -1.16 -1.4 -1.445 -1.57 -1.84 -1.745 -1.975 -1.86
-9999 -9999 -3.475 -1.935 -2.705 -6.49 -4.125 -1.685 2.285 -3.04 -3.25 -4.085 -3.465 -6.91 -7.19 -3.865 -3.665 -3.815 -3.145 -3.225 -2.755 -2.555 -2.115 -1.715 -1.35 -0.8099999 -0.3999999 -0.4550002 -0.1400001 0.2850001 0.3799999 0.28 0.25 0.27 0.2049999 0.125 0 0.02999997 0.1099999 0.1799998 0.25 0.24 0.25 0.3200002 0.5349998 0.5849998 0.595 0.4649999 -0.0150001 -0.08000016 -0.175 -0.4999998 -0.7349999 -0.9549999 -1.28 -1.39 -1.45 -1.6 -1.64 -1.545 -1.465 -1.39 -1.175 -1.1 -1.26 -1.335 -1.28 -1.335 -1.555 -1.465 -1.49
-9999 -9999 1.635 -1.4 -5.2 -3.775 -3.545 -2.365 2.18 -0.7900002 -3.98 -0.355 -2.68 -4.845 -5.305 -3.71 -3.89 -3.785 -3.75 -3.605 -3.325 -3.25 -2.615 -2.095 -1.58 -1.175 -0.6199999 -0.22 -0.07500005 0.3199999 0.49 0.48 0.3299999 0.4100001 0.3599999 0.1599998 0.1299999 0.1700001 0.3050001 0.2450001 0.23 0.2550001 0.655 0.6700001 0.7649999 0.6599998 0.6499999 0.8500001 0.5450001 0.4850001 0.4200001 0.345 -0.5800002 -0.7250001 -1.09 -1.275 -1.24 -1.405 -1.525 -1.475 -1.455 -1.44 -1.205 -1.18 -1.31 -1.365 -1.32 -1.4 -1.455 -1.375 -1.89
-9999 -9999 4.68 -5.855 -6.73 -5.605 -6.59 -2.14 -1.83 2.345 -4.835 -1.32 -3.85 -5.515 -6.66 -7.585 -5.42 -3.795 -3.675 -3.665 -3.565 -4.1 -2.195 -2.16 -1.97 -1.17 -1.17 -0.135 0.175 0.4550002 0.55 0.5899999 0.4550002 0.4499998 0.3150001 0.2150002 0.1500001 0.1800001 0.3099999 0.1900001 0.2349999 0.2600002 0.72 0.75 0.9200001 0.855 0.9850001 0.9499998 0.915 0.595 0.5249999 0.4599998 -0.46 -0.5599999 -0.8099999 -0.99 -1.045 -1.24 -1.425 -1.455 -1.445 -1.42 -1.315 -1.38 -1.48 -1.595 -1.62 -1.61 -1.71 -1.805 -2
-9999 -9999 5.01 -3.755 -4.435 -5.295 -3.145 -5.765 -4.25 1.485 -4.455 -3.76 -2.91 -5.35 -5.78 -6.555 -5.55 -5.695 -3.62 -3.115 -3.175 -2.735 -2.22 -2.11 -1.985 -0.73 -0.26 0.02999997 0.06500006 0.5549998 0.635 0.6599998 0.5800002 0.51 0.3149998 0.2650001 0.1750002 0.1500001 0.03499985 0.0250001 0.07500005 0.105 0.6700001 0.8000002 0.9549999 1.085 1.055 1.055 1.005 0.8199999 0.7249999 0.5350001 -0.3 -0.3999999 -0.6700001 -0.79 -0.875 -1.14 -1.35 -1.395 -1.46 -1.405 -1.41 -1.515 -1.575 -1.6 -1.61 -1.735 -1.845 -2.045 -2.11
-9999 -9999 4.55 -2.49 -4.88 -4.67 -5.695 -4.295 -3.69 -0.1900001 -3.32 -0.1199999 -1.41 -4.485 -4.795 -6.855 -4.705 -7.465 -3.095 -3.085 -3.035 -2.845 -2.155 -1.91 -1.56 -0.7449999 -0.04999995 0.2349999 0.24 0.635 0.8199999 0.8499999 0.8799999 0.8150001 0.4299998 0.3599999 0.2 0.125 0.02999997 -0.07499981 -0.03999996 0.3050001 0.6849999 0.8200002 1.01 1.19 1.23 1.23 1.21 0.9850001 0.6950002 0.5 -0.2750001 -0.45 -0.625 -0.76 -0.7550001 -1.06 -1.235 -1.315 -1.37 -1.48 -1.495 -1.555 -1.585 -1.63 -1.65 -1.935 -1.855 -2.145 -2.155
-9999 -9999 0.74 -3.27 -3.175 -5.275 -3.975 -4.625 -0.7150002 -2.91 -0.4149997 -3.075 -5 -5.955 -4.36 -5.865 -4.3 -6.28 -3.085 -3.095 -3.355 -2.905 -2.2 -1.83 -1.385 -0.6700001 0.02999997 0.7749999 0.51 0.6800001 0.875 0.9299998 0.8999999 0.8249998 0.6750002 0.5149999 0.3050001 0.2049999 0.06000018 -0.3900001 -0.03999996 0.425 0.6800001 0.865 1.105 1.28 1.335 1.33 1.265 1.135 0.645 0.335 0.05500007 -0.1599998 -0.5050001 -0.76 -0.8150001 -0.9749999 -1.165 -1.245 -1.375 -1.475 -1.575 -1.505 -1.65 -1.655 -1.875 -2.2 -2.375 -2.395 -2.54
-9999 -9999 4.765 -1.985 -2.85 -5.685 -3.22 -4.46 0.6900001 -0.04500008 2.745 -0.6300001 -2.6 -3.76 -6.06 -5.42 -4.19 -5.445 -2.91 -2.855 -3 -2.755 -2.235 -1.735 -1.755 -1.07 -0.5449998 0.5550001 0.5550001 0.8899999 0.97 0.97 0.9000001 0.845 0.7650001 0.4349999 0.2750001 0.1950002 0.1099999 0.03499985 0.1000001 0.3399999 0.7350001 0.9000001 1.16 1.38 1.485 1.55 1.38 0.9399998 0.5350001 0.3499999 0.1700001 0.03999996 -0.26 -0.51 -0.625 -0.8900001 -1.15 -1.25 -1.425 -1.615 -1.685 -1.63 -1.8 -1.915 -2.225 -2.58 -2.68 -2.81 -2.575
-9999 -9999 5.165 -1.665 -4.17 -4.675 -4.975 -4.18 -3.825 -2.705 2.805 -1.15 -3.045 -5.84 -6.86 -4.735 -3.965 -4.565 -2.47 -2.34 -2.565 -2.34 -1.74 -1.27 -1.155 -0.8799999 -0.2350001 0.52 0.845 0.845 0.99 0.9950001 0.8800001 0.8150001 0.75 0.4300001 0.26 0.2099998 0.1899998 0.175 0.2150002 0.585 0.74 0.9400001 1.195 1.495 1.785 1.72 1.465 1.145 0.6950002 0.395 0.4400001 0.2149999 -0.135 -0.49 -0.71 -0.885 -1.185 -1.32 -1.525 -1.695 -1.78 -1.97 -2.24 -2.225 -2.475 -2.715 -2.795 -2.795 -2.865
-9999 -9999 5.685 -3.68 -2.95 -2.155 -3.135 -4.345 -4.94 -0.06999993 2.85 -1.345 -3.79 -5.645 -5.43 -5.69 -4.16 -5.275 -5.965 -1.64 -1.57 -1.49 -1.15 -1.035 -0.2750001 -0.2750001 0.21 0.52 0.8899999 0.9199998 0.915 0.99 0.8799999 0.8 0.71 0.4300001 0.2900002 0.25 0.2149999 0.1999998 0.27 0.5250001 0.8000002 0.9300001 1.23 1.435 2 1.8 1.57 1.25 1.055 0.415 0.7 0.1100001 -0.21 -0.4949999 -0.7549999 -1.015 -1.2 -1.29 -1.75 -2.41 -2.455 -2.35 -2.38 -2.44 -2.65 -2.795 -2.82 -2.73 -2.47
-9999 -9999 6.255 -3.14 -1.31 -1.835 -2.13 -4.775 -3.47 1.72 3.555 -0.49 -4.16 -5.35 -4.66 -5.315 -3.91 -3.73 -1.215 -1.39 -1.285 -1.045 -0.9749999 -0.865 -0.1949999 -0.09500003 0.1299999 0.5450001 0.605 0.7549999 0.8599999 1.04 0.9000001 0.73 0.7099998 0.5599999 0.54 0.335 0.1900001 0.03499985 0.3 0.5549998 0.8050001 0.9850001 1.11 1.035 1.545 1.59 1.51 1.36 0.7 0.2550001 0.5599999 -0.1900001 -0.335 -0.3999999 -0.8150001 -1.06 -1.14 -2.035 -2.72 -2.665 -2.335 -2.54 -2.675 -2.695 -2.835 -2.685 -2.67 -2.565 -2.435
-9999 1.1 6.355 -0.02499986 -2.39 -1.225 -3.64 -3.945 -0.9349999 3.03 3.945 -0.595 -4.925 -3.94 -3.36 -4.725 -3.43 -3.76 -5.165 -1.17 -0.8799999 -0.665 -0.5900002 -0.49 -0.45 -0.08999991 -0.05999994 0.24 0.4200001 0.5699999 0.8000002 0.97 0.8400002 0.6900001 0.5949998 0.5650001 0.5900002 0.5699999 0.3 0.135 0.4400001 0.6099999 0.8600001 0.9399998 1.025 1.245 1.375 1.44 1.42 1.27 0.345 0 -0.05999994 -0.615 -0.605 -0.6000001 -2.025 -2.775 -2.625 -2.955 -2.91 -2.8 -2.275 -2.54 -2.66 -2.62 -2.67 -2.58 -2.46 -2.5 -2.5
-9999 4.175 6.29 -1.665 -1.245 -2.515 0.355 0.2650001 1.31 3.665 4.545 4.325 -4.445 -1.105 -1.23 -3.155 -3.38 -2.01 -3.965 -0.335 -0.3150001 -0.2449999 -0.2750001 -0.3 -0.2450001 -0.09499979 0.0250001 0.0999999 0.29 0.5050001 0.615 0.6200001 0.645 0.7250001 0.6699998 0.5149999 0.5599999 0.5700002 0.4499998 0.4199998 0.5699999 0.6599998 0.8199999 0.8900001 1.06 1.125 1.275 1.33 1.335 0.51 0.1499999 -0.23 -2.565 -2.12 -2.09 -2.98 -3.62 -3.625 -3.415 -3.195 -3.06 -2.9 -2.26 -2.62 -2.63 -2.65 -2.55 -2.675 -2.56 -2.6 -2.695
-9999 -2.39 1.805 -0.6849999 -3.965 -2.74 -2.725 -2.385 -0.9849999 1.835 3.365 4.18 0.99 -0.335 -0.9749999 -3.075 -2.525 -1.535 -2.5 -0.3299999 -0.1850002 0.00999999 -0.24 -0.1849999 0.03500009 -0.0250001 -0.05500007 0.21 0.21 0.3899999 0.4649999 0.4099998 0.5650001 0.7 0.645 0.5650001 0.5899999 0.5600002 0.5150001 0.55 0.6000001 0.625 0.54 0.54 0.96 1.035 1.185 1.285 1.21 0.9200001 -0.00999999 -0.3049998 -3.15 -3.09 -3.095 -3.605 -3.275 -3.27 -3.13 -3.015 -2.95 -2.395 -2.315 -2.705 -2.845 -2.835 -2.745 -2.74 -3.055 -2.83 -2.91
-9999 -0.54 7.15 0.03999996 -3.415 -1.255 -1.165 -2.115 -2.61 2.54 1.905 0.3599999 4.125 0.4000001 -1.855 -0.04999995 -3.24 -2.145 -4.635 -0.02999997 -0.155 -0.125 -0.45 -0.5150001 -0.09500003 -0.09500003 0.28 0.4100001 0.165 -0.09500003 0.4349999 0.4150002 0.4799998 0.4000001 0.49 0.5550001 0.5899999 0.5 0.575 0.5700002 0.5800002 0.5 0.5149999 0.5300002 0.6599998 0.74 0.95 1.08 1.12 0.8499999 -2.73 -3.04 -3.225 -2.705 -2.355 -2.68 -2.51 -2.42 -2.785 -2.595 -2.14 -2.18 -2.505 -2.99 -2.965 -3.07 -2.87 -3.02 -3.4 -3.18 -2.965
-9999 -1.425 6.335 3.735 -2.14 0.645 -1.015 -1.55 -0.8299999 1.8 -1.715 -0.004999876 1.95 4.44 2.595 -0.115 -3.03 -2.805 -4.29 -1.195 -0.07000017 -0.505 -0.535 -0.605 -0.48 -0.5150001 0.004999876 0.1099999 0.48 0.55 0.3500001 0.575 0.6500001 0.875 0.8299999 0.5699999 0.74 0.605 0.5549998 0.5550001 0.5349998 0.52 0.4550002 0.54 0.6049998 0.625 0.7750001 0.9950001 -1.805 -1.655 -1.665 -1.795 -2.055 -1.85 -1.68 -1.745 -1.885 -1.94 -1.985 -2.22 -2 -2.025 -2.55 -2.97 -2.865 -2.95 -3.085 -3.165 -3.165 -3.24 -3.21
-9999 -1.025 -1.69 6.855 -1.505 1.935 0.605 -1.285 0.03999996 1.385 -0.905 0.7550001 1.77 4.555 2.33 0.7 -1.525 -2.12 -2.725 -2.79 0.07000017 -0.25 -0.3850001 -0.5199999 -0.5449998 -0.65 -0.475 -0.1899999 0.3900001 0.655 0.615 0.395 0.7449999 0.79 0.77 0.8050001 0.765 0.755 0.8100001 0.665 0.5699999 0.5249999 0.3050001 0.48 0.5 0.74 0.7750001 0.355 -0.7350001 -1.025 -0.9199998 -0.99 -1.135 -1.25 -1.25 -1.24 -1.445 -1.595 -1.725 -2.135 -2.025 -2.01 -2.375 -2.585 -2.775 -2.82 -2.865 -2.9 -2.99 -3.075 -3.585
-9999 -0.77 1.145 6.225 3.6 1.855 1.265 0.1900001 1.07 1.49 -1.125 0.655 1.97 3.98 3.405 -0.8399999 -1.98 -3.61 -2.865 -3.84 -2.965 -0.25 -0.4399999 -0.8749999 -0.955 -0.74 -0.62 -0.2049999 0.3150001 0.7449999 0.7050002 0.5150001 0.02499986 0.004999876 0.51 0.7150002 0.7149999 0.7749999 0.7449999 0.5799999 0.375 0.1900001 0.1500001 0.175 0.4449999 0.7750001 0.8699999 0.47 0.165 -0.0999999 -0.4000001 -0.395 -0.6900001 -0.835 -0.96 -0.9400001 -1.255 -1.385 -1.53 -1.795 -1.885 -1.94 -2.39 -2.57 -2.82 -2.915 -2.92 -2.915 -2.76 -2.92 -3.01
-9999 -0.3299999 0.645 2.985 6.975 1.84 3.505 1.56 0.415 -0.3399999 -0.1199999 0.4949999 0.8150001 3.605 4.35 -0.895 -1.23 -3.065 -2.105 -0.54 -3.1 -3.63 -4.585 -1.9 -0.855 -0.91 -0.66 0.005000114 0.7399998 0.8100002 0.7049999 0.5150001 0.4150002 0.1900001 -0.09000015 0.1700001 0.6700001 0.7049999 0.7349999 0.52 0.3900001 0.05000019 0.21 0.2149999 0.425 0.6700001 0.7 0.6299999 0.46 0.5150001 0.2750001 0.005000114 -0.06499982 -0.3899999 -0.71 -0.6600001 -1.085 -1.615 -1.495 -1.46 -1.56 -1.845 -2.175 -2.36 -2.69 -2.775 -2.805 -2.95 -2.65 -2.705 -2.64
-9999 -0.2937499 -0.09124994 1.025 4.82375 2.73875 3.23 1.855 1.66 1.09 1.6 -0.3899999 -1.06 2.63 4.545 1.56 -1.815 -3.175 -1.98 0.3399999 -3.225 -4.025 -4.33 -2.055 -1.815 -1.075 -0.9600002 -0.09500003 0.5599999 0.415 0.29 0.665 0.645 0.75 0.71 0.5799999 0.6200001 0.55 0.6200001 0.48 0.3799999 0.4050002 0.345 0.2850001 0.375 0.585 0.605 0.8099999 0.9799999 0.87 0.75 0.385 0.25 0.01999998 -0.4349999 -0.5999999 -0.7049999 -0.95 -1.255 -1.485 -1.67 -1.835 -2.15 -2.26 -2.48 -2.54 -2.595 -2.54 -2.45 -2.5 -2.65
-9999 0.1012499 -0.8024999 -0.2837501 2.92125 5.84 0.99875 2.355 -0.19875 2.145 2.18375 1.1375 -1.72 0.90625 4.53625 -1.64 -3.69625 -2.2775 -2.2175 -0.09249997 -1.27125 -4.2175 -4.51125 -2.21375 -3.705 -2.71 -1.385 -0.355 -0.03000021 0.1300001 0.6899998 0.7650001 0.7649999 0.845 0.405 0.0849998 0.615 0.5899999 0.4449999 0.3599999 -0.03999996 0.07500005 -0.135 -0.145 -0.1000001 0.125 0.345 0.9950001 1.185 1.105 0.9199998 0.6099999 0.4100001 0.2650001 -0.0999999 -0.345 -0.52 -0.72 -0.915 -1.705 -1.82 -1.955 -2.2 -2.305 -2.415 -0.2750001 -0.3049998 -0.3112502 -0.3400002 -0.3900001 -0.7037501
-9999 2.8975 1.485 -1.9075 0.9174999 5.3375 2.8825 0.89375 -0.54 2.175 2.62375 0.7950001 -0.85625 0.002500057 4.0025 2.385 -1.07625 -1.855 -2.23625 -1.31125 -0.8887501 -3.18625 -3.745 -3.275 -4.16625 -6.6275 -1.38875 -1.14625 -0.825 -1.1775 -1.33875 -1.16 -0.85 -0.4712501 -0.6850001 -0.5925001 0.02999997 0.49 0.8562499 1.195 -0.9625001 0.1312501 0.7574999 0.5987501 0.5799999 0.6199999 0.6712501 0.5012498 0.5687501 0.72875 0.6375 0.41875 0.2574999 0.001250029 0.2049999 0.1587501 -0.0625 -0.2487502 -0.1049998 -0.5625 -0.8162501 -0.645 -0.4037499 -0.32375 -0.05250001 -0.08125019 -0.3787498 -0.3824999 -0.2562501 -0.2412498 -0.6924999
-9999 2.54625 -0.2212499 -1.55875 1.05375 5.28875 5.10875 3.265 0.4125001 2.38625 2.49625 -0.1199999 -0.1387501 1.69125 1.78375 2.76625 1.6925 -3.43875 -3.8575 -2.31125 -0.6975 -1.19 -3.34 -3.47625 -3.87625 -3.6175 -2.545 -2.0075 -2.37125 -1.8 -1.56 -1.12625 -0.9437499 -0.7949998 -0.5374999 -0.535 -0.4725 0.62625 0.99 0.9812502 -0.4962499 -0.0625 -0.12375 -0.3312502 -0.49 0.6949999 0.71 0.3675001 0.6375 0.7737501 0.8912501 0.4712501 0.1187501 0.06999993 0.08624983 0.2925 0.3399999 0.2 0.002500057 -0.4087501 -0.74875 -0.6924999 -0.4649999 -0.36375 -0.1325002 -0.0787499 -0.3375001 -0.4412498 -0.2837501 -0.03874993 -0.5674999
-9999 2.6725 -1.255 -1.63375 2.45625 5.19375 3.30125 5.03 3.1425 1.6725 1.06375 -0.5924999 1.0925 -0.07249999 -0.74 1.0875 1.53 -1.8925 -3.26375 -2.59875 -1.66375 -0.3187501 -0.33375 -3.125 -1.07 -5.8425 -3.03625 -2.76125 -2.66375 -2.0175 -1.54125 -1.27625 -0.91625 -0.7525001 -0.4975001 -0.7037499 -0.5 0.5799999 0.8662498 0.6975 0.4837501 0.36375 -0.07375002 -0.1125002 -0.3299999 0.6875 0.62375 0.4750001 0.79 0.835 0.9862502 0.6900001 0.3087499 0.1849999 0.3612499 0.44625 0.5562499 0.5462501 0.1299999 0.0875001 0.05749989 -0.2775002 -0.3700001 -0.4112499 -0.1125 -0.001250029 -0.1512499 -0.25875 -0.1537499 0.29125 -0.2837498
2.23625 2.755 -1.07125 0.1287501 3.58625 2.83375 0.6737499 2.48 2.975 0.29 1.11875 0.4412501 -0.1287498 0.0625 -1.07625 0.44625 -0.04750013 0.34375 -1.32625 -3.14125 -1.78375 0.0625 0.64625 -0.405 -4.57 -3.05 -4.49375 -5.00375 -3.03625 -1.68625 -1.36 -1.0025 -0.80625 -0.7687501 -0.76625 -0.51 0.2474999 0.84375 0.8375001 0.65625 0.5450001 0.5525 0.3050001 0.3312502 0.40625 0.6025 0.5987499 0.6687498 0.8525 0.9225001 1.08875 1.1225 0.7875001 0.4750001 0.7175 0.9525001 0.6287501 0.5650001 0.2925 0.3287501 0.44875 0.3187501 0.18875 0.02625012 -0.02624989 0.007499933 0.22 0.1650002 0.2574999 0.40625 0.27125
