SnowAccumulation_R/test/weighted_temp_raster/final_tmean_02_04_2009.asc
ncols         97
nrows         69
xllcorner     52512.810182332
yllcorner     5316225.2758522
cellsize      10000
NODATA_value  -9999
[rows 31 to 61 of 69, columns 0 to 68 of 97]
-9999 -9999 -9999 -1.16 -5.045 -3.18 -7.23 -7.08 -8.575 -5.875 -6.755 -7.855 -7.995 -7.785 -4.1 -4.17 -4.285 -4.445 -4.49 -4.03 -3.765 -4.08 -4.075 -4.05 -4.335 -4.45 -4.46 -4.68 -4.39 -3.75 -3.02 -2.61 -1.305 -1.185 -1.175 -1.295 -1.115 -1.105 -1.1 -0.96 -0.8699999 -0.4450002 0.25 0.3699999 0.5650001 1.115 1.155 1.205 1.31 1.24 1.175 1.13 1.165 0.8249998 0.7350001 0.4300001 0.4000001 0.3149998 -0.07499981 -0.2650001 -0.46 -0.5650001 -0.605 -0.9200001 -0.9950001 -1.055 -0.7449999 -0.75 -0.7650001
-9999 -9999 -9999 -4.56 -1.905 -4.99 -3.905 -7.41 -6.825 -7.62 -6.72 -5.815 -6.225 -5.33 -4.015 -4.085 -4.14 -3.95 -4.325 -3.94 -3.66 -3.465 -3.32 -3.67 -3.99 -4.15 -4.07 -4.48 -4.075 -3.4 -3.33 -2.61 -2.245 -1.32 -1.225 -1.13 -1.01 -0.895 -0.9649999 -1.035 -0.7349999 -0.1800001 0.2249999 0.365 0.7749999 1.075 1.22 1.255 1.325 1.27 1.245 1.225 1.23 0.9649999 0.8050001 0.4449999 0.4299998 0.405 0.135 -0.06000018 -0.2649999 -0.3249998 -0.415 -0.5799999 -0.3099999 -0.355 -0.3400002 -0.355 -0.3599999
-9999 -9999 -9999 -3.83 -2.015 -0.6899998 -4.455 -3.465 -6.235 -7.225 -7.725 -6.23 -6.58 -6.475 -3.845 -3.72 -3.46 -3.83 -4.025 -3.88 -3.635 -3.755 -2.755 -3.185 -3.485 -3.595 -3.74 -4.09 -4.12 -3.55 -3.125 -2.85 -2.065 -1.89 -1.56 -1.1 -0.99 -0.845 -0.875 -0.7 -0.72 -0.2450001 0.125 0.635 0.77 0.9749999 1.21 1.22 1.235 1.305 1.32 1.285 1.08 1.035 0.9050002 0.6300001 0.53 0.53 0.2550001 0.135 -0.04500008 -0.09500003 0.115 -0.1499999 -0.135 -0.06999993 -0.04999995 -0.06500006 -0.05999994
-9999 -9999 -9999 -5.95 -3.9 -1.525 -1.045 -5.985 -3.88 -6.21 -7.115 -7.615 -7.325 -6.82 -4.26 -4.055 -3.49 -3.91 -4.045 -3.8 -3.525 -3.39 -1.97 -3.04 -3.435 -3.47 -3.96 -4.2 -4.64 -3.835 -3.42 -2.45 -2.085 -1.7 -1.21 -1 -0.665 -0.6949999 -0.54 -0.915 -0.8100002 -0.4100001 0.3050001 0.595 0.845 0.95 1.045 1.215 1.215 1.475 1.55 1.35 1.15 1.265 0.9750001 0.7650001 0.645 0.6399999 0.3050001 0.2750001 0.405 0.3599999 0.3600001 0.23 0.1200001 0.2450001 0.1400001 0.03999996 0.135
-9999 -9999 -9999 -5.35 -8.105 -2.495 -0.875 -2.755 -5.01 -2.035 -6.545 -7.635 -7.885 -7.085 -4.915 -6.095 -4.515 -4.205 -4.26 -4.14 -3.395 -3.315 -3.085 -2.94 -3.205 -3.31 -3.51 -4.055 -4.17 -3.595 -3.4 -2.865 -2.1 -1.555 -0.96 -0.7650001 -0.3699999 -0.5700002 -0.54 -0.655 -0.5949998 -0.45 0.1800001 0.5699999 0.6949999 0.905 1.015 1.25 1.355 1.79 1.55 1.33 1.205 1.185 1.075 0.8800001 0.7750001 0.665 0.49 0.6750002 0.6799998 0.615 0.5799999 0.48 0.4399998 0.47 0.27 0.1849999 0.29
-9999 -9999 -7.44 -7.955 -5.935 -7.17 -4.41 -1.175 -3.885 -5.545 -6.23 -6.07 -7.34 -7.16 -5.27 -5.615 -5.08 -4.62 -4.425 -4.27 -3.52 -3.19 -3.135 -3.07 -2.85 -2.95 -3.4 -3.37 -3.36 -3.275 -2.925 -2.63 -1.88 -1.195 -0.52 -0.605 -0.53 -0.5049999 -0.4000001 -0.4200003 -0.415 -0.135 0.125 0.3199999 0.45 0.6300001 0.8300002 1.08 1.16 1.215 1.205 1.155 1.48 1.18 1.065 0.9250002 0.8199999 0.7750001 0.6999998 0.665 0.7549999 0.6849999 0.76 0.72 0.5600002 0.5900002 0.405 0.2650001 0.4649999
-9999 -9999 -6.105 -4.97 -5.845 -6.78 -6.355 -1.39 -1.025 -5.285 -3.285 -4.65 -6.65 -6.8 -5.13 -5.25 -5.15 -5.125 -4.55 -4.415 -3.67 -3.385 -3.435 -3.2 -2.76 -2.87 -3.055 -3.075 -2.715 -2.535 -2.515 -2.315 -1.745 -1.185 -0.8799999 -0.6849999 -0.6000001 -0.4900002 -0.3599999 -0.375 -0.3649998 -0.105 0.135 0.2249999 0.3400002 0.5150001 0.675 1.015 1.08 1.11 1.105 1.08 1.1 1.055 0.99 0.905 0.7749999 0.75 0.6800001 0.6900001 0.73 0.9099998 0.875 0.8050001 0.655 0.635 0.5949998 0.4749999 0.605
-9999 -9999 -5.475 -4.18 -4.8 -7.645 -5.81 -3.85 -0.3149998 -4.855 -5 -5.575 -5.165 -7.31 -7.395 -5.315 -5.335 -5.075 -4.815 -4.66 -3.895 -3.695 -3.885 -3.44 -2.73 -2.865 -2.72 -2.78 -2.465 -2.13 -2.02 -1.69 -1.55 -0.9199998 -0.8 -0.6899998 -0.425 -0.365 -0.3399999 -0.3349998 -0.1599998 -0.08500004 0.1399999 0.2150002 0.4400001 0.5599999 1.025 1.235 1.15 1.165 1.1 1.015 0.9949999 0.925 0.8499999 0.875 0.8500001 0.74 0.6849999 0.7199998 0.7549999 0.7750001 0.885 0.925 0.8150001 0.7650001 0.7950001 0.78 0.73
-9999 -9999 -1.005 -3.675 -6.685 -5.53 -5.285 -4.33 -0.3999999 -2.935 -5.43 -2.485 -4.435 -5.89 -6.145 -5.03 -5.165 -5.045 -4.935 -4.605 -4.11 -4.14 -3.52 -2.98 -2.695 -2.37 -2.385 -2.39 -2.28 -1.875 -1.11 -1.555 -1.1 -0.7450001 -0.6599998 -0.25 -0.24 -0.1950002 -0.23 -0.1699998 -0.135 -0.1100001 0.26 0.4149997 0.7050002 0.9000001 0.97 1.325 1.25 1.24 1.225 1.2 0.905 0.895 0.8050001 0.8 0.865 0.7949998 0.73 0.7650001 0.7850001 0.79 0.9299998 0.9449999 0.865 0.8099999 0.8200002 0.7450001 0.8050001
-9999 -9999 1.655 -7.16 -7.785 -6.86 -7.505 -4.045 -3.765 -0.1800001 -5.895 -3.22 -5.105 -6.165 -6.885 -7.44 -5.92 -4.935 -4.84 -4.56 -4.19 -4.52 -2.385 -1.89 -2.365 -2.25 -2.25 -1.75 -1.915 -1.675 -1.235 -1.205 -1.105 -0.7050002 -0.26 -0.26 -0.115 -0.1399999 -0.1799998 -0.09499979 -0.1199999 0.1100001 0.4699998 0.8699999 0.99 1.04 1.285 1.37 1.365 1.235 1.185 1.155 0.7849998 0.8199999 0.8299999 0.855 0.875 0.8199999 0.7549999 0.75 0.7900002 0.8299999 0.915 0.885 0.845 0.77 0.75 0.73 0.73
-9999 -9999 1.9 -5.43 -5.95 -6.56 -4.83 -6.735 -5.55 -0.885 -5.52 -4.965 -4.255 -5.915 -6.165 -6.625 -5.815 -5.885 -4.55 -3.96 -3.895 -3.24 -2.635 -2.45 -2.465 -1.58 -1.18 -1.325 -1.08 -1.18 -1.15 -1.09 -0.95 -0.375 -0.23 -0.1999998 -0.09500003 -0.09499979 0.06999993 0.1200001 0.3500001 0.5649998 0.8700001 1.175 1.09 1.095 1.36 1.36 1.39 1.275 1.17 1.055 0.6999998 0.75 0.77 0.865 0.875 0.8050001 0.75 0.76 0.7750001 0.855 0.9000001 0.8599999 0.865 0.885 0.8900001 0.845 0.78
-9999 -9999 1.63 -4.38 -6.185 -6.03 -6.72 -5.555 -5.05 -2.22 -4.57 -2.065 -2.995 -5.125 -5.225 -6.765 -4.925 -7.07 -4.01 -3.795 -3.79 -3.46 -2.555 -2.21 -1.87 -1.435 -0.9599998 -0.97 -0.97 -0.74 -0.635 -0.5650001 -0.28 -0.155 -0.125 -0.09499979 0.2049999 0.22 0.4149997 0.4099998 0.4050002 0.875 1.155 1.265 1.205 1.445 1.46 1.44 1.53 1.305 0.9749999 0.8299999 0.5450001 0.55 0.6700001 0.7650001 0.8500001 0.7800002 0.7750001 0.77 0.8200002 0.8199999 0.8500001 0.8800001 0.9300001 0.9750001 1 0.9150002 0.8999999
-9999 -9999 -1.655 -4.965 -4.82 -6.355 -5.355 -5.76 -2.615 -4.275 -2.255 -4.145 -5.555 -6.165 -4.7 -5.91 -4.255 -6.08 -3.95 -3.935 -4.635 -3.42 -2.565 -1.925 -1.505 -1.18 -0.8700001 -0.895 -0.8349998 -0.6700001 -0.5599999 -0.355 -0.2249999 -0.01000023 0.135 0.1999998 0.365 0.52 0.575 0.3299997 0.6400001 1.095 1.405 1.37 1.645 1.555 1.575 1.55 1.3 1.08 0.8849998 0.655 0.6699998 0.645 0.6450002 0.6699998 0.7249999 0.77 0.7749999 0.78 0.8050001 0.825 0.8099999 0.9300001 0.9349999 0.98 0.9749999 0.9300001 0.8299999
-9999 -9999 2.01 -3.905 -4.53 -6.635 -4.68 -5.58 -1.45 -1.99 0.3249998 -2.27 -3.62 -4.315 -6.07 -5.475 -4.03 -5.31 -3.315 -3.515 -3.725 -3.2 -2.28 -1.66 -0.955 -1.09 -0.8150001 -0.47 -0.47 -0.2149999 -0.28 -0.22 0.03500009 0.135 0.08000016 0.365 0.5599999 0.595 0.6949999 0.6850002 0.9850001 1.225 1.515 1.61 1.84 1.78 1.81 1.53 1.445 1.305 1.01 0.895 0.6949999 0.7249999 0.74 0.7650001 0.7800002 0.77 0.7450001 0.7450001 0.75 0.7349999 0.7349999 0.8600001 0.855 0.8499999 0.7349999 0.575 0.5050001
-9999 -9999 2.51 -3.63 -5.53 -5.82 -6.005 -5.29 -4.925 -4.005 0.395 -2.59 -3.89 -5.97 -6.68 -4.83 -3.94 -4.515 -3.045 -3.095 -2.985 -2.555 -1.935 -1.245 -1.19 -0.9200001 -0.135 -0.4100001 -0.4000001 -0.2299998 0.06999993 0.1850002 0.4200001 0.5150001 0.4349999 0.6299999 0.6300001 0.8499999 0.9549999 1.095 1.31 1.585 1.67 1.785 1.87 1.91 1.85 1.75 1.54 1.405 1.165 1.01 0.8800001 0.8250003 0.77 0.72 0.665 0.7250001 0.6899998 0.6750002 0.6700001 0.665 0.6550002 0.6400001 0.5149999 0.5650001 0.4849999 0.3700001 0.3199999
-9999 -9999 3.115 -5.17 -4.56 -3.86 -4.515 -5.39 -5.73 -1.905 0.45 -2.695 -4.36 -5.785 -5.49 -5.59 -4.25 -5.15 -5.645 -2.43 -2.37 -1.89 -1.28 -0.9849999 -0.1400001 -0.1400001 -0.03500009 -0.29 -0.5650001 -0.07500005 0.425 0.5899999 0.8199999 0.895 0.8200002 0.79 0.71 0.95 1.26 1.365 1.475 1.63 1.825 1.82 1.925 1.775 1.985 1.8 1.545 1.44 1.405 0.895 1 0.7449999 0.6900001 0.6650002 0.595 0.615 0.665 0.675 0.5149999 0.1799998 0.1849999 0.3100002 0.355 0.345 0.27 0.2049999 0.1949999
-9999 -9999 3.62 -4.74 -3.275 -3.61 -3.74 -5.705 -4.595 -0.5500001 0.99 -2.065 -4.655 -5.535 -4.86 -5.285 -4.135 -4.025 -2.18 -2.46 -2.535 -1.555 -1.155 -0.8600001 -0.125 0.05500007 -0.06499982 -0.08999991 0.135 0.4199998 0.6849999 0.9399998 0.9950001 1.005 0.9400001 0.9300001 0.9449999 1.195 1.395 1.585 1.615 1.845 1.93 1.92 1.865 1.635 1.72 1.575 1.33 1.295 1.155 0.7850001 0.9299998 0.575 0.605 0.615 0.53 0.5799999 0.615 0.2550001 -0.06500006 -0.01499987 0.22 0.1400001 0.09000015 0.09500003 0.03500009 0.1600001 0.1800001
-9999 -1.39 3.635 -2.295 -4.115 -3.145 -4.885 -5.065 -2.7 0.4000001 1.125 -2.15 -5.265 -4.435 -3.89 -4.84 -3.855 -4.075 -5.02 -2.18 -1.97 -0.905 -0.5300002 -0.25 -0.1399999 0.1200001 0.06500006 -0.05000019 0.05500007 0.1949999 0.9400001 1.13 1.185 1.26 1.15 1.065 1.05 1.285 1.47 1.69 1.74 1.915 1.985 1.9 1.855 1.575 1.525 1.34 1.085 1.005 0.845 0.575 0.54 0.365 0.4949999 0.5250001 0.125 -0.115 -0.03999996 -0.2 -0.1750002 -0.1099999 0.2249999 0.07500005 0.01000023 0.04500008 0.03000021 0.09500003 0.1949999
-9999 1.37 3.435 -3.605 -3.215 -4.135 -1.905 -1.89 -1.07 0.76 1.46 1.325 -4.905 -2.375 -2.445 -3.725 -3.86 -3.025 -4.19 -1.175 -1.03 -0.7650001 -0.3900001 -0.175 -0.03500009 0.29 0.1100001 -0.08000016 0.145 0.8099999 1.24 1.485 1.425 1.34 1.205 1.18 1.16 1.275 1.475 1.59 1.705 1.84 1.89 1.845 1.725 1.365 1.235 1.07 0.8600001 0.55 0.405 0.3800001 -1.005 -0.3399999 -0.02499986 -0.25 -0.3600001 -0.4549999 -0.3800001 -0.3199999 -0.27 -0.1750002 0.2049999 -0.02499986 -0.03500009 -0.06500006 -0.01499987 -0.08500004 0.02499986
-9999 -4.245 -0.92 -2.87 -5.27 -4.305 -4.205 -3.86 -2.79 -0.6550001 0.5200001 1.085 -0.91 -1.825 -2.275 -3.69 -3.305 -2.69 -3.275 -1.235 -0.7450001 -0.3149999 -0.24 -0.145 0.52 0.4549999 0.2749999 0.28 0.28 0.9549999 1.265 1.455 1.46 1.385 1.29 1.22 1.14 1.205 1.43 1.525 1.62 1.715 1.62 1.54 1.625 1.235 1.07 0.7900002 0.25 -0.1800001 0.01499987 0.1800001 -1.41 -0.9000001 -0.425 -0.545 -0.1849999 -0.2500001 -0.2249999 -0.23 -0.2250001 0.105 0.1500001 -0.105 -0.2149999 -0.26 -0.2450001 -0.2449999 -0.3900001
-9999 -2.835 3.685 -2.365 -4.855 -3.2 -3.09 -3.68 -3.985 -0.245 -0.5400001 -1.575 1.125 -1.24 -2.925 -1.465 -3.745 -3.035 -4.575 -0.86 -0.65 -0.345 -0.27 -0.1600001 0.3 0.3 0.05000019 0.1699998 0.4849999 0.8 1.06 1.085 1.175 1.035 0.925 0.885 0.8400002 1.065 1.39 1.49 1.535 1.545 1.525 1.45 1.205 0.9899998 0.8400002 0.5550001 -0.135 -1.235 -1.76 -1.56 -1.48 -0.6800001 -0.0999999 -0.1199999 0.1000001 0.145 -0.07500005 -0.03499985 0.2649999 0.25 0.03999996 -0.2850001 -0.3 -0.4449999 -0.4300001 -0.5249999 -0.6600001
-9999 -3.55 2.64 0.335 -3.935 -1.89 -3.015 -3.3 -2.695 -0.8250002 -3.145 -1.805 -0.265 1.65 0.6899999 -1.535 -3.585 -3.405 -4.3 -2.265 -0.6850001 -0.2150002 -0.14 -0.08499992 -0.3299999 -0.4100001 -0.54 -0.55 0.105 0.385 0.71 0.9599998 1.02 0.8 0.6799998 0.5650001 0.6299999 0.905 1.07 1.33 1.435 1.44 1.405 1.335 1.09 0.8600001 0.6800001 0.5449998 -1.405 -1.235 -0.9850001 -0.7149999 -0.6949999 -0.1699998 0.2449999 0.3200002 0.395 0.4000001 0.3599999 0.1499999 0.385 0.385 0.04500008 -0.2450001 -0.23 -0.4000001 -0.6049998 -0.6750002 -0.6099999
-9999 -3.275 -3.72 2.74 -3.495 -1.09 -1.945 -3.14 -2.135 -1.17 -2.605 -1.3 -0.465 1.685 0.52 -0.825 -2.5 -2.855 -3.21 -3.13 -0.405 -0.7149999 -0.205 -0.5050001 -0.5999999 -0.7399999 -0.8599999 -0.7549999 -0.8800001 -0.3150001 0.5 0.425 -0.04999995 0.21 0.25 0.3349998 0.4349999 0.7050002 0.9300001 1.05 1.05 1.29 0.9949999 1.24 0.8700001 1 0.8700001 0.28 -0.5449998 -0.6949997 -0.375 -0.105 -0.04500008 0.2149999 0.49 0.615 0.6600001 0.6500001 0.5799999 0.28 0.4450002 0.4749999 0.2350001 0.08500004 -0.105 -0.2850001 -0.4099998 -0.6599998 -0.51
-9999 -3.11 -1.775 1.47 -0.135 -1.22 -1.53 -2.175 -1.505 -1.165 -2.78 -1.415 -0.385 1.24 1.135 -2.085 -2.765 -3.765 -3.17 -3.765 -2.985 -0.7149999 -0.635 -0.8800001 -0.9999999 -1.01 -1.3 -1.205 -1.05 -0.2550001 -0.01499987 -0.1099999 -1.555 -1.325 -0.49 -0.145 0.05999994 0.48 0.6500001 0.8299999 0.7449999 0.72 0.77 0.7950001 0.925 0.98 0.9300001 0.3900001 0.1949999 0.05500007 0.04999995 0.3600001 0.2949998 0.4949999 0.6900001 0.8199999 0.8199999 0.8649998 0.8100001 0.675 0.6400001 0.6399999 0.3500001 0.2149999 -0.005000114 -0.1850002 -0.27 -0.395 -0.1699998
-9999 -2.81 -2.15 -0.6900001 1.805 -1.295 -0.26 -1.355 -1.965 -2.335 -2.125 -1.56 -1.255 0.91 1.665 -2.105 -2.205 -3.345 -2.58 -1.26 -2.91 -3.29 -3.93 -1.65 -1.11 -1.745 -2.045 -1.5 -1.105 -0.6999998 -0.6200001 -0.71 -1.515 -1.47 -1.515 -1.125 -0.3599999 0.1200001 0.4349999 0.675 0.7049999 0.4950001 0.75 0.78 0.8499999 0.8400002 0.76 0.5599999 0.45 0.5699999 0.6200001 0.6899998 0.7850001 0.8399999 0.8800001 1.04 0.9750001 0.8 0.96 1.045 1 0.835 0.6400001 0.51 0.25 0.105 0.03500009 -0.08000016 0.2249999
-9999 -4.70125 -4.50625 -2.74375 0.7437501 -0.64625 -0.49 -1.225 -1.22 -1.435 -1.035 -2.185 -2.5 0.17 1.72 -0.27 -2.59 -3.395 -2.445 -0.5000001 -2.97 -3.535 -3.655 -1.725 -1.63 -2.425 -3.305 -1.965 -1.415 -1.635 -1.685 -0.96 -0.9849999 -1.125 -0.9000001 -0.9299998 -0.71 -0.365 0.08500004 0.5550001 0.6900001 0.77 0.76 0.7 0.7050002 0.7350001 0.675 0.7449999 0.8699999 0.8899999 1.05 1.025 1.06 1.16 1.095 1.105 1.275 1.225 1.235 1.145 1.04 0.98 0.8149998 0.7550001 0.5849998 0.47 0.415 0.7 0.9000001
-9999 -4.28 -5.42 -4.20375 -0.61875 2.195 -2.21375 -1.0225 -3.96625 -2.1375 -1.8 -1.745 -3.93375 -1.27375 3.435 -2.44375 -4.3 -2.7025 -2.5025 0.05624998 -1.035 -3.89875 -4.23375 -1.78125 -2.815 -2.405 -2.29 -2.525 -2.115 -1.77 -2.09 -1.725 -1.59 -1.21 -1.36 -1.525 -0.7849998 -0.4100001 -0.2949998 0.1400001 -0.01499987 0.22 0.08999991 0.0999999 0.135 0.2900002 0.4449999 0.97 1.175 1.18 1.245 1.25 1.22 1.375 1.36 1.315 1.43 1.4 1.46 1.04 1 1 0.925 0.905 0.825 1.75625 1.73375 1.81125 1.81
-9999 -1.09375 -2.72875 -5.62625 -2.1 1.945 -0.3149999 -2.2075 -3.84375 -1.71625 -1.20125 -1.9325 -3.02625 -1.85625 2.77375 1.5375 -1.93625 -2.22875 -2.27625 -0.9887501 -0.275 -2.71625 -3.55875 -2.95375 -3.85625 -5.48 -0.52 -0.17125 0.21375 0.07249999 0.14125 0.48875 0.755 0.93125 0.6575 0.7712499 1.34875 1.695 1.86625 1.6775 0.3237498 1.4025 1.7375 1.6 1.525 1.63875 1.6175 1.915 2.01875 1.98125 1.895 1.86125 1.76875 1.5375 1.74875 1.7125 1.7675 1.73375 1.8725 1.33875 1.2175 1.515 1.72375 1.835 1.99125 1.89 1.7375 1.6325 1.88875
-9999 -1.30625 -4.1 -5.005 -1.6775 2.1825 1.99125 0.09500003 -2.66875 -1.06 -0.24125 -2.6575 -2.22625 0.01499987 0.54625 2.4725 1.84625 -3.73625 -3.835 -1.85625 0.4537499 -0.1900001 -3.14375 -3.2175 -3.675 -2.87 -1.8775 -1.2575 -1.1225 -0.25 0 0.4037499 0.57625 0.6324999 0.7925 0.7787501 0.8825001 1.73125 2.0825 1.6825 0.6337501 1.0675 0.965 0.88 0.6400001 1.77 1.72125 2.04125 1.8675 1.8925 2.12625 1.85625 1.5825 1.66 1.7025 2.02875 2.20125 2.18875 2.09875 1.40125 1.14625 1.505 1.6575 1.72125 1.74125 1.74125 1.715 1.78625 1.7825
-9999 -0.485 -4.91375 -4.83 -0.48375 2.04125 0.1175001 1.92375 0.2175 -1.14625 -1.59875 -2.89125 -0.7687501 -1.57625 -1.91625 0.8462499 1.86375 -2.18625 -3.19625 -2.25625 -0.345 0.2075001 -0.2062501 -2.85875 -0.9875 -4.93 -2.4325 -2.16375 -1.36125 -0.3612499 0.04874992 0.34 0.645 0.7375001 0.8437501 0.6649998 0.6999999 1.64875 1.98125 1.855 1.71 1.51375 0.93625 0.9375001 1.0475 1.8275 1.7875 2.17875 1.9025 1.96625 2.215 2.01625 1.73375 1.8075 2.00875 2.25375 2.54875 2.59 2.3825 2.1575 1.9775 1.50125 1.515 1.6625 1.8075 1.9 1.71375 1.81875 1.9025
-0.45125 0.08875 -4.575 -3.11625 0.38625 -0.67125 -2.59 -0.83125 0.1025 -2.57 -1.1 -1.295 -1.75625 -1.4525 -2.17875 0.245 -0.0625 0.3824999 -1.33875 -3.11375 -1.13375 0.4312499 0.6174999 -0.4549999 -4.3025 -2.73375 -3.4575 -3.955 -1.3275 0.11625 0.475 0.7237501 0.7737499 0.6725 0.4375 0.8000001 1.4025 1.92625 1.97625 1.9275 1.9325 1.915 1.59 1.75375 2.11125 2.17125 2.1325 2.0875 2.07875 2.1225 2.24875 2.40875 2.1775 2.12 2.31125 2.76375 2.85625 2.95 2.75375 2.4475 2.445 2.18125 2.0225 1.83 1.79 1.81875 2.0975 2.065 2.18125
