SnowAccumulation_R/test/weighted_temp_raster/final_tmean_03_04_2009.asc
ncols         97
nrows         69
xllcorner     52512.810182332
yllcorner     5316225.2758522
cellsize      10000
NODATA_value  -9999
[rows 0 to 29 of 69, columns 0 to 67 of 97]
-9999 -9999 -9999 -9999 -9999 -9999 -9999 -9999 -9999 -9999 -9999 -9999 -9999 -9999 -9999 -9999 -9999 -9999 -9999 -9999 -9999 -9999 -9999 -9999 -9999 -9999 -9999 -9999 -9999 -9999 -9999 -9999 -9999 -9999 -9999 -9999 -9999 -9999 -9999 -9999 -9999 -9999 -9999 -9999 -9999 -9999 -9999 -9999 -9999 -9999 -9999 -9999 -9999 -9999 -9999 -9999 -9999 -9999 -9999 -9999 -9999 -9999 -9999 -9999 -9999 -9999 -9999 -9999
-9999 -9999 -9999 -9999 -9999 -0.415 -1.78 -2.21 -2.75 -2.125 -2.39 -2.18 -1.76 -1.07 -1.78 -1.99 -1.775 -1.87 -9999 -9999 -9999 -9999 -9999 -9999 -9999 -9999 -9999 -9999 -9999 -9999 -9999 -9999 -9999 -9999 -9999 -9999 -9999 -9999 -9999 -9999 -9999 -9999 -9999 -9999 -9999 -9999 -9999 -9999 -9999 -9999 -9999 -9999 -9999 -9999 -9999 -9999 -9999 -9999 -9999 -9999 -9999 -9999 -9999 -9999 -9999 -9999 -9999 -9999
-9999 -9999 -9999 -9999 -9999 -2.045 -2.525 -2.475 -2.305 -1.595 -1.63 -0.9050001 -0.7550001 -1.05 -1.75 -1.55 -1.585 -1.75 -1.91 -2.27 -2.625 -2.805 -3.125 -3.6 -3.91 -4.53 -4.65 -4.515 -4.38 -4.155 -4.02 -3.57 -2.99 -2.52 -2.055 -1.475 -1.265 -1.065 -1.02 -0.9349999 -0.9949999 -1.145 -1.24 -1.545 -1.735 -1.94 -2.11 -2.195 -2.105 -1.965 -2.065 -2.115 -2.155 -2.33 -2.485 -2.605 -2.885 -3.165 -3.525 -3.745 -4.2 -4.41 -4.455 -4.52 -4.56 -4.595 -4.68 -4.615
-9999 -9999 -9999 -9999 -9999 -1.17 -0.9799999 -1.5 -1.545 -0.8050001 -0.8300002 -1.1 -0.8149999 -1.39 -1.645 -1.705 -1.77 -1.855 -1.75 -1.945 -2.28 -2.805 -3.085 -3.495 -4.005 -4.205 -4.44 -4.47 -4.505 -4.335 -4.27 -3.83 -3.28 -2.78 -2.3 -1.67 -1.365 -1.14 -1.055 -0.8499999 -0.7649999 -0.8399999 -0.9849999 -1.165 -1.305 -1.465 -1.585 -1.81 -1.865 -1.8 -1.985 -2.07 -2.165 -2.24 -2.46 -2.855 -2.98 -3.285 -3.67 -3.935 -4.425 -4.76 -4.6 -4.61 -4.655 -4.715 -4.79 -4.83
-9999 -9999 -9999 -9999 -9999 -0.55 -0.6449999 -0.785 -0.8200001 -0.785 -0.5549999 -0.6550001 -0.845 -1.05 -1.15 -1.385 -1.75 -1.82 -1.465 -1.765 -1.92 -2.19 -2.935 -3.23 -3.585 -3.725 -4.03 -4.22 -4.37 -4.505 -4.37 -4.155 -3.64 -3.025 -2.575 -2.005 -1.765 -1.325 -1.115 -0.6900001 -0.4200001 -0.4950001 -0.5699999 -0.655 -0.895 -1.33 -1.515 -1.515 -1.555 -1.755 -1.805 -2.04 -2.21 -2.255 -2.385 -2.84 -3.19 -3.49 -3.805 -4.035 -4.38 -4.61 -4.67 -4.705 -4.72 -4.75 -4.86 -5.03
-9999 -9999 -9999 -9999 -9999 -0.2 -0.3000001 -0.4100001 -0.715 -0.4400001 -0.7249999 -0.8199999 -0.9299999 -1.055 -1.195 -1.24 -1.47 -1.49 -1.08 -1.285 -1.475 -1.9 -2.255 -2.495 -3.125 -3.35 -3.475 -3.77 -4.08 -4.22 -4.525 -4.27 -3.83 -3.23 -2.775 -2.36 -1.92 -1.675 -1.185 -0.5999999 -0.27 -0.3200002 -0.3399999 -0.3800001 -0.625 -1.045 -1.305 -1.42 -1.38 -1.445 -1.51 -1.75 -2.005 -2.235 -2.42 -2.775 -3.125 -3.415 -3.615 -3.955 -4.27 -4.505 -4.87 -4.875 -4.81 -4.785 -4.97 -5.08
-9999 -9999 -9999 -9999 -9999 -0.385 -0.455 -0.3249999 -0.7 -0.73 -0.9799999 -1.04 -1.125 -1.185 -1.31 -1.49 -1.595 -1.775 -0.95 -1.08 -1.285 -1.485 -1.865 -2.105 -2.345 -2.94 -2.975 -3.105 -3.35 -3.465 -4.02 -4.015 -3.775 -3.36 -2.91 -2.575 -2.275 -2.075 -1.41 -0.615 -0.1000001 0.01999998 -0.02999997 -0.1799998 -0.4649999 -0.78 -1.16 -1.275 -1.3 -1.48 -1.475 -1.52 -1.675 -1.81 -2.305 -2.575 -3.015 -3.415 -3.575 -3.93 -4.16 -4.575 -4.92 -4.94 -5.155 -4.98 -5.025 -5.08
-9999 -9999 -9999 -9999 -9999 -0.4450001 -0.39 -0.4700001 -0.9900001 -1.44 -1.05 -1.19 -1.45 -1.56 -1.39 -1.37 -1.3 -1.33 -1.065 -0.8599999 -1.14 -1.335 -1.615 -1.99 -2.265 -2.48 -2.565 -2.52 -2.475 -3.25 -3.65 -3.74 -3.65 -3.41 -3.02 -2.715 -2.585 -2.57 -1.7 -0.78 -0.1949999 0.01999998 0.115 -0.08500004 -0.4200001 -0.6100001 -0.9850001 -1.115 -1.38 -1.735 -1.68 -1.685 -1.675 -1.755 -2.035 -2.42 -2.86 -3.29 -3.45 -3.91 -4.15 -4.54 -4.685 -4.83 -5.1 -5.22 -5.08 -5.155
-9999 -9999 -9999 -9999 -9999 -0.6700001 -0.79 -0.5650001 -1.18 -1.355 -1.315 -1.235 -1.26 -1.32 -1.325 -1.145 -1.075 -0.9350002 -0.9499998 -0.77 -1.06 -1.42 -1.47 -1.945 -2.205 -2.44 -2.55 -2.645 -2.77 -3.13 -3.425 -3.535 -3.54 -3.325 -3.045 -2.77 -2.54 -2.405 -1.675 -0.8350002 -0.3050001 -0.1299999 -0.04999995 -0.125 -0.29 -0.5250001 -0.855 -1.035 -1.545 -1.835 -2 -1.81 -1.735 -1.785 -1.97 -2.505 -2.75 -3.185 -3.315 -3.71 -3.91 -4.32 -4.67 -4.805 -5.08 -5.195 -5.235 -5.255
-9999 -9999 -9999 -9999 -9999 -1.22 -1.18 -1.09 -1.355 -1.685 -1.63 -1.54 -1.245 -1.055 -1.08 -1.04 -0.6700001 -0.7049999 -0.75 -0.885 -1.155 -1.585 -1.715 -1.885 -2.155 -2.565 -2.67 -2.655 -2.715 -2.835 -2.995 -3.365 -3.38 -3.23 -3.035 -2.635 -2.19 -1.95 -1.355 -0.7349999 -0.2750001 -0.1199999 -0.1399999 -0.09500003 -0.1949999 -0.335 -0.8349998 -1.125 -1.68 -2.2 -2.345 -2.165 -2.035 -1.94 -2.115 -2.35 -2.675 -2.93 -3.025 -3.345 -3.69 -4.24 -4.47 -4.75 -4.925 -5.25 -5.47 -5.415
-9999 -9999 -9999 -9999 -9999 -2.785 -1.615 -1.75 -1.875 -2.02 -2.01 -1.73 -1.095 -0.99 -0.8500001 -0.8150001 -0.425 -0.5999999 -0.5450001 -0.9549999 -1.425 -1.715 -1.63 -1.775 -2.165 -2.645 -2.46 -2.425 -2.545 -2.63 -2.83 -3.085 -3.17 -3.005 -2.875 -2.36 -1.765 -1.49 -0.9699999 -0.5349998 -0.145 -0.1550002 -0.25 -0.385 -0.49 -0.5550001 -0.9349999 -1.305 -1.755 -2.285 -2.625 -2.42 -2.245 -2.23 -2.345 -2.58 -2.53 -2.605 -2.82 -3.135 -3.48 -3.755 -4.155 -4.63 -4.845 -5.26 -5.54 -5.57
-9999 -9999 -9999 -9999 -9999 -3.77 -3.05 -2.455 -2.61 -2.655 -2.55 -2.325 -1.475 -0.8 -0.6949999 -0.48 -0.3150001 -0.3500001 -0.3399999 -0.845 -1.12 -1.21 -1.44 -1.57 -1.835 -2.07 -2.05 -2.09 -2.175 -2.375 -2.68 -2.935 -3.02 -2.94 -2.595 -1.945 -1.265 -0.97 -0.605 -0.01999998 0.08500004 -0.25 -0.48 -0.77 -0.915 -0.8999999 -1.03 -1.305 -1.865 -2.335 -2.5 -2.45 -2.475 -2.305 -2.485 -2.55 -2.48 -2.545 -2.625 -3.005 -3.305 -3.535 -3.74 -4.385 -4.69 -5.12 -5.45 -5.58
-9999 -9999 -9999 -9999 -4.71 -4.195 -3.49 -2.95 -3.28 -3.06 -2.4 -2.015 -1.395 -0.5549998 -0.5550001 -0.865 -0.06999993 -0.145 -0.6600001 -0.75 -0.9350002 -0.7 -1.13 -1.28 -1.45 -1.555 -1.46 -1.635 -1.745 -2.045 -2.515 -2.89 -2.985 -2.935 -2.51 -1.98 -1.35 -0.78 -0.49 -0.1500001 -0.155 -0.4549999 -0.655 -0.9849999 -0.98 -1.005 -1.07 -1.12 -1.665 -2.055 -2.46 -2.32 -2.355 -2.11 -2.13 -2.345 -2.37 -2.455 -2.655 -2.815 -3.11 -3.23 -3.57 -4.06 -4.45 -4.82 -4.985 -5.39
-9999 -9999 -9999 -9999 -5.04 -4.54 -3.94 -3.445 -2.745 -2.39 -2.435 -1.785 -1.005 -0.665 -0.3100002 -0.135 -0.115 -0.325 -0.665 -0.7249999 -0.8399999 -0.8999999 -0.79 -0.8100002 -1.12 -1.235 -1.04 -1.32 -1.465 -1.9 -2.37 -2.725 -2.885 -2.865 -2.495 -2.045 -1.46 -0.895 -0.585 -0.3 -0.365 -0.495 -0.6650001 -0.89 -0.96 -0.9749999 -1.265 -1.5 -1.695 -2.015 -2.2 -2.085 -1.965 -2.215 -2.26 -1.995 -2.195 -2.275 -2.485 -2.69 -2.91 -3.035 -3.415 -3.78 -4.13 -4.525 -4.71 -5.15
-9999 -9999 -9999 -9999 -5.845 -4.305 -4.885 -4.9 -3.78 -2.305 -2.035 -1.765 -1.195 -0.7450001 -0.335 -0.4250002 -0.365 -0.8599999 -0.905 -0.98 -1.24 -0.7449999 -0.8099999 -0.7650001 -0.8400002 -0.8750001 -1.02 -1.385 -1.635 -1.885 -2.385 -2.745 -2.78 -2.725 -2.535 -2.16 -1.595 -1.02 -0.7 -0.3300002 -0.4399998 -0.48 -0.5650001 -0.7500001 -0.8199999 -1.055 -1.21 -1.445 -2 -1.865 -1.705 -1.64 -1.75 -1.925 -2.1 -1.985 -2.19 -2.26 -2.23 -2.45 -2.775 -3 -3.225 -3.695 -4.09 -4.215 -4.605 -5.025
-9999 -9999 -9999 -9999 -7.835 -4.9 -5.525 -5.125 -4.47 -3.495 -2.515 -2.465 -1.425 -0.9650002 -0.4049997 -0.2350001 -0.3299999 -0.7449999 -1.2 -1.44 -1.24 -1.515 -0.9449999 -0.5199999 -0.5199999 -0.76 -1.09 -1.35 -1.655 -1.85 -2.45 -2.845 -3.095 -2.905 -2.6 -2.285 -1.735 -1.17 -0.865 -0.4400001 -0.3650001 -0.4100001 -0.5750002 -0.65 -0.8049999 -0.91 -1.155 -1.35 -1.925 -1.735 -1.5 -1.385 -1.41 -1.405 -1.71 -1.915 -1.945 -2.015 -2.18 -2.515 -2.83 -2.835 -3 -3.58 -3.935 -4.12 -4.44 -4.735
-9999 -9999 -9999 -9999 -7.365 -8.85 -6.91 -6.15 -5.105 -4.895 -4.16 -3.3 -2.58 -1.285 -0.1300001 0.07000017 0.03000021 -0.6849999 -1.565 -1.5 -1.39 -1.64 -0.8499999 -0.5299999 -0.8199999 -0.92 -1.09 -1.04 -1.165 -1.91 -2.34 -2.765 -2.99 -2.89 -2.66 -2.33 -1.89 -1.325 -1.06 -0.7249999 -0.6199999 -0.46 -0.3950001 -0.46 -0.6450001 -0.67 -0.86 -1.085 -1.26 -1.165 -1.04 -0.95 -0.925 -0.9250002 -1.275 -1.62 -1.74 -1.925 -2.12 -2.415 -2.6 -2.86 -2.975 -3.225 -3.835 -4 -4.22 -4.5
-9999 -9999 -9999 -9999 -8.3 -8.105 -8.61 -6.99 -5.39 -5.345 -5.305 -4.305 -3.655 -1.29 0.0250001 0.6149998 0.3699999 -0.9650002 -2.11 -1.875 -1.685 -1.555 -1.115 -1.015 -0.8050001 -0.7850001 -1.055 -1.095 -1.2 -1.545 -2.415 -2.685 -2.705 -2.405 -2.655 -2.26 -1.95 -1.42 -1.215 -0.8400002 -0.635 -0.59 -0.3199999 -0.515 -0.505 -0.5 -0.47 -0.6450001 -0.665 -0.5450001 -0.4649999 -0.405 -0.5150001 -0.575 -0.7700002 -1.09 -1.355 -1.75 -2.01 -2.305 -2.495 -2.91 -3.16 -3.475 -3.41 -3.745 -4.215 -4.325
-9999 -9999 -9999 -9999 -8.46 -9.135 -8.965 -6.27 -6.2 -4.965 -5.385 -4.015 -2.43 -1.525 -0.9100001 1.345 0.2150002 -1.27 -2.765 -1.945 -1.735 -1.865 -1.235 -1.165 -0.9649999 -1 -0.95 -1.095 -1.385 -1.745 -2.21 -2.55 -2.375 -2.46 -2.495 -2.2 -1.755 -1.33 -1.17 -0.865 -0.83 -0.7049999 -0.275 -0.505 -0.3249999 -0.22 -0.135 -0.1899998 -0.24 -0.08500004 -0.08999991 -0.01999998 0.00999999 -0.2099998 -0.5049999 -0.6400001 -0.9399998 -1.46 -1.915 -2.19 -2.4 -2.885 -3.32 -3.77 -3.895 -3.61 -3.97 -3.995
-9999 -9999 -9999 -9999 -9.145 -9.64 -9.025 -8.115 -4.055 -4.565 -5.11 -4.67 -4.065 -2.65 -0.1700001 0.7599998 0.5749998 -3.185 -2.82 -2.35 -2.21 -2.13 -1.6 -1.365 -1.025 -1.085 -1.18 -1.27 -1.36 -1.7 -2.14 -2.225 -2.3 -2.325 -2.37 -2.11 -1.61 -1.19 -1.06 -0.8850001 -0.88 -0.675 -0.3149999 -0.37 -0.2199999 0.02499998 0.05000007 0.04999995 0.1499999 0.24 0.49 0.5350001 0.5999999 0.1200001 -0.1850002 -0.3099999 -0.7149999 -1.11 -1.57 -1.985 -2.21 -2.835 -3.215 -3.765 -3.725 -4.225 -4.46 -4.09
-9999 -9999 -9999 -9999 -9.51 -8.46 -8.3 -4.055 -6.765 -6.705 -5.765 -5.385 -4.435 -2.01 -2.31 -1.295 -0.3500004 -2.11 -2.495 -2.475 -2.36 -2.25 -1.965 -1.395 -1.25 -1.085 -1.085 -1.165 -1.395 -1.745 -1.97 -2.02 -2.335 -2.325 -2.245 -2.11 -1.76 -1.4 -1.215 -0.8550001 -0.6950001 -0.505 -0.41 -0.26 -0.125 0.175 0.2649999 0.2850001 0.41 0.5899999 0.9399998 1.1 1.105 0.5050001 0.0999999 -0.1300001 -0.575 -0.835 -1.305 -1.525 -1.955 -2.49 -2.81 -3.21 -3.48 -4.01 -4.405 -3.92
-9999 -9999 -9999 -9999 -7.59 -7.87 -7.195 -6.11 -8.14 -7.47 -7.31 -5.62 -4.725 -4.67 -4.035 -2.675 -1.67 -2.06 -2.425 -2.43 -2.135 -2.28 -1.72 -1.515 -1.22 -1.125 -1.2 -1.325 -1.675 -1.86 -2.05 -2.16 -2.2 -2.29 -2.115 -1.76 -1.62 -1.67 -1.63 -1.135 -0.74 -0.54 -0.4349999 -0.275 0.15 0.105 0.35 0.37 0.5249999 0.79 1.02 1.17 1.23 0.5350001 0.125 -0.05500007 -0.415 -0.5149999 -1.18 -1.385 -1.695 -2.105 -2.575 -2.77 -3.24 -3.725 -4 -3.865
-9999 -9999 -9999 -9999 -6.405 -8.775 -7.24 -6.02 -7.795 -8.55 -6.8 -6.925 -5.33 -5.445 -5.19 -3.72 -3.025 -2.875 -2.61 -2.435 -2.835 -2.37 -1.895 -1.555 -1.17 -1.25 -1.35 -1.45 -1.66 -2.125 -1.95 -2.03 -1.795 -1.845 -1.805 -1.72 -1.755 -1.775 -1.605 -1.49 -1.06 -0.6999999 -0.4450001 -0.37 -0.1600001 0 0.3250002 0.4450001 0.65 0.73 1.005 1.185 0.8850001 0.5699999 0.1949999 0.06999993 -0.2750001 -0.5950001 -0.99 -1.145 -1.575 -2 -2.355 -2.555 -2.98 -3.505 -3.675 -3.54
-9999 -9999 -9999 -9999 -7.425 -5.495 -7.205 -7.86 -8.82 -8.495 -7.645 -8.24 -5.915 -5.08 -4.605 -4.055 -3.305 -3.175 -2.705 -2.65 -2.815 -1.95 -1.85 -2.025 -1.755 -1.59 -1.41 -1.585 -1.73 -1.82 -1.83 -1.93 -1.855 -1.665 -1.63 -1.66 -1.79 -1.68 -1.365 -1.315 -1.275 -1.045 -0.62 -0.535 -0.325 0.0250001 0.13 0.34 0.6999999 0.8200001 0.9000001 0.8800001 0.9200001 0.6050001 0.2 0.07500005 -0.22 -0.4949999 -0.925 -1.05 -1.51 -1.935 -2.34 -2.52 -2.815 -3.155 -3.3 -3.295
-9999 -9999 -9999 -8.85 -8.315001 -7.655 -9.440001 -8.03 -9.115 -9.385 -8.264999 -7.5 -6.625 -3.895 -3.89 -3.74 -3.28 -2.775 -2.69 -2.925 -2.79 -1.975 -2.165 -1.915 -1.75 -1.59 -1.63 -1.69 -1.715 -1.795 -1.715 -1.71 -1.65 -1.7 -1.51 -1.385 -1.435 -1.485 -1.315 -1.335 -1.235 -1.135 -0.75 -0.635 -0.395 -0.04999995 0.1850001 0.2 0.4499999 0.34 0.4400001 0.4250001 0.2200001 0.2399999 0.04500008 0.005000114 -0.17 -0.475 -0.8200001 -1.045 -1.37 -1.87 -2.28 -2.44 -2.775 -2.93 -3.025 -2.97
-9999 -9999 -9999 -9.059999 -8.13 -7.585 -8.335 -8.52 -10.515 -8.34 -9.030001 -3.815 -3.76 -3.725 -3.55 -3.385 -3.145 -3.275 -3.18 -2.855 -2.655 -2.24 -2.22 -2.105 -2 -1.88 -2.045 -1.725 -1.86 -1.96 -1.84 -1.365 -1.375 -1.305 -1.205 -1.13 -1.295 -1.235 -1.28 -1.325 -1.34 -0.6600001 -0.4649999 -0.38 -0.21 -0.09500003 0.004999995 0.09000003 0.4350001 0.3199999 0.29 0.2950001 0.1799999 0.14 -0.004999995 -0.05500007 -0.24 -0.4999999 -0.5700001 -0.905 -1.19 -1.645 -1.885 -2.385 -2.63 -2.83 -2.73 -2.885
-9999 -9999 -9999 -9.01 -9.6 -5.325 -8.825 -9.415 -9.025 -9.805 -9.145 -8.355 -3.28 -3.375 -2.89 -2.84 -2.745 -3.18 -3.12 -3.04 -2.76 -2.205 -2.235 -2.5 -2.3 -2.3 -2.045 -2.075 -2.145 -1.9 -1.86 -1.41 -1.18 -1.195 -1.07 -0.9700001 -0.85 -1.125 -1.265 -1.355 -1.435 -0.45 -0.2700001 -0.2349999 -0.145 -0.06499994 -0.135 -0.25 0.11 0.3150001 0.145 0.1950001 0.15 0.04500008 0.04499996 -0.06999993 -0.2350001 -0.4449999 -0.54 -0.8 -0.99 -1.25 -1.48 -2.035 -2.4 -2.46 -2.475 -2.55
-9999 -9999 -9999 -5.03 -6.075 -5.465 -10.19 -7.45 -8.905 -8.52 -8.09 -8.415 -8.235001 -3.415 -3.375 -3.31 -2.95 -2.895 -2.965 -2.795 -2.62 -2.225 -2.09 -2.21 -2.36 -2.625 -2.815 -2.34 -2.14 -1.995 -1.855 -1.335 -1.255 -1.04 -0.9599999 -0.9399999 -0.7399999 -0.915 -1.06 -1.33 -1.405 -1.225 -0.15 -0.14 -0.1799999 -0.2049999 -0.23 -0.26 0.01999998 0.1700001 0.14 0.09500003 0.14 0.05499995 -0.02999997 -0.03999996 -0.23 -0.41 -0.5 -0.7750001 -0.975 -1.315 -1.35 -1.745 -2.055 -2.155 -2.22 -2.35
-9999 -9999 -9999 -2.205 -7.315 -8.235 -7.865 -8.97 -7.975 -8.785 -8.105 -8.505 -7.87 -7.8 -3.225 -3.52 -2.865 -2.805 -2.865 -2.57 -2.19 -1.83 -2.03 -2.21 -2.485 -2.84 -2.805 -2.35 -2.125 -2.025 -1.74 -1.38 -1.065 -1.04 -0.9250001 -0.9149998 -0.77 -0.9199998 -1.01 -1.08 -1.15 -0.9800001 -0.96 -0.03000009 -0.1 -0.21 -0.24 -0.1 0.115 -0.03999996 -0.14 -0.5 0.004999995 -0.004999995 -0.02999997 -0.0150001 -0.1899999 -0.3600001 -0.4449999 -0.6349999 -1.005 -1.38 -1.425 -1.365 -1.69 -1.82 -2.025 -2.19
-9999 -9999 -9999 -2.305 -6.32 -5.33 -6.26 -6.85 -5.045 -8.015 -9.495 -8.86 -9.235001 -8.47 -3.54 -3.515 -3.465 -2.875 -2.675 -2.49 -2.015 -0.9000001 -1.685 -2.27 -2.53 -2.605 -2.57 -2.545 -2.315 -2.065 -1.645 -1.09 -0.9150001 -0.8700001 -0.785 -0.83 -0.7399999 -0.775 -0.6999999 -0.7599999 -1.06 -0.9099998 -0.6149999 -0.77 -0.02499998 0.0250001 0.01499999 0.11 0.2750001 0.08000004 -0.135 -0.48 0.07000005 -0.03500009 -0.115 -0.11 -0.12 -0.295 -0.415 -0.5699999 -0.9200001 -1.125 -1.305 -1.285 -1.47 -1.58 -1.85 -1.955
