SnowAccumulation_R/test/weighted_temp_raster/final_tmean_01_04_2009.asc
ncols         97
nrows         69
xllcorner     52512.810182332
yllcorner     5316225.2758522
cellsize      10000
NODATA_value  -9999
[rows 31 to 61 of 69, columns 0 to 70 of 97]
-9999 -9999 -9999 -2.05 -6.54 -4.03 -9.059999 -8.41 -10.495 -6.1 -7.115 -8.84 -8.89 -8.25 -4.06 -3.795 -3.785 -3.71 -3.48 -2.84 -2.665 -2.325 -2.225 -2.13 -1.77 -1.63 -1.195 -0.9950001 -0.655 -0.7150002 -0.58 -0.4349999 -0.005000114 0.2199998 0.205 0.1950001 0.4449999 0.6149999 0.6449999 0.7 0.625 0.6900001 0.4400001 0.4200001 0.405 0.2749999 0.27 0.2550001 0.2550001 0.5549998 0.1499999 0.08500004 0.125 0 0.03500009 -0.01999998 0.1600001 0.1200001 -0.355 -0.7950001 -1.29 -1.55 -1.87 -2.27 -2.26 -2.265 -1.91 -1.815 -1.79 -1.835 -2.005
-9999 -9999 -9999 -6.305 -3.02 -6.535 -4.955 -9.475 -8.16 -9.18 -7.52 -6.025 -6.345 -4.815 -4.115 -4.28 -4.235 -3.705 -3.51 -2.85 -2.7 -2.545 -2.055 -1.935 -1.7 -1.425 -1.135 -1.005 -0.71 -0.5799999 -0.365 -0.4349999 -0.3100001 -0.03499997 0.04500008 0.1849999 0.62 0.7350001 0.78 0.8199999 0.755 0.71 0.7349999 0.52 0.52 0.47 0.2800002 0.26 0.2149999 0.3449998 0.2949998 0.2450001 0.2449999 0.175 0.115 -0.04999995 0.06999993 0.06500006 -0.2750001 -0.6849999 -1.17 -1.39 -1.805 -2.015 -1.645 -1.6 -1.5 -1.45 -1.44 -1.44 -1.51
-9999 -9999 -9999 -5.66 -3.285 -1.68 -5.955 -4.53 -8.04 -8.95 -9.594999 -6.97 -7.385 -6.95 -4.34 -4.35 -4.105 -4.115 -3.685 -3.425 -2.795 -2.785 -1.91 -1.745 -1.52 -1.255 -0.8499999 -0.9749999 -0.9350001 -0.5999999 -0.4849999 -0.46 -0.23 -0.245 0.01999998 0.215 0.5100001 0.79 0.9100001 0.9349999 0.855 0.8 0.675 0.5450001 0.52 0.46 0.27 0.24 0.2249999 0.2949998 0.3299999 0.3150001 0.1299999 0.2649999 0.2250001 0.1000001 0.09000015 0.09000015 -0.2549999 -0.5650001 -0.9849999 -1.16 -1.07 -1.41 -1.385 -1.27 -1.19 -1.18 -1.17 -1.125 -1.135
-9999 -9999 -9999 -8.6 -5.83 -2.865 -2.14 -8.115 -5.19 -8.21 -9.015 -9.695 -9.11 -8.015 -4.99 -4.85 -3.82 -4.2 -4.195 -3.485 -2.705 -2.5 -1.635 -1.725 -1.455 -1.3 -0.8699999 -0.865 -0.985 -0.74 -0.71 -0.2949998 -0.21 -0.01499999 0.3 0.59 0.9299999 0.905 0.9900001 1.375 1.095 0.9700001 0.8299999 0.595 0.5250001 0.47 0.415 0.2449999 0.2 0.3800001 0.4749999 0.3699999 0.23 0.4349999 0.3100002 0.22 0.155 0.1399999 -0.2649999 -0.4499998 -0.4000001 -0.595 -0.71 -0.905 -1.03 -0.865 -0.9550002 -1.055 -0.9550002 -0.9399998 -1.15
-9999 -9999 -9999 -8.075 -11.46 -4.185 -2.155 -4.29 -6.995 -3.21 -8.92 -10.115 -10.495 -8.94 -5.95 -7.775 -5.105 -4.625 -4.42 -4.13 -2.535 -2.195 -1.975 -1.765 -1.435 -1.4 -0.91 -0.855 -0.8549999 -0.6099999 -0.52 -0.3300002 -0.14 -0.05499983 0.23 0.8049999 1.7 0.9300001 0.9900001 1.1 0.995 0.86 0.8899999 0.5800002 0.5349998 0.4849999 0.4449999 0.3000002 0.405 0.6099999 0.4749999 0.395 0.345 0.405 0.4550002 0.355 0.2750001 0.1499999 -0.1099999 -0.02499986 -0.08000016 -0.2650001 -0.395 -0.54 -0.595 -0.55 -0.7550001 -0.845 -0.7550001 -0.7949998 -1.105
-9999 -9999 -10.94 -11.52 -8.934999 -10.42 -6.795 -2.57 -5.86 -7.985 -8.82 -8.440001 -10.235 -9.495 -6.27 -6.815 -5.865 -5.215 -4.85 -4.37 -2.225 -1.99 -1.845 -1.69 -1.09 -1.12 -0.8900001 -0.74 -0.525 -0.535 -0.35 -0.2699999 -0.0999999 -0.07999992 0 0.6950001 0.8199999 0.5149999 0.7150002 0.7850001 0.8050001 0.8299999 0.8599999 0.73 0.5500002 0.595 0.5350001 0.48 0.5 0.5250001 0.5349998 0.5449998 0.73 0.585 0.585 0.5049999 0.3599999 0.2800002 0.1199999 -0.01499987 0.03500009 -0.135 -0.1199999 -0.1949999 -0.375 -0.3399999 -0.53 -0.6949999 -0.5150001 -0.5349998 -0.6850002
-9999 -9999 -9.5 -8.04 -9.04 -10.145 -9.575 -3.05 -2.42 -7.9 -5.2 -6.85 -9.48 -9.625 -6.015 -6.25 -6.025 -5.5 -4.855 -4.46 -2.825 -2 -1.82 -1.515 -0.9450001 -1.065 -0.84 -0.825 -0.475 -0.42 -0.4099998 -0.1799999 -0.115 0.115 0.25 0.5300001 0.5049999 0.375 0.665 0.76 0.7750001 0.8050001 0.8399999 0.74 0.4949999 0.615 0.6700001 0.5050001 0.52 0.54 0.5549998 0.5749998 0.585 0.575 0.5699999 0.51 0.335 0.27 0.1200001 0.03500009 0.03499985 0.1500001 0.05500007 -0.03499985 -0.21 -0.2049999 -0.2250001 -0.3699999 -0.3049998 -0.51 -0.49
-9999 -9999 -8.915 -7.2 -7.935 -11.38 -9.075 -6.49 -1.64 -7.645 -7.79 -8.455 -7.735 -10.645 -10.61 -6.75 -6.59 -5.935 -4.79 -4.16 -2.79 -2.14 -1.88 -1.52 -1.17 -0.9250001 -0.71 -0.8000001 -0.6 -0.295 -0.1900001 -0.03500009 -0.01499987 0.2650001 0.3199999 0.4649999 0.635 0.6900001 0.76 0.8 0.9649999 0.8 0.8400002 0.77 0.7149999 0.835 0.905 0.905 0.79 0.8050001 0.8 0.6099999 0.625 0.5599999 0.4950001 0.52 0.4750001 0.29 0.1500001 0.0999999 0.09500003 0.03499985 0.1049998 0.1300001 0.01499987 -0.005000114 0.04999995 0.04500008 -0.1199999 -0.1849999 -0.2950001
-9999 -9999 -3.5 -6.75 -10.445 -8.985001 -8.625 -7.365 -1.88 -5.29 -8.65 -4.395 -7.07 -8.89 -9.115 -6.155 -6.025 -5.62 -5.05 -4.285 -3.005 -2.95 -2.085 -1.57 -1.245 -1.06 -0.76 -0.63 -0.52 -0.1750001 0.4050001 -0.03499985 0.165 0.4199998 0.47 0.6200001 0.6799998 0.995 1.035 1.055 0.99 0.9549999 1.175 0.95 1.03 1.02 1.055 1.235 1.205 1.22 1.225 1.225 0.675 0.665 0.5450001 0.5 0.54 0.385 0.2249999 0.1699998 0.1399999 0.06500006 0.165 0.1700001 0.06999993 0.06000018 0.1099999 0.08999991 -0.04999995 -0.07999992 -0.5699999
-9999 -9999 -0.3399999 -11.14 -11.83 -10.755 -11.465 -7.17 -6.765 -1.455 -9.465 -5.73 -8.35 -9.525 -10.3 -10.75 -8.445 -5.295 -4.92 -4.22 -3.445 -3.67 -1.625 -1.565 -1.47 -1.07 -1.07 -0.4649999 -0.3549999 -0.1299999 0.07999992 0.03999996 -0.03000021 0.4399998 0.7300001 0.635 0.845 0.9550002 1.175 1.015 1.07 1.145 1.125 1.185 1.355 1.275 1.375 1.345 1.36 1.31 1.305 1.3 0.7049999 0.72 0.675 0.6300001 0.6099999 0.4550002 0.2750001 0.2250001 0.1600001 0.115 0.1400001 0.07999992 -0.00999999 -0.0849998 -0.0849998 -0.07500005 -0.26 -0.405 -0.7150002
-9999 -9999 -0.0999999 -9.345 -9.825 -10.53 -8.41 -10.69 -9.285 -2.585 -9.205 -8.5 -7.475 -9.46 -9.655001 -9.93 -8.655 -8.485001 -4.605 -3.505 -3.035 -2.29 -1.62 -1.55 -1.48 -0.495 -0.2449999 -0.3099999 -0.1199999 0.145 0.01499987 0.01999998 0.175 0.4849999 0.5699999 0.6300001 0.865 0.9100001 1.075 1.095 1.035 1.105 1.21 1.465 1.44 1.485 1.47 1.49 1.455 1.51 1.48 1.35 0.77 0.7850001 0.71 0.7149999 0.6800001 0.4849999 0.3050001 0.25 0.155 0.145 0.09500003 0 -0.07500005 -0.115 -0.135 -0.2750001 -0.46 -0.675 -0.9349999
-9999 -9999 -0.5699999 -8.155 -10.28 -10.01 -10.785 -9.435 -8.825 -4.79 -8.205 -4.245 -5.645 -8.83 -8.805 -10.2 -8.085 -9.95 -3.78 -2.77 -2.5 -2.375 -1.32 -1.17 -0.9349999 -0.3850001 -0.1399999 -0.04999995 -0.04500008 0.2350001 0.2249999 0.2 0.5699999 0.7950001 0.6999999 0.7600001 1.065 1.075 1.165 1.07 0.9950001 1.34 1.455 1.525 1.515 1.63 1.665 1.68 1.685 1.505 1.45 1.41 0.7449999 0.6800001 0.6900001 0.6800001 0.72 0.5049999 0.365 0.29 0.2149999 0.08999991 0.05500007 -0.03499985 -0.0999999 -0.1849999 -0.2349999 -0.54 -0.575 -0.9100001 -1.02
-9999 -9999 -4.78 -8.93 -8.735001 -10.51 -9.295 -9.77 -5.605 -7.97 -4.84 -7.835 -9.475 -9.98 -8.514999 -9.445 -7.965 -8.885 -3.9 -2.655 -1.73 -2.145 -1.45 -1.075 -0.7650001 -0.3299999 -0.04999995 0.1800001 0.2199999 0.2650001 0.25 0.3300002 0.6 0.8599999 1 1.135 1.375 1.51 1.37 0.78 1.21 1.52 1.68 1.59 1.715 1.72 1.76 1.765 1.585 1.4 1.35 1.23 1.005 0.9000001 0.7549999 0.645 0.635 0.54 0.395 0.3299999 0.2049999 0.08000016 -0.0150001 -0.01499987 -0.175 -0.2149999 -0.4649999 -0.855 -1.035 -1.125 -1.315
-9999 -9999 -0.2450001 -7.675 -8.43 -10.835 -8.610001 -9.63 -3.9 -4.695 -0.655 -4.845 -7.23 -8.235 -9.75 -9.11 -7.955 -8.175 -3.665 -2.915 -2.24 -2.155 -1.8 -1.145 -1.24 -0.4400001 0.21 0.6249999 0.6249999 0.7099999 0.5899999 0.61 0.8249999 1.035 1.025 1.285 1.635 1.605 1.51 1.385 1.485 1.615 1.745 1.815 1.925 1.935 1.985 1.73 1.635 1.55 1.26 1.16 1.115 1.075 0.9449999 0.825 0.7600002 0.5899999 0.395 0.3099999 0.1500001 -0.02999997 -0.105 -0.1200001 -0.3200002 -0.4449999 -0.7800002 -1.135 -1.25 -1.42 -1.34
-9999 -9999 0.2650001 -7.35 -9.63 -9.95 -10.15 -9.344999 -8.92 -7.785 -0.5599999 -5.6 -7.71 -9.845 -10.34 -8.575 -7.655 -7.485 -3.61 -3.05 -2.42 -2.185 -1.26 -0.5450001 -0.4699999 -0.06000006 0.7050002 0.7599999 0.7900001 0.885 0.8850001 0.92 1.105 1.31 1.38 1.61 1.785 1.785 1.72 1.735 1.79 1.8 1.855 1.865 1.94 2.005 1.995 1.93 1.785 1.615 1.345 1.155 1.38 1.24 1.05 0.835 0.6900001 0.5800002 0.3599999 0.2549999 0.06500006 -0.0999999 -0.1900001 -0.3900001 -0.675 -0.7049999 -0.97 -1.225 -1.32 -1.39 -1.525
-9999 -9999 0.9250002 -9.205 -8.48 -7.605 -8.425 -9.445 -9.805 -4.7 -0.49 -5.885 -8.27 -9.64 -9.195 -9.045 -7.665 -8.055 -8.185 -2.54 -2.295 -1.77 -0.8299999 -0.4100001 0.725 0.725 1.09 0.915 0.6999999 1.02 1.295 1.21 1.335 1.625 1.725 1.83 1.84 1.885 1.975 1.95 1.915 1.875 1.875 1.88 1.975 1.85 2.135 1.97 1.77 1.68 1.62 0.9449999 1.605 1.19 1.01 0.8400002 0.655 0.4850001 0.3499999 0.28 -0.1099999 -0.6600001 -0.7149999 -0.6900001 -0.78 -0.865 -1.095 -1.27 -1.325 -1.325 -1.205
-9999 -9999 1.635 -8.665 -6.84 -7.26 -7.425 -9.755 -8.48 -2.675 0.24 -4.865 -8.515 -9.344999 -8.515 -8.690001 -7.345 -6.67 -2.94 -2.72 -2.55 -1.215 -0.8450001 -0.37 0.5599999 1.05 1.125 1.315 1.41 1.49 1.55 1.49 1.325 1.67 1.805 1.895 1.99 2.11 2.05 2.025 1.99 1.945 1.93 2.025 1.895 1.595 1.83 1.755 1.625 1.52 1.315 0.7749999 1.535 0.9850001 0.9349999 0.9099998 0.625 0.46 0.405 -0.28 -0.8499999 -0.8199999 -0.605 -0.825 -0.99 -1.05 -1.22 -1.18 -1.19 -1.17 -1.135
-9999 -4.42 1.775 -5.535 -7.855 -6.62 -8.77 -8.975 -5.995 -1.43 -0.1399999 -5.075 -9.055 -8.115 -7.32 -8.135 -6.815 -6.64 -7.44 -2.47 -1.95 -1.22 -0.895 -0.405 -0.175 0.7049999 1.07 1.43 1.65 1.645 1.61 1.745 1.71 1.835 1.94 2.04 2.23 2.245 2.18 2.16 2.17 2.105 2.075 2.04 1.975 1.67 1.66 1.54 1.405 1.355 0.9649999 0.51 1.045 0.6699998 0.7550001 0.78 -0.2450001 -0.825 -0.7050002 -0.9849999 -0.9750001 -0.895 -0.5249999 -0.7950001 -0.9250002 -0.98 -1.09 -1.06 -1.015 -1.075 -1.095
-9999 -0.8499999 1.655 -7.155 -6.645 -7.805 -4.87 -4.835 -3.67 -1.2 0.3999999 0.345 -8.57 -5.105 -5.065 -6.67 -6.67 -4.83 -6.285 -1.475 -1.445 -1.315 -0.825 -0.3900001 -0.1550001 0.4849999 1.065 1.28 1.61 1.715 1.75 1.875 1.775 1.845 1.985 2.17 2.33 2.255 2.245 2.235 2.24 2.26 2.11 2.055 1.975 1.565 1.45 1.32 1.135 0.8050001 0.49 0.2700002 -1.04 -0.5 -0.3399999 -0.995 -1.43 -1.465 -1.305 -1.14 -1.05 -0.9300001 -0.47 -0.8200002 -0.865 -0.9749999 -0.9849999 -1.11 -1.06 -1.1 -1.165
-9999 -7.9 -3.57 -6.125 -9.085 -7.93 -7.795 -7.35 -5.96 -3.045 -1.39 -0.1899998 -3.33 -4.335 -4.81 -6.5 -5.57 -4.31 -4.845 -1.315 -1.27 -1.22 -0.8200001 -0.55 0.1799999 0.4 0.845 0.9950001 0.9950001 1.735 1.715 1.81 1.795 1.86 2.05 2.105 2.18 2.265 2.25 2.26 2.26 2.205 2.025 1.93 1.945 1.505 1.355 1.09 0.7150002 0.1599998 0.1400001 0.09000015 -1.515 -1.305 -1.12 -1.525 -1.11 -1.13 -1.03 -0.9599999 -0.915 -0.47 -0.4449999 -0.8150001 -0.9649999 -1.07 -1.11 -1.14 -1.375 -1.195 -1.235
-9999 -6.015 2.3 -5.335 -8.51 -6.415 -6.265 -7.015 -7.39 -2.405 -2.835 -4.18 -0.05000019 -3.66 -5.55 -3.52 -6.155 -4.91 -6.82 -1.48 -1.24 -1.22 -0.915 -0.6900001 -0.06999993 -0.06999993 0.5350001 0.76 1.205 1.275 1.545 1.47 1.58 1.64 1.675 1.845 1.95 2.19 2.26 2.28 2.295 2.255 2.015 1.89 1.645 1.465 1.285 1.055 0.3799999 -0.6949999 -1.34 -1.445 -1.535 -0.9199998 -0.46 -0.6700001 -0.4649999 -0.3900001 -0.705 -0.5749999 -0.1700001 -0.2049999 -0.4950001 -0.9300001 -0.9649999 -1.16 -1.175 -1.31 -1.545 -1.35 -1.165
-9999 -6.715 1.295 -1.425 -7.26 -4.495 -6.04 -6.4 -5.59 -3.055 -6.115 -4.355 -2.485 0.55 -1.55 -3.555 -5.875 -5.46 -6.425 -3.08 -1.23 -1.54 -0.8900001 -0.6399999 -0.5100001 -0.5 0.23 0.1799999 0.5349998 0.595 1.02 1.325 1.37 1.405 1.55 1.715 1.945 2.235 2.3 2.375 2.365 2.33 2.12 1.955 1.59 1.515 1.37 1.165 -0.645 -0.4850001 -0.3800001 -0.3349998 -0.4749999 -0.1300001 0.1599998 0.1600001 0.1199999 0.08999991 0.04500008 -0.2050002 0.07500005 0.05999994 -0.395 -0.7850001 -0.77 -0.99 -1.245 -1.35 -1.345 -1.335 -1.185
-9999 -6.225 -6.785 1.8 -6.57 -3.135 -4.4 -6.06 -4.685 -3.36 -5.28 -3.585 -2.575 0.635 -1.575 -2.795 -4.31 -4.645 -4.875 -4.49 -1.04 -0.9250001 -0.8900001 -0.7500001 -0.5950001 -0.405 -0.3 -0.16 -0.08999991 0.09000003 0.765 0.7900001 0.6650001 1.03 1.285 1.465 1.69 1.925 2.085 2.07 2 2.22 1.69 2.06 1.73 1.73 1.66 1.175 0.3150001 0.115 0.3300002 0.4299998 0.3900001 0.4550002 0.595 0.6700001 0.5999999 0.52 0.4099998 0.0400002 0.2149999 0.24 -0.08500004 -0.2850001 -0.53 -0.7550001 -0.8999999 -1.185 -1.13 -1.08 -1.25
-9999 -5.875 -3.895 1.235 -1.39 -3.11 -3.605 -4.57 -3.615 -3.145 -5.365 -3.555 -2.265 -0.004999876 -0.3199999 -3.985 -4.605 -5.725 -4.815 -5.435 -4.115 -0.9250001 -0.8249999 -0.8549999 -0.7800001 -0.52 -0.5800002 -0.5 -0.3399999 -0.05500007 0.155 0.3100001 -0.4799999 -0.1800001 0.78 1.2 1.54 1.93 2.03 2.06 1.905 1.72 1.615 1.59 1.695 1.825 1.83 1.375 1.165 0.9849999 0.8599999 1.025 0.8499999 0.8900001 0.9400001 1.025 0.885 0.865 0.7750001 0.585 0.5250001 0.5050001 0.125 -0.05500007 -0.345 -0.5799999 -0.6900001 -0.8699999 -0.72 -0.74 -0.355
-9999 -5.335 -4.295 -1.825 2.365 -3.01 -1.205 -3.14 -4.105 -4.625 -4.33 -3.57 -3.165 -0.2750001 0.845 -3.91 -3.825 -5.12 -3.995 -2.035 -4.08 -4.505 -5.185 -1.395 -0.765 -0.745 -0.735 -0.5200001 -0.41 -0.2700001 -0.205 -0.08999991 -0.265 -0.145 -0.07000005 0.425 1.4 1.825 2.035 2.1 2.04 1.67 1.74 1.695 1.745 1.805 1.77 1.635 1.52 1.615 1.54 1.455 1.48 1.365 1.25 1.37 1.16 0.8399999 1.015 1.095 1.02 0.8 0.5350001 0.365 0.00999999 -0.21 -0.3199999 -0.5349998 -0.3100002 0.005000114 0.165
-9999 -0.65625 -0.4225001 0.8412501 3.91625 2.2575 -1.35 -2.715 -2.78 -3.175 -2.605 -4.22 -4.56 -1.09 1.175 -1.62 -4.24 -5.135 -3.775 -1.13 -4.15 -4.83 -4.84 -1.45 -0.855 -0.9299999 -1 -0.66 -0.465 -0.5749999 -0.615 -0.4350001 -0.4599999 0.365 0.7399999 0.8 1.255 1.58 1.89 2.14 2.085 2.06 1.9 1.785 1.745 1.81 1.785 1.91 2.065 2.025 2.055 1.885 1.84 1.8 1.58 1.52 1.6 1.485 1.405 1.26 1.12 1.02 0.8 0.71 0.4549999 0.2350001 0.1299999 0.3399999 0.395 0.3899999 0.365
-9999 0.03125 -0.7362499 -0.4124999 2.3125 4.79375 0.45375 1.475 -1.0525 0.715 0.9087501 0.48625 -1.9675 0.6212499 4.035 -1.1625 -2.9825 -1.77125 -1.73875 0.5 -0.3874999 -3.265 -3.41 -0.76875 -3.51 -2.085 -1.34 -0.9000001 -0.7950001 -0.745 -0.335 -0.1600001 -0.01499999 0.4250001 0.35 0.205 1.185 1.56 1.6 1.85 1.515 1.66 1.39 1.355 1.32 1.46 1.625 2.185 2.38 2.345 2.3 2.165 2.06 2.095 1.95 1.825 1.85 1.76 1.75 1.195 1.13 1.095 0.98 0.9400001 0.7750001 2.3675 2.3175 2.30375 2.0125 1.755 1.17125
-9999 2.17625 1.12 -1.84125 1.10875 4.75625 2.32125 0.3225 -1.24625 1.055 1.50125 0.18375 -1.02375 -0.14125 3.59375 2.575 -0.61375 -1.40375 -1.64125 -0.53625 0.3112501 -2.2 -2.80625 -1.8475 -2.56875 -3.83 0.4499999 0.7987499 0.8549999 0.53 0.6500001 0.7650001 1.145 1.39125 1.2225 1.285 1.76125 2.1675 2.33 2.545 1.1975 2.24875 2.66875 2.67375 2.655 2.8475 2.8475 2.9275 3.10125 3.13875 3.10875 3.02875 2.95125 2.7175 2.92625 2.81 2.48625 2.33 2.4775 2.015 1.8975 2.30125 2.42875 2.51625 2.64375 2.6375 2.37375 1.90125 2.1975 1.93375 1.22
-9999 1.82125 -0.3412499 -1.49125 1.5875 4.955 4.22125 2.20625 -0.56125 1.3375 1.61 -0.59875 -0.4074999 1.53 1.92875 3.1725 2.575 -2.7575 -3.19 -1.4625 0.55875 0.09249997 -2.37375 -1.74125 -2.19375 -1.3225 -0.365 0.12625 -0.2512499 0.3149999 0.4912499 0.86 1.07625 1.19625 1.35625 1.355 1.38375 2.2475 2.58625 2.4825 1.8225 2.12375 2.06875 2.04 1.9125 2.86875 2.955 3.05125 3.00875 3.1225 3.30625 3.0675 2.79125 2.86 2.8825 2.96 3.12125 3.075 2.7425 2.0875 1.79875 2.17125 2.29125 2.37375 2.36375 2.35125 2.3425 2.22 1.81 2.1475 1.35125
-9999 1.69 -1.28375 -1.6725 2.47625 4.17625 2.335 3.7125 2.18875 0.8000001 0.4875001 -0.9075 0.8187499 -0.125 -0.48875 1.79375 2.37875 -1.45375 -2.66 -1.86375 -0.20875 0.74625 0.345 -1.6775 0.1025001 -3.56 -0.6725 -0.6662499 -0.5862501 0.16625 0.455 0.795 1.17625 1.3075 1.4525 1.3275 1.42875 2.3225 2.4825 2.44875 2.55 2.4225 2.10625 2.13 2.2425 2.875 2.93625 3.19375 3.09625 3.185 3.47875 3.265 2.96625 2.99625 3.22375 3.1725 3.55875 3.65875 3.29875 2.9725 2.69125 2.2 2.1925 2.32375 2.4075 2.4575 2.2775 2.0375 1.87 2.23 1.63125
1.30625 1.59375 -1.2125 -0.2262499 2.68625 1.8625 0.004999995 1.58625 2.2725 -0.30375 0.8100001 0.42 -0.2075 -0.135 -0.8412501 1.02875 0.44125 0.665 -1.43125 -3.10125 -0.9062499 0.6775 1.075 0.1375 -3.48625 -1.96125 -2.41375 -3 -0.8587499 0.3824999 0.605 1.095 1.3225 1.37875 1.48875 1.59375 2.15 2.43875 2.40375 2.4425 2.63625 2.675 2.445 2.57875 2.93625 3.0875 3.1075 3.115 3.22375 3.28875 3.53625 3.71625 3.43625 3.30375 3.4275 3.925 3.98625 4.14 3.82625 3.27625 3.24625 2.86 2.60125 2.30875 2.375 2.39125 2.58875 2.19875 2.12 2.43875 2.59
